0.00 0.00 0.00 0.00 0.00 0.00 0.00 0.00 0.46 1.44 2.48 3.50 4.25 4.51 4.55 4.35 3.85 3.02 1.99 0.97 0.07 0.00 0.00 0.00
0.00 0.00 0.00 0.00 0.00 0.00 0.00 0.00 10.32 24.78 37.07 51.15 62.63 71.98 72.33 67.85 58.70 44.99 27.77 7.34 0.00 0.00 0.00 0.00
0.00 0.00 0.00 0.00 0.00 0.00 0.00 0.00 10.50 32.88 56.74 80.06 97.19 103.13 104.04 99.57 88.07 69.00 45.51 22.28 1.57 0.00 0.00 0.00
0.00 0.00 0.00 0.00 0.00 0.00 0.00 0.00 37.31 116.86 201.65 284.53 345.40 366.52 369.76 353.85 312.99 245.24 161.74 79.17 5.59 0.00 0.00 0.00
0.00 0.00 0.00 0.00 0.00 0.00 0.00 0.00 1.23 2.59 5.27 7.11 8.26 9.05 8.95 8.41 9.75 7.27 4.29 0.91 0.00 0.00 0.00 0.00
0.00 0.00 0.00 0.00 0.00 0.00 0.00 0.00 72.32 253.19 464.16 657.32 797.20 844.21 861.15 814.77 717.99 567.12 387.11 187.08 20.93 0.00 0.00 0.00
0.00 0.00 0.00 0.00 0.00 0.00 0.00 0.00 1.40 3.16 4.99 6.87 7.99 8.65 8.57 8.05 6.55 4.85 2.99 0.91 0.00 0.00 0.00 0.00
0.00 0.00 0.00 0.00 0.00 0.00 0.00 0.00 0.56 1.32 2.13 2.96 3.54 3.84 3.95 3.72 3.41 2.66 1.65 0.47 0.00 0.00 0.00 0.00
0.00 0.00 0.00 0.00 0.00 0.00 0.00 0.00 0.89 2.11 3.40 4.74 5.67 6.14 6.31 5.96 5.46 4.25 2.64 0.76 0.00 0.00 0.00 0.00
0.00 0.00 0.00 0.00 0.00 0.00 0.00 0.00 0.89 2.11 3.40 4.74 5.67 6.14 6.31 5.96 5.46 4.25 2.64 0.76 0.00 0.00 0.00 0.00
0.00 0.00 0.00 0.00 0.00 0.00 0.00 0.00 2.20 5.48 9.48 13.28 16.20 17.18 17.30 16.63 14.32 10.96 7.01 2.26 0.00 0.00 0.00 0.00
0.00 0.00 0.00 0.00 0.00 0.00 0.00 0.00 1.05 2.61 4.53 6.23 7.54 7.86 7.93 7.67 6.75 5.20 3.23 1.00 0.00 0.00 0.00 0.00
0.00 0.00 0.00 0.00 0.00 0.00 0.00 0.00 1.35 3.35 5.82 8.01 9.70 10.10 10.19 9.86 8.68 6.68 4.16 1.29 0.00 0.00 0.00 0.00
0.00 0.00 0.00 0.00 0.00 0.00 0.00 0.00 0.90 2.24 3.88 5.34 6.47 6.73 6.79 6.57 5.79 4.45 2.77 0.86 0.00 0.00 0.00 0.00
0.00 0.00 0.00 0.00 0.00 0.00 0.00 0.00 0.90 2.24 3.88 5.34 6.47 6.73 6.79 6.57 5.79 4.45 2.77 0.86 0.00 0.00 0.00 0.00
0.00 0.00 0.00 0.00 0.00 0.00 0.00 0.00 10.34 28.20 51.35 72.75 90.19 101.90 105.83 101.44 84.94 65.61 40.84 12.80 0.00 0.00 0.00 0.00
0.00 0.00 0.00 0.00 0.00 0.00 0.00 0.00 7.00 17.06 28.72 40.75 49.67 50.73 50.03 47.52 40.60 31.04 19.86 6.85 0.00 0.00 0.00 0.00
0.00 0.00 0.00 0.00 0.00 0.00 0.00 0.00 6.13 15.19 25.67 34.89 42.36 44.86 45.06 43.13 36.11 27.70 17.64 5.91 0.00 0.00 0.00 0.00
0.00 0.00 0.00 0.00 0.00 0.00 0.00 0.00 21.33 74.68 136.91 193.89 235.14 249.01 254.01 240.33 211.78 167.28 114.18 55.18 6.17 0.00 0.00 0.00
0.00 0.00 0.00 0.00 0.00 0.00 0.00 0.00 20.29 71.04 130.23 184.43 223.67 236.87 241.62 228.60 201.45 159.12 108.61 52.49 5.87 0.00 0.00 0.00
0.00 0.00 0.00 0.00 0.00 0.00 0.00 0.00 39.02 136.61 250.44 354.67 430.14 455.51 464.65 439.62 387.40 306.00 208.87 100.94 11.29 0.00 0.00 0.00
0.00 0.00 0.00 0.00 0.00 0.00 0.00 0.00 38.37 134.33 246.27 348.76 422.97 447.92 456.91 432.29 380.95 300.90 205.39 99.26 11.11 0.00 0.00 0.00
0.00 0.00 0.00 0.00 0.00 0.00 0.00 0.00 50.85 161.19 277.43 384.51 458.67 482.54 485.57 460.06 410.51 320.75 214.20 107.56 9.97 0.00 0.00 0.00
0.00 0.00 0.00 0.00 0.00 0.00 0.00 0.00 0.56 1.32 2.13 2.96 3.54 3.84 3.95 3.72 3.41 2.66 1.65 0.47 0.00 0.00 0.00 0.00
0.00 0.00 0.00 0.00 0.00 0.00 0.00 0.00 2.83 6.70 10.77 15.01 17.95 19.44 20.00 18.86 17.29 13.47 8.35 2.40 0.00 0.00 0.00 0.00
0.00 0.00 0.00 0.00 0.00 0.00 0.00 0.00 14.44 34.19 54.97 76.61 91.64 99.26 102.09 96.28 88.29 68.75 42.61 12.25 0.00 0.00 0.00 0.00
0.00 0.00 0.00 0.00 0.00 0.00 0.00 0.00 1.46 5.10 9.35 13.24 16.06 17.01 17.35 16.41 14.46 11.42 7.80 3.77 0.42 0.00 0.00 0.00
0.00 0.00 0.00 0.00 0.00 0.00 0.00 0.00 36.73 115.04 198.50 280.10 340.01 360.80 364.00 348.34 308.11 241.42 159.22 77.94 5.50 0.00 0.00 0.00
0.00 0.00 0.00 0.00 0.00 0.00 0.00 0.00 2.81 8.06 14.10 20.22 25.73 29.35 30.11 28.65 24.06 18.79 12.63 4.72 0.00 0.00 0.00 0.00
0.00 0.00 0.00 0.00 0.00 0.00 0.00 0.00 23.14 62.07 105.25 147.37 172.54 175.13 174.59 164.39 144.01 110.79 71.61 33.16 0.00 0.00 0.00 0.00
0.00 0.00 0.00 0.00 0.00 0.00 0.00 0.00 0.61 1.92 3.31 4.67 5.67 6.01 6.07 5.81 5.14 4.02 2.65 1.30 0.09 0.00 0.00 0.00
0.00 0.00 0.00 0.00 0.00 0.00 0.00 0.00 27.54 86.28 148.88 210.07 255.01 270.60 273.00 261.25 231.09 181.06 119.42 58.45 4.13 0.00 0.00 0.00
0.00 0.00 0.00 0.00 0.00 0.00 0.00 0.00 35.35 110.72 191.06 269.59 327.26 347.27 350.35 335.27 296.56 232.36 153.25 75.01 5.29 0.00 0.00 0.00
0.00 0.00 0.00 0.00 0.00 0.00 0.00 0.00 67.05 212.57 365.86 507.07 604.87 636.35 640.34 606.70 541.36 422.99 282.48 141.85 13.15 0.00 0.00 0.00
0.00 0.00 0.00 0.00 0.00 0.00 0.00 0.00 1.57 3.99 6.93 9.68 11.67 12.71 13.06 12.44 10.71 8.24 5.24 1.60 0.00 0.00 0.00 0.00
0.00 0.00 0.00 0.00 0.00 0.00 0.00 0.00 1.99 5.02 8.70 12.18 14.71 15.81 16.08 15.44 13.39 10.24 6.53 2.00 0.00 0.00 0.00 0.00
0.00 0.00 0.00 0.00 0.00 0.00 0.00 0.00 11.59 33.23 58.17 83.42 106.13 121.06 124.19 118.20 99.25 77.52 52.09 19.45 0.00 0.00 0.00 0.00
0.00 0.00 0.00 0.00 0.00 0.00 0.00 0.00 45.56 158.25 260.24 357.26 442.79 497.28 503.13 478.09 425.71 342.99 236.72 108.01 18.79 0.00 0.00 0.00
0.00 0.00 0.00 0.00 0.00 0.00 0.00 0.00 0.57 1.37 2.30 3.23 3.92 3.88 3.84 3.56 3.14 2.43 1.54 0.52 0.00 0.00 0.00 0.00
0.00 0.00 0.00 0.00 0.00 0.00 0.00 0.00 10.01 29.38 50.96 70.43 85.33 88.92 90.04 84.36 75.41 59.37 38.65 18.73 0.76 0.00 0.00 0.00
0.00 0.00 0.00 0.00 0.00 0.00 0.00 0.00 2.23 9.32 17.11 24.61 30.18 31.99 31.63 29.97 26.64 21.47 14.72 7.07 1.13 0.00 0.00 0.00
0.00 0.00 0.00 0.00 0.00 0.00 0.00 0.00 1.67 3.70 5.73 7.88 9.27 9.87 9.82 9.11 7.38 5.45 3.32 1.07 0.00 0.00 0.00 0.00
0.00 0.00 0.00 0.00 0.00 0.00 0.00 0.00 0.83 1.85 2.87 3.94 4.64 4.94 4.91 4.55 3.69 2.72 1.66 0.53 0.00 0.00 0.00 0.00
0.00 0.00 0.00 0.00 0.00 0.00 0.00 0.00 1.83 4.04 6.27 8.62 10.14 10.80 10.74 9.96 8.07 5.96 3.63 1.17 0.00 0.00 0.00 0.00
0.00 0.00 0.00 0.00 0.00 0.00 0.00 0.00 2.11 4.71 7.44 10.33 12.28 13.20 13.05 12.15 9.65 7.05 4.34 1.37 0.00 0.00 0.00 0.00
0.00 0.00 0.00 0.00 0.00 0.00 0.00 0.00 3.22 7.17 11.34 15.75 18.71 20.12 19.88 18.51 14.71 10.74 6.61 2.09 0.00 0.00 0.00 0.00
0.00 0.00 0.00 0.00 0.00 0.00 0.00 0.00 2.83 6.41 10.08 13.85 16.32 17.59 17.52 16.24 13.29 9.93 6.14 1.90 0.00 0.00 0.00 0.00
0.00 0.00 0.00 0.00 0.00 0.00 0.00 0.00 2.00 5.02 8.34 11.43 13.80 14.55 14.23 13.28 11.48 8.82 5.56 2.37 0.00 0.00 0.00 0.00
0.00 0.00 0.00 0.00 0.00 0.00 0.00 0.00 5.17 12.98 21.55 29.52 35.65 37.60 36.75 34.31 29.65 22.79 14.37 6.13 0.00 0.00 0.00 0.00
0.00 0.00 0.00 0.00 0.00 0.00 0.00 0.00 1.30 3.34 5.62 7.87 9.47 9.79 9.64 9.06 7.75 5.86 3.71 1.67 0.00 0.00 0.00 0.00
0.00 0.00 0.00 0.00 0.00 0.00 0.00 0.00 2.61 6.01 10.28 14.12 17.07 17.00 16.84 15.69 13.64 10.55 6.59 2.05 0.00 0.00 0.00 0.00
0.00 0.00 0.00 0.00 0.00 0.00 0.00 0.00 4.99 11.45 18.48 25.21 29.96 31.58 31.49 29.70 25.12 19.05 11.54 3.49 0.00 0.00 0.00 0.00
0.00 0.00 0.00 0.00 0.00 0.00 0.00 0.00 0.39 0.82 1.44 1.95 2.28 2.78 2.74 2.62 3.07 2.28 1.37 0.32 0.00 0.00 0.00 0.00
0.00 0.00 0.00 0.00 0.00 0.00 0.00 0.00 2.30 5.11 6.19 8.37 10.04 15.60 15.52 14.61 17.51 13.19 8.10 1.94 0.00 0.00 0.00 0.00
0.00 0.00 0.00 0.00 0.00 0.00 0.00 0.00 1.55 3.35 4.36 5.90 6.90 9.04 9.14 8.70 11.73 8.78 5.29 1.28 0.00 0.00 0.00 0.00
0.00 0.00 0.00 0.00 0.00 0.00 0.00 0.00 2.14 4.62 6.02 8.14 9.52 12.47 12.61 12.00 16.18 12.11 7.30 1.77 0.00 0.00 0.00 0.00
0.00 0.00 0.00 0.00 0.00 0.00 0.00 0.00 1.46 3.15 4.10 5.55 6.48 8.50 8.59 8.18 11.02 8.25 4.97 1.21 0.00 0.00 0.00 0.00
0.00 0.00 0.00 0.00 0.00 0.00 0.00 0.00 1.23 2.73 3.30 4.47 5.36 8.32 8.28 7.79 9.34 7.04 4.32 1.04 0.00 0.00 0.00 0.00
0.00 0.00 0.00 0.00 0.00 0.00 0.00 0.00 1.20 2.56 4.18 5.65 6.52 7.79 7.65 7.16 8.73 6.53 3.89 0.86 0.00 0.00 0.00 0.00
0.00 0.00 0.00 0.00 0.00 0.00 0.00 0.00 1.60 3.79 6.09 8.49 10.16 11.00 11.31 10.67 9.78 7.62 4.72 1.36 0.00 0.00 0.00 0.00
0.00 0.00 0.00 0.00 0.00 0.00 0.00 0.00 13.45 36.71 66.84 94.69 117.39 132.63 137.74 132.03 110.56 85.40 53.16 16.66 0.00 0.00 0.00 0.00
0.00 0.00 0.00 0.00 0.00 0.00 0.00 0.00 2.49 6.21 10.74 15.05 18.36 19.47 19.61 18.85 16.23 12.43 7.95 2.56 0.00 0.00 0.00 0.00
0.00 0.00 0.00 0.00 0.00 0.00 0.00 0.00 3.99 9.49 14.79 20.41 24.89 23.05 22.87 21.65 19.80 15.37 9.80 3.24 0.00 0.00 0.00 0.00
0.00 0.00 0.00 0.00 0.00 0.00 0.00 0.00 1.83 4.35 6.78 9.36 11.41 10.57 10.48 9.92 9.07 7.05 4.49 1.49 0.00 0.00 0.00 0.00
0.00 0.00 0.00 0.00 0.00 0.00 0.00 0.00 3.08 7.65 13.24 18.72 22.87 24.29 24.36 23.31 19.78 15.14 9.79 3.22 0.00 0.00 0.00 0.00
0.00 0.00 0.00 0.00 0.00 0.00 0.00 0.00 1.39 3.33 5.58 7.85 9.52 9.43 9.33 8.65 7.63 5.90 3.74 1.26 0.00 0.00 0.00 0.00
0.00 0.00 0.00 0.00 0.00 0.00 0.00 0.00 12.00 34.41 60.22 86.37 109.88 125.34 128.58 122.37 102.75 80.26 53.93 20.14 0.00 0.00 0.00 0.00
0.00 0.00 0.00 0.00 0.00 0.00 0.00 0.00 5.53 14.84 25.17 35.24 41.26 41.88 41.75 39.31 34.44 26.49 17.13 7.93 0.00 0.00 0.00 0.00
0.00 0.00 0.00 0.00 0.00 0.00 0.00 0.00 1.20 3.24 5.59 7.88 9.36 9.32 9.50 8.90 7.82 6.07 3.95 1.81 0.00 0.00 0.00 0.00
0.00 0.00 0.00 0.00 0.00 0.00 0.00 0.00 1.47 4.01 6.82 9.53 11.56 12.12 12.19 11.46 9.86 7.57 4.90 2.19 0.00 0.00 0.00 0.00
0.00 0.00 0.00 0.00 0.00 0.00 0.00 0.00 2.36 6.41 10.92 15.25 18.50 19.39 19.50 18.34 15.78 12.11 7.83 3.51 0.00 0.00 0.00 0.00
0.00 0.00 0.00 0.00 0.00 0.00 0.00 0.00 39.67 138.89 254.62 360.58 437.31 463.10 472.39 446.95 393.86 311.10 212.35 102.63 11.48 0.00 0.00 0.00
