0.00 0.00 0.00 0.00 0.00 0.00 0.00 0.00 0.00 0.69 1.69 2.45 3.12 3.51 3.58 3.25 2.55 1.76 0.84 0.00 0.00 0.00 0.00 0.00
0.00 0.00 0.00 0.00 0.00 0.00 0.00 0.00 2.68 14.99 28.72 40.41 48.94 52.08 50.50 45.32 36.93 24.70 10.22 0.00 0.00 0.00 0.00 0.00
0.00 0.00 0.00 0.00 0.00 0.00 0.00 0.00 0.00 15.81 38.68 55.97 71.36 80.33 81.76 74.21 58.23 40.17 19.16 0.00 0.00 0.00 0.00 0.00
0.00 0.00 0.00 0.00 0.00 0.00 0.00 0.00 0.00 56.17 137.47 198.90 253.62 285.48 290.56 263.74 206.94 142.76 68.10 0.00 0.00 0.00 0.00 0.00
0.00 0.00 0.00 0.00 0.00 0.00 0.00 0.00 0.89 3.52 6.50 8.96 10.33 10.67 10.34 9.22 7.04 4.50 1.47 0.00 0.00 0.00 0.00 0.00
0.00 0.00 0.00 0.00 0.00 0.00 0.00 0.00 0.00 126.11 315.44 458.88 597.62 679.32 695.13 638.49 495.63 331.42 166.82 0.00 0.00 0.00 0.00 0.00
0.00 0.00 0.00 0.00 0.00 0.00 0.00 0.00 0.15 1.59 3.26 4.83 5.80 6.16 6.09 5.38 4.09 2.66 0.93 0.00 0.00 0.00 0.00 0.00
0.00 0.00 0.00 0.00 0.00 0.00 0.00 0.00 0.18 1.07 2.08 2.96 3.52 3.82 3.79 3.37 2.60 1.74 0.70 0.00 0.00 0.00 0.00 0.00
0.00 0.00 0.00 0.00 0.00 0.00 0.00 0.00 0.28 1.70 3.32 4.73 5.63 6.11 6.06 5.39 4.17 2.78 1.12 0.00 0.00 0.00 0.00 0.00
0.00 0.00 0.00 0.00 0.00 0.00 0.00 0.00 0.28 1.70 3.32 4.73 5.63 6.11 6.06 5.39 4.17 2.78 1.12 0.00 0.00 0.00 0.00 0.00
0.00 0.00 0.00 0.00 0.00 0.00 0.00 0.00 0.32 3.36 6.90 9.99 12.59 14.28 14.42 13.14 10.31 6.96 2.92 0.00 0.00 0.00 0.00 0.00
0.00 0.00 0.00 0.00 0.00 0.00 0.00 0.00 0.16 1.61 3.30 4.81 6.11 6.78 6.81 6.21 4.84 3.26 1.36 0.00 0.00 0.00 0.00 0.00
0.00 0.00 0.00 0.00 0.00 0.00 0.00 0.00 0.21 2.08 4.24 6.18 7.85 8.72 8.75 7.98 6.22 4.19 1.75 0.00 0.00 0.00 0.00 0.00
0.00 0.00 0.00 0.00 0.00 0.00 0.00 0.00 0.14 1.38 2.82 4.12 5.24 5.81 5.84 5.32 4.15 2.79 1.17 0.00 0.00 0.00 0.00 0.00
0.00 0.00 0.00 0.00 0.00 0.00 0.00 0.00 0.14 1.38 2.82 4.12 5.24 5.81 5.84 5.32 4.15 2.79 1.17 0.00 0.00 0.00 0.00 0.00
0.00 0.00 0.00 0.00 0.00 0.00 0.00 0.00 1.70 15.25 29.56 44.63 56.56 64.95 67.24 61.27 50.88 32.94 15.34 0.00 0.00 0.00 0.00 0.00
0.00 0.00 0.00 0.00 0.00 0.00 0.00 0.00 1.08 10.36 21.21 30.07 38.34 43.27 44.29 40.12 30.65 20.57 8.41 0.00 0.00 0.00 0.00 0.00
0.00 0.00 0.00 0.00 0.00 0.00 0.00 0.00 0.61 8.62 17.94 25.46 32.56 35.79 35.19 31.81 24.99 16.86 6.94 0.00 0.00 0.00 0.00 0.00
0.00 0.00 0.00 0.00 0.00 0.00 0.00 0.00 0.00 37.20 93.04 135.35 176.28 200.37 205.04 188.33 146.19 97.76 49.21 0.00 0.00 0.00 0.00 0.00
0.00 0.00 0.00 0.00 0.00 0.00 0.00 0.00 0.00 35.38 88.51 128.75 167.68 190.60 195.04 179.14 139.06 92.99 46.81 0.00 0.00 0.00 0.00 0.00
0.00 0.00 0.00 0.00 0.00 0.00 0.00 0.00 0.00 68.05 170.20 247.60 322.46 366.54 375.07 344.51 267.43 178.83 90.01 0.00 0.00 0.00 0.00 0.00
0.00 0.00 0.00 0.00 0.00 0.00 0.00 0.00 0.00 66.91 167.37 243.47 317.08 360.43 368.82 338.77 262.97 175.85 88.51 0.00 0.00 0.00 0.00 0.00
0.00 0.00 0.00 0.00 0.00 0.00 0.00 0.00 0.00 70.29 176.55 252.63 327.29 372.81 377.67 342.68 271.51 187.33 89.08 0.00 0.00 0.00 0.00 0.00
0.00 0.00 0.00 0.00 0.00 0.00 0.00 0.00 0.18 1.07 2.08 2.96 3.52 3.82 3.79 3.37 2.60 1.74 0.70 0.00 0.00 0.00 0.00 0.00
0.00 0.00 0.00 0.00 0.00 0.00 0.00 0.00 0.89 5.40 10.53 14.99 17.84 19.34 19.20 17.08 13.19 8.80 3.55 0.00 0.00 0.00 0.00 0.00
0.00 0.00 0.00 0.00 0.00 0.00 0.00 0.00 4.54 27.55 53.75 76.54 91.09 98.74 98.04 87.20 67.33 44.94 18.13 0.00 0.00 0.00 0.00 0.00
0.00 0.00 0.00 0.00 0.00 0.00 0.00 0.00 0.00 2.54 6.35 9.24 12.04 13.68 14.00 12.86 9.98 6.68 3.36 0.00 0.00 0.00 0.00 0.00
0.00 0.00 0.00 0.00 0.00 0.00 0.00 0.00 0.00 55.30 135.33 195.80 249.67 281.03 286.03 259.63 203.72 140.53 67.04 0.00 0.00 0.00 0.00 0.00
0.00 0.00 0.00 0.00 0.00 0.00 0.00 0.00 0.00 4.72 10.35 14.99 19.28 22.30 22.57 21.05 16.77 11.76 5.49 0.00 0.00 0.00 0.00 0.00
0.00 0.00 0.00 0.00 0.00 0.00 0.00 0.00 0.00 28.86 67.37 96.29 120.59 135.67 134.07 118.81 91.71 62.78 26.85 0.00 0.00 0.00 0.00 0.00
0.00 0.00 0.00 0.00 0.00 0.00 0.00 0.00 0.00 0.92 2.26 3.26 4.16 4.68 4.77 4.33 3.40 2.34 1.12 0.00 0.00 0.00 0.00 0.00
0.00 0.00 0.00 0.00 0.00 0.00 0.00 0.00 0.00 41.47 101.50 146.85 187.25 210.77 214.53 194.72 152.79 105.40 50.28 0.00 0.00 0.00 0.00 0.00
0.00 0.00 0.00 0.00 0.00 0.00 0.00 0.00 0.00 53.22 130.26 188.46 240.30 270.49 275.31 249.89 196.08 135.26 64.52 0.00 0.00 0.00 0.00 0.00
0.00 0.00 0.00 0.00 0.00 0.00 0.00 0.00 0.00 92.69 232.83 333.15 431.61 491.64 498.05 451.91 358.05 247.05 117.47 0.00 0.00 0.00 0.00 0.00
0.00 0.00 0.00 0.00 0.00 0.00 0.00 0.00 0.23 2.54 5.22 7.73 9.77 10.78 10.92 9.90 7.76 5.23 2.26 0.00 0.00 0.00 0.00 0.00
0.00 0.00 0.00 0.00 0.00 0.00 0.00 0.00 0.29 3.15 6.45 9.58 12.19 13.44 13.57 12.35 9.67 6.52 2.80 0.00 0.00 0.00 0.00 0.00
0.00 0.00 0.00 0.00 0.00 0.00 0.00 0.00 0.00 19.49 42.68 61.82 79.55 91.97 93.09 86.83 69.19 48.51 22.65 0.00 0.00 0.00 0.00 0.00
0.00 0.00 0.00 0.00 0.00 0.00 0.00 0.00 0.00 55.95 162.72 237.36 312.68 354.37 365.94 332.05 259.19 182.79 87.89 0.00 0.00 0.00 0.00 0.00
0.00 0.00 0.00 0.00 0.00 0.00 0.00 0.00 0.10 0.84 1.69 2.41 2.98 3.32 3.38 3.06 2.38 1.59 0.63 0.00 0.00 0.00 0.00 0.00
0.00 0.00 0.00 0.00 0.00 0.00 0.00 0.00 0.00 13.63 32.94 47.44 60.57 69.00 70.12 62.73 49.21 33.87 15.53 0.00 0.00 0.00 0.00 0.00
0.00 0.00 0.00 0.00 0.00 0.00 0.00 0.00 0.00 4.61 11.86 17.38 22.25 25.04 26.04 23.85 18.71 12.56 6.65 0.00 0.00 0.00 0.00 0.00
0.00 0.00 0.00 0.00 0.00 0.00 0.00 0.00 0.22 1.93 3.93 5.56 6.72 7.20 7.06 6.34 4.78 3.08 1.03 0.00 0.00 0.00 0.00 0.00
0.00 0.00 0.00 0.00 0.00 0.00 0.00 0.00 0.11 0.97 1.97 2.78 3.36 3.60 3.53 3.17 2.39 1.54 0.51 0.00 0.00 0.00 0.00 0.00
0.00 0.00 0.00 0.00 0.00 0.00 0.00 0.00 0.24 2.12 4.30 6.08 7.35 7.88 7.72 6.93 5.23 3.37 1.13 0.00 0.00 0.00 0.00 0.00
0.00 0.00 0.00 0.00 0.00 0.00 0.00 0.00 0.30 2.52 5.09 7.18 8.74 9.27 9.23 8.29 6.26 4.04 1.38 0.00 0.00 0.00 0.00 0.00
0.00 0.00 0.00 0.00 0.00 0.00 0.00 0.00 0.46 3.85 7.76 10.95 13.32 14.12 14.07 12.63 9.54 6.16 2.10 0.00 0.00 0.00 0.00 0.00
0.00 0.00 0.00 0.00 0.00 0.00 0.00 0.00 0.31 3.21 6.63 9.65 11.76 12.54 12.41 10.86 8.23 5.36 1.89 0.00 0.00 0.00 0.00 0.00
0.00 0.00 0.00 0.00 0.00 0.00 0.00 0.00 0.00 2.45 5.56 7.88 9.78 10.69 10.59 9.31 7.06 4.74 1.88 0.00 0.00 0.00 0.00 0.00
0.00 0.00 0.00 0.00 0.00 0.00 0.00 0.00 0.00 6.33 14.35 20.35 25.26 27.62 27.36 24.04 18.25 12.25 4.87 0.00 0.00 0.00 0.00 0.00
0.00 0.00 0.00 0.00 0.00 0.00 0.00 0.00 0.00 1.62 3.69 5.24 6.53 7.23 7.19 6.34 4.89 3.32 1.38 0.00 0.00 0.00 0.00 0.00
0.00 0.00 0.00 0.00 0.00 0.00 0.00 0.00 0.55 3.80 7.53 10.74 13.47 14.40 14.45 12.98 10.13 6.67 2.53 0.00 0.00 0.00 0.00 0.00
0.00 0.00 0.00 0.00 0.00 0.00 0.00 0.00 0.74 6.14 12.35 17.53 21.25 22.87 23.36 21.49 16.37 10.75 3.96 0.00 0.00 0.00 0.00 0.00
0.00 0.00 0.00 0.00 0.00 0.00 0.00 0.00 0.24 1.01 1.87 2.55 3.00 3.20 3.17 2.79 2.17 1.39 0.45 0.00 0.00 0.00 0.00 0.00
0.00 0.00 0.00 0.00 0.00 0.00 0.00 0.00 1.24 5.89 11.13 15.50 18.03 18.77 18.40 16.20 12.40 8.08 2.92 0.00 0.00 0.00 0.00 0.00
0.00 0.00 0.00 0.00 0.00 0.00 0.00 0.00 0.90 3.95 7.37 10.37 11.95 12.82 12.35 10.86 8.22 5.30 1.83 0.00 0.00 0.00 0.00 0.00
0.00 0.00 0.00 0.00 0.00 0.00 0.00 0.00 1.24 5.44 10.18 14.31 16.49 17.69 17.04 14.99 11.35 7.32 2.52 0.00 0.00 0.00 0.00 0.00
0.00 0.00 0.00 0.00 0.00 0.00 0.00 0.00 0.85 3.71 6.93 9.75 11.23 12.05 11.61 10.21 7.73 4.98 1.72 0.00 0.00 0.00 0.00 0.00
0.00 0.00 0.00 0.00 0.00 0.00 0.00 0.00 0.66 3.14 5.93 8.27 9.62 10.01 9.81 8.64 6.61 4.31 1.56 0.00 0.00 0.00 0.00 0.00
0.00 0.00 0.00 0.00 0.00 0.00 0.00 0.00 0.77 3.10 5.78 7.86 9.17 9.50 9.33 8.34 6.19 3.97 1.32 0.00 0.00 0.00 0.00 0.00
0.00 0.00 0.00 0.00 0.00 0.00 0.00 0.00 0.50 3.05 5.96 8.48 10.10 10.94 10.87 9.66 7.46 4.98 2.01 0.00 0.00 0.00 0.00 0.00
0.00 0.00 0.00 0.00 0.00 0.00 0.00 0.00 2.22 19.85 38.48 58.10 73.62 84.54 87.52 79.75 66.22 42.88 19.97 0.00 0.00 0.00 0.00 0.00
0.00 0.00 0.00 0.00 0.00 0.00 0.00 0.00 0.36 3.81 7.82 11.32 14.26 16.19 16.34 14.89 11.69 7.89 3.31 0.00 0.00 0.00 0.00 0.00
0.00 0.00 0.00 0.00 0.00 0.00 0.00 0.00 0.83 6.32 12.56 17.84 21.97 23.67 23.62 21.81 17.21 11.49 4.60 0.00 0.00 0.00 0.00 0.00
0.00 0.00 0.00 0.00 0.00 0.00 0.00 0.00 0.38 2.90 5.76 8.18 10.07 10.85 10.83 10.00 7.89 5.27 2.11 0.00 0.00 0.00 0.00 0.00
0.00 0.00 0.00 0.00 0.00 0.00 0.00 0.00 0.44 4.71 9.68 13.89 17.47 19.99 20.27 18.39 14.43 9.74 4.08 0.00 0.00 0.00 0.00 0.00
0.00 0.00 0.00 0.00 0.00 0.00 0.00 0.00 0.24 2.03 4.12 5.85 7.25 8.07 8.21 7.43 5.79 3.86 1.54 0.00 0.00 0.00 0.00 0.00
0.00 0.00 0.00 0.00 0.00 0.00 0.00 0.00 0.00 20.18 44.19 64.00 82.36 95.22 96.38 89.90 71.63 50.22 23.45 0.00 0.00 0.00 0.00 0.00
0.00 0.00 0.00 0.00 0.00 0.00 0.00 0.00 0.00 6.90 16.11 23.03 28.84 32.44 32.06 28.41 21.93 15.01 6.42 0.00 0.00 0.00 0.00 0.00
0.00 0.00 0.00 0.00 0.00 0.00 0.00 0.00 0.00 1.54 3.59 5.11 6.49 7.27 7.31 6.47 4.98 3.42 1.48 0.00 0.00 0.00 0.00 0.00
0.00 0.00 0.00 0.00 0.00 0.00 0.00 0.00 0.00 1.96 4.46 6.45 8.09 9.08 9.09 8.21 6.44 4.42 1.93 0.00 0.00 0.00 0.00 0.00
0.00 0.00 0.00 0.00 0.00 0.00 0.00 0.00 0.00 3.14 7.14 10.32 12.95 14.53 14.55 13.14 10.30 7.08 3.09 0.00 0.00 0.00 0.00 0.00
0.00 0.00 0.00 0.00 0.00 0.00 0.00 0.00 0.00 69.18 173.04 251.72 327.83 372.65 381.32 350.25 271.89 181.81 91.51 0.00 0.00 0.00 0.00 0.00
