0.00 0.00 0.00 0.00 0.00 0.00 0.00 0.08 0.42 0.75 1.43 1.90 2.32 4.31 4.44 4.18 3.50 2.85 2.06 1.41 0.65 0.00 0.00 0.00
0.00 0.00 0.00 0.00 0.00 0.00 0.00 5.03 19.73 33.70 40.06 52.13 61.14 56.38 56.44 52.64 52.00 41.23 27.66 17.24 5.06 0.00 0.00 0.00
0.00 0.00 0.00 0.00 0.00 0.00 0.00 1.87 9.60 17.22 32.68 43.47 53.01 98.60 101.52 95.67 80.10 65.15 47.18 32.15 14.85 0.00 0.00 0.00
0.00 0.00 0.00 0.00 0.00 0.00 0.00 6.63 34.11 61.20 116.13 154.50 188.40 350.42 360.78 340.02 284.68 231.54 167.67 114.24 52.78 0.00 0.00 0.00
0.00 0.00 0.00 0.00 0.00 0.00 0.00 1.30 3.57 6.00 7.24 9.17 10.45 12.92 12.88 11.65 8.39 6.60 4.45 2.05 0.51 0.00 0.00 0.00
0.00 0.00 0.00 0.00 0.00 0.00 0.00 12.83 99.28 184.54 230.38 309.43 377.51 475.65 488.65 465.61 757.33 615.02 436.13 286.77 134.30 0.00 0.00 0.00
0.00 0.00 0.00 0.00 0.00 0.00 0.00 0.89 2.45 4.10 5.88 7.57 8.73 7.41 7.49 7.02 5.50 4.41 3.06 1.94 0.72 0.00 0.00 0.00
0.00 0.00 0.00 0.00 0.00 0.00 0.00 0.36 1.27 2.14 2.14 2.75 3.18 3.65 3.74 3.52 3.71 2.90 1.98 0.82 0.26 0.00 0.00 0.00
0.00 0.00 0.00 0.00 0.00 0.00 0.00 0.57 2.04 3.43 3.42 4.40 5.09 5.85 5.99 5.64 5.93 4.64 3.16 1.32 0.41 0.00 0.00 0.00
0.00 0.00 0.00 0.00 0.00 0.00 0.00 0.57 2.04 3.43 3.42 4.40 5.09 5.85 5.99 5.64 5.93 4.64 3.16 1.32 0.41 0.00 0.00 0.00
0.00 0.00 0.00 0.00 0.00 0.00 0.00 1.04 3.91 6.64 9.33 12.63 15.07 13.21 13.31 12.71 9.71 7.88 5.51 3.90 1.39 0.00 0.00 0.00
0.00 0.00 0.00 0.00 0.00 0.00 0.00 0.47 1.76 2.99 4.40 5.95 7.09 6.11 6.22 5.90 4.54 3.65 2.54 1.86 0.65 0.00 0.00 0.00
0.00 0.00 0.00 0.00 0.00 0.00 0.00 0.60 2.26 3.85 5.66 7.65 9.11 7.85 7.99 7.59 5.84 4.70 3.27 2.39 0.84 0.00 0.00 0.00
0.00 0.00 0.00 0.00 0.00 0.00 0.00 0.40 1.51 2.56 3.77 5.10 6.08 5.24 5.33 5.06 3.89 3.13 2.18 1.60 0.56 0.00 0.00 0.00
0.00 0.00 0.00 0.00 0.00 0.00 0.00 0.40 1.51 2.56 3.77 5.10 6.08 5.24 5.33 5.06 3.89 3.13 2.18 1.60 0.56 0.00 0.00 0.00
0.00 0.00 0.00 0.00 0.00 0.00 0.00 3.71 23.79 42.92 66.00 86.59 99.04 88.89 90.88 87.02 65.43 51.92 35.62 17.81 5.83 0.00 0.00 0.00
0.00 0.00 0.00 0.00 0.00 0.00 0.00 3.17 11.20 18.86 30.17 40.10 47.96 40.65 41.35 39.08 29.87 24.13 17.14 11.91 4.19 0.00 0.00 0.00
0.00 0.00 0.00 0.00 0.00 0.00 0.00 3.58 12.59 21.14 24.39 31.34 37.11 30.23 30.77 29.53 27.36 21.85 15.21 8.48 3.14 0.00 0.00 0.00
0.00 0.00 0.00 0.00 0.00 0.00 0.00 3.78 29.28 54.43 67.95 91.27 111.35 140.30 144.13 137.34 223.39 181.41 128.64 84.59 39.61 0.00 0.00 0.00
0.00 0.00 0.00 0.00 0.00 0.00 0.00 3.60 27.86 51.78 64.64 86.82 105.92 133.46 137.10 130.64 212.49 172.56 122.37 80.46 37.68 0.00 0.00 0.00
0.00 0.00 0.00 0.00 0.00 0.00 0.00 6.92 53.57 99.57 124.30 166.96 203.69 256.65 263.66 251.23 408.63 331.85 235.32 154.73 72.46 0.00 0.00 0.00
0.00 0.00 0.00 0.00 0.00 0.00 0.00 6.81 52.68 97.91 122.23 164.18 200.30 252.37 259.27 247.04 401.82 326.31 231.40 152.15 71.25 0.00 0.00 0.00
0.00 0.00 0.00 0.00 0.00 0.00 0.00 13.02 63.35 112.98 251.21 335.20 409.04 515.75 528.21 519.93 412.64 334.29 243.69 153.66 73.18 0.00 0.00 0.00
0.00 0.00 0.00 0.00 0.00 0.00 0.00 0.36 1.27 2.14 2.14 2.75 3.18 3.65 3.74 3.52 3.71 2.90 1.98 0.82 0.26 0.00 0.00 0.00
0.00 0.00 0.00 0.00 0.00 0.00 0.00 1.80 6.45 10.85 10.83 13.93 16.11 18.52 18.96 17.86 18.79 14.68 10.02 4.17 1.30 0.00 0.00 0.00
0.00 0.00 0.00 0.00 0.00 0.00 0.00 9.21 32.94 55.41 55.29 71.11 82.24 94.53 96.78 91.18 95.94 74.97 51.14 21.27 6.62 0.00 0.00 0.00
0.00 0.00 0.00 0.00 0.00 0.00 0.00 0.26 2.00 3.72 4.64 6.23 7.60 9.58 9.84 9.38 15.26 12.39 8.79 5.78 2.71 0.00 0.00 0.00
0.00 0.00 0.00 0.00 0.00 0.00 0.00 6.53 33.58 60.25 114.32 152.09 185.46 344.96 355.16 334.72 280.25 227.93 165.06 112.46 51.96 0.00 0.00 0.00
0.00 0.00 0.00 0.00 0.00 0.00 0.00 1.06 5.59 9.93 15.00 20.88 26.49 30.16 31.08 30.17 23.14 18.84 13.32 8.09 3.24 0.00 0.00 0.00
0.00 0.00 0.00 0.00 0.00 0.00 0.00 10.53 37.10 62.95 71.64 92.50 108.96 175.32 183.49 174.76 148.85 121.84 87.78 42.60 18.97 0.00 0.00 0.00
0.00 0.00 0.00 0.00 0.00 0.00 0.00 0.11 0.56 1.00 1.91 2.53 3.09 5.75 5.92 5.58 4.67 3.80 2.75 1.87 0.87 0.00 0.00 0.00
0.00 0.00 0.00 0.00 0.00 0.00 0.00 4.90 25.18 45.18 85.74 114.07 139.10 258.72 266.37 251.04 210.19 170.95 123.79 84.35 38.97 0.00 0.00 0.00
0.00 0.00 0.00 0.00 0.00 0.00 0.00 6.28 32.32 57.99 110.03 146.39 178.51 332.02 341.84 322.16 269.74 219.39 158.87 108.24 50.01 0.00 0.00 0.00
0.00 0.00 0.00 0.00 0.00 0.00 0.00 17.17 83.54 149.00 331.28 442.05 539.42 680.15 696.58 685.66 544.17 440.85 321.36 202.64 96.50 0.00 0.00 0.00
0.00 0.00 0.00 0.00 0.00 0.00 0.00 0.75 3.08 5.30 6.39 8.49 10.13 9.28 9.41 8.99 10.04 7.90 5.52 3.98 1.41 0.00 0.00 0.00
0.00 0.00 0.00 0.00 0.00 0.00 0.00 0.92 3.69 6.33 7.59 10.01 12.03 11.11 11.31 10.85 11.41 8.94 6.34 5.03 1.78 0.00 0.00 0.00
0.00 0.00 0.00 0.00 0.00 0.00 0.00 4.36 23.05 40.94 61.86 86.12 109.26 124.42 128.21 124.43 95.44 77.71 54.94 33.39 13.38 0.00 0.00 0.00
0.00 0.00 0.00 0.00 0.00 0.00 0.00 26.48 118.56 208.25 292.48 381.17 455.53 409.01 420.19 396.58 247.21 201.44 149.02 133.37 69.62 5.50 0.00 0.00
0.00 0.00 0.00 0.00 0.00 0.00 0.00 0.29 0.98 1.63 2.26 2.96 3.49 3.50 3.53 3.35 2.70 2.17 1.54 1.01 0.35 0.00 0.00 0.00
0.00 0.00 0.00 0.00 0.00 0.00 0.00 2.13 9.20 16.15 34.94 45.42 54.44 96.75 97.79 92.26 72.68 59.29 43.82 25.49 11.63 0.00 0.00 0.00
0.00 0.00 0.00 0.00 0.00 0.00 0.00 0.15 3.26 6.34 9.62 12.98 15.77 26.49 26.89 24.74 27.84 22.31 16.07 10.15 4.87 0.00 0.00 0.00
0.00 0.00 0.00 0.00 0.00 0.00 0.00 1.08 2.88 4.79 6.61 8.44 9.72 8.24 8.27 7.80 6.43 5.09 3.50 2.19 0.79 0.00 0.00 0.00
0.00 0.00 0.00 0.00 0.00 0.00 0.00 0.54 1.44 2.40 3.30 4.22 4.86 4.12 4.13 3.90 3.21 2.54 1.75 1.09 0.40 0.00 0.00 0.00
0.00 0.00 0.00 0.00 0.00 0.00 0.00 1.19 3.15 5.24 7.23 9.23 10.63 9.02 9.04 8.54 7.03 5.56 3.82 2.40 0.87 0.00 0.00 0.00
0.00 0.00 0.00 0.00 0.00 0.00 0.00 1.42 3.84 6.38 7.89 9.95 11.51 10.75 10.81 10.18 8.25 6.48 4.52 2.41 0.86 0.00 0.00 0.00
0.00 0.00 0.00 0.00 0.00 0.00 0.00 2.16 5.85 9.73 12.02 15.15 17.54 16.38 16.47 15.51 12.57 9.88 6.89 3.68 1.32 0.00 0.00 0.00
0.00 0.00 0.00 0.00 0.00 0.00 0.00 1.80 4.98 8.28 11.83 15.36 17.53 15.20 15.29 14.40 11.05 8.91 6.12 3.87 1.43 0.00 0.00 0.00
0.00 0.00 0.00 0.00 0.00 0.00 0.00 0.90 2.77 4.58 7.37 9.32 10.85 14.05 14.67 14.35 11.22 8.96 6.37 3.29 1.43 0.00 0.00 0.00
0.00 0.00 0.00 0.00 0.00 0.00 0.00 2.32 7.16 11.84 19.04 24.08 28.03 36.29 37.89 37.07 28.98 23.14 16.45 8.50 3.68 0.00 0.00 0.00
0.00 0.00 0.00 0.00 0.00 0.00 0.00 0.45 1.52 2.56 4.07 5.23 6.15 9.93 10.15 9.78 8.11 6.56 4.62 2.19 0.94 0.00 0.00 0.00
0.00 0.00 0.00 0.00 0.00 0.00 0.00 1.53 4.77 7.90 11.77 15.71 18.35 13.59 13.92 13.02 11.14 8.88 6.22 3.69 1.23 0.00 0.00 0.00
0.00 0.00 0.00 0.00 0.00 0.00 0.00 3.16 9.33 15.34 14.62 18.96 22.71 20.80 21.28 20.05 18.99 15.05 10.30 5.72 2.01 0.00 0.00 0.00
0.00 0.00 0.00 0.00 0.00 0.00 0.00 0.49 1.32 2.15 2.32 2.95 3.32 3.11 3.06 2.85 2.27 1.79 1.20 0.47 0.12 0.00 0.00 0.00
0.00 0.00 0.00 0.00 0.00 0.00 0.00 2.33 7.07 11.74 13.11 16.38 18.52 12.91 13.07 12.16 12.88 9.94 6.59 3.57 1.01 0.00 0.00 0.00
0.00 0.00 0.00 0.00 0.00 0.00 0.00 1.77 5.09 8.43 8.22 10.36 11.43 10.24 10.03 9.46 7.82 6.08 4.10 2.17 0.59 0.00 0.00 0.00
0.00 0.00 0.00 0.00 0.00 0.00 0.00 2.44 7.03 11.64 11.34 14.30 15.77 14.13 13.84 13.05 10.80 8.39 5.66 3.00 0.81 0.00 0.00 0.00
0.00 0.00 0.00 0.00 0.00 0.00 0.00 1.66 4.79 7.93 7.73 9.74 10.74 9.63 9.43 8.89 7.35 5.71 3.85 2.04 0.55 0.00 0.00 0.00
0.00 0.00 0.00 0.00 0.00 0.00 0.00 1.24 3.77 6.26 6.99 8.74 9.88 6.88 6.97 6.49 6.87 5.30 3.51 1.90 0.54 0.00 0.00 0.00
0.00 0.00 0.00 0.00 0.00 0.00 0.00 1.21 3.40 5.65 5.83 7.32 8.25 10.40 10.41 9.62 8.09 6.38 4.42 2.19 0.55 0.00 0.00 0.00
0.00 0.00 0.00 0.00 0.00 0.00 0.00 1.02 3.65 6.14 6.13 7.88 9.11 10.48 10.73 10.10 10.63 8.31 5.67 2.36 0.73 0.00 0.00 0.00
0.00 0.00 0.00 0.00 0.00 0.00 0.00 4.84 30.97 55.87 85.91 112.70 128.91 115.70 118.28 113.27 85.16 67.58 46.36 23.18 7.59 0.00 0.00 0.00
0.00 0.00 0.00 0.00 0.00 0.00 0.00 1.18 4.43 7.53 10.58 14.31 17.08 14.98 15.09 14.41 11.00 8.93 6.25 4.42 1.57 0.00 0.00 0.00
0.00 0.00 0.00 0.00 0.00 0.00 0.00 1.85 6.34 10.59 15.44 20.46 24.58 24.29 24.85 23.30 22.17 17.79 12.46 7.29 2.45 0.00 0.00 0.00
0.00 0.00 0.00 0.00 0.00 0.00 0.00 0.85 2.91 4.86 7.08 9.38 11.27 11.14 11.39 10.68 10.16 8.15 5.71 3.34 1.12 0.00 0.00 0.00
0.00 0.00 0.00 0.00 0.00 0.00 0.00 1.49 5.56 9.44 12.89 17.38 20.78 18.60 18.61 17.76 13.68 11.06 7.83 5.36 1.91 0.00 0.00 0.00
0.00 0.00 0.00 0.00 0.00 0.00 0.00 0.70 2.37 3.95 5.48 7.20 8.48 8.49 8.57 8.15 6.55 5.28 3.74 2.46 0.85 0.00 0.00 0.00
0.00 0.00 0.00 0.00 0.00 0.00 0.00 4.51 23.87 42.39 64.05 89.16 113.12 128.82 132.75 128.83 98.82 80.46 56.88 34.57 13.85 0.00 0.00 0.00
0.00 0.00 0.00 0.00 0.00 0.00 0.00 2.52 8.87 15.05 17.13 22.12 26.06 41.92 43.88 41.79 35.59 29.14 20.99 10.19 4.54 0.00 0.00 0.00
0.00 0.00 0.00 0.00 0.00 0.00 0.00 0.35 1.29 2.21 4.33 5.56 6.60 10.26 10.44 9.97 7.96 6.47 4.61 2.23 0.98 0.00 0.00 0.00
0.00 0.00 0.00 0.00 0.00 0.00 0.00 0.37 1.42 2.45 6.72 8.64 10.17 12.56 12.98 12.65 7.81 6.21 4.44 2.81 1.21 0.00 0.00 0.00
0.00 0.00 0.00 0.00 0.00 0.00 0.00 0.60 2.28 3.91 10.75 13.82 16.27 20.10 20.77 20.24 12.49 9.93 7.10 4.49 1.93 0.00 0.00 0.00
0.00 0.00 0.00 0.00 0.00 0.00 0.00 7.04 54.46 101.23 126.37 169.74 207.09 260.93 268.06 255.42 415.44 337.38 239.25 157.31 73.67 0.00 0.00 0.00
