0.00 0.00 0.00 0.00 0.00 0.00 0.00 0.00 0.00 0.30 1.32 2.16 2.98 3.62 3.84 3.72 3.09 2.26 1.37 0.15 0.00 0.00 0.00 0.00
0.00 0.00 0.00 0.00 0.00 0.00 0.00 0.00 0.00 9.35 26.11 41.31 52.95 58.14 60.08 57.29 46.55 34.08 19.23 0.74 0.00 0.00 0.00 0.00
0.00 0.00 0.00 0.00 0.00 0.00 0.00 0.00 0.00 6.88 30.29 49.29 68.21 82.69 87.76 85.02 70.65 51.63 31.25 3.48 0.00 0.00 0.00 0.00
0.00 0.00 0.00 0.00 0.00 0.00 0.00 0.00 0.00 24.46 107.65 175.18 242.43 293.87 311.89 302.15 251.09 183.50 111.07 12.37 0.00 0.00 0.00 0.00
0.00 0.00 0.00 0.00 0.00 0.00 0.00 0.00 0.00 1.21 2.88 4.43 5.64 8.88 8.79 8.29 6.76 4.74 2.41 0.00 0.00 0.00 0.00 0.00
0.00 0.00 0.00 0.00 0.00 0.00 0.00 0.00 0.00 43.16 229.44 377.80 523.18 659.07 711.46 687.43 589.98 426.82 260.77 37.76 0.00 0.00 0.00 0.00
0.00 0.00 0.00 0.00 0.00 0.00 0.00 0.00 0.00 0.87 2.13 3.45 4.60 6.27 6.36 6.18 5.25 3.55 1.86 0.00 0.00 0.00 0.00 0.00
0.00 0.00 0.00 0.00 0.00 0.00 0.00 0.00 0.00 0.46 1.31 2.10 2.84 3.35 3.42 3.33 2.77 1.99 1.11 0.04 0.00 0.00 0.00 0.00
0.00 0.00 0.00 0.00 0.00 0.00 0.00 0.00 0.00 0.74 2.10 3.36 4.55 5.36 5.47 5.32 4.43 3.19 1.78 0.06 0.00 0.00 0.00 0.00
0.00 0.00 0.00 0.00 0.00 0.00 0.00 0.00 0.00 0.74 2.10 3.36 4.55 5.36 5.47 5.32 4.43 3.19 1.78 0.06 0.00 0.00 0.00 0.00
0.00 0.00 0.00 0.00 0.00 0.00 0.00 0.00 0.00 1.58 4.76 7.59 10.51 12.84 13.18 12.78 10.94 7.83 4.46 0.20 0.00 0.00 0.00 0.00
0.00 0.00 0.00 0.00 0.00 0.00 0.00 0.00 0.00 0.76 2.27 3.68 5.06 6.13 6.28 6.07 5.22 3.75 2.13 0.09 0.00 0.00 0.00 0.00
0.00 0.00 0.00 0.00 0.00 0.00 0.00 0.00 0.00 0.98 2.92 4.73 6.51 7.88 8.07 7.80 6.71 4.83 2.74 0.12 0.00 0.00 0.00 0.00
0.00 0.00 0.00 0.00 0.00 0.00 0.00 0.00 0.00 0.65 1.94 3.16 4.34 5.25 5.38 5.20 4.47 3.22 1.83 0.08 0.00 0.00 0.00 0.00
0.00 0.00 0.00 0.00 0.00 0.00 0.00 0.00 0.00 0.65 1.94 3.16 4.34 5.25 5.38 5.20 4.47 3.22 1.83 0.08 0.00 0.00 0.00 0.00
0.00 0.00 0.00 0.00 0.00 0.00 0.00 0.00 0.00 10.98 33.35 53.41 69.92 80.82 84.81 81.27 69.09 49.91 29.68 2.89 0.00 0.00 0.00 0.00
0.00 0.00 0.00 0.00 0.00 0.00 0.00 0.00 0.00 5.02 14.47 23.38 32.67 38.09 38.49 37.39 32.32 23.21 13.09 0.49 0.00 0.00 0.00 0.00
0.00 0.00 0.00 0.00 0.00 0.00 0.00 0.00 0.00 4.14 12.94 20.86 27.97 32.39 33.38 32.28 27.68 19.92 11.29 0.47 0.00 0.00 0.00 0.00
0.00 0.00 0.00 0.00 0.00 0.00 0.00 0.00 0.00 12.73 67.68 111.44 154.32 194.40 209.86 202.77 174.02 125.90 76.92 11.14 0.00 0.00 0.00 0.00
0.00 0.00 0.00 0.00 0.00 0.00 0.00 0.00 0.00 12.11 64.38 106.00 146.79 184.92 199.62 192.88 165.53 119.76 73.17 10.60 0.00 0.00 0.00 0.00
0.00 0.00 0.00 0.00 0.00 0.00 0.00 0.00 0.00 23.29 123.80 203.85 282.29 355.61 383.88 370.92 318.33 230.30 140.70 20.38 0.00 0.00 0.00 0.00
0.00 0.00 0.00 0.00 0.00 0.00 0.00 0.00 0.00 22.90 121.74 200.45 277.59 349.69 377.48 364.74 313.03 226.46 138.36 20.04 0.00 0.00 0.00 0.00
0.00 0.00 0.00 0.00 0.00 0.00 0.00 0.00 0.00 24.05 138.01 229.13 319.95 391.22 411.03 400.29 335.72 243.33 146.64 16.32 0.00 0.00 0.00 0.00
0.00 0.00 0.00 0.00 0.00 0.00 0.00 0.00 0.00 0.46 1.31 2.10 2.84 3.35 3.42 3.33 2.77 1.99 1.11 0.04 0.00 0.00 0.00 0.00
0.00 0.00 0.00 0.00 0.00 0.00 0.00 0.00 0.00 2.35 6.64 10.65 14.40 16.98 17.33 16.86 14.03 10.11 5.63 0.18 0.00 0.00 0.00 0.00
0.00 0.00 0.00 0.00 0.00 0.00 0.00 0.00 0.00 12.00 33.88 54.39 73.53 86.69 88.48 86.06 71.61 51.60 28.73 0.91 0.00 0.00 0.00 0.00
0.00 0.00 0.00 0.00 0.00 0.00 0.00 0.00 0.00 0.87 4.62 7.61 10.54 13.28 14.33 13.85 11.88 8.60 5.25 0.76 0.00 0.00 0.00 0.00
0.00 0.00 0.00 0.00 0.00 0.00 0.00 0.00 0.00 24.08 105.97 172.45 238.65 289.29 307.03 297.44 247.18 180.64 109.33 12.18 0.00 0.00 0.00 0.00
0.00 0.00 0.00 0.00 0.00 0.00 0.00 0.00 0.00 2.27 7.96 12.59 17.35 21.69 23.15 22.14 18.67 14.11 8.44 0.90 0.00 0.00 0.00 0.00
0.00 0.00 0.00 0.00 0.00 0.00 0.00 0.00 0.00 12.78 55.33 89.39 120.73 144.41 148.31 142.79 119.27 85.71 48.95 2.90 0.00 0.00 0.00 0.00
0.00 0.00 0.00 0.00 0.00 0.00 0.00 0.00 0.00 0.40 1.77 2.87 3.98 4.82 5.12 4.96 4.12 3.01 1.82 0.20 0.00 0.00 0.00 0.00
0.00 0.00 0.00 0.00 0.00 0.00 0.00 0.00 0.00 18.06 79.48 129.33 178.99 216.97 230.27 223.08 185.39 135.48 82.00 9.13 0.00 0.00 0.00 0.00
0.00 0.00 0.00 0.00 0.00 0.00 0.00 0.00 0.00 23.18 102.00 165.98 229.70 278.44 295.52 286.28 237.91 173.86 105.23 11.72 0.00 0.00 0.00 0.00
0.00 0.00 0.00 0.00 0.00 0.00 0.00 0.00 0.00 31.71 182.00 302.16 421.93 515.93 542.05 527.88 442.73 320.89 193.38 21.52 0.00 0.00 0.00 0.00
0.00 0.00 0.00 0.00 0.00 0.00 0.00 0.00 0.00 1.15 3.55 5.84 8.12 9.76 10.22 9.81 8.35 6.03 3.47 0.21 0.00 0.00 0.00 0.00
0.00 0.00 0.00 0.00 0.00 0.00 0.00 0.00 0.00 1.44 4.44 7.38 10.22 12.07 12.69 12.20 10.31 7.42 4.25 0.24 0.00 0.00 0.00 0.00
0.00 0.00 0.00 0.00 0.00 0.00 0.00 0.00 0.00 9.37 32.82 51.95 71.56 89.46 95.49 91.32 77.02 58.22 34.83 3.71 0.00 0.00 0.00 0.00
0.00 0.00 0.00 0.00 0.00 0.00 0.00 0.00 0.00 9.23 116.62 206.49 298.75 381.75 410.24 394.33 334.90 246.41 148.57 17.88 0.00 0.00 0.00 0.00
0.00 0.00 0.00 0.00 0.00 0.00 0.00 0.00 0.00 0.41 1.13 1.84 2.54 2.99 3.03 2.87 2.51 1.81 1.01 0.03 0.00 0.00 0.00 0.00
0.00 0.00 0.00 0.00 0.00 0.00 0.00 0.00 0.00 5.69 27.26 44.25 61.75 73.70 77.47 74.78 62.85 45.06 26.65 2.45 0.00 0.00 0.00 0.00
0.00 0.00 0.00 0.00 0.00 0.00 0.00 0.00 0.00 1.35 8.69 14.74 21.18 25.87 27.82 26.29 22.64 16.55 10.03 1.85 0.00 0.00 0.00 0.00
0.00 0.00 0.00 0.00 0.00 0.00 0.00 0.00 0.00 1.02 2.38 3.75 4.94 6.97 7.21 6.87 6.05 4.13 2.13 0.00 0.00 0.00 0.00 0.00
0.00 0.00 0.00 0.00 0.00 0.00 0.00 0.00 0.00 0.51 1.19 1.87 2.47 3.48 3.61 3.44 3.03 2.06 1.06 0.00 0.00 0.00 0.00 0.00
0.00 0.00 0.00 0.00 0.00 0.00 0.00 0.00 0.00 1.12 2.60 4.10 5.40 7.62 7.89 7.51 6.62 4.52 2.33 0.00 0.00 0.00 0.00 0.00
0.00 0.00 0.00 0.00 0.00 0.00 0.00 0.00 0.00 1.37 3.09 4.89 6.49 9.14 9.43 9.08 7.84 5.36 2.79 0.00 0.00 0.00 0.00 0.00
0.00 0.00 0.00 0.00 0.00 0.00 0.00 0.00 0.00 2.08 4.71 7.45 9.88 13.93 14.37 13.84 11.94 8.17 4.25 0.00 0.00 0.00 0.00 0.00
0.00 0.00 0.00 0.00 0.00 0.00 0.00 0.00 0.00 1.74 4.45 7.14 9.50 12.68 12.90 12.58 10.57 7.09 3.73 0.00 0.00 0.00 0.00 0.00
0.00 0.00 0.00 0.00 0.00 0.00 0.00 0.00 0.00 1.16 4.61 7.40 10.04 11.95 12.14 11.47 9.52 6.66 3.68 0.11 0.00 0.00 0.00 0.00
0.00 0.00 0.00 0.00 0.00 0.00 0.00 0.00 0.00 3.00 11.90 19.12 25.93 30.88 31.37 29.62 24.59 17.21 9.50 0.29 0.00 0.00 0.00 0.00
0.00 0.00 0.00 0.00 0.00 0.00 0.00 0.00 0.00 0.74 2.96 4.79 6.52 7.70 7.86 7.50 6.44 4.63 2.60 0.11 0.00 0.00 0.00 0.00
0.00 0.00 0.00 0.00 0.00 0.00 0.00 0.00 0.00 1.86 4.86 7.92 10.50 12.69 13.14 12.62 10.56 7.51 4.10 0.06 0.00 0.00 0.00 0.00
0.00 0.00 0.00 0.00 0.00 0.00 0.00 0.00 0.00 3.18 8.74 14.07 18.64 22.74 23.35 22.65 19.00 13.37 7.20 0.01 0.00 0.00 0.00 0.00
0.00 0.00 0.00 0.00 0.00 0.00 0.00 0.00 0.00 0.43 1.05 1.58 1.98 2.58 2.57 2.45 2.07 1.46 0.74 0.00 0.00 0.00 0.00 0.00
0.00 0.00 0.00 0.00 0.00 0.00 0.00 0.00 0.00 2.59 7.24 11.50 14.75 16.55 16.56 16.07 12.94 9.02 4.79 0.00 0.00 0.00 0.00 0.00
0.00 0.00 0.00 0.00 0.00 0.00 0.00 0.00 0.00 1.76 4.53 7.13 8.95 10.63 10.78 10.32 8.46 5.85 3.05 0.00 0.00 0.00 0.00 0.00
0.00 0.00 0.00 0.00 0.00 0.00 0.00 0.00 0.00 2.42 6.25 9.84 12.36 14.67 14.87 14.25 11.67 8.07 4.21 0.00 0.00 0.00 0.00 0.00
0.00 0.00 0.00 0.00 0.00 0.00 0.00 0.00 0.00 1.65 4.26 6.70 8.42 9.99 10.13 9.70 7.95 5.50 2.87 0.00 0.00 0.00 0.00 0.00
0.00 0.00 0.00 0.00 0.00 0.00 0.00 0.00 0.00 1.38 3.86 6.13 7.87 8.82 8.83 8.57 6.90 4.81 2.55 0.00 0.00 0.00 0.00 0.00
0.00 0.00 0.00 0.00 0.00 0.00 0.00 0.00 0.00 1.23 2.96 4.61 5.69 8.09 8.14 7.60 6.17 4.35 2.24 0.00 0.00 0.00 0.00 0.00
0.00 0.00 0.00 0.00 0.00 0.00 0.00 0.00 0.00 1.33 3.75 6.03 8.15 9.61 9.81 9.54 7.94 5.72 3.18 0.10 0.00 0.00 0.00 0.00
0.00 0.00 0.00 0.00 0.00 0.00 0.00 0.00 0.00 14.29 43.41 69.52 91.00 105.19 110.38 105.78 89.92 64.97 38.64 3.76 0.00 0.00 0.00 0.00
0.00 0.00 0.00 0.00 0.00 0.00 0.00 0.00 0.00 1.79 5.39 8.60 11.91 14.55 14.94 14.48 12.40 8.87 5.05 0.23 0.00 0.00 0.00 0.00
0.00 0.00 0.00 0.00 0.00 0.00 0.00 0.00 0.00 2.72 7.89 13.13 17.86 20.68 20.88 20.58 17.60 12.44 6.92 0.19 0.00 0.00 0.00 0.00
0.00 0.00 0.00 0.00 0.00 0.00 0.00 0.00 0.00 1.25 3.62 6.02 8.18 9.48 9.57 9.43 8.07 5.70 3.17 0.09 0.00 0.00 0.00 0.00
0.00 0.00 0.00 0.00 0.00 0.00 0.00 0.00 0.00 2.23 6.64 10.52 14.65 17.91 18.35 17.68 15.16 10.90 6.21 0.27 0.00 0.00 0.00 0.00
0.00 0.00 0.00 0.00 0.00 0.00 0.00 0.00 0.00 0.99 2.75 4.46 6.17 7.27 7.35 6.98 6.08 4.41 2.46 0.08 0.00 0.00 0.00 0.00
0.00 0.00 0.00 0.00 0.00 0.00 0.00 0.00 0.00 9.70 33.98 53.79 74.09 92.62 98.87 94.55 79.75 60.28 36.06 3.84 0.00 0.00 0.00 0.00
0.00 0.00 0.00 0.00 0.00 0.00 0.00 0.00 0.00 3.06 13.23 21.37 28.87 34.53 35.46 34.14 28.52 20.50 11.71 0.69 0.00 0.00 0.00 0.00
0.00 0.00 0.00 0.00 0.00 0.00 0.00 0.00 0.00 0.70 2.99 4.82 6.55 7.58 7.88 7.64 6.54 4.66 2.68 0.17 0.00 0.00 0.00 0.00
0.00 0.00 0.00 0.00 0.00 0.00 0.00 0.00 0.00 0.93 3.70 5.96 7.93 9.37 9.76 9.40 8.06 5.87 3.40 0.23 0.00 0.00 0.00 0.00
0.00 0.00 0.00 0.00 0.00 0.00 0.00 0.00 0.00 1.49 5.92 9.54 12.69 14.99 15.62 15.04 12.90 9.40 5.44 0.37 0.00 0.00 0.00 0.00
0.00 0.00 0.00 0.00 0.00 0.00 0.00 0.00 0.00 23.67 125.86 207.25 287.00 361.54 390.28 377.10 323.64 234.14 143.05 20.71 0.00 0.00 0.00 0.00
