0.00 0.00 0.00 0.00 0.00 0.00 0.00 0.11 1.07 2.01 3.14 4.11 4.79 5.29 5.45 5.26 4.78 3.95 2.84 1.65 0.75 0.00 0.00 0.00
0.00 0.00 0.00 0.00 0.00 0.00 0.00 2.50 13.58 24.22 49.95 64.48 74.52 78.35 79.68 75.85 63.07 49.77 33.70 17.84 5.05 0.00 0.00 0.00
0.00 0.00 0.00 0.00 0.00 0.00 0.00 2.56 24.58 45.93 71.75 93.94 109.55 120.86 124.62 120.20 109.22 90.23 64.88 37.71 17.06 0.00 0.00 0.00
0.00 0.00 0.00 0.00 0.00 0.00 0.00 9.10 87.34 163.23 254.98 333.86 389.34 429.52 442.88 427.19 388.16 320.66 230.58 134.01 60.62 0.00 0.00 0.00
0.00 0.00 0.00 0.00 0.00 0.00 0.00 1.21 3.89 6.43 6.53 8.19 9.30 11.38 11.42 10.77 8.21 6.41 4.22 2.71 0.63 0.00 0.00 0.00
0.00 0.00 0.00 0.00 0.00 0.00 0.00 4.23 176.43 344.42 542.05 713.88 835.88 929.77 960.09 947.72 887.12 733.70 537.36 316.99 145.71 0.00 0.00 0.00
0.00 0.00 0.00 0.00 0.00 0.00 0.00 0.83 2.69 4.45 6.44 8.10 9.28 9.23 9.23 8.85 7.90 6.38 4.42 2.12 0.76 0.00 0.00 0.00
0.00 0.00 0.00 0.00 0.00 0.00 0.00 0.20 0.97 1.69 2.77 3.60 4.17 4.48 4.51 4.27 3.58 2.88 1.95 0.92 0.27 0.00 0.00 0.00
0.00 0.00 0.00 0.00 0.00 0.00 0.00 0.33 1.55 2.71 4.43 5.77 6.67 7.17 7.22 6.84 5.73 4.61 3.12 1.47 0.44 0.00 0.00 0.00
0.00 0.00 0.00 0.00 0.00 0.00 0.00 0.33 1.55 2.71 4.43 5.77 6.67 7.17 7.22 6.84 5.73 4.61 3.12 1.47 0.44 0.00 0.00 0.00
0.00 0.00 0.00 0.00 0.00 0.00 0.00 0.89 4.60 8.14 12.73 16.91 19.66 20.71 20.92 19.86 16.09 12.79 8.78 3.68 1.28 0.00 0.00 0.00
0.00 0.00 0.00 0.00 0.00 0.00 0.00 0.40 2.08 3.69 5.86 7.72 8.98 9.11 9.27 8.80 7.05 5.61 3.82 1.52 0.52 0.00 0.00 0.00
0.00 0.00 0.00 0.00 0.00 0.00 0.00 0.52 2.68 4.75 7.53 9.92 11.54 11.71 11.91 11.32 9.06 7.21 4.92 1.95 0.67 0.00 0.00 0.00
0.00 0.00 0.00 0.00 0.00 0.00 0.00 0.35 1.79 3.17 5.02 6.62 7.70 7.81 7.94 7.54 6.04 4.81 3.28 1.30 0.45 0.00 0.00 0.00
0.00 0.00 0.00 0.00 0.00 0.00 0.00 0.35 1.79 3.17 5.02 6.62 7.70 7.81 7.94 7.54 6.04 4.81 3.28 1.30 0.45 0.00 0.00 0.00
0.00 0.00 0.00 0.00 0.00 0.00 0.00 1.14 16.94 32.20 60.44 78.37 91.14 91.37 92.75 88.43 71.85 55.99 38.78 22.37 7.19 0.00 0.00 0.00
0.00 0.00 0.00 0.00 0.00 0.00 0.00 3.02 14.13 24.73 39.44 51.92 60.96 62.01 61.51 57.58 45.90 36.56 25.20 12.15 4.16 0.00 0.00 0.00
0.00 0.00 0.00 0.00 0.00 0.00 0.00 2.76 12.88 22.53 33.20 43.20 50.70 53.28 52.88 49.18 38.26 30.69 21.09 10.30 3.73 0.00 0.00 0.00
0.00 0.00 0.00 0.00 0.00 0.00 0.00 1.25 52.04 101.59 159.88 210.57 246.55 274.25 283.19 279.54 261.67 216.41 158.50 93.50 42.98 0.00 0.00 0.00
0.00 0.00 0.00 0.00 0.00 0.00 0.00 1.19 49.50 96.64 152.09 200.30 234.53 260.87 269.38 265.91 248.90 205.86 150.77 88.94 40.88 0.00 0.00 0.00
0.00 0.00 0.00 0.00 0.00 0.00 0.00 2.28 95.20 185.84 292.47 385.19 451.01 501.67 518.03 511.36 478.66 395.88 289.94 171.04 78.62 0.00 0.00 0.00
0.00 0.00 0.00 0.00 0.00 0.00 0.00 2.24 93.61 182.74 287.60 378.77 443.50 493.31 509.40 502.84 470.68 389.28 285.11 168.19 77.31 0.00 0.00 0.00
0.00 0.00 0.00 0.00 0.00 0.00 0.00 13.31 114.65 213.05 330.50 436.55 514.71 556.91 573.38 556.22 507.14 418.20 304.45 179.02 83.66 0.00 0.00 0.00
0.00 0.00 0.00 0.00 0.00 0.00 0.00 0.20 0.97 1.69 2.77 3.60 4.17 4.48 4.51 4.27 3.58 2.88 1.95 0.92 0.27 0.00 0.00 0.00
0.00 0.00 0.00 0.00 0.00 0.00 0.00 1.04 4.90 8.59 14.02 18.26 21.13 22.70 22.87 21.65 18.16 14.61 9.89 4.64 1.39 0.00 0.00 0.00
0.00 0.00 0.00 0.00 0.00 0.00 0.00 5.29 25.01 43.84 71.56 93.20 107.89 115.86 116.75 110.55 92.72 74.58 50.48 23.69 7.09 0.00 0.00 0.00
0.00 0.00 0.00 0.00 0.00 0.00 0.00 0.09 3.55 6.94 10.92 14.38 16.84 18.73 19.34 19.09 17.87 14.78 10.82 6.39 2.94 0.00 0.00 0.00
0.00 0.00 0.00 0.00 0.00 0.00 0.00 8.96 85.98 160.68 251.00 328.66 383.27 422.83 435.98 420.53 382.11 315.66 226.99 131.92 59.68 0.00 0.00 0.00
0.00 0.00 0.00 0.00 0.00 0.00 0.00 0.58 5.77 10.80 18.73 25.58 30.76 33.67 33.72 32.12 26.03 21.11 14.69 8.47 3.33 0.00 0.00 0.00
0.00 0.00 0.00 0.00 0.00 0.00 0.00 10.28 48.68 85.62 131.55 170.56 198.24 208.63 211.80 200.03 183.33 151.07 108.70 60.93 26.58 0.00 0.00 0.00
0.00 0.00 0.00 0.00 0.00 0.00 0.00 0.15 1.43 2.68 4.18 5.48 6.39 7.05 7.27 7.01 6.37 5.26 3.78 2.20 0.99 0.00 0.00 0.00
0.00 0.00 0.00 0.00 0.00 0.00 0.00 6.72 64.49 120.51 188.25 246.49 287.45 317.12 326.99 315.40 286.58 236.75 170.24 98.94 44.76 0.00 0.00 0.00
0.00 0.00 0.00 0.00 0.00 0.00 0.00 8.62 82.76 154.66 241.59 316.33 368.90 406.97 419.63 404.76 367.78 303.82 218.47 126.98 57.44 0.00 0.00 0.00
0.00 0.00 0.00 0.00 0.00 0.00 0.00 17.55 151.20 280.96 435.85 575.69 678.78 734.43 756.15 733.51 668.79 551.50 401.49 236.08 110.33 0.00 0.00 0.00
0.00 0.00 0.00 0.00 0.00 0.00 0.00 0.56 3.31 5.95 9.38 12.31 14.55 14.52 14.62 13.65 9.03 7.25 4.99 2.36 0.82 0.00 0.00 0.00
0.00 0.00 0.00 0.00 0.00 0.00 0.00 0.72 4.16 7.45 11.59 15.24 17.81 17.96 18.09 17.00 11.98 9.59 6.64 2.87 0.99 0.00 0.00 0.00
0.00 0.00 0.00 0.00 0.00 0.00 0.00 2.38 23.78 44.53 77.25 105.52 126.89 138.88 139.10 132.50 107.39 87.08 60.60 34.93 13.72 0.00 0.00 0.00
0.00 0.00 0.00 0.00 0.00 0.00 0.00 14.72 113.10 209.15 313.90 421.90 506.87 555.43 567.70 543.01 492.89 409.16 297.35 174.23 89.35 3.38 0.00 0.00
0.00 0.00 0.00 0.00 0.00 0.00 0.00 0.24 1.04 1.81 2.67 3.51 4.10 4.97 4.94 4.58 2.76 2.20 1.52 0.78 0.26 0.00 0.00 0.00
0.00 0.00 0.00 0.00 0.00 0.00 0.00 3.46 23.07 42.05 64.45 84.82 98.38 105.74 107.73 102.95 94.84 78.43 56.02 32.12 14.35 0.00 0.00 0.00
0.00 0.00 0.00 0.00 0.00 0.00 0.00 0.00 5.77 11.89 18.88 25.50 30.21 33.07 33.79 32.63 30.08 24.91 18.24 11.18 5.29 0.00 0.00 0.00
0.00 0.00 0.00 0.00 0.00 0.00 0.00 1.00 3.11 5.10 7.36 9.32 10.54 10.34 10.22 9.75 8.54 6.78 4.75 2.35 0.82 0.00 0.00 0.00
0.00 0.00 0.00 0.00 0.00 0.00 0.00 0.50 1.55 2.55 3.68 4.66 5.27 5.17 5.11 4.88 4.27 3.39 2.37 1.17 0.41 0.00 0.00 0.00
0.00 0.00 0.00 0.00 0.00 0.00 0.00 1.09 3.40 5.57 8.06 10.19 11.53 11.31 11.18 10.67 9.34 7.42 5.19 2.57 0.90 0.00 0.00 0.00
0.00 0.00 0.00 0.00 0.00 0.00 0.00 1.29 4.14 6.82 9.79 12.40 14.13 13.54 13.33 12.73 11.62 9.35 6.47 3.22 1.11 0.00 0.00 0.00
0.00 0.00 0.00 0.00 0.00 0.00 0.00 1.97 6.30 10.38 14.92 18.89 21.53 20.63 20.31 19.39 17.71 14.25 9.86 4.90 1.70 0.00 0.00 0.00
0.00 0.00 0.00 0.00 0.00 0.00 0.00 1.67 5.51 9.14 13.21 16.47 18.92 18.78 18.84 17.91 15.20 12.09 8.49 4.47 1.60 0.00 0.00 0.00
0.00 0.00 0.00 0.00 0.00 0.00 0.00 1.06 4.09 7.00 10.50 13.76 15.99 16.87 16.87 16.14 14.63 11.83 8.40 4.73 2.00 0.00 0.00 0.00
0.00 0.00 0.00 0.00 0.00 0.00 0.00 2.73 10.58 18.09 27.13 35.55 41.32 43.59 43.59 41.68 37.80 30.55 21.70 12.23 5.18 0.00 0.00 0.00
0.00 0.00 0.00 0.00 0.00 0.00 0.00 0.63 2.75 4.78 7.26 9.43 10.96 11.53 11.45 10.81 9.94 8.02 5.72 3.26 1.37 0.00 0.00 0.00
0.00 0.00 0.00 0.00 0.00 0.00 0.00 1.39 5.40 9.21 13.37 17.32 19.94 19.88 19.80 18.55 12.14 9.83 6.81 2.60 0.84 0.00 0.00 0.00
0.00 0.00 0.00 0.00 0.00 0.00 0.00 2.69 9.71 16.37 23.84 30.51 35.05 33.34 33.72 31.63 27.63 21.86 14.98 6.05 2.06 0.00 0.00 0.00
0.00 0.00 0.00 0.00 0.00 0.00 0.00 0.41 1.32 2.17 3.00 3.72 4.15 3.07 3.05 2.84 2.52 1.99 1.35 0.74 0.18 0.00 0.00 0.00
0.00 0.00 0.00 0.00 0.00 0.00 0.00 1.89 6.99 11.80 14.22 18.09 20.47 16.48 16.29 15.38 16.60 13.35 9.13 5.29 1.43 0.00 0.00 0.00
0.00 0.00 0.00 0.00 0.00 0.00 0.00 1.42 4.88 8.15 9.70 12.19 13.68 9.31 9.13 8.80 9.23 7.36 5.01 2.76 0.71 0.00 0.00 0.00
0.00 0.00 0.00 0.00 0.00 0.00 0.00 1.96 6.74 11.25 13.38 16.83 18.88 12.85 12.60 12.15 12.74 10.16 6.91 3.80 0.97 0.00 0.00 0.00
0.00 0.00 0.00 0.00 0.00 0.00 0.00 1.34 4.59 7.66 9.11 11.46 12.86 8.75 8.58 8.28 8.68 6.92 4.71 2.59 0.66 0.00 0.00 0.00
0.00 0.00 0.00 0.00 0.00 0.00 0.00 1.01 3.73 6.29 7.58 9.65 10.92 8.79 8.69 8.20 8.85 7.12 4.87 2.82 0.76 0.00 0.00 0.00
0.00 0.00 0.00 0.00 0.00 0.00 0.00 1.07 3.52 5.84 6.15 7.71 8.72 9.17 9.24 8.80 7.19 5.65 3.73 2.55 0.61 0.00 0.00 0.00
0.00 0.00 0.00 0.00 0.00 0.00 0.00 0.59 2.77 4.86 7.93 10.33 11.96 12.84 12.94 12.25 10.28 8.27 5.59 2.63 0.79 0.00 0.00 0.00
0.00 0.00 0.00 0.00 0.00 0.00 0.00 1.48 22.05 41.91 78.67 102.01 118.63 118.93 120.72 115.10 93.52 72.88 50.48 29.12 9.36 0.00 0.00 0.00
0.00 0.00 0.00 0.00 0.00 0.00 0.00 1.01 5.21 9.23 14.43 19.16 22.28 23.47 23.71 22.51 18.23 14.49 9.96 4.17 1.45 0.00 0.00 0.00
0.00 0.00 0.00 0.00 0.00 0.00 0.00 1.71 7.63 13.25 17.14 22.34 26.13 28.50 28.38 26.69 16.19 12.71 8.70 4.55 1.48 0.00 0.00 0.00
0.00 0.00 0.00 0.00 0.00 0.00 0.00 0.78 3.49 6.07 7.86 10.24 11.97 13.06 13.01 12.23 7.42 5.83 3.99 2.09 0.68 0.00 0.00 0.00
0.00 0.00 0.00 0.00 0.00 0.00 0.00 1.30 6.58 11.63 17.96 23.81 27.74 29.35 29.59 28.02 23.20 18.47 12.67 5.48 1.90 0.00 0.00 0.00
0.00 0.00 0.00 0.00 0.00 0.00 0.00 0.58 2.53 4.39 6.49 8.53 9.97 12.07 12.00 11.12 6.70 5.34 3.69 1.89 0.63 0.00 0.00 0.00
0.00 0.00 0.00 0.00 0.00 0.00 0.00 2.47 24.62 46.11 79.98 109.25 131.38 143.79 144.02 137.18 111.18 90.16 62.74 36.17 14.21 0.00 0.00 0.00
0.00 0.00 0.00 0.00 0.00 0.00 0.00 2.46 11.64 20.47 31.46 40.79 47.41 49.89 50.65 47.83 43.84 36.13 25.99 14.57 6.36 0.00 0.00 0.00
0.00 0.00 0.00 0.00 0.00 0.00 0.00 0.52 2.62 4.65 7.10 9.19 10.71 11.34 11.44 10.79 9.71 7.88 5.67 3.34 1.44 0.00 0.00 0.00
0.00 0.00 0.00 0.00 0.00 0.00 0.00 0.63 3.36 6.00 8.89 11.53 13.33 14.11 14.11 13.46 12.32 10.16 7.33 4.21 1.78 0.00 0.00 0.00
0.00 0.00 0.00 0.00 0.00 0.00 0.00 1.00 5.38 9.59 14.23 18.45 21.33 22.57 22.58 21.54 19.72 16.25 11.73 6.74 2.84 0.00 0.00 0.00
0.00 0.00 0.00 0.00 0.00 0.00 0.00 2.32 96.78 188.94 297.35 391.61 458.53 510.04 526.67 519.88 486.64 402.48 294.77 173.89 79.93 0.00 0.00 0.00
