0.00 0.00 0.00 0.00 0.00 0.00 0.00 0.00 0.04 0.86 1.87 2.68 3.33 3.67 3.73 3.53 2.87 1.99 1.08 0.00 0.00 0.00 0.00 0.00
0.00 0.00 0.00 0.00 0.00 0.00 0.00 0.00 6.82 23.59 42.45 58.60 67.82 72.12 70.19 63.38 48.55 32.27 15.58 0.00 0.00 0.00 0.00 0.00
0.00 0.00 0.00 0.00 0.00 0.00 0.00 0.00 0.91 19.78 42.75 61.29 76.08 83.88 85.34 80.61 65.54 45.57 24.67 0.00 0.00 0.00 0.00 0.00
0.00 0.00 0.00 0.00 0.00 0.00 0.00 0.00 3.22 70.29 151.93 217.84 270.39 298.09 303.28 286.47 232.94 161.97 87.67 0.00 0.00 0.00 0.00 0.00
0.00 0.00 0.00 0.00 0.00 0.00 0.00 0.00 1.52 4.30 7.15 9.44 10.64 11.49 10.98 9.57 7.32 4.68 1.96 0.00 0.00 0.00 0.00 0.00
0.00 0.00 0.00 0.00 0.00 0.00 0.00 0.00 0.69 150.82 332.35 478.07 597.60 684.54 708.99 676.09 551.35 385.86 215.72 5.23 0.00 0.00 0.00 0.00
0.00 0.00 0.00 0.00 0.00 0.00 0.00 0.00 0.41 1.61 2.66 3.70 4.39 5.73 5.72 5.19 4.95 3.16 1.41 0.00 0.00 0.00 0.00 0.00
0.00 0.00 0.00 0.00 0.00 0.00 0.00 0.00 0.38 1.34 2.41 3.30 3.73 4.05 3.94 3.60 2.88 1.91 0.91 0.00 0.00 0.00 0.00 0.00
0.00 0.00 0.00 0.00 0.00 0.00 0.00 0.00 0.60 2.14 3.86 5.28 5.96 6.47 6.31 5.76 4.61 3.06 1.46 0.00 0.00 0.00 0.00 0.00
0.00 0.00 0.00 0.00 0.00 0.00 0.00 0.00 0.60 2.14 3.86 5.28 5.96 6.47 6.31 5.76 4.61 3.06 1.46 0.00 0.00 0.00 0.00 0.00
0.00 0.00 0.00 0.00 0.00 0.00 0.00 0.00 0.98 4.16 7.75 11.10 13.12 15.06 14.77 13.75 11.28 7.56 3.72 0.00 0.00 0.00 0.00 0.00
0.00 0.00 0.00 0.00 0.00 0.00 0.00 0.00 0.48 2.01 3.70 5.30 6.19 7.14 7.02 6.59 5.35 3.57 1.75 0.00 0.00 0.00 0.00 0.00
0.00 0.00 0.00 0.00 0.00 0.00 0.00 0.00 0.62 2.59 4.75 6.82 7.96 9.18 9.03 8.47 6.88 4.59 2.25 0.00 0.00 0.00 0.00 0.00
0.00 0.00 0.00 0.00 0.00 0.00 0.00 0.00 0.41 1.73 3.17 4.54 5.31 6.12 6.02 5.65 4.59 3.06 1.50 0.00 0.00 0.00 0.00 0.00
0.00 0.00 0.00 0.00 0.00 0.00 0.00 0.00 0.41 1.73 3.17 4.54 5.31 6.12 6.02 5.65 4.59 3.06 1.50 0.00 0.00 0.00 0.00 0.00
0.00 0.00 0.00 0.00 0.00 0.00 0.00 0.00 6.09 26.14 49.38 70.87 83.53 84.13 83.79 77.33 55.71 37.71 19.68 0.00 0.00 0.00 0.00 0.00
0.00 0.00 0.00 0.00 0.00 0.00 0.00 0.00 3.16 12.94 24.42 34.63 40.44 44.70 44.34 40.74 33.33 22.38 10.83 0.00 0.00 0.00 0.00 0.00
0.00 0.00 0.00 0.00 0.00 0.00 0.00 0.00 2.29 10.19 19.39 27.36 33.03 37.24 37.06 34.48 27.94 18.79 9.16 0.00 0.00 0.00 0.00 0.00
0.00 0.00 0.00 0.00 0.00 0.00 0.00 0.00 0.20 44.49 98.03 141.01 176.27 201.92 209.13 199.42 162.63 113.82 63.63 1.54 0.00 0.00 0.00 0.00
0.00 0.00 0.00 0.00 0.00 0.00 0.00 0.00 0.19 42.32 93.25 134.13 167.67 192.07 198.93 189.69 154.70 108.26 60.53 1.47 0.00 0.00 0.00 0.00
0.00 0.00 0.00 0.00 0.00 0.00 0.00 0.00 0.37 81.38 179.33 257.95 322.45 369.36 382.55 364.80 297.49 208.20 116.40 2.82 0.00 0.00 0.00 0.00
0.00 0.00 0.00 0.00 0.00 0.00 0.00 0.00 0.37 80.02 176.34 253.65 317.07 363.20 376.17 358.72 292.53 204.73 114.46 2.77 0.00 0.00 0.00 0.00
0.00 0.00 0.00 0.00 0.00 0.00 0.00 0.00 1.33 88.63 195.08 277.29 349.71 389.94 398.97 372.66 302.42 209.84 113.78 0.00 0.00 0.00 0.00 0.00
0.00 0.00 0.00 0.00 0.00 0.00 0.00 0.00 0.38 1.34 2.41 3.30 3.73 4.05 3.94 3.60 2.88 1.91 0.91 0.00 0.00 0.00 0.00 0.00
0.00 0.00 0.00 0.00 0.00 0.00 0.00 0.00 1.91 6.76 12.22 16.72 18.88 20.50 19.98 18.23 14.61 9.69 4.63 0.00 0.00 0.00 0.00 0.00
0.00 0.00 0.00 0.00 0.00 0.00 0.00 0.00 9.77 34.53 62.41 85.37 96.36 104.65 102.03 93.09 74.58 49.49 23.62 0.00 0.00 0.00 0.00 0.00
0.00 0.00 0.00 0.00 0.00 0.00 0.00 0.00 0.01 3.04 6.69 9.63 12.04 13.79 14.28 13.62 11.11 7.77 4.35 0.11 0.00 0.00 0.00 0.00
0.00 0.00 0.00 0.00 0.00 0.00 0.00 0.00 3.17 69.19 149.56 214.44 266.17 293.44 298.56 282.00 229.31 159.44 86.30 0.00 0.00 0.00 0.00 0.00
0.00 0.00 0.00 0.00 0.00 0.00 0.00 0.00 0.83 5.40 10.86 16.14 20.52 22.75 23.93 23.03 18.20 12.89 6.81 0.00 0.00 0.00 0.00 0.00
0.00 0.00 0.00 0.00 0.00 0.00 0.00 0.00 3.55 31.21 75.42 106.95 127.83 146.75 150.97 138.50 110.85 73.57 37.23 0.00 0.00 0.00 0.00 0.00
0.00 0.00 0.00 0.00 0.00 0.00 0.00 0.00 0.05 1.15 2.49 3.57 4.44 4.89 4.98 4.70 3.82 2.66 1.44 0.00 0.00 0.00 0.00 0.00
0.00 0.00 0.00 0.00 0.00 0.00 0.00 0.00 2.38 51.89 112.17 160.83 199.63 220.08 223.92 211.50 171.98 119.58 64.73 0.00 0.00 0.00 0.00 0.00
0.00 0.00 0.00 0.00 0.00 0.00 0.00 0.00 3.05 66.60 143.95 206.40 256.19 282.44 287.36 271.43 220.71 153.46 83.06 0.00 0.00 0.00 0.00 0.00
0.00 0.00 0.00 0.00 0.00 0.00 0.00 0.00 1.75 116.89 257.26 365.67 461.18 514.23 526.14 491.44 398.82 276.72 150.05 0.00 0.00 0.00 0.00 0.00
0.00 0.00 0.00 0.00 0.00 0.00 0.00 0.00 0.72 3.12 5.90 8.44 10.00 11.51 11.28 10.28 8.55 5.83 2.92 0.00 0.00 0.00 0.00 0.00
0.00 0.00 0.00 0.00 0.00 0.00 0.00 0.00 0.91 3.95 7.37 10.49 12.51 14.26 13.93 12.99 10.61 7.21 3.59 0.00 0.00 0.00 0.00 0.00
0.00 0.00 0.00 0.00 0.00 0.00 0.00 0.00 3.43 22.27 44.79 66.59 84.65 93.85 98.71 95.00 75.09 53.16 28.09 0.00 0.00 0.00 0.00 0.00
0.00 0.00 0.00 0.00 0.00 0.00 0.00 0.00 0.00 80.87 192.88 281.23 353.62 396.99 407.62 377.88 306.20 215.72 119.28 1.21 0.00 0.00 0.00 0.00
0.00 0.00 0.00 0.00 0.00 0.00 0.00 0.00 0.27 1.07 2.00 2.72 3.20 3.52 3.45 3.14 2.56 1.70 0.81 0.00 0.00 0.00 0.00 0.00
0.00 0.00 0.00 0.00 0.00 0.00 0.00 0.00 1.29 17.82 38.11 54.48 66.99 74.65 76.36 70.48 56.37 38.72 20.45 0.00 0.00 0.00 0.00 0.00
0.00 0.00 0.00 0.00 0.00 0.00 0.00 0.00 0.00 5.73 12.98 19.15 23.56 26.76 27.64 26.00 21.06 14.90 8.64 0.39 0.00 0.00 0.00 0.00
0.00 0.00 0.00 0.00 0.00 0.00 0.00 0.00 0.53 1.98 3.31 4.63 5.56 7.12 6.91 6.29 5.57 3.57 1.56 0.00 0.00 0.00 0.00 0.00
0.00 0.00 0.00 0.00 0.00 0.00 0.00 0.00 0.27 0.99 1.66 2.32 2.78 3.56 3.46 3.15 2.78 1.79 0.78 0.00 0.00 0.00 0.00 0.00
0.00 0.00 0.00 0.00 0.00 0.00 0.00 0.00 0.58 2.16 3.62 5.07 6.08 7.79 7.56 6.88 6.09 3.91 1.70 0.00 0.00 0.00 0.00 0.00
0.00 0.00 0.00 0.00 0.00 0.00 0.00 0.00 0.64 2.37 4.12 5.67 6.76 9.02 8.87 8.08 7.35 4.69 2.06 0.00 0.00 0.00 0.00 0.00
0.00 0.00 0.00 0.00 0.00 0.00 0.00 0.00 0.97 3.61 6.27 8.64 10.30 13.74 13.52 12.31 11.20 7.14 3.14 0.00 0.00 0.00 0.00 0.00
0.00 0.00 0.00 0.00 0.00 0.00 0.00 0.00 0.81 3.18 5.15 7.08 8.48 11.30 11.31 10.27 9.96 6.47 2.90 0.00 0.00 0.00 0.00 0.00
0.00 0.00 0.00 0.00 0.00 0.00 0.00 0.00 0.41 2.65 5.00 6.96 8.26 10.88 10.98 10.06 8.41 5.58 2.71 0.00 0.00 0.00 0.00 0.00
0.00 0.00 0.00 0.00 0.00 0.00 0.00 0.00 1.05 6.84 12.92 17.99 21.35 28.10 28.37 26.00 21.73 14.42 7.00 0.00 0.00 0.00 0.00 0.00
0.00 0.00 0.00 0.00 0.00 0.00 0.00 0.00 0.25 1.68 3.92 5.42 6.54 7.78 7.93 7.18 5.82 3.82 1.89 0.00 0.00 0.00 0.00 0.00
0.00 0.00 0.00 0.00 0.00 0.00 0.00 0.00 1.36 4.91 8.86 12.17 13.98 15.41 15.29 13.80 10.92 7.13 3.29 0.00 0.00 0.00 0.00 0.00
0.00 0.00 0.00 0.00 0.00 0.00 0.00 0.00 1.70 6.43 9.68 13.31 15.75 17.82 18.12 16.49 16.13 10.33 4.71 0.00 0.00 0.00 0.00 0.00
0.00 0.00 0.00 0.00 0.00 0.00 0.00 0.00 0.44 1.28 2.16 2.89 3.21 3.41 3.32 2.94 2.32 1.51 0.63 0.00 0.00 0.00 0.00 0.00
0.00 0.00 0.00 0.00 0.00 0.00 0.00 0.00 2.36 7.38 12.78 17.14 19.34 21.11 20.22 18.05 13.91 9.14 4.08 0.00 0.00 0.00 0.00 0.00
0.00 0.00 0.00 0.00 0.00 0.00 0.00 0.00 1.64 4.89 8.45 11.23 12.43 13.70 13.34 11.81 9.14 5.83 2.53 0.00 0.00 0.00 0.00 0.00
0.00 0.00 0.00 0.00 0.00 0.00 0.00 0.00 2.26 6.75 11.66 15.49 17.15 18.91 18.40 16.30 12.61 8.05 3.49 0.00 0.00 0.00 0.00 0.00
0.00 0.00 0.00 0.00 0.00 0.00 0.00 0.00 1.54 4.60 7.94 10.55 11.68 12.88 12.54 11.10 8.59 5.48 2.38 0.00 0.00 0.00 0.00 0.00
0.00 0.00 0.00 0.00 0.00 0.00 0.00 0.00 1.26 3.94 6.82 9.14 10.31 11.26 10.78 9.63 7.42 4.87 2.18 0.00 0.00 0.00 0.00 0.00
0.00 0.00 0.00 0.00 0.00 0.00 0.00 0.00 1.29 3.70 6.27 8.38 9.43 10.21 9.91 8.77 6.69 4.23 1.79 0.00 0.00 0.00 0.00 0.00
0.00 0.00 0.00 0.00 0.00 0.00 0.00 0.00 1.08 3.83 6.92 9.46 10.68 11.60 11.31 10.32 8.27 5.49 2.62 0.00 0.00 0.00 0.00 0.00
0.00 0.00 0.00 0.00 0.00 0.00 0.00 0.00 7.92 34.02 64.28 92.25 108.73 109.51 109.06 100.65 72.51 49.09 25.62 0.00 0.00 0.00 0.00 0.00
0.00 0.00 0.00 0.00 0.00 0.00 0.00 0.00 1.11 4.71 8.79 12.58 14.87 17.07 16.74 15.59 12.78 8.57 4.21 0.00 0.00 0.00 0.00 0.00
0.00 0.00 0.00 0.00 0.00 0.00 0.00 0.00 2.01 7.64 14.13 19.39 22.59 24.77 24.62 22.71 18.27 12.27 5.86 0.00 0.00 0.00 0.00 0.00
0.00 0.00 0.00 0.00 0.00 0.00 0.00 0.00 0.92 3.50 6.47 8.89 10.36 11.35 11.29 10.41 8.38 5.63 2.68 0.00 0.00 0.00 0.00 0.00
0.00 0.00 0.00 0.00 0.00 0.00 0.00 0.00 1.36 5.77 10.86 15.51 18.34 20.92 20.56 19.06 15.59 10.55 5.18 0.00 0.00 0.00 0.00 0.00
0.00 0.00 0.00 0.00 0.00 0.00 0.00 0.00 0.66 2.60 4.85 6.62 7.76 8.54 8.39 7.63 6.21 4.12 1.96 0.00 0.00 0.00 0.00 0.00
0.00 0.00 0.00 0.00 0.00 0.00 0.00 0.00 3.55 23.06 46.38 68.94 87.64 97.17 102.20 98.35 77.75 55.04 29.08 0.00 0.00 0.00 0.00 0.00
0.00 0.00 0.00 0.00 0.00 0.00 0.00 0.00 0.85 7.46 18.03 25.57 30.57 35.09 36.10 33.12 26.51 17.59 8.90 0.00 0.00 0.00 0.00 0.00
0.00 0.00 0.00 0.00 0.00 0.00 0.00 0.00 0.23 1.96 4.14 5.90 7.10 7.95 8.05 7.37 5.86 3.99 2.04 0.00 0.00 0.00 0.00 0.00
0.00 0.00 0.00 0.00 0.00 0.00 0.00 0.00 0.33 2.49 5.06 7.13 8.69 9.83 9.89 9.06 7.37 5.05 2.58 0.00 0.00 0.00 0.00 0.00
0.00 0.00 0.00 0.00 0.00 0.00 0.00 0.00 0.52 3.98 8.10 11.42 13.91 15.72 15.83 14.50 11.80 8.08 4.13 0.00 0.00 0.00 0.00 0.00
0.00 0.00 0.00 0.00 0.00 0.00 0.00 0.00 0.38 82.73 182.32 262.25 327.82 375.51 388.93 370.88 302.45 211.67 118.34 2.87 0.00 0.00 0.00 0.00
