0.00 0.00 0.00 0.00 0.00 0.00 0.00 0.00 0.00 0.05 0.36 0.61 0.89 1.01 1.06 1.00 0.58 0.39 0.20 0.00 0.00 0.00 0.00 0.00
0.00 0.00 0.00 0.00 0.00 0.00 0.00 0.00 0.00 1.23 5.60 8.57 11.29 13.86 14.09 13.54 16.98 11.59 5.45 0.00 0.00 0.00 0.00 0.00
0.00 0.00 0.00 0.00 0.00 0.00 0.00 0.00 0.00 1.17 8.13 14.06 20.24 23.07 24.17 22.83 13.25 8.95 4.52 0.00 0.00 0.00 0.00 0.00
0.00 0.00 0.00 0.00 0.00 0.00 0.00 0.00 0.00 4.14 28.88 49.98 71.93 82.00 85.90 81.14 47.08 31.81 16.05 0.00 0.00 0.00 0.00 0.00
0.00 0.00 0.00 0.00 0.00 0.00 0.00 0.00 0.00 0.32 1.01 1.51 1.96 1.79 1.81 1.64 1.27 0.84 0.32 0.00 0.00 0.00 0.00 0.00
0.00 0.00 0.00 0.00 0.00 0.00 0.00 0.00 0.00 5.53 50.36 88.22 128.62 165.72 174.64 164.42 144.93 99.57 52.92 0.00 0.00 0.00 0.00 0.00
0.00 0.00 0.00 0.00 0.00 0.00 0.00 0.00 0.00 0.34 1.23 1.92 2.59 3.24 3.30 3.00 2.55 1.70 0.65 0.00 0.00 0.00 0.00 0.00
0.00 0.00 0.00 0.00 0.00 0.00 0.00 0.00 0.00 0.08 0.25 0.38 0.51 0.79 0.83 0.78 0.93 0.63 0.28 0.00 0.00 0.00 0.00 0.00
0.00 0.00 0.00 0.00 0.00 0.00 0.00 0.00 0.00 0.12 0.40 0.61 0.81 1.27 1.33 1.25 1.49 1.01 0.45 0.00 0.00 0.00 0.00 0.00
0.00 0.00 0.00 0.00 0.00 0.00 0.00 0.00 0.00 0.12 0.40 0.61 0.81 1.27 1.33 1.25 1.49 1.01 0.45 0.00 0.00 0.00 0.00 0.00
0.00 0.00 0.00 0.00 0.00 0.00 0.00 0.00 0.00 0.28 0.86 1.34 1.84 2.44 2.56 2.43 2.52 1.74 0.80 0.00 0.00 0.00 0.00 0.00
0.00 0.00 0.00 0.00 0.00 0.00 0.00 0.00 0.00 0.13 0.38 0.59 0.83 1.08 1.12 1.06 1.17 0.80 0.37 0.00 0.00 0.00 0.00 0.00
0.00 0.00 0.00 0.00 0.00 0.00 0.00 0.00 0.00 0.16 0.49 0.76 1.06 1.39 1.44 1.37 1.51 1.02 0.47 0.00 0.00 0.00 0.00 0.00
0.00 0.00 0.00 0.00 0.00 0.00 0.00 0.00 0.00 0.11 0.33 0.51 0.71 0.93 0.96 0.91 1.01 0.68 0.32 0.00 0.00 0.00 0.00 0.00
0.00 0.00 0.00 0.00 0.00 0.00 0.00 0.00 0.00 0.11 0.33 0.51 0.71 0.93 0.96 0.91 1.01 0.68 0.32 0.00 0.00 0.00 0.00 0.00
0.00 0.00 0.00 0.00 0.00 0.00 0.00 0.00 0.00 4.92 13.38 20.78 29.40 32.99 34.66 33.28 34.37 23.54 12.15 0.00 0.00 0.00 0.00 0.00
0.00 0.00 0.00 0.00 0.00 0.00 0.00 0.00 0.00 1.11 3.03 4.72 6.37 7.35 7.70 7.24 6.81 4.58 2.07 0.00 0.00 0.00 0.00 0.00
0.00 0.00 0.00 0.00 0.00 0.00 0.00 0.00 0.00 1.33 4.23 6.67 9.01 6.56 6.76 6.34 5.62 3.86 1.74 0.00 0.00 0.00 0.00 0.00
0.00 0.00 0.00 0.00 0.00 0.00 0.00 0.00 0.00 1.63 14.86 26.02 37.94 48.88 51.51 48.50 42.75 29.37 15.61 0.00 0.00 0.00 0.00 0.00
0.00 0.00 0.00 0.00 0.00 0.00 0.00 0.00 0.00 1.55 14.13 24.75 36.09 46.50 49.00 46.13 40.66 27.94 14.85 0.00 0.00 0.00 0.00 0.00
0.00 0.00 0.00 0.00 0.00 0.00 0.00 0.00 0.00 2.98 27.17 47.60 69.40 89.42 94.23 88.71 78.20 53.73 28.56 0.00 0.00 0.00 0.00 0.00
0.00 0.00 0.00 0.00 0.00 0.00 0.00 0.00 0.00 2.93 26.72 46.80 68.24 87.93 92.66 87.24 76.90 52.83 28.08 0.00 0.00 0.00 0.00 0.00
0.00 0.00 0.00 0.00 0.00 0.00 0.00 0.00 0.00 5.89 76.48 135.21 194.08 229.74 239.32 224.92 177.21 120.07 60.01 0.00 0.00 0.00 0.00 0.00
0.00 0.00 0.00 0.00 0.00 0.00 0.00 0.00 0.00 0.08 0.25 0.38 0.51 0.79 0.83 0.78 0.93 0.63 0.28 0.00 0.00 0.00 0.00 0.00
0.00 0.00 0.00 0.00 0.00 0.00 0.00 0.00 0.00 0.38 1.27 1.94 2.56 4.02 4.21 3.96 4.71 3.19 1.44 0.00 0.00 0.00 0.00 0.00
0.00 0.00 0.00 0.00 0.00 0.00 0.00 0.00 0.00 1.95 6.48 9.90 13.07 20.52 21.51 20.20 24.05 16.26 7.35 0.00 0.00 0.00 0.00 0.00
0.00 0.00 0.00 0.00 0.00 0.00 0.00 0.00 0.00 0.11 1.01 1.78 2.59 3.34 3.52 3.31 2.92 2.01 1.07 0.00 0.00 0.00 0.00 0.00
0.00 0.00 0.00 0.00 0.00 0.00 0.00 0.00 0.00 4.08 28.43 49.20 70.81 80.72 84.56 79.88 46.35 31.31 15.80 0.00 0.00 0.00 0.00 0.00
0.00 0.00 0.00 0.00 0.00 0.00 0.00 0.00 0.00 0.80 3.07 4.97 6.82 6.91 7.47 7.19 6.78 4.97 2.51 0.00 0.00 0.00 0.00 0.00
0.00 0.00 0.00 0.00 0.00 0.00 0.00 0.00 0.00 4.21 28.05 47.37 66.54 79.69 81.46 75.73 62.59 43.23 19.60 0.00 0.00 0.00 0.00 0.00
0.00 0.00 0.00 0.00 0.00 0.00 0.00 0.00 0.00 0.07 0.47 0.82 1.18 1.35 1.41 1.33 0.77 0.52 0.26 0.00 0.00 0.00 0.00 0.00
0.00 0.00 0.00 0.00 0.00 0.00 0.00 0.00 0.00 3.06 21.32 36.90 53.10 60.54 63.42 59.91 34.76 23.48 11.85 0.00 0.00 0.00 0.00 0.00
0.00 0.00 0.00 0.00 0.00 0.00 0.00 0.00 0.00 3.93 27.36 47.35 68.15 77.69 81.39 76.88 44.61 30.14 15.21 0.00 0.00 0.00 0.00 0.00
0.00 0.00 0.00 0.00 0.00 0.00 0.00 0.00 0.00 7.76 100.86 178.31 255.94 302.97 315.60 296.61 233.69 158.34 79.14 0.00 0.00 0.00 0.00 0.00
0.00 0.00 0.00 0.00 0.00 0.00 0.00 0.00 0.00 0.25 0.61 0.95 1.35 2.78 2.98 2.79 2.18 1.48 0.70 0.00 0.00 0.00 0.00 0.00
0.00 0.00 0.00 0.00 0.00 0.00 0.00 0.00 0.00 0.29 0.74 1.16 1.64 2.85 3.03 2.86 2.54 1.73 0.81 0.00 0.00 0.00 0.00 0.00
0.00 0.00 0.00 0.00 0.00 0.00 0.00 0.00 0.00 3.31 12.66 20.51 28.14 28.49 30.80 29.64 27.95 20.50 10.35 0.00 0.00 0.00 0.00 0.00
0.00 0.00 0.00 0.00 0.00 0.00 0.00 0.00 0.00 0.00 69.76 134.58 192.71 213.05 228.83 217.03 195.22 133.78 66.35 0.00 0.00 0.00 0.00 0.00
0.00 0.00 0.00 0.00 0.00 0.00 0.00 0.00 0.00 0.12 0.31 0.48 0.65 0.55 0.58 0.54 0.53 0.36 0.16 0.00 0.00 0.00 0.00 0.00
0.00 0.00 0.00 0.00 0.00 0.00 0.00 0.00 0.00 1.49 12.54 21.51 30.64 39.17 40.23 37.37 32.91 22.53 10.93 0.00 0.00 0.00 0.00 0.00
0.00 0.00 0.00 0.00 0.00 0.00 0.00 0.00 0.00 0.43 5.94 10.63 15.50 20.33 21.94 20.61 16.77 11.86 6.64 0.29 0.00 0.00 0.00 0.00
0.00 0.00 0.00 0.00 0.00 0.00 0.00 0.00 0.00 0.37 1.47 2.28 3.06 3.83 3.82 3.48 2.95 1.95 0.72 0.00 0.00 0.00 0.00 0.00
0.00 0.00 0.00 0.00 0.00 0.00 0.00 0.00 0.00 0.18 0.73 1.14 1.53 1.91 1.91 1.74 1.47 0.97 0.36 0.00 0.00 0.00 0.00 0.00
0.00 0.00 0.00 0.00 0.00 0.00 0.00 0.00 0.00 0.40 1.60 2.49 3.34 4.19 4.18 3.80 3.22 2.13 0.79 0.00 0.00 0.00 0.00 0.00
0.00 0.00 0.00 0.00 0.00 0.00 0.00 0.00 0.00 0.49 1.80 2.79 3.71 4.59 4.65 4.30 3.60 2.39 0.91 0.00 0.00 0.00 0.00 0.00
0.00 0.00 0.00 0.00 0.00 0.00 0.00 0.00 0.00 0.75 2.74 4.25 5.65 7.00 7.08 6.56 5.49 3.65 1.38 0.00 0.00 0.00 0.00 0.00
0.00 0.00 0.00 0.00 0.00 0.00 0.00 0.00 0.00 0.66 2.47 3.87 5.31 6.55 6.56 5.95 5.06 3.38 1.31 0.00 0.00 0.00 0.00 0.00
0.00 0.00 0.00 0.00 0.00 0.00 0.00 0.00 0.00 0.41 2.35 3.89 5.41 7.14 7.24 6.82 5.89 4.00 1.69 0.00 0.00 0.00 0.00 0.00
0.00 0.00 0.00 0.00 0.00 0.00 0.00 0.00 0.00 1.06 6.06 10.06 13.96 18.46 18.69 17.62 15.22 10.34 4.37 0.00 0.00 0.00 0.00 0.00
0.00 0.00 0.00 0.00 0.00 0.00 0.00 0.00 0.00 0.27 1.52 2.52 3.48 4.43 4.48 4.22 3.57 2.46 1.09 0.00 0.00 0.00 0.00 0.00
0.00 0.00 0.00 0.00 0.00 0.00 0.00 0.00 0.00 0.59 1.70 2.61 3.47 2.30 2.37 2.23 2.04 1.38 0.58 0.00 0.00 0.00 0.00 0.00
0.00 0.00 0.00 0.00 0.00 0.00 0.00 0.00 0.00 1.11 3.84 5.94 8.11 8.18 8.39 7.68 7.42 5.01 2.04 0.00 0.00 0.00 0.00 0.00
0.00 0.00 0.00 0.00 0.00 0.00 0.00 0.00 0.00 0.09 0.33 0.48 0.63 0.76 0.77 0.71 0.38 0.25 0.09 0.00 0.00 0.00 0.00 0.00
0.00 0.00 0.00 0.00 0.00 0.00 0.00 0.00 0.00 0.45 1.69 2.54 3.38 2.65 2.67 2.45 2.47 1.66 0.68 0.00 0.00 0.00 0.00 0.00
0.00 0.00 0.00 0.00 0.00 0.00 0.00 0.00 0.00 0.35 1.22 1.83 2.40 2.46 2.48 2.27 1.42 0.94 0.37 0.00 0.00 0.00 0.00 0.00
0.00 0.00 0.00 0.00 0.00 0.00 0.00 0.00 0.00 0.48 1.68 2.53 3.31 3.39 3.43 3.13 1.97 1.30 0.52 0.00 0.00 0.00 0.00 0.00
0.00 0.00 0.00 0.00 0.00 0.00 0.00 0.00 0.00 0.33 1.14 1.72 2.26 2.31 2.33 2.14 1.34 0.89 0.35 0.00 0.00 0.00 0.00 0.00
0.00 0.00 0.00 0.00 0.00 0.00 0.00 0.00 0.00 0.24 0.90 1.36 1.80 1.41 1.42 1.31 1.32 0.89 0.37 0.00 0.00 0.00 0.00 0.00
0.00 0.00 0.00 0.00 0.00 0.00 0.00 0.00 0.00 0.28 0.91 1.36 1.73 1.58 1.62 1.47 1.16 0.77 0.30 0.00 0.00 0.00 0.00 0.00
0.00 0.00 0.00 0.00 0.00 0.00 0.00 0.00 0.00 0.22 0.72 1.10 1.45 2.27 2.38 2.24 2.67 1.80 0.81 0.00 0.00 0.00 0.00 0.00
0.00 0.00 0.00 0.00 0.00 0.00 0.00 0.00 0.00 6.41 17.42 27.05 38.27 42.94 45.12 43.31 44.74 30.64 15.81 0.00 0.00 0.00 0.00 0.00
0.00 0.00 0.00 0.00 0.00 0.00 0.00 0.00 0.00 0.32 0.97 1.52 2.08 2.77 2.90 2.75 2.85 1.97 0.91 0.00 0.00 0.00 0.00 0.00
0.00 0.00 0.00 0.00 0.00 0.00 0.00 0.00 0.00 0.40 1.52 2.34 3.23 3.38 3.46 3.27 3.79 2.58 1.15 0.00 0.00 0.00 0.00 0.00
0.00 0.00 0.00 0.00 0.00 0.00 0.00 0.00 0.00 0.18 0.69 1.07 1.48 1.55 1.59 1.50 1.74 1.18 0.53 0.00 0.00 0.00 0.00 0.00
0.00 0.00 0.00 0.00 0.00 0.00 0.00 0.00 0.00 0.38 1.22 1.91 2.61 3.43 3.58 3.40 3.29 2.28 1.05 0.00 0.00 0.00 0.00 0.00
0.00 0.00 0.00 0.00 0.00 0.00 0.00 0.00 0.00 0.29 0.75 1.16 1.58 1.35 1.40 1.32 1.30 0.88 0.39 0.00 0.00 0.00 0.00 0.00
0.00 0.00 0.00 0.00 0.00 0.00 0.00 0.00 0.00 3.43 13.10 21.23 29.13 29.50 31.89 30.69 28.94 21.23 10.71 0.00 0.00 0.00 0.00 0.00
0.00 0.00 0.00 0.00 0.00 0.00 0.00 0.00 0.00 1.01 6.71 11.33 15.91 19.06 19.48 18.11 14.97 10.34 4.69 0.00 0.00 0.00 0.00 0.00
0.00 0.00 0.00 0.00 0.00 0.00 0.00 0.00 0.00 0.20 1.29 2.17 3.03 4.02 4.09 3.80 3.12 2.15 0.99 0.00 0.00 0.00 0.00 0.00
0.00 0.00 0.00 0.00 0.00 0.00 0.00 0.00 0.00 0.27 1.46 2.43 3.39 4.52 4.69 4.37 3.54 2.42 1.13 0.00 0.00 0.00 0.00 0.00
0.00 0.00 0.00 0.00 0.00 0.00 0.00 0.00 0.00 0.43 2.34 3.89 5.43 7.23 7.50 7.00 5.66 3.87 1.81 0.00 0.00 0.00 0.00 0.00
0.00 0.00 0.00 0.00 0.00 0.00 0.00 0.00 0.00 3.03 27.63 48.39 70.55 90.91 95.80 90.19 79.50 54.62 29.03 0.00 0.00 0.00 0.00 0.00
