0.00 0.00 0.00 0.00 0.00 0.00 0.00 0.00 0.51 1.56 2.67 3.79 4.65 5.16 5.22 5.00 4.36 3.41 2.25 0.89 0.07 0.00 0.00 0.00
0.00 0.00 0.00 0.00 0.00 0.00 0.00 0.00 10.62 25.05 40.85 56.03 68.26 73.65 73.88 69.19 56.84 43.67 27.04 7.76 0.00 0.00 0.00 0.00
0.00 0.00 0.00 0.00 0.00 0.00 0.00 0.00 11.74 35.61 61.03 86.76 106.26 118.10 119.26 114.28 99.64 77.95 51.38 20.46 1.63 0.00 0.00 0.00
0.00 0.00 0.00 0.00 0.00 0.00 0.00 0.00 41.72 126.57 216.90 308.35 377.64 419.73 423.86 406.15 354.10 277.03 182.59 72.73 5.79 0.00 0.00 0.00
0.00 0.00 0.00 0.00 0.00 0.00 0.00 0.00 2.10 4.36 3.53 4.77 5.54 5.93 5.87 5.52 9.58 7.13 4.21 0.90 0.00 0.00 0.00 0.00
0.00 0.00 0.00 0.00 0.00 0.00 0.00 0.00 80.22 271.09 497.22 709.18 867.50 950.94 969.17 916.42 793.79 625.83 426.77 178.92 21.39 0.00 0.00 0.00
0.00 0.00 0.00 0.00 0.00 0.00 0.00 0.00 1.28 2.85 4.98 6.89 8.05 9.07 9.03 8.54 7.30 5.40 3.33 0.98 0.00 0.00 0.00 0.00
0.00 0.00 0.00 0.00 0.00 0.00 0.00 0.00 0.53 1.22 2.26 3.12 3.71 4.08 4.19 3.94 3.21 2.49 1.55 0.47 0.00 0.00 0.00 0.00
0.00 0.00 0.00 0.00 0.00 0.00 0.00 0.00 0.84 1.96 3.62 5.00 5.94 6.53 6.70 6.30 5.13 3.99 2.47 0.76 0.00 0.00 0.00 0.00
0.00 0.00 0.00 0.00 0.00 0.00 0.00 0.00 0.84 1.96 3.62 5.00 5.94 6.53 6.70 6.30 5.13 3.99 2.47 0.76 0.00 0.00 0.00 0.00
0.00 0.00 0.00 0.00 0.00 0.00 0.00 0.00 2.25 5.49 9.43 13.17 16.05 17.45 17.59 16.94 15.06 11.53 7.38 2.37 0.00 0.00 0.00 0.00
0.00 0.00 0.00 0.00 0.00 0.00 0.00 0.00 1.06 2.58 4.52 6.20 7.48 8.05 8.13 7.86 6.97 5.36 3.33 1.06 0.00 0.00 0.00 0.00
0.00 0.00 0.00 0.00 0.00 0.00 0.00 0.00 1.36 3.32 5.81 7.97 9.62 10.35 10.45 10.11 8.97 6.89 4.29 1.36 0.00 0.00 0.00 0.00
0.00 0.00 0.00 0.00 0.00 0.00 0.00 0.00 0.91 2.21 3.87 5.31 6.41 6.90 6.96 6.74 5.98 4.59 2.86 0.91 0.00 0.00 0.00 0.00
0.00 0.00 0.00 0.00 0.00 0.00 0.00 0.00 0.91 2.21 3.87 5.31 6.41 6.90 6.96 6.74 5.98 4.59 2.86 0.91 0.00 0.00 0.00 0.00
0.00 0.00 0.00 0.00 0.00 0.00 0.00 0.00 10.56 28.18 50.79 71.73 88.73 100.44 104.11 99.61 83.83 64.66 40.22 13.50 0.00 0.00 0.00 0.00
0.00 0.00 0.00 0.00 0.00 0.00 0.00 0.00 7.15 17.11 28.53 40.39 49.16 53.34 52.65 50.08 45.25 34.58 22.14 6.94 0.00 0.00 0.00 0.00
0.00 0.00 0.00 0.00 0.00 0.00 0.00 0.00 6.32 15.34 25.54 34.75 42.25 46.01 46.39 44.59 39.54 30.32 19.32 6.21 0.00 0.00 0.00 0.00
0.00 0.00 0.00 0.00 0.00 0.00 0.00 0.00 23.66 79.96 146.66 209.18 255.88 280.49 285.87 270.31 234.14 184.60 125.88 52.78 6.31 0.00 0.00 0.00
0.00 0.00 0.00 0.00 0.00 0.00 0.00 0.00 22.51 76.06 139.51 198.98 243.40 266.81 271.92 257.12 222.72 175.59 119.74 50.20 6.00 0.00 0.00 0.00
0.00 0.00 0.00 0.00 0.00 0.00 0.00 0.00 43.28 146.27 268.28 382.65 468.08 513.09 522.93 494.47 428.31 337.68 230.27 96.54 11.54 0.00 0.00 0.00
0.00 0.00 0.00 0.00 0.00 0.00 0.00 0.00 42.56 143.84 263.81 376.27 460.27 504.54 514.22 486.23 421.17 332.05 226.43 94.93 11.35 0.00 0.00 0.00
0.00 0.00 0.00 0.00 0.00 0.00 0.00 0.00 56.52 174.26 297.66 415.70 500.38 549.85 552.89 523.61 459.90 358.44 239.00 97.11 9.86 0.00 0.00 0.00
0.00 0.00 0.00 0.00 0.00 0.00 0.00 0.00 0.53 1.22 2.26 3.12 3.71 4.08 4.19 3.94 3.21 2.49 1.55 0.47 0.00 0.00 0.00 0.00
0.00 0.00 0.00 0.00 0.00 0.00 0.00 0.00 2.67 6.19 11.45 15.83 18.80 20.69 21.21 19.94 16.24 12.63 7.83 2.40 0.00 0.00 0.00 0.00
0.00 0.00 0.00 0.00 0.00 0.00 0.00 0.00 13.61 31.61 58.46 80.82 95.96 105.63 108.28 101.81 82.90 64.49 39.97 12.25 0.00 0.00 0.00 0.00
0.00 0.00 0.00 0.00 0.00 0.00 0.00 0.00 1.62 5.46 10.02 14.29 17.47 19.16 19.52 18.46 15.99 12.61 8.60 3.60 0.43 0.00 0.00 0.00
0.00 0.00 0.00 0.00 0.00 0.00 0.00 0.00 41.07 124.60 213.52 303.55 371.75 413.19 417.25 399.81 348.58 272.72 179.75 71.59 5.70 0.00 0.00 0.00
0.00 0.00 0.00 0.00 0.00 0.00 0.00 0.00 2.94 8.20 14.21 20.37 25.92 29.57 30.47 29.13 25.17 19.68 13.25 5.15 0.00 0.00 0.00 0.00
0.00 0.00 0.00 0.00 0.00 0.00 0.00 0.00 24.93 65.86 111.97 157.39 185.20 199.82 199.90 188.93 162.95 125.33 81.10 28.77 0.00 0.00 0.00 0.00
0.00 0.00 0.00 0.00 0.00 0.00 0.00 0.00 0.68 2.08 3.56 5.06 6.20 6.89 6.95 6.66 5.81 4.55 3.00 1.19 0.09 0.00 0.00 0.00
0.00 0.00 0.00 0.00 0.00 0.00 0.00 0.00 30.80 93.45 160.14 227.66 278.81 309.89 312.94 299.86 261.44 204.54 134.81 53.69 4.27 0.00 0.00 0.00
0.00 0.00 0.00 0.00 0.00 0.00 0.00 0.00 39.53 119.92 205.51 292.16 357.81 397.70 401.60 384.82 335.51 262.49 173.01 68.91 5.49 0.00 0.00 0.00
0.00 0.00 0.00 0.00 0.00 0.00 0.00 0.00 74.54 229.80 392.54 548.21 659.87 725.12 729.12 690.51 606.50 472.69 315.18 128.06 13.01 0.00 0.00 0.00
0.00 0.00 0.00 0.00 0.00 0.00 0.00 0.00 1.61 4.03 6.89 9.60 11.55 12.76 13.10 12.48 10.87 8.34 5.30 1.75 0.00 0.00 0.00 0.00
0.00 0.00 0.00 0.00 0.00 0.00 0.00 0.00 2.03 5.05 8.67 12.09 14.56 15.98 16.25 15.60 13.64 10.42 6.64 2.13 0.00 0.00 0.00 0.00
0.00 0.00 0.00 0.00 0.00 0.00 0.00 0.00 12.12 33.82 58.62 84.01 106.93 121.96 125.67 120.16 103.82 81.19 54.66 21.23 0.00 0.00 0.00 0.00
0.00 0.00 0.00 0.00 0.00 0.00 0.00 0.00 49.07 164.14 280.68 385.24 478.03 518.64 523.39 496.21 447.43 359.47 247.61 109.27 19.94 0.00 0.00 0.00
0.00 0.00 0.00 0.00 0.00 0.00 0.00 0.00 0.58 1.37 2.29 3.21 3.88 4.09 4.04 3.75 3.36 2.60 1.65 0.51 0.00 0.00 0.00 0.00
0.00 0.00 0.00 0.00 0.00 0.00 0.00 0.00 11.01 31.57 54.39 75.70 92.46 102.10 103.54 97.17 85.33 67.08 43.64 16.85 0.85 0.00 0.00 0.00
0.00 0.00 0.00 0.00 0.00 0.00 0.00 0.00 2.50 10.00 18.09 26.04 31.99 34.78 34.35 32.52 29.00 23.34 15.99 7.01 1.18 0.00 0.00 0.00
0.00 0.00 0.00 0.00 0.00 0.00 0.00 0.00 1.40 3.06 5.53 7.62 9.00 10.30 10.29 9.60 8.41 6.21 3.79 1.12 0.00 0.00 0.00 0.00
0.00 0.00 0.00 0.00 0.00 0.00 0.00 0.00 0.70 1.53 2.76 3.81 4.50 5.15 5.15 4.80 4.21 3.10 1.89 0.56 0.00 0.00 0.00 0.00
0.00 0.00 0.00 0.00 0.00 0.00 0.00 0.00 1.53 3.35 6.04 8.33 9.84 11.26 11.26 10.50 9.20 6.79 4.14 1.22 0.00 0.00 0.00 0.00
0.00 0.00 0.00 0.00 0.00 0.00 0.00 0.00 1.88 4.12 6.54 9.11 10.85 13.65 13.55 12.67 11.02 8.05 4.96 1.46 0.00 0.00 0.00 0.00
0.00 0.00 0.00 0.00 0.00 0.00 0.00 0.00 2.86 6.28 9.97 13.88 16.54 20.81 20.64 19.31 16.79 12.27 7.56 2.22 0.00 0.00 0.00 0.00
0.00 0.00 0.00 0.00 0.00 0.00 0.00 0.00 2.66 5.94 10.12 13.97 16.57 18.47 18.49 17.22 14.82 11.06 6.84 2.04 0.00 0.00 0.00 0.00
0.00 0.00 0.00 0.00 0.00 0.00 0.00 0.00 2.11 5.24 8.83 12.12 14.71 15.99 15.68 14.68 12.72 9.78 6.18 2.08 0.00 0.00 0.00 0.00
0.00 0.00 0.00 0.00 0.00 0.00 0.00 0.00 5.46 13.54 22.80 31.32 37.99 41.31 40.50 37.93 32.86 25.27 15.96 5.36 0.00 0.00 0.00 0.00
0.00 0.00 0.00 0.00 0.00 0.00 0.00 0.00 1.37 3.49 5.94 8.34 10.10 10.96 10.83 10.21 8.73 6.59 4.18 1.47 0.00 0.00 0.00 0.00
0.00 0.00 0.00 0.00 0.00 0.00 0.00 0.00 2.65 6.00 10.06 13.75 16.55 15.88 15.72 14.63 12.82 9.92 6.20 2.01 0.00 0.00 0.00 0.00
0.00 0.00 0.00 0.00 0.00 0.00 0.00 0.00 5.03 11.37 17.49 23.85 28.37 29.82 29.82 28.21 27.07 20.53 12.45 3.66 0.00 0.00 0.00 0.00
0.00 0.00 0.00 0.00 0.00 0.00 0.00 0.00 0.62 1.29 1.12 1.51 1.77 2.69 2.65 2.54 2.70 2.00 1.20 0.25 0.00 0.00 0.00 0.00
0.00 0.00 0.00 0.00 0.00 0.00 0.00 0.00 3.11 6.77 7.45 10.03 11.98 20.11 19.98 18.78 16.52 12.45 7.66 1.92 0.00 0.00 0.00 0.00
0.00 0.00 0.00 0.00 0.00 0.00 0.00 0.00 2.24 4.77 4.10 5.53 6.45 11.04 11.13 10.57 11.33 8.49 5.12 1.25 0.00 0.00 0.00 0.00
0.00 0.00 0.00 0.00 0.00 0.00 0.00 0.00 3.09 6.58 5.66 7.63 8.91 15.23 15.36 14.59 15.63 11.71 7.07 1.73 0.00 0.00 0.00 0.00
0.00 0.00 0.00 0.00 0.00 0.00 0.00 0.00 2.10 4.48 3.85 5.20 6.07 10.38 10.46 9.94 10.65 7.98 4.82 1.18 0.00 0.00 0.00 0.00
0.00 0.00 0.00 0.00 0.00 0.00 0.00 0.00 1.66 3.61 3.97 5.35 6.39 10.73 10.66 10.02 8.81 6.64 4.09 1.03 0.00 0.00 0.00 0.00
0.00 0.00 0.00 0.00 0.00 0.00 0.00 0.00 1.82 3.81 3.31 4.47 5.15 6.36 6.25 5.85 8.52 6.37 3.80 0.85 0.00 0.00 0.00 0.00
0.00 0.00 0.00 0.00 0.00 0.00 0.00 0.00 1.51 3.50 6.48 8.96 10.63 11.71 12.00 11.28 9.19 7.15 4.43 1.36 0.00 0.00 0.00 0.00
0.00 0.00 0.00 0.00 0.00 0.00 0.00 0.00 13.74 36.68 66.11 93.36 115.49 130.73 135.50 129.65 109.11 84.16 52.35 17.58 0.00 0.00 0.00 0.00
0.00 0.00 0.00 0.00 0.00 0.00 0.00 0.00 2.55 6.22 10.68 14.93 18.19 19.78 19.94 19.20 17.07 13.06 8.36 2.69 0.00 0.00 0.00 0.00
0.00 0.00 0.00 0.00 0.00 0.00 0.00 0.00 3.84 8.97 15.74 21.55 26.07 24.62 24.38 23.05 21.34 16.54 10.54 3.18 0.00 0.00 0.00 0.00
0.00 0.00 0.00 0.00 0.00 0.00 0.00 0.00 1.76 4.11 7.22 9.88 11.95 11.28 11.17 10.56 9.78 7.58 4.83 1.46 0.00 0.00 0.00 0.00
0.00 0.00 0.00 0.00 0.00 0.00 0.00 0.00 3.16 7.70 13.15 18.55 22.66 24.62 24.73 23.72 21.17 16.19 10.48 3.36 0.00 0.00 0.00 0.00
0.00 0.00 0.00 0.00 0.00 0.00 0.00 0.00 1.42 3.33 5.56 7.79 9.42 9.93 9.82 9.12 8.15 6.31 4.01 1.23 0.00 0.00 0.00 0.00
0.00 0.00 0.00 0.00 0.00 0.00 0.00 0.00 12.55 35.02 60.70 86.98 110.71 126.28 130.11 124.41 107.49 84.06 56.59 21.98 0.00 0.00 0.00 0.00
0.00 0.00 0.00 0.00 0.00 0.00 0.00 0.00 5.96 15.75 26.77 37.64 44.29 47.78 47.80 45.18 38.97 29.97 19.39 6.88 0.00 0.00 0.00 0.00
0.00 0.00 0.00 0.00 0.00 0.00 0.00 0.00 1.28 3.42 5.92 8.38 10.02 10.67 10.91 10.26 8.84 6.86 4.47 1.60 0.00 0.00 0.00 0.00
0.00 0.00 0.00 0.00 0.00 0.00 0.00 0.00 1.56 4.16 7.15 10.06 12.32 13.55 13.66 12.89 11.31 8.68 5.62 2.02 0.00 0.00 0.00 0.00
0.00 0.00 0.00 0.00 0.00 0.00 0.00 0.00 2.49 6.65 11.44 16.10 19.71 21.69 21.86 20.62 18.10 13.89 8.99 3.23 0.00 0.00 0.00 0.00
0.00 0.00 0.00 0.00 0.00 0.00 0.00 0.00 44.01 148.71 272.76 389.03 475.88 521.65 531.65 502.71 435.44 343.31 234.11 98.15 11.73 0.00 0.00 0.00
