0.00 0.00 0.00 0.00 0.00 0.00 0.00 0.00 0.52 1.17 2.31 3.18 3.82 4.39 4.42 4.22 3.45 2.72 1.83 1.06 0.22 0.00 0.00 0.00
0.00 0.00 0.00 0.00 0.00 0.00 0.00 0.00 13.58 26.93 29.49 39.72 48.04 42.75 42.75 40.03 38.60 29.72 18.69 7.48 0.00 0.00 0.00 0.00
0.00 0.00 0.00 0.00 0.00 0.00 0.00 0.00 11.89 26.76 52.81 72.71 87.44 100.50 100.98 96.60 78.93 62.28 41.91 24.28 4.92 0.00 0.00 0.00
0.00 0.00 0.00 0.00 0.00 0.00 0.00 0.00 42.25 95.09 187.69 258.40 310.75 357.16 358.86 343.30 280.50 221.33 148.95 86.27 17.48 0.00 0.00 0.00
0.00 0.00 0.00 0.00 0.00 0.00 0.00 0.42 3.20 5.77 8.61 11.28 12.83 12.70 12.52 11.75 6.27 4.73 2.88 1.07 0.00 0.00 0.00 0.00
0.00 0.00 0.00 0.00 0.00 0.00 0.00 0.00 130.46 310.12 518.85 717.04 862.16 860.99 871.70 821.53 696.90 553.66 384.72 204.79 46.73 0.00 0.00 0.00
0.00 0.00 0.00 0.00 0.00 0.00 0.00 0.08 0.99 1.86 2.20 2.98 3.44 2.68 2.65 2.51 2.79 2.08 1.31 0.64 0.00 0.00 0.00 0.00
0.00 0.00 0.00 0.00 0.00 0.00 0.00 0.00 0.68 1.33 1.52 2.07 2.44 1.83 1.87 1.76 1.53 1.19 0.76 0.31 0.00 0.00 0.00 0.00
0.00 0.00 0.00 0.00 0.00 0.00 0.00 0.00 1.09 2.12 2.44 3.31 3.90 2.92 2.99 2.81 2.44 1.91 1.21 0.49 0.00 0.00 0.00 0.00
0.00 0.00 0.00 0.00 0.00 0.00 0.00 0.00 1.09 2.12 2.44 3.31 3.90 2.92 2.99 2.81 2.44 1.91 1.21 0.49 0.00 0.00 0.00 0.00
0.00 0.00 0.00 0.00 0.00 0.00 0.00 0.00 1.97 3.97 6.48 8.87 10.71 6.55 6.59 6.36 6.18 4.73 3.08 1.67 0.00 0.00 0.00 0.00
0.00 0.00 0.00 0.00 0.00 0.00 0.00 0.00 0.97 1.95 3.03 4.08 4.89 2.91 2.94 2.85 2.95 2.27 1.44 0.73 0.00 0.00 0.00 0.00
0.00 0.00 0.00 0.00 0.00 0.00 0.00 0.00 1.25 2.51 3.90 5.25 6.29 3.75 3.78 3.66 3.80 2.92 1.85 0.93 0.00 0.00 0.00 0.00
0.00 0.00 0.00 0.00 0.00 0.00 0.00 0.00 0.83 1.67 2.60 3.50 4.19 2.50 2.52 2.44 2.53 1.95 1.23 0.62 0.00 0.00 0.00 0.00
0.00 0.00 0.00 0.00 0.00 0.00 0.00 0.00 0.83 1.67 2.60 3.50 4.19 2.50 2.52 2.44 2.53 1.95 1.23 0.62 0.00 0.00 0.00 0.00
0.00 0.00 0.00 0.00 0.00 0.00 0.00 0.00 9.31 20.16 30.46 42.27 51.96 63.32 65.50 62.71 61.37 47.53 30.03 12.60 0.00 0.00 0.00 0.00
0.00 0.00 0.00 0.00 0.00 0.00 0.00 0.00 6.22 12.36 20.97 29.06 35.03 20.75 20.45 19.49 17.18 13.16 8.57 4.97 0.00 0.00 0.00 0.00
0.00 0.00 0.00 0.00 0.00 0.00 0.00 0.00 4.75 9.51 16.00 21.30 25.63 17.58 17.63 16.90 15.48 11.93 7.75 4.07 0.08 0.00 0.00 0.00
0.00 0.00 0.00 0.00 0.00 0.00 0.00 0.00 38.48 91.48 153.04 211.50 254.31 253.96 257.12 242.32 205.56 163.31 113.48 60.40 13.78 0.00 0.00 0.00
0.00 0.00 0.00 0.00 0.00 0.00 0.00 0.00 36.60 87.01 145.58 201.18 241.90 241.57 244.58 230.50 195.53 155.34 107.94 57.46 13.11 0.00 0.00 0.00
0.00 0.00 0.00 0.00 0.00 0.00 0.00 0.00 70.39 167.33 279.96 386.89 465.19 464.57 470.34 443.27 376.03 298.74 207.58 110.50 25.21 0.00 0.00 0.00
0.00 0.00 0.00 0.00 0.00 0.00 0.00 0.00 69.22 164.54 275.29 380.44 457.44 456.82 462.50 435.88 369.76 293.76 204.12 108.65 24.79 0.00 0.00 0.00
0.00 0.00 0.00 0.00 0.00 0.00 0.00 0.00 58.46 131.26 220.96 299.41 354.73 413.76 413.81 391.24 353.07 277.54 189.02 115.17 25.82 0.00 0.00 0.00
0.00 0.00 0.00 0.00 0.00 0.00 0.00 0.00 0.68 1.33 1.52 2.07 2.44 1.83 1.87 1.76 1.53 1.19 0.76 0.31 0.00 0.00 0.00 0.00
0.00 0.00 0.00 0.00 0.00 0.00 0.00 0.00 3.44 6.72 7.72 10.48 12.35 9.25 9.46 8.91 7.73 6.05 3.83 1.57 0.00 0.00 0.00 0.00
0.00 0.00 0.00 0.00 0.00 0.00 0.00 0.00 17.57 34.30 39.42 53.51 63.04 47.21 48.32 45.50 39.48 30.90 19.54 7.99 0.00 0.00 0.00 0.00
0.00 0.00 0.00 0.00 0.00 0.00 0.00 0.00 2.63 6.25 10.45 14.44 17.37 17.34 17.56 16.55 14.04 11.15 7.75 4.13 0.94 0.00 0.00 0.00
0.00 0.00 0.00 0.00 0.00 0.00 0.00 0.00 41.59 93.61 184.76 254.37 305.91 351.59 353.27 337.95 276.12 217.88 146.63 84.93 17.21 0.00 0.00 0.00
0.00 0.00 0.00 0.00 0.00 0.00 0.00 0.00 1.51 3.31 9.12 12.76 16.06 15.08 15.50 14.84 17.84 13.96 9.51 5.32 0.57 0.00 0.00 0.00
0.00 0.00 0.00 0.00 0.00 0.00 0.00 0.00 19.45 40.16 32.94 45.40 53.08 52.57 52.53 49.77 78.05 60.48 39.99 27.86 4.24 0.00 0.00 0.00
0.00 0.00 0.00 0.00 0.00 0.00 0.00 0.00 0.69 1.56 3.08 4.24 5.10 5.86 5.89 5.63 4.60 3.63 2.44 1.42 0.29 0.00 0.00 0.00
0.00 0.00 0.00 0.00 0.00 0.00 0.00 0.00 31.19 70.21 138.57 190.78 229.43 263.69 264.95 253.46 207.09 163.41 109.97 63.70 12.91 0.00 0.00 0.00
0.00 0.00 0.00 0.00 0.00 0.00 0.00 0.00 40.03 90.10 177.83 244.83 294.44 338.41 340.02 325.28 265.77 209.71 141.13 81.74 16.56 0.00 0.00 0.00
0.00 0.00 0.00 0.00 0.00 0.00 0.00 0.00 77.09 173.10 291.38 394.85 467.80 545.65 545.71 515.94 465.62 366.01 249.28 151.89 34.05 0.00 0.00 0.00
0.00 0.00 0.00 0.00 0.00 0.00 0.00 0.00 1.33 2.73 3.59 4.91 5.87 3.86 3.95 3.77 4.65 3.58 2.31 1.11 0.00 0.00 0.00 0.00
0.00 0.00 0.00 0.00 0.00 0.00 0.00 0.00 1.73 3.52 4.77 6.54 7.82 5.23 5.30 5.10 6.16 4.72 3.05 1.40 0.00 0.00 0.00 0.00
0.00 0.00 0.00 0.00 0.00 0.00 0.00 0.00 6.22 13.65 37.60 52.65 66.27 62.22 63.96 61.20 73.59 57.57 39.24 21.95 2.33 0.00 0.00 0.00
0.00 0.00 0.00 0.00 0.00 0.00 0.00 0.00 86.63 198.73 303.07 401.64 488.99 544.31 544.45 513.55 463.65 375.93 264.65 129.66 38.54 0.00 0.00 0.00
0.00 0.00 0.00 0.00 0.00 0.00 0.00 0.00 0.49 0.96 1.57 2.16 2.59 1.82 1.79 1.66 1.27 0.99 0.64 0.34 0.00 0.00 0.00 0.00
0.00 0.00 0.00 0.00 0.00 0.00 0.00 0.00 8.93 19.39 33.09 44.80 53.98 66.87 67.52 63.30 55.63 44.12 29.34 18.04 3.33 0.00 0.00 0.00
0.00 0.00 0.00 0.00 0.00 0.00 0.00 0.00 4.53 11.70 19.04 26.36 31.63 31.66 31.09 29.35 23.87 19.37 13.51 6.06 1.58 0.00 0.00 0.00
0.00 0.00 0.00 0.00 0.00 0.00 0.00 0.12 1.19 2.20 2.64 3.56 4.16 2.94 2.92 2.72 3.16 2.35 1.47 0.71 0.00 0.00 0.00 0.00
0.00 0.00 0.00 0.00 0.00 0.00 0.00 0.06 0.60 1.10 1.32 1.78 2.08 1.47 1.46 1.36 1.58 1.18 0.74 0.35 0.00 0.00 0.00 0.00
0.00 0.00 0.00 0.00 0.00 0.00 0.00 0.13 1.30 2.41 2.89 3.89 4.55 3.21 3.20 2.98 3.46 2.57 1.61 0.78 0.00 0.00 0.00 0.00
0.00 0.00 0.00 0.00 0.00 0.00 0.00 0.14 1.56 2.91 3.57 4.87 5.75 5.09 5.03 4.70 4.46 3.28 2.07 0.95 0.00 0.00 0.00 0.00
0.00 0.00 0.00 0.00 0.00 0.00 0.00 0.21 2.38 4.43 5.45 7.42 8.76 7.76 7.66 7.16 6.79 5.00 3.16 1.45 0.00 0.00 0.00 0.00
0.00 0.00 0.00 0.00 0.00 0.00 0.00 0.15 2.05 3.86 4.38 5.91 6.92 5.90 5.88 5.48 5.61 4.22 2.68 1.36 0.00 0.00 0.00 0.00
0.00 0.00 0.00 0.00 0.00 0.00 0.00 0.00 1.75 3.47 3.03 4.08 4.90 4.29 4.20 3.96 4.22 3.27 2.12 1.94 0.22 0.00 0.00 0.00
0.00 0.00 0.00 0.00 0.00 0.00 0.00 0.00 4.52 8.95 7.83 10.53 12.67 11.07 10.86 10.22 10.90 8.46 5.48 5.02 0.58 0.00 0.00 0.00
0.00 0.00 0.00 0.00 0.00 0.00 0.00 0.00 1.05 2.13 1.63 2.24 2.69 3.29 3.24 3.06 4.64 3.53 2.29 1.36 0.16 0.00 0.00 0.00
0.00 0.00 0.00 0.00 0.00 0.00 0.00 0.07 2.47 4.72 6.73 9.02 10.76 9.92 9.76 9.07 6.67 5.18 3.31 1.23 0.00 0.00 0.00 0.00
0.00 0.00 0.00 0.00 0.00 0.00 0.00 0.17 3.62 6.89 9.34 12.49 14.73 15.18 15.09 14.23 11.93 9.09 5.63 2.48 0.00 0.00 0.00 0.00
0.00 0.00 0.00 0.00 0.00 0.00 0.00 0.11 0.82 1.47 2.25 2.96 3.39 3.09 3.04 2.90 1.78 1.33 0.83 0.35 0.00 0.00 0.00 0.00
0.00 0.00 0.00 0.00 0.00 0.00 0.00 0.34 4.92 9.16 12.23 16.00 18.77 14.79 14.70 13.87 7.52 5.72 3.60 1.39 0.00 0.00 0.00 0.00
0.00 0.00 0.00 0.00 0.00 0.00 0.00 0.36 3.58 6.55 8.86 11.61 13.29 11.86 11.95 11.39 5.62 4.26 2.64 1.04 0.00 0.00 0.00 0.00
0.00 0.00 0.00 0.00 0.00 0.00 0.00 0.49 4.94 9.04 12.23 16.03 18.33 16.37 16.50 15.72 7.76 5.87 3.64 1.44 0.00 0.00 0.00 0.00
0.00 0.00 0.00 0.00 0.00 0.00 0.00 0.34 3.37 6.16 8.33 10.92 12.49 11.15 11.24 10.71 5.29 4.00 2.48 0.98 0.00 0.00 0.00 0.00
0.00 0.00 0.00 0.00 0.00 0.00 0.00 0.18 2.63 4.89 6.52 8.54 10.01 7.89 7.84 7.40 4.01 3.05 1.92 0.74 0.00 0.00 0.00 0.00
0.00 0.00 0.00 0.00 0.00 0.00 0.00 0.34 2.82 5.11 7.66 10.03 11.32 11.03 10.79 10.10 5.29 4.01 2.46 0.92 0.00 0.00 0.00 0.00
0.00 0.00 0.00 0.00 0.00 0.00 0.00 0.00 1.95 3.80 4.37 5.93 6.99 5.23 5.36 5.04 4.38 3.42 2.17 0.89 0.00 0.00 0.00 0.00
0.00 0.00 0.00 0.00 0.00 0.00 0.00 0.00 12.12 26.24 39.64 55.02 67.64 82.42 85.25 81.62 79.88 61.87 39.08 16.40 0.00 0.00 0.00 0.00
0.00 0.00 0.00 0.00 0.00 0.00 0.00 0.00 2.24 4.50 7.35 10.06 12.14 7.42 7.47 7.21 7.00 5.36 3.49 1.90 0.00 0.00 0.00 0.00
0.00 0.00 0.00 0.00 0.00 0.00 0.00 0.00 4.00 7.82 10.30 13.86 16.66 13.48 13.30 12.57 9.77 7.62 4.96 2.16 0.00 0.00 0.00 0.00
0.00 0.00 0.00 0.00 0.00 0.00 0.00 0.00 1.83 3.58 4.72 6.35 7.64 6.18 6.10 5.76 4.48 3.49 2.27 0.99 0.00 0.00 0.00 0.00
0.00 0.00 0.00 0.00 0.00 0.00 0.00 0.00 2.80 5.63 9.40 12.98 15.69 9.74 9.78 9.40 8.71 6.67 4.39 2.42 0.00 0.00 0.00 0.00
0.00 0.00 0.00 0.00 0.00 0.00 0.00 0.00 1.19 2.34 3.82 5.25 6.28 4.41 4.35 4.03 3.09 2.40 1.55 0.82 0.00 0.00 0.00 0.00
0.00 0.00 0.00 0.00 0.00 0.00 0.00 0.00 6.44 14.13 38.93 54.52 68.61 64.42 66.22 63.37 76.20 59.60 40.63 22.73 2.41 0.00 0.00 0.00
0.00 0.00 0.00 0.00 0.00 0.00 0.00 0.00 4.65 9.60 7.88 10.86 12.69 12.57 12.56 11.90 18.67 14.46 9.56 6.66 1.01 0.00 0.00 0.00
0.00 0.00 0.00 0.00 0.00 0.00 0.00 0.00 0.92 1.92 1.82 2.52 2.99 4.28 4.36 4.10 5.08 3.98 2.65 1.56 0.23 0.00 0.00 0.00
0.00 0.00 0.00 0.00 0.00 0.00 0.00 0.00 1.00 2.10 2.58 3.53 4.26 5.00 5.03 4.74 4.37 3.38 2.23 1.76 0.24 0.00 0.00 0.00
0.00 0.00 0.00 0.00 0.00 0.00 0.00 0.00 1.61 3.36 4.12 5.65 6.82 8.00 8.04 7.59 6.99 5.41 3.58 2.82 0.38 0.00 0.00 0.00
0.00 0.00 0.00 0.00 0.00 0.00 0.00 0.00 71.56 170.12 284.62 393.34 472.95 472.31 478.18 450.66 382.29 303.71 211.04 112.34 25.63 0.00 0.00 0.00
