0.00 0.00 0.00 0.00 0.00 0.00 0.00 0.00 0.74 1.64 1.06 1.46 1.76 5.09 5.11 4.89 4.37 3.46 2.34 1.07 0.23 0.00 0.00 0.00
0.00 0.00 0.00 0.00 0.00 0.00 0.00 0.00 12.73 25.06 30.56 41.20 49.87 62.49 62.32 58.21 48.66 37.59 23.75 8.74 0.00 0.00 0.00 0.00
0.00 0.00 0.00 0.00 0.00 0.00 0.00 0.00 16.99 37.54 24.21 33.41 40.31 116.43 116.89 111.75 99.95 79.12 53.46 24.42 5.15 0.00 0.00 0.00
0.00 0.00 0.00 0.00 0.00 0.00 0.00 0.00 60.39 133.40 86.05 118.75 143.27 413.78 415.41 397.16 355.20 281.19 189.99 86.80 18.32 0.00 0.00 0.00
0.00 0.00 0.00 0.00 0.00 0.00 0.00 0.29 2.00 3.60 5.75 7.57 8.65 7.98 7.89 7.44 6.20 4.68 2.85 0.99 0.00 0.00 0.00 0.00
0.00 0.00 0.00 0.00 0.00 0.00 0.00 0.00 93.16 218.49 393.65 542.10 650.10 956.50 974.25 923.96 811.21 646.74 451.30 211.22 49.80 0.00 0.00 0.00
0.00 0.00 0.00 0.00 0.00 0.00 0.00 0.17 1.83 3.38 4.64 6.19 7.08 5.62 5.58 5.27 4.45 3.33 2.11 0.61 0.00 0.00 0.00 0.00
0.00 0.00 0.00 0.00 0.00 0.00 0.00 0.00 0.74 1.42 1.65 2.25 2.66 2.71 2.77 2.61 1.84 1.44 0.91 0.54 0.00 0.00 0.00 0.00
0.00 0.00 0.00 0.00 0.00 0.00 0.00 0.00 1.18 2.28 2.64 3.60 4.26 4.34 4.44 4.17 2.94 2.31 1.46 0.87 0.00 0.00 0.00 0.00
0.00 0.00 0.00 0.00 0.00 0.00 0.00 0.00 1.18 2.28 2.64 3.60 4.26 4.34 4.44 4.17 2.94 2.31 1.46 0.87 0.00 0.00 0.00 0.00
0.00 0.00 0.00 0.00 0.00 0.00 0.00 0.00 2.32 4.62 7.02 9.60 11.58 8.19 8.27 7.99 10.27 7.87 5.12 2.30 0.02 0.00 0.00 0.00
0.00 0.00 0.00 0.00 0.00 0.00 0.00 0.00 1.12 2.22 3.39 4.57 5.48 3.52 3.56 3.46 4.60 3.54 2.24 0.97 0.00 0.00 0.00 0.00
0.00 0.00 0.00 0.00 0.00 0.00 0.00 0.00 1.44 2.86 4.36 5.87 7.04 4.53 4.58 4.44 5.91 4.55 2.88 1.24 0.00 0.00 0.00 0.00
0.00 0.00 0.00 0.00 0.00 0.00 0.00 0.00 0.96 1.90 2.91 3.92 4.70 3.02 3.05 2.96 3.94 3.04 1.92 0.83 0.00 0.00 0.00 0.00
0.00 0.00 0.00 0.00 0.00 0.00 0.00 0.00 0.96 1.90 2.91 3.92 4.70 3.02 3.05 2.96 3.94 3.04 1.92 0.83 0.00 0.00 0.00 0.00
0.00 0.00 0.00 0.00 0.00 0.00 0.00 0.00 14.12 30.13 49.23 67.93 83.05 102.20 105.52 100.88 79.73 61.82 39.13 14.93 0.03 0.00 0.00 0.00
0.00 0.00 0.00 0.00 0.00 0.00 0.00 0.00 7.80 15.32 20.09 27.83 33.53 24.53 24.27 23.21 29.94 22.94 14.95 7.17 0.00 0.00 0.00 0.00
0.00 0.00 0.00 0.00 0.00 0.00 0.00 0.00 6.45 12.73 20.79 27.54 33.01 28.03 28.17 27.08 28.14 21.71 14.13 5.46 0.17 0.00 0.00 0.00
0.00 0.00 0.00 0.00 0.00 0.00 0.00 0.00 27.48 64.45 116.11 159.90 191.76 282.13 287.37 272.54 239.28 190.77 133.12 62.30 14.69 0.00 0.00 0.00
0.00 0.00 0.00 0.00 0.00 0.00 0.00 0.00 26.14 61.30 110.45 152.10 182.40 268.37 273.35 259.24 227.61 181.46 126.62 59.26 13.97 0.00 0.00 0.00
0.00 0.00 0.00 0.00 0.00 0.00 0.00 0.00 50.26 117.89 212.40 292.50 350.77 516.10 525.68 498.54 437.70 348.96 243.51 113.97 26.87 0.00 0.00 0.00
0.00 0.00 0.00 0.00 0.00 0.00 0.00 0.00 49.43 115.93 208.86 287.63 344.93 507.49 516.92 490.23 430.41 343.15 239.45 112.07 26.42 0.00 0.00 0.00
0.00 0.00 0.00 0.00 0.00 0.00 0.00 0.00 63.38 140.04 144.39 194.79 229.91 548.50 548.69 518.89 461.32 363.99 248.97 115.91 26.93 0.00 0.00 0.00
0.00 0.00 0.00 0.00 0.00 0.00 0.00 0.00 0.74 1.42 1.65 2.25 2.66 2.71 2.77 2.61 1.84 1.44 0.91 0.54 0.00 0.00 0.00 0.00
0.00 0.00 0.00 0.00 0.00 0.00 0.00 0.00 3.73 7.22 8.35 11.39 13.50 13.74 14.05 13.22 9.32 7.30 4.63 2.75 0.00 0.00 0.00 0.00
0.00 0.00 0.00 0.00 0.00 0.00 0.00 0.00 19.04 36.86 42.63 58.16 68.91 70.15 71.72 67.48 47.56 37.28 23.62 14.05 0.00 0.00 0.00 0.00
0.00 0.00 0.00 0.00 0.00 0.00 0.00 0.00 1.88 4.40 7.93 10.92 13.10 19.27 19.63 18.61 16.34 13.03 9.09 4.25 1.00 0.00 0.00 0.00
0.00 0.00 0.00 0.00 0.00 0.00 0.00 0.00 59.45 131.32 84.70 116.90 141.04 407.33 408.93 390.97 349.67 276.81 187.03 85.45 18.03 0.00 0.00 0.00
0.00 0.00 0.00 0.00 0.00 0.00 0.00 0.00 3.32 7.15 9.29 12.99 16.34 17.57 18.00 17.16 25.37 19.88 13.58 5.52 0.64 0.00 0.00 0.00
0.00 0.00 0.00 0.00 0.00 0.00 0.00 0.00 19.84 40.40 77.88 105.74 121.83 157.99 156.82 147.63 148.11 115.04 76.30 34.10 5.53 0.00 0.00 0.00
0.00 0.00 0.00 0.00 0.00 0.00 0.00 0.00 0.99 2.19 1.41 1.95 2.35 6.79 6.82 6.52 5.83 4.61 3.12 1.42 0.30 0.00 0.00 0.00
0.00 0.00 0.00 0.00 0.00 0.00 0.00 0.00 44.59 98.49 63.53 87.67 105.78 305.50 306.70 293.23 262.25 207.61 140.27 64.09 13.52 0.00 0.00 0.00
0.00 0.00 0.00 0.00 0.00 0.00 0.00 0.00 57.22 126.40 81.53 112.51 135.75 392.06 393.60 376.31 336.55 266.43 180.02 82.25 17.35 0.00 0.00 0.00
0.00 0.00 0.00 0.00 0.00 0.00 0.00 0.00 83.58 184.68 190.42 256.88 303.19 723.34 723.59 684.28 608.36 480.01 328.33 152.86 35.52 0.00 0.00 0.00
0.00 0.00 0.00 0.00 0.00 0.00 0.00 0.00 1.90 3.83 4.67 6.40 7.67 7.57 7.75 7.38 6.79 5.24 3.39 1.38 0.02 0.00 0.00 0.00
0.00 0.00 0.00 0.00 0.00 0.00 0.00 0.00 2.34 4.72 6.19 8.50 10.20 8.64 8.77 8.43 9.18 7.04 4.57 1.70 0.03 0.00 0.00 0.00
0.00 0.00 0.00 0.00 0.00 0.00 0.00 0.00 13.69 29.50 38.33 53.58 67.39 72.49 74.25 70.80 104.63 82.00 56.03 22.75 2.62 0.00 0.00 0.00
0.00 0.00 0.00 0.00 0.00 0.00 0.00 0.00 84.36 190.42 278.77 367.41 445.16 506.29 510.25 485.07 431.10 350.81 248.05 125.57 38.21 0.00 0.00 0.00
0.00 0.00 0.00 0.00 0.00 0.00 0.00 0.00 0.64 1.25 1.72 2.36 2.82 2.09 2.07 1.94 1.97 1.53 0.99 0.53 0.00 0.00 0.00 0.00
0.00 0.00 0.00 0.00 0.00 0.00 0.00 0.00 10.17 21.70 22.39 30.15 36.15 91.31 91.89 85.89 84.73 67.38 44.96 20.20 3.91 0.00 0.00 0.00
0.00 0.00 0.00 0.00 0.00 0.00 0.00 0.00 2.74 7.01 19.57 27.27 32.96 35.98 35.50 33.68 30.28 24.58 17.17 8.20 2.19 0.00 0.00 0.00
0.00 0.00 0.00 0.00 0.00 0.00 0.00 0.25 2.20 4.02 5.24 7.00 8.11 6.55 6.52 6.08 4.72 3.52 2.21 0.72 0.00 0.00 0.00 0.00
0.00 0.00 0.00 0.00 0.00 0.00 0.00 0.13 1.10 2.01 2.62 3.50 4.05 3.27 3.26 3.04 2.36 1.76 1.11 0.36 0.00 0.00 0.00 0.00
0.00 0.00 0.00 0.00 0.00 0.00 0.00 0.28 2.41 4.39 5.73 7.66 8.87 7.16 7.13 6.65 5.17 3.85 2.42 0.79 0.00 0.00 0.00 0.00
0.00 0.00 0.00 0.00 0.00 0.00 0.00 0.28 2.69 4.93 6.70 9.03 10.55 8.85 8.75 8.19 5.77 4.26 2.71 0.89 0.00 0.00 0.00 0.00
0.00 0.00 0.00 0.00 0.00 0.00 0.00 0.43 4.10 7.52 10.20 13.76 16.08 13.48 13.33 12.47 8.80 6.50 4.12 1.35 0.00 0.00 0.00 0.00
0.00 0.00 0.00 0.00 0.00 0.00 0.00 0.32 3.64 6.74 9.42 12.55 14.54 10.53 10.51 9.80 9.04 6.82 4.34 1.30 0.00 0.00 0.00 0.00
0.00 0.00 0.00 0.00 0.00 0.00 0.00 0.00 2.78 5.43 7.99 10.59 12.57 11.70 11.44 10.72 11.01 8.55 5.55 1.87 0.24 0.00 0.00 0.00
0.00 0.00 0.00 0.00 0.00 0.00 0.00 0.00 7.18 14.03 20.64 27.37 32.47 30.23 29.55 27.69 28.43 22.10 14.34 4.82 0.61 0.00 0.00 0.00
0.00 0.00 0.00 0.00 0.00 0.00 0.00 0.00 1.67 3.32 4.69 6.36 7.53 7.33 7.22 6.80 7.86 5.99 3.89 1.56 0.20 0.00 0.00 0.00
0.00 0.00 0.00 0.00 0.00 0.00 0.00 0.13 2.84 5.37 9.02 12.05 14.33 9.90 9.87 9.28 5.98 4.66 2.99 1.95 0.00 0.00 0.00 0.00
0.00 0.00 0.00 0.00 0.00 0.00 0.00 0.33 5.28 9.92 16.62 22.04 25.78 19.66 19.62 18.59 11.78 9.03 5.63 2.59 0.00 0.00 0.00 0.00
0.00 0.00 0.00 0.00 0.00 0.00 0.00 0.10 0.72 1.29 1.93 2.55 2.94 2.45 2.42 2.33 1.53 1.15 0.71 0.23 0.00 0.00 0.00 0.00
0.00 0.00 0.00 0.00 0.00 0.00 0.00 0.36 4.26 7.90 10.42 13.74 16.24 12.53 12.47 11.78 11.20 8.52 5.38 2.20 0.00 0.00 0.00 0.00
0.00 0.00 0.00 0.00 0.00 0.00 0.00 0.31 2.73 4.98 6.72 8.86 10.20 8.55 8.64 8.26 7.14 5.40 3.35 1.41 0.00 0.00 0.00 0.00
0.00 0.00 0.00 0.00 0.00 0.00 0.00 0.42 3.76 6.88 9.27 12.22 14.07 11.80 11.93 11.40 9.86 7.46 4.62 1.95 0.00 0.00 0.00 0.00
0.00 0.00 0.00 0.00 0.00 0.00 0.00 0.29 2.56 4.68 6.32 8.33 9.59 8.04 8.13 7.77 6.71 5.08 3.15 1.33 0.00 0.00 0.00 0.00
0.00 0.00 0.00 0.00 0.00 0.00 0.00 0.19 2.27 4.22 5.56 7.33 8.66 6.68 6.65 6.28 5.97 4.54 2.87 1.17 0.00 0.00 0.00 0.00
0.00 0.00 0.00 0.00 0.00 0.00 0.00 0.24 1.81 3.29 5.14 6.76 7.66 7.08 6.95 6.53 5.67 4.28 2.63 0.98 0.00 0.00 0.00 0.00
0.00 0.00 0.00 0.00 0.00 0.00 0.00 0.00 2.11 4.08 4.72 6.45 7.64 7.77 7.95 7.48 5.27 4.13 2.62 1.56 0.00 0.00 0.00 0.00
0.00 0.00 0.00 0.00 0.00 0.00 0.00 0.00 18.38 39.21 64.08 88.41 108.09 133.02 137.35 131.31 103.78 80.47 50.93 19.43 0.04 0.00 0.00 0.00
0.00 0.00 0.00 0.00 0.00 0.00 0.00 0.00 2.63 5.24 7.95 10.88 13.12 9.28 9.37 9.06 11.64 8.92 5.81 2.60 0.02 0.00 0.00 0.00
0.00 0.00 0.00 0.00 0.00 0.00 0.00 0.01 4.94 9.53 12.83 17.32 20.91 11.67 11.59 11.03 12.36 9.64 6.27 3.62 0.00 0.00 0.00 0.00
0.00 0.00 0.00 0.00 0.00 0.00 0.00 0.01 2.26 4.37 5.88 7.94 9.59 5.35 5.31 5.06 5.67 4.42 2.87 1.66 0.00 0.00 0.00 0.00
0.00 0.00 0.00 0.00 0.00 0.00 0.00 0.00 3.31 6.59 9.67 13.34 16.12 11.81 11.88 11.45 14.65 11.23 7.39 3.42 0.02 0.00 0.00 0.00
0.00 0.00 0.00 0.00 0.00 0.00 0.00 0.01 1.56 3.02 4.18 5.73 6.86 5.07 5.04 4.71 4.78 3.72 2.41 1.30 0.00 0.00 0.00 0.00
0.00 0.00 0.00 0.00 0.00 0.00 0.00 0.00 14.18 30.54 39.68 55.48 69.77 75.06 76.87 73.30 108.33 84.90 58.01 23.55 2.71 0.00 0.00 0.00
0.00 0.00 0.00 0.00 0.00 0.00 0.00 0.00 4.74 9.66 18.62 25.28 29.13 37.78 37.50 35.30 35.42 27.51 18.25 8.15 1.32 0.00 0.00 0.00
0.00 0.00 0.00 0.00 0.00 0.00 0.00 0.00 0.99 2.03 4.31 5.87 6.84 8.01 8.15 7.64 8.14 6.38 4.25 1.84 0.29 0.00 0.00 0.00
0.00 0.00 0.00 0.00 0.00 0.00 0.00 0.00 1.60 3.28 5.76 7.78 9.28 8.56 8.61 8.13 10.81 8.36 5.53 2.31 0.33 0.00 0.00 0.00
0.00 0.00 0.00 0.00 0.00 0.00 0.00 0.00 2.56 5.26 9.21 12.46 14.84 13.69 13.77 13.01 17.29 13.37 8.85 3.69 0.53 0.00 0.00 0.00
0.00 0.00 0.00 0.00 0.00 0.00 0.00 0.00 51.10 119.85 215.94 297.38 356.62 524.70 534.44 506.85 445.00 354.78 247.57 115.87 27.32 0.00 0.00 0.00
