0.00 0.00 0.00 0.00 0.00 0.00 0.00 0.11 0.96 1.78 2.57 3.41 4.11 4.55 4.64 4.38 4.15 3.32 2.25 1.26 0.43 0.00 0.00 0.00
0.00 0.00 0.00 0.00 0.00 0.00 0.00 3.38 16.38 28.61 31.69 42.11 50.20 61.31 61.59 57.65 51.18 39.56 25.80 7.80 0.84 0.00 0.00 0.00
0.00 0.00 0.00 0.00 0.00 0.00 0.00 2.41 21.92 40.60 58.73 78.06 93.91 104.04 106.06 100.15 94.91 75.91 51.48 28.71 9.82 0.00 0.00 0.00
0.00 0.00 0.00 0.00 0.00 0.00 0.00 8.57 77.91 144.28 208.72 277.43 333.76 369.75 376.92 355.94 337.30 269.78 182.95 102.04 34.89 0.00 0.00 0.00
0.00 0.00 0.00 0.00 0.00 0.00 0.00 1.25 3.86 6.36 9.35 11.93 13.57 14.61 14.58 13.28 10.65 8.05 5.08 1.80 0.04 0.00 0.00 0.00
0.00 0.00 0.00 0.00 0.00 0.00 0.00 5.60 157.72 304.33 504.38 672.20 806.37 990.68 1000.15 938.70 782.03 611.75 425.69 161.82 57.40 0.00 0.00 0.00
0.00 0.00 0.00 0.00 0.00 0.00 0.00 0.76 2.45 4.02 5.84 7.37 8.53 9.06 9.30 8.74 7.48 5.80 3.77 1.51 0.31 0.00 0.00 0.00
0.00 0.00 0.00 0.00 0.00 0.00 0.00 0.23 0.99 1.70 2.40 3.19 3.76 4.16 4.19 4.00 2.85 2.24 1.47 0.43 0.05 0.00 0.00 0.00
0.00 0.00 0.00 0.00 0.00 0.00 0.00 0.36 1.58 2.71 3.85 5.10 6.02 6.66 6.70 6.40 4.57 3.58 2.35 0.68 0.09 0.00 0.00 0.00
0.00 0.00 0.00 0.00 0.00 0.00 0.00 0.36 1.58 2.71 3.85 5.10 6.02 6.66 6.70 6.40 4.57 3.58 2.35 0.68 0.09 0.00 0.00 0.00
0.00 0.00 0.00 0.00 0.00 0.00 0.00 0.78 3.73 6.50 9.62 13.14 16.07 15.13 15.81 15.14 12.87 10.09 6.65 3.05 0.59 0.00 0.00 0.00
0.00 0.00 0.00 0.00 0.00 0.00 0.00 0.37 1.77 3.08 4.45 6.09 7.40 6.20 6.44 6.14 5.08 3.97 2.59 1.23 0.23 0.00 0.00 0.00
0.00 0.00 0.00 0.00 0.00 0.00 0.00 0.47 2.27 3.96 5.73 7.83 9.51 7.97 8.28 7.89 6.53 5.10 3.33 1.58 0.30 0.00 0.00 0.00
0.00 0.00 0.00 0.00 0.00 0.00 0.00 0.32 1.52 2.64 3.82 5.22 6.34 5.31 5.52 5.26 4.35 3.40 2.22 1.05 0.20 0.00 0.00 0.00
0.00 0.00 0.00 0.00 0.00 0.00 0.00 0.32 1.52 2.64 3.82 5.22 6.34 5.31 5.52 5.26 4.35 3.40 2.22 1.05 0.20 0.00 0.00 0.00
0.00 0.00 0.00 0.00 0.00 0.00 0.00 1.67 16.75 31.10 31.30 41.30 48.94 74.55 76.03 73.24 89.92 69.43 44.41 19.34 3.26 0.00 0.00 0.00
0.00 0.00 0.00 0.00 0.00 0.00 0.00 2.69 11.88 20.49 30.53 40.64 49.43 51.35 52.56 51.08 36.49 28.59 18.93 8.62 1.62 0.00 0.00 0.00
0.00 0.00 0.00 0.00 0.00 0.00 0.00 2.45 10.88 18.78 26.96 35.41 42.90 46.55 47.84 46.14 33.48 26.38 17.38 7.46 1.60 0.00 0.00 0.00
0.00 0.00 0.00 0.00 0.00 0.00 0.00 1.65 46.52 89.77 148.77 198.27 237.85 292.21 295.01 276.88 230.67 180.44 125.56 47.73 16.93 0.00 0.00 0.00
0.00 0.00 0.00 0.00 0.00 0.00 0.00 1.57 44.25 85.39 141.52 188.60 226.25 277.96 280.62 263.38 219.42 171.64 119.44 45.40 16.10 0.00 0.00 0.00
0.00 0.00 0.00 0.00 0.00 0.00 0.00 3.02 85.10 164.21 272.15 362.70 435.09 534.54 539.65 506.49 421.96 330.08 229.69 87.31 30.97 0.00 0.00 0.00
0.00 0.00 0.00 0.00 0.00 0.00 0.00 2.97 83.69 161.47 267.61 356.65 427.84 525.63 530.65 498.05 414.93 324.58 225.86 85.86 30.45 0.00 0.00 0.00
0.00 0.00 0.00 0.00 0.00 0.00 0.00 12.35 104.64 192.81 283.27 376.56 449.31 378.85 387.76 368.04 360.36 287.53 195.88 139.25 50.13 0.00 0.00 0.00
0.00 0.00 0.00 0.00 0.00 0.00 0.00 0.23 0.99 1.70 2.40 3.19 3.76 4.16 4.19 4.00 2.85 2.24 1.47 0.43 0.05 0.00 0.00 0.00
0.00 0.00 0.00 0.00 0.00 0.00 0.00 1.15 4.99 8.59 12.18 16.14 19.07 21.09 21.21 20.27 14.46 11.34 7.45 2.16 0.28 0.00 0.00 0.00
0.00 0.00 0.00 0.00 0.00 0.00 0.00 5.85 25.50 43.85 62.20 82.41 97.35 107.66 108.30 103.49 73.84 57.89 38.04 11.03 1.42 0.00 0.00 0.00
0.00 0.00 0.00 0.00 0.00 0.00 0.00 0.11 3.18 6.13 10.16 13.54 16.24 19.96 20.15 18.91 15.75 12.32 8.58 3.26 1.16 0.00 0.00 0.00
0.00 0.00 0.00 0.00 0.00 0.00 0.00 8.44 76.69 142.03 205.46 273.11 328.56 363.99 371.05 350.39 332.04 265.57 180.10 100.45 34.34 0.00 0.00 0.00
0.00 0.00 0.00 0.00 0.00 0.00 0.00 0.48 4.06 7.51 11.96 17.34 22.17 24.96 26.41 25.43 26.30 20.89 14.30 6.78 1.79 0.00 0.00 0.00
0.00 0.00 0.00 0.00 0.00 0.00 0.00 9.97 47.10 82.24 120.17 155.34 180.60 185.90 188.57 179.04 149.25 119.85 82.37 44.63 14.17 0.00 0.00 0.00
0.00 0.00 0.00 0.00 0.00 0.00 0.00 0.14 1.28 2.37 3.42 4.55 5.48 6.07 6.18 5.84 5.53 4.43 3.00 1.67 0.57 0.00 0.00 0.00
0.00 0.00 0.00 0.00 0.00 0.00 0.00 6.33 57.52 106.52 154.10 204.83 246.42 272.99 278.29 262.80 249.03 199.18 135.07 75.34 25.76 0.00 0.00 0.00
0.00 0.00 0.00 0.00 0.00 0.00 0.00 8.12 73.82 136.71 197.76 262.87 316.24 350.34 357.13 337.25 319.59 255.62 173.34 96.68 33.06 0.00 0.00 0.00
0.00 0.00 0.00 0.00 0.00 0.00 0.00 16.29 138.00 254.26 373.56 496.58 592.52 499.61 511.36 485.35 475.22 379.19 258.32 183.63 66.11 0.00 0.00 0.00
0.00 0.00 0.00 0.00 0.00 0.00 0.00 0.50 2.70 4.77 4.55 6.31 7.81 7.07 7.20 6.96 6.87 5.36 3.58 2.35 0.46 0.00 0.00 0.00
0.00 0.00 0.00 0.00 0.00 0.00 0.00 0.64 3.38 5.96 6.48 8.92 11.19 9.92 10.22 9.84 9.23 7.14 4.72 2.76 0.53 0.00 0.00 0.00
0.00 0.00 0.00 0.00 0.00 0.00 0.00 1.97 16.76 30.98 49.34 71.53 91.45 102.95 108.95 104.89 108.50 86.16 58.98 27.98 7.38 0.00 0.00 0.00
0.00 0.00 0.00 0.00 0.00 0.00 0.00 13.72 114.69 212.21 319.23 424.10 504.62 533.84 544.90 526.07 434.70 350.02 250.79 108.63 45.54 0.00 0.00 0.00
0.00 0.00 0.00 0.00 0.00 0.00 0.00 0.24 0.97 1.66 2.42 3.30 3.97 3.97 4.08 3.89 2.58 2.02 1.34 0.51 0.09 0.00 0.00 0.00
0.00 0.00 0.00 0.00 0.00 0.00 0.00 3.26 21.28 38.42 55.09 72.73 86.37 80.91 82.26 77.59 64.08 51.47 36.08 24.89 8.27 0.00 0.00 0.00
0.00 0.00 0.00 0.00 0.00 0.00 0.00 0.00 6.10 12.39 20.56 27.85 33.06 35.98 35.92 33.08 24.93 19.81 14.05 6.62 2.48 0.00 0.00 0.00
0.00 0.00 0.00 0.00 0.00 0.00 0.00 0.89 2.75 4.49 6.59 8.53 9.81 10.34 10.47 9.98 8.68 6.73 4.42 1.90 0.36 0.00 0.00 0.00
0.00 0.00 0.00 0.00 0.00 0.00 0.00 0.44 1.37 2.25 3.29 4.27 4.90 5.17 5.24 4.99 4.34 3.37 2.21 0.95 0.18 0.00 0.00 0.00
0.00 0.00 0.00 0.00 0.00 0.00 0.00 0.97 3.00 4.91 7.20 9.33 10.72 11.31 11.45 10.91 9.50 7.36 4.83 2.08 0.39 0.00 0.00 0.00
0.00 0.00 0.00 0.00 0.00 0.00 0.00 1.14 3.61 5.90 8.56 11.11 12.74 13.48 13.74 13.28 11.34 8.70 5.80 2.40 0.44 0.00 0.00 0.00
0.00 0.00 0.00 0.00 0.00 0.00 0.00 1.73 5.50 9.00 13.05 16.93 19.42 20.55 20.94 20.23 17.28 13.26 8.84 3.66 0.68 0.00 0.00 0.00
0.00 0.00 0.00 0.00 0.00 0.00 0.00 1.51 4.94 8.13 11.87 15.00 17.33 18.49 18.71 17.70 14.84 11.55 7.65 2.70 0.55 0.00 0.00 0.00
0.00 0.00 0.00 0.00 0.00 0.00 0.00 1.06 4.13 7.03 10.05 12.90 14.94 15.29 15.19 14.21 10.43 8.21 5.62 2.95 0.88 0.00 0.00 0.00
0.00 0.00 0.00 0.00 0.00 0.00 0.00 2.75 10.68 18.16 25.97 33.32 38.59 39.49 39.25 36.70 26.95 21.21 14.52 7.63 2.27 0.00 0.00 0.00
0.00 0.00 0.00 0.00 0.00 0.00 0.00 0.61 2.63 4.54 6.55 8.48 9.83 9.30 9.44 8.83 7.60 6.00 4.11 2.04 0.60 0.00 0.00 0.00
0.00 0.00 0.00 0.00 0.00 0.00 0.00 1.24 4.63 7.77 11.40 14.98 17.67 17.85 18.39 17.43 12.59 9.75 6.47 2.18 0.34 0.00 0.00 0.00
0.00 0.00 0.00 0.00 0.00 0.00 0.00 2.36 8.28 13.78 19.36 25.53 30.84 33.60 33.92 32.24 23.09 17.81 11.58 3.45 0.62 0.00 0.00 0.00
0.00 0.00 0.00 0.00 0.00 0.00 0.00 0.40 1.23 2.00 2.87 3.64 4.13 4.36 4.35 4.11 3.51 2.68 1.73 0.67 0.03 0.00 0.00 0.00
0.00 0.00 0.00 0.00 0.00 0.00 0.00 1.91 6.68 11.09 16.21 20.95 24.16 24.82 24.88 23.56 16.29 12.58 8.20 2.75 0.22 0.00 0.00 0.00
0.00 0.00 0.00 0.00 0.00 0.00 0.00 1.39 4.55 7.51 11.00 14.15 16.13 16.68 16.69 15.65 12.39 9.58 6.18 2.04 0.12 0.00 0.00 0.00
0.00 0.00 0.00 0.00 0.00 0.00 0.00 1.91 6.28 10.37 15.18 19.53 22.26 23.02 23.04 21.59 17.10 13.21 8.52 2.81 0.16 0.00 0.00 0.00
0.00 0.00 0.00 0.00 0.00 0.00 0.00 1.30 4.28 7.06 10.34 13.30 15.16 15.68 15.69 14.71 11.65 9.00 5.81 1.91 0.11 0.00 0.00 0.00
0.00 0.00 0.00 0.00 0.00 0.00 0.00 1.02 3.56 5.91 8.65 11.17 12.89 13.24 13.27 12.57 8.69 6.71 4.37 1.46 0.12 0.00 0.00 0.00
0.00 0.00 0.00 0.00 0.00 0.00 0.00 1.09 3.45 5.71 8.36 10.62 12.20 13.22 13.19 12.11 9.55 7.20 4.53 1.50 0.04 0.00 0.00 0.00
0.00 0.00 0.00 0.00 0.00 0.00 0.00 0.65 2.83 4.86 6.89 9.13 10.79 11.93 12.00 11.47 8.18 6.42 4.22 1.22 0.16 0.00 0.00 0.00
0.00 0.00 0.00 0.00 0.00 0.00 0.00 2.18 21.80 40.48 40.74 53.76 63.70 97.03 98.96 95.33 117.04 90.37 57.81 25.17 4.24 0.00 0.00 0.00
0.00 0.00 0.00 0.00 0.00 0.00 0.00 0.88 4.22 7.37 10.90 14.89 18.21 17.15 17.91 17.16 14.58 11.44 7.53 3.46 0.67 0.00 0.00 0.00
0.00 0.00 0.00 0.00 0.00 0.00 0.00 1.53 6.44 11.01 16.29 22.36 26.58 23.03 23.18 22.09 17.92 13.91 9.17 3.94 0.65 0.00 0.00 0.00
0.00 0.00 0.00 0.00 0.00 0.00 0.00 0.70 2.95 5.05 7.46 10.25 12.18 10.55 10.62 10.12 8.21 6.37 4.20 1.81 0.30 0.00 0.00 0.00
0.00 0.00 0.00 0.00 0.00 0.00 0.00 1.11 5.26 9.17 13.70 18.63 22.83 23.08 24.08 23.10 19.06 14.97 9.90 4.65 0.91 0.00 0.00 0.00
0.00 0.00 0.00 0.00 0.00 0.00 0.00 0.57 2.36 4.03 5.87 8.02 9.65 9.65 9.92 9.45 6.27 4.91 3.26 1.23 0.22 0.00 0.00 0.00
0.00 0.00 0.00 0.00 0.00 0.00 0.00 2.04 17.36 32.07 51.08 74.06 94.68 106.59 112.81 108.60 112.33 89.21 61.07 28.97 7.64 0.00 0.00 0.00
0.00 0.00 0.00 0.00 0.00 0.00 0.00 2.38 11.26 19.67 28.74 37.15 43.19 44.45 45.09 42.81 35.69 28.66 19.70 10.67 3.39 0.00 0.00 0.00
0.00 0.00 0.00 0.00 0.00 0.00 0.00 0.50 2.48 4.36 6.29 8.16 9.52 8.46 8.66 8.14 7.39 5.87 4.03 2.32 0.73 0.00 0.00 0.00
0.00 0.00 0.00 0.00 0.00 0.00 0.00 0.56 2.92 5.15 7.39 9.76 11.67 10.52 10.57 9.93 9.08 7.14 4.88 2.73 0.82 0.00 0.00 0.00
0.00 0.00 0.00 0.00 0.00 0.00 0.00 0.89 4.67 8.25 11.83 15.62 18.67 16.83 16.91 15.89 14.54 11.42 7.81 4.36 1.31 0.00 0.00 0.00
0.00 0.00 0.00 0.00 0.00 0.00 0.00 3.07 86.52 166.95 276.68 368.74 442.34 543.45 548.64 514.94 428.99 335.58 233.52 88.77 31.49 0.00 0.00 0.00
