0.00 0.00 0.00 0.00 0.00 0.00 0.00 0.00 0.00 0.52 1.48 2.21 2.85 3.23 3.31 3.02 2.35 1.59 0.70 0.00 0.00 0.00 0.00 0.00
0.00 0.00 0.00 0.00 0.00 0.00 0.00 0.00 0.91 14.67 30.81 44.23 54.06 58.28 56.70 50.90 39.73 26.18 9.89 0.00 0.00 0.00 0.00 0.00
0.00 0.00 0.00 0.00 0.00 0.00 0.00 0.00 0.00 11.95 33.80 50.46 65.12 73.82 75.71 68.97 53.85 36.47 15.98 0.00 0.00 0.00 0.00 0.00
0.00 0.00 0.00 0.00 0.00 0.00 0.00 0.00 0.00 42.48 120.11 179.31 231.45 262.35 269.08 245.13 191.38 129.59 56.78 0.00 0.00 0.00 0.00 0.00
0.00 0.00 0.00 0.00 0.00 0.00 0.00 0.00 0.38 2.55 4.73 6.69 7.82 7.26 7.05 6.27 5.58 3.47 0.94 0.00 0.00 0.00 0.00 0.00
0.00 0.00 0.00 0.00 0.00 0.00 0.00 0.00 0.00 94.29 275.12 413.79 546.63 627.61 647.48 597.35 459.18 301.78 141.64 0.00 0.00 0.00 0.00 0.00
0.00 0.00 0.00 0.00 0.00 0.00 0.00 0.00 0.00 1.19 2.71 4.13 5.02 5.32 5.26 4.63 3.38 2.13 0.61 0.00 0.00 0.00 0.00 0.00
0.00 0.00 0.00 0.00 0.00 0.00 0.00 0.00 0.03 0.83 1.76 2.56 3.08 3.29 3.28 2.91 2.09 1.37 0.50 0.00 0.00 0.00 0.00 0.00
0.00 0.00 0.00 0.00 0.00 0.00 0.00 0.00 0.05 1.33 2.81 4.10 4.93 5.26 5.24 4.66 3.35 2.19 0.80 0.00 0.00 0.00 0.00 0.00
0.00 0.00 0.00 0.00 0.00 0.00 0.00 0.00 0.05 1.33 2.81 4.10 4.93 5.26 5.24 4.66 3.35 2.19 0.80 0.00 0.00 0.00 0.00 0.00
0.00 0.00 0.00 0.00 0.00 0.00 0.00 0.00 0.00 2.57 5.82 8.62 10.96 12.49 12.62 11.48 8.80 5.82 2.20 0.00 0.00 0.00 0.00 0.00
0.00 0.00 0.00 0.00 0.00 0.00 0.00 0.00 0.00 1.24 2.78 4.14 5.31 5.92 5.95 5.41 4.12 2.72 1.03 0.00 0.00 0.00 0.00 0.00
0.00 0.00 0.00 0.00 0.00 0.00 0.00 0.00 0.00 1.59 3.57 5.33 6.83 7.61 7.65 6.96 5.30 3.50 1.32 0.00 0.00 0.00 0.00 0.00
0.00 0.00 0.00 0.00 0.00 0.00 0.00 0.00 0.00 1.06 2.38 3.55 4.55 5.07 5.10 4.64 3.53 2.33 0.88 0.00 0.00 0.00 0.00 0.00
0.00 0.00 0.00 0.00 0.00 0.00 0.00 0.00 0.00 1.06 2.38 3.55 4.55 5.07 5.10 4.64 3.53 2.33 0.88 0.00 0.00 0.00 0.00 0.00
0.00 0.00 0.00 0.00 0.00 0.00 0.00 0.00 0.00 15.22 33.42 51.14 64.95 73.39 75.95 68.98 53.84 34.55 15.17 0.00 0.00 0.00 0.00 0.00
0.00 0.00 0.00 0.00 0.00 0.00 0.00 0.00 0.00 7.92 17.86 25.90 33.34 37.75 38.69 34.96 26.12 17.17 6.26 0.00 0.00 0.00 0.00 0.00
0.00 0.00 0.00 0.00 0.00 0.00 0.00 0.00 0.00 6.55 15.13 21.97 28.36 31.26 30.79 27.77 21.29 14.06 5.16 0.00 0.00 0.00 0.00 0.00
0.00 0.00 0.00 0.00 0.00 0.00 0.00 0.00 0.00 27.81 81.15 122.05 161.24 185.12 190.98 176.20 135.44 89.02 41.78 0.00 0.00 0.00 0.00 0.00
0.00 0.00 0.00 0.00 0.00 0.00 0.00 0.00 0.00 26.45 77.19 116.10 153.37 176.09 181.67 167.60 128.84 84.67 39.74 0.00 0.00 0.00 0.00 0.00
0.00 0.00 0.00 0.00 0.00 0.00 0.00 0.00 0.00 50.87 148.44 223.27 294.95 338.64 349.36 322.31 247.76 162.83 76.43 0.00 0.00 0.00 0.00 0.00
0.00 0.00 0.00 0.00 0.00 0.00 0.00 0.00 0.00 50.03 145.97 219.54 290.03 333.00 343.54 316.94 243.63 160.12 75.15 0.00 0.00 0.00 0.00 0.00
0.00 0.00 0.00 0.00 0.00 0.00 0.00 0.00 0.00 52.28 154.60 229.66 302.63 348.58 357.44 326.92 257.87 174.17 75.56 0.00 0.00 0.00 0.00 0.00
0.00 0.00 0.00 0.00 0.00 0.00 0.00 0.00 0.03 0.83 1.76 2.56 3.08 3.29 3.28 2.91 2.09 1.37 0.50 0.00 0.00 0.00 0.00 0.00
0.00 0.00 0.00 0.00 0.00 0.00 0.00 0.00 0.15 4.20 8.91 12.98 15.62 16.66 16.60 14.76 10.61 6.95 2.52 0.00 0.00 0.00 0.00 0.00
0.00 0.00 0.00 0.00 0.00 0.00 0.00 0.00 0.79 21.47 45.48 66.25 79.77 85.06 84.74 75.36 54.18 35.47 12.85 0.00 0.00 0.00 0.00 0.00
0.00 0.00 0.00 0.00 0.00 0.00 0.00 0.00 0.00 1.90 5.54 8.34 11.01 12.64 13.04 12.03 9.25 6.08 2.85 0.00 0.00 0.00 0.00 0.00
0.00 0.00 0.00 0.00 0.00 0.00 0.00 0.00 0.00 41.82 118.24 176.52 227.84 258.26 264.89 241.31 188.39 127.58 55.90 0.00 0.00 0.00 0.00 0.00
0.00 0.00 0.00 0.00 0.00 0.00 0.00 0.00 0.00 3.59 8.84 13.13 17.06 19.88 20.13 18.72 14.64 10.08 4.35 0.00 0.00 0.00 0.00 0.00
0.00 0.00 0.00 0.00 0.00 0.00 0.00 0.00 0.00 22.15 58.71 86.90 110.61 125.35 125.66 112.45 85.91 57.21 21.54 0.00 0.00 0.00 0.00 0.00
0.00 0.00 0.00 0.00 0.00 0.00 0.00 0.00 0.00 0.70 1.97 2.94 3.80 4.30 4.41 4.02 3.14 2.13 0.93 0.00 0.00 0.00 0.00 0.00
0.00 0.00 0.00 0.00 0.00 0.00 0.00 0.00 0.00 31.36 88.68 132.39 170.88 193.70 198.66 180.98 141.29 95.68 41.92 0.00 0.00 0.00 0.00 0.00
0.00 0.00 0.00 0.00 0.00 0.00 0.00 0.00 0.00 40.25 113.81 169.90 219.30 248.58 254.95 232.26 181.33 122.79 53.80 0.00 0.00 0.00 0.00 0.00
0.00 0.00 0.00 0.00 0.00 0.00 0.00 0.00 0.00 68.95 203.88 302.87 399.09 459.69 471.38 431.12 340.07 229.68 99.64 0.00 0.00 0.00 0.00 0.00
0.00 0.00 0.00 0.00 0.00 0.00 0.00 0.00 0.00 1.95 4.41 6.68 8.51 9.42 9.56 8.64 6.64 4.39 1.73 0.00 0.00 0.00 0.00 0.00
0.00 0.00 0.00 0.00 0.00 0.00 0.00 0.00 0.00 2.42 5.45 8.27 10.62 11.75 11.88 10.78 8.27 5.47 2.14 0.00 0.00 0.00 0.00 0.00
0.00 0.00 0.00 0.00 0.00 0.00 0.00 0.00 0.00 14.80 36.48 54.16 70.38 82.01 83.05 77.21 60.38 41.59 17.96 0.00 0.00 0.00 0.00 0.00
0.00 0.00 0.00 0.00 0.00 0.00 0.00 0.00 0.00 38.63 143.87 222.42 302.30 347.69 362.63 330.74 257.49 176.35 76.17 0.00 0.00 0.00 0.00 0.00
0.00 0.00 0.00 0.00 0.00 0.00 0.00 0.00 0.00 0.64 1.43 2.07 2.59 2.89 2.94 2.66 2.02 1.32 0.46 0.00 0.00 0.00 0.00 0.00
0.00 0.00 0.00 0.00 0.00 0.00 0.00 0.00 0.00 10.34 28.77 42.82 55.45 63.61 65.36 58.87 45.94 30.94 12.84 0.00 0.00 0.00 0.00 0.00
0.00 0.00 0.00 0.00 0.00 0.00 0.00 0.00 0.00 3.53 10.63 16.18 21.09 24.07 25.09 22.96 17.81 11.76 5.87 0.00 0.00 0.00 0.00 0.00
0.00 0.00 0.00 0.00 0.00 0.00 0.00 0.00 0.00 1.45 3.26 4.74 5.80 6.21 6.09 5.44 3.90 2.44 0.66 0.00 0.00 0.00 0.00 0.00
0.00 0.00 0.00 0.00 0.00 0.00 0.00 0.00 0.00 0.72 1.63 2.37 2.90 3.10 3.04 2.72 1.95 1.22 0.33 0.00 0.00 0.00 0.00 0.00
0.00 0.00 0.00 0.00 0.00 0.00 0.00 0.00 0.00 1.58 3.57 5.18 6.34 6.79 6.66 5.95 4.27 2.66 0.72 0.00 0.00 0.00 0.00 0.00
0.00 0.00 0.00 0.00 0.00 0.00 0.00 0.00 0.00 1.89 4.22 6.12 7.54 7.98 7.95 7.11 5.15 3.23 0.90 0.00 0.00 0.00 0.00 0.00
0.00 0.00 0.00 0.00 0.00 0.00 0.00 0.00 0.00 2.88 6.44 9.32 11.49 12.17 12.12 10.83 7.85 4.93 1.38 0.00 0.00 0.00 0.00 0.00
0.00 0.00 0.00 0.00 0.00 0.00 0.00 0.00 0.00 2.41 5.52 8.25 10.18 10.84 10.73 9.35 6.84 4.33 1.26 0.00 0.00 0.00 0.00 0.00
0.00 0.00 0.00 0.00 0.00 0.00 0.00 0.00 0.00 1.88 4.77 7.02 8.89 9.71 9.75 8.64 6.38 4.15 1.41 0.00 0.00 0.00 0.00 0.00
0.00 0.00 0.00 0.00 0.00 0.00 0.00 0.00 0.00 4.84 12.31 18.13 22.97 25.10 25.20 22.33 16.48 10.73 3.64 0.00 0.00 0.00 0.00 0.00
0.00 0.00 0.00 0.00 0.00 0.00 0.00 0.00 0.00 1.24 3.18 4.66 5.90 6.54 6.59 5.86 4.51 2.98 1.08 0.00 0.00 0.00 0.00 0.00
0.00 0.00 0.00 0.00 0.00 0.00 0.00 0.00 0.00 2.91 6.31 9.22 11.68 12.51 12.57 11.27 8.53 5.49 1.81 0.00 0.00 0.00 0.00 0.00
0.00 0.00 0.00 0.00 0.00 0.00 0.00 0.00 0.00 4.65 10.32 15.01 18.39 19.81 20.25 18.56 13.69 8.77 2.76 0.00 0.00 0.00 0.00 0.00
0.00 0.00 0.00 0.00 0.00 0.00 0.00 0.00 0.10 0.78 1.55 2.16 2.59 2.43 2.42 2.12 1.53 0.95 0.25 0.00 0.00 0.00 0.00 0.00
0.00 0.00 0.00 0.00 0.00 0.00 0.00 0.00 0.42 4.54 8.75 12.49 14.73 13.70 13.47 11.85 9.35 5.95 1.86 0.00 0.00 0.00 0.00 0.00
0.00 0.00 0.00 0.00 0.00 0.00 0.00 0.00 0.35 3.06 6.17 8.89 10.38 8.85 8.55 7.51 5.81 3.65 1.07 0.00 0.00 0.00 0.00 0.00
0.00 0.00 0.00 0.00 0.00 0.00 0.00 0.00 0.48 4.22 8.51 12.26 14.33 12.21 11.80 10.37 8.02 5.04 1.47 0.00 0.00 0.00 0.00 0.00
0.00 0.00 0.00 0.00 0.00 0.00 0.00 0.00 0.33 2.87 5.80 8.35 9.76 8.32 8.04 7.06 5.47 3.44 1.00 0.00 0.00 0.00 0.00 0.00
0.00 0.00 0.00 0.00 0.00 0.00 0.00 0.00 0.22 2.42 4.66 6.66 7.86 7.31 7.18 6.32 4.99 3.18 0.99 0.00 0.00 0.00 0.00 0.00
0.00 0.00 0.00 0.00 0.00 0.00 0.00 0.00 0.33 2.34 4.53 6.31 7.47 6.91 6.81 6.07 4.87 3.04 0.85 0.00 0.00 0.00 0.00 0.00
0.00 0.00 0.00 0.00 0.00 0.00 0.00 0.00 0.09 2.38 5.04 7.34 8.84 9.43 9.39 8.35 6.00 3.93 1.42 0.00 0.00 0.00 0.00 0.00
0.00 0.00 0.00 0.00 0.00 0.00 0.00 0.00 0.00 19.81 43.50 66.57 84.53 95.52 98.86 89.78 70.08 44.98 19.75 0.00 0.00 0.00 0.00 0.00
0.00 0.00 0.00 0.00 0.00 0.00 0.00 0.00 0.00 2.91 6.60 9.77 12.42 14.16 14.31 13.01 9.98 6.60 2.49 0.00 0.00 0.00 0.00 0.00
0.00 0.00 0.00 0.00 0.00 0.00 0.00 0.00 0.00 4.87 10.56 15.33 19.05 20.53 20.52 18.91 14.09 9.21 3.28 0.00 0.00 0.00 0.00 0.00
0.00 0.00 0.00 0.00 0.00 0.00 0.00 0.00 0.00 2.23 4.84 7.03 8.73 9.41 9.40 8.67 6.46 4.22 1.50 0.00 0.00 0.00 0.00 0.00
0.00 0.00 0.00 0.00 0.00 0.00 0.00 0.00 0.00 3.60 8.17 11.99 15.22 17.48 17.75 16.07 12.32 8.15 3.07 0.00 0.00 0.00 0.00 0.00
0.00 0.00 0.00 0.00 0.00 0.00 0.00 0.00 0.00 1.56 3.47 5.04 6.29 7.02 7.15 6.46 4.90 3.20 1.13 0.00 0.00 0.00 0.00 0.00
0.00 0.00 0.00 0.00 0.00 0.00 0.00 0.00 0.00 15.32 37.77 56.07 72.87 84.91 85.98 79.94 62.51 43.06 18.59 0.00 0.00 0.00 0.00 0.00
0.00 0.00 0.00 0.00 0.00 0.00 0.00 0.00 0.00 5.30 14.04 20.78 26.45 29.98 30.05 26.89 20.54 13.68 5.15 0.00 0.00 0.00 0.00 0.00
0.00 0.00 0.00 0.00 0.00 0.00 0.00 0.00 0.00 1.18 3.12 4.58 5.90 6.62 6.74 6.01 4.61 3.09 1.19 0.00 0.00 0.00 0.00 0.00
0.00 0.00 0.00 0.00 0.00 0.00 0.00 0.00 0.00 1.49 3.82 5.69 7.23 8.13 8.19 7.42 5.78 3.89 1.53 0.00 0.00 0.00 0.00 0.00
0.00 0.00 0.00 0.00 0.00 0.00 0.00 0.00 0.00 2.38 6.11 9.10 11.57 13.01 13.11 11.87 9.26 6.23 2.44 0.00 0.00 0.00 0.00 0.00
0.00 0.00 0.00 0.00 0.00 0.00 0.00 0.00 0.00 51.72 150.92 226.99 299.86 344.28 355.18 327.68 251.89 165.55 77.70 0.00 0.00 0.00 0.00 0.00
