0.00 0.00 0.00 0.00 0.00 0.00 0.00 0.10 1.05 1.97 3.10 4.05 4.71 5.19 5.34 5.15 4.65 3.84 2.76 1.64 0.74 0.00 0.00 0.00
0.00 0.00 0.00 0.00 0.00 0.00 0.00 3.64 20.36 36.33 53.43 69.09 79.97 84.58 85.97 81.78 65.37 51.64 35.01 17.70 4.97 0.00 0.00 0.00
0.00 0.00 0.00 0.00 0.00 0.00 0.00 2.32 24.01 45.11 70.77 92.57 107.80 118.59 122.19 117.76 106.38 87.82 63.09 37.40 16.89 0.00 0.00 0.00
0.00 0.00 0.00 0.00 0.00 0.00 0.00 8.23 85.35 160.30 251.53 328.98 383.11 421.46 434.24 418.50 378.07 312.11 224.22 132.91 60.03 0.00 0.00 0.00
0.00 0.00 0.00 0.00 0.00 0.00 0.00 1.16 3.78 6.26 9.23 11.56 13.11 10.69 10.74 10.14 9.33 7.28 4.79 2.05 0.47 0.00 0.00 0.00
0.00 0.00 0.00 0.00 0.00 0.00 0.00 2.61 172.50 338.38 535.13 703.82 822.68 912.59 941.44 928.33 866.84 716.91 524.92 309.17 141.81 0.00 0.00 0.00
0.00 0.00 0.00 0.00 0.00 0.00 0.00 0.80 2.65 4.39 6.39 8.02 9.18 9.15 9.15 8.77 7.40 5.97 4.14 2.08 0.74 0.00 0.00 0.00
0.00 0.00 0.00 0.00 0.00 0.00 0.00 0.26 1.24 2.17 3.15 4.10 4.75 5.19 5.23 4.95 4.71 3.79 2.57 1.11 0.33 0.00 0.00 0.00
0.00 0.00 0.00 0.00 0.00 0.00 0.00 0.41 1.98 3.48 5.03 6.56 7.61 8.30 8.36 7.91 7.54 6.07 4.11 1.78 0.53 0.00 0.00 0.00
0.00 0.00 0.00 0.00 0.00 0.00 0.00 0.41 1.98 3.48 5.03 6.56 7.61 8.30 8.36 7.91 7.54 6.07 4.11 1.78 0.53 0.00 0.00 0.00
0.00 0.00 0.00 0.00 0.00 0.00 0.00 0.88 4.64 8.22 12.73 16.91 19.66 19.63 19.85 18.87 16.07 12.75 8.73 4.72 1.62 0.00 0.00 0.00
0.00 0.00 0.00 0.00 0.00 0.00 0.00 0.41 2.17 3.86 5.99 7.89 9.17 8.76 8.93 8.49 7.23 5.74 3.90 2.07 0.70 0.00 0.00 0.00
0.00 0.00 0.00 0.00 0.00 0.00 0.00 0.53 2.79 4.96 7.70 10.14 11.79 11.27 11.48 10.91 9.29 7.38 5.02 2.66 0.90 0.00 0.00 0.00
0.00 0.00 0.00 0.00 0.00 0.00 0.00 0.35 1.86 3.30 5.13 6.76 7.86 7.51 7.65 7.27 6.20 4.92 3.35 1.77 0.60 0.00 0.00 0.00
0.00 0.00 0.00 0.00 0.00 0.00 0.00 0.35 1.86 3.30 5.13 6.76 7.86 7.51 7.65 7.27 6.20 4.92 3.35 1.77 0.60 0.00 0.00 0.00
0.00 0.00 0.00 0.00 0.00 0.00 0.00 1.35 22.45 42.69 64.67 83.86 97.51 107.30 108.87 103.74 90.20 70.28 48.67 27.23 8.71 0.00 0.00 0.00
0.00 0.00 0.00 0.00 0.00 0.00 0.00 3.02 14.48 25.38 39.15 51.55 60.53 58.43 58.04 54.41 46.70 37.12 25.51 14.76 5.02 0.00 0.00 0.00
0.00 0.00 0.00 0.00 0.00 0.00 0.00 2.67 12.78 22.41 33.00 42.94 50.36 50.96 50.65 47.17 38.45 30.78 21.11 11.86 4.26 0.00 0.00 0.00
0.00 0.00 0.00 0.00 0.00 0.00 0.00 0.77 50.88 99.81 157.84 207.60 242.66 269.18 277.69 273.82 255.69 211.46 154.83 91.19 41.83 0.00 0.00 0.00
0.00 0.00 0.00 0.00 0.00 0.00 0.00 0.73 48.40 94.94 150.15 197.47 230.82 256.05 264.15 260.47 243.21 201.15 147.28 86.75 39.79 0.00 0.00 0.00
0.00 0.00 0.00 0.00 0.00 0.00 0.00 1.41 93.08 182.58 288.74 379.76 443.89 492.40 507.97 500.90 467.72 386.82 283.23 166.82 76.51 0.00 0.00 0.00
0.00 0.00 0.00 0.00 0.00 0.00 0.00 1.39 91.53 179.54 283.93 373.43 436.49 484.20 499.51 492.55 459.92 380.37 278.51 164.04 75.24 0.00 0.00 0.00
0.00 0.00 0.00 0.00 0.00 0.00 0.00 12.03 111.01 207.18 323.14 426.53 502.40 541.60 557.04 539.73 488.72 402.56 292.68 171.69 80.02 0.00 0.00 0.00
0.00 0.00 0.00 0.00 0.00 0.00 0.00 0.26 1.24 2.17 3.15 4.10 4.75 5.19 5.23 4.95 4.71 3.79 2.57 1.11 0.33 0.00 0.00 0.00
0.00 0.00 0.00 0.00 0.00 0.00 0.00 1.30 6.28 11.02 15.94 20.78 24.09 26.29 26.47 25.06 23.87 19.21 13.00 5.64 1.68 0.00 0.00 0.00
0.00 0.00 0.00 0.00 0.00 0.00 0.00 6.63 32.08 56.25 81.35 106.11 122.97 134.20 135.16 127.93 121.86 98.06 66.37 28.79 8.56 0.00 0.00 0.00
0.00 0.00 0.00 0.00 0.00 0.00 0.00 0.05 3.47 6.82 10.78 14.18 16.57 18.38 18.96 18.70 17.46 14.44 10.57 6.23 2.86 0.00 0.00 0.00
0.00 0.00 0.00 0.00 0.00 0.00 0.00 8.10 84.02 157.80 247.61 323.85 377.14 414.89 427.47 411.97 372.18 307.24 220.73 130.84 59.09 0.00 0.00 0.00
0.00 0.00 0.00 0.00 0.00 0.00 0.00 0.59 6.27 11.76 18.58 25.39 30.54 33.59 33.66 32.07 29.30 23.74 16.51 9.66 3.78 0.00 0.00 0.00
0.00 0.00 0.00 0.00 0.00 0.00 0.00 9.74 47.54 83.93 129.30 167.58 194.64 203.97 206.89 195.17 178.44 146.87 105.53 58.52 25.44 0.00 0.00 0.00
0.00 0.00 0.00 0.00 0.00 0.00 0.00 0.14 1.40 2.63 4.13 5.40 6.29 6.91 7.12 6.87 6.20 5.12 3.68 2.18 0.98 0.00 0.00 0.00
0.00 0.00 0.00 0.00 0.00 0.00 0.00 6.08 63.01 118.35 185.71 242.89 282.85 311.17 320.61 308.98 279.13 230.43 165.55 98.13 44.32 0.00 0.00 0.00
0.00 0.00 0.00 0.00 0.00 0.00 0.00 7.80 80.87 151.89 238.32 311.71 362.99 399.33 411.44 396.52 358.22 295.72 212.45 125.93 56.88 0.00 0.00 0.00
0.00 0.00 0.00 0.00 0.00 0.00 0.00 15.87 146.39 273.22 426.14 562.49 662.54 714.23 734.59 711.78 644.50 530.87 385.97 226.41 105.52 0.00 0.00 0.00
0.00 0.00 0.00 0.00 0.00 0.00 0.00 0.53 3.29 5.93 9.43 12.36 14.59 14.08 14.20 13.26 10.96 8.77 6.02 3.11 1.07 0.00 0.00 0.00
0.00 0.00 0.00 0.00 0.00 0.00 0.00 0.69 4.13 7.42 11.87 15.59 18.20 17.54 17.70 16.65 13.98 11.16 7.69 4.02 1.38 0.00 0.00 0.00
0.00 0.00 0.00 0.00 0.00 0.00 0.00 2.42 25.86 48.49 76.65 104.75 126.00 138.56 138.84 132.29 120.85 97.93 68.09 39.84 15.60 0.00 0.00 0.00
0.00 0.00 0.00 0.00 0.00 0.00 0.00 12.72 104.19 193.67 304.66 410.69 494.78 550.85 563.40 539.16 424.14 352.01 255.68 143.39 73.41 2.31 0.00 0.00
0.00 0.00 0.00 0.00 0.00 0.00 0.00 0.27 1.19 2.07 2.98 3.91 4.57 4.48 4.46 4.14 3.59 2.85 1.96 1.12 0.37 0.00 0.00 0.00
0.00 0.00 0.00 0.00 0.00 0.00 0.00 3.22 22.53 41.24 63.55 83.57 96.82 103.83 105.68 100.89 92.17 76.14 54.32 31.16 13.88 0.00 0.00 0.00
0.00 0.00 0.00 0.00 0.00 0.00 0.00 0.00 5.65 11.69 18.61 25.12 29.72 32.48 33.21 32.09 29.52 24.45 17.91 10.90 5.15 0.00 0.00 0.00
0.00 0.00 0.00 0.00 0.00 0.00 0.00 0.97 3.06 5.03 7.30 9.22 10.42 10.19 10.07 9.61 8.44 6.70 4.69 2.29 0.80 0.00 0.00 0.00
0.00 0.00 0.00 0.00 0.00 0.00 0.00 0.48 1.53 2.51 3.65 4.61 5.21 5.10 5.04 4.81 4.22 3.35 2.34 1.15 0.40 0.00 0.00 0.00
0.00 0.00 0.00 0.00 0.00 0.00 0.00 1.06 3.34 5.50 7.98 10.09 11.40 11.15 11.02 10.51 9.23 7.33 5.13 2.51 0.87 0.00 0.00 0.00
0.00 0.00 0.00 0.00 0.00 0.00 0.00 1.25 4.08 6.74 9.71 12.29 14.00 13.05 12.85 12.27 11.01 8.86 6.13 3.13 1.08 0.00 0.00 0.00
0.00 0.00 0.00 0.00 0.00 0.00 0.00 1.91 6.21 10.27 14.80 18.73 21.33 19.88 19.58 18.70 16.78 13.50 9.34 4.77 1.64 0.00 0.00 0.00
0.00 0.00 0.00 0.00 0.00 0.00 0.00 1.61 5.42 9.03 13.09 16.32 18.74 18.82 18.88 17.95 15.08 11.99 8.42 4.44 1.58 0.00 0.00 0.00
0.00 0.00 0.00 0.00 0.00 0.00 0.00 1.01 4.00 6.85 10.26 13.45 15.62 16.46 16.45 15.72 14.09 11.37 8.07 4.53 1.91 0.00 0.00 0.00
0.00 0.00 0.00 0.00 0.00 0.00 0.00 2.61 10.32 17.71 26.51 34.74 40.36 42.53 42.49 40.60 36.39 29.38 20.84 11.70 4.94 0.00 0.00 0.00
0.00 0.00 0.00 0.00 0.00 0.00 0.00 0.60 2.68 4.68 7.16 9.29 10.79 11.33 11.24 10.61 9.54 7.69 5.48 3.15 1.32 0.00 0.00 0.00
0.00 0.00 0.00 0.00 0.00 0.00 0.00 1.36 5.38 9.19 13.09 16.96 19.53 19.90 19.83 18.59 16.57 13.36 9.20 4.84 1.55 0.00 0.00 0.00
0.00 0.00 0.00 0.00 0.00 0.00 0.00 2.62 9.63 16.27 23.87 30.54 35.08 35.12 35.54 33.34 29.86 23.60 16.15 8.09 2.74 0.00 0.00 0.00
0.00 0.00 0.00 0.00 0.00 0.00 0.00 0.40 1.28 2.11 2.85 3.54 3.95 3.47 3.45 3.21 2.25 1.78 1.21 0.51 0.13 0.00 0.00 0.00
0.00 0.00 0.00 0.00 0.00 0.00 0.00 1.87 7.01 11.86 15.89 20.23 22.91 16.76 16.58 15.65 19.38 15.56 10.62 5.86 1.57 0.00 0.00 0.00
0.00 0.00 0.00 0.00 0.00 0.00 0.00 1.40 4.87 8.14 11.43 14.37 16.12 12.42 12.18 11.74 10.01 7.99 5.43 3.19 0.81 0.00 0.00 0.00
0.00 0.00 0.00 0.00 0.00 0.00 0.00 1.93 6.72 11.24 15.77 19.83 22.24 17.13 16.81 16.21 13.82 11.02 7.49 4.40 1.11 0.00 0.00 0.00
0.00 0.00 0.00 0.00 0.00 0.00 0.00 1.31 4.58 7.65 10.74 13.51 15.15 11.67 11.45 11.04 9.41 7.51 5.10 3.00 0.76 0.00 0.00 0.00
0.00 0.00 0.00 0.00 0.00 0.00 0.00 1.00 3.74 6.32 8.47 10.79 12.22 8.94 8.84 8.35 10.34 8.30 5.67 3.13 0.84 0.00 0.00 0.00
0.00 0.00 0.00 0.00 0.00 0.00 0.00 1.04 3.50 5.81 8.46 10.60 11.98 9.92 10.00 9.53 8.87 6.97 4.60 2.16 0.51 0.00 0.00 0.00
0.00 0.00 0.00 0.00 0.00 0.00 0.00 0.73 3.56 6.23 9.02 11.76 13.63 14.87 14.98 14.18 13.51 10.87 7.36 3.19 0.95 0.00 0.00 0.00
0.00 0.00 0.00 0.00 0.00 0.00 0.00 1.76 29.23 55.56 84.18 109.15 126.91 139.66 141.71 135.03 117.40 91.48 63.34 35.44 11.34 0.00 0.00 0.00
0.00 0.00 0.00 0.00 0.00 0.00 0.00 0.99 5.25 9.32 14.43 19.16 22.28 22.25 22.50 21.38 18.21 14.45 9.90 5.35 1.84 0.00 0.00 0.00
0.00 0.00 0.00 0.00 0.00 0.00 0.00 1.80 8.21 14.29 20.32 26.48 30.96 29.64 29.49 27.71 26.95 21.12 14.43 7.60 2.47 0.00 0.00 0.00
0.00 0.00 0.00 0.00 0.00 0.00 0.00 0.82 3.76 6.55 9.31 12.14 14.19 13.59 13.52 12.70 12.35 9.68 6.61 3.48 1.13 0.00 0.00 0.00
0.00 0.00 0.00 0.00 0.00 0.00 0.00 1.26 6.60 11.69 17.91 23.75 27.66 27.94 28.20 26.73 23.16 18.40 12.59 6.94 2.39 0.00 0.00 0.00
0.00 0.00 0.00 0.00 0.00 0.00 0.00 0.65 2.89 5.02 7.23 9.51 11.11 10.87 10.83 10.06 8.72 6.93 4.77 2.73 0.91 0.00 0.00 0.00
0.00 0.00 0.00 0.00 0.00 0.00 0.00 2.50 26.78 50.20 79.36 108.45 130.45 143.46 143.74 136.97 125.12 101.39 70.49 41.25 16.15 0.00 0.00 0.00
0.00 0.00 0.00 0.00 0.00 0.00 0.00 2.33 11.37 20.07 30.92 40.07 46.54 48.78 49.47 46.67 42.67 35.12 25.23 14.00 6.08 0.00 0.00 0.00
0.00 0.00 0.00 0.00 0.00 0.00 0.00 0.49 2.56 4.55 7.01 9.07 10.56 11.15 11.24 10.59 9.44 7.66 5.50 3.21 1.39 0.00 0.00 0.00
0.00 0.00 0.00 0.00 0.00 0.00 0.00 0.59 3.30 5.90 8.80 11.41 13.18 13.93 13.93 13.28 11.93 9.83 7.09 4.43 1.87 0.00 0.00 0.00
0.00 0.00 0.00 0.00 0.00 0.00 0.00 0.95 5.27 9.43 14.08 18.25 21.08 22.29 22.28 21.25 19.09 15.72 11.34 7.09 2.99 0.00 0.00 0.00
0.00 0.00 0.00 0.00 0.00 0.00 0.00 1.43 94.63 185.62 293.55 386.09 451.29 500.61 516.44 509.24 475.51 393.27 287.95 169.60 77.79 0.00 0.00 0.00
