0.00 0.00 0.00 0.00 0.00 0.00 0.00 0.14 1.09 2.02 3.09 4.04 4.71 5.18 5.34 5.14 4.08 3.38 2.43 0.90 0.41 0.00 0.00 0.00
0.00 0.00 0.00 0.00 0.00 0.00 0.00 4.27 21.33 37.59 55.81 72.02 83.25 93.15 94.62 89.99 75.47 59.65 40.48 18.07 5.23 0.00 0.00 0.00
0.00 0.00 0.00 0.00 0.00 0.00 0.00 3.14 25.00 46.16 70.77 92.43 107.62 118.49 122.01 117.56 93.40 77.22 55.61 20.50 9.36 0.00 0.00 0.00
0.00 0.00 0.00 0.00 0.00 0.00 0.00 11.16 88.84 164.06 251.50 328.50 382.47 421.10 433.62 417.79 331.92 274.44 197.62 72.84 33.28 0.00 0.00 0.00
0.00 0.00 0.00 0.00 0.00 0.00 0.00 1.35 4.19 6.86 9.88 12.33 13.94 15.95 15.97 15.05 13.15 10.29 6.79 2.90 0.70 0.00 0.00 0.00
0.00 0.00 0.00 0.00 0.00 0.00 0.00 8.70 178.56 343.66 538.64 707.33 826.47 915.79 944.53 931.45 869.40 718.69 526.39 298.23 138.36 0.00 0.00 0.00
0.00 0.00 0.00 0.00 0.00 0.00 0.00 0.65 2.05 3.38 6.49 8.13 9.29 8.78 8.77 8.40 6.15 4.96 3.44 2.26 0.83 0.00 0.00 0.00
0.00 0.00 0.00 0.00 0.00 0.00 0.00 0.29 1.27 2.20 3.35 4.35 5.04 5.82 5.87 5.56 4.88 3.93 2.67 1.23 0.38 0.00 0.00 0.00
0.00 0.00 0.00 0.00 0.00 0.00 0.00 0.46 2.03 3.52 5.36 6.97 8.06 9.32 9.39 8.89 7.81 6.29 4.27 1.97 0.60 0.00 0.00 0.00
0.00 0.00 0.00 0.00 0.00 0.00 0.00 0.46 2.03 3.52 5.36 6.97 8.06 9.32 9.39 8.89 7.81 6.29 4.27 1.97 0.60 0.00 0.00 0.00
0.00 0.00 0.00 0.00 0.00 0.00 0.00 0.99 4.69 8.23 12.60 16.71 19.40 20.45 20.66 19.62 18.49 14.67 10.06 5.20 1.83 0.00 0.00 0.00
0.00 0.00 0.00 0.00 0.00 0.00 0.00 0.46 2.20 3.86 5.99 7.88 9.15 9.35 9.51 9.04 8.78 6.98 4.75 2.41 0.84 0.00 0.00 0.00
0.00 0.00 0.00 0.00 0.00 0.00 0.00 0.60 2.83 4.97 7.70 10.13 11.76 12.02 12.23 11.62 11.29 8.97 6.11 3.10 1.08 0.00 0.00 0.00
0.00 0.00 0.00 0.00 0.00 0.00 0.00 0.40 1.89 3.31 5.13 6.75 7.84 8.01 8.15 7.75 7.53 5.98 4.07 2.06 0.72 0.00 0.00 0.00
0.00 0.00 0.00 0.00 0.00 0.00 0.00 0.40 1.89 3.31 5.13 6.75 7.84 8.01 8.15 7.75 7.53 5.98 4.07 2.06 0.72 0.00 0.00 0.00
0.00 0.00 0.00 0.00 0.00 0.00 0.00 1.99 22.92 42.97 67.17 86.92 100.97 109.84 111.47 106.26 99.34 77.48 53.74 23.93 7.81 0.00 0.00 0.00
0.00 0.00 0.00 0.00 0.00 0.00 0.00 3.37 14.66 25.42 38.82 51.01 59.83 62.64 62.13 58.17 55.11 43.82 30.16 15.54 5.42 0.00 0.00 0.00
0.00 0.00 0.00 0.00 0.00 0.00 0.00 2.99 12.98 22.48 28.24 36.70 43.04 53.94 53.45 49.65 46.17 36.95 25.35 13.25 4.87 0.00 0.00 0.00
0.00 0.00 0.00 0.00 0.00 0.00 0.00 2.57 52.67 101.37 158.88 208.64 243.78 270.13 278.60 274.74 256.44 211.99 155.27 87.97 40.81 0.00 0.00 0.00
0.00 0.00 0.00 0.00 0.00 0.00 0.00 2.44 50.10 96.42 151.13 198.46 231.89 256.95 265.01 261.34 243.93 201.65 147.69 83.67 38.82 0.00 0.00 0.00
0.00 0.00 0.00 0.00 0.00 0.00 0.00 4.69 96.35 185.43 290.64 381.65 445.94 494.13 509.64 502.58 469.10 387.78 284.02 160.91 74.66 0.00 0.00 0.00
0.00 0.00 0.00 0.00 0.00 0.00 0.00 4.62 94.74 182.34 285.79 375.29 438.51 485.90 501.14 494.21 461.28 381.32 279.29 158.23 73.41 0.00 0.00 0.00
0.00 0.00 0.00 0.00 0.00 0.00 0.00 15.47 112.70 207.29 318.48 420.63 496.34 509.27 525.09 510.23 222.88 184.25 134.54 90.00 42.35 0.00 0.00 0.00
0.00 0.00 0.00 0.00 0.00 0.00 0.00 0.29 1.27 2.20 3.35 4.35 5.04 5.82 5.87 5.56 4.88 3.93 2.67 1.23 0.38 0.00 0.00 0.00
0.00 0.00 0.00 0.00 0.00 0.00 0.00 1.46 6.44 11.15 16.96 22.06 25.52 29.51 29.73 28.15 24.74 19.92 13.51 6.23 1.91 0.00 0.00 0.00
0.00 0.00 0.00 0.00 0.00 0.00 0.00 7.46 32.86 56.93 86.60 112.64 130.30 150.66 151.76 143.71 126.31 101.72 68.96 31.80 9.73 0.00 0.00 0.00
0.00 0.00 0.00 0.00 0.00 0.00 0.00 0.18 3.60 6.92 10.85 14.25 16.65 18.45 19.03 18.76 17.51 14.48 10.60 6.01 2.79 0.00 0.00 0.00
0.00 0.00 0.00 0.00 0.00 0.00 0.00 10.99 87.45 161.50 247.58 323.38 376.51 414.53 426.86 411.28 326.75 270.16 194.54 71.71 32.76 0.00 0.00 0.00
0.00 0.00 0.00 0.00 0.00 0.00 0.00 0.60 4.98 9.22 16.85 23.00 27.65 33.54 33.58 31.98 26.94 21.84 15.20 8.76 3.48 0.00 0.00 0.00
0.00 0.00 0.00 0.00 0.00 0.00 0.00 9.72 42.72 74.74 77.81 101.39 118.53 154.45 156.66 147.85 135.63 111.67 80.33 52.51 23.18 0.00 0.00 0.00
0.00 0.00 0.00 0.00 0.00 0.00 0.00 0.18 1.46 2.69 4.13 5.39 6.28 6.91 7.11 6.85 5.45 4.50 3.24 1.20 0.55 0.00 0.00 0.00
0.00 0.00 0.00 0.00 0.00 0.00 0.00 8.24 65.59 121.13 185.68 242.54 282.38 310.90 320.15 308.46 245.06 202.62 145.91 53.78 24.57 0.00 0.00 0.00
0.00 0.00 0.00 0.00 0.00 0.00 0.00 10.58 84.17 155.45 238.30 311.25 362.39 398.99 410.86 395.86 314.50 260.03 187.25 69.02 31.53 0.00 0.00 0.00
0.00 0.00 0.00 0.00 0.00 0.00 0.00 20.40 148.62 273.36 420.00 554.70 654.54 671.60 692.47 672.87 293.93 242.97 177.43 118.69 55.85 0.00 0.00 0.00
0.00 0.00 0.00 0.00 0.00 0.00 0.00 0.62 3.34 5.94 9.43 12.34 14.56 15.56 15.67 14.63 13.58 10.87 7.46 3.38 1.18 0.00 0.00 0.00
0.00 0.00 0.00 0.00 0.00 0.00 0.00 0.80 4.19 7.44 11.87 15.58 18.18 19.42 19.58 18.41 17.08 13.63 9.41 4.41 1.54 0.00 0.00 0.00
0.00 0.00 0.00 0.00 0.00 0.00 0.00 2.48 20.55 38.04 69.51 94.86 114.06 138.37 138.53 131.92 111.14 90.08 62.69 36.14 14.35 0.00 0.00 0.00
0.00 0.00 0.00 0.00 0.00 0.00 0.00 15.07 99.46 182.57 293.28 394.84 475.64 460.27 471.20 451.51 400.66 332.00 240.94 180.31 93.30 5.04 0.00 0.00
0.00 0.00 0.00 0.00 0.00 0.00 0.00 0.29 1.20 2.06 3.03 3.97 4.63 4.85 4.83 4.48 4.18 3.32 2.29 1.18 0.40 0.00 0.00 0.00
0.00 0.00 0.00 0.00 0.00 0.00 0.00 3.17 18.77 33.94 57.41 75.49 87.55 100.03 101.82 97.24 55.99 46.33 33.15 18.29 8.25 0.00 0.00 0.00
0.00 0.00 0.00 0.00 0.00 0.00 0.00 0.00 5.84 11.84 18.69 25.21 29.85 32.72 33.41 32.25 29.63 24.54 17.99 11.47 5.47 0.00 0.00 0.00
0.00 0.00 0.00 0.00 0.00 0.00 0.00 0.78 2.35 3.84 7.43 9.37 10.57 10.16 10.02 9.56 7.27 5.77 4.04 2.57 0.92 0.00 0.00 0.00
0.00 0.00 0.00 0.00 0.00 0.00 0.00 0.39 1.17 1.92 3.72 4.68 5.28 5.08 5.01 4.78 3.63 2.88 2.02 1.29 0.46 0.00 0.00 0.00
0.00 0.00 0.00 0.00 0.00 0.00 0.00 0.85 2.57 4.20 8.13 10.25 11.56 11.11 10.96 10.45 7.95 6.31 4.42 2.81 1.01 0.00 0.00 0.00
0.00 0.00 0.00 0.00 0.00 0.00 0.00 1.06 3.28 5.40 9.86 12.45 14.16 14.21 13.96 13.30 9.02 7.26 5.02 3.18 1.12 0.00 0.00 0.00
0.00 0.00 0.00 0.00 0.00 0.00 0.00 1.62 5.01 8.23 15.03 18.98 21.58 21.66 21.27 20.26 13.75 11.06 7.66 4.85 1.71 0.00 0.00 0.00
0.00 0.00 0.00 0.00 0.00 0.00 0.00 1.38 4.39 7.26 13.28 16.51 18.93 17.95 17.99 17.08 12.62 10.03 7.05 4.53 1.66 0.00 0.00 0.00
0.00 0.00 0.00 0.00 0.00 0.00 0.00 0.83 3.03 5.16 6.93 9.12 10.64 14.26 14.26 13.63 9.52 7.69 5.47 4.47 1.92 0.00 0.00 0.00
0.00 0.00 0.00 0.00 0.00 0.00 0.00 2.14 7.83 13.33 17.90 23.55 27.50 36.84 36.83 35.22 24.59 19.87 14.12 11.54 4.95 0.00 0.00 0.00
0.00 0.00 0.00 0.00 0.00 0.00 0.00 0.53 2.17 3.76 5.09 6.63 7.73 8.07 8.01 7.56 7.23 5.83 4.16 2.82 1.20 0.00 0.00 0.00
0.00 0.00 0.00 0.00 0.00 0.00 0.00 1.42 5.25 8.87 12.30 15.90 18.28 20.04 19.95 18.68 17.72 14.30 9.87 4.91 1.61 0.00 0.00 0.00
0.00 0.00 0.00 0.00 0.00 0.00 0.00 1.48 5.10 8.58 16.97 21.63 24.78 37.50 37.78 35.29 30.20 23.85 16.32 5.18 1.80 0.00 0.00 0.00
0.00 0.00 0.00 0.00 0.00 0.00 0.00 0.44 1.33 2.17 2.54 3.16 3.52 4.30 4.25 3.93 4.08 3.22 2.20 0.99 0.25 0.00 0.00 0.00
0.00 0.00 0.00 0.00 0.00 0.00 0.00 2.02 7.11 11.90 17.73 22.47 25.35 29.30 28.93 27.29 24.11 19.43 13.33 6.00 1.66 0.00 0.00 0.00
0.00 0.00 0.00 0.00 0.00 0.00 0.00 1.50 4.94 8.18 11.90 14.90 16.67 19.23 18.83 18.11 16.04 12.83 8.76 3.90 1.03 0.00 0.00 0.00
0.00 0.00 0.00 0.00 0.00 0.00 0.00 2.07 6.82 11.28 16.42 20.57 23.00 26.54 25.98 24.99 22.14 17.70 12.08 5.38 1.42 0.00 0.00 0.00
0.00 0.00 0.00 0.00 0.00 0.00 0.00 1.41 4.64 7.68 11.18 14.01 15.67 18.08 17.70 17.03 15.08 12.06 8.23 3.66 0.97 0.00 0.00 0.00
0.00 0.00 0.00 0.00 0.00 0.00 0.00 1.08 3.79 6.35 9.45 11.98 13.52 15.63 15.43 14.55 12.86 10.36 7.11 3.20 0.89 0.00 0.00 0.00
0.00 0.00 0.00 0.00 0.00 0.00 0.00 1.15 3.64 5.99 8.85 11.04 12.44 14.52 14.61 13.90 12.06 9.51 6.30 2.71 0.67 0.00 0.00 0.00
0.00 0.00 0.00 0.00 0.00 0.00 0.00 0.83 3.64 6.31 9.60 12.48 14.44 16.70 16.82 15.93 14.00 11.27 7.64 3.52 1.08 0.00 0.00 0.00
0.00 0.00 0.00 0.00 0.00 0.00 0.00 2.59 29.83 55.93 87.43 113.14 131.42 142.97 145.09 138.30 129.30 100.85 69.95 31.15 10.17 0.00 0.00 0.00
0.00 0.00 0.00 0.00 0.00 0.00 0.00 1.12 5.32 9.32 14.28 18.93 21.99 23.18 23.41 22.24 20.96 16.63 11.41 5.90 2.08 0.00 0.00 0.00
0.00 0.00 0.00 0.00 0.00 0.00 0.00 1.99 8.30 14.27 21.05 27.38 31.98 32.57 32.38 30.39 31.31 24.57 16.82 8.11 2.71 0.00 0.00 0.00
0.00 0.00 0.00 0.00 0.00 0.00 0.00 0.91 3.80 6.54 9.65 12.55 14.66 14.93 14.84 13.93 14.35 11.26 7.71 3.72 1.24 0.00 0.00 0.00
0.00 0.00 0.00 0.00 0.00 0.00 0.00 1.42 6.67 11.69 17.73 23.47 27.31 29.20 29.44 27.89 25.90 20.59 14.10 7.34 2.59 0.00 0.00 0.00
0.00 0.00 0.00 0.00 0.00 0.00 0.00 0.72 2.92 5.01 7.35 9.64 11.24 11.79 11.73 10.87 10.14 8.07 5.56 2.86 0.98 0.00 0.00 0.00
0.00 0.00 0.00 0.00 0.00 0.00 0.00 2.56 21.28 39.39 71.96 98.21 118.09 143.26 143.42 136.58 115.07 93.27 64.91 37.42 14.86 0.00 0.00 0.00
0.00 0.00 0.00 0.00 0.00 0.00 0.00 2.33 10.22 17.87 18.61 24.24 28.34 36.93 37.46 35.36 32.43 26.70 19.21 12.56 5.54 0.00 0.00 0.00
0.00 0.00 0.00 0.00 0.00 0.00 0.00 0.38 1.76 3.11 5.48 7.11 8.30 9.18 9.25 8.72 7.60 6.16 4.43 2.67 1.17 0.00 0.00 0.00
0.00 0.00 0.00 0.00 0.00 0.00 0.00 0.38 1.85 3.27 8.42 10.88 12.55 13.40 13.39 12.76 11.87 9.77 7.05 3.41 1.46 0.00 0.00 0.00
0.00 0.00 0.00 0.00 0.00 0.00 0.00 0.60 2.95 5.24 13.47 17.41 20.08 21.44 21.42 20.42 18.99 15.63 11.28 5.45 2.33 0.00 0.00 0.00
0.00 0.00 0.00 0.00 0.00 0.00 0.00 4.77 97.95 188.52 295.48 388.01 453.37 502.37 518.13 510.96 476.92 394.25 288.76 163.60 75.90 0.00 0.00 0.00
