0.00 0.00 0.00 0.00 0.00 0.00 0.00 0.00 0.37 0.88 1.86 2.59 3.14 3.77 3.80 3.65 2.91 2.29 1.53 0.93 0.16 0.00 0.00 0.00
0.00 0.00 0.00 0.00 0.00 0.00 0.00 0.00 3.89 8.07 12.78 17.32 21.03 22.59 22.57 21.09 23.59 18.08 11.28 5.08 0.00 0.00 0.00 0.00
0.00 0.00 0.00 0.00 0.00 0.00 0.00 0.00 8.43 20.18 42.59 59.29 71.90 86.26 86.96 83.41 66.59 52.36 35.01 21.17 3.65 0.00 0.00 0.00
0.00 0.00 0.00 0.00 0.00 0.00 0.00 0.00 29.98 71.72 151.36 210.73 255.52 306.56 309.06 296.44 236.64 186.09 124.42 75.22 12.99 0.00 0.00 0.00
0.00 0.00 0.00 0.00 0.00 0.00 0.00 0.11 1.46 2.73 3.63 4.81 5.51 5.23 5.16 4.85 4.29 3.21 1.94 0.62 0.00 0.00 0.00 0.00
0.00 0.00 0.00 0.00 0.00 0.00 0.00 0.00 29.77 76.58 127.92 179.18 217.65 280.82 285.90 270.72 301.27 238.11 164.07 155.66 31.24 0.00 0.00 0.00
0.00 0.00 0.00 0.00 0.00 0.00 0.00 0.01 1.67 3.25 5.09 6.91 8.01 8.56 8.48 7.99 7.64 5.68 3.57 1.25 0.00 0.00 0.00 0.00
0.00 0.00 0.00 0.00 0.00 0.00 0.00 0.00 0.32 0.65 0.62 0.85 1.01 1.59 1.63 1.53 1.64 1.28 0.80 0.35 0.00 0.00 0.00 0.00
0.00 0.00 0.00 0.00 0.00 0.00 0.00 0.00 0.51 1.05 0.99 1.36 1.61 2.55 2.60 2.45 2.62 2.04 1.28 0.57 0.00 0.00 0.00 0.00
0.00 0.00 0.00 0.00 0.00 0.00 0.00 0.00 0.51 1.05 0.99 1.36 1.61 2.55 2.60 2.45 2.62 2.04 1.28 0.57 0.00 0.00 0.00 0.00
0.00 0.00 0.00 0.00 0.00 0.00 0.00 0.00 1.44 3.03 3.92 5.43 6.61 8.40 8.43 8.11 9.05 6.92 4.48 2.27 0.00 0.00 0.00 0.00
0.00 0.00 0.00 0.00 0.00 0.00 0.00 0.00 0.66 1.39 1.88 2.55 3.08 3.98 4.00 3.87 4.09 3.14 1.98 1.04 0.00 0.00 0.00 0.00
0.00 0.00 0.00 0.00 0.00 0.00 0.00 0.00 0.85 1.78 2.41 3.28 3.96 5.11 5.14 4.97 5.26 4.04 2.54 1.33 0.00 0.00 0.00 0.00
0.00 0.00 0.00 0.00 0.00 0.00 0.00 0.00 0.57 1.19 1.61 2.19 2.64 3.41 3.43 3.32 3.50 2.69 1.69 0.89 0.00 0.00 0.00 0.00
0.00 0.00 0.00 0.00 0.00 0.00 0.00 0.00 0.57 1.19 1.61 2.19 2.64 3.41 3.43 3.32 3.50 2.69 1.69 0.89 0.00 0.00 0.00 0.00
0.00 0.00 0.00 0.00 0.00 0.00 0.00 0.00 7.26 16.50 27.50 38.51 47.64 57.58 59.76 57.38 53.28 41.20 25.91 12.85 0.00 0.00 0.00 0.00
0.00 0.00 0.00 0.00 0.00 0.00 0.00 0.00 5.10 10.54 12.48 17.49 21.27 24.68 24.27 23.05 26.15 19.98 12.93 6.61 0.00 0.00 0.00 0.00
0.00 0.00 0.00 0.00 0.00 0.00 0.00 0.00 6.07 12.62 12.27 16.53 20.07 22.89 22.94 21.97 23.18 17.79 11.47 5.45 0.00 0.00 0.00 0.00
0.00 0.00 0.00 0.00 0.00 0.00 0.00 0.00 8.78 22.59 37.73 52.85 64.20 82.83 84.33 79.85 88.86 70.23 48.39 45.91 9.21 0.00 0.00 0.00
0.00 0.00 0.00 0.00 0.00 0.00 0.00 0.00 8.35 21.49 35.89 50.27 61.07 78.79 80.22 75.96 84.53 66.81 46.03 43.67 8.76 0.00 0.00 0.00
0.00 0.00 0.00 0.00 0.00 0.00 0.00 0.00 16.06 41.32 69.02 96.68 117.44 151.52 154.26 146.07 162.55 128.48 88.53 83.99 16.86 0.00 0.00 0.00
0.00 0.00 0.00 0.00 0.00 0.00 0.00 0.00 15.80 40.63 67.87 95.07 115.48 148.99 151.69 143.64 159.85 126.33 87.05 82.59 16.57 0.00 0.00 0.00
0.00 0.00 0.00 0.00 0.00 0.00 0.00 0.00 75.33 179.91 293.36 401.14 478.08 501.18 503.03 476.78 381.88 299.39 202.68 103.83 20.16 0.00 0.00 0.00
0.00 0.00 0.00 0.00 0.00 0.00 0.00 0.00 0.32 0.65 0.62 0.85 1.01 1.59 1.63 1.53 1.64 1.28 0.80 0.35 0.00 0.00 0.00 0.00
0.00 0.00 0.00 0.00 0.00 0.00 0.00 0.00 1.62 3.31 3.13 4.29 5.10 8.07 8.25 7.75 8.30 6.46 4.05 1.79 0.00 0.00 0.00 0.00
0.00 0.00 0.00 0.00 0.00 0.00 0.00 0.00 8.27 16.91 15.98 21.91 26.02 41.21 42.11 39.56 42.37 32.99 20.68 9.16 0.00 0.00 0.00 0.00
0.00 0.00 0.00 0.00 0.00 0.00 0.00 0.00 0.60 1.54 2.58 3.61 4.38 5.66 5.76 5.45 6.07 4.80 3.30 3.14 0.63 0.00 0.00 0.00
0.00 0.00 0.00 0.00 0.00 0.00 0.00 0.00 29.51 70.60 149.00 207.44 251.54 301.78 304.24 291.82 232.95 183.19 122.48 74.05 12.78 0.00 0.00 0.00
0.00 0.00 0.00 0.00 0.00 0.00 0.00 0.00 1.56 3.59 6.14 8.68 11.01 20.38 20.89 19.92 23.34 18.29 12.45 5.05 0.37 0.00 0.00 0.00
0.00 0.00 0.00 0.00 0.00 0.00 0.00 0.00 35.61 76.94 123.16 169.88 198.16 213.03 212.86 201.48 174.84 135.37 89.10 36.35 4.23 0.00 0.00 0.00
0.00 0.00 0.00 0.00 0.00 0.00 0.00 0.00 0.49 1.18 2.48 3.46 4.19 5.03 5.07 4.86 3.88 3.05 2.04 1.23 0.21 0.00 0.00 0.00
0.00 0.00 0.00 0.00 0.00 0.00 0.00 0.00 22.13 52.95 111.75 155.58 188.66 226.33 228.18 218.87 174.72 137.39 91.86 55.54 9.59 0.00 0.00 0.00
0.00 0.00 0.00 0.00 0.00 0.00 0.00 0.00 28.40 67.95 143.41 199.66 242.11 290.46 292.83 280.88 224.22 176.32 117.89 71.27 12.30 0.00 0.00 0.00
0.00 0.00 0.00 0.00 0.00 0.00 0.00 0.00 99.33 237.25 386.87 529.01 630.46 660.93 663.37 628.75 503.60 394.81 267.29 136.92 26.59 0.00 0.00 0.00
0.00 0.00 0.00 0.00 0.00 0.00 0.00 0.00 1.00 2.14 2.67 3.69 4.44 6.00 6.14 5.86 6.40 4.92 3.15 1.53 0.00 0.00 0.00 0.00
0.00 0.00 0.00 0.00 0.00 0.00 0.00 0.00 1.22 2.61 3.60 4.98 6.00 7.61 7.73 7.42 8.11 6.20 3.99 2.01 0.00 0.00 0.00 0.00
0.00 0.00 0.00 0.00 0.00 0.00 0.00 0.00 6.44 14.82 25.33 35.81 45.41 84.07 86.18 82.17 96.27 75.43 51.34 20.83 1.53 0.00 0.00 0.00
0.00 0.00 0.00 0.00 0.00 0.00 0.00 0.00 77.82 191.90 309.86 415.22 509.28 546.73 549.75 520.79 474.41 383.52 268.36 128.84 34.63 0.00 0.00 0.00
0.00 0.00 0.00 0.00 0.00 0.00 0.00 0.00 0.47 0.96 1.07 1.49 1.80 1.91 1.88 1.75 1.87 1.45 0.93 0.50 0.00 0.00 0.00 0.00
0.00 0.00 0.00 0.00 0.00 0.00 0.00 0.00 15.25 34.91 57.11 77.85 94.14 95.68 96.93 91.10 73.31 57.98 38.32 18.58 2.83 0.00 0.00 0.00
0.00 0.00 0.00 0.00 0.00 0.00 0.00 0.00 1.97 5.55 10.41 14.64 17.79 19.63 19.34 18.32 22.33 18.02 12.46 7.41 1.76 0.00 0.00 0.00
0.00 0.00 0.00 0.00 0.00 0.00 0.00 0.06 1.92 3.68 5.26 7.14 8.37 9.22 9.16 8.51 8.98 6.66 4.14 1.39 0.00 0.00 0.00 0.00
0.00 0.00 0.00 0.00 0.00 0.00 0.00 0.03 0.96 1.84 2.63 3.57 4.19 4.61 4.58 4.26 4.49 3.33 2.07 0.70 0.00 0.00 0.00 0.00
0.00 0.00 0.00 0.00 0.00 0.00 0.00 0.07 2.10 4.02 5.76 7.81 9.16 10.09 10.02 9.31 9.82 7.28 4.53 1.53 0.00 0.00 0.00 0.00
0.00 0.00 0.00 0.00 0.00 0.00 0.00 0.05 2.53 4.88 7.15 9.80 11.61 12.74 12.57 11.73 11.34 8.32 5.21 1.83 0.00 0.00 0.00 0.00
0.00 0.00 0.00 0.00 0.00 0.00 0.00 0.08 3.86 7.44 10.90 14.94 17.69 19.42 19.16 17.87 17.28 12.68 7.94 2.79 0.00 0.00 0.00 0.00
0.00 0.00 0.00 0.00 0.00 0.00 0.00 0.00 3.43 6.68 10.84 14.70 17.25 18.09 18.02 16.75 15.31 11.48 7.23 2.62 0.00 0.00 0.00 0.00
0.00 0.00 0.00 0.00 0.00 0.00 0.00 0.00 2.96 6.13 9.72 13.11 15.76 17.03 16.68 15.65 13.72 10.63 6.84 2.66 0.20 0.00 0.00 0.00
0.00 0.00 0.00 0.00 0.00 0.00 0.00 0.00 7.66 15.83 25.11 33.86 40.71 44.00 43.10 40.43 35.45 27.46 17.67 6.86 0.52 0.00 0.00 0.00
0.00 0.00 0.00 0.00 0.00 0.00 0.00 0.00 1.95 4.12 6.55 9.02 10.82 11.65 11.49 10.85 9.34 7.10 4.58 1.83 0.15 0.00 0.00 0.00
0.00 0.00 0.00 0.00 0.00 0.00 0.00 0.00 2.54 5.03 4.97 6.74 8.12 8.95 8.84 8.22 7.67 5.94 3.76 1.78 0.00 0.00 0.00 0.00
0.00 0.00 0.00 0.00 0.00 0.00 0.00 0.00 6.39 12.56 14.85 20.03 23.77 27.93 27.75 26.15 23.00 17.48 10.75 4.19 0.00 0.00 0.00 0.00
0.00 0.00 0.00 0.00 0.00 0.00 0.00 0.04 0.55 1.02 1.25 1.67 1.93 1.71 1.68 1.61 1.45 1.08 0.66 0.26 0.00 0.00 0.00 0.00
0.00 0.00 0.00 0.00 0.00 0.00 0.00 0.01 2.09 4.07 5.61 7.43 8.79 6.95 6.91 6.51 7.80 5.90 3.68 1.60 0.00 0.00 0.00 0.00
0.00 0.00 0.00 0.00 0.00 0.00 0.00 0.06 1.56 2.97 4.07 5.40 6.23 5.17 5.22 4.97 4.90 3.69 2.26 1.02 0.00 0.00 0.00 0.00
0.00 0.00 0.00 0.00 0.00 0.00 0.00 0.08 2.15 4.10 5.62 7.45 8.60 7.14 7.20 6.86 6.76 5.09 3.12 1.41 0.00 0.00 0.00 0.00
0.00 0.00 0.00 0.00 0.00 0.00 0.00 0.06 1.46 2.79 3.83 5.07 5.85 4.86 4.90 4.67 4.61 3.47 2.13 0.96 0.00 0.00 0.00 0.00
0.00 0.00 0.00 0.00 0.00 0.00 0.00 0.00 1.12 2.17 2.99 3.96 4.69 3.71 3.68 3.47 4.16 3.14 1.96 0.85 0.00 0.00 0.00 0.00
0.00 0.00 0.00 0.00 0.00 0.00 0.00 0.08 1.28 2.42 3.26 4.31 4.90 4.59 4.50 4.21 3.83 2.88 1.75 0.64 0.00 0.00 0.00 0.00
0.00 0.00 0.00 0.00 0.00 0.00 0.00 0.00 0.92 1.87 1.77 2.43 2.88 4.57 4.67 4.38 4.70 3.66 2.29 1.02 0.00 0.00 0.00 0.00
0.00 0.00 0.00 0.00 0.00 0.00 0.00 0.00 9.45 21.48 35.79 50.13 62.01 74.94 77.78 74.68 69.34 53.63 33.73 16.72 0.00 0.00 0.00 0.00
0.00 0.00 0.00 0.00 0.00 0.00 0.00 0.00 1.64 3.44 4.45 6.15 7.49 9.51 9.56 9.19 10.25 7.85 5.08 2.57 0.00 0.00 0.00 0.00
0.00 0.00 0.00 0.00 0.00 0.00 0.00 0.00 2.52 5.13 7.02 9.55 11.58 12.70 12.55 11.86 11.62 9.03 5.82 2.90 0.00 0.00 0.00 0.00
0.00 0.00 0.00 0.00 0.00 0.00 0.00 0.00 1.16 2.35 3.22 4.38 5.31 5.82 5.75 5.44 5.33 4.14 2.67 1.33 0.00 0.00 0.00 0.00
0.00 0.00 0.00 0.00 0.00 0.00 0.00 0.00 2.10 4.40 5.53 7.73 9.42 11.58 11.59 11.09 12.60 9.64 6.30 3.06 0.00 0.00 0.00 0.00
0.00 0.00 0.00 0.00 0.00 0.00 0.00 0.00 1.15 2.34 2.60 3.61 4.36 4.64 4.58 4.24 4.54 3.51 2.25 1.21 0.00 0.00 0.00 0.00
0.00 0.00 0.00 0.00 0.00 0.00 0.00 0.00 6.67 15.34 26.22 37.08 47.02 87.05 89.22 85.07 99.67 78.10 53.15 21.57 1.58 0.00 0.00 0.00
0.00 0.00 0.00 0.00 0.00 0.00 0.00 0.00 8.51 18.40 29.45 40.62 47.39 50.94 50.90 48.18 41.81 32.37 21.31 8.69 1.01 0.00 0.00 0.00
0.00 0.00 0.00 0.00 0.00 0.00 0.00 0.00 1.83 3.99 6.52 9.05 10.69 11.30 11.54 10.86 9.06 7.08 4.69 1.91 0.22 0.00 0.00 0.00
0.00 0.00 0.00 0.00 0.00 0.00 0.00 0.00 1.92 4.21 7.20 9.91 11.98 12.08 12.16 11.49 9.74 7.52 4.94 2.19 0.22 0.00 0.00 0.00
0.00 0.00 0.00 0.00 0.00 0.00 0.00 0.00 3.08 6.73 11.52 15.85 19.17 19.32 19.46 18.38 15.58 12.02 7.91 3.50 0.34 0.00 0.00 0.00
0.00 0.00 0.00 0.00 0.00 0.00 0.00 0.00 16.33 42.01 70.17 98.29 119.40 154.05 156.83 148.51 165.26 130.62 90.00 85.39 17.14 0.00 0.00 0.00
