0.00 0.00 0.00 0.00 0.00 0.00 0.00 0.00 0.00 0.12 1.14 1.93 2.74 3.29 3.41 3.19 2.57 1.72 0.82 0.00 0.00 0.00 0.00 0.00
0.00 0.00 0.00 0.00 0.00 0.00 0.00 0.00 0.00 8.38 25.84 38.89 50.51 55.24 55.31 52.21 41.61 27.86 12.24 0.00 0.00 0.00 0.00 0.00
0.00 0.00 0.00 0.00 0.00 0.00 0.00 0.00 0.00 2.74 26.04 44.24 62.63 75.29 78.07 72.87 58.83 39.33 18.84 0.00 0.00 0.00 0.00 0.00
0.00 0.00 0.00 0.00 0.00 0.00 0.00 0.00 0.00 9.75 92.54 157.24 222.57 267.58 277.44 258.99 209.09 139.77 66.94 0.00 0.00 0.00 0.00 0.00
0.00 0.00 0.00 0.00 0.00 0.00 0.00 0.00 0.00 1.51 4.22 6.19 7.92 8.99 9.05 8.11 6.44 4.18 1.43 0.00 0.00 0.00 0.00 0.00
0.00 0.00 0.00 0.00 0.00 0.00 0.00 0.00 0.00 19.51 213.85 368.08 528.38 650.27 676.44 627.68 509.12 346.07 176.00 0.00 0.00 0.00 0.00 0.00
0.00 0.00 0.00 0.00 0.00 0.00 0.00 0.00 0.00 0.56 2.26 3.49 4.66 5.40 5.46 4.92 3.79 2.49 0.85 0.00 0.00 0.00 0.00 0.00
0.00 0.00 0.00 0.00 0.00 0.00 0.00 0.00 0.00 0.44 1.40 2.09 2.72 3.17 3.28 3.04 2.42 1.62 0.69 0.00 0.00 0.00 0.00 0.00
0.00 0.00 0.00 0.00 0.00 0.00 0.00 0.00 0.00 0.70 2.24 3.35 4.34 5.07 5.25 4.86 3.88 2.59 1.10 0.00 0.00 0.00 0.00 0.00
0.00 0.00 0.00 0.00 0.00 0.00 0.00 0.00 0.00 0.70 2.24 3.35 4.34 5.07 5.25 4.86 3.88 2.59 1.10 0.00 0.00 0.00 0.00 0.00
0.00 0.00 0.00 0.00 0.00 0.00 0.00 0.00 0.00 1.33 4.95 7.62 10.34 12.20 12.62 11.84 9.60 6.56 2.84 0.00 0.00 0.00 0.00 0.00
0.00 0.00 0.00 0.00 0.00 0.00 0.00 0.00 0.00 0.63 2.33 3.57 4.90 5.83 5.97 5.58 4.56 3.07 1.33 0.00 0.00 0.00 0.00 0.00
0.00 0.00 0.00 0.00 0.00 0.00 0.00 0.00 0.00 0.82 2.99 4.58 6.30 7.49 7.68 7.18 5.87 3.95 1.71 0.00 0.00 0.00 0.00 0.00
0.00 0.00 0.00 0.00 0.00 0.00 0.00 0.00 0.00 0.54 2.00 3.06 4.20 4.99 5.12 4.78 3.91 2.63 1.14 0.00 0.00 0.00 0.00 0.00
0.00 0.00 0.00 0.00 0.00 0.00 0.00 0.00 0.00 0.54 2.00 3.06 4.20 4.99 5.12 4.78 3.91 2.63 1.14 0.00 0.00 0.00 0.00 0.00
0.00 0.00 0.00 0.00 0.00 0.00 0.00 0.00 0.00 8.84 30.18 45.87 63.64 74.21 76.99 72.89 60.24 40.81 20.14 0.00 0.00 0.00 0.00 0.00
0.00 0.00 0.00 0.00 0.00 0.00 0.00 0.00 0.00 4.17 15.37 23.56 31.37 36.46 37.83 35.18 28.95 19.27 8.12 0.00 0.00 0.00 0.00 0.00
0.00 0.00 0.00 0.00 0.00 0.00 0.00 0.00 0.00 3.34 13.30 20.60 27.35 32.12 32.74 30.36 24.12 16.42 6.91 0.00 0.00 0.00 0.00 0.00
0.00 0.00 0.00 0.00 0.00 0.00 0.00 0.00 0.00 5.76 63.08 108.57 155.85 191.81 199.52 185.14 150.17 102.08 51.91 0.00 0.00 0.00 0.00 0.00
0.00 0.00 0.00 0.00 0.00 0.00 0.00 0.00 0.00 5.47 60.00 103.28 148.25 182.45 189.79 176.11 142.85 97.10 49.38 0.00 0.00 0.00 0.00 0.00
0.00 0.00 0.00 0.00 0.00 0.00 0.00 0.00 0.00 10.53 115.39 198.61 285.10 350.86 364.98 338.67 274.71 186.73 94.96 0.00 0.00 0.00 0.00 0.00
0.00 0.00 0.00 0.00 0.00 0.00 0.00 0.00 0.00 10.35 113.46 195.30 280.35 345.02 358.90 333.03 270.13 183.62 93.38 0.00 0.00 0.00 0.00 0.00
0.00 0.00 0.00 0.00 0.00 0.00 0.00 0.00 0.00 8.40 115.30 200.52 283.47 345.55 355.99 330.32 265.54 177.63 83.92 0.00 0.00 0.00 0.00 0.00
0.00 0.00 0.00 0.00 0.00 0.00 0.00 0.00 0.00 0.44 1.40 2.09 2.72 3.17 3.28 3.04 2.42 1.62 0.69 0.00 0.00 0.00 0.00 0.00
0.00 0.00 0.00 0.00 0.00 0.00 0.00 0.00 0.00 2.21 7.09 10.61 13.76 16.04 16.62 15.38 12.27 8.21 3.48 0.00 0.00 0.00 0.00 0.00
0.00 0.00 0.00 0.00 0.00 0.00 0.00 0.00 0.00 11.30 36.21 54.17 70.23 81.89 84.82 78.54 62.65 41.89 17.74 0.00 0.00 0.00 0.00 0.00
0.00 0.00 0.00 0.00 0.00 0.00 0.00 0.00 0.00 0.39 4.31 7.41 10.64 13.10 13.63 12.64 10.26 6.97 3.55 0.00 0.00 0.00 0.00 0.00
0.00 0.00 0.00 0.00 0.00 0.00 0.00 0.00 0.00 9.59 91.10 154.79 219.10 263.41 273.12 254.96 205.83 137.59 65.90 0.00 0.00 0.00 0.00 0.00
0.00 0.00 0.00 0.00 0.00 0.00 0.00 0.00 0.00 1.62 7.67 12.26 16.63 20.19 21.58 20.51 16.79 12.20 5.87 0.00 0.00 0.00 0.00 0.00
0.00 0.00 0.00 0.00 0.00 0.00 0.00 0.00 0.00 6.28 46.69 77.91 108.23 126.36 127.86 117.45 93.19 63.34 26.62 0.00 0.00 0.00 0.00 0.00
0.00 0.00 0.00 0.00 0.00 0.00 0.00 0.00 0.00 0.16 1.52 2.58 3.65 4.39 4.55 4.25 3.43 2.29 1.10 0.00 0.00 0.00 0.00 0.00
0.00 0.00 0.00 0.00 0.00 0.00 0.00 0.00 0.00 7.20 68.32 116.09 164.33 197.56 204.84 191.22 154.37 103.19 49.43 0.00 0.00 0.00 0.00 0.00
0.00 0.00 0.00 0.00 0.00 0.00 0.00 0.00 0.00 9.23 87.68 148.98 210.89 253.53 262.88 245.39 198.11 132.43 63.43 0.00 0.00 0.00 0.00 0.00
0.00 0.00 0.00 0.00 0.00 0.00 0.00 0.00 0.00 11.08 152.05 264.43 373.83 455.69 469.46 435.60 350.19 234.25 110.67 0.00 0.00 0.00 0.00 0.00
0.00 0.00 0.00 0.00 0.00 0.00 0.00 0.00 0.00 0.96 3.55 5.45 7.57 9.28 9.82 9.06 7.37 4.96 2.23 0.00 0.00 0.00 0.00 0.00
0.00 0.00 0.00 0.00 0.00 0.00 0.00 0.00 0.00 1.21 4.48 6.88 9.58 11.60 12.16 11.29 9.13 6.14 2.73 0.00 0.00 0.00 0.00 0.00
0.00 0.00 0.00 0.00 0.00 0.00 0.00 0.00 0.00 6.70 31.66 50.59 68.59 83.27 89.02 84.62 69.28 50.33 24.20 0.00 0.00 0.00 0.00 0.00
0.00 0.00 0.00 0.00 0.00 0.00 0.00 0.00 0.00 0.00 94.34 179.43 253.31 314.65 334.07 312.66 250.21 169.12 78.88 0.00 0.00 0.00 0.00 0.00
0.00 0.00 0.00 0.00 0.00 0.00 0.00 0.00 0.00 0.34 1.21 1.84 2.46 2.83 2.91 2.71 2.21 1.48 0.61 0.00 0.00 0.00 0.00 0.00
0.00 0.00 0.00 0.00 0.00 0.00 0.00 0.00 0.00 2.66 23.30 39.47 55.58 66.97 68.08 62.49 50.57 34.10 15.53 0.00 0.00 0.00 0.00 0.00
0.00 0.00 0.00 0.00 0.00 0.00 0.00 0.00 0.00 0.51 7.89 13.87 19.92 24.34 26.07 24.27 19.59 13.73 7.41 0.00 0.00 0.00 0.00 0.00
0.00 0.00 0.00 0.00 0.00 0.00 0.00 0.00 0.00 0.68 2.65 4.07 5.40 6.20 6.14 5.54 4.23 2.75 0.90 0.00 0.00 0.00 0.00 0.00
0.00 0.00 0.00 0.00 0.00 0.00 0.00 0.00 0.00 0.34 1.33 2.04 2.70 3.10 3.07 2.77 2.12 1.38 0.45 0.00 0.00 0.00 0.00 0.00
0.00 0.00 0.00 0.00 0.00 0.00 0.00 0.00 0.00 0.74 2.90 4.45 5.91 6.79 6.72 6.06 4.63 3.01 0.98 0.00 0.00 0.00 0.00 0.00
0.00 0.00 0.00 0.00 0.00 0.00 0.00 0.00 0.00 0.92 3.48 5.32 6.98 8.16 8.19 7.50 5.81 3.80 1.28 0.00 0.00 0.00 0.00 0.00
0.00 0.00 0.00 0.00 0.00 0.00 0.00 0.00 0.00 1.40 5.30 8.10 10.63 12.43 12.47 11.42 8.85 5.79 1.95 0.00 0.00 0.00 0.00 0.00
0.00 0.00 0.00 0.00 0.00 0.00 0.00 0.00 0.00 1.14 4.62 7.12 9.64 11.17 11.10 9.97 7.78 5.11 1.78 0.00 0.00 0.00 0.00 0.00
0.00 0.00 0.00 0.00 0.00 0.00 0.00 0.00 0.00 0.58 3.69 6.06 8.34 9.64 9.68 9.03 7.19 4.79 1.84 0.00 0.00 0.00 0.00 0.00
0.00 0.00 0.00 0.00 0.00 0.00 0.00 0.00 0.00 1.50 9.53 15.66 21.54 24.90 25.00 23.32 18.57 12.38 4.76 0.00 0.00 0.00 0.00 0.00
0.00 0.00 0.00 0.00 0.00 0.00 0.00 0.00 0.00 0.42 2.64 4.32 5.90 6.76 6.78 6.30 4.91 3.32 1.35 0.00 0.00 0.00 0.00 0.00
0.00 0.00 0.00 0.00 0.00 0.00 0.00 0.00 0.00 1.61 5.52 8.30 10.84 12.49 12.72 11.81 9.41 6.28 2.45 0.00 0.00 0.00 0.00 0.00
0.00 0.00 0.00 0.00 0.00 0.00 0.00 0.00 0.00 2.36 8.66 13.20 17.75 20.92 21.22 19.19 15.27 10.16 3.78 0.00 0.00 0.00 0.00 0.00
0.00 0.00 0.00 0.00 0.00 0.00 0.00 0.00 0.00 0.43 1.23 1.80 2.28 2.66 2.66 2.42 1.98 1.29 0.43 0.00 0.00 0.00 0.00 0.00
0.00 0.00 0.00 0.00 0.00 0.00 0.00 0.00 0.00 2.41 7.21 10.64 13.90 16.21 16.17 14.63 11.48 7.61 2.89 0.00 0.00 0.00 0.00 0.00
0.00 0.00 0.00 0.00 0.00 0.00 0.00 0.00 0.00 1.71 4.98 7.37 9.47 10.82 10.83 9.79 7.66 5.00 1.81 0.00 0.00 0.00 0.00 0.00
0.00 0.00 0.00 0.00 0.00 0.00 0.00 0.00 0.00 2.35 6.87 10.17 13.07 14.93 14.94 13.51 10.58 6.90 2.49 0.00 0.00 0.00 0.00 0.00
0.00 0.00 0.00 0.00 0.00 0.00 0.00 0.00 0.00 1.60 4.68 6.93 8.90 10.17 10.18 9.20 7.20 4.70 1.70 0.00 0.00 0.00 0.00 0.00
0.00 0.00 0.00 0.00 0.00 0.00 0.00 0.00 0.00 1.28 3.85 5.68 7.41 8.65 8.62 7.81 6.12 4.06 1.54 0.00 0.00 0.00 0.00 0.00
0.00 0.00 0.00 0.00 0.00 0.00 0.00 0.00 0.00 1.38 3.88 5.73 7.19 8.16 8.29 7.46 5.86 3.83 1.34 0.00 0.00 0.00 0.00 0.00
0.00 0.00 0.00 0.00 0.00 0.00 0.00 0.00 0.00 1.25 4.01 6.00 7.78 9.08 9.40 8.70 6.94 4.64 1.97 0.00 0.00 0.00 0.00 0.00
0.00 0.00 0.00 0.00 0.00 0.00 0.00 0.00 0.00 11.51 39.28 59.70 82.83 96.59 100.21 94.87 78.41 53.11 26.21 0.00 0.00 0.00 0.00 0.00
0.00 0.00 0.00 0.00 0.00 0.00 0.00 0.00 0.00 1.50 5.61 8.64 11.72 13.82 14.31 13.41 10.88 7.43 3.22 0.00 0.00 0.00 0.00 0.00
0.00 0.00 0.00 0.00 0.00 0.00 0.00 0.00 0.00 2.50 8.59 12.95 17.50 20.48 20.77 19.39 15.55 10.47 4.35 0.00 0.00 0.00 0.00 0.00
0.00 0.00 0.00 0.00 0.00 0.00 0.00 0.00 0.00 1.15 3.94 5.93 8.02 9.39 9.52 8.89 7.13 4.80 1.99 0.00 0.00 0.00 0.00 0.00
0.00 0.00 0.00 0.00 0.00 0.00 0.00 0.00 0.00 1.86 6.96 10.72 14.46 16.97 17.51 16.42 13.32 9.15 3.95 0.00 0.00 0.00 0.00 0.00
0.00 0.00 0.00 0.00 0.00 0.00 0.00 0.00 0.00 0.82 2.94 4.48 5.98 6.87 7.06 6.59 5.36 3.60 1.48 0.00 0.00 0.00 0.00 0.00
0.00 0.00 0.00 0.00 0.00 0.00 0.00 0.00 0.00 6.93 32.77 52.38 71.01 86.21 92.16 87.61 71.73 52.10 25.06 0.00 0.00 0.00 0.00 0.00
0.00 0.00 0.00 0.00 0.00 0.00 0.00 0.00 0.00 1.50 11.17 18.63 25.88 30.22 30.58 28.09 22.29 15.15 6.37 0.00 0.00 0.00 0.00 0.00
0.00 0.00 0.00 0.00 0.00 0.00 0.00 0.00 0.00 0.37 2.59 4.32 6.00 7.16 7.21 6.62 5.24 3.55 1.52 0.00 0.00 0.00 0.00 0.00
0.00 0.00 0.00 0.00 0.00 0.00 0.00 0.00 0.00 0.52 3.21 5.29 7.31 8.83 9.06 8.35 6.62 4.45 1.94 0.00 0.00 0.00 0.00 0.00
0.00 0.00 0.00 0.00 0.00 0.00 0.00 0.00 0.00 0.83 5.14 8.46 11.70 14.13 14.49 13.35 10.59 7.12 3.10 0.00 0.00 0.00 0.00 0.00
0.00 0.00 0.00 0.00 0.00 0.00 0.00 0.00 0.00 10.70 117.31 201.92 289.85 356.71 371.07 344.32 279.29 189.84 96.55 0.00 0.00 0.00 0.00 0.00
