0.00 0.00 0.00 0.00 0.00 0.00 0.00 0.00 0.53 1.57 2.68 3.76 4.55 4.99 5.04 4.82 4.20 3.29 2.17 0.87 0.08 0.00 0.00 0.00
0.00 0.00 0.00 0.00 0.00 0.00 0.00 0.00 11.09 25.75 41.80 56.90 68.83 73.87 74.26 69.72 57.45 44.28 27.53 7.98 0.00 0.00 0.00 0.00
0.00 0.00 0.00 0.00 0.00 0.00 0.00 0.00 12.23 35.97 61.32 86.02 104.04 114.17 115.18 110.29 95.98 75.17 49.64 19.89 1.78 0.00 0.00 0.00
0.00 0.00 0.00 0.00 0.00 0.00 0.00 0.00 43.46 127.82 217.93 305.71 369.75 405.75 409.35 391.96 341.10 267.13 176.40 70.68 6.32 0.00 0.00 0.00
0.00 0.00 0.00 0.00 0.00 0.00 0.00 0.00 2.49 5.09 7.94 10.59 12.15 12.42 12.31 11.58 9.69 7.26 4.32 0.98 0.00 0.00 0.00 0.00
0.00 0.00 0.00 0.00 0.00 0.00 0.00 0.00 84.71 275.99 497.71 701.05 847.61 917.91 936.57 886.81 766.58 605.09 413.41 176.98 22.70 0.00 0.00 0.00
0.00 0.00 0.00 0.00 0.00 0.00 0.00 0.00 1.57 3.42 5.32 7.29 8.44 9.07 9.00 8.47 7.06 5.22 3.22 0.94 0.00 0.00 0.00 0.00
0.00 0.00 0.00 0.00 0.00 0.00 0.00 0.00 0.66 1.50 2.38 3.27 3.86 4.16 4.27 4.02 3.44 2.69 1.68 0.47 0.00 0.00 0.00 0.00
0.00 0.00 0.00 0.00 0.00 0.00 0.00 0.00 1.05 2.40 3.80 5.23 6.17 6.65 6.83 6.43 5.51 4.31 2.68 0.76 0.00 0.00 0.00 0.00
0.00 0.00 0.00 0.00 0.00 0.00 0.00 0.00 1.05 2.40 3.80 5.23 6.17 6.65 6.83 6.43 5.51 4.31 2.68 0.76 0.00 0.00 0.00 0.00
0.00 0.00 0.00 0.00 0.00 0.00 0.00 0.00 2.42 5.76 9.74 13.54 16.42 17.64 17.73 17.02 14.80 11.31 7.23 2.28 0.00 0.00 0.00 0.00
0.00 0.00 0.00 0.00 0.00 0.00 0.00 0.00 1.15 2.75 4.67 6.37 7.66 8.22 8.28 7.99 6.94 5.33 3.31 1.03 0.00 0.00 0.00 0.00
0.00 0.00 0.00 0.00 0.00 0.00 0.00 0.00 1.48 3.53 6.00 8.19 9.85 10.57 10.64 10.28 8.92 6.85 4.26 1.32 0.00 0.00 0.00 0.00
0.00 0.00 0.00 0.00 0.00 0.00 0.00 0.00 0.99 2.35 4.00 5.46 6.56 7.05 7.10 6.85 5.95 4.56 2.84 0.88 0.00 0.00 0.00 0.00
0.00 0.00 0.00 0.00 0.00 0.00 0.00 0.00 0.99 2.35 4.00 5.46 6.56 7.05 7.10 6.85 5.95 4.56 2.84 0.88 0.00 0.00 0.00 0.00
0.00 0.00 0.00 0.00 0.00 0.00 0.00 0.00 10.83 28.39 51.24 72.13 89.01 99.76 103.79 99.71 83.40 64.48 40.23 13.19 0.00 0.00 0.00 0.00
0.00 0.00 0.00 0.00 0.00 0.00 0.00 0.00 7.71 18.05 29.60 41.67 50.46 53.85 52.98 50.22 44.29 33.78 21.61 6.65 0.00 0.00 0.00 0.00
0.00 0.00 0.00 0.00 0.00 0.00 0.00 0.00 6.85 16.24 26.66 35.97 43.40 45.57 45.70 43.69 37.87 29.00 18.48 5.86 0.00 0.00 0.00 0.00
0.00 0.00 0.00 0.00 0.00 0.00 0.00 0.00 24.99 81.41 146.81 206.78 250.01 270.75 276.25 261.58 226.11 178.48 121.94 52.20 6.70 0.00 0.00 0.00
0.00 0.00 0.00 0.00 0.00 0.00 0.00 0.00 23.77 77.44 139.64 196.70 237.82 257.54 262.78 248.82 215.09 169.77 115.99 49.66 6.37 0.00 0.00 0.00
0.00 0.00 0.00 0.00 0.00 0.00 0.00 0.00 45.71 148.91 268.55 378.26 457.34 495.27 505.34 478.50 413.62 326.49 223.07 95.49 12.25 0.00 0.00 0.00
0.00 0.00 0.00 0.00 0.00 0.00 0.00 0.00 44.95 146.43 264.07 371.96 449.72 487.02 496.92 470.52 406.73 321.04 219.35 93.90 12.04 0.00 0.00 0.00
0.00 0.00 0.00 0.00 0.00 0.00 0.00 0.00 58.83 175.28 298.76 412.93 492.38 532.52 534.39 505.19 444.03 346.36 231.35 94.57 10.54 0.00 0.00 0.00
0.00 0.00 0.00 0.00 0.00 0.00 0.00 0.00 0.66 1.50 2.38 3.27 3.86 4.16 4.27 4.02 3.44 2.69 1.68 0.47 0.00 0.00 0.00 0.00
0.00 0.00 0.00 0.00 0.00 0.00 0.00 0.00 3.33 7.59 12.05 16.55 19.55 21.07 21.63 20.37 17.45 13.63 8.49 2.40 0.00 0.00 0.00 0.00
0.00 0.00 0.00 0.00 0.00 0.00 0.00 0.00 16.98 38.77 61.50 84.49 99.79 107.58 110.41 103.97 89.08 69.60 43.36 12.24 0.00 0.00 0.00 0.00
0.00 0.00 0.00 0.00 0.00 0.00 0.00 0.00 1.71 5.56 10.03 14.12 17.07 18.49 18.87 17.86 15.44 12.19 8.33 3.57 0.46 0.00 0.00 0.00
0.00 0.00 0.00 0.00 0.00 0.00 0.00 0.00 42.78 125.83 214.53 300.94 363.99 399.42 402.97 385.85 335.78 262.97 173.65 69.58 6.22 0.00 0.00 0.00
0.00 0.00 0.00 0.00 0.00 0.00 0.00 0.00 3.08 8.35 14.32 20.44 25.92 29.63 30.45 29.04 24.79 19.37 13.04 4.71 0.00 0.00 0.00 0.00
0.00 0.00 0.00 0.00 0.00 0.00 0.00 0.00 26.25 67.30 111.66 156.04 182.73 194.59 194.43 183.58 158.05 121.66 78.86 28.34 0.12 0.00 0.00 0.00
0.00 0.00 0.00 0.00 0.00 0.00 0.00 0.00 0.71 2.10 3.58 5.02 6.07 6.66 6.72 6.43 5.60 4.38 2.89 1.16 0.10 0.00 0.00 0.00
0.00 0.00 0.00 0.00 0.00 0.00 0.00 0.00 32.08 94.37 160.90 225.71 272.99 299.57 302.22 289.39 251.84 197.23 130.24 52.19 4.67 0.00 0.00 0.00
0.00 0.00 0.00 0.00 0.00 0.00 0.00 0.00 41.18 121.11 206.48 289.66 350.34 384.44 387.85 371.38 323.19 253.11 167.14 66.97 5.99 0.00 0.00 0.00
0.00 0.00 0.00 0.00 0.00 0.00 0.00 0.00 77.59 231.15 393.99 544.54 649.32 702.26 704.73 666.21 585.57 456.77 305.10 124.72 13.90 0.00 0.00 0.00
0.00 0.00 0.00 0.00 0.00 0.00 0.00 0.00 1.72 4.19 7.11 9.85 11.78 12.90 13.24 12.60 10.83 8.31 5.28 1.70 0.00 0.00 0.00 0.00
0.00 0.00 0.00 0.00 0.00 0.00 0.00 0.00 2.17 5.28 8.94 12.41 14.87 16.23 16.48 15.80 13.57 10.35 6.60 2.09 0.00 0.00 0.00 0.00
0.00 0.00 0.00 0.00 0.00 0.00 0.00 0.00 12.69 34.44 59.08 84.30 106.91 122.23 125.59 119.78 102.24 79.90 53.80 19.43 0.00 0.00 0.00 0.00
0.00 0.00 0.00 0.00 0.00 0.00 0.00 0.00 51.25 164.91 281.19 383.13 472.49 510.04 513.81 486.41 438.05 352.32 243.19 107.20 20.52 0.00 0.00 0.00
0.00 0.00 0.00 0.00 0.00 0.00 0.00 0.00 0.64 1.46 2.38 3.32 3.99 4.28 4.22 3.90 3.38 2.61 1.66 0.48 0.00 0.00 0.00 0.00
0.00 0.00 0.00 0.00 0.00 0.00 0.00 0.00 11.58 32.18 54.85 75.56 91.43 99.54 100.65 94.21 82.34 64.78 42.22 16.49 1.01 0.00 0.00 0.00
0.00 0.00 0.00 0.00 0.00 0.00 0.00 0.00 2.64 10.03 17.72 25.36 31.01 33.82 33.44 31.70 28.32 22.82 15.66 6.96 1.22 0.00 0.00 0.00
0.00 0.00 0.00 0.00 0.00 0.00 0.00 0.00 1.89 4.03 6.13 8.37 9.81 10.41 10.36 9.63 8.21 6.06 3.70 1.06 0.00 0.00 0.00 0.00
0.00 0.00 0.00 0.00 0.00 0.00 0.00 0.00 0.94 2.01 3.06 4.19 4.91 5.21 5.18 4.81 4.10 3.03 1.85 0.53 0.00 0.00 0.00 0.00
0.00 0.00 0.00 0.00 0.00 0.00 0.00 0.00 2.06 4.40 6.70 9.16 10.73 11.39 11.33 10.53 8.98 6.62 4.05 1.16 0.00 0.00 0.00 0.00
0.00 0.00 0.00 0.00 0.00 0.00 0.00 0.00 2.41 5.17 7.98 11.01 13.02 13.87 13.69 12.76 10.74 7.84 4.83 1.39 0.00 0.00 0.00 0.00
0.00 0.00 0.00 0.00 0.00 0.00 0.00 0.00 3.67 7.88 12.16 16.78 19.84 21.13 20.87 19.44 16.37 11.95 7.37 2.12 0.00 0.00 0.00 0.00
0.00 0.00 0.00 0.00 0.00 0.00 0.00 0.00 3.18 6.95 10.75 14.68 17.24 18.39 18.34 17.02 14.25 10.64 6.59 1.97 0.00 0.00 0.00 0.00
0.00 0.00 0.00 0.00 0.00 0.00 0.00 0.00 2.25 5.41 8.84 12.06 14.55 15.64 15.33 14.37 12.44 9.59 6.07 2.06 0.00 0.00 0.00 0.00
0.00 0.00 0.00 0.00 0.00 0.00 0.00 0.00 5.81 13.98 22.84 31.17 37.59 40.40 39.61 37.12 32.14 24.76 15.69 5.33 0.00 0.00 0.00 0.00
0.00 0.00 0.00 0.00 0.00 0.00 0.00 0.00 1.46 3.62 5.97 8.32 9.99 10.64 10.50 9.89 8.41 6.36 4.04 1.46 0.00 0.00 0.00 0.00
0.00 0.00 0.00 0.00 0.00 0.00 0.00 0.00 3.09 6.85 10.83 14.71 17.61 18.71 18.46 17.14 14.17 10.95 6.86 1.81 0.00 0.00 0.00 0.00
0.00 0.00 0.00 0.00 0.00 0.00 0.00 0.00 5.65 12.47 19.59 26.54 31.38 32.73 32.54 30.62 25.06 19.00 11.53 2.73 0.00 0.00 0.00 0.00
0.00 0.00 0.00 0.00 0.00 0.00 0.00 0.00 0.76 1.56 2.44 3.26 3.77 3.85 3.80 3.64 3.10 2.30 1.40 0.34 0.00 0.00 0.00 0.00
0.00 0.00 0.00 0.00 0.00 0.00 0.00 0.00 3.94 8.45 13.29 17.71 20.94 22.14 22.06 20.80 17.21 13.02 8.05 2.02 0.00 0.00 0.00 0.00
0.00 0.00 0.00 0.00 0.00 0.00 0.00 0.00 2.79 5.85 9.06 12.08 13.93 14.45 14.61 13.93 11.56 8.70 5.28 1.28 0.00 0.00 0.00 0.00
0.00 0.00 0.00 0.00 0.00 0.00 0.00 0.00 3.85 8.07 12.50 16.67 19.23 19.94 20.17 19.23 15.96 12.01 7.28 1.77 0.00 0.00 0.00 0.00
0.00 0.00 0.00 0.00 0.00 0.00 0.00 0.00 2.62 5.50 8.52 11.36 13.10 13.58 13.74 13.10 10.87 8.18 4.96 1.20 0.00 0.00 0.00 0.00
0.00 0.00 0.00 0.00 0.00 0.00 0.00 0.00 2.10 4.50 7.09 9.44 11.17 11.81 11.77 11.10 9.18 6.94 4.29 1.08 0.00 0.00 0.00 0.00
0.00 0.00 0.00 0.00 0.00 0.00 0.00 0.00 2.19 4.53 7.08 9.43 10.74 11.13 10.94 10.26 8.66 6.51 3.91 0.93 0.00 0.00 0.00 0.00
0.00 0.00 0.00 0.00 0.00 0.00 0.00 0.00 1.88 4.30 6.82 9.36 11.06 11.92 12.24 11.52 9.87 7.71 4.81 1.36 0.00 0.00 0.00 0.00
0.00 0.00 0.00 0.00 0.00 0.00 0.00 0.00 14.09 36.96 66.69 93.88 115.85 129.85 135.10 129.78 108.56 83.93 52.37 17.17 0.00 0.00 0.00 0.00
0.00 0.00 0.00 0.00 0.00 0.00 0.00 0.00 2.74 6.53 11.03 15.34 18.61 19.99 20.09 19.29 16.78 12.81 8.19 2.58 0.00 0.00 0.00 0.00
0.00 0.00 0.00 0.00 0.00 0.00 0.00 0.00 4.49 10.29 16.34 22.22 26.75 28.30 27.97 26.39 22.55 17.49 11.16 3.15 0.00 0.00 0.00 0.00
0.00 0.00 0.00 0.00 0.00 0.00 0.00 0.00 2.06 4.71 7.49 10.19 12.26 12.97 12.82 12.09 10.34 8.02 5.11 1.44 0.00 0.00 0.00 0.00
0.00 0.00 0.00 0.00 0.00 0.00 0.00 0.00 3.38 8.05 13.59 19.08 23.20 24.83 24.86 23.76 20.71 15.82 10.23 3.22 0.00 0.00 0.00 0.00
0.00 0.00 0.00 0.00 0.00 0.00 0.00 0.00 1.55 3.55 5.79 8.07 9.70 10.39 10.24 9.47 8.20 6.33 4.02 1.18 0.00 0.00 0.00 0.00
0.00 0.00 0.00 0.00 0.00 0.00 0.00 0.00 13.14 35.65 61.17 87.28 110.69 126.55 130.03 124.01 105.85 82.73 55.71 20.12 0.00 0.00 0.00 0.00
0.00 0.00 0.00 0.00 0.00 0.00 0.00 0.00 6.28 16.09 26.70 37.31 43.70 46.53 46.49 43.90 37.80 29.09 18.86 6.78 0.03 0.00 0.00 0.00
0.00 0.00 0.00 0.00 0.00 0.00 0.00 0.00 1.36 3.53 5.97 8.38 9.93 10.41 10.61 9.96 8.53 6.62 4.32 1.57 0.00 0.00 0.00 0.00
0.00 0.00 0.00 0.00 0.00 0.00 0.00 0.00 1.69 4.38 7.25 10.06 12.16 13.14 13.21 12.44 10.83 8.31 5.39 1.94 0.00 0.00 0.00 0.00
0.00 0.00 0.00 0.00 0.00 0.00 0.00 0.00 2.71 7.00 11.60 16.10 19.46 21.02 21.14 19.91 17.32 13.30 8.63 3.11 0.00 0.00 0.00 0.00
0.00 0.00 0.00 0.00 0.00 0.00 0.00 0.00 46.47 151.40 273.02 384.57 464.96 503.53 513.77 486.47 420.52 331.93 226.78 97.08 12.45 0.00 0.00 0.00
