0.00 0.00 0.00 0.00 0.00 0.00 0.00 0.00 0.00 0.29 1.46 2.37 3.29 3.95 4.14 3.96 3.28 2.38 1.44 0.16 0.00 0.00 0.00 0.00
0.00 0.00 0.00 0.00 0.00 0.00 0.00 0.00 0.00 7.45 16.64 26.43 34.05 33.07 34.32 32.88 24.49 17.90 10.12 0.82 0.00 0.00 0.00 0.00
0.00 0.00 0.00 0.00 0.00 0.00 0.00 0.00 0.00 6.72 33.34 54.23 75.20 90.30 94.69 90.66 75.11 54.51 32.88 3.72 0.00 0.00 0.00 0.00
0.00 0.00 0.00 0.00 0.00 0.00 0.00 0.00 0.00 23.89 118.47 192.71 267.24 320.93 336.53 322.22 266.93 193.72 116.84 13.21 0.00 0.00 0.00 0.00
0.00 0.00 0.00 0.00 0.00 0.00 0.00 0.00 0.00 1.24 1.67 2.59 3.32 3.00 3.00 2.85 3.58 2.49 1.27 0.00 0.00 0.00 0.00 0.00
0.00 0.00 0.00 0.00 0.00 0.00 0.00 0.00 0.00 48.57 264.69 435.14 603.08 731.45 781.73 748.00 637.90 460.19 281.15 43.73 0.00 0.00 0.00 0.00
0.00 0.00 0.00 0.00 0.00 0.00 0.00 0.00 0.00 0.42 2.01 3.24 4.31 3.99 4.01 3.85 3.15 2.12 1.11 0.00 0.00 0.00 0.00 0.00
0.00 0.00 0.00 0.00 0.00 0.00 0.00 0.00 0.00 0.32 0.82 1.31 1.78 1.55 1.59 1.55 1.75 1.26 0.70 0.05 0.00 0.00 0.00 0.00
0.00 0.00 0.00 0.00 0.00 0.00 0.00 0.00 0.00 0.52 1.30 2.10 2.85 2.47 2.54 2.48 2.81 2.02 1.13 0.09 0.00 0.00 0.00 0.00
0.00 0.00 0.00 0.00 0.00 0.00 0.00 0.00 0.00 0.52 1.30 2.10 2.85 2.47 2.54 2.48 2.81 2.02 1.13 0.09 0.00 0.00 0.00 0.00
0.00 0.00 0.00 0.00 0.00 0.00 0.00 0.00 0.00 1.08 3.45 5.51 7.66 9.62 9.93 9.67 9.15 6.50 3.69 0.38 0.00 0.00 0.00 0.00
0.00 0.00 0.00 0.00 0.00 0.00 0.00 0.00 0.00 0.50 1.62 2.63 3.63 4.14 4.26 4.14 4.00 2.87 1.63 0.17 0.00 0.00 0.00 0.00
0.00 0.00 0.00 0.00 0.00 0.00 0.00 0.00 0.00 0.64 2.08 3.38 4.67 5.32 5.48 5.33 5.14 3.68 2.09 0.22 0.00 0.00 0.00 0.00
0.00 0.00 0.00 0.00 0.00 0.00 0.00 0.00 0.00 0.43 1.38 2.25 3.11 3.55 3.65 3.55 3.43 2.46 1.39 0.15 0.00 0.00 0.00 0.00
0.00 0.00 0.00 0.00 0.00 0.00 0.00 0.00 0.00 0.43 1.38 2.25 3.11 3.55 3.65 3.55 3.43 2.46 1.39 0.15 0.00 0.00 0.00 0.00
0.00 0.00 0.00 0.00 0.00 0.00 0.00 0.00 0.00 10.75 29.37 47.43 62.68 69.96 73.88 71.27 72.41 52.33 31.21 3.87 0.00 0.00 0.00 0.00
0.00 0.00 0.00 0.00 0.00 0.00 0.00 0.00 0.00 3.32 9.29 15.06 21.15 25.98 26.36 25.71 24.61 17.50 9.82 0.82 0.00 0.00 0.00 0.00
0.00 0.00 0.00 0.00 0.00 0.00 0.00 0.00 0.00 3.13 8.74 14.18 19.18 22.38 23.00 22.19 22.58 16.06 9.04 0.66 0.00 0.00 0.00 0.00
0.00 0.00 0.00 0.00 0.00 0.00 0.00 0.00 0.00 14.33 78.07 128.35 177.89 215.75 230.58 220.63 188.16 135.74 82.93 12.90 0.00 0.00 0.00 0.00
0.00 0.00 0.00 0.00 0.00 0.00 0.00 0.00 0.00 13.63 74.26 122.09 169.21 205.23 219.34 209.87 178.98 129.12 78.88 12.27 0.00 0.00 0.00 0.00
0.00 0.00 0.00 0.00 0.00 0.00 0.00 0.00 0.00 26.21 142.82 234.79 325.40 394.67 421.80 403.60 344.19 248.30 151.70 23.59 0.00 0.00 0.00 0.00
0.00 0.00 0.00 0.00 0.00 0.00 0.00 0.00 0.00 25.77 140.44 230.87 319.98 388.09 414.77 396.87 338.45 244.16 149.17 23.20 0.00 0.00 0.00 0.00
0.00 0.00 0.00 0.00 0.00 0.00 0.00 0.00 0.00 27.48 151.03 249.01 346.20 418.88 435.07 419.02 347.62 251.03 151.26 16.73 0.00 0.00 0.00 0.00
0.00 0.00 0.00 0.00 0.00 0.00 0.00 0.00 0.00 0.32 0.82 1.31 1.78 1.55 1.59 1.55 1.75 1.26 0.70 0.05 0.00 0.00 0.00 0.00
0.00 0.00 0.00 0.00 0.00 0.00 0.00 0.00 0.00 1.64 4.13 6.65 9.03 7.83 8.04 7.86 8.89 6.40 3.57 0.28 0.00 0.00 0.00 0.00
0.00 0.00 0.00 0.00 0.00 0.00 0.00 0.00 0.00 8.35 21.08 33.95 46.08 39.99 41.03 40.12 45.37 32.65 18.23 1.41 0.00 0.00 0.00 0.00
0.00 0.00 0.00 0.00 0.00 0.00 0.00 0.00 0.00 0.98 5.33 8.77 12.15 14.73 15.75 15.07 12.85 9.27 5.66 0.88 0.00 0.00 0.00 0.00
0.00 0.00 0.00 0.00 0.00 0.00 0.00 0.00 0.00 23.52 116.63 189.71 263.08 315.93 331.28 317.19 262.77 190.70 115.02 13.00 0.00 0.00 0.00 0.00
0.00 0.00 0.00 0.00 0.00 0.00 0.00 0.00 0.00 2.43 8.97 14.20 19.61 23.45 25.07 24.02 20.36 15.33 9.17 0.99 0.00 0.00 0.00 0.00
0.00 0.00 0.00 0.00 0.00 0.00 0.00 0.00 0.00 14.46 60.61 96.61 129.04 149.93 153.00 146.43 120.57 86.70 49.76 3.33 0.00 0.00 0.00 0.00
0.00 0.00 0.00 0.00 0.00 0.00 0.00 0.00 0.00 0.39 1.94 3.16 4.38 5.27 5.52 5.29 4.38 3.18 1.92 0.22 0.00 0.00 0.00 0.00
0.00 0.00 0.00 0.00 0.00 0.00 0.00 0.00 0.00 17.64 87.47 142.28 197.31 236.94 248.46 237.90 197.08 143.03 86.26 9.75 0.00 0.00 0.00 0.00
0.00 0.00 0.00 0.00 0.00 0.00 0.00 0.00 0.00 22.64 112.25 182.59 253.21 304.08 318.86 305.30 252.92 183.55 110.70 12.52 0.00 0.00 0.00 0.00
0.00 0.00 0.00 0.00 0.00 0.00 0.00 0.00 0.00 36.24 199.17 328.38 456.55 552.40 573.75 552.58 458.42 331.04 199.47 22.06 0.00 0.00 0.00 0.00
0.00 0.00 0.00 0.00 0.00 0.00 0.00 0.00 0.00 0.94 2.46 4.07 5.68 7.34 7.73 7.45 7.25 5.23 3.01 0.33 0.00 0.00 0.00 0.00
0.00 0.00 0.00 0.00 0.00 0.00 0.00 0.00 0.00 1.10 2.91 4.85 6.75 8.73 9.22 8.91 8.80 6.32 3.63 0.39 0.00 0.00 0.00 0.00
0.00 0.00 0.00 0.00 0.00 0.00 0.00 0.00 0.00 10.04 37.00 58.59 80.87 96.73 103.42 99.10 83.98 63.25 37.83 4.08 0.00 0.00 0.00 0.00
0.00 0.00 0.00 0.00 0.00 0.00 0.00 0.00 0.00 11.58 125.17 218.16 311.84 392.08 419.39 401.44 343.31 253.28 153.70 18.43 0.00 0.00 0.00 0.00
0.00 0.00 0.00 0.00 0.00 0.00 0.00 0.00 0.00 0.27 0.68 1.11 1.55 1.69 1.71 1.63 1.69 1.21 0.67 0.04 0.00 0.00 0.00 0.00
0.00 0.00 0.00 0.00 0.00 0.00 0.00 0.00 0.00 6.34 29.73 47.96 66.70 78.92 81.98 78.23 64.96 46.42 27.47 2.78 0.00 0.00 0.00 0.00
0.00 0.00 0.00 0.00 0.00 0.00 0.00 0.00 0.00 1.53 9.71 16.34 23.37 28.53 30.65 28.94 24.47 17.89 10.86 2.10 0.00 0.00 0.00 0.00
0.00 0.00 0.00 0.00 0.00 0.00 0.00 0.00 0.00 0.49 2.06 3.23 4.23 4.71 4.82 4.55 3.40 2.31 1.20 0.00 0.00 0.00 0.00 0.00
0.00 0.00 0.00 0.00 0.00 0.00 0.00 0.00 0.00 0.25 1.03 1.61 2.12 2.36 2.41 2.27 1.70 1.16 0.60 0.00 0.00 0.00 0.00 0.00
0.00 0.00 0.00 0.00 0.00 0.00 0.00 0.00 0.00 0.54 2.25 3.53 4.63 5.15 5.28 4.97 3.72 2.53 1.31 0.00 0.00 0.00 0.00 0.00
0.00 0.00 0.00 0.00 0.00 0.00 0.00 0.00 0.00 0.61 2.76 4.35 5.76 5.83 5.95 5.67 4.74 3.23 1.68 0.00 0.00 0.00 0.00 0.00
0.00 0.00 0.00 0.00 0.00 0.00 0.00 0.00 0.00 0.93 4.20 6.62 8.77 8.89 9.06 8.64 7.23 4.92 2.56 0.00 0.00 0.00 0.00 0.00
0.00 0.00 0.00 0.00 0.00 0.00 0.00 0.00 0.00 0.92 4.37 6.98 9.28 7.77 7.82 7.55 6.56 4.39 2.31 0.00 0.00 0.00 0.00 0.00
0.00 0.00 0.00 0.00 0.00 0.00 0.00 0.00 0.00 1.32 5.06 8.00 10.71 11.80 11.93 11.22 8.97 6.29 3.50 0.13 0.00 0.00 0.00 0.00
0.00 0.00 0.00 0.00 0.00 0.00 0.00 0.00 0.00 3.41 13.06 20.68 27.68 30.49 30.82 28.98 23.18 16.26 9.03 0.32 0.00 0.00 0.00 0.00
0.00 0.00 0.00 0.00 0.00 0.00 0.00 0.00 0.00 0.84 3.24 5.17 6.98 7.99 8.11 7.69 6.53 4.69 2.66 0.14 0.00 0.00 0.00 0.00
0.00 0.00 0.00 0.00 0.00 0.00 0.00 0.00 0.00 1.22 2.89 4.73 6.31 6.46 6.72 6.48 5.88 4.13 2.24 0.08 0.00 0.00 0.00 0.00
0.00 0.00 0.00 0.00 0.00 0.00 0.00 0.00 0.00 1.32 4.65 7.51 10.01 12.41 12.65 12.18 11.63 8.12 4.35 0.06 0.00 0.00 0.00 0.00
0.00 0.00 0.00 0.00 0.00 0.00 0.00 0.00 0.00 0.40 0.61 0.93 1.18 1.02 1.03 0.99 1.29 0.91 0.46 0.00 0.00 0.00 0.00 0.00
0.00 0.00 0.00 0.00 0.00 0.00 0.00 0.00 0.00 1.95 4.28 6.81 8.78 8.27 8.33 8.14 6.86 4.78 2.55 0.02 0.00 0.00 0.00 0.00
0.00 0.00 0.00 0.00 0.00 0.00 0.00 0.00 0.00 1.68 2.64 4.17 5.26 5.00 5.11 4.94 5.29 3.64 1.90 0.00 0.00 0.00 0.00 0.00
0.00 0.00 0.00 0.00 0.00 0.00 0.00 0.00 0.00 2.32 3.64 5.75 7.26 6.90 7.06 6.82 7.30 5.03 2.62 0.00 0.00 0.00 0.00 0.00
0.00 0.00 0.00 0.00 0.00 0.00 0.00 0.00 0.00 1.58 2.48 3.92 4.94 4.70 4.81 4.64 4.97 3.43 1.79 0.00 0.00 0.00 0.00 0.00
0.00 0.00 0.00 0.00 0.00 0.00 0.00 0.00 0.00 1.04 2.28 3.63 4.68 4.41 4.44 4.34 3.66 2.55 1.36 0.01 0.00 0.00 0.00 0.00
0.00 0.00 0.00 0.00 0.00 0.00 0.00 0.00 0.00 1.16 1.79 2.81 3.49 3.60 3.65 3.44 3.45 2.42 1.24 0.00 0.00 0.00 0.00 0.00
0.00 0.00 0.00 0.00 0.00 0.00 0.00 0.00 0.00 0.93 2.34 3.76 5.11 4.43 4.55 4.45 5.03 3.62 2.02 0.16 0.00 0.00 0.00 0.00
0.00 0.00 0.00 0.00 0.00 0.00 0.00 0.00 0.00 13.99 38.23 61.73 81.58 91.06 96.16 92.76 94.25 68.11 40.63 5.04 0.00 0.00 0.00 0.00
0.00 0.00 0.00 0.00 0.00 0.00 0.00 0.00 0.00 1.23 3.91 6.25 8.69 10.91 11.26 10.96 10.37 7.37 4.18 0.43 0.00 0.00 0.00 0.00
0.00 0.00 0.00 0.00 0.00 0.00 0.00 0.00 0.00 1.70 4.63 7.72 10.54 10.89 11.05 10.95 10.12 7.12 3.96 0.24 0.00 0.00 0.00 0.00
0.00 0.00 0.00 0.00 0.00 0.00 0.00 0.00 0.00 0.78 2.12 3.54 4.83 4.99 5.06 5.02 4.64 3.26 1.82 0.11 0.00 0.00 0.00 0.00
0.00 0.00 0.00 0.00 0.00 0.00 0.00 0.00 0.00 1.53 4.71 7.48 10.46 13.77 14.16 13.70 12.73 9.08 5.15 0.52 0.00 0.00 0.00 0.00
0.00 0.00 0.00 0.00 0.00 0.00 0.00 0.00 0.00 0.65 1.66 2.70 3.77 4.09 4.15 3.96 4.10 2.94 1.63 0.09 0.00 0.00 0.00 0.00
0.00 0.00 0.00 0.00 0.00 0.00 0.00 0.00 0.00 10.40 38.31 60.66 83.73 100.15 107.08 102.60 86.95 65.49 39.16 4.22 0.00 0.00 0.00 0.00
0.00 0.00 0.00 0.00 0.00 0.00 0.00 0.00 0.00 3.46 14.49 23.10 30.86 35.85 36.59 35.01 28.83 20.73 11.90 0.80 0.00 0.00 0.00 0.00
0.00 0.00 0.00 0.00 0.00 0.00 0.00 0.00 0.00 0.78 3.25 5.19 7.02 7.98 8.22 7.90 6.67 4.75 2.74 0.19 0.00 0.00 0.00 0.00
0.00 0.00 0.00 0.00 0.00 0.00 0.00 0.00 0.00 1.01 4.01 6.44 8.55 10.04 10.33 9.83 8.31 6.04 3.50 0.24 0.00 0.00 0.00 0.00
0.00 0.00 0.00 0.00 0.00 0.00 0.00 0.00 0.00 1.62 6.42 10.31 13.69 16.06 16.53 15.73 13.30 9.67 5.60 0.39 0.00 0.00 0.00 0.00
0.00 0.00 0.00 0.00 0.00 0.00 0.00 0.00 0.00 26.64 145.20 238.70 330.82 401.25 428.83 410.32 349.93 252.44 154.23 23.99 0.00 0.00 0.00 0.00
