0.00 0.00 0.00 0.00 0.00 0.00 0.00 0.00 0.00 0.48 1.47 2.23 2.91 3.33 3.40 3.08 2.38 1.60 0.69 0.00 0.00 0.00 0.00 0.00
0.00 0.00 0.00 0.00 0.00 0.00 0.00 0.00 0.25 6.71 12.59 18.23 22.44 24.97 24.21 21.65 20.19 13.16 4.87 0.00 0.00 0.00 0.00 0.00
0.00 0.00 0.00 0.00 0.00 0.00 0.00 0.00 0.00 11.06 33.71 51.04 66.55 76.14 77.78 70.53 54.47 36.54 15.70 0.00 0.00 0.00 0.00 0.00
0.00 0.00 0.00 0.00 0.00 0.00 0.00 0.00 0.00 39.30 119.81 181.38 236.51 270.60 276.43 250.65 193.59 129.87 55.80 0.00 0.00 0.00 0.00 0.00
0.00 0.00 0.00 0.00 0.00 0.00 0.00 0.00 0.19 1.52 2.83 4.02 4.72 4.98 4.82 4.27 3.65 2.24 0.58 0.00 0.00 0.00 0.00 0.00
0.00 0.00 0.00 0.00 0.00 0.00 0.00 0.00 0.00 91.95 275.82 420.38 560.67 646.46 664.64 610.65 464.01 303.10 140.27 0.00 0.00 0.00 0.00 0.00
0.00 0.00 0.00 0.00 0.00 0.00 0.00 0.00 0.00 1.29 2.96 4.52 5.51 5.86 5.81 5.11 3.77 2.36 0.65 0.00 0.00 0.00 0.00 0.00
0.00 0.00 0.00 0.00 0.00 0.00 0.00 0.00 0.00 0.45 0.80 1.17 1.42 1.43 1.42 1.26 1.18 0.76 0.27 0.00 0.00 0.00 0.00 0.00
0.00 0.00 0.00 0.00 0.00 0.00 0.00 0.00 0.01 0.72 1.27 1.88 2.28 2.29 2.28 2.02 1.88 1.22 0.43 0.00 0.00 0.00 0.00 0.00
0.00 0.00 0.00 0.00 0.00 0.00 0.00 0.00 0.01 0.72 1.27 1.88 2.28 2.29 2.28 2.02 1.88 1.22 0.43 0.00 0.00 0.00 0.00 0.00
0.00 0.00 0.00 0.00 0.00 0.00 0.00 0.00 0.00 2.02 4.19 6.26 8.02 9.20 9.31 8.47 7.29 4.77 1.76 0.00 0.00 0.00 0.00 0.00
0.00 0.00 0.00 0.00 0.00 0.00 0.00 0.00 0.00 0.93 1.92 2.89 3.74 4.15 4.17 3.80 3.05 1.99 0.74 0.00 0.00 0.00 0.00 0.00
0.00 0.00 0.00 0.00 0.00 0.00 0.00 0.00 0.00 1.20 2.47 3.72 4.81 5.33 5.37 4.88 3.92 2.56 0.95 0.00 0.00 0.00 0.00 0.00
0.00 0.00 0.00 0.00 0.00 0.00 0.00 0.00 0.00 0.80 1.64 2.48 3.21 3.55 3.58 3.26 2.61 1.71 0.63 0.00 0.00 0.00 0.00 0.00
0.00 0.00 0.00 0.00 0.00 0.00 0.00 0.00 0.00 0.80 1.64 2.48 3.21 3.55 3.58 3.26 2.61 1.71 0.63 0.00 0.00 0.00 0.00 0.00
0.00 0.00 0.00 0.00 0.00 0.00 0.00 0.00 0.00 7.49 14.46 22.49 28.97 36.35 37.71 34.32 33.15 21.03 9.07 0.00 0.00 0.00 0.00 0.00
0.00 0.00 0.00 0.00 0.00 0.00 0.00 0.00 0.00 6.53 13.57 19.85 25.73 30.83 31.60 28.54 24.72 16.09 5.73 0.00 0.00 0.00 0.00 0.00
0.00 0.00 0.00 0.00 0.00 0.00 0.00 0.00 0.00 6.43 14.35 21.05 27.38 30.61 30.13 27.15 22.24 14.57 5.22 0.00 0.00 0.00 0.00 0.00
0.00 0.00 0.00 0.00 0.00 0.00 0.00 0.00 0.00 27.12 81.36 124.00 165.38 190.68 196.04 180.12 136.86 89.40 41.37 0.00 0.00 0.00 0.00 0.00
0.00 0.00 0.00 0.00 0.00 0.00 0.00 0.00 0.00 25.80 77.39 117.95 157.31 181.38 186.48 171.33 130.19 85.04 39.36 0.00 0.00 0.00 0.00 0.00
0.00 0.00 0.00 0.00 0.00 0.00 0.00 0.00 0.00 49.61 148.82 226.82 302.52 348.81 358.62 329.49 250.36 163.54 75.68 0.00 0.00 0.00 0.00 0.00
0.00 0.00 0.00 0.00 0.00 0.00 0.00 0.00 0.00 48.79 146.34 223.04 297.48 343.00 352.64 324.00 246.19 160.82 74.42 0.00 0.00 0.00 0.00 0.00
0.00 0.00 0.00 0.00 0.00 0.00 0.00 0.00 0.00 51.90 157.80 236.23 312.37 354.97 360.62 326.55 255.29 171.03 72.78 0.00 0.00 0.00 0.00 0.00
0.00 0.00 0.00 0.00 0.00 0.00 0.00 0.00 0.00 0.45 0.80 1.17 1.42 1.43 1.42 1.26 1.18 0.76 0.27 0.00 0.00 0.00 0.00 0.00
0.00 0.00 0.00 0.00 0.00 0.00 0.00 0.00 0.02 2.29 4.03 5.94 7.21 7.25 7.21 6.40 5.96 3.86 1.36 0.00 0.00 0.00 0.00 0.00
0.00 0.00 0.00 0.00 0.00 0.00 0.00 0.00 0.10 11.69 20.60 30.33 36.80 37.03 36.82 32.66 30.43 19.69 6.96 0.00 0.00 0.00 0.00 0.00
0.00 0.00 0.00 0.00 0.00 0.00 0.00 0.00 0.00 1.85 5.56 8.47 11.29 13.02 13.39 12.30 9.35 6.11 2.83 0.00 0.00 0.00 0.00 0.00
0.00 0.00 0.00 0.00 0.00 0.00 0.00 0.00 0.00 38.69 117.95 178.55 232.82 266.38 272.12 246.74 190.57 127.85 54.93 0.00 0.00 0.00 0.00 0.00
0.00 0.00 0.00 0.00 0.00 0.00 0.00 0.00 0.00 2.95 6.69 10.06 13.19 15.95 16.21 15.12 13.82 9.45 4.01 0.00 0.00 0.00 0.00 0.00
0.00 0.00 0.00 0.00 0.00 0.00 0.00 0.00 0.00 22.26 60.68 90.21 114.90 129.24 128.02 113.11 85.29 56.45 20.78 0.00 0.00 0.00 0.00 0.00
0.00 0.00 0.00 0.00 0.00 0.00 0.00 0.00 0.00 0.64 1.97 2.98 3.88 4.44 4.54 4.11 3.18 2.13 0.92 0.00 0.00 0.00 0.00 0.00
0.00 0.00 0.00 0.00 0.00 0.00 0.00 0.00 0.00 29.02 88.46 133.91 174.62 199.78 204.09 185.05 142.93 95.89 41.20 0.00 0.00 0.00 0.00 0.00
0.00 0.00 0.00 0.00 0.00 0.00 0.00 0.00 0.00 37.24 113.52 171.85 224.09 256.39 261.91 237.49 183.43 123.06 52.87 0.00 0.00 0.00 0.00 0.00
0.00 0.00 0.00 0.00 0.00 0.00 0.00 0.00 0.00 68.44 208.10 311.53 411.93 468.12 475.57 430.63 336.66 225.55 95.98 0.00 0.00 0.00 0.00 0.00
0.00 0.00 0.00 0.00 0.00 0.00 0.00 0.00 0.00 1.36 2.70 4.14 5.33 5.55 5.65 5.11 4.42 2.89 1.11 0.00 0.00 0.00 0.00 0.00
0.00 0.00 0.00 0.00 0.00 0.00 0.00 0.00 0.00 1.74 3.49 5.35 6.94 7.29 7.39 6.71 5.66 3.71 1.42 0.00 0.00 0.00 0.00 0.00
0.00 0.00 0.00 0.00 0.00 0.00 0.00 0.00 0.00 12.16 27.61 41.50 54.43 65.80 66.88 62.38 57.02 38.98 16.55 0.00 0.00 0.00 0.00 0.00
0.00 0.00 0.00 0.00 0.00 0.00 0.00 0.00 0.00 38.27 139.56 214.95 289.35 331.01 341.97 308.67 244.42 167.00 71.02 0.00 0.00 0.00 0.00 0.00
0.00 0.00 0.00 0.00 0.00 0.00 0.00 0.00 0.00 0.54 1.16 1.71 2.15 2.67 2.71 2.45 1.98 1.28 0.44 0.00 0.00 0.00 0.00 0.00
0.00 0.00 0.00 0.00 0.00 0.00 0.00 0.00 0.00 10.23 29.19 43.83 57.02 65.53 66.79 59.62 45.96 30.66 12.45 0.00 0.00 0.00 0.00 0.00
0.00 0.00 0.00 0.00 0.00 0.00 0.00 0.00 0.00 3.42 10.71 16.35 21.30 24.25 25.18 22.93 17.60 11.58 5.73 0.00 0.00 0.00 0.00 0.00
0.00 0.00 0.00 0.00 0.00 0.00 0.00 0.00 0.00 1.57 3.57 5.21 6.39 6.86 6.73 6.02 4.41 2.73 0.70 0.00 0.00 0.00 0.00 0.00
0.00 0.00 0.00 0.00 0.00 0.00 0.00 0.00 0.00 0.79 1.78 2.60 3.19 3.43 3.37 3.01 2.20 1.36 0.35 0.00 0.00 0.00 0.00 0.00
0.00 0.00 0.00 0.00 0.00 0.00 0.00 0.00 0.00 1.72 3.90 5.69 6.98 7.51 7.36 6.58 4.82 2.98 0.77 0.00 0.00 0.00 0.00 0.00
0.00 0.00 0.00 0.00 0.00 0.00 0.00 0.00 0.00 2.05 4.62 6.72 8.31 8.82 8.79 7.85 5.75 3.58 0.96 0.00 0.00 0.00 0.00 0.00
0.00 0.00 0.00 0.00 0.00 0.00 0.00 0.00 0.00 3.13 7.04 10.25 12.66 13.44 13.39 11.97 8.77 5.46 1.47 0.00 0.00 0.00 0.00 0.00
0.00 0.00 0.00 0.00 0.00 0.00 0.00 0.00 0.00 2.61 6.01 9.03 11.17 11.94 11.82 10.30 7.59 4.76 1.34 0.00 0.00 0.00 0.00 0.00
0.00 0.00 0.00 0.00 0.00 0.00 0.00 0.00 0.00 1.90 4.99 7.36 9.29 10.17 10.10 8.85 6.56 4.24 1.40 0.00 0.00 0.00 0.00 0.00
0.00 0.00 0.00 0.00 0.00 0.00 0.00 0.00 0.00 4.92 12.89 19.00 23.99 26.27 26.10 22.87 16.94 10.95 3.61 0.00 0.00 0.00 0.00 0.00
0.00 0.00 0.00 0.00 0.00 0.00 0.00 0.00 0.00 1.26 3.31 4.88 6.19 6.52 6.51 5.72 4.50 2.95 1.04 0.00 0.00 0.00 0.00 0.00
0.00 0.00 0.00 0.00 0.00 0.00 0.00 0.00 0.00 2.75 5.99 8.81 11.20 12.81 12.85 11.48 8.88 5.68 1.82 0.00 0.00 0.00 0.00 0.00
0.00 0.00 0.00 0.00 0.00 0.00 0.00 0.00 0.00 4.98 11.13 16.29 20.03 21.61 22.08 20.22 14.95 9.51 2.90 0.00 0.00 0.00 0.00 0.00
0.00 0.00 0.00 0.00 0.00 0.00 0.00 0.00 0.06 0.55 1.04 1.45 1.74 1.87 1.85 1.62 1.27 0.78 0.20 0.00 0.00 0.00 0.00 0.00
0.00 0.00 0.00 0.00 0.00 0.00 0.00 0.00 0.17 2.48 4.57 6.59 7.81 8.22 8.05 7.06 6.10 3.84 1.17 0.00 0.00 0.00 0.00 0.00
0.00 0.00 0.00 0.00 0.00 0.00 0.00 0.00 0.15 1.72 3.11 4.52 5.30 5.85 5.63 4.93 4.30 2.68 0.76 0.00 0.00 0.00 0.00 0.00
0.00 0.00 0.00 0.00 0.00 0.00 0.00 0.00 0.21 2.37 4.30 6.23 7.32 8.07 7.77 6.80 5.94 3.69 1.05 0.00 0.00 0.00 0.00 0.00
0.00 0.00 0.00 0.00 0.00 0.00 0.00 0.00 0.14 1.61 2.93 4.25 4.98 5.50 5.29 4.63 4.04 2.52 0.71 0.00 0.00 0.00 0.00 0.00
0.00 0.00 0.00 0.00 0.00 0.00 0.00 0.00 0.09 1.32 2.44 3.51 4.17 4.38 4.30 3.77 3.25 2.05 0.62 0.00 0.00 0.00 0.00 0.00
0.00 0.00 0.00 0.00 0.00 0.00 0.00 0.00 0.16 1.33 2.40 3.36 3.99 4.22 4.14 3.69 3.17 1.96 0.53 0.00 0.00 0.00 0.00 0.00
0.00 0.00 0.00 0.00 0.00 0.00 0.00 0.00 0.01 1.30 2.28 3.36 4.08 4.10 4.08 3.62 3.37 2.18 0.77 0.00 0.00 0.00 0.00 0.00
0.00 0.00 0.00 0.00 0.00 0.00 0.00 0.00 0.00 9.75 18.82 29.28 37.71 47.31 49.08 44.66 43.14 27.38 11.80 0.00 0.00 0.00 0.00 0.00
0.00 0.00 0.00 0.00 0.00 0.00 0.00 0.00 0.00 2.29 4.75 7.09 9.09 10.43 10.55 9.60 8.26 5.41 2.00 0.00 0.00 0.00 0.00 0.00
0.00 0.00 0.00 0.00 0.00 0.00 0.00 0.00 0.00 3.12 6.29 9.25 11.60 13.72 13.69 12.60 10.51 6.80 2.36 0.00 0.00 0.00 0.00 0.00
0.00 0.00 0.00 0.00 0.00 0.00 0.00 0.00 0.00 1.43 2.88 4.24 5.32 6.29 6.28 5.77 4.81 3.12 1.08 0.00 0.00 0.00 0.00 0.00
0.00 0.00 0.00 0.00 0.00 0.00 0.00 0.00 0.00 2.84 5.92 8.77 11.21 13.19 13.40 12.13 10.99 7.20 2.65 0.00 0.00 0.00 0.00 0.00
0.00 0.00 0.00 0.00 0.00 0.00 0.00 0.00 0.00 1.32 2.83 4.15 5.22 6.48 6.59 5.95 4.82 3.12 1.07 0.00 0.00 0.00 0.00 0.00
0.00 0.00 0.00 0.00 0.00 0.00 0.00 0.00 0.00 12.59 28.59 42.96 56.35 68.13 69.25 64.59 59.04 40.36 17.13 0.00 0.00 0.00 0.00 0.00
0.00 0.00 0.00 0.00 0.00 0.00 0.00 0.00 0.00 5.32 14.51 21.57 27.48 30.91 30.61 27.05 20.40 13.50 4.97 0.00 0.00 0.00 0.00 0.00
0.00 0.00 0.00 0.00 0.00 0.00 0.00 0.00 0.00 1.19 3.15 4.67 6.03 6.63 6.69 5.90 4.63 3.08 1.16 0.00 0.00 0.00 0.00 0.00
0.00 0.00 0.00 0.00 0.00 0.00 0.00 0.00 0.00 1.46 3.27 4.92 6.28 7.44 7.46 6.72 5.97 3.98 1.52 0.00 0.00 0.00 0.00 0.00
0.00 0.00 0.00 0.00 0.00 0.00 0.00 0.00 0.00 2.34 5.24 7.87 10.06 11.90 11.94 10.75 9.56 6.36 2.43 0.00 0.00 0.00 0.00 0.00
0.00 0.00 0.00 0.00 0.00 0.00 0.00 0.00 0.00 50.44 151.30 230.60 307.56 354.62 364.60 334.98 254.54 166.27 76.95 0.00 0.00 0.00 0.00 0.00
