0.00 0.00 0.00 0.00 0.00 0.00 0.00 0.00 0.00 0.38 1.33 2.07 2.73 3.14 3.22 2.92 2.26 1.51 0.62 0.00 0.00 0.00 0.00 0.00
0.00 0.00 0.00 0.00 0.00 0.00 0.00 0.00 0.00 13.33 30.51 44.86 55.41 59.81 58.17 52.07 40.98 26.69 9.52 0.00 0.00 0.00 0.00 0.00
0.00 0.00 0.00 0.00 0.00 0.00 0.00 0.00 0.00 8.58 30.35 47.44 62.52 71.85 73.61 66.74 51.73 34.50 14.19 0.00 0.00 0.00 0.00 0.00
0.00 0.00 0.00 0.00 0.00 0.00 0.00 0.00 0.00 30.49 107.88 168.61 222.21 255.36 261.61 237.21 183.85 122.63 50.44 0.00 0.00 0.00 0.00 0.00
0.00 0.00 0.00 0.00 0.00 0.00 0.00 0.00 0.00 2.49 5.42 7.82 9.20 9.60 9.33 8.29 6.20 3.80 0.90 0.00 0.00 0.00 0.00 0.00
0.00 0.00 0.00 0.00 0.00 0.00 0.00 0.00 0.00 68.64 247.11 389.36 525.45 610.79 630.77 580.55 448.48 290.80 129.85 0.00 0.00 0.00 0.00 0.00
0.00 0.00 0.00 0.00 0.00 0.00 0.00 0.00 0.00 1.00 2.61 4.09 5.04 5.43 5.38 4.73 3.47 2.14 0.52 0.00 0.00 0.00 0.00 0.00
0.00 0.00 0.00 0.00 0.00 0.00 0.00 0.00 0.00 0.77 1.75 2.62 3.18 3.47 3.45 3.06 2.35 1.52 0.51 0.00 0.00 0.00 0.00 0.00
0.00 0.00 0.00 0.00 0.00 0.00 0.00 0.00 0.00 1.23 2.81 4.19 5.09 5.55 5.53 4.90 3.76 2.43 0.82 0.00 0.00 0.00 0.00 0.00
0.00 0.00 0.00 0.00 0.00 0.00 0.00 0.00 0.00 1.23 2.81 4.19 5.09 5.55 5.53 4.90 3.76 2.43 0.82 0.00 0.00 0.00 0.00 0.00
0.00 0.00 0.00 0.00 0.00 0.00 0.00 0.00 0.00 2.28 5.63 8.59 11.08 12.67 12.84 11.68 9.11 5.96 2.10 0.00 0.00 0.00 0.00 0.00
0.00 0.00 0.00 0.00 0.00 0.00 0.00 0.00 0.00 1.10 2.70 4.15 5.40 6.04 6.09 5.54 4.29 2.80 0.99 0.00 0.00 0.00 0.00 0.00
0.00 0.00 0.00 0.00 0.00 0.00 0.00 0.00 0.00 1.42 3.47 5.34 6.94 7.76 7.83 7.12 5.51 3.60 1.27 0.00 0.00 0.00 0.00 0.00
0.00 0.00 0.00 0.00 0.00 0.00 0.00 0.00 0.00 0.94 2.31 3.56 4.63 5.18 5.22 4.75 3.67 2.40 0.85 0.00 0.00 0.00 0.00 0.00
0.00 0.00 0.00 0.00 0.00 0.00 0.00 0.00 0.00 0.94 2.31 3.56 4.63 5.18 5.22 4.75 3.67 2.40 0.85 0.00 0.00 0.00 0.00 0.00
0.00 0.00 0.00 0.00 0.00 0.00 0.00 0.00 0.00 13.06 31.62 49.90 64.42 74.36 77.27 70.29 55.35 35.22 14.91 0.00 0.00 0.00 0.00 0.00
0.00 0.00 0.00 0.00 0.00 0.00 0.00 0.00 0.00 7.04 17.34 25.91 33.80 38.40 39.47 35.66 27.00 17.54 5.93 0.00 0.00 0.00 0.00 0.00
0.00 0.00 0.00 0.00 0.00 0.00 0.00 0.00 0.00 5.64 14.55 21.81 28.56 31.64 31.23 28.13 21.71 14.16 4.79 0.00 0.00 0.00 0.00 0.00
0.00 0.00 0.00 0.00 0.00 0.00 0.00 0.00 0.00 20.25 72.89 114.85 154.99 180.16 186.05 171.24 132.29 85.77 38.30 0.00 0.00 0.00 0.00 0.00
0.00 0.00 0.00 0.00 0.00 0.00 0.00 0.00 0.00 19.26 69.33 109.25 147.43 171.37 176.98 162.89 125.83 81.59 36.43 0.00 0.00 0.00 0.00 0.00
0.00 0.00 0.00 0.00 0.00 0.00 0.00 0.00 0.00 37.03 133.33 210.09 283.52 329.56 340.34 313.25 241.99 156.90 70.06 0.00 0.00 0.00 0.00 0.00
0.00 0.00 0.00 0.00 0.00 0.00 0.00 0.00 0.00 36.42 131.11 206.59 278.79 324.07 334.67 308.03 237.95 154.29 68.90 0.00 0.00 0.00 0.00 0.00
0.00 0.00 0.00 0.00 0.00 0.00 0.00 0.00 0.00 35.82 137.17 213.31 286.28 333.68 340.19 308.18 239.61 159.65 64.82 0.00 0.00 0.00 0.00 0.00
0.00 0.00 0.00 0.00 0.00 0.00 0.00 0.00 0.00 0.77 1.75 2.62 3.18 3.47 3.45 3.06 2.35 1.52 0.51 0.00 0.00 0.00 0.00 0.00
0.00 0.00 0.00 0.00 0.00 0.00 0.00 0.00 0.00 3.89 8.89 13.27 16.13 17.57 17.50 15.51 11.89 7.70 2.61 0.00 0.00 0.00 0.00 0.00
0.00 0.00 0.00 0.00 0.00 0.00 0.00 0.00 0.00 19.85 45.38 67.75 82.35 89.70 89.34 79.21 60.71 39.33 13.30 0.00 0.00 0.00 0.00 0.00
0.00 0.00 0.00 0.00 0.00 0.00 0.00 0.00 0.00 1.38 4.98 7.84 10.58 12.30 12.71 11.69 9.03 5.86 2.62 0.00 0.00 0.00 0.00 0.00
0.00 0.00 0.00 0.00 0.00 0.00 0.00 0.00 0.00 30.02 106.19 165.98 218.74 251.38 257.53 233.51 180.99 120.72 49.65 0.00 0.00 0.00 0.00 0.00
0.00 0.00 0.00 0.00 0.00 0.00 0.00 0.00 0.00 3.00 8.25 12.69 16.77 19.66 20.03 18.68 14.82 10.12 4.16 0.00 0.00 0.00 0.00 0.00
0.00 0.00 0.00 0.00 0.00 0.00 0.00 0.00 0.00 16.13 53.06 81.70 105.57 120.77 119.94 105.91 79.49 52.15 17.87 0.00 0.00 0.00 0.00 0.00
0.00 0.00 0.00 0.00 0.00 0.00 0.00 0.00 0.00 0.50 1.77 2.77 3.65 4.19 4.29 3.89 3.02 2.01 0.83 0.00 0.00 0.00 0.00 0.00
0.00 0.00 0.00 0.00 0.00 0.00 0.00 0.00 0.00 22.51 79.65 124.48 164.06 188.53 193.15 175.13 135.74 90.54 37.24 0.00 0.00 0.00 0.00 0.00
0.00 0.00 0.00 0.00 0.00 0.00 0.00 0.00 0.00 28.89 102.21 159.75 210.54 241.95 247.87 224.75 174.20 116.19 47.79 0.00 0.00 0.00 0.00 0.00
0.00 0.00 0.00 0.00 0.00 0.00 0.00 0.00 0.00 47.24 180.90 281.30 377.53 440.04 448.62 406.42 315.99 210.54 85.48 0.00 0.00 0.00 0.00 0.00
0.00 0.00 0.00 0.00 0.00 0.00 0.00 0.00 0.00 1.74 4.27 6.67 8.63 9.64 9.80 8.86 6.89 4.51 1.67 0.00 0.00 0.00 0.00 0.00
0.00 0.00 0.00 0.00 0.00 0.00 0.00 0.00 0.00 2.16 5.26 8.24 10.74 12.01 12.18 11.05 8.57 5.61 2.06 0.00 0.00 0.00 0.00 0.00
0.00 0.00 0.00 0.00 0.00 0.00 0.00 0.00 0.00 12.39 34.05 52.37 69.18 81.11 82.63 77.07 61.13 41.73 17.15 0.00 0.00 0.00 0.00 0.00
0.00 0.00 0.00 0.00 0.00 0.00 0.00 0.00 0.00 20.37 121.12 196.43 269.83 314.30 327.09 296.34 225.39 152.23 60.83 0.00 0.00 0.00 0.00 0.00
0.00 0.00 0.00 0.00 0.00 0.00 0.00 0.00 0.00 0.57 1.39 2.08 2.64 2.96 3.02 2.73 2.09 1.35 0.44 0.00 0.00 0.00 0.00 0.00
0.00 0.00 0.00 0.00 0.00 0.00 0.00 0.00 0.00 7.43 25.80 40.10 52.89 61.42 62.76 56.00 43.02 28.53 11.00 0.00 0.00 0.00 0.00 0.00
0.00 0.00 0.00 0.00 0.00 0.00 0.00 0.00 0.00 2.56 9.50 15.10 20.02 22.98 24.03 21.97 17.14 11.23 5.42 0.00 0.00 0.00 0.00 0.00
0.00 0.00 0.00 0.00 0.00 0.00 0.00 0.00 0.00 1.22 3.14 4.70 5.83 6.34 6.23 5.56 4.05 2.47 0.55 0.00 0.00 0.00 0.00 0.00
0.00 0.00 0.00 0.00 0.00 0.00 0.00 0.00 0.00 0.61 1.57 2.35 2.92 3.17 3.12 2.78 2.03 1.24 0.28 0.00 0.00 0.00 0.00 0.00
0.00 0.00 0.00 0.00 0.00 0.00 0.00 0.00 0.00 1.34 3.43 5.14 6.38 6.94 6.82 6.08 4.43 2.71 0.61 0.00 0.00 0.00 0.00 0.00
0.00 0.00 0.00 0.00 0.00 0.00 0.00 0.00 0.00 1.61 4.08 6.09 7.61 8.16 8.15 7.28 5.31 3.27 0.77 0.00 0.00 0.00 0.00 0.00
0.00 0.00 0.00 0.00 0.00 0.00 0.00 0.00 0.00 2.46 6.21 9.28 11.59 12.44 12.42 11.09 8.09 4.98 1.18 0.00 0.00 0.00 0.00 0.00
0.00 0.00 0.00 0.00 0.00 0.00 0.00 0.00 0.00 2.03 5.31 8.18 10.24 11.05 10.96 9.54 6.99 4.34 1.08 0.00 0.00 0.00 0.00 0.00
0.00 0.00 0.00 0.00 0.00 0.00 0.00 0.00 0.00 1.40 4.36 6.65 8.51 9.47 9.43 8.24 6.06 3.88 1.16 0.00 0.00 0.00 0.00 0.00
0.00 0.00 0.00 0.00 0.00 0.00 0.00 0.00 0.00 3.61 11.27 17.18 21.99 24.47 24.35 21.30 15.65 10.02 3.01 0.00 0.00 0.00 0.00 0.00
0.00 0.00 0.00 0.00 0.00 0.00 0.00 0.00 0.00 0.94 2.92 4.44 5.71 6.43 6.42 5.64 4.24 2.75 0.90 0.00 0.00 0.00 0.00 0.00
0.00 0.00 0.00 0.00 0.00 0.00 0.00 0.00 0.00 2.56 6.18 9.29 11.92 12.87 12.96 11.60 8.88 5.65 1.69 0.00 0.00 0.00 0.00 0.00
0.00 0.00 0.00 0.00 0.00 0.00 0.00 0.00 0.00 4.00 9.99 14.99 18.61 20.24 20.74 19.00 14.02 8.84 2.47 0.00 0.00 0.00 0.00 0.00
0.00 0.00 0.00 0.00 0.00 0.00 0.00 0.00 0.00 0.71 1.55 2.21 2.66 2.87 2.85 2.50 1.90 1.16 0.27 0.00 0.00 0.00 0.00 0.00
0.00 0.00 0.00 0.00 0.00 0.00 0.00 0.00 0.00 4.18 9.29 13.57 16.12 16.97 16.68 14.64 11.08 6.96 1.97 0.00 0.00 0.00 0.00 0.00
0.00 0.00 0.00 0.00 0.00 0.00 0.00 0.00 0.00 2.80 6.15 9.05 10.65 11.56 11.17 9.79 7.30 4.53 1.18 0.00 0.00 0.00 0.00 0.00
0.00 0.00 0.00 0.00 0.00 0.00 0.00 0.00 0.00 3.86 8.49 12.49 14.70 15.95 15.41 13.51 10.07 6.25 1.63 0.00 0.00 0.00 0.00 0.00
0.00 0.00 0.00 0.00 0.00 0.00 0.00 0.00 0.00 2.63 5.78 8.51 10.01 10.87 10.50 9.20 6.86 4.26 1.11 0.00 0.00 0.00 0.00 0.00
0.00 0.00 0.00 0.00 0.00 0.00 0.00 0.00 0.00 2.23 4.95 7.24 8.60 9.05 8.90 7.81 5.91 3.71 1.05 0.00 0.00 0.00 0.00 0.00
0.00 0.00 0.00 0.00 0.00 0.00 0.00 0.00 0.00 2.23 4.85 6.89 8.21 8.60 8.47 7.54 5.56 3.42 0.84 0.00 0.00 0.00 0.00 0.00
0.00 0.00 0.00 0.00 0.00 0.00 0.00 0.00 0.00 2.20 5.03 7.51 9.13 9.94 9.90 8.78 6.73 4.36 1.47 0.00 0.00 0.00 0.00 0.00
0.00 0.00 0.00 0.00 0.00 0.00 0.00 0.00 0.00 17.00 41.16 64.95 83.85 96.78 100.57 91.49 72.05 45.84 19.40 0.00 0.00 0.00 0.00 0.00
0.00 0.00 0.00 0.00 0.00 0.00 0.00 0.00 0.00 2.58 6.38 9.73 12.55 14.36 14.56 13.24 10.32 6.75 2.38 0.00 0.00 0.00 0.00 0.00
0.00 0.00 0.00 0.00 0.00 0.00 0.00 0.00 0.00 4.38 10.37 15.50 19.53 21.21 21.24 19.54 15.26 9.87 3.25 0.00 0.00 0.00 0.00 0.00
0.00 0.00 0.00 0.00 0.00 0.00 0.00 0.00 0.00 2.01 4.75 7.11 8.95 9.72 9.73 8.96 7.00 4.52 1.49 0.00 0.00 0.00 0.00 0.00
0.00 0.00 0.00 0.00 0.00 0.00 0.00 0.00 0.00 3.19 7.89 11.94 15.36 17.69 18.02 16.32 12.72 8.32 2.92 0.00 0.00 0.00 0.00 0.00
0.00 0.00 0.00 0.00 0.00 0.00 0.00 0.00 0.00 1.37 3.37 5.06 6.41 7.18 7.34 6.62 5.08 3.28 1.06 0.00 0.00 0.00 0.00 0.00
0.00 0.00 0.00 0.00 0.00 0.00 0.00 0.00 0.00 12.83 35.25 54.22 71.62 83.97 85.55 79.79 63.29 43.20 17.76 0.00 0.00 0.00 0.00 0.00
0.00 0.00 0.00 0.00 0.00 0.00 0.00 0.00 0.00 3.86 12.69 19.54 25.25 28.88 28.68 25.33 19.01 12.47 4.27 0.00 0.00 0.00 0.00 0.00
0.00 0.00 0.00 0.00 0.00 0.00 0.00 0.00 0.00 0.88 2.84 4.35 5.69 6.48 6.54 5.77 4.33 2.85 1.00 0.00 0.00 0.00 0.00 0.00
0.00 0.00 0.00 0.00 0.00 0.00 0.00 0.00 0.00 1.14 3.51 5.44 7.02 8.00 8.05 7.25 5.55 3.68 1.33 0.00 0.00 0.00 0.00 0.00
0.00 0.00 0.00 0.00 0.00 0.00 0.00 0.00 0.00 1.82 5.61 8.70 11.23 12.81 12.88 11.60 8.89 5.88 2.12 0.00 0.00 0.00 0.00 0.00
0.00 0.00 0.00 0.00 0.00 0.00 0.00 0.00 0.00 37.65 135.55 213.59 288.24 335.05 346.01 318.47 246.02 159.52 71.23 0.00 0.00 0.00 0.00 0.00
