0.00 0.00 0.00 0.00 0.00 0.00 0.00 0.00 0.00 0.78 1.82 2.87 3.77 4.13 4.31 4.13 3.95 3.02 1.83 0.49 0.00 0.00 0.00 0.00
0.00 0.00 0.00 0.00 0.00 0.00 0.00 0.00 1.79 16.64 33.10 48.81 61.38 66.55 68.32 66.33 55.78 41.18 24.75 4.31 0.00 0.00 0.00 0.00
0.00 0.00 0.00 0.00 0.00 0.00 0.00 0.00 0.00 17.76 41.50 65.69 86.28 94.49 98.46 94.46 90.40 69.10 41.77 11.09 0.00 0.00 0.00 0.00
0.00 0.00 0.00 0.00 0.00 0.00 0.00 0.00 0.00 63.13 147.50 233.46 306.65 335.82 349.93 335.70 321.29 245.57 148.46 39.42 0.00 0.00 0.00 0.00
0.00 0.00 0.00 0.00 0.00 0.00 0.00 0.00 0.70 3.29 6.05 9.13 11.24 12.38 12.43 11.38 9.29 6.67 3.98 0.44 0.00 0.00 0.00 0.00
0.00 0.00 0.00 0.00 0.00 0.00 0.00 0.00 0.00 139.64 348.63 561.26 732.28 843.64 901.85 874.41 752.43 579.66 364.14 109.33 0.00 0.00 0.00 0.00
0.00 0.00 0.00 0.00 0.00 0.00 0.00 0.00 0.19 2.02 3.91 5.85 7.18 7.96 7.94 7.47 6.50 4.83 2.91 0.48 0.00 0.00 0.00 0.00
0.00 0.00 0.00 0.00 0.00 0.00 0.00 0.00 0.10 0.93 1.84 2.73 3.56 4.04 4.12 4.05 3.42 2.52 1.52 0.26 0.00 0.00 0.00 0.00
0.00 0.00 0.00 0.00 0.00 0.00 0.00 0.00 0.15 1.49 2.95 4.38 5.69 6.47 6.59 6.49 5.47 4.04 2.43 0.41 0.00 0.00 0.00 0.00
0.00 0.00 0.00 0.00 0.00 0.00 0.00 0.00 0.15 1.49 2.95 4.38 5.69 6.47 6.59 6.49 5.47 4.04 2.43 0.41 0.00 0.00 0.00 0.00
0.00 0.00 0.00 0.00 0.00 0.00 0.00 0.00 0.14 3.46 7.24 11.06 14.58 16.16 16.80 16.22 13.74 10.42 6.35 1.29 0.00 0.00 0.00 0.00
0.00 0.00 0.00 0.00 0.00 0.00 0.00 0.00 0.08 1.67 3.46 5.30 7.00 7.82 7.93 7.69 6.50 4.93 2.92 0.60 0.00 0.00 0.00 0.00
0.00 0.00 0.00 0.00 0.00 0.00 0.00 0.00 0.10 2.15 4.45 6.82 9.00 10.05 10.20 9.88 8.36 6.33 3.75 0.77 0.00 0.00 0.00 0.00
0.00 0.00 0.00 0.00 0.00 0.00 0.00 0.00 0.06 1.43 2.96 4.55 6.00 6.70 6.80 6.59 5.57 4.22 2.50 0.51 0.00 0.00 0.00 0.00
0.00 0.00 0.00 0.00 0.00 0.00 0.00 0.00 0.06 1.43 2.96 4.55 6.00 6.70 6.80 6.59 5.57 4.22 2.50 0.51 0.00 0.00 0.00 0.00
0.00 0.00 0.00 0.00 0.00 0.00 0.00 0.00 0.15 13.25 25.71 41.30 55.62 51.66 53.75 51.90 37.03 27.80 16.08 4.19 0.00 0.00 0.00 0.00
0.00 0.00 0.00 0.00 0.00 0.00 0.00 0.00 0.60 10.66 22.04 33.50 43.74 49.87 51.20 48.35 42.55 32.47 19.22 3.56 0.00 0.00 0.00 0.00
0.00 0.00 0.00 0.00 0.00 0.00 0.00 0.00 0.29 9.37 19.46 29.13 37.54 42.59 43.34 41.61 35.41 26.80 16.41 3.11 0.00 0.00 0.00 0.00
0.00 0.00 0.00 0.00 0.00 0.00 0.00 0.00 0.00 41.19 102.83 165.55 216.00 248.84 266.01 257.92 221.94 170.98 107.41 32.25 0.00 0.00 0.00 0.00
0.00 0.00 0.00 0.00 0.00 0.00 0.00 0.00 0.00 39.18 97.82 157.48 205.46 236.70 253.04 245.34 211.11 162.64 102.17 30.67 0.00 0.00 0.00 0.00
0.00 0.00 0.00 0.00 0.00 0.00 0.00 0.00 0.00 75.35 188.11 302.84 395.12 455.20 486.61 471.80 405.99 312.77 196.48 58.99 0.00 0.00 0.00 0.00
0.00 0.00 0.00 0.00 0.00 0.00 0.00 0.00 0.00 74.09 184.98 297.79 388.53 447.61 478.50 463.94 399.22 307.55 193.20 58.01 0.00 0.00 0.00 0.00
0.00 0.00 0.00 0.00 0.00 0.00 0.00 0.00 0.00 82.39 199.47 319.77 423.04 480.99 490.64 464.57 403.31 304.47 187.84 51.06 0.00 0.00 0.00 0.00
0.00 0.00 0.00 0.00 0.00 0.00 0.00 0.00 0.10 0.93 1.84 2.73 3.56 4.04 4.12 4.05 3.42 2.52 1.52 0.26 0.00 0.00 0.00 0.00
0.00 0.00 0.00 0.00 0.00 0.00 0.00 0.00 0.49 4.71 9.34 13.86 18.03 20.48 20.88 20.54 17.32 12.78 7.68 1.31 0.00 0.00 0.00 0.00
0.00 0.00 0.00 0.00 0.00 0.00 0.00 0.00 2.50 24.07 47.71 70.74 92.03 104.55 106.58 104.84 88.42 65.25 39.23 6.68 0.00 0.00 0.00 0.00
0.00 0.00 0.00 0.00 0.00 0.00 0.00 0.00 0.00 2.81 7.02 11.31 14.75 16.99 18.17 17.61 15.16 11.68 7.34 2.20 0.00 0.00 0.00 0.00
0.00 0.00 0.00 0.00 0.00 0.00 0.00 0.00 0.00 62.15 145.21 229.82 301.87 330.59 344.48 330.47 316.28 241.74 146.15 38.81 0.00 0.00 0.00 0.00
0.00 0.00 0.00 0.00 0.00 0.00 0.00 0.00 0.00 4.14 8.48 13.25 18.23 19.97 20.96 20.51 17.66 13.69 8.78 2.74 0.00 0.00 0.00 0.00
0.00 0.00 0.00 0.00 0.00 0.00 0.00 0.00 0.00 36.33 71.99 111.92 145.48 169.49 177.09 169.78 152.13 113.98 68.75 15.00 0.00 0.00 0.00 0.00
0.00 0.00 0.00 0.00 0.00 0.00 0.00 0.00 0.00 1.04 2.42 3.83 5.03 5.51 5.74 5.51 5.27 4.03 2.44 0.65 0.00 0.00 0.00 0.00
0.00 0.00 0.00 0.00 0.00 0.00 0.00 0.00 0.00 46.61 108.90 172.36 226.40 247.94 258.36 247.85 237.21 181.31 109.61 29.11 0.00 0.00 0.00 0.00
0.00 0.00 0.00 0.00 0.00 0.00 0.00 0.00 0.00 59.82 139.76 221.20 290.55 318.19 331.56 318.08 304.42 232.68 140.67 37.35 0.00 0.00 0.00 0.00
0.00 0.00 0.00 0.00 0.00 0.00 0.00 0.00 0.00 108.65 263.05 421.70 557.89 634.30 647.03 612.65 531.86 401.52 247.72 67.34 0.00 0.00 0.00 0.00
0.00 0.00 0.00 0.00 0.00 0.00 0.00 0.00 0.07 2.48 5.29 8.16 10.77 11.54 11.90 11.58 8.29 6.23 3.75 0.83 0.00 0.00 0.00 0.00
0.00 0.00 0.00 0.00 0.00 0.00 0.00 0.00 0.10 3.20 6.75 10.17 13.48 14.75 15.13 14.67 11.26 8.48 5.10 1.08 0.00 0.00 0.00 0.00
0.00 0.00 0.00 0.00 0.00 0.00 0.00 0.00 0.00 17.10 34.99 54.65 75.20 82.39 86.46 84.61 72.84 56.47 36.21 11.30 0.00 0.00 0.00 0.00
0.00 0.00 0.00 0.00 0.00 0.00 0.00 0.00 0.00 69.08 185.69 300.57 402.95 473.53 488.49 467.36 404.18 320.38 200.77 59.43 0.00 0.00 0.00 0.00
0.00 0.00 0.00 0.00 0.00 0.00 0.00 0.00 0.06 0.87 1.76 2.70 3.50 3.92 4.06 3.87 3.30 2.49 1.50 0.27 0.00 0.00 0.00 0.00
0.00 0.00 0.00 0.00 0.00 0.00 0.00 0.00 0.00 16.19 33.22 52.88 69.15 78.79 81.26 77.75 73.44 55.20 33.78 8.82 0.00 0.00 0.00 0.00
0.00 0.00 0.00 0.00 0.00 0.00 0.00 0.00 0.00 4.96 13.00 20.62 27.62 31.69 32.21 31.40 27.77 21.35 13.75 4.44 0.00 0.00 0.00 0.00
0.00 0.00 0.00 0.00 0.00 0.00 0.00 0.00 0.26 2.33 4.47 6.72 8.41 9.44 9.34 8.58 7.19 5.40 3.27 0.53 0.00 0.00 0.00 0.00
0.00 0.00 0.00 0.00 0.00 0.00 0.00 0.00 0.13 1.17 2.24 3.36 4.21 4.72 4.67 4.29 3.59 2.70 1.64 0.26 0.00 0.00 0.00 0.00
0.00 0.00 0.00 0.00 0.00 0.00 0.00 0.00 0.28 2.55 4.89 7.34 9.20 10.32 10.22 9.39 7.86 5.90 3.58 0.58 0.00 0.00 0.00 0.00
0.00 0.00 0.00 0.00 0.00 0.00 0.00 0.00 0.34 3.11 5.91 8.98 11.03 12.25 12.17 11.38 9.61 7.24 4.35 0.67 0.00 0.00 0.00 0.00
0.00 0.00 0.00 0.00 0.00 0.00 0.00 0.00 0.52 4.73 9.01 13.69 16.81 18.67 18.55 17.34 14.64 11.03 6.63 1.03 0.00 0.00 0.00 0.00
0.00 0.00 0.00 0.00 0.00 0.00 0.00 0.00 0.37 4.10 7.97 11.94 14.58 16.07 16.18 15.29 13.18 9.98 6.02 1.03 0.00 0.00 0.00 0.00
0.00 0.00 0.00 0.00 0.00 0.00 0.00 0.00 0.00 3.08 6.42 9.71 12.22 13.93 14.59 14.04 11.86 8.90 5.26 1.05 0.00 0.00 0.00 0.00
0.00 0.00 0.00 0.00 0.00 0.00 0.00 0.00 0.00 7.95 16.59 25.08 31.56 35.98 37.69 36.27 30.63 23.00 13.58 2.72 0.00 0.00 0.00 0.00
0.00 0.00 0.00 0.00 0.00 0.00 0.00 0.00 0.00 2.02 4.05 6.24 8.19 9.48 9.81 9.27 7.99 5.99 3.61 0.78 0.00 0.00 0.00 0.00
0.00 0.00 0.00 0.00 0.00 0.00 0.00 0.00 0.43 4.03 7.94 11.96 15.10 16.98 17.54 16.81 14.16 10.68 6.52 1.07 0.00 0.00 0.00 0.00
0.00 0.00 0.00 0.00 0.00 0.00 0.00 0.00 0.70 7.30 14.41 21.20 26.37 29.94 30.44 28.91 25.07 18.80 11.19 1.81 0.00 0.00 0.00 0.00
0.00 0.00 0.00 0.00 0.00 0.00 0.00 0.00 0.21 1.02 1.88 2.77 3.43 3.73 3.72 3.53 2.95 2.17 1.29 0.16 0.00 0.00 0.00 0.00
0.00 0.00 0.00 0.00 0.00 0.00 0.00 0.00 0.85 5.25 9.99 14.96 19.35 21.08 21.37 20.25 16.94 12.61 7.62 1.11 0.00 0.00 0.00 0.00
0.00 0.00 0.00 0.00 0.00 0.00 0.00 0.00 0.68 3.71 6.96 10.24 12.92 14.28 14.13 13.33 11.27 8.29 4.95 0.68 0.00 0.00 0.00 0.00
0.00 0.00 0.00 0.00 0.00 0.00 0.00 0.00 0.94 5.12 9.61 14.13 17.83 19.70 19.50 18.39 15.55 11.44 6.83 0.94 0.00 0.00 0.00 0.00
0.00 0.00 0.00 0.00 0.00 0.00 0.00 0.00 0.64 3.49 6.55 9.62 12.15 13.42 13.28 12.53 10.59 7.79 4.65 0.64 0.00 0.00 0.00 0.00
0.00 0.00 0.00 0.00 0.00 0.00 0.00 0.00 0.45 2.80 5.33 7.98 10.32 11.24 11.40 10.80 9.03 6.72 4.07 0.59 0.00 0.00 0.00 0.00
0.00 0.00 0.00 0.00 0.00 0.00 0.00 0.00 0.60 2.94 5.38 7.94 9.88 10.91 11.07 10.22 8.37 6.11 3.65 0.43 0.00 0.00 0.00 0.00
0.00 0.00 0.00 0.00 0.00 0.00 0.00 0.00 0.28 2.67 5.29 7.84 10.20 11.59 11.81 11.62 9.80 7.23 4.35 0.74 0.00 0.00 0.00 0.00
0.00 0.00 0.00 0.00 0.00 0.00 0.00 0.00 0.19 17.25 33.46 53.75 72.40 67.24 69.96 67.55 48.20 36.18 20.93 5.45 0.00 0.00 0.00 0.00
0.00 0.00 0.00 0.00 0.00 0.00 0.00 0.00 0.16 3.92 8.21 12.53 16.53 18.31 19.04 18.38 15.57 11.81 7.19 1.46 0.00 0.00 0.00 0.00
0.00 0.00 0.00 0.00 0.00 0.00 0.00 0.00 0.49 6.01 12.04 18.44 24.51 28.01 28.13 27.02 22.97 17.32 10.68 1.93 0.00 0.00 0.00 0.00
0.00 0.00 0.00 0.00 0.00 0.00 0.00 0.00 0.22 2.76 5.52 8.45 11.23 12.84 12.89 12.38 10.53 7.94 4.90 0.88 0.00 0.00 0.00 0.00
0.00 0.00 0.00 0.00 0.00 0.00 0.00 0.00 0.20 4.81 10.11 15.41 20.13 22.44 23.44 22.49 19.27 14.67 9.07 1.80 0.00 0.00 0.00 0.00
0.00 0.00 0.00 0.00 0.00 0.00 0.00 0.00 0.16 2.11 4.27 6.56 8.50 9.51 9.86 9.41 8.02 6.05 3.64 0.66 0.00 0.00 0.00 0.00
0.00 0.00 0.00 0.00 0.00 0.00 0.00 0.00 0.00 17.70 36.23 56.58 77.86 85.31 89.52 87.61 75.41 58.47 37.49 11.70 0.00 0.00 0.00 0.00
0.00 0.00 0.00 0.00 0.00 0.00 0.00 0.00 0.00 8.69 17.22 26.76 34.79 40.53 42.35 40.60 36.38 27.26 16.44 3.59 0.00 0.00 0.00 0.00
0.00 0.00 0.00 0.00 0.00 0.00 0.00 0.00 0.00 1.88 3.49 5.50 7.18 8.52 8.81 8.54 8.20 6.06 3.66 0.81 0.00 0.00 0.00 0.00
0.00 0.00 0.00 0.00 0.00 0.00 0.00 0.00 0.00 2.14 4.30 6.70 8.72 10.65 11.01 10.60 10.13 7.60 4.63 1.02 0.00 0.00 0.00 0.00
0.00 0.00 0.00 0.00 0.00 0.00 0.00 0.00 0.00 3.42 6.88 10.73 13.95 17.03 17.61 16.95 16.21 12.15 7.40 1.64 0.00 0.00 0.00 0.00
0.00 0.00 0.00 0.00 0.00 0.00 0.00 0.00 0.00 76.60 191.25 307.89 401.70 462.79 494.72 479.67 412.75 317.98 199.75 59.97 0.00 0.00 0.00 0.00
