0.00 0.00 0.00 0.00 0.00 0.00 0.00 0.00 0.00 0.13 1.13 1.93 2.76 3.29 3.45 3.27 2.81 1.94 1.04 0.00 0.00 0.00 0.00 0.00
0.00 0.00 0.00 0.00 0.00 0.00 0.00 0.00 0.00 8.19 24.26 36.71 47.92 40.77 41.23 39.43 29.27 20.22 10.03 0.00 0.00 0.00 0.00 0.00
0.00 0.00 0.00 0.00 0.00 0.00 0.00 0.00 0.00 2.97 25.88 44.22 63.13 75.28 78.91 74.74 64.19 44.28 23.69 0.00 0.00 0.00 0.00 0.00
0.00 0.00 0.00 0.00 0.00 0.00 0.00 0.00 0.00 10.57 91.96 157.16 224.35 267.53 280.43 265.60 228.12 157.37 84.21 0.00 0.00 0.00 0.00 0.00
0.00 0.00 0.00 0.00 0.00 0.00 0.00 0.00 0.00 1.52 4.34 6.39 8.20 9.46 9.59 8.69 7.10 4.82 2.02 0.00 0.00 0.00 0.00 0.00
0.00 0.00 0.00 0.00 0.00 0.00 0.00 0.00 0.00 20.89 218.62 377.67 545.04 663.68 696.84 654.74 556.20 389.26 217.50 9.20 0.00 0.00 0.00 0.00
0.00 0.00 0.00 0.00 0.00 0.00 0.00 0.00 0.00 0.49 1.74 2.69 3.62 5.36 5.48 4.99 4.20 2.89 1.24 0.00 0.00 0.00 0.00 0.00
0.00 0.00 0.00 0.00 0.00 0.00 0.00 0.00 0.00 0.43 1.41 2.12 2.76 3.24 3.39 3.17 2.60 1.80 0.87 0.00 0.00 0.00 0.00 0.00
0.00 0.00 0.00 0.00 0.00 0.00 0.00 0.00 0.00 0.69 2.25 3.39 4.41 5.19 5.42 5.08 4.16 2.88 1.40 0.00 0.00 0.00 0.00 0.00
0.00 0.00 0.00 0.00 0.00 0.00 0.00 0.00 0.00 0.69 2.25 3.39 4.41 5.19 5.42 5.08 4.16 2.88 1.40 0.00 0.00 0.00 0.00 0.00
0.00 0.00 0.00 0.00 0.00 0.00 0.00 0.00 0.00 1.33 5.01 7.72 10.51 12.40 12.97 12.33 10.29 7.29 3.61 0.00 0.00 0.00 0.00 0.00
0.00 0.00 0.00 0.00 0.00 0.00 0.00 0.00 0.00 0.63 2.35 3.61 4.97 5.94 6.15 5.83 4.89 3.41 1.69 0.00 0.00 0.00 0.00 0.00
0.00 0.00 0.00 0.00 0.00 0.00 0.00 0.00 0.00 0.82 3.02 4.64 6.40 7.64 7.91 7.49 6.29 4.39 2.18 0.00 0.00 0.00 0.00 0.00
0.00 0.00 0.00 0.00 0.00 0.00 0.00 0.00 0.00 0.54 2.01 3.09 4.26 5.09 5.27 4.99 4.19 2.93 1.45 0.00 0.00 0.00 0.00 0.00
0.00 0.00 0.00 0.00 0.00 0.00 0.00 0.00 0.00 0.54 2.01 3.09 4.26 5.09 5.27 4.99 4.19 2.93 1.45 0.00 0.00 0.00 0.00 0.00
0.00 0.00 0.00 0.00 0.00 0.00 0.00 0.00 0.00 7.88 27.28 41.89 58.63 73.02 76.43 73.21 64.58 44.96 24.32 0.31 0.00 0.00 0.00 0.00
0.00 0.00 0.00 0.00 0.00 0.00 0.00 0.00 0.00 4.22 15.62 24.03 32.14 37.34 39.10 36.85 31.23 21.54 10.46 0.00 0.00 0.00 0.00 0.00
0.00 0.00 0.00 0.00 0.00 0.00 0.00 0.00 0.00 3.42 13.55 21.11 28.22 32.91 33.89 31.87 26.28 18.52 9.00 0.00 0.00 0.00 0.00 0.00
0.00 0.00 0.00 0.00 0.00 0.00 0.00 0.00 0.00 6.16 64.48 111.40 160.77 195.76 205.54 193.12 164.06 114.82 64.15 2.71 0.00 0.00 0.00 0.00
0.00 0.00 0.00 0.00 0.00 0.00 0.00 0.00 0.00 5.86 61.34 105.96 152.92 186.21 195.52 183.70 156.06 109.22 61.03 2.58 0.00 0.00 0.00 0.00
0.00 0.00 0.00 0.00 0.00 0.00 0.00 0.00 0.00 11.27 117.96 203.78 294.08 358.10 376.00 353.28 300.11 210.03 117.36 4.96 0.00 0.00 0.00 0.00
0.00 0.00 0.00 0.00 0.00 0.00 0.00 0.00 0.00 11.08 115.99 200.38 289.18 352.13 369.73 347.39 295.11 206.53 115.40 4.88 0.00 0.00 0.00 0.00
0.00 0.00 0.00 0.00 0.00 0.00 0.00 0.00 0.00 9.85 110.68 192.91 274.40 341.62 356.16 335.69 289.79 200.94 106.97 0.00 0.00 0.00 0.00 0.00
0.00 0.00 0.00 0.00 0.00 0.00 0.00 0.00 0.00 0.43 1.41 2.12 2.76 3.24 3.39 3.17 2.60 1.80 0.87 0.00 0.00 0.00 0.00 0.00
0.00 0.00 0.00 0.00 0.00 0.00 0.00 0.00 0.00 2.20 7.14 10.72 13.96 16.42 17.16 16.08 13.17 9.11 4.42 0.00 0.00 0.00 0.00 0.00
0.00 0.00 0.00 0.00 0.00 0.00 0.00 0.00 0.00 11.23 36.43 54.74 71.27 83.84 87.61 82.11 67.26 46.53 22.59 0.00 0.00 0.00 0.00 0.00
0.00 0.00 0.00 0.00 0.00 0.00 0.00 0.00 0.00 0.42 4.40 7.61 10.98 13.37 14.04 13.19 11.20 7.84 4.38 0.19 0.00 0.00 0.00 0.00
0.00 0.00 0.00 0.00 0.00 0.00 0.00 0.00 0.00 10.41 90.53 154.71 220.85 263.36 276.06 261.46 224.57 154.91 82.89 0.00 0.00 0.00 0.00 0.00
0.00 0.00 0.00 0.00 0.00 0.00 0.00 0.00 0.00 1.64 7.80 12.50 17.00 20.65 22.31 21.50 18.07 13.54 7.23 0.00 0.00 0.00 0.00 0.00
0.00 0.00 0.00 0.00 0.00 0.00 0.00 0.00 0.00 7.59 42.75 71.26 99.26 121.12 124.08 115.86 100.41 71.08 34.86 0.00 0.00 0.00 0.00 0.00
0.00 0.00 0.00 0.00 0.00 0.00 0.00 0.00 0.00 0.17 1.51 2.58 3.68 4.39 4.60 4.36 3.74 2.58 1.38 0.00 0.00 0.00 0.00 0.00
0.00 0.00 0.00 0.00 0.00 0.00 0.00 0.00 0.00 7.81 67.90 116.03 165.64 197.52 207.05 196.10 168.42 116.19 62.17 0.00 0.00 0.00 0.00 0.00
0.00 0.00 0.00 0.00 0.00 0.00 0.00 0.00 0.00 10.02 87.13 148.91 212.57 253.48 265.71 251.66 216.14 149.11 79.79 0.00 0.00 0.00 0.00 0.00
0.00 0.00 0.00 0.00 0.00 0.00 0.00 0.00 0.00 12.99 145.97 254.40 361.86 450.51 469.69 442.70 382.17 264.98 141.07 0.00 0.00 0.00 0.00 0.00
0.00 0.00 0.00 0.00 0.00 0.00 0.00 0.00 0.00 0.94 3.54 5.46 7.61 9.38 10.05 9.41 7.88 5.50 2.79 0.00 0.00 0.00 0.00 0.00
0.00 0.00 0.00 0.00 0.00 0.00 0.00 0.00 0.00 1.20 4.46 6.87 9.60 11.70 12.42 11.70 9.76 6.80 3.44 0.00 0.00 0.00 0.00 0.00
0.00 0.00 0.00 0.00 0.00 0.00 0.00 0.00 0.00 6.77 32.16 51.55 70.11 85.19 92.04 88.70 74.54 55.85 29.84 0.00 0.00 0.00 0.00 0.00
0.00 0.00 0.00 0.00 0.00 0.00 0.00 0.00 0.00 0.00 96.91 183.76 261.02 327.35 351.21 333.53 280.04 196.36 104.13 0.00 0.00 0.00 0.00 0.00
0.00 0.00 0.00 0.00 0.00 0.00 0.00 0.00 0.00 0.34 1.23 1.88 2.53 2.91 3.02 2.85 2.40 1.67 0.79 0.00 0.00 0.00 0.00 0.00
0.00 0.00 0.00 0.00 0.00 0.00 0.00 0.00 0.00 2.93 21.58 36.60 51.78 65.29 67.17 62.64 54.64 38.28 19.84 0.00 0.00 0.00 0.00 0.00
0.00 0.00 0.00 0.00 0.00 0.00 0.00 0.00 0.00 0.54 8.07 14.22 20.45 24.63 26.56 24.97 20.80 14.98 8.76 0.64 0.00 0.00 0.00 0.00
0.00 0.00 0.00 0.00 0.00 0.00 0.00 0.00 0.00 0.39 1.14 1.75 2.35 6.07 6.04 5.51 4.73 3.23 1.35 0.00 0.00 0.00 0.00 0.00
0.00 0.00 0.00 0.00 0.00 0.00 0.00 0.00 0.00 0.19 0.57 0.88 1.17 3.03 3.02 2.75 2.36 1.62 0.67 0.00 0.00 0.00 0.00 0.00
0.00 0.00 0.00 0.00 0.00 0.00 0.00 0.00 0.00 0.42 1.24 1.92 2.57 6.64 6.61 6.03 5.17 3.54 1.47 0.00 0.00 0.00 0.00 0.00
0.00 0.00 0.00 0.00 0.00 0.00 0.00 0.00 0.00 0.88 2.72 4.17 5.51 7.95 8.04 7.46 6.48 4.45 1.88 0.00 0.00 0.00 0.00 0.00
0.00 0.00 0.00 0.00 0.00 0.00 0.00 0.00 0.00 1.34 4.14 6.35 8.39 12.12 12.26 11.37 9.87 6.77 2.87 0.00 0.00 0.00 0.00 0.00
0.00 0.00 0.00 0.00 0.00 0.00 0.00 0.00 0.00 1.12 4.25 6.58 8.96 11.07 11.11 10.11 8.60 5.93 2.56 0.00 0.00 0.00 0.00 0.00
0.00 0.00 0.00 0.00 0.00 0.00 0.00 0.00 0.00 0.69 3.46 5.67 7.82 9.66 9.81 9.29 7.87 5.51 2.56 0.00 0.00 0.00 0.00 0.00
0.00 0.00 0.00 0.00 0.00 0.00 0.00 0.00 0.00 1.78 8.95 14.66 20.19 24.97 25.34 24.00 20.34 14.24 6.62 0.00 0.00 0.00 0.00 0.00
0.00 0.00 0.00 0.00 0.00 0.00 0.00 0.00 0.00 0.48 2.44 4.00 5.47 6.47 6.56 6.20 5.29 3.73 1.79 0.00 0.00 0.00 0.00 0.00
0.00 0.00 0.00 0.00 0.00 0.00 0.00 0.00 0.00 1.63 5.59 8.46 11.12 12.88 13.25 12.47 10.26 7.11 3.27 0.00 0.00 0.00 0.00 0.00
0.00 0.00 0.00 0.00 0.00 0.00 0.00 0.00 0.00 2.46 8.86 13.56 18.34 21.45 21.99 20.19 16.97 11.76 5.27 0.00 0.00 0.00 0.00 0.00
0.00 0.00 0.00 0.00 0.00 0.00 0.00 0.00 0.00 0.44 1.26 1.86 2.36 2.80 2.82 2.60 2.17 1.48 0.62 0.00 0.00 0.00 0.00 0.00
0.00 0.00 0.00 0.00 0.00 0.00 0.00 0.00 0.00 2.43 7.36 10.90 14.29 16.87 16.96 15.52 12.53 8.63 3.88 0.00 0.00 0.00 0.00 0.00
0.00 0.00 0.00 0.00 0.00 0.00 0.00 0.00 0.00 1.73 5.10 7.57 9.76 11.30 11.39 10.43 8.39 5.70 2.49 0.00 0.00 0.00 0.00 0.00
0.00 0.00 0.00 0.00 0.00 0.00 0.00 0.00 0.00 2.38 7.04 10.45 13.47 15.59 15.72 14.39 11.58 7.87 3.43 0.00 0.00 0.00 0.00 0.00
0.00 0.00 0.00 0.00 0.00 0.00 0.00 0.00 0.00 1.62 4.79 7.12 9.18 10.62 10.71 9.80 7.89 5.36 2.34 0.00 0.00 0.00 0.00 0.00
0.00 0.00 0.00 0.00 0.00 0.00 0.00 0.00 0.00 1.30 3.92 5.81 7.62 9.00 9.04 8.28 6.68 4.60 2.07 0.00 0.00 0.00 0.00 0.00
0.00 0.00 0.00 0.00 0.00 0.00 0.00 0.00 0.00 1.39 3.99 5.90 7.43 8.54 8.74 7.94 6.44 4.38 1.87 0.00 0.00 0.00 0.00 0.00
0.00 0.00 0.00 0.00 0.00 0.00 0.00 0.00 0.00 1.25 4.04 6.07 7.90 9.29 9.71 9.10 7.45 5.16 2.50 0.00 0.00 0.00 0.00 0.00
0.00 0.00 0.00 0.00 0.00 0.00 0.00 0.00 0.00 10.25 35.51 54.52 76.31 95.04 99.48 95.28 84.05 58.52 31.66 0.40 0.00 0.00 0.00 0.00
0.00 0.00 0.00 0.00 0.00 0.00 0.00 0.00 0.00 1.51 5.67 8.75 11.91 14.05 14.69 13.97 11.67 8.26 4.10 0.00 0.00 0.00 0.00 0.00
0.00 0.00 0.00 0.00 0.00 0.00 0.00 0.00 0.00 2.49 8.66 13.12 17.85 21.10 21.60 20.43 16.82 11.73 5.62 0.00 0.00 0.00 0.00 0.00
0.00 0.00 0.00 0.00 0.00 0.00 0.00 0.00 0.00 1.14 3.97 6.02 8.18 9.67 9.90 9.36 7.71 5.38 2.58 0.00 0.00 0.00 0.00 0.00
0.00 0.00 0.00 0.00 0.00 0.00 0.00 0.00 0.00 1.87 7.05 10.89 14.73 17.26 17.99 17.11 14.31 10.19 5.04 0.00 0.00 0.00 0.00 0.00
0.00 0.00 0.00 0.00 0.00 0.00 0.00 0.00 0.00 0.83 2.99 4.57 6.15 7.07 7.33 6.93 5.82 4.05 1.93 0.00 0.00 0.00 0.00 0.00
0.00 0.00 0.00 0.00 0.00 0.00 0.00 0.00 0.00 7.01 33.30 53.38 72.59 88.21 95.30 91.84 77.18 57.83 30.90 0.00 0.00 0.00 0.00 0.00
0.00 0.00 0.00 0.00 0.00 0.00 0.00 0.00 0.00 1.81 10.22 17.04 23.74 28.96 29.67 27.70 24.01 17.00 8.34 0.00 0.00 0.00 0.00 0.00
0.00 0.00 0.00 0.00 0.00 0.00 0.00 0.00 0.00 0.41 2.37 3.93 5.46 6.68 6.81 6.35 5.55 3.92 1.94 0.00 0.00 0.00 0.00 0.00
0.00 0.00 0.00 0.00 0.00 0.00 0.00 0.00 0.00 0.55 3.11 5.12 7.09 8.25 8.57 8.03 7.10 4.97 2.49 0.00 0.00 0.00 0.00 0.00
0.00 0.00 0.00 0.00 0.00 0.00 0.00 0.00 0.00 0.88 4.98 8.19 11.34 13.19 13.71 12.84 11.37 7.96 3.99 0.00 0.00 0.00 0.00 0.00
0.00 0.00 0.00 0.00 0.00 0.00 0.00 0.00 0.00 11.46 119.93 207.17 298.99 364.07 382.26 359.16 305.11 213.54 119.31 5.05 0.00 0.00 0.00 0.00
