0.00 0.00 0.00 0.00 0.00 0.00 0.00 0.00 0.76 1.67 2.74 3.65 4.30 4.72 4.76 4.60 4.08 3.35 2.35 1.11 0.37 0.00 0.00 0.00
0.00 0.00 0.00 0.00 0.00 0.00 0.00 0.00 16.90 33.53 50.64 64.49 75.26 77.90 77.44 72.41 66.33 51.32 34.54 12.72 1.35 0.00 0.00 0.00
0.00 0.00 0.00 0.00 0.00 0.00 0.00 0.00 17.34 38.21 62.54 83.55 98.40 108.04 108.76 105.19 93.28 76.71 53.80 25.49 8.50 0.00 0.00 0.00
0.00 0.00 0.00 0.00 0.00 0.00 0.00 0.00 61.64 135.80 222.27 296.92 349.69 383.97 386.54 373.84 331.51 272.61 191.21 90.59 30.21 0.00 0.00 0.00
0.00 0.00 0.00 0.00 0.00 0.00 0.00 0.50 3.44 6.19 8.90 11.22 12.69 11.62 11.36 10.49 9.51 7.36 4.71 1.73 0.01 0.00 0.00 0.00
0.00 0.00 0.00 0.00 0.00 0.00 0.00 0.00 118.18 276.97 468.33 631.17 761.13 822.84 854.70 852.57 533.25 437.18 303.14 199.22 69.41 0.00 0.00 0.00
0.00 0.00 0.00 0.00 0.00 0.00 0.00 0.21 1.98 3.65 5.77 7.47 8.65 9.29 9.18 8.62 7.60 5.85 3.85 1.52 0.27 0.00 0.00 0.00
0.00 0.00 0.00 0.00 0.00 0.00 0.00 0.00 1.02 1.99 2.95 3.85 4.48 4.61 4.49 4.28 3.79 2.95 1.97 0.86 0.10 0.00 0.00 0.00
0.00 0.00 0.00 0.00 0.00 0.00 0.00 0.00 1.63 3.18 4.72 6.16 7.17 7.37 7.18 6.85 6.06 4.73 3.16 1.37 0.17 0.00 0.00 0.00
0.00 0.00 0.00 0.00 0.00 0.00 0.00 0.00 1.63 3.18 4.72 6.16 7.17 7.37 7.18 6.85 6.06 4.73 3.16 1.37 0.17 0.00 0.00 0.00
0.00 0.00 0.00 0.00 0.00 0.00 0.00 0.00 3.81 7.58 12.22 16.29 18.94 20.49 20.49 19.36 16.21 12.75 8.22 2.94 0.54 0.00 0.00 0.00
0.00 0.00 0.00 0.00 0.00 0.00 0.00 0.00 1.78 3.54 5.72 7.63 8.84 9.59 9.58 9.00 7.31 5.77 3.72 1.35 0.24 0.00 0.00 0.00
0.00 0.00 0.00 0.00 0.00 0.00 0.00 0.00 2.28 4.55 7.35 9.81 11.37 12.34 12.32 11.57 9.40 7.42 4.78 1.73 0.31 0.00 0.00 0.00
0.00 0.00 0.00 0.00 0.00 0.00 0.00 0.00 1.52 3.03 4.90 6.54 7.58 8.22 8.22 7.71 6.26 4.95 3.19 1.15 0.21 0.00 0.00 0.00
0.00 0.00 0.00 0.00 0.00 0.00 0.00 0.00 1.52 3.03 4.90 6.54 7.58 8.22 8.22 7.71 6.26 4.95 3.19 1.15 0.21 0.00 0.00 0.00
0.00 0.00 0.00 0.00 0.00 0.00 0.00 0.00 18.75 40.53 65.78 87.13 101.63 109.57 109.23 102.96 74.41 57.83 38.51 16.01 2.76 0.00 0.00 0.00
0.00 0.00 0.00 0.00 0.00 0.00 0.00 0.00 11.76 23.09 36.44 48.65 56.65 61.99 61.96 57.64 47.30 37.18 24.34 8.74 1.54 0.00 0.00 0.00
0.00 0.00 0.00 0.00 0.00 0.00 0.00 0.00 10.06 19.80 31.39 41.90 48.22 52.12 51.92 48.80 43.36 34.23 22.39 8.98 1.80 0.00 0.00 0.00
0.00 0.00 0.00 0.00 0.00 0.00 0.00 0.00 34.86 81.70 138.14 186.17 224.51 242.71 252.11 251.48 157.29 128.95 89.42 58.76 20.47 0.00 0.00 0.00
0.00 0.00 0.00 0.00 0.00 0.00 0.00 0.00 33.16 77.71 131.40 177.09 213.55 230.87 239.81 239.21 149.62 122.66 85.05 55.90 19.48 0.00 0.00 0.00
0.00 0.00 0.00 0.00 0.00 0.00 0.00 0.00 63.77 149.44 252.69 340.56 410.68 443.98 461.17 460.02 287.73 235.89 163.57 107.49 37.45 0.00 0.00 0.00
0.00 0.00 0.00 0.00 0.00 0.00 0.00 0.00 62.70 146.95 248.48 334.88 403.84 436.58 453.48 452.35 282.93 231.95 160.84 105.70 36.83 0.00 0.00 0.00
0.00 0.00 0.00 0.00 0.00 0.00 0.00 0.00 79.16 173.73 281.64 382.06 461.17 506.39 521.45 501.13 448.55 357.29 248.92 112.75 39.49 0.00 0.00 0.00
0.00 0.00 0.00 0.00 0.00 0.00 0.00 0.00 1.02 1.99 2.95 3.85 4.48 4.61 4.49 4.28 3.79 2.95 1.97 0.86 0.10 0.00 0.00 0.00
0.00 0.00 0.00 0.00 0.00 0.00 0.00 0.00 5.15 10.06 14.96 19.50 22.70 23.34 22.75 21.69 19.18 14.96 10.00 4.35 0.53 0.00 0.00 0.00
0.00 0.00 0.00 0.00 0.00 0.00 0.00 0.00 26.32 51.36 76.37 99.54 115.89 119.17 116.14 110.71 97.93 76.40 51.05 22.18 2.70 0.00 0.00 0.00
0.00 0.00 0.00 0.00 0.00 0.00 0.00 0.00 2.38 5.58 9.43 12.71 15.33 16.58 17.22 17.17 10.74 8.81 6.11 4.01 1.40 0.00 0.00 0.00
0.00 0.00 0.00 0.00 0.00 0.00 0.00 0.00 60.68 133.68 218.80 292.29 344.24 377.98 380.51 368.02 326.35 268.36 188.23 89.18 29.74 0.00 0.00 0.00
0.00 0.00 0.00 0.00 0.00 0.00 0.00 0.00 5.12 11.05 18.18 24.83 29.62 32.58 32.32 30.47 27.63 21.99 14.81 6.55 1.68 0.00 0.00 0.00
0.00 0.00 0.00 0.00 0.00 0.00 0.00 0.00 33.92 68.51 111.48 150.58 178.10 192.90 194.37 184.25 165.08 132.82 92.01 42.20 12.60 0.00 0.00 0.00
0.00 0.00 0.00 0.00 0.00 0.00 0.00 0.00 1.01 2.23 3.65 4.87 5.74 6.30 6.34 6.13 5.44 4.47 3.14 1.49 0.50 0.00 0.00 0.00
0.00 0.00 0.00 0.00 0.00 0.00 0.00 0.00 45.51 100.26 164.10 219.22 258.18 283.49 285.38 276.01 244.76 201.27 141.17 66.88 22.30 0.00 0.00 0.00
0.00 0.00 0.00 0.00 0.00 0.00 0.00 0.00 58.40 128.67 210.60 281.33 331.33 363.81 366.24 354.22 314.11 258.30 181.17 85.83 28.62 0.00 0.00 0.00
0.00 0.00 0.00 0.00 0.00 0.00 0.00 0.00 104.39 229.10 371.42 503.84 608.17 667.81 687.66 660.86 591.53 471.18 328.27 148.69 52.07 0.00 0.00 0.00
0.00 0.00 0.00 0.00 0.00 0.00 0.00 0.00 2.62 5.32 8.88 11.91 13.84 15.14 15.11 14.11 10.67 8.12 5.49 2.10 0.39 0.00 0.00 0.00
0.00 0.00 0.00 0.00 0.00 0.00 0.00 0.00 3.34 6.75 11.20 15.00 17.45 19.07 19.06 17.82 13.83 10.58 7.05 2.66 0.50 0.00 0.00 0.00
0.00 0.00 0.00 0.00 0.00 0.00 0.00 0.00 21.13 45.60 74.98 102.43 122.16 134.40 133.33 125.68 113.96 90.71 61.08 27.03 6.93 0.00 0.00 0.00
0.00 0.00 0.00 0.00 0.00 0.00 0.00 0.00 76.03 168.94 255.50 351.43 427.92 413.55 421.03 396.86 339.44 275.10 193.89 113.71 46.31 0.00 0.00 0.00
0.00 0.00 0.00 0.00 0.00 0.00 0.00 0.01 0.94 1.83 2.89 3.83 4.41 4.75 4.77 4.47 3.56 2.72 1.83 0.69 0.11 0.00 0.00 0.00
0.00 0.00 0.00 0.00 0.00 0.00 0.00 0.00 15.99 33.99 54.61 73.58 88.41 96.43 97.70 93.64 83.46 66.42 46.58 22.65 7.24 0.00 0.00 0.00
0.00 0.00 0.00 0.00 0.00 0.00 0.00 0.00 3.48 8.86 16.14 22.43 27.01 25.26 25.90 25.26 20.29 16.01 11.51 5.28 1.96 0.00 0.00 0.00
0.00 0.00 0.00 0.00 0.00 0.00 0.00 0.31 2.36 4.30 6.57 8.52 9.80 10.42 10.38 9.76 8.52 6.63 4.30 1.67 0.27 0.00 0.00 0.00
0.00 0.00 0.00 0.00 0.00 0.00 0.00 0.15 1.18 2.15 3.29 4.26 4.90 5.21 5.19 4.88 4.26 3.32 2.15 0.84 0.14 0.00 0.00 0.00
0.00 0.00 0.00 0.00 0.00 0.00 0.00 0.34 2.58 4.70 7.19 9.32 10.72 11.40 11.35 10.68 9.32 7.26 4.70 1.83 0.30 0.00 0.00 0.00
0.00 0.00 0.00 0.00 0.00 0.00 0.00 0.37 3.09 5.65 8.74 11.28 13.13 14.06 13.81 13.03 11.51 8.86 5.74 2.20 0.35 0.00 0.00 0.00
0.00 0.00 0.00 0.00 0.00 0.00 0.00 0.56 4.71 8.61 13.32 17.18 20.01 21.43 21.04 19.86 17.54 13.49 8.74 3.36 0.54 0.00 0.00 0.00
0.00 0.00 0.00 0.00 0.00 0.00 0.00 0.42 4.06 7.49 11.76 15.08 17.53 18.74 18.40 17.36 15.42 11.99 7.96 3.18 0.57 0.00 0.00 0.00
0.00 0.00 0.00 0.00 0.00 0.00 0.00 0.05 2.95 5.74 8.96 12.11 14.28 14.83 14.99 14.33 13.13 10.36 7.00 3.13 0.86 0.00 0.00 0.00
0.00 0.00 0.00 0.00 0.00 0.00 0.00 0.12 7.63 14.82 23.15 31.29 36.88 38.30 38.72 37.01 33.93 26.76 18.07 8.08 2.22 0.00 0.00 0.00
0.00 0.00 0.00 0.00 0.00 0.00 0.00 0.00 1.95 3.86 6.04 8.16 9.67 10.36 10.30 9.65 8.60 6.78 4.69 2.11 0.58 0.00 0.00 0.00
0.00 0.00 0.00 0.00 0.00 0.00 0.00 0.23 4.41 8.34 12.83 16.80 19.28 21.03 20.98 19.31 16.08 12.37 8.02 2.89 0.40 0.00 0.00 0.00
0.00 0.00 0.00 0.00 0.00 0.00 0.00 0.54 7.34 13.75 21.59 28.39 32.79 34.82 35.15 32.94 28.87 22.29 14.47 5.40 0.87 0.00 0.00 0.00
0.00 0.00 0.00 0.00 0.00 0.00 0.00 0.16 1.08 1.95 2.89 3.65 4.10 3.43 3.31 3.09 2.49 1.93 1.24 0.54 0.01 0.00 0.00 0.00
0.00 0.00 0.00 0.00 0.00 0.00 0.00 0.49 5.80 10.80 16.66 21.04 23.59 21.46 20.77 19.53 17.95 13.85 9.04 2.84 0.19 0.00 0.00 0.00
0.00 0.00 0.00 0.00 0.00 0.00 0.00 0.45 3.92 7.18 11.29 14.19 15.82 14.20 13.56 12.94 10.85 8.35 5.48 1.61 0.07 0.00 0.00 0.00
0.00 0.00 0.00 0.00 0.00 0.00 0.00 0.62 5.41 9.91 15.58 19.58 21.83 19.59 18.72 17.85 14.97 11.52 7.56 2.22 0.10 0.00 0.00 0.00
0.00 0.00 0.00 0.00 0.00 0.00 0.00 0.42 3.68 6.75 10.61 13.34 14.87 13.35 12.75 12.16 10.20 7.85 5.15 1.51 0.07 0.00 0.00 0.00
0.00 0.00 0.00 0.00 0.00 0.00 0.00 0.26 3.09 5.76 8.88 11.22 12.58 11.45 11.08 10.42 9.57 7.39 4.82 1.52 0.10 0.00 0.00 0.00
0.00 0.00 0.00 0.00 0.00 0.00 0.00 0.41 3.03 5.49 8.10 10.17 11.49 10.48 10.37 9.70 8.55 6.63 4.23 1.40 0.02 0.00 0.00 0.00
0.00 0.00 0.00 0.00 0.00 0.00 0.00 0.00 2.92 5.69 8.46 11.03 12.84 13.21 12.87 12.27 10.85 8.47 5.66 2.46 0.30 0.00 0.00 0.00
0.00 0.00 0.00 0.00 0.00 0.00 0.00 0.00 24.40 52.75 85.62 113.40 132.27 142.61 142.18 134.02 96.84 75.27 50.12 20.84 3.59 0.00 0.00 0.00
0.00 0.00 0.00 0.00 0.00 0.00 0.00 0.00 4.31 8.60 13.85 18.47 21.47 23.22 23.22 21.95 18.38 14.45 9.32 3.33 0.61 0.00 0.00 0.00
0.00 0.00 0.00 0.00 0.00 0.00 0.00 0.04 6.42 12.46 19.56 25.96 30.38 29.98 29.98 27.86 22.44 17.21 11.32 4.95 0.76 0.00 0.00 0.00
0.00 0.00 0.00 0.00 0.00 0.00 0.00 0.02 2.94 5.71 8.96 11.90 13.93 13.74 13.74 12.77 10.29 7.89 5.19 2.27 0.35 0.00 0.00 0.00
0.00 0.00 0.00 0.00 0.00 0.00 0.00 0.00 5.37 10.68 17.14 22.79 26.55 28.68 28.65 27.08 22.92 17.99 11.64 4.16 0.77 0.00 0.00 0.00
0.00 0.00 0.00 0.00 0.00 0.00 0.00 0.03 2.29 4.44 7.01 9.29 10.70 11.53 11.58 10.86 8.65 6.61 4.44 1.69 0.28 0.00 0.00 0.00
0.00 0.00 0.00 0.00 0.00 0.00 0.00 0.00 21.88 47.21 77.63 106.05 126.48 139.16 138.04 130.13 117.99 93.91 63.23 27.99 7.18 0.00 0.00 0.00
0.00 0.00 0.00 0.00 0.00 0.00 0.00 0.00 8.11 16.38 26.66 36.01 42.59 46.13 46.48 44.06 39.48 31.76 22.00 10.09 3.01 0.00 0.00 0.00
0.00 0.00 0.00 0.00 0.00 0.00 0.00 0.00 1.85 3.76 5.95 7.98 9.64 10.46 10.35 9.77 8.81 7.06 4.91 2.24 0.66 0.00 0.00 0.00
0.00 0.00 0.00 0.00 0.00 0.00 0.00 0.00 2.35 4.81 7.73 10.23 11.86 12.79 12.93 12.41 11.02 8.86 6.11 2.79 0.79 0.00 0.00 0.00
0.00 0.00 0.00 0.00 0.00 0.00 0.00 0.00 3.76 7.69 12.37 16.37 18.98 20.47 20.69 19.86 17.64 14.18 9.78 4.46 1.26 0.00 0.00 0.00
0.00 0.00 0.00 0.00 0.00 0.00 0.00 0.00 64.83 151.94 256.91 346.23 417.53 451.38 468.86 467.68 292.52 239.82 166.29 109.29 38.08 0.00 0.00 0.00
