0.00 0.00 0.00 0.00 0.00 0.00 0.00 0.00 0.00 0.58 1.56 2.31 2.97 3.36 3.44 3.12 2.44 1.65 0.74 0.00 0.00 0.00 0.00 0.00
0.00 0.00 0.00 0.00 0.00 0.00 0.00 0.00 1.54 15.75 32.27 45.93 55.84 59.90 58.06 51.98 40.59 26.87 10.40 0.00 0.00 0.00 0.00 0.00
0.00 0.00 0.00 0.00 0.00 0.00 0.00 0.00 0.00 13.24 35.62 52.78 68.01 76.87 78.57 71.41 55.73 37.82 16.89 0.00 0.00 0.00 0.00 0.00
0.00 0.00 0.00 0.00 0.00 0.00 0.00 0.00 0.00 47.06 126.58 187.58 241.70 273.21 279.25 253.77 198.06 134.40 60.02 0.00 0.00 0.00 0.00 0.00
0.00 0.00 0.00 0.00 0.00 0.00 0.00 0.00 0.55 3.09 5.96 8.31 9.61 9.88 9.56 8.49 6.37 3.99 1.14 0.00 0.00 0.00 0.00 0.00
0.00 0.00 0.00 0.00 0.00 0.00 0.00 0.00 0.00 105.58 289.60 431.85 568.85 651.24 668.51 614.23 471.55 309.93 147.42 0.00 0.00 0.00 0.00 0.00
0.00 0.00 0.00 0.00 0.00 0.00 0.00 0.00 0.00 1.36 3.00 4.53 5.47 5.81 5.75 5.07 3.76 2.39 0.72 0.00 0.00 0.00 0.00 0.00
0.00 0.00 0.00 0.00 0.00 0.00 0.00 0.00 0.07 0.91 1.88 2.71 3.24 3.49 3.47 3.08 2.33 1.54 0.57 0.00 0.00 0.00 0.00 0.00
0.00 0.00 0.00 0.00 0.00 0.00 0.00 0.00 0.11 1.46 3.01 4.34 5.18 5.59 5.55 4.92 3.73 2.46 0.92 0.00 0.00 0.00 0.00 0.00
0.00 0.00 0.00 0.00 0.00 0.00 0.00 0.00 0.11 1.46 3.01 4.34 5.18 5.59 5.55 4.92 3.73 2.46 0.92 0.00 0.00 0.00 0.00 0.00
0.00 0.00 0.00 0.00 0.00 0.00 0.00 0.00 0.00 2.87 6.24 9.16 11.60 13.17 13.29 12.07 9.33 6.20 2.40 0.00 0.00 0.00 0.00 0.00
0.00 0.00 0.00 0.00 0.00 0.00 0.00 0.00 0.00 1.38 2.98 4.41 5.63 6.24 6.26 5.69 4.37 2.90 1.12 0.00 0.00 0.00 0.00 0.00
0.00 0.00 0.00 0.00 0.00 0.00 0.00 0.00 0.00 1.77 3.83 5.67 7.23 8.02 8.05 7.32 5.62 3.72 1.44 0.00 0.00 0.00 0.00 0.00
0.00 0.00 0.00 0.00 0.00 0.00 0.00 0.00 0.00 1.18 2.56 3.78 4.82 5.35 5.37 4.88 3.74 2.48 0.96 0.00 0.00 0.00 0.00 0.00
0.00 0.00 0.00 0.00 0.00 0.00 0.00 0.00 0.00 1.18 2.56 3.78 4.82 5.35 5.37 4.88 3.74 2.48 0.96 0.00 0.00 0.00 0.00 0.00
0.00 0.00 0.00 0.00 0.00 0.00 0.00 0.00 0.34 15.97 34.49 52.47 66.47 75.31 77.77 70.52 55.28 35.56 15.84 0.00 0.00 0.00 0.00 0.00
0.00 0.00 0.00 0.00 0.00 0.00 0.00 0.00 0.00 8.89 19.21 27.61 35.35 39.88 40.81 36.86 27.69 18.29 6.87 0.00 0.00 0.00 0.00 0.00
0.00 0.00 0.00 0.00 0.00 0.00 0.00 0.00 0.00 7.37 16.31 23.49 30.19 33.22 32.67 29.45 22.74 15.08 5.69 0.00 0.00 0.00 0.00 0.00
0.00 0.00 0.00 0.00 0.00 0.00 0.00 0.00 0.00 31.14 85.42 127.38 167.79 192.09 197.19 181.18 139.09 91.42 43.48 0.00 0.00 0.00 0.00 0.00
0.00 0.00 0.00 0.00 0.00 0.00 0.00 0.00 0.00 29.62 81.25 121.17 159.61 182.72 187.57 172.34 132.30 86.96 41.36 0.00 0.00 0.00 0.00 0.00
0.00 0.00 0.00 0.00 0.00 0.00 0.00 0.00 0.00 56.97 156.26 233.01 306.93 351.39 360.70 331.42 254.43 167.23 79.54 0.00 0.00 0.00 0.00 0.00
0.00 0.00 0.00 0.00 0.00 0.00 0.00 0.00 0.00 56.02 153.65 229.13 301.82 345.53 354.69 325.90 250.19 164.44 78.22 0.00 0.00 0.00 0.00 0.00
0.00 0.00 0.00 0.00 0.00 0.00 0.00 0.00 0.00 57.98 161.95 238.12 312.45 358.40 365.40 332.66 262.62 178.11 79.01 0.00 0.00 0.00 0.00 0.00
0.00 0.00 0.00 0.00 0.00 0.00 0.00 0.00 0.07 0.91 1.88 2.71 3.24 3.49 3.47 3.08 2.33 1.54 0.57 0.00 0.00 0.00 0.00 0.00
0.00 0.00 0.00 0.00 0.00 0.00 0.00 0.00 0.35 4.62 9.53 13.73 16.40 17.70 17.58 15.59 11.82 7.79 2.91 0.00 0.00 0.00 0.00 0.00
0.00 0.00 0.00 0.00 0.00 0.00 0.00 0.00 1.79 23.61 48.64 70.09 83.72 90.39 89.73 79.58 60.33 39.78 14.84 0.00 0.00 0.00 0.00 0.00
0.00 0.00 0.00 0.00 0.00 0.00 0.00 0.00 0.00 2.13 5.83 8.70 11.46 13.12 13.47 12.37 9.50 6.24 2.97 0.00 0.00 0.00 0.00 0.00
0.00 0.00 0.00 0.00 0.00 0.00 0.00 0.00 0.00 46.33 124.61 184.65 237.93 268.95 274.89 249.82 194.97 132.30 59.08 0.00 0.00 0.00 0.00 0.00
0.00 0.00 0.00 0.00 0.00 0.00 0.00 0.00 0.00 4.01 9.44 13.88 17.94 20.80 21.03 19.55 15.38 10.63 4.68 0.00 0.00 0.00 0.00 0.00
0.00 0.00 0.00 0.00 0.00 0.00 0.00 0.00 0.00 24.49 62.41 91.55 116.13 131.28 130.24 115.47 87.91 58.98 22.97 0.00 0.00 0.00 0.00 0.00
0.00 0.00 0.00 0.00 0.00 0.00 0.00 0.00 0.00 0.77 2.08 3.08 3.97 4.48 4.58 4.16 3.25 2.21 0.98 0.00 0.00 0.00 0.00 0.00
0.00 0.00 0.00 0.00 0.00 0.00 0.00 0.00 0.00 34.75 93.46 138.49 178.45 201.71 206.17 187.36 146.23 99.23 44.31 0.00 0.00 0.00 0.00 0.00
0.00 0.00 0.00 0.00 0.00 0.00 0.00 0.00 0.00 44.59 119.94 177.73 229.01 258.86 264.59 240.45 187.66 127.34 56.87 0.00 0.00 0.00 0.00 0.00
0.00 0.00 0.00 0.00 0.00 0.00 0.00 0.00 0.00 76.46 213.57 314.01 412.04 472.64 481.87 438.69 346.33 234.89 104.20 0.00 0.00 0.00 0.00 0.00
0.00 0.00 0.00 0.00 0.00 0.00 0.00 0.00 0.00 2.17 4.73 7.10 9.01 9.94 10.07 9.09 7.00 4.65 1.87 0.00 0.00 0.00 0.00 0.00
0.00 0.00 0.00 0.00 0.00 0.00 0.00 0.00 0.00 2.69 5.85 8.80 11.24 12.39 12.50 11.33 8.73 5.80 2.32 0.00 0.00 0.00 0.00 0.00
0.00 0.00 0.00 0.00 0.00 0.00 0.00 0.00 0.00 16.56 38.96 57.27 74.01 85.78 86.76 80.65 63.43 43.87 19.31 0.00 0.00 0.00 0.00 0.00
0.00 0.00 0.00 0.00 0.00 0.00 0.00 0.00 0.00 43.42 149.49 226.26 303.44 346.74 359.23 325.86 250.28 172.43 76.47 0.00 0.00 0.00 0.00 0.00
0.00 0.00 0.00 0.00 0.00 0.00 0.00 0.00 0.01 0.72 1.54 2.22 2.75 3.06 3.11 2.81 2.15 1.41 0.51 0.00 0.00 0.00 0.00 0.00
0.00 0.00 0.00 0.00 0.00 0.00 0.00 0.00 0.00 11.40 30.20 44.65 57.77 66.23 67.67 60.68 47.35 31.99 13.59 0.00 0.00 0.00 0.00 0.00
0.00 0.00 0.00 0.00 0.00 0.00 0.00 0.00 0.00 3.88 10.98 16.52 21.41 24.36 25.34 23.15 17.97 11.90 6.02 0.00 0.00 0.00 0.00 0.00
0.00 0.00 0.00 0.00 0.00 0.00 0.00 0.00 0.00 1.66 3.62 5.21 6.34 6.79 6.66 5.96 4.39 2.76 0.79 0.00 0.00 0.00 0.00 0.00
0.00 0.00 0.00 0.00 0.00 0.00 0.00 0.00 0.00 0.83 1.81 2.60 3.17 3.40 3.33 2.98 2.19 1.38 0.39 0.00 0.00 0.00 0.00 0.00
0.00 0.00 0.00 0.00 0.00 0.00 0.00 0.00 0.00 1.82 3.96 5.70 6.93 7.43 7.28 6.51 4.80 3.02 0.86 0.00 0.00 0.00 0.00 0.00
0.00 0.00 0.00 0.00 0.00 0.00 0.00 0.00 0.01 2.17 4.68 6.71 8.22 8.70 8.67 7.75 5.72 3.61 1.06 0.00 0.00 0.00 0.00 0.00
0.00 0.00 0.00 0.00 0.00 0.00 0.00 0.00 0.02 3.30 7.13 10.23 12.52 13.26 13.20 11.81 8.72 5.51 1.62 0.00 0.00 0.00 0.00 0.00
0.00 0.00 0.00 0.00 0.00 0.00 0.00 0.00 0.00 2.76 6.10 9.03 11.09 11.83 11.71 10.22 7.58 4.82 1.48 0.00 0.00 0.00 0.00 0.00
0.00 0.00 0.00 0.00 0.00 0.00 0.00 0.00 0.00 2.09 5.16 7.50 9.43 10.32 10.26 9.01 6.70 4.40 1.56 0.00 0.00 0.00 0.00 0.00
0.00 0.00 0.00 0.00 0.00 0.00 0.00 0.00 0.00 5.39 13.33 19.38 24.35 26.67 26.50 23.27 17.31 11.37 4.02 0.00 0.00 0.00 0.00 0.00
0.00 0.00 0.00 0.00 0.00 0.00 0.00 0.00 0.00 1.38 3.41 4.96 6.27 6.97 6.95 6.12 4.66 3.10 1.16 0.00 0.00 0.00 0.00 0.00
0.00 0.00 0.00 0.00 0.00 0.00 0.00 0.00 0.15 3.27 6.85 9.89 12.42 13.25 13.28 11.89 9.10 5.90 2.02 0.00 0.00 0.00 0.00 0.00
0.00 0.00 0.00 0.00 0.00 0.00 0.00 0.00 0.06 5.26 11.28 16.22 19.72 21.20 21.65 19.85 14.83 9.53 3.12 0.00 0.00 0.00 0.00 0.00
0.00 0.00 0.00 0.00 0.00 0.00 0.00 0.00 0.14 0.89 1.71 2.35 2.78 2.95 2.93 2.56 1.96 1.23 0.35 0.00 0.00 0.00 0.00 0.00
0.00 0.00 0.00 0.00 0.00 0.00 0.00 0.00 0.66 5.11 10.14 14.29 16.66 17.25 16.89 14.82 11.14 7.15 2.33 0.00 0.00 0.00 0.00 0.00
0.00 0.00 0.00 0.00 0.00 0.00 0.00 0.00 0.51 3.44 6.74 9.58 11.07 11.81 11.37 9.96 7.40 4.70 1.44 0.00 0.00 0.00 0.00 0.00
0.00 0.00 0.00 0.00 0.00 0.00 0.00 0.00 0.71 4.75 9.30 13.22 15.27 16.30 15.69 13.75 10.22 6.48 1.98 0.00 0.00 0.00 0.00 0.00
0.00 0.00 0.00 0.00 0.00 0.00 0.00 0.00 0.48 3.23 6.34 9.00 10.40 11.10 10.68 9.36 6.96 4.42 1.35 0.00 0.00 0.00 0.00 0.00
0.00 0.00 0.00 0.00 0.00 0.00 0.00 0.00 0.35 2.72 5.41 7.62 8.88 9.20 9.01 7.90 5.94 3.81 1.24 0.00 0.00 0.00 0.00 0.00
0.00 0.00 0.00 0.00 0.00 0.00 0.00 0.00 0.47 2.74 5.29 7.28 8.52 8.80 8.64 7.70 5.67 3.57 1.05 0.00 0.00 0.00 0.00 0.00
0.00 0.00 0.00 0.00 0.00 0.00 0.00 0.00 0.20 2.62 5.39 7.77 9.28 10.02 9.94 8.82 6.69 4.41 1.64 0.00 0.00 0.00 0.00 0.00
0.00 0.00 0.00 0.00 0.00 0.00 0.00 0.00 0.44 20.79 44.89 68.30 86.52 98.02 101.22 91.79 71.95 46.29 20.62 0.00 0.00 0.00 0.00 0.00
0.00 0.00 0.00 0.00 0.00 0.00 0.00 0.00 0.00 3.25 7.07 10.38 13.15 14.92 15.06 13.68 10.57 7.02 2.72 0.00 0.00 0.00 0.00 0.00
0.00 0.00 0.00 0.00 0.00 0.00 0.00 0.00 0.17 5.43 11.44 16.42 20.25 21.70 21.63 19.89 15.40 10.13 3.72 0.00 0.00 0.00 0.00 0.00
0.00 0.00 0.00 0.00 0.00 0.00 0.00 0.00 0.08 2.49 5.24 7.53 9.28 9.95 9.91 9.12 7.06 4.65 1.70 0.00 0.00 0.00 0.00 0.00
0.00 0.00 0.00 0.00 0.00 0.00 0.00 0.00 0.00 4.02 8.75 12.73 16.10 18.42 18.68 16.91 13.05 8.67 3.35 0.00 0.00 0.00 0.00 0.00
0.00 0.00 0.00 0.00 0.00 0.00 0.00 0.00 0.02 1.74 3.74 5.39 6.69 7.43 7.56 6.82 5.22 3.43 1.25 0.00 0.00 0.00 0.00 0.00
0.00 0.00 0.00 0.00 0.00 0.00 0.00 0.00 0.00 17.14 40.33 59.29 76.63 88.81 89.83 83.50 65.67 45.42 19.99 0.00 0.00 0.00 0.00 0.00
0.00 0.00 0.00 0.00 0.00 0.00 0.00 0.00 0.00 5.86 14.92 21.89 27.77 31.39 31.14 27.61 21.02 14.10 5.49 0.00 0.00 0.00 0.00 0.00
0.00 0.00 0.00 0.00 0.00 0.00 0.00 0.00 0.00 1.32 3.32 4.84 6.22 6.99 7.06 6.25 4.76 3.21 1.27 0.00 0.00 0.00 0.00 0.00
0.00 0.00 0.00 0.00 0.00 0.00 0.00 0.00 0.00 1.66 4.09 6.05 7.66 8.64 8.67 7.83 6.08 4.10 1.65 0.00 0.00 0.00 0.00 0.00
0.00 0.00 0.00 0.00 0.00 0.00 0.00 0.00 0.00 2.66 6.54 9.67 12.26 13.82 13.88 12.53 9.72 6.56 2.64 0.00 0.00 0.00 0.00 0.00
0.00 0.00 0.00 0.00 0.00 0.00 0.00 0.00 0.00 57.92 158.86 236.89 312.05 357.24 366.72 336.95 258.67 170.02 80.87 0.00 0.00 0.00 0.00 0.00
