0.00 0.00 0.00 0.00 0.00 0.00 0.00 0.00 0.07 1.09 2.24 3.39 4.36 4.92 5.09 4.86 4.28 3.30 2.05 0.67 0.00 0.00 0.00 0.00
0.00 0.00 0.00 0.00 0.00 0.00 0.00 0.00 5.46 21.06 37.94 54.40 67.50 75.59 76.93 74.30 61.52 45.72 28.11 6.06 0.00 0.00 0.00 0.00
0.00 0.00 0.00 0.00 0.00 0.00 0.00 0.00 1.57 25.00 51.19 77.56 99.78 112.50 116.35 111.21 97.83 75.47 46.79 15.26 0.00 0.00 0.00 0.00
0.00 0.00 0.00 0.00 0.00 0.00 0.00 0.00 5.56 88.84 181.93 275.64 354.63 399.81 413.49 395.24 347.67 268.22 166.27 54.22 0.00 0.00 0.00 0.00
0.00 0.00 0.00 0.00 0.00 0.00 0.00 0.00 1.07 3.14 5.15 7.61 9.30 9.86 9.86 9.02 6.82 4.94 3.04 0.58 0.00 0.00 0.00 0.00
0.00 0.00 0.00 0.00 0.00 0.00 0.00 0.00 1.65 193.27 409.09 629.08 802.64 919.69 976.39 943.72 809.57 628.63 403.69 138.07 0.00 0.00 0.00 0.00
0.00 0.00 0.00 0.00 0.00 0.00 0.00 0.00 0.54 2.02 3.31 4.81 5.85 5.93 5.90 5.55 5.07 3.80 2.37 0.67 0.00 0.00 0.00 0.00
0.00 0.00 0.00 0.00 0.00 0.00 0.00 0.00 0.31 1.17 2.09 3.02 3.89 4.40 4.46 4.37 3.72 2.77 1.71 0.38 0.00 0.00 0.00 0.00
0.00 0.00 0.00 0.00 0.00 0.00 0.00 0.00 0.49 1.88 3.35 4.84 6.22 7.04 7.13 6.99 5.95 4.42 2.73 0.61 0.00 0.00 0.00 0.00
0.00 0.00 0.00 0.00 0.00 0.00 0.00 0.00 0.49 1.88 3.35 4.84 6.22 7.04 7.13 6.99 5.95 4.42 2.73 0.61 0.00 0.00 0.00 0.00
0.00 0.00 0.00 0.00 0.00 0.00 0.00 0.00 1.01 4.54 8.35 12.34 16.01 17.57 18.15 17.47 15.28 11.71 7.33 1.84 0.00 0.00 0.00 0.00
0.00 0.00 0.00 0.00 0.00 0.00 0.00 0.00 0.49 2.17 3.97 5.91 7.68 8.50 8.56 8.28 7.29 5.58 3.40 0.85 0.00 0.00 0.00 0.00
0.00 0.00 0.00 0.00 0.00 0.00 0.00 0.00 0.63 2.79 5.11 7.59 9.88 10.93 11.01 10.64 9.38 7.18 4.38 1.09 0.00 0.00 0.00 0.00
0.00 0.00 0.00 0.00 0.00 0.00 0.00 0.00 0.42 1.86 3.41 5.06 6.58 7.29 7.34 7.09 6.25 4.79 2.92 0.73 0.00 0.00 0.00 0.00
0.00 0.00 0.00 0.00 0.00 0.00 0.00 0.00 0.42 1.86 3.41 5.06 6.58 7.29 7.34 7.09 6.25 4.79 2.92 0.73 0.00 0.00 0.00 0.00
0.00 0.00 0.00 0.00 0.00 0.00 0.00 0.00 4.28 22.79 42.89 66.59 88.10 89.10 92.12 88.64 75.69 57.18 33.73 10.32 0.00 0.00 0.00 0.00
0.00 0.00 0.00 0.00 0.00 0.00 0.00 0.00 3.24 13.81 25.25 37.20 47.87 54.01 55.12 51.93 45.95 35.43 21.58 5.26 0.00 0.00 0.00 0.00
0.00 0.00 0.00 0.00 0.00 0.00 0.00 0.00 2.69 12.19 22.34 32.37 41.09 46.03 46.56 44.61 37.99 29.04 18.30 4.63 0.00 0.00 0.00 0.00
0.00 0.00 0.00 0.00 0.00 0.00 0.00 0.00 0.49 57.01 120.67 185.56 236.75 271.27 288.00 278.36 238.80 185.42 119.07 40.73 0.00 0.00 0.00 0.00
0.00 0.00 0.00 0.00 0.00 0.00 0.00 0.00 0.46 54.23 114.78 176.51 225.20 258.04 273.95 264.78 227.15 176.38 113.27 38.74 0.00 0.00 0.00 0.00
0.00 0.00 0.00 0.00 0.00 0.00 0.00 0.00 0.89 104.28 220.73 339.43 433.08 496.23 526.83 509.20 436.82 339.19 217.82 74.50 0.00 0.00 0.00 0.00
0.00 0.00 0.00 0.00 0.00 0.00 0.00 0.00 0.88 102.55 217.05 333.78 425.86 487.96 518.05 500.71 429.54 333.54 214.19 73.26 0.00 0.00 0.00 0.00
0.00 0.00 0.00 0.00 0.00 0.00 0.00 0.00 5.21 112.67 233.52 358.57 465.41 522.98 529.65 499.89 436.63 332.71 210.59 69.58 0.00 0.00 0.00 0.00
0.00 0.00 0.00 0.00 0.00 0.00 0.00 0.00 0.31 1.17 2.09 3.02 3.89 4.40 4.46 4.37 3.72 2.77 1.71 0.38 0.00 0.00 0.00 0.00
0.00 0.00 0.00 0.00 0.00 0.00 0.00 0.00 1.56 5.95 10.61 15.32 19.71 22.31 22.58 22.13 18.83 14.01 8.65 1.94 0.00 0.00 0.00 0.00
0.00 0.00 0.00 0.00 0.00 0.00 0.00 0.00 7.99 30.37 54.18 78.23 100.63 113.89 115.29 113.00 96.12 71.53 44.15 9.88 0.00 0.00 0.00 0.00
0.00 0.00 0.00 0.00 0.00 0.00 0.00 0.00 0.03 3.89 8.24 12.67 16.17 18.53 19.67 19.01 16.31 12.66 8.13 2.78 0.00 0.00 0.00 0.00
0.00 0.00 0.00 0.00 0.00 0.00 0.00 0.00 5.48 87.46 179.09 271.34 349.10 393.58 407.05 389.08 342.25 264.04 163.68 53.38 0.00 0.00 0.00 0.00
0.00 0.00 0.00 0.00 0.00 0.00 0.00 0.00 0.84 6.12 11.91 17.86 24.04 28.04 29.19 28.45 25.08 19.63 12.90 3.84 0.00 0.00 0.00 0.00
0.00 0.00 0.00 0.00 0.00 0.00 0.00 0.00 6.70 46.27 89.48 133.91 171.24 192.44 199.76 191.03 164.98 124.93 77.65 22.01 0.00 0.00 0.00 0.00
0.00 0.00 0.00 0.00 0.00 0.00 0.00 0.00 0.09 1.46 2.98 4.52 5.82 6.56 6.78 6.48 5.70 4.40 2.73 0.89 0.00 0.00 0.00 0.00
0.00 0.00 0.00 0.00 0.00 0.00 0.00 0.00 4.11 65.59 134.32 203.51 261.83 295.19 305.28 291.81 256.69 198.03 122.76 40.03 0.00 0.00 0.00 0.00
0.00 0.00 0.00 0.00 0.00 0.00 0.00 0.00 5.27 84.18 172.38 261.17 336.01 378.82 391.78 374.49 329.42 254.14 157.54 51.38 0.00 0.00 0.00 0.00
0.00 0.00 0.00 0.00 0.00 0.00 0.00 0.00 6.88 148.59 307.96 472.87 613.76 689.68 698.47 659.23 575.80 438.76 277.72 91.76 0.00 0.00 0.00 0.00
0.00 0.00 0.00 0.00 0.00 0.00 0.00 0.00 0.70 3.29 6.09 9.09 11.80 13.02 13.34 12.92 11.41 8.66 5.35 1.40 0.00 0.00 0.00 0.00
0.00 0.00 0.00 0.00 0.00 0.00 0.00 0.00 0.90 4.22 7.76 11.32 14.78 16.34 16.65 16.08 14.21 10.81 6.67 1.70 0.00 0.00 0.00 0.00
0.00 0.00 0.00 0.00 0.00 0.00 0.00 0.00 3.47 25.25 49.14 73.68 99.17 115.67 120.43 117.34 103.44 80.97 53.21 15.84 0.00 0.00 0.00 0.00
0.00 0.00 0.00 0.00 0.00 0.00 0.00 0.00 0.00 97.23 217.49 334.94 439.68 511.13 524.39 501.21 437.39 350.16 225.45 79.91 0.00 0.00 0.00 0.00
0.00 0.00 0.00 0.00 0.00 0.00 0.00 0.00 0.27 1.10 1.99 2.98 3.81 4.16 4.29 4.09 3.49 2.66 1.65 0.39 0.00 0.00 0.00 0.00
0.00 0.00 0.00 0.00 0.00 0.00 0.00 0.00 2.13 22.19 44.64 68.14 87.38 98.06 100.38 95.71 81.89 62.17 39.10 12.09 0.00 0.00 0.00 0.00
0.00 0.00 0.00 0.00 0.00 0.00 0.00 0.00 0.00 6.37 14.70 22.34 29.39 33.78 34.23 33.38 29.72 23.02 15.12 5.61 0.00 0.00 0.00 0.00
0.00 0.00 0.00 0.00 0.00 0.00 0.00 0.00 0.65 2.30 3.63 5.31 6.59 6.83 6.74 6.20 5.38 4.08 2.57 0.71 0.00 0.00 0.00 0.00
0.00 0.00 0.00 0.00 0.00 0.00 0.00 0.00 0.33 1.15 1.82 2.66 3.30 3.42 3.37 3.10 2.69 2.04 1.28 0.35 0.00 0.00 0.00 0.00
0.00 0.00 0.00 0.00 0.00 0.00 0.00 0.00 0.71 2.51 3.97 5.81 7.21 7.47 7.37 6.79 5.88 4.46 2.81 0.77 0.00 0.00 0.00 0.00
0.00 0.00 0.00 0.00 0.00 0.00 0.00 0.00 0.84 2.99 4.86 7.19 8.76 8.91 8.83 8.27 7.10 5.40 3.36 0.92 0.00 0.00 0.00 0.00
0.00 0.00 0.00 0.00 0.00 0.00 0.00 0.00 1.28 4.56 7.40 10.96 13.35 13.58 13.46 12.60 10.82 8.24 5.12 1.40 0.00 0.00 0.00 0.00
0.00 0.00 0.00 0.00 0.00 0.00 0.00 0.00 1.09 4.07 6.80 9.92 12.01 12.08 12.12 11.47 10.36 7.93 4.95 1.43 0.00 0.00 0.00 0.00
0.00 0.00 0.00 0.00 0.00 0.00 0.00 0.00 0.65 3.45 6.40 9.37 11.66 14.17 14.75 14.16 12.68 9.62 5.87 1.49 0.00 0.00 0.00 0.00
0.00 0.00 0.00 0.00 0.00 0.00 0.00 0.00 1.67 8.91 16.54 24.22 30.13 36.59 38.10 36.59 32.76 24.86 15.16 3.85 0.00 0.00 0.00 0.00
0.00 0.00 0.00 0.00 0.00 0.00 0.00 0.00 0.42 2.43 4.53 6.74 8.73 9.98 10.26 9.68 8.66 6.56 4.08 1.10 0.00 0.00 0.00 0.00
0.00 0.00 0.00 0.00 0.00 0.00 0.00 0.00 1.23 4.57 7.86 11.55 14.46 15.05 15.49 14.84 11.62 8.85 5.57 1.56 0.00 0.00 0.00 0.00
0.00 0.00 0.00 0.00 0.00 0.00 0.00 0.00 2.16 8.10 13.62 19.50 24.03 24.25 24.59 23.37 20.49 15.52 9.52 2.66 0.00 0.00 0.00 0.00
0.00 0.00 0.00 0.00 0.00 0.00 0.00 0.00 0.35 1.04 1.70 2.45 3.02 2.91 2.90 2.75 2.18 1.62 1.00 0.23 0.00 0.00 0.00 0.00
0.00 0.00 0.00 0.00 0.00 0.00 0.00 0.00 1.71 5.59 9.07 13.28 17.03 17.62 17.78 16.82 13.75 10.30 6.41 1.49 0.00 0.00 0.00 0.00
0.00 0.00 0.00 0.00 0.00 0.00 0.00 0.00 1.21 3.77 6.17 8.88 11.12 11.70 11.53 10.86 8.69 6.44 3.96 0.93 0.00 0.00 0.00 0.00
0.00 0.00 0.00 0.00 0.00 0.00 0.00 0.00 1.67 5.21 8.52 12.26 15.35 16.15 15.91 14.99 12.00 8.89 5.47 1.28 0.00 0.00 0.00 0.00
0.00 0.00 0.00 0.00 0.00 0.00 0.00 0.00 1.14 3.55 5.80 8.35 10.46 11.00 10.84 10.21 8.17 6.06 3.72 0.87 0.00 0.00 0.00 0.00
0.00 0.00 0.00 0.00 0.00 0.00 0.00 0.00 0.91 2.98 4.84 7.08 9.08 9.40 9.48 8.97 7.33 5.50 3.42 0.79 0.00 0.00 0.00 0.00
0.00 0.00 0.00 0.00 0.00 0.00 0.00 0.00 0.98 2.92 4.77 6.89 8.51 8.96 9.04 8.34 6.32 4.65 2.87 0.60 0.00 0.00 0.00 0.00
0.00 0.00 0.00 0.00 0.00 0.00 0.00 0.00 0.89 3.37 6.00 8.67 11.15 12.62 12.78 12.52 10.65 7.93 4.89 1.09 0.00 0.00 0.00 0.00
0.00 0.00 0.00 0.00 0.00 0.00 0.00 0.00 5.57 29.67 55.82 86.67 114.67 115.97 119.90 115.37 98.52 74.43 43.91 13.44 0.00 0.00 0.00 0.00
0.00 0.00 0.00 0.00 0.00 0.00 0.00 0.00 1.15 5.14 9.46 13.98 18.14 19.92 20.57 19.80 17.31 13.27 8.31 2.09 0.00 0.00 0.00 0.00
0.00 0.00 0.00 0.00 0.00 0.00 0.00 0.00 1.91 7.60 13.42 20.01 26.30 30.20 30.15 28.89 24.73 18.83 11.95 2.66 0.00 0.00 0.00 0.00
0.00 0.00 0.00 0.00 0.00 0.00 0.00 0.00 0.88 3.48 6.15 9.17 12.05 13.84 13.82 13.24 11.33 8.63 5.48 1.22 0.00 0.00 0.00 0.00
0.00 0.00 0.00 0.00 0.00 0.00 0.00 0.00 1.42 6.34 11.66 17.19 22.11 24.37 25.29 24.20 21.11 16.24 10.32 2.59 0.00 0.00 0.00 0.00
0.00 0.00 0.00 0.00 0.00 0.00 0.00 0.00 0.66 2.68 4.84 7.23 9.25 10.10 10.41 9.92 8.48 6.45 4.00 0.95 0.00 0.00 0.00 0.00
0.00 0.00 0.00 0.00 0.00 0.00 0.00 0.00 3.59 26.14 50.88 76.29 102.68 119.76 124.68 121.49 107.10 83.83 55.09 16.40 0.00 0.00 0.00 0.00
0.00 0.00 0.00 0.00 0.00 0.00 0.00 0.00 1.60 11.06 21.40 32.02 40.95 46.02 47.77 45.68 39.45 29.87 18.57 5.26 0.00 0.00 0.00 0.00
0.00 0.00 0.00 0.00 0.00 0.00 0.00 0.00 0.35 2.45 4.75 7.19 9.23 10.42 10.71 10.36 8.90 6.65 4.14 1.18 0.00 0.00 0.00 0.00
0.00 0.00 0.00 0.00 0.00 0.00 0.00 0.00 0.46 3.10 5.96 8.92 11.38 12.98 13.34 12.81 10.99 8.33 5.22 1.48 0.00 0.00 0.00 0.00
0.00 0.00 0.00 0.00 0.00 0.00 0.00 0.00 0.73 4.95 9.53 14.28 18.21 20.77 21.34 20.49 17.59 13.32 8.35 2.37 0.00 0.00 0.00 0.00
0.00 0.00 0.00 0.00 0.00 0.00 0.00 0.00 0.91 106.02 224.41 345.09 440.30 504.50 535.61 517.69 444.10 344.84 221.45 75.74 0.00 0.00 0.00 0.00
