0.00 0.00 0.00 0.00 0.00 0.00 0.00 0.00 0.08 0.70 0.97 1.47 1.89 2.77 2.87 2.74 3.63 2.81 1.75 0.68 0.00 0.00 0.00 0.00
0.00 0.00 0.00 0.00 0.00 0.00 0.00 0.00 5.11 17.54 31.63 45.03 55.67 67.74 69.20 67.13 55.25 41.23 25.54 6.39 0.00 0.00 0.00 0.00
0.00 0.00 0.00 0.00 0.00 0.00 0.00 0.00 1.86 15.91 22.29 33.58 43.17 63.30 65.52 62.73 82.96 64.19 40.06 15.63 0.00 0.00 0.00 0.00
0.00 0.00 0.00 0.00 0.00 0.00 0.00 0.00 6.63 56.53 79.23 119.33 153.41 224.95 232.84 222.94 294.83 228.14 142.36 55.54 0.00 0.00 0.00 0.00
0.00 0.00 0.00 0.00 0.00 0.00 0.00 0.00 1.25 3.38 5.93 8.69 10.56 10.02 10.04 9.21 8.26 6.01 3.73 0.49 0.00 0.00 0.00 0.00
0.00 0.00 0.00 0.00 0.00 0.00 0.00 0.00 8.70 127.92 222.75 339.99 432.92 707.09 754.32 733.37 790.39 616.07 398.30 148.71 0.00 0.00 0.00 0.00
0.00 0.00 0.00 0.00 0.00 0.00 0.00 0.00 0.43 1.41 1.64 2.37 2.88 3.30 3.28 3.08 3.86 2.90 1.82 0.53 0.00 0.00 0.00 0.00
0.00 0.00 0.00 0.00 0.00 0.00 0.00 0.00 0.31 1.07 1.31 1.88 2.41 3.32 3.37 3.30 3.07 2.29 1.42 0.42 0.00 0.00 0.00 0.00
0.00 0.00 0.00 0.00 0.00 0.00 0.00 0.00 0.50 1.70 2.10 3.01 3.86 5.32 5.39 5.28 4.90 3.66 2.28 0.67 0.00 0.00 0.00 0.00
0.00 0.00 0.00 0.00 0.00 0.00 0.00 0.00 0.50 1.70 2.10 3.01 3.86 5.32 5.39 5.28 4.90 3.66 2.28 0.67 0.00 0.00 0.00 0.00
0.00 0.00 0.00 0.00 0.00 0.00 0.00 0.00 0.98 3.77 3.82 5.61 7.27 10.57 10.89 10.45 11.19 8.57 5.39 1.73 0.00 0.00 0.00 0.00
0.00 0.00 0.00 0.00 0.00 0.00 0.00 0.00 0.47 1.78 1.80 2.66 3.46 4.80 4.82 4.65 4.82 3.69 2.26 0.87 0.00 0.00 0.00 0.00
0.00 0.00 0.00 0.00 0.00 0.00 0.00 0.00 0.60 2.29 2.32 3.42 4.44 6.17 6.20 5.98 6.20 4.74 2.90 1.12 0.00 0.00 0.00 0.00
0.00 0.00 0.00 0.00 0.00 0.00 0.00 0.00 0.40 1.52 1.55 2.28 2.96 4.11 4.13 3.98 4.13 3.16 1.93 0.74 0.00 0.00 0.00 0.00
0.00 0.00 0.00 0.00 0.00 0.00 0.00 0.00 0.40 1.52 1.55 2.28 2.96 4.11 4.13 3.98 4.13 3.16 1.93 0.74 0.00 0.00 0.00 0.00
0.00 0.00 0.00 0.00 0.00 0.00 0.00 0.00 4.31 19.30 35.46 54.53 71.69 90.07 92.63 88.74 74.75 56.51 33.46 10.54 0.00 0.00 0.00 0.00
0.00 0.00 0.00 0.00 0.00 0.00 0.00 0.00 3.25 12.04 11.70 17.13 22.00 31.67 32.24 30.31 33.33 25.70 15.72 4.39 0.00 0.00 0.00 0.00
0.00 0.00 0.00 0.00 0.00 0.00 0.00 0.00 2.39 9.28 11.80 16.99 21.50 29.11 29.39 28.12 32.01 24.45 15.46 3.01 0.00 0.00 0.00 0.00
0.00 0.00 0.00 0.00 0.00 0.00 0.00 0.00 2.57 37.73 65.70 100.28 127.70 208.57 222.50 216.32 233.14 181.72 117.48 43.86 0.00 0.00 0.00 0.00
0.00 0.00 0.00 0.00 0.00 0.00 0.00 0.00 2.44 35.89 62.50 95.39 121.47 198.39 211.64 205.77 221.76 172.85 111.75 41.72 0.00 0.00 0.00 0.00
0.00 0.00 0.00 0.00 0.00 0.00 0.00 0.00 4.70 69.02 120.19 183.45 233.59 381.53 407.01 395.70 426.47 332.41 214.91 80.24 0.00 0.00 0.00 0.00
0.00 0.00 0.00 0.00 0.00 0.00 0.00 0.00 4.62 67.87 118.19 180.39 229.70 375.17 400.22 389.11 419.36 326.87 211.33 78.90 0.00 0.00 0.00 0.00
0.00 0.00 0.00 0.00 0.00 0.00 0.00 0.00 7.30 70.17 145.78 222.31 288.12 293.44 298.30 282.88 294.29 225.60 144.17 69.64 0.00 0.00 0.00 0.00
0.00 0.00 0.00 0.00 0.00 0.00 0.00 0.00 0.31 1.07 1.31 1.88 2.41 3.32 3.37 3.30 3.07 2.29 1.42 0.42 0.00 0.00 0.00 0.00
0.00 0.00 0.00 0.00 0.00 0.00 0.00 0.00 1.59 5.40 6.65 9.53 12.22 16.84 17.05 16.73 15.53 11.60 7.22 2.14 0.00 0.00 0.00 0.00
0.00 0.00 0.00 0.00 0.00 0.00 0.00 0.00 8.14 27.55 33.94 48.67 62.41 85.98 87.06 85.43 79.28 59.22 36.84 10.91 0.00 0.00 0.00 0.00
0.00 0.00 0.00 0.00 0.00 0.00 0.00 0.00 0.18 2.58 4.49 6.85 8.72 14.24 15.19 14.77 15.92 12.41 8.02 3.00 0.00 0.00 0.00 0.00
0.00 0.00 0.00 0.00 0.00 0.00 0.00 0.00 6.52 55.65 77.99 117.47 151.02 221.45 229.21 219.46 290.24 224.59 140.14 54.67 0.00 0.00 0.00 0.00
0.00 0.00 0.00 0.00 0.00 0.00 0.00 0.00 0.73 4.05 8.21 12.23 16.43 23.20 24.09 23.43 19.83 15.50 10.20 3.40 0.00 0.00 0.00 0.00
0.00 0.00 0.00 0.00 0.00 0.00 0.00 0.00 5.89 30.63 58.90 87.51 111.60 136.99 142.18 136.08 82.70 62.57 39.02 19.27 0.00 0.00 0.00 0.00
0.00 0.00 0.00 0.00 0.00 0.00 0.00 0.00 0.11 0.93 1.30 1.96 2.52 3.69 3.82 3.66 4.84 3.74 2.34 0.91 0.00 0.00 0.00 0.00
0.00 0.00 0.00 0.00 0.00 0.00 0.00 0.00 4.89 41.73 58.50 88.10 113.26 166.08 171.91 164.60 217.68 168.44 105.10 41.00 0.00 0.00 0.00 0.00
0.00 0.00 0.00 0.00 0.00 0.00 0.00 0.00 6.28 53.56 75.07 113.07 145.35 213.14 220.61 211.23 279.35 216.17 134.88 52.62 0.00 0.00 0.00 0.00
0.00 0.00 0.00 0.00 0.00 0.00 0.00 0.00 9.63 92.54 192.25 293.17 379.96 386.97 393.38 373.05 388.10 297.51 190.13 91.83 0.00 0.00 0.00 0.00
0.00 0.00 0.00 0.00 0.00 0.00 0.00 0.00 0.58 2.34 2.75 4.08 5.28 8.27 8.43 8.14 7.11 5.40 3.35 1.19 0.00 0.00 0.00 0.00
0.00 0.00 0.00 0.00 0.00 0.00 0.00 0.00 0.80 3.20 3.54 5.13 6.67 10.20 10.35 9.97 8.92 6.79 4.21 1.42 0.00 0.00 0.00 0.00
0.00 0.00 0.00 0.00 0.00 0.00 0.00 0.00 3.02 16.71 33.87 50.46 67.77 95.68 99.37 96.66 81.81 63.93 42.07 14.04 0.00 0.00 0.00 0.00
0.00 0.00 0.00 0.00 0.00 0.00 0.00 0.00 1.32 36.81 177.33 271.30 355.98 424.92 439.10 423.16 338.34 272.92 177.69 76.98 0.00 0.00 0.00 0.00
0.00 0.00 0.00 0.00 0.00 0.00 0.00 0.00 0.27 0.95 1.08 1.61 2.05 2.29 2.35 2.24 2.40 1.83 1.14 0.30 0.00 0.00 0.00 0.00
0.00 0.00 0.00 0.00 0.00 0.00 0.00 0.00 2.32 15.68 26.97 40.88 52.30 48.19 49.41 47.23 51.10 38.92 24.65 11.46 0.00 0.00 0.00 0.00
0.00 0.00 0.00 0.00 0.00 0.00 0.00 0.00 0.00 4.07 6.30 9.58 12.67 31.19 31.63 30.90 30.29 23.51 15.51 5.93 0.22 0.00 0.00 0.00
0.00 0.00 0.00 0.00 0.00 0.00 0.00 0.00 0.66 2.07 2.33 3.38 4.18 4.35 4.29 3.95 4.00 3.04 1.92 0.69 0.00 0.00 0.00 0.00
0.00 0.00 0.00 0.00 0.00 0.00 0.00 0.00 0.33 1.04 1.17 1.69 2.09 2.18 2.15 1.98 2.00 1.52 0.96 0.34 0.00 0.00 0.00 0.00
0.00 0.00 0.00 0.00 0.00 0.00 0.00 0.00 0.72 2.27 2.55 3.70 4.57 4.76 4.70 4.32 4.37 3.32 2.10 0.75 0.00 0.00 0.00 0.00
0.00 0.00 0.00 0.00 0.00 0.00 0.00 0.00 0.75 2.39 4.08 5.97 7.22 5.79 5.74 5.39 5.18 3.95 2.47 0.86 0.00 0.00 0.00 0.00
0.00 0.00 0.00 0.00 0.00 0.00 0.00 0.00 1.15 3.64 6.21 9.10 11.00 8.82 8.75 8.21 7.89 6.01 3.76 1.31 0.00 0.00 0.00 0.00
0.00 0.00 0.00 0.00 0.00 0.00 0.00 0.00 0.72 2.37 3.76 5.43 6.54 7.33 7.35 6.95 8.24 6.30 3.95 1.04 0.00 0.00 0.00 0.00
0.00 0.00 0.00 0.00 0.00 0.00 0.00 0.00 0.62 2.68 4.68 6.79 8.42 10.46 10.90 10.47 7.91 6.01 3.69 0.95 0.00 0.00 0.00 0.00
0.00 0.00 0.00 0.00 0.00 0.00 0.00 0.00 1.60 6.93 12.09 17.55 21.76 27.03 28.15 27.06 20.44 15.54 9.53 2.44 0.00 0.00 0.00 0.00
0.00 0.00 0.00 0.00 0.00 0.00 0.00 0.00 0.34 1.55 2.81 4.15 5.36 6.96 7.15 6.75 4.04 3.06 1.91 0.85 0.00 0.00 0.00 0.00
0.00 0.00 0.00 0.00 0.00 0.00 0.00 0.00 1.25 4.11 6.29 9.16 11.39 10.79 11.09 10.63 8.62 6.58 4.17 1.66 0.00 0.00 0.00 0.00
0.00 0.00 0.00 0.00 0.00 0.00 0.00 0.00 2.25 7.45 10.55 14.99 18.39 19.94 20.15 19.11 17.18 13.04 8.06 2.05 0.00 0.00 0.00 0.00
0.00 0.00 0.00 0.00 0.00 0.00 0.00 0.00 0.41 1.12 1.60 2.28 2.79 2.64 2.63 2.49 2.64 1.96 1.22 0.21 0.00 0.00 0.00 0.00
0.00 0.00 0.00 0.00 0.00 0.00 0.00 0.00 1.99 5.91 9.53 13.82 17.61 19.01 19.22 18.23 14.17 10.69 6.71 1.40 0.00 0.00 0.00 0.00
0.00 0.00 0.00 0.00 0.00 0.00 0.00 0.00 1.46 4.16 6.50 9.26 11.53 12.07 11.91 11.25 8.62 6.42 3.99 0.81 0.00 0.00 0.00 0.00
0.00 0.00 0.00 0.00 0.00 0.00 0.00 0.00 2.01 5.73 8.97 12.78 15.91 16.65 16.44 15.52 11.89 8.87 5.51 1.12 0.00 0.00 0.00 0.00
0.00 0.00 0.00 0.00 0.00 0.00 0.00 0.00 1.37 3.91 6.11 8.71 10.83 11.34 11.20 10.57 8.10 6.04 3.75 0.76 0.00 0.00 0.00 0.00
0.00 0.00 0.00 0.00 0.00 0.00 0.00 0.00 1.06 3.15 5.08 7.37 9.39 10.14 10.25 9.72 7.56 5.70 3.58 0.75 0.00 0.00 0.00 0.00
0.00 0.00 0.00 0.00 0.00 0.00 0.00 0.00 1.15 3.17 5.31 7.60 9.33 9.22 9.34 8.64 6.93 5.12 3.19 0.51 0.00 0.00 0.00 0.00
0.00 0.00 0.00 0.00 0.00 0.00 0.00 0.00 0.90 3.05 3.76 5.39 6.92 9.53 9.65 9.47 8.79 6.56 4.08 1.21 0.00 0.00 0.00 0.00
0.00 0.00 0.00 0.00 0.00 0.00 0.00 0.00 5.61 25.12 46.16 70.97 93.31 117.23 120.57 115.50 97.30 73.56 43.55 13.72 0.00 0.00 0.00 0.00
0.00 0.00 0.00 0.00 0.00 0.00 0.00 0.00 1.11 4.27 4.33 6.36 8.24 11.98 12.34 11.85 12.68 9.72 6.11 1.97 0.00 0.00 0.00 0.00
0.00 0.00 0.00 0.00 0.00 0.00 0.00 0.00 1.87 6.52 7.71 11.40 14.91 13.80 13.76 13.18 15.17 11.56 7.37 2.59 0.00 0.00 0.00 0.00
0.00 0.00 0.00 0.00 0.00 0.00 0.00 0.00 0.86 2.99 3.54 5.23 6.84 6.32 6.31 6.04 6.95 5.30 3.38 1.19 0.00 0.00 0.00 0.00
0.00 0.00 0.00 0.00 0.00 0.00 0.00 0.00 1.41 5.43 5.44 7.99 10.25 15.01 15.53 14.83 16.32 12.56 8.01 2.22 0.00 0.00 0.00 0.00
0.00 0.00 0.00 0.00 0.00 0.00 0.00 0.00 0.65 2.30 2.63 3.90 4.98 5.56 5.72 5.44 5.83 4.44 2.77 0.73 0.00 0.00 0.00 0.00
0.00 0.00 0.00 0.00 0.00 0.00 0.00 0.00 3.13 17.30 35.07 52.24 70.17 99.06 102.88 100.08 84.70 66.19 43.55 14.53 0.00 0.00 0.00 0.00
0.00 0.00 0.00 0.00 0.00 0.00 0.00 0.00 1.41 7.33 14.09 20.93 26.69 32.76 34.00 32.54 19.78 14.96 9.33 4.61 0.00 0.00 0.00 0.00
0.00 0.00 0.00 0.00 0.00 0.00 0.00 0.00 0.32 1.68 3.10 4.66 5.96 6.67 6.86 6.64 4.67 3.49 2.18 1.09 0.00 0.00 0.00 0.00
0.00 0.00 0.00 0.00 0.00 0.00 0.00 0.00 0.39 2.01 3.90 5.79 7.34 8.51 8.74 8.39 6.28 4.75 2.99 1.31 0.00 0.00 0.00 0.00
0.00 0.00 0.00 0.00 0.00 0.00 0.00 0.00 0.62 3.22 6.24 9.26 11.75 13.62 13.98 13.42 10.04 7.60 4.78 2.09 0.00 0.00 0.00 0.00
0.00 0.00 0.00 0.00 0.00 0.00 0.00 0.00 4.78 70.17 122.19 186.51 237.48 387.88 413.79 402.30 433.58 337.95 218.49 81.58 0.00 0.00 0.00 0.00
