0.00 0.00 0.00 0.00 0.00 0.00 0.00 0.00 0.30 1.19 2.21 3.10 3.84 4.32 4.40 4.15 3.49 2.56 1.48 0.23 0.00 0.00 0.00 0.00
0.00 0.00 0.00 0.00 0.00 0.00 0.00 0.00 5.81 15.10 23.25 30.27 36.84 49.06 47.38 43.36 58.61 41.23 23.27 1.34 0.00 0.00 0.00 0.00
0.00 0.00 0.00 0.00 0.00 0.00 0.00 0.00 6.80 27.27 50.50 70.83 87.91 98.67 100.72 94.80 79.90 58.50 33.75 5.29 0.00 0.00 0.00 0.00
0.00 0.00 0.00 0.00 0.00 0.00 0.00 0.00 24.17 96.91 179.48 251.72 312.43 350.68 357.94 336.92 283.96 207.91 119.95 18.81 0.00 0.00 0.00 0.00
0.00 0.00 0.00 0.00 0.00 0.00 0.00 0.00 1.61 3.63 6.37 8.16 9.38 11.78 11.34 10.21 8.79 6.07 3.31 0.04 0.00 0.00 0.00 0.00
0.00 0.00 0.00 0.00 0.00 0.00 0.00 0.00 44.84 208.80 401.91 567.90 704.46 786.50 802.53 774.11 662.57 487.27 285.02 50.06 0.00 0.00 0.00 0.00
0.00 0.00 0.00 0.00 0.00 0.00 0.00 0.00 1.11 2.83 4.71 6.25 7.46 7.45 7.47 6.85 3.95 2.78 1.54 0.12 0.00 0.00 0.00 0.00
0.00 0.00 0.00 0.00 0.00 0.00 0.00 0.00 0.39 1.02 1.39 1.86 2.19 4.44 4.33 3.98 3.95 2.81 1.54 0.09 0.00 0.00 0.00 0.00
0.00 0.00 0.00 0.00 0.00 0.00 0.00 0.00 0.63 1.64 2.23 2.98 3.51 7.10 6.93 6.37 6.32 4.49 2.46 0.14 0.00 0.00 0.00 0.00
0.00 0.00 0.00 0.00 0.00 0.00 0.00 0.00 0.63 1.64 2.23 2.98 3.51 7.10 6.93 6.37 6.32 4.49 2.46 0.14 0.00 0.00 0.00 0.00
0.00 0.00 0.00 0.00 0.00 0.00 0.00 0.00 1.60 4.45 10.57 14.33 17.40 20.15 20.21 18.64 15.50 10.86 5.95 0.48 0.00 0.00 0.00 0.00
0.00 0.00 0.00 0.00 0.00 0.00 0.00 0.00 0.65 1.79 4.80 6.57 7.98 9.72 9.60 8.83 7.41 5.19 2.82 0.22 0.00 0.00 0.00 0.00
0.00 0.00 0.00 0.00 0.00 0.00 0.00 0.00 0.83 2.31 6.18 8.45 10.27 12.49 12.35 11.36 9.53 6.67 3.62 0.28 0.00 0.00 0.00 0.00
0.00 0.00 0.00 0.00 0.00 0.00 0.00 0.00 0.55 1.54 4.12 5.63 6.84 8.33 8.23 7.57 6.35 4.45 2.41 0.19 0.00 0.00 0.00 0.00
0.00 0.00 0.00 0.00 0.00 0.00 0.00 0.00 0.55 1.54 4.12 5.63 6.84 8.33 8.23 7.57 6.35 4.45 2.41 0.19 0.00 0.00 0.00 0.00
0.00 0.00 0.00 0.00 0.00 0.00 0.00 0.00 11.53 34.14 60.26 81.37 97.27 97.83 97.63 90.65 79.23 56.91 31.02 4.55 0.00 0.00 0.00 0.00
0.00 0.00 0.00 0.00 0.00 0.00 0.00 0.00 5.47 14.92 31.69 42.66 51.58 59.02 59.11 54.25 45.56 31.91 17.54 1.30 0.00 0.00 0.00 0.00
0.00 0.00 0.00 0.00 0.00 0.00 0.00 0.00 5.17 14.50 26.41 35.47 42.50 47.36 46.63 43.42 36.48 26.14 14.65 1.16 0.00 0.00 0.00 0.00
0.00 0.00 0.00 0.00 0.00 0.00 0.00 0.00 13.23 61.59 118.55 167.51 207.79 231.99 236.72 228.34 195.43 143.73 84.07 14.77 0.00 0.00 0.00 0.00
0.00 0.00 0.00 0.00 0.00 0.00 0.00 0.00 12.58 58.58 112.77 159.34 197.66 220.67 225.17 217.20 185.90 136.72 79.97 14.05 0.00 0.00 0.00 0.00
0.00 0.00 0.00 0.00 0.00 0.00 0.00 0.00 24.19 112.66 216.86 306.42 380.11 424.37 433.02 417.69 357.50 262.92 153.79 27.01 0.00 0.00 0.00 0.00
0.00 0.00 0.00 0.00 0.00 0.00 0.00 0.00 23.79 110.79 213.25 301.31 373.77 417.30 425.80 410.73 351.54 258.54 151.23 26.56 0.00 0.00 0.00 0.00
0.00 0.00 0.00 0.00 0.00 0.00 0.00 0.00 29.36 123.62 232.77 325.66 407.42 454.16 464.10 435.25 368.51 271.88 157.80 26.08 0.00 0.00 0.00 0.00
0.00 0.00 0.00 0.00 0.00 0.00 0.00 0.00 0.39 1.02 1.39 1.86 2.19 4.44 4.33 3.98 3.95 2.81 1.54 0.09 0.00 0.00 0.00 0.00
0.00 0.00 0.00 0.00 0.00 0.00 0.00 0.00 1.99 5.18 7.06 9.45 11.11 22.48 21.94 20.17 20.00 14.23 7.79 0.43 0.00 0.00 0.00 0.00
0.00 0.00 0.00 0.00 0.00 0.00 0.00 0.00 10.18 26.46 36.06 48.22 56.70 114.74 111.98 102.99 102.13 72.63 39.78 2.21 0.00 0.00 0.00 0.00
0.00 0.00 0.00 0.00 0.00 0.00 0.00 0.00 0.90 4.21 8.10 11.44 14.19 15.84 16.17 15.59 13.35 9.82 5.74 1.01 0.00 0.00 0.00 0.00
0.00 0.00 0.00 0.00 0.00 0.00 0.00 0.00 23.80 95.40 176.68 247.80 307.56 345.22 352.36 331.67 279.53 204.67 118.08 18.52 0.00 0.00 0.00 0.00
0.00 0.00 0.00 0.00 0.00 0.00 0.00 0.00 2.65 8.82 15.70 21.80 26.91 30.19 29.99 27.61 23.19 16.57 9.82 1.22 0.00 0.00 0.00 0.00
0.00 0.00 0.00 0.00 0.00 0.00 0.00 0.00 15.36 50.69 90.26 124.64 151.60 167.07 170.49 157.59 126.75 93.08 52.22 5.83 0.00 0.00 0.00 0.00
0.00 0.00 0.00 0.00 0.00 0.00 0.00 0.00 0.40 1.59 2.94 4.13 5.13 5.75 5.87 5.53 4.66 3.41 1.97 0.31 0.00 0.00 0.00 0.00
0.00 0.00 0.00 0.00 0.00 0.00 0.00 0.00 17.85 71.55 132.51 185.85 230.67 258.91 264.27 248.75 209.65 153.51 88.56 13.89 0.00 0.00 0.00 0.00
0.00 0.00 0.00 0.00 0.00 0.00 0.00 0.00 22.90 91.82 170.05 238.51 296.03 332.27 339.14 319.23 269.05 197.00 113.65 17.82 0.00 0.00 0.00 0.00
0.00 0.00 0.00 0.00 0.00 0.00 0.00 0.00 38.72 163.03 306.97 429.46 537.29 598.92 612.03 573.99 485.97 358.54 208.10 34.39 0.00 0.00 0.00 0.00
0.00 0.00 0.00 0.00 0.00 0.00 0.00 0.00 0.87 2.48 7.83 10.70 13.05 15.34 15.24 13.97 11.68 8.27 4.54 0.39 0.00 0.00 0.00 0.00
0.00 0.00 0.00 0.00 0.00 0.00 0.00 0.00 1.14 3.24 9.60 13.13 16.01 19.37 19.20 17.55 14.67 10.40 5.67 0.48 0.00 0.00 0.00 0.00
0.00 0.00 0.00 0.00 0.00 0.00 0.00 0.00 10.92 36.36 64.78 89.93 110.99 124.53 123.70 113.87 95.66 68.35 40.50 5.04 0.00 0.00 0.00 0.00
0.00 0.00 0.00 0.00 0.00 0.00 0.00 0.00 19.42 108.21 217.56 303.41 378.98 433.33 445.72 417.84 354.32 264.92 157.97 30.03 0.00 0.00 0.00 0.00
0.00 0.00 0.00 0.00 0.00 0.00 0.00 0.00 0.49 1.32 2.47 3.37 4.07 4.57 4.55 4.13 3.43 2.42 1.33 0.08 0.00 0.00 0.00 0.00
0.00 0.00 0.00 0.00 0.00 0.00 0.00 0.00 6.61 24.41 44.20 61.41 75.40 84.01 84.82 79.67 66.22 48.07 27.09 3.83 0.00 0.00 0.00 0.00
0.00 0.00 0.00 0.00 0.00 0.00 0.00 0.00 1.21 7.27 14.32 20.61 25.78 28.85 29.22 27.20 23.19 17.22 10.55 2.23 0.00 0.00 0.00 0.00
0.00 0.00 0.00 0.00 0.00 0.00 0.00 0.00 1.34 3.32 5.40 7.05 8.38 8.66 8.73 8.04 5.85 4.05 2.24 0.12 0.00 0.00 0.00 0.00
0.00 0.00 0.00 0.00 0.00 0.00 0.00 0.00 0.67 1.66 2.70 3.53 4.19 4.33 4.36 4.02 2.93 2.03 1.12 0.06 0.00 0.00 0.00 0.00
0.00 0.00 0.00 0.00 0.00 0.00 0.00 0.00 1.46 3.63 5.90 7.71 9.17 9.48 9.55 8.79 6.40 4.43 2.45 0.13 0.00 0.00 0.00 0.00
0.00 0.00 0.00 0.00 0.00 0.00 0.00 0.00 1.74 4.34 7.20 9.44 11.14 11.35 11.26 10.53 7.81 5.47 3.02 0.15 0.00 0.00 0.00 0.00
0.00 0.00 0.00 0.00 0.00 0.00 0.00 0.00 2.66 6.62 10.97 14.39 16.98 17.30 17.16 16.04 11.91 8.33 4.61 0.23 0.00 0.00 0.00 0.00
0.00 0.00 0.00 0.00 0.00 0.00 0.00 0.00 2.24 5.73 9.52 12.66 15.01 15.15 15.13 13.97 7.33 5.15 2.86 0.25 0.00 0.00 0.00 0.00
0.00 0.00 0.00 0.00 0.00 0.00 0.00 0.00 1.41 4.27 7.51 10.20 12.44 13.48 13.62 12.80 8.94 6.33 3.49 0.29 0.00 0.00 0.00 0.00
0.00 0.00 0.00 0.00 0.00 0.00 0.00 0.00 3.65 11.04 19.40 26.35 32.14 34.82 35.18 33.06 23.10 16.35 9.03 0.76 0.00 0.00 0.00 0.00
0.00 0.00 0.00 0.00 0.00 0.00 0.00 0.00 0.93 2.87 4.97 6.86 8.37 8.97 8.96 8.26 5.84 4.20 2.34 0.24 0.00 0.00 0.00 0.00
0.00 0.00 0.00 0.00 0.00 0.00 0.00 0.00 2.57 6.57 11.10 15.05 17.87 19.92 19.87 17.81 14.57 10.12 5.53 0.27 0.00 0.00 0.00 0.00
0.00 0.00 0.00 0.00 0.00 0.00 0.00 0.00 4.14 10.62 17.89 23.88 28.77 30.52 30.22 27.63 22.62 15.94 8.71 0.44 0.00 0.00 0.00 0.00
0.00 0.00 0.00 0.00 0.00 0.00 0.00 0.00 0.44 0.99 2.06 2.60 2.99 3.83 3.74 3.40 3.01 2.05 1.12 0.03 0.00 0.00 0.00 0.00
0.00 0.00 0.00 0.00 0.00 0.00 0.00 0.00 2.77 6.66 12.28 16.00 18.98 20.98 20.42 18.57 19.18 13.11 7.18 0.23 0.00 0.00 0.00 0.00
0.00 0.00 0.00 0.00 0.00 0.00 0.00 0.00 1.93 4.52 9.14 11.74 13.53 14.56 14.19 13.08 12.25 8.51 4.64 0.10 0.00 0.00 0.00 0.00
0.00 0.00 0.00 0.00 0.00 0.00 0.00 0.00 2.67 6.24 12.61 16.20 18.67 20.10 19.58 18.05 16.90 11.75 6.41 0.14 0.00 0.00 0.00 0.00
0.00 0.00 0.00 0.00 0.00 0.00 0.00 0.00 1.82 4.25 8.59 11.04 12.72 13.69 13.33 12.29 11.51 8.00 4.36 0.09 0.00 0.00 0.00 0.00
0.00 0.00 0.00 0.00 0.00 0.00 0.00 0.00 1.48 3.55 6.55 8.53 10.12 11.19 10.89 9.90 10.23 6.99 3.83 0.12 0.00 0.00 0.00 0.00
0.00 0.00 0.00 0.00 0.00 0.00 0.00 0.00 1.41 3.21 6.30 8.20 9.49 11.04 10.71 9.69 8.51 5.88 3.20 0.06 0.00 0.00 0.00 0.00
0.00 0.00 0.00 0.00 0.00 0.00 0.00 0.00 1.13 2.93 4.00 5.34 6.28 12.72 12.41 11.41 11.32 8.05 4.41 0.25 0.00 0.00 0.00 0.00
0.00 0.00 0.00 0.00 0.00 0.00 0.00 0.00 15.00 44.44 78.44 105.92 126.61 127.34 127.07 117.99 103.12 74.08 40.38 5.92 0.00 0.00 0.00 0.00
0.00 0.00 0.00 0.00 0.00 0.00 0.00 0.00 1.81 5.05 11.98 16.25 19.72 22.84 22.90 21.12 17.57 12.31 6.75 0.54 0.00 0.00 0.00 0.00
0.00 0.00 0.00 0.00 0.00 0.00 0.00 0.00 2.79 7.40 13.69 18.63 22.25 34.49 33.92 31.03 25.15 17.40 9.64 0.57 0.00 0.00 0.00 0.00
0.00 0.00 0.00 0.00 0.00 0.00 0.00 0.00 1.28 3.39 6.27 8.54 10.20 15.81 15.54 14.22 11.53 7.98 4.42 0.26 0.00 0.00 0.00 0.00
0.00 0.00 0.00 0.00 0.00 0.00 0.00 0.00 2.37 6.61 14.77 19.95 24.19 27.88 28.07 25.87 21.44 15.08 8.31 0.66 0.00 0.00 0.00 0.00
0.00 0.00 0.00 0.00 0.00 0.00 0.00 0.00 1.20 3.20 5.99 8.18 9.90 11.11 11.06 10.04 8.32 5.88 3.23 0.20 0.00 0.00 0.00 0.00
0.00 0.00 0.00 0.00 0.00 0.00 0.00 0.00 11.30 37.65 67.07 93.11 114.92 128.93 128.07 117.90 99.04 70.76 41.93 5.22 0.00 0.00 0.00 0.00
0.00 0.00 0.00 0.00 0.00 0.00 0.00 0.00 3.67 12.12 21.58 29.81 36.25 39.95 40.77 37.68 30.31 22.26 12.49 1.39 0.00 0.00 0.00 0.00
0.00 0.00 0.00 0.00 0.00 0.00 0.00 0.00 0.83 2.75 4.86 6.66 8.11 8.96 9.13 8.57 6.36 4.58 2.61 0.33 0.00 0.00 0.00 0.00
0.00 0.00 0.00 0.00 0.00 0.00 0.00 0.00 1.05 3.45 6.13 8.54 10.53 11.55 11.41 10.51 5.19 3.70 2.10 0.35 0.00 0.00 0.00 0.00
0.00 0.00 0.00 0.00 0.00 0.00 0.00 0.00 1.69 5.52 9.81 13.66 16.85 18.48 18.26 16.81 8.30 5.92 3.36 0.57 0.00 0.00 0.00 0.00
0.00 0.00 0.00 0.00 0.00 0.00 0.00 0.00 24.60 114.54 220.47 311.53 386.44 431.45 440.24 424.65 363.46 267.30 156.35 27.46 0.00 0.00 0.00 0.00
