0.00 0.00 0.00 0.00 0.00 0.00 0.00 0.00 0.00 0.13 1.14 1.97 2.82 3.35 3.48 3.26 2.65 1.77 0.86 0.00 0.00 0.00 0.00 0.00
0.00 0.00 0.00 0.00 0.00 0.00 0.00 0.00 0.00 6.00 19.64 29.65 38.60 43.26 43.42 41.13 35.19 23.62 10.55 0.00 0.00 0.00 0.00 0.00
0.00 0.00 0.00 0.00 0.00 0.00 0.00 0.00 0.00 3.05 26.15 45.01 64.47 76.66 79.62 74.48 60.52 40.45 19.61 0.00 0.00 0.00 0.00 0.00
0.00 0.00 0.00 0.00 0.00 0.00 0.00 0.00 0.00 10.82 92.94 159.95 229.12 272.44 282.95 264.69 215.07 143.75 69.68 0.00 0.00 0.00 0.00 0.00
0.00 0.00 0.00 0.00 0.00 0.00 0.00 0.00 0.00 1.40 3.99 5.88 7.53 8.58 8.66 7.78 5.90 3.86 1.36 0.00 0.00 0.00 0.00 0.00
0.00 0.00 0.00 0.00 0.00 0.00 0.00 0.00 0.00 19.47 214.22 372.03 538.22 652.17 680.19 633.03 516.32 350.70 179.96 0.00 0.00 0.00 0.00 0.00
0.00 0.00 0.00 0.00 0.00 0.00 0.00 0.00 0.00 0.54 2.21 3.42 4.58 5.31 5.38 4.84 3.73 2.46 0.87 0.00 0.00 0.00 0.00 0.00
0.00 0.00 0.00 0.00 0.00 0.00 0.00 0.00 0.00 0.39 1.30 1.95 2.53 2.83 2.93 2.73 2.12 1.42 0.61 0.00 0.00 0.00 0.00 0.00
0.00 0.00 0.00 0.00 0.00 0.00 0.00 0.00 0.00 0.63 2.07 3.11 4.05 4.52 4.70 4.36 3.40 2.28 0.98 0.00 0.00 0.00 0.00 0.00
0.00 0.00 0.00 0.00 0.00 0.00 0.00 0.00 0.00 0.63 2.07 3.11 4.05 4.52 4.70 4.36 3.40 2.28 0.98 0.00 0.00 0.00 0.00 0.00
0.00 0.00 0.00 0.00 0.00 0.00 0.00 0.00 0.00 1.24 4.55 7.01 9.52 10.84 11.24 10.56 8.45 5.79 2.56 0.00 0.00 0.00 0.00 0.00
0.00 0.00 0.00 0.00 0.00 0.00 0.00 0.00 0.00 0.60 2.17 3.33 4.58 5.41 5.55 5.20 4.20 2.84 1.25 0.00 0.00 0.00 0.00 0.00
0.00 0.00 0.00 0.00 0.00 0.00 0.00 0.00 0.00 0.77 2.78 4.28 5.89 6.96 7.14 6.68 5.40 3.65 1.61 0.00 0.00 0.00 0.00 0.00
0.00 0.00 0.00 0.00 0.00 0.00 0.00 0.00 0.00 0.51 1.86 2.85 3.93 4.64 4.76 4.46 3.60 2.43 1.07 0.00 0.00 0.00 0.00 0.00
0.00 0.00 0.00 0.00 0.00 0.00 0.00 0.00 0.00 0.51 1.86 2.85 3.93 4.64 4.76 4.46 3.60 2.43 1.07 0.00 0.00 0.00 0.00 0.00
0.00 0.00 0.00 0.00 0.00 0.00 0.00 0.00 0.00 8.32 28.84 43.98 61.17 71.40 74.18 70.35 57.81 39.27 19.62 0.00 0.00 0.00 0.00 0.00
0.00 0.00 0.00 0.00 0.00 0.00 0.00 0.00 0.00 3.89 14.24 21.89 29.21 33.36 34.62 32.22 26.05 17.39 7.47 0.00 0.00 0.00 0.00 0.00
0.00 0.00 0.00 0.00 0.00 0.00 0.00 0.00 0.00 3.08 12.63 19.67 26.22 30.69 31.29 29.03 23.06 15.74 6.76 0.00 0.00 0.00 0.00 0.00
0.00 0.00 0.00 0.00 0.00 0.00 0.00 0.00 0.00 5.74 63.19 109.74 158.76 192.37 200.63 186.72 152.29 103.44 53.08 0.00 0.00 0.00 0.00 0.00
0.00 0.00 0.00 0.00 0.00 0.00 0.00 0.00 0.00 5.46 60.11 104.38 151.01 182.98 190.85 177.61 144.87 98.40 50.49 0.00 0.00 0.00 0.00 0.00
0.00 0.00 0.00 0.00 0.00 0.00 0.00 0.00 0.00 10.50 115.59 200.74 290.41 351.89 367.01 341.56 278.59 189.23 97.10 0.00 0.00 0.00 0.00 0.00
0.00 0.00 0.00 0.00 0.00 0.00 0.00 0.00 0.00 10.33 113.66 197.39 285.57 346.03 360.89 335.87 273.95 186.07 95.48 0.00 0.00 0.00 0.00 0.00
0.00 0.00 0.00 0.00 0.00 0.00 0.00 0.00 0.00 7.79 112.43 196.24 278.16 335.53 346.67 322.76 263.69 177.56 85.52 0.00 0.00 0.00 0.00 0.00
0.00 0.00 0.00 0.00 0.00 0.00 0.00 0.00 0.00 0.39 1.30 1.95 2.53 2.83 2.93 2.73 2.12 1.42 0.61 0.00 0.00 0.00 0.00 0.00
0.00 0.00 0.00 0.00 0.00 0.00 0.00 0.00 0.00 2.00 6.57 9.86 12.82 14.32 14.87 13.81 10.76 7.22 3.12 0.00 0.00 0.00 0.00 0.00
0.00 0.00 0.00 0.00 0.00 0.00 0.00 0.00 0.00 10.19 33.54 50.35 65.45 73.09 75.92 70.51 54.92 36.84 15.91 0.00 0.00 0.00 0.00 0.00
0.00 0.00 0.00 0.00 0.00 0.00 0.00 0.00 0.00 0.39 4.32 7.49 10.84 13.14 13.70 12.75 10.40 7.06 3.63 0.00 0.00 0.00 0.00 0.00
0.00 0.00 0.00 0.00 0.00 0.00 0.00 0.00 0.00 10.65 91.49 157.46 225.55 268.19 278.54 260.56 211.72 141.51 68.59 0.00 0.00 0.00 0.00 0.00
0.00 0.00 0.00 0.00 0.00 0.00 0.00 0.00 0.00 1.51 7.32 11.71 15.88 19.25 20.65 19.70 16.27 11.86 5.79 0.00 0.00 0.00 0.00 0.00
0.00 0.00 0.00 0.00 0.00 0.00 0.00 0.00 0.00 5.87 44.81 74.84 103.96 120.93 122.62 112.92 91.89 62.89 27.10 0.00 0.00 0.00 0.00 0.00
0.00 0.00 0.00 0.00 0.00 0.00 0.00 0.00 0.00 0.18 1.52 2.62 3.76 4.47 4.64 4.34 3.53 2.36 1.14 0.00 0.00 0.00 0.00 0.00
0.00 0.00 0.00 0.00 0.00 0.00 0.00 0.00 0.00 7.99 68.62 118.09 169.16 201.14 208.91 195.42 158.79 106.13 51.44 0.00 0.00 0.00 0.00 0.00
0.00 0.00 0.00 0.00 0.00 0.00 0.00 0.00 0.00 10.25 88.06 151.55 217.09 258.13 268.10 250.79 203.78 136.21 66.02 0.00 0.00 0.00 0.00 0.00
0.00 0.00 0.00 0.00 0.00 0.00 0.00 0.00 0.00 10.27 148.27 258.80 366.83 442.48 457.17 425.64 347.74 234.15 112.78 0.00 0.00 0.00 0.00 0.00
0.00 0.00 0.00 0.00 0.00 0.00 0.00 0.00 0.00 0.87 3.30 5.08 7.07 8.67 9.21 8.53 6.93 4.69 2.14 0.00 0.00 0.00 0.00 0.00
0.00 0.00 0.00 0.00 0.00 0.00 0.00 0.00 0.00 1.10 4.16 6.40 8.92 10.82 11.39 10.61 8.58 5.79 2.63 0.00 0.00 0.00 0.00 0.00
0.00 0.00 0.00 0.00 0.00 0.00 0.00 0.00 0.00 6.23 30.20 48.32 65.52 79.41 85.18 81.28 67.11 48.94 23.89 0.00 0.00 0.00 0.00 0.00
0.00 0.00 0.00 0.00 0.00 0.00 0.00 0.00 0.00 0.00 91.63 174.54 246.50 303.81 322.27 301.46 244.39 166.05 78.95 0.00 0.00 0.00 0.00 0.00
0.00 0.00 0.00 0.00 0.00 0.00 0.00 0.00 0.00 0.31 1.13 1.74 2.33 2.70 2.77 2.59 2.09 1.41 0.59 0.00 0.00 0.00 0.00 0.00
0.00 0.00 0.00 0.00 0.00 0.00 0.00 0.00 0.00 2.76 22.89 38.99 55.14 65.87 67.13 61.80 50.71 34.40 15.98 0.00 0.00 0.00 0.00 0.00
0.00 0.00 0.00 0.00 0.00 0.00 0.00 0.00 0.00 0.48 7.58 13.33 19.10 22.98 24.62 22.94 18.65 13.12 7.16 0.09 0.00 0.00 0.00 0.00
0.00 0.00 0.00 0.00 0.00 0.00 0.00 0.00 0.00 0.66 2.60 4.00 5.33 6.12 6.06 5.47 4.19 2.74 0.93 0.00 0.00 0.00 0.00 0.00
0.00 0.00 0.00 0.00 0.00 0.00 0.00 0.00 0.00 0.33 1.30 2.00 2.66 3.06 3.03 2.73 2.10 1.37 0.46 0.00 0.00 0.00 0.00 0.00
0.00 0.00 0.00 0.00 0.00 0.00 0.00 0.00 0.00 0.72 2.85 4.38 5.83 6.69 6.62 5.98 4.58 3.00 1.02 0.00 0.00 0.00 0.00 0.00
0.00 0.00 0.00 0.00 0.00 0.00 0.00 0.00 0.00 0.88 3.40 5.22 6.87 8.05 8.08 7.40 5.72 3.76 1.31 0.00 0.00 0.00 0.00 0.00
0.00 0.00 0.00 0.00 0.00 0.00 0.00 0.00 0.00 1.34 5.18 7.95 10.47 12.27 12.31 11.28 8.72 5.73 2.00 0.00 0.00 0.00 0.00 0.00
0.00 0.00 0.00 0.00 0.00 0.00 0.00 0.00 0.00 1.09 4.50 6.97 9.47 10.98 10.91 9.79 7.63 5.04 1.81 0.00 0.00 0.00 0.00 0.00
0.00 0.00 0.00 0.00 0.00 0.00 0.00 0.00 0.00 0.54 3.55 5.85 8.06 9.31 9.35 8.72 7.10 4.78 1.90 0.00 0.00 0.00 0.00 0.00
0.00 0.00 0.00 0.00 0.00 0.00 0.00 0.00 0.00 1.41 9.18 15.11 20.82 24.05 24.14 22.52 18.35 12.34 4.90 0.00 0.00 0.00 0.00 0.00
0.00 0.00 0.00 0.00 0.00 0.00 0.00 0.00 0.00 0.40 2.53 4.14 5.66 6.44 6.47 6.02 4.80 3.27 1.37 0.00 0.00 0.00 0.00 0.00
0.00 0.00 0.00 0.00 0.00 0.00 0.00 0.00 0.00 1.51 5.18 7.84 10.28 11.92 12.14 11.29 8.94 5.99 2.39 0.00 0.00 0.00 0.00 0.00
0.00 0.00 0.00 0.00 0.00 0.00 0.00 0.00 0.00 2.24 8.39 12.83 17.31 20.38 20.70 18.75 14.83 9.91 3.79 0.00 0.00 0.00 0.00 0.00
0.00 0.00 0.00 0.00 0.00 0.00 0.00 0.00 0.00 0.40 1.13 1.66 2.11 2.09 2.10 1.92 1.72 1.13 0.39 0.00 0.00 0.00 0.00 0.00
0.00 0.00 0.00 0.00 0.00 0.00 0.00 0.00 0.00 2.18 5.23 7.75 10.17 12.08 12.07 10.96 9.27 6.17 2.40 0.00 0.00 0.00 0.00 0.00
0.00 0.00 0.00 0.00 0.00 0.00 0.00 0.00 0.00 1.56 4.61 6.86 8.84 9.48 9.51 8.63 6.23 4.08 1.52 0.00 0.00 0.00 0.00 0.00
0.00 0.00 0.00 0.00 0.00 0.00 0.00 0.00 0.00 2.15 6.37 9.47 12.20 13.08 13.13 11.91 8.59 5.63 2.09 0.00 0.00 0.00 0.00 0.00
0.00 0.00 0.00 0.00 0.00 0.00 0.00 0.00 0.00 1.46 4.34 6.45 8.31 8.91 8.94 8.11 5.85 3.84 1.42 0.00 0.00 0.00 0.00 0.00
0.00 0.00 0.00 0.00 0.00 0.00 0.00 0.00 0.00 1.16 2.79 4.14 5.43 6.44 6.44 5.84 4.95 3.29 1.28 0.00 0.00 0.00 0.00 0.00
0.00 0.00 0.00 0.00 0.00 0.00 0.00 0.00 0.00 1.27 3.65 5.40 6.79 7.32 7.45 6.72 4.71 3.09 1.11 0.00 0.00 0.00 0.00 0.00
0.00 0.00 0.00 0.00 0.00 0.00 0.00 0.00 0.00 1.13 3.72 5.58 7.25 8.10 8.41 7.81 6.09 4.08 1.76 0.00 0.00 0.00 0.00 0.00
0.00 0.00 0.00 0.00 0.00 0.00 0.00 0.00 0.00 10.83 37.54 57.25 79.62 92.93 96.55 91.57 75.25 51.11 25.54 0.00 0.00 0.00 0.00 0.00
0.00 0.00 0.00 0.00 0.00 0.00 0.00 0.00 0.00 1.41 5.16 7.95 10.79 12.29 12.74 11.97 9.57 6.56 2.90 0.00 0.00 0.00 0.00 0.00
0.00 0.00 0.00 0.00 0.00 0.00 0.00 0.00 0.00 2.37 7.41 11.23 15.26 19.26 19.55 18.28 14.59 9.85 4.17 0.00 0.00 0.00 0.00 0.00
0.00 0.00 0.00 0.00 0.00 0.00 0.00 0.00 0.00 1.08 3.39 5.15 6.99 8.83 8.96 8.38 6.69 4.52 1.91 0.00 0.00 0.00 0.00 0.00
0.00 0.00 0.00 0.00 0.00 0.00 0.00 0.00 0.00 1.74 6.33 9.76 13.16 14.63 15.12 14.21 11.25 7.75 3.41 0.00 0.00 0.00 0.00 0.00
0.00 0.00 0.00 0.00 0.00 0.00 0.00 0.00 0.00 0.75 2.76 4.22 5.66 6.55 6.73 6.28 5.08 3.42 1.43 0.00 0.00 0.00 0.00 0.00
0.00 0.00 0.00 0.00 0.00 0.00 0.00 0.00 0.00 6.45 31.27 50.03 67.84 82.22 88.20 84.16 69.49 50.67 24.73 0.00 0.00 0.00 0.00 0.00
0.00 0.00 0.00 0.00 0.00 0.00 0.00 0.00 0.00 1.40 10.72 17.90 24.86 28.92 29.32 27.00 21.97 15.04 6.48 0.00 0.00 0.00 0.00 0.00
0.00 0.00 0.00 0.00 0.00 0.00 0.00 0.00 0.00 0.34 2.47 4.11 5.68 6.72 6.78 6.24 5.03 3.44 1.51 0.00 0.00 0.00 0.00 0.00
0.00 0.00 0.00 0.00 0.00 0.00 0.00 0.00 0.00 0.49 3.06 5.04 6.96 8.37 8.61 7.95 6.38 4.33 1.93 0.00 0.00 0.00 0.00 0.00
0.00 0.00 0.00 0.00 0.00 0.00 0.00 0.00 0.00 0.78 4.90 8.07 11.13 13.39 13.77 12.73 10.21 6.92 3.09 0.00 0.00 0.00 0.00 0.00
0.00 0.00 0.00 0.00 0.00 0.00 0.00 0.00 0.00 10.68 117.52 204.08 295.25 357.76 373.13 347.25 283.23 192.38 98.72 0.00 0.00 0.00 0.00 0.00
