0.00 0.00 0.00 0.00 0.00 0.00 0.00 0.00 0.00 0.13 1.17 2.00 2.85 3.18 3.32 3.14 2.52 1.73 0.92 0.00 0.00 0.00 0.00 0.00
0.00 0.00 0.00 0.00 0.00 0.00 0.00 0.00 0.00 8.98 27.65 41.75 54.33 59.54 60.14 57.43 47.39 32.84 16.25 0.00 0.00 0.00 0.00 0.00
0.00 0.00 0.00 0.00 0.00 0.00 0.00 0.00 0.00 2.97 26.86 45.82 65.23 72.60 75.99 71.84 57.68 39.64 21.02 0.00 0.00 0.00 0.00 0.00
0.00 0.00 0.00 0.00 0.00 0.00 0.00 0.00 0.00 10.55 95.45 162.83 231.82 258.03 270.08 255.32 204.98 140.88 74.71 0.00 0.00 0.00 0.00 0.00
0.00 0.00 0.00 0.00 0.00 0.00 0.00 0.00 0.00 1.61 4.49 6.60 8.48 9.73 9.88 8.95 7.33 4.97 2.07 0.00 0.00 0.00 0.00 0.00
0.00 0.00 0.00 0.00 0.00 0.00 0.00 0.00 0.00 20.72 221.34 382.18 550.74 674.50 705.43 660.00 472.70 330.02 183.15 6.34 0.00 0.00 0.00 0.00
0.00 0.00 0.00 0.00 0.00 0.00 0.00 0.00 0.00 0.61 2.39 3.69 4.96 5.68 5.80 5.29 3.90 2.67 1.12 0.00 0.00 0.00 0.00 0.00
0.00 0.00 0.00 0.00 0.00 0.00 0.00 0.00 0.00 0.47 1.49 2.23 2.90 3.39 3.55 3.32 2.74 1.90 0.92 0.00 0.00 0.00 0.00 0.00
0.00 0.00 0.00 0.00 0.00 0.00 0.00 0.00 0.00 0.75 2.38 3.57 4.65 5.43 5.68 5.32 4.38 3.03 1.47 0.00 0.00 0.00 0.00 0.00
0.00 0.00 0.00 0.00 0.00 0.00 0.00 0.00 0.00 0.75 2.38 3.57 4.65 5.43 5.68 5.32 4.38 3.03 1.47 0.00 0.00 0.00 0.00 0.00
0.00 0.00 0.00 0.00 0.00 0.00 0.00 0.00 0.00 1.41 5.21 8.02 10.90 12.84 13.41 12.73 10.60 7.51 3.70 0.00 0.00 0.00 0.00 0.00
0.00 0.00 0.00 0.00 0.00 0.00 0.00 0.00 0.00 0.67 2.44 3.75 5.17 6.15 6.36 6.01 5.06 3.53 1.74 0.00 0.00 0.00 0.00 0.00
0.00 0.00 0.00 0.00 0.00 0.00 0.00 0.00 0.00 0.86 3.14 4.82 6.65 7.91 8.17 7.73 6.50 4.54 2.24 0.00 0.00 0.00 0.00 0.00
0.00 0.00 0.00 0.00 0.00 0.00 0.00 0.00 0.00 0.58 2.09 3.22 4.43 5.27 5.45 5.15 4.33 3.02 1.49 0.00 0.00 0.00 0.00 0.00
0.00 0.00 0.00 0.00 0.00 0.00 0.00 0.00 0.00 0.58 2.09 3.22 4.43 5.27 5.45 5.15 4.33 3.02 1.49 0.00 0.00 0.00 0.00 0.00
0.00 0.00 0.00 0.00 0.00 0.00 0.00 0.00 0.00 9.18 31.57 48.36 67.51 79.21 82.85 79.27 67.23 46.87 25.28 0.25 0.00 0.00 0.00 0.00
0.00 0.00 0.00 0.00 0.00 0.00 0.00 0.00 0.00 4.46 16.29 25.03 33.43 38.87 40.63 38.20 32.18 22.23 10.74 0.00 0.00 0.00 0.00 0.00
0.00 0.00 0.00 0.00 0.00 0.00 0.00 0.00 0.00 3.59 14.09 21.90 29.21 34.32 35.25 33.05 26.88 18.98 9.18 0.00 0.00 0.00 0.00 0.00
0.00 0.00 0.00 0.00 0.00 0.00 0.00 0.00 0.00 6.11 65.29 112.73 162.45 198.95 208.08 194.68 139.43 97.34 54.02 1.87 0.00 0.00 0.00 0.00
0.00 0.00 0.00 0.00 0.00 0.00 0.00 0.00 0.00 5.81 62.10 107.23 154.52 189.25 197.93 185.18 132.63 92.60 51.39 1.78 0.00 0.00 0.00 0.00
0.00 0.00 0.00 0.00 0.00 0.00 0.00 0.00 0.00 11.18 119.43 206.21 297.16 363.94 380.63 356.12 255.05 178.07 98.82 3.42 0.00 0.00 0.00 0.00
0.00 0.00 0.00 0.00 0.00 0.00 0.00 0.00 0.00 10.99 117.44 202.78 292.21 357.87 374.29 350.18 250.80 175.10 97.18 3.37 0.00 0.00 0.00 0.00
0.00 0.00 0.00 0.00 0.00 0.00 0.00 0.00 0.00 9.44 113.96 198.55 281.97 289.77 301.90 284.26 250.41 173.01 91.28 0.00 0.00 0.00 0.00 0.00
0.00 0.00 0.00 0.00 0.00 0.00 0.00 0.00 0.00 0.47 1.49 2.23 2.90 3.39 3.55 3.32 2.74 1.90 0.92 0.00 0.00 0.00 0.00 0.00
0.00 0.00 0.00 0.00 0.00 0.00 0.00 0.00 0.00 2.37 7.54 11.32 14.71 17.19 17.97 16.84 13.86 9.61 4.64 0.00 0.00 0.00 0.00 0.00
0.00 0.00 0.00 0.00 0.00 0.00 0.00 0.00 0.00 12.12 38.49 57.78 75.11 87.78 91.75 85.99 70.77 49.05 23.70 0.00 0.00 0.00 0.00 0.00
0.00 0.00 0.00 0.00 0.00 0.00 0.00 0.00 0.00 0.42 4.46 7.70 11.09 13.59 14.21 13.29 9.52 6.65 3.69 0.13 0.00 0.00 0.00 0.00
0.00 0.00 0.00 0.00 0.00 0.00 0.00 0.00 0.00 10.38 93.96 160.30 228.21 254.00 265.87 251.34 201.79 138.68 73.55 0.00 0.00 0.00 0.00 0.00
0.00 0.00 0.00 0.00 0.00 0.00 0.00 0.00 0.00 1.68 7.89 12.65 17.21 20.92 22.60 21.77 18.29 13.69 7.27 0.00 0.00 0.00 0.00 0.00
0.00 0.00 0.00 0.00 0.00 0.00 0.00 0.00 0.00 7.03 44.18 73.62 102.42 109.49 111.87 104.15 91.79 64.75 31.42 0.00 0.00 0.00 0.00 0.00
0.00 0.00 0.00 0.00 0.00 0.00 0.00 0.00 0.00 0.17 1.57 2.67 3.80 4.23 4.43 4.19 3.36 2.31 1.23 0.00 0.00 0.00 0.00 0.00
0.00 0.00 0.00 0.00 0.00 0.00 0.00 0.00 0.00 7.79 70.47 120.22 171.16 190.50 199.40 188.51 151.34 104.01 55.16 0.00 0.00 0.00 0.00 0.00
0.00 0.00 0.00 0.00 0.00 0.00 0.00 0.00 0.00 10.00 90.44 154.29 219.65 244.48 255.90 241.92 194.22 133.48 70.79 0.00 0.00 0.00 0.00 0.00
0.00 0.00 0.00 0.00 0.00 0.00 0.00 0.00 0.00 12.44 150.29 261.83 371.85 382.13 398.13 374.86 330.23 228.15 120.37 0.00 0.00 0.00 0.00 0.00
0.00 0.00 0.00 0.00 0.00 0.00 0.00 0.00 0.00 1.00 3.68 5.67 7.90 9.69 10.37 9.70 8.13 5.67 2.87 0.00 0.00 0.00 0.00 0.00
0.00 0.00 0.00 0.00 0.00 0.00 0.00 0.00 0.00 1.27 4.64 7.14 9.97 12.09 12.82 12.07 10.07 7.01 3.52 0.00 0.00 0.00 0.00 0.00
0.00 0.00 0.00 0.00 0.00 0.00 0.00 0.00 0.00 6.92 32.53 52.19 70.99 86.30 93.21 89.79 75.44 56.47 29.99 0.00 0.00 0.00 0.00 0.00
0.00 0.00 0.00 0.00 0.00 0.00 0.00 0.00 0.00 0.00 83.54 158.57 225.03 207.56 222.88 211.71 233.72 163.50 86.00 0.00 0.00 0.00 0.00 0.00
0.00 0.00 0.00 0.00 0.00 0.00 0.00 0.00 0.00 0.36 1.28 1.96 2.63 3.04 3.15 2.97 2.48 1.73 0.82 0.00 0.00 0.00 0.00 0.00
0.00 0.00 0.00 0.00 0.00 0.00 0.00 0.00 0.00 2.89 23.81 40.32 56.89 55.79 57.35 53.41 49.21 34.37 17.66 0.00 0.00 0.00 0.00 0.00
0.00 0.00 0.00 0.00 0.00 0.00 0.00 0.00 0.00 0.53 8.06 14.20 20.42 24.78 26.68 25.04 20.36 14.63 8.51 0.62 0.00 0.00 0.00 0.00
0.00 0.00 0.00 0.00 0.00 0.00 0.00 0.00 0.00 0.73 2.80 4.31 5.74 6.59 6.58 6.02 4.37 2.96 1.21 0.00 0.00 0.00 0.00 0.00
0.00 0.00 0.00 0.00 0.00 0.00 0.00 0.00 0.00 0.37 1.40 2.15 2.87 3.30 3.29 3.01 2.18 1.48 0.61 0.00 0.00 0.00 0.00 0.00
0.00 0.00 0.00 0.00 0.00 0.00 0.00 0.00 0.00 0.80 3.06 4.71 6.28 7.21 7.20 6.58 4.78 3.24 1.33 0.00 0.00 0.00 0.00 0.00
0.00 0.00 0.00 0.00 0.00 0.00 0.00 0.00 0.00 0.99 3.67 5.64 7.44 8.74 8.85 8.22 6.19 4.22 1.76 0.00 0.00 0.00 0.00 0.00
0.00 0.00 0.00 0.00 0.00 0.00 0.00 0.00 0.00 1.50 5.60 8.59 11.33 13.32 13.49 12.52 9.43 6.43 2.68 0.00 0.00 0.00 0.00 0.00
0.00 0.00 0.00 0.00 0.00 0.00 0.00 0.00 0.00 1.23 4.87 7.54 10.26 11.73 11.76 10.69 7.98 5.46 2.32 0.00 0.00 0.00 0.00 0.00
0.00 0.00 0.00 0.00 0.00 0.00 0.00 0.00 0.00 0.64 3.62 5.93 8.17 8.96 9.07 8.56 7.20 5.00 2.29 0.00 0.00 0.00 0.00 0.00
0.00 0.00 0.00 0.00 0.00 0.00 0.00 0.00 0.00 1.66 9.34 15.32 21.10 23.15 23.43 22.12 18.59 12.91 5.91 0.00 0.00 0.00 0.00 0.00
0.00 0.00 0.00 0.00 0.00 0.00 0.00 0.00 0.00 0.47 2.67 4.36 5.96 5.49 5.57 5.25 4.89 3.43 1.63 0.00 0.00 0.00 0.00 0.00
0.00 0.00 0.00 0.00 0.00 0.00 0.00 0.00 0.00 1.71 5.80 8.78 11.55 13.42 13.79 12.97 10.69 7.40 3.38 0.00 0.00 0.00 0.00 0.00
0.00 0.00 0.00 0.00 0.00 0.00 0.00 0.00 0.00 2.54 9.19 14.08 19.05 22.56 23.11 21.19 17.46 12.07 5.35 0.00 0.00 0.00 0.00 0.00
0.00 0.00 0.00 0.00 0.00 0.00 0.00 0.00 0.00 0.45 1.30 1.91 2.44 2.88 2.91 2.68 2.25 1.53 0.63 0.00 0.00 0.00 0.00 0.00
0.00 0.00 0.00 0.00 0.00 0.00 0.00 0.00 0.00 2.57 7.66 11.36 14.91 17.57 17.67 16.18 13.13 9.03 4.02 0.00 0.00 0.00 0.00 0.00
0.00 0.00 0.00 0.00 0.00 0.00 0.00 0.00 0.00 1.81 5.27 7.84 10.12 11.71 11.81 10.81 8.74 5.93 2.56 0.00 0.00 0.00 0.00 0.00
0.00 0.00 0.00 0.00 0.00 0.00 0.00 0.00 0.00 2.50 7.27 10.81 13.96 16.16 16.30 14.92 12.06 8.19 3.53 0.00 0.00 0.00 0.00 0.00
0.00 0.00 0.00 0.00 0.00 0.00 0.00 0.00 0.00 1.70 4.95 7.37 9.51 11.01 11.11 10.16 8.22 5.58 2.41 0.00 0.00 0.00 0.00 0.00
0.00 0.00 0.00 0.00 0.00 0.00 0.00 0.00 0.00 1.37 4.08 6.06 7.95 9.37 9.42 8.63 7.00 4.81 2.15 0.00 0.00 0.00 0.00 0.00
0.00 0.00 0.00 0.00 0.00 0.00 0.00 0.00 0.00 1.47 4.12 6.11 7.69 8.81 9.02 8.20 6.67 4.54 1.92 0.00 0.00 0.00 0.00 0.00
0.00 0.00 0.00 0.00 0.00 0.00 0.00 0.00 0.00 1.34 4.27 6.40 8.32 9.73 10.17 9.53 7.84 5.44 2.63 0.00 0.00 0.00 0.00 0.00
0.00 0.00 0.00 0.00 0.00 0.00 0.00 0.00 0.00 11.95 41.09 62.94 87.87 103.10 107.83 103.17 87.50 61.00 32.91 0.32 0.00 0.00 0.00 0.00
0.00 0.00 0.00 0.00 0.00 0.00 0.00 0.00 0.00 1.60 5.90 9.09 12.36 14.56 15.20 14.43 12.02 8.52 4.20 0.00 0.00 0.00 0.00 0.00
0.00 0.00 0.00 0.00 0.00 0.00 0.00 0.00 0.00 2.65 9.02 13.69 18.63 21.95 22.45 21.20 17.50 12.22 5.82 0.00 0.00 0.00 0.00 0.00
0.00 0.00 0.00 0.00 0.00 0.00 0.00 0.00 0.00 1.22 4.14 6.28 8.54 10.06 10.29 9.72 8.02 5.60 2.67 0.00 0.00 0.00 0.00 0.00
0.00 0.00 0.00 0.00 0.00 0.00 0.00 0.00 0.00 1.98 7.35 11.33 15.29 17.91 18.64 17.69 14.72 10.49 5.16 0.00 0.00 0.00 0.00 0.00
0.00 0.00 0.00 0.00 0.00 0.00 0.00 0.00 0.00 0.87 3.11 4.76 6.40 7.38 7.65 7.21 6.03 4.20 1.99 0.00 0.00 0.00 0.00 0.00
0.00 0.00 0.00 0.00 0.00 0.00 0.00 0.00 0.00 7.16 33.68 54.03 73.50 89.35 96.51 92.96 78.11 58.47 31.05 0.00 0.00 0.00 0.00 0.00
0.00 0.00 0.00 0.00 0.00 0.00 0.00 0.00 0.00 1.68 10.56 17.61 24.49 26.18 26.75 24.91 21.95 15.48 7.51 0.00 0.00 0.00 0.00 0.00
0.00 0.00 0.00 0.00 0.00 0.00 0.00 0.00 0.00 0.40 2.63 4.36 6.03 5.72 5.82 5.42 5.09 3.58 1.76 0.00 0.00 0.00 0.00 0.00
0.00 0.00 0.00 0.00 0.00 0.00 0.00 0.00 0.00 0.56 3.31 5.44 7.52 8.35 8.66 8.09 6.66 4.66 2.32 0.00 0.00 0.00 0.00 0.00
0.00 0.00 0.00 0.00 0.00 0.00 0.00 0.00 0.00 0.90 5.30 8.70 12.03 13.36 13.86 12.95 10.66 7.45 3.71 0.00 0.00 0.00 0.00 0.00
0.00 0.00 0.00 0.00 0.00 0.00 0.00 0.00 0.00 11.37 121.42 209.65 302.12 370.00 386.97 362.05 259.30 181.04 100.47 3.48 0.00 0.00 0.00 0.00
