0.00 0.00 0.00 0.00 0.00 0.00 0.00 0.00 0.00 0.21 1.21 2.02 2.86 3.08 3.23 3.07 2.66 1.88 1.08 0.06 0.00 0.00 0.00 0.00
0.00 0.00 0.00 0.00 0.00 0.00 0.00 0.00 0.00 9.74 27.72 41.76 54.66 59.26 60.12 57.87 47.31 33.56 18.10 0.24 0.00 0.00 0.00 0.00
0.00 0.00 0.00 0.00 0.00 0.00 0.00 0.00 0.00 4.82 27.75 46.22 65.40 70.38 73.87 70.31 60.73 42.91 24.74 1.45 0.00 0.00 0.00 0.00
0.00 0.00 0.00 0.00 0.00 0.00 0.00 0.00 0.00 17.14 98.63 164.26 232.43 250.12 262.52 249.87 215.83 152.50 87.92 5.15 0.00 0.00 0.00 0.00
0.00 0.00 0.00 0.00 0.00 0.00 0.00 0.00 0.00 1.81 4.69 6.88 8.87 10.09 10.29 9.40 7.82 5.49 2.62 0.00 0.00 0.00 0.00 0.00
0.00 0.00 0.00 0.00 0.00 0.00 0.00 0.00 0.00 34.70 226.08 381.05 545.49 599.34 631.98 598.41 471.02 337.47 201.39 18.11 0.00 0.00 0.00 0.00
0.00 0.00 0.00 0.00 0.00 0.00 0.00 0.00 0.00 0.77 2.59 3.95 5.29 5.98 6.13 5.64 4.65 3.31 1.61 0.00 0.00 0.00 0.00 0.00
0.00 0.00 0.00 0.00 0.00 0.00 0.00 0.00 0.00 0.53 1.53 2.28 2.99 3.48 3.64 3.44 2.83 2.01 1.06 0.00 0.00 0.00 0.00 0.00
0.00 0.00 0.00 0.00 0.00 0.00 0.00 0.00 0.00 0.85 2.44 3.65 4.78 5.56 5.83 5.50 4.52 3.21 1.70 0.00 0.00 0.00 0.00 0.00
0.00 0.00 0.00 0.00 0.00 0.00 0.00 0.00 0.00 0.85 2.44 3.65 4.78 5.56 5.83 5.50 4.52 3.21 1.70 0.00 0.00 0.00 0.00 0.00
0.00 0.00 0.00 0.00 0.00 0.00 0.00 0.00 0.00 1.64 5.32 8.13 11.06 12.64 13.24 12.65 10.60 7.69 4.15 0.07 0.00 0.00 0.00 0.00
0.00 0.00 0.00 0.00 0.00 0.00 0.00 0.00 0.00 0.78 2.49 3.80 5.25 6.06 6.29 5.99 5.05 3.60 1.94 0.03 0.00 0.00 0.00 0.00
0.00 0.00 0.00 0.00 0.00 0.00 0.00 0.00 0.00 1.00 3.21 4.89 6.75 7.80 8.08 7.70 6.49 4.63 2.50 0.04 0.00 0.00 0.00 0.00
0.00 0.00 0.00 0.00 0.00 0.00 0.00 0.00 0.00 0.67 2.14 3.26 4.50 5.20 5.39 5.13 4.33 3.09 1.67 0.03 0.00 0.00 0.00 0.00
0.00 0.00 0.00 0.00 0.00 0.00 0.00 0.00 0.00 0.67 2.14 3.26 4.50 5.20 5.39 5.13 4.33 3.09 1.67 0.03 0.00 0.00 0.00 0.00
0.00 0.00 0.00 0.00 0.00 0.00 0.00 0.00 0.00 9.86 29.60 45.29 63.63 58.59 61.65 59.54 50.19 35.64 20.49 2.15 0.00 0.00 0.00 0.00
0.00 0.00 0.00 0.00 0.00 0.00 0.00 0.00 0.00 5.21 16.66 25.36 33.89 38.44 40.33 38.20 32.55 23.04 12.26 0.00 0.00 0.00 0.00 0.00
0.00 0.00 0.00 0.00 0.00 0.00 0.00 0.00 0.00 4.36 14.67 22.57 30.11 33.91 34.96 33.03 27.36 19.82 10.56 0.00 0.00 0.00 0.00 0.00
0.00 0.00 0.00 0.00 0.00 0.00 0.00 0.00 0.00 10.23 66.69 112.40 160.90 176.78 186.41 176.51 138.94 99.54 59.40 5.34 0.00 0.00 0.00 0.00
0.00 0.00 0.00 0.00 0.00 0.00 0.00 0.00 0.00 9.73 63.43 106.91 153.05 168.16 177.32 167.90 132.16 94.69 56.50 5.08 0.00 0.00 0.00 0.00
0.00 0.00 0.00 0.00 0.00 0.00 0.00 0.00 0.00 18.72 121.99 205.60 294.33 323.39 341.00 322.88 254.15 182.09 108.66 9.77 0.00 0.00 0.00 0.00
0.00 0.00 0.00 0.00 0.00 0.00 0.00 0.00 0.00 18.41 119.95 202.18 289.42 318.00 335.31 317.50 249.91 179.05 106.85 9.61 0.00 0.00 0.00 0.00
0.00 0.00 0.00 0.00 0.00 0.00 0.00 0.00 0.00 17.97 118.88 201.20 283.32 322.48 336.24 318.19 275.67 195.71 112.47 14.08 0.00 0.00 0.00 0.00
0.00 0.00 0.00 0.00 0.00 0.00 0.00 0.00 0.00 0.53 1.53 2.28 2.99 3.48 3.64 3.44 2.83 2.01 1.06 0.00 0.00 0.00 0.00 0.00
0.00 0.00 0.00 0.00 0.00 0.00 0.00 0.00 0.00 2.68 7.73 11.57 15.13 17.61 18.46 17.42 14.32 10.17 5.40 0.00 0.00 0.00 0.00 0.00
0.00 0.00 0.00 0.00 0.00 0.00 0.00 0.00 0.00 13.70 39.49 59.08 77.22 89.89 94.25 88.93 73.10 51.92 27.55 0.00 0.00 0.00 0.00 0.00
0.00 0.00 0.00 0.00 0.00 0.00 0.00 0.00 0.00 0.70 4.55 7.68 10.99 12.07 12.73 12.05 9.49 6.80 4.06 0.36 0.00 0.00 0.00 0.00
0.00 0.00 0.00 0.00 0.00 0.00 0.00 0.00 0.00 16.87 97.09 161.70 228.81 246.22 258.43 245.98 212.47 150.12 86.55 5.07 0.00 0.00 0.00 0.00
0.00 0.00 0.00 0.00 0.00 0.00 0.00 0.00 0.00 2.11 7.72 12.23 16.62 19.05 20.64 20.02 16.78 12.84 7.35 0.63 0.00 0.00 0.00 0.00
0.00 0.00 0.00 0.00 0.00 0.00 0.00 0.00 0.00 10.38 51.03 82.95 114.63 122.22 125.19 117.37 100.49 73.22 39.60 0.92 0.00 0.00 0.00 0.00
0.00 0.00 0.00 0.00 0.00 0.00 0.00 0.00 0.00 0.28 1.62 2.70 3.81 4.10 4.31 4.10 3.54 2.50 1.44 0.08 0.00 0.00 0.00 0.00
0.00 0.00 0.00 0.00 0.00 0.00 0.00 0.00 0.00 12.65 72.82 121.28 171.60 184.66 193.82 184.48 159.35 112.59 64.91 3.80 0.00 0.00 0.00 0.00
0.00 0.00 0.00 0.00 0.00 0.00 0.00 0.00 0.00 16.24 93.45 155.64 220.23 236.99 248.74 236.76 204.50 144.49 83.30 4.88 0.00 0.00 0.00 0.00
0.00 0.00 0.00 0.00 0.00 0.00 0.00 0.00 0.00 23.70 156.77 265.33 373.62 425.27 443.41 419.61 363.55 258.09 148.32 18.56 0.00 0.00 0.00 0.00
0.00 0.00 0.00 0.00 0.00 0.00 0.00 0.00 0.00 1.17 3.74 5.71 7.98 9.37 10.06 9.47 7.93 5.66 3.10 0.12 0.00 0.00 0.00 0.00
0.00 0.00 0.00 0.00 0.00 0.00 0.00 0.00 0.00 1.48 4.73 7.23 10.11 11.77 12.51 11.86 9.88 7.03 3.84 0.12 0.00 0.00 0.00 0.00
0.00 0.00 0.00 0.00 0.00 0.00 0.00 0.00 0.00 8.69 31.85 50.44 68.55 78.59 85.16 82.58 69.22 52.98 30.33 2.60 0.00 0.00 0.00 0.00
0.00 0.00 0.00 0.00 0.00 0.00 0.00 0.00 0.00 2.64 104.94 190.42 266.70 300.73 322.31 307.08 268.62 193.37 111.51 12.21 0.00 0.00 0.00 0.00
0.00 0.00 0.00 0.00 0.00 0.00 0.00 0.00 0.00 0.42 1.32 2.00 2.69 3.03 3.15 2.99 2.54 1.82 0.95 0.00 0.00 0.00 0.00 0.00
0.00 0.00 0.00 0.00 0.00 0.00 0.00 0.00 0.00 4.57 24.59 40.61 56.91 62.64 64.44 60.32 52.84 37.96 21.36 1.52 0.00 0.00 0.00 0.00
0.00 0.00 0.00 0.00 0.00 0.00 0.00 0.00 0.00 0.97 8.17 14.13 20.29 21.94 23.75 22.49 20.69 15.18 9.38 1.09 0.00 0.00 0.00 0.00
0.00 0.00 0.00 0.00 0.00 0.00 0.00 0.00 0.00 0.93 3.06 4.63 6.17 6.92 6.95 6.41 5.26 3.72 1.78 0.00 0.00 0.00 0.00 0.00
0.00 0.00 0.00 0.00 0.00 0.00 0.00 0.00 0.00 0.46 1.53 2.32 3.09 3.46 3.47 3.20 2.63 1.86 0.89 0.00 0.00 0.00 0.00 0.00
0.00 0.00 0.00 0.00 0.00 0.00 0.00 0.00 0.00 1.02 3.34 5.07 6.75 7.57 7.60 7.01 5.75 4.07 1.95 0.00 0.00 0.00 0.00 0.00
0.00 0.00 0.00 0.00 0.00 0.00 0.00 0.00 0.00 1.23 3.96 6.00 7.92 9.06 9.22 8.63 7.20 5.10 2.47 0.00 0.00 0.00 0.00 0.00
0.00 0.00 0.00 0.00 0.00 0.00 0.00 0.00 0.00 1.88 6.04 9.15 12.06 13.81 14.04 13.15 10.98 7.78 3.76 0.00 0.00 0.00 0.00 0.00
0.00 0.00 0.00 0.00 0.00 0.00 0.00 0.00 0.00 1.56 5.27 8.04 10.93 12.30 12.38 11.35 9.47 6.73 3.30 0.00 0.00 0.00 0.00 0.00
0.00 0.00 0.00 0.00 0.00 0.00 0.00 0.00 0.00 0.93 4.20 6.73 9.21 9.97 10.13 9.64 8.18 5.89 3.06 0.00 0.00 0.00 0.00 0.00
0.00 0.00 0.00 0.00 0.00 0.00 0.00 0.00 0.00 2.40 10.85 17.38 23.79 25.75 26.16 24.90 21.13 15.23 7.91 0.00 0.00 0.00 0.00 0.00
0.00 0.00 0.00 0.00 0.00 0.00 0.00 0.00 0.00 0.65 2.90 4.64 6.31 6.58 6.68 6.34 5.36 3.90 2.07 0.00 0.00 0.00 0.00 0.00
0.00 0.00 0.00 0.00 0.00 0.00 0.00 0.00 0.00 2.02 6.06 9.08 11.94 13.58 14.00 13.26 11.07 7.91 4.05 0.00 0.00 0.00 0.00 0.00
0.00 0.00 0.00 0.00 0.00 0.00 0.00 0.00 0.00 3.13 9.79 14.81 20.02 23.13 23.77 21.96 18.70 13.38 6.74 0.00 0.00 0.00 0.00 0.00
0.00 0.00 0.00 0.00 0.00 0.00 0.00 0.00 0.00 0.52 1.38 2.02 2.58 3.01 3.04 2.83 2.43 1.71 0.82 0.00 0.00 0.00 0.00 0.00
0.00 0.00 0.00 0.00 0.00 0.00 0.00 0.00 0.00 2.91 7.96 11.74 15.46 18.00 18.18 16.78 13.93 9.90 4.97 0.00 0.00 0.00 0.00 0.00
0.00 0.00 0.00 0.00 0.00 0.00 0.00 0.00 0.00 2.06 5.54 8.20 10.62 12.08 12.24 11.29 9.39 6.59 3.23 0.00 0.00 0.00 0.00 0.00
0.00 0.00 0.00 0.00 0.00 0.00 0.00 0.00 0.00 2.85 7.65 11.32 14.66 16.67 16.89 15.59 12.96 9.10 4.46 0.00 0.00 0.00 0.00 0.00
0.00 0.00 0.00 0.00 0.00 0.00 0.00 0.00 0.00 1.94 5.21 7.71 9.99 11.35 11.50 10.62 8.83 6.20 3.04 0.00 0.00 0.00 0.00 0.00
0.00 0.00 0.00 0.00 0.00 0.00 0.00 0.00 0.00 1.55 4.25 6.26 8.25 9.60 9.69 8.95 7.43 5.28 2.65 0.00 0.00 0.00 0.00 0.00
0.00 0.00 0.00 0.00 0.00 0.00 0.00 0.00 0.00 1.65 4.32 6.38 8.07 9.15 9.41 8.63 7.18 5.05 2.44 0.00 0.00 0.00 0.00 0.00
0.00 0.00 0.00 0.00 0.00 0.00 0.00 0.00 0.00 1.52 4.38 6.55 8.56 9.96 10.44 9.86 8.10 5.75 3.05 0.00 0.00 0.00 0.00 0.00
0.00 0.00 0.00 0.00 0.00 0.00 0.00 0.00 0.00 12.83 38.53 58.95 82.82 76.26 80.25 77.49 65.33 46.39 26.68 2.79 0.00 0.00 0.00 0.00
0.00 0.00 0.00 0.00 0.00 0.00 0.00 0.00 0.00 1.86 6.03 9.21 12.53 14.32 15.00 14.33 12.01 8.71 4.70 0.08 0.00 0.00 0.00 0.00
0.00 0.00 0.00 0.00 0.00 0.00 0.00 0.00 0.00 3.02 9.18 13.83 18.87 21.93 22.51 21.42 17.82 12.77 6.73 0.00 0.00 0.00 0.00 0.00
0.00 0.00 0.00 0.00 0.00 0.00 0.00 0.00 0.00 1.38 4.21 6.34 8.65 10.05 10.32 9.82 8.17 5.86 3.08 0.00 0.00 0.00 0.00 0.00
0.00 0.00 0.00 0.00 0.00 0.00 0.00 0.00 0.00 2.32 7.51 11.47 15.50 17.65 18.43 17.60 14.77 10.78 5.81 0.09 0.00 0.00 0.00 0.00
0.00 0.00 0.00 0.00 0.00 0.00 0.00 0.00 0.00 1.02 3.21 4.87 6.54 7.35 7.65 7.27 6.18 4.42 2.32 0.00 0.00 0.00 0.00 0.00
0.00 0.00 0.00 0.00 0.00 0.00 0.00 0.00 0.00 8.99 32.97 52.22 70.97 81.37 88.17 85.50 71.67 54.85 31.40 2.69 0.00 0.00 0.00 0.00
0.00 0.00 0.00 0.00 0.00 0.00 0.00 0.00 0.00 2.48 12.20 19.84 27.41 29.23 29.94 28.07 24.03 17.51 9.47 0.22 0.00 0.00 0.00 0.00
0.00 0.00 0.00 0.00 0.00 0.00 0.00 0.00 0.00 0.59 2.78 4.51 6.21 6.72 6.85 6.42 5.51 4.00 2.18 0.07 0.00 0.00 0.00 0.00
0.00 0.00 0.00 0.00 0.00 0.00 0.00 0.00 0.00 0.79 3.51 5.65 7.77 8.51 8.84 8.31 7.05 5.07 2.78 0.13 0.00 0.00 0.00 0.00
0.00 0.00 0.00 0.00 0.00 0.00 0.00 0.00 0.00 1.26 5.61 9.03 12.43 13.61 14.14 13.30 11.27 8.11 4.45 0.20 0.00 0.00 0.00 0.00
0.00 0.00 0.00 0.00 0.00 0.00 0.00 0.00 0.00 19.03 124.02 209.03 299.23 328.78 346.68 328.26 258.39 185.12 110.47 9.94 0.00 0.00 0.00 0.00
