0.00 0.00 0.00 0.00 0.00 0.00 0.00 0.25 1.16 2.03 2.96 3.91 4.72 5.27 5.41 5.09 4.51 3.65 2.61 1.59 0.68 0.00 0.00 0.00
0.00 0.00 0.00 0.00 0.00 0.00 0.00 5.24 19.03 32.10 44.46 57.45 66.94 69.14 68.98 64.05 60.29 47.38 31.30 15.50 3.64 0.00 0.00 0.00
0.00 0.00 0.00 0.00 0.00 0.00 0.00 5.72 26.50 46.38 67.79 89.36 108.03 120.50 123.80 116.33 103.07 83.38 59.77 36.25 15.45 0.00 0.00 0.00
0.00 0.00 0.00 0.00 0.00 0.00 0.00 20.32 94.17 164.83 240.94 317.58 383.93 428.23 439.98 413.42 366.31 296.31 212.41 128.84 54.91 0.00 0.00 0.00
0.00 0.00 0.00 0.00 0.00 0.00 0.00 0.96 2.54 4.24 8.50 10.73 12.17 8.92 8.86 7.98 9.69 7.54 4.98 1.29 0.23 0.00 0.00 0.00
0.00 0.00 0.00 0.00 0.00 0.00 0.00 30.89 201.03 364.72 545.54 722.63 869.94 945.19 966.62 916.28 845.27 684.17 481.36 275.88 119.58 0.00 0.00 0.00
0.00 0.00 0.00 0.00 0.00 0.00 0.00 0.68 1.83 3.03 5.16 6.62 7.62 9.03 9.08 8.45 6.18 4.90 3.35 1.48 0.47 0.00 0.00 0.00
0.00 0.00 0.00 0.00 0.00 0.00 0.00 0.35 1.16 1.94 2.88 3.67 4.20 4.38 4.47 4.20 3.13 2.43 1.63 0.48 0.12 0.00 0.00 0.00
0.00 0.00 0.00 0.00 0.00 0.00 0.00 0.56 1.86 3.10 4.60 5.87 6.72 7.00 7.15 6.71 5.01 3.88 2.61 0.77 0.20 0.00 0.00 0.00
0.00 0.00 0.00 0.00 0.00 0.00 0.00 0.56 1.86 3.10 4.60 5.87 6.72 7.00 7.15 6.71 5.01 3.88 2.61 0.77 0.20 0.00 0.00 0.00
0.00 0.00 0.00 0.00 0.00 0.00 0.00 1.17 4.12 6.93 11.05 14.90 17.74 12.07 12.09 11.47 12.98 10.42 7.16 4.52 1.38 0.00 0.00 0.00
0.00 0.00 0.00 0.00 0.00 0.00 0.00 0.49 1.71 2.88 4.85 6.53 7.77 5.81 5.87 5.53 5.61 4.47 3.06 2.02 0.61 0.00 0.00 0.00
0.00 0.00 0.00 0.00 0.00 0.00 0.00 0.63 2.20 3.71 6.23 8.40 9.99 7.47 7.55 7.11 7.22 5.75 3.93 2.59 0.78 0.00 0.00 0.00
0.00 0.00 0.00 0.00 0.00 0.00 0.00 0.42 1.47 2.47 4.15 5.60 6.66 4.98 5.03 4.74 4.81 3.83 2.62 1.73 0.52 0.00 0.00 0.00
0.00 0.00 0.00 0.00 0.00 0.00 0.00 0.42 1.47 2.47 4.15 5.60 6.66 4.98 5.03 4.74 4.81 3.83 2.62 1.73 0.52 0.00 0.00 0.00
0.00 0.00 0.00 0.00 0.00 0.00 0.00 4.70 25.59 45.42 69.92 91.35 104.15 111.49 113.32 107.82 92.68 72.56 48.82 24.09 6.64 0.00 0.00 0.00
0.00 0.00 0.00 0.00 0.00 0.00 0.00 4.24 14.11 23.48 37.16 49.27 58.82 40.92 41.40 38.88 40.64 32.45 22.66 14.76 4.44 0.00 0.00 0.00
0.00 0.00 0.00 0.00 0.00 0.00 0.00 3.83 12.73 21.18 27.25 34.87 41.13 36.10 36.52 34.83 33.97 26.84 18.38 11.37 3.67 0.00 0.00 0.00
0.00 0.00 0.00 0.00 0.00 0.00 0.00 9.11 59.30 107.58 160.92 213.15 256.60 278.80 285.12 270.27 249.33 201.80 141.98 81.38 35.27 0.00 0.00 0.00
0.00 0.00 0.00 0.00 0.00 0.00 0.00 8.67 56.40 102.33 153.07 202.75 244.08 265.20 271.21 257.09 237.16 191.96 135.06 77.41 33.55 0.00 0.00 0.00
0.00 0.00 0.00 0.00 0.00 0.00 0.00 16.67 108.47 196.79 294.36 389.91 469.39 510.00 521.56 494.40 456.08 369.15 259.72 148.86 64.52 0.00 0.00 0.00
0.00 0.00 0.00 0.00 0.00 0.00 0.00 16.39 106.66 193.51 289.45 383.41 461.57 501.50 512.86 486.16 448.48 363.00 255.40 146.38 63.45 0.00 0.00 0.00
0.00 0.00 0.00 0.00 0.00 0.00 0.00 28.46 126.15 219.70 314.50 416.00 503.50 543.93 554.59 543.11 490.11 394.13 283.90 172.27 76.22 0.00 0.00 0.00
0.00 0.00 0.00 0.00 0.00 0.00 0.00 0.35 1.16 1.94 2.88 3.67 4.20 4.38 4.47 4.20 3.13 2.43 1.63 0.48 0.12 0.00 0.00 0.00
0.00 0.00 0.00 0.00 0.00 0.00 0.00 1.76 5.90 9.81 14.58 18.58 21.29 22.18 22.64 21.26 15.86 12.29 8.26 2.45 0.62 0.00 0.00 0.00
0.00 0.00 0.00 0.00 0.00 0.00 0.00 8.98 30.12 50.07 74.41 94.83 108.71 113.22 115.58 108.52 80.95 62.74 42.17 12.52 3.17 0.00 0.00 0.00
0.00 0.00 0.00 0.00 0.00 0.00 0.00 0.62 4.05 7.35 10.99 14.56 17.52 19.04 19.47 18.46 17.03 13.78 9.70 5.56 2.41 0.00 0.00 0.00
0.00 0.00 0.00 0.00 0.00 0.00 0.00 20.01 92.71 162.26 237.18 312.63 377.94 421.56 433.12 406.98 360.60 291.70 209.10 126.83 54.06 0.00 0.00 0.00
0.00 0.00 0.00 0.00 0.00 0.00 0.00 1.13 5.37 9.43 14.63 20.33 25.77 27.86 28.61 27.64 23.28 18.71 12.98 8.25 2.94 0.00 0.00 0.00
0.00 0.00 0.00 0.00 0.00 0.00 0.00 14.97 49.87 83.07 117.45 150.21 175.30 185.48 193.57 183.70 161.53 131.26 93.39 60.63 24.73 0.00 0.00 0.00
0.00 0.00 0.00 0.00 0.00 0.00 0.00 0.33 1.55 2.70 3.95 5.21 6.30 7.03 7.22 6.78 6.01 4.86 3.49 2.11 0.90 0.00 0.00 0.00
0.00 0.00 0.00 0.00 0.00 0.00 0.00 15.01 69.53 121.70 177.89 234.47 283.46 316.17 324.84 305.23 270.45 218.77 156.83 95.13 40.54 0.00 0.00 0.00
0.00 0.00 0.00 0.00 0.00 0.00 0.00 19.26 89.23 156.18 228.29 300.91 363.77 405.75 416.88 391.72 347.08 280.76 201.26 122.08 52.03 0.00 0.00 0.00
0.00 0.00 0.00 0.00 0.00 0.00 0.00 37.53 166.36 289.72 414.74 548.60 664.00 717.31 731.36 716.23 646.33 519.76 374.39 227.18 100.52 0.00 0.00 0.00
0.00 0.00 0.00 0.00 0.00 0.00 0.00 0.66 2.53 4.30 7.33 9.69 11.53 11.34 11.42 10.83 8.69 6.80 4.68 3.03 0.92 0.00 0.00 0.00
0.00 0.00 0.00 0.00 0.00 0.00 0.00 0.87 3.26 5.53 9.31 12.22 14.64 13.94 14.11 13.44 9.79 7.61 5.32 3.72 1.13 0.00 0.00 0.00
0.00 0.00 0.00 0.00 0.00 0.00 0.00 4.67 22.15 38.90 60.34 83.87 106.32 114.92 118.00 114.03 96.04 77.17 53.56 34.01 12.15 0.00 0.00 0.00
0.00 0.00 0.00 0.00 0.00 0.00 0.00 30.73 129.14 223.94 334.92 433.54 514.83 545.46 555.30 519.06 467.00 377.63 275.96 170.54 84.46 0.00 0.00 0.00
0.00 0.00 0.00 0.00 0.00 0.00 0.00 0.35 1.12 1.84 2.83 3.71 4.36 3.09 3.10 2.94 2.92 2.32 1.61 0.96 0.28 0.00 0.00 0.00
0.00 0.00 0.00 0.00 0.00 0.00 0.00 6.28 24.96 42.81 61.62 79.46 94.57 103.32 104.23 98.09 86.79 70.30 51.33 32.94 13.84 0.00 0.00 0.00
0.00 0.00 0.00 0.00 0.00 0.00 0.00 0.52 7.03 13.31 19.83 26.46 31.79 34.28 34.69 31.81 26.27 20.95 14.94 9.64 4.31 0.00 0.00 0.00
0.00 0.00 0.00 0.00 0.00 0.00 0.00 0.80 2.06 3.40 6.60 8.39 9.64 10.10 10.06 9.43 6.95 5.45 3.68 1.47 0.46 0.00 0.00 0.00
0.00 0.00 0.00 0.00 0.00 0.00 0.00 0.40 1.03 1.70 3.30 4.20 4.82 5.05 5.03 4.71 3.47 2.72 1.84 0.73 0.23 0.00 0.00 0.00
0.00 0.00 0.00 0.00 0.00 0.00 0.00 0.87 2.25 3.72 7.22 9.18 10.54 11.05 11.01 10.31 7.60 5.96 4.03 1.60 0.50 0.00 0.00 0.00
0.00 0.00 0.00 0.00 0.00 0.00 0.00 1.21 3.18 5.25 8.84 11.11 12.82 12.24 12.25 11.45 9.28 7.22 4.95 2.40 0.74 0.00 0.00 0.00
0.00 0.00 0.00 0.00 0.00 0.00 0.00 1.84 4.84 8.01 13.48 16.93 19.53 18.65 18.66 17.45 14.15 11.01 7.55 3.65 1.12 0.00 0.00 0.00
0.00 0.00 0.00 0.00 0.00 0.00 0.00 1.40 3.78 6.24 10.25 13.28 15.12 18.27 18.26 17.07 12.66 10.09 6.83 3.08 0.99 0.00 0.00 0.00
0.00 0.00 0.00 0.00 0.00 0.00 0.00 1.32 3.92 6.38 8.79 11.05 12.79 13.24 13.77 13.42 12.34 9.78 6.86 4.45 1.75 0.00 0.00 0.00
0.00 0.00 0.00 0.00 0.00 0.00 0.00 3.42 10.13 16.48 22.71 28.56 33.03 34.21 35.58 34.67 31.87 25.26 17.73 11.49 4.52 0.00 0.00 0.00
0.00 0.00 0.00 0.00 0.00 0.00 0.00 0.82 2.62 4.32 5.91 7.55 8.83 9.64 9.83 9.44 8.78 7.04 4.89 3.17 1.23 0.00 0.00 0.00
0.00 0.00 0.00 0.00 0.00 0.00 0.00 1.87 5.57 9.13 12.50 16.63 19.38 14.82 15.06 13.97 10.57 8.34 5.75 3.18 0.89 0.00 0.00 0.00
0.00 0.00 0.00 0.00 0.00 0.00 0.00 3.49 9.93 16.20 20.71 26.72 31.86 29.30 29.84 27.97 25.13 19.72 13.28 7.10 2.13 0.00 0.00 0.00
0.00 0.00 0.00 0.00 0.00 0.00 0.00 0.38 1.01 1.62 2.85 3.59 4.01 3.72 3.64 3.37 2.32 1.81 1.19 0.45 0.09 0.00 0.00 0.00
0.00 0.00 0.00 0.00 0.00 0.00 0.00 2.70 7.81 12.80 18.70 23.17 26.00 25.08 25.27 23.37 15.81 12.10 7.90 4.23 0.93 0.00 0.00 0.00
0.00 0.00 0.00 0.00 0.00 0.00 0.00 1.63 4.48 7.35 12.83 16.04 17.53 15.84 15.46 14.52 9.97 7.67 5.08 2.67 0.55 0.00 0.00 0.00
0.00 0.00 0.00 0.00 0.00 0.00 0.00 2.24 6.19 10.14 17.70 22.13 24.19 21.87 21.34 20.03 13.76 10.58 7.01 3.68 0.76 0.00 0.00 0.00
0.00 0.00 0.00 0.00 0.00 0.00 0.00 1.53 4.22 6.90 12.06 15.07 16.48 14.89 14.54 13.64 9.38 7.21 4.78 2.51 0.52 0.00 0.00 0.00
0.00 0.00 0.00 0.00 0.00 0.00 0.00 1.44 4.16 6.83 9.97 12.36 13.87 13.37 13.48 12.46 8.43 6.45 4.21 2.25 0.50 0.00 0.00 0.00
0.00 0.00 0.00 0.00 0.00 0.00 0.00 0.99 2.67 4.38 8.39 10.47 11.70 8.33 8.33 7.68 8.01 6.24 4.23 1.55 0.29 0.00 0.00 0.00
0.00 0.00 0.00 0.00 0.00 0.00 0.00 0.99 3.34 5.55 8.25 10.51 12.05 12.55 12.81 12.03 8.97 6.95 4.67 1.39 0.35 0.00 0.00 0.00
0.00 0.00 0.00 0.00 0.00 0.00 0.00 6.11 33.31 59.12 91.01 118.90 135.56 145.11 147.49 140.33 120.63 94.45 63.55 31.36 8.64 0.00 0.00 0.00
0.00 0.00 0.00 0.00 0.00 0.00 0.00 1.33 4.67 7.85 12.52 16.89 20.11 13.68 13.70 13.00 14.71 11.81 8.12 5.12 1.56 0.00 0.00 0.00
0.00 0.00 0.00 0.00 0.00 0.00 0.00 1.95 6.33 10.48 15.82 20.87 24.97 27.63 28.11 26.19 20.98 16.66 11.49 5.17 1.46 0.00 0.00 0.00
0.00 0.00 0.00 0.00 0.00 0.00 0.00 0.89 2.90 4.80 7.25 9.56 11.44 12.66 12.88 12.01 9.62 7.64 5.26 2.37 0.67 0.00 0.00 0.00
0.00 0.00 0.00 0.00 0.00 0.00 0.00 1.78 6.19 10.39 16.21 21.77 25.96 17.70 17.62 16.71 18.41 14.71 10.24 6.51 1.99 0.00 0.00 0.00
0.00 0.00 0.00 0.00 0.00 0.00 0.00 0.85 2.71 4.47 6.88 9.01 10.58 7.50 7.53 7.13 7.09 5.64 3.92 2.33 0.68 0.00 0.00 0.00
0.00 0.00 0.00 0.00 0.00 0.00 0.00 4.83 22.93 40.28 62.47 86.84 110.08 118.99 122.17 118.06 99.43 79.90 55.45 35.21 12.58 0.00 0.00 0.00
0.00 0.00 0.00 0.00 0.00 0.00 0.00 3.58 11.93 19.87 28.09 35.92 41.92 44.35 46.29 43.93 38.63 31.39 22.33 14.50 5.91 0.00 0.00 0.00
0.00 0.00 0.00 0.00 0.00 0.00 0.00 0.76 2.62 4.40 6.27 8.01 9.44 9.82 9.97 9.48 8.72 7.03 4.95 3.34 1.35 0.00 0.00 0.00
0.00 0.00 0.00 0.00 0.00 0.00 0.00 0.89 3.17 5.35 7.55 9.68 11.38 12.11 12.47 12.10 11.43 9.00 6.35 4.16 1.63 0.00 0.00 0.00
0.00 0.00 0.00 0.00 0.00 0.00 0.00 1.42 5.08 8.55 12.07 15.49 18.20 19.38 19.95 19.36 18.29 14.40 10.15 6.65 2.60 0.00 0.00 0.00
0.00 0.00 0.00 0.00 0.00 0.00 0.00 16.95 110.28 200.07 299.26 396.40 477.22 518.50 530.25 502.64 463.68 375.31 264.05 151.34 65.60 0.00 0.00 0.00
