0.00 0.00 0.00 0.00 0.00 0.00 0.00 0.00 0.00 0.64 1.59 2.35 3.13 3.90 4.09 3.94 3.13 2.35 1.55 0.44 0.00 0.00 0.00 0.00
0.00 0.00 0.00 0.00 0.00 0.00 0.00 0.00 0.00 13.44 27.89 41.94 52.72 57.68 59.75 57.52 50.99 38.62 24.00 4.74 0.00 0.00 0.00 0.00
0.00 0.00 0.00 0.00 0.00 0.00 0.00 0.00 0.00 14.62 36.34 53.77 71.65 89.28 93.48 90.13 71.53 53.69 35.37 10.13 0.00 0.00 0.00 0.00
0.00 0.00 0.00 0.00 0.00 0.00 0.00 0.00 0.00 51.95 129.13 191.10 254.65 317.28 332.24 320.32 254.21 190.80 125.70 36.00 0.00 0.00 0.00 0.00
0.00 0.00 0.00 0.00 0.00 0.00 0.00 0.00 0.22 2.16 4.43 6.47 8.06 8.88 8.81 8.40 7.30 5.34 3.12 0.35 0.00 0.00 0.00 0.00
0.00 0.00 0.00 0.00 0.00 0.00 0.00 0.00 0.00 109.20 297.51 445.15 593.70 734.82 786.52 759.78 596.70 444.21 293.67 101.38 0.00 0.00 0.00 0.00
0.00 0.00 0.00 0.00 0.00 0.00 0.00 0.00 0.00 1.36 1.94 2.92 3.78 4.45 4.44 4.27 4.34 3.05 1.83 0.23 0.00 0.00 0.00 0.00
0.00 0.00 0.00 0.00 0.00 0.00 0.00 0.00 0.00 0.71 1.41 2.14 2.83 3.25 3.32 3.26 2.99 2.24 1.39 0.31 0.00 0.00 0.00 0.00
0.00 0.00 0.00 0.00 0.00 0.00 0.00 0.00 0.00 1.13 2.26 3.43 4.53 5.19 5.31 5.22 4.79 3.58 2.22 0.50 0.00 0.00 0.00 0.00
0.00 0.00 0.00 0.00 0.00 0.00 0.00 0.00 0.00 1.13 2.26 3.43 4.53 5.19 5.31 5.22 4.79 3.58 2.22 0.50 0.00 0.00 0.00 0.00
0.00 0.00 0.00 0.00 0.00 0.00 0.00 0.00 0.00 2.43 4.22 6.34 8.58 11.11 11.41 11.14 11.86 8.73 5.47 1.04 0.00 0.00 0.00 0.00
0.00 0.00 0.00 0.00 0.00 0.00 0.00 0.00 0.00 1.22 2.08 3.18 4.28 5.48 5.61 5.47 5.53 4.11 2.58 0.54 0.00 0.00 0.00 0.00
0.00 0.00 0.00 0.00 0.00 0.00 0.00 0.00 0.00 1.56 2.68 4.09 5.50 7.04 7.22 7.03 7.11 5.28 3.31 0.69 0.00 0.00 0.00 0.00
0.00 0.00 0.00 0.00 0.00 0.00 0.00 0.00 0.00 1.04 1.79 2.73 3.67 4.69 4.81 4.69 4.74 3.52 2.21 0.46 0.00 0.00 0.00 0.00
0.00 0.00 0.00 0.00 0.00 0.00 0.00 0.00 0.00 1.04 1.79 2.73 3.67 4.69 4.81 4.69 4.74 3.52 2.21 0.46 0.00 0.00 0.00 0.00
0.00 0.00 0.00 0.00 0.00 0.00 0.00 0.00 0.00 16.97 36.45 55.40 71.13 79.87 84.03 81.28 74.38 55.27 35.49 10.75 0.00 0.00 0.00 0.00
0.00 0.00 0.00 0.00 0.00 0.00 0.00 0.00 0.00 7.38 13.25 20.15 27.53 31.51 31.80 31.09 34.77 25.66 15.97 2.77 0.00 0.00 0.00 0.00
0.00 0.00 0.00 0.00 0.00 0.00 0.00 0.00 0.00 6.73 12.71 19.23 25.22 26.45 27.07 26.20 29.58 21.81 13.61 2.25 0.00 0.00 0.00 0.00
0.00 0.00 0.00 0.00 0.00 0.00 0.00 0.00 0.00 32.21 87.75 131.30 175.12 216.75 231.99 224.11 176.00 131.03 86.62 29.90 0.00 0.00 0.00 0.00
0.00 0.00 0.00 0.00 0.00 0.00 0.00 0.00 0.00 30.64 83.47 124.90 166.58 206.17 220.68 213.18 167.42 124.64 82.40 28.44 0.00 0.00 0.00 0.00
0.00 0.00 0.00 0.00 0.00 0.00 0.00 0.00 0.00 58.92 160.53 240.19 320.34 396.49 424.38 409.95 321.96 239.68 158.46 54.70 0.00 0.00 0.00 0.00
0.00 0.00 0.00 0.00 0.00 0.00 0.00 0.00 0.00 57.94 157.85 236.19 315.01 389.88 417.31 403.12 316.59 235.69 155.82 53.79 0.00 0.00 0.00 0.00
0.00 0.00 0.00 0.00 0.00 0.00 0.00 0.00 0.00 68.37 177.33 263.68 350.74 437.31 453.08 439.08 343.67 257.01 169.71 49.25 0.00 0.00 0.00 0.00
0.00 0.00 0.00 0.00 0.00 0.00 0.00 0.00 0.00 0.71 1.41 2.14 2.83 3.25 3.32 3.26 2.99 2.24 1.39 0.31 0.00 0.00 0.00 0.00
0.00 0.00 0.00 0.00 0.00 0.00 0.00 0.00 0.00 3.59 7.16 10.86 14.35 16.45 16.83 16.53 15.17 11.35 7.02 1.59 0.00 0.00 0.00 0.00
0.00 0.00 0.00 0.00 0.00 0.00 0.00 0.00 0.00 18.33 36.54 55.45 73.25 83.97 85.91 84.37 77.46 57.94 35.86 8.13 0.00 0.00 0.00 0.00
0.00 0.00 0.00 0.00 0.00 0.00 0.00 0.00 0.00 2.20 5.99 8.97 11.96 14.80 15.84 15.30 12.02 8.95 5.92 2.04 0.00 0.00 0.00 0.00
0.00 0.00 0.00 0.00 0.00 0.00 0.00 0.00 0.00 51.14 127.12 188.12 250.68 312.34 327.06 315.32 250.25 187.82 123.74 35.44 0.00 0.00 0.00 0.00
0.00 0.00 0.00 0.00 0.00 0.00 0.00 0.00 0.00 4.03 9.01 13.35 17.99 22.46 23.92 23.00 21.22 16.47 10.69 2.69 0.00 0.00 0.00 0.00
0.00 0.00 0.00 0.00 0.00 0.00 0.00 0.00 0.00 17.47 64.78 94.25 121.08 151.81 153.83 147.48 121.31 90.38 57.61 12.70 0.00 0.00 0.00 0.00
0.00 0.00 0.00 0.00 0.00 0.00 0.00 0.00 0.00 0.85 2.12 3.14 4.18 5.21 5.45 5.26 4.17 3.13 2.06 0.59 0.00 0.00 0.00 0.00
0.00 0.00 0.00 0.00 0.00 0.00 0.00 0.00 0.00 38.35 95.34 141.09 188.01 234.25 245.29 236.49 187.68 140.87 92.81 26.58 0.00 0.00 0.00 0.00
0.00 0.00 0.00 0.00 0.00 0.00 0.00 0.00 0.00 49.22 122.35 181.07 241.28 300.63 314.79 303.50 240.86 180.78 119.10 34.11 0.00 0.00 0.00 0.00
0.00 0.00 0.00 0.00 0.00 0.00 0.00 0.00 0.00 90.17 233.86 347.73 462.54 576.71 597.50 579.04 453.21 338.93 223.80 64.95 0.00 0.00 0.00 0.00
0.00 0.00 0.00 0.00 0.00 0.00 0.00 0.00 0.00 1.90 3.70 5.73 7.78 9.48 9.95 9.63 8.51 6.35 4.01 1.04 0.00 0.00 0.00 0.00
0.00 0.00 0.00 0.00 0.00 0.00 0.00 0.00 0.00 2.38 4.43 6.92 9.35 11.50 12.10 11.73 10.78 8.01 5.06 1.22 0.00 0.00 0.00 0.00
0.00 0.00 0.00 0.00 0.00 0.00 0.00 0.00 0.00 16.62 37.17 55.09 74.21 92.63 98.67 94.89 87.55 67.93 44.08 11.09 0.00 0.00 0.00 0.00
0.00 0.00 0.00 0.00 0.00 0.00 0.00 0.00 0.00 55.26 176.51 271.30 369.93 448.66 475.68 455.74 401.14 307.42 205.81 58.62 0.00 0.00 0.00 0.00
0.00 0.00 0.00 0.00 0.00 0.00 0.00 0.00 0.00 0.60 1.12 1.70 2.31 2.45 2.47 2.36 2.65 1.97 1.22 0.20 0.00 0.00 0.00 0.00
0.00 0.00 0.00 0.00 0.00 0.00 0.00 0.00 0.00 13.14 32.94 48.37 64.60 79.15 81.87 78.45 62.64 46.39 30.21 8.42 0.00 0.00 0.00 0.00
0.00 0.00 0.00 0.00 0.00 0.00 0.00 0.00 0.00 3.81 11.60 17.82 24.66 29.78 31.85 30.16 23.97 18.01 11.71 4.00 0.00 0.00 0.00 0.00
0.00 0.00 0.00 0.00 0.00 0.00 0.00 0.00 0.00 1.53 2.07 3.04 3.89 4.91 5.00 4.72 5.31 3.77 2.23 0.21 0.00 0.00 0.00 0.00
0.00 0.00 0.00 0.00 0.00 0.00 0.00 0.00 0.00 0.77 1.04 1.52 1.94 2.46 2.50 2.36 2.65 1.88 1.12 0.11 0.00 0.00 0.00 0.00
0.00 0.00 0.00 0.00 0.00 0.00 0.00 0.00 0.00 1.67 2.27 3.33 4.25 5.37 5.47 5.16 5.81 4.12 2.44 0.24 0.00 0.00 0.00 0.00
0.00 0.00 0.00 0.00 0.00 0.00 0.00 0.00 0.00 1.81 2.62 3.87 4.98 6.84 6.92 6.60 7.26 5.16 3.08 0.31 0.00 0.00 0.00 0.00
0.00 0.00 0.00 0.00 0.00 0.00 0.00 0.00 0.00 2.76 3.99 5.89 7.59 10.42 10.54 10.05 11.06 7.86 4.69 0.48 0.00 0.00 0.00 0.00
0.00 0.00 0.00 0.00 0.00 0.00 0.00 0.00 0.00 2.76 4.08 6.08 7.85 8.96 8.96 8.66 8.55 5.96 3.58 0.55 0.00 0.00 0.00 0.00
0.00 0.00 0.00 0.00 0.00 0.00 0.00 0.00 0.00 1.12 4.28 6.22 8.03 11.22 11.24 10.57 9.88 7.20 4.49 0.85 0.00 0.00 0.00 0.00
0.00 0.00 0.00 0.00 0.00 0.00 0.00 0.00 0.00 2.90 11.05 16.06 20.76 28.99 29.04 27.31 25.53 18.59 11.61 2.18 0.00 0.00 0.00 0.00
0.00 0.00 0.00 0.00 0.00 0.00 0.00 0.00 0.00 0.77 3.10 4.55 5.91 7.53 7.59 7.21 6.40 4.77 3.00 0.65 0.00 0.00 0.00 0.00
0.00 0.00 0.00 0.00 0.00 0.00 0.00 0.00 0.00 2.79 5.45 8.35 10.77 13.23 13.67 13.22 11.14 8.17 4.98 0.85 0.00 0.00 0.00 0.00
0.00 0.00 0.00 0.00 0.00 0.00 0.00 0.00 0.00 4.05 7.86 11.85 15.30 17.70 17.91 17.28 19.19 13.96 8.46 1.04 0.00 0.00 0.00 0.00
0.00 0.00 0.00 0.00 0.00 0.00 0.00 0.00 0.07 0.74 1.37 1.97 2.41 2.62 2.61 2.52 2.39 1.76 1.03 0.15 0.00 0.00 0.00 0.00
0.00 0.00 0.00 0.00 0.00 0.00 0.00 0.00 0.17 4.02 7.46 11.21 14.06 16.58 16.61 16.25 14.14 10.29 6.18 1.14 0.00 0.00 0.00 0.00
0.00 0.00 0.00 0.00 0.00 0.00 0.00 0.00 0.19 2.79 5.22 7.79 9.56 10.55 10.70 10.34 9.30 6.72 3.99 0.69 0.00 0.00 0.00 0.00
0.00 0.00 0.00 0.00 0.00 0.00 0.00 0.00 0.27 3.84 7.21 10.75 13.19 14.56 14.77 14.28 12.83 9.27 5.50 0.96 0.00 0.00 0.00 0.00
0.00 0.00 0.00 0.00 0.00 0.00 0.00 0.00 0.18 2.62 4.91 7.32 8.99 9.91 10.06 9.72 8.74 6.31 3.75 0.65 0.00 0.00 0.00 0.00
0.00 0.00 0.00 0.00 0.00 0.00 0.00 0.00 0.09 2.14 3.98 5.98 7.50 8.84 8.86 8.67 7.54 5.49 3.30 0.61 0.00 0.00 0.00 0.00
0.00 0.00 0.00 0.00 0.00 0.00 0.00 0.00 0.20 2.09 4.02 5.94 7.17 8.07 8.14 7.67 6.78 5.00 2.94 0.41 0.00 0.00 0.00 0.00
0.00 0.00 0.00 0.00 0.00 0.00 0.00 0.00 0.00 2.03 4.05 6.15 8.12 9.31 9.52 9.35 8.58 6.42 3.97 0.90 0.00 0.00 0.00 0.00
0.00 0.00 0.00 0.00 0.00 0.00 0.00 0.00 0.00 22.09 47.44 72.11 92.58 103.96 109.38 105.79 96.81 71.94 46.19 14.00 0.00 0.00 0.00 0.00
0.00 0.00 0.00 0.00 0.00 0.00 0.00 0.00 0.00 2.75 4.79 7.18 9.72 12.59 12.93 12.62 13.44 9.89 6.20 1.18 0.00 0.00 0.00 0.00
0.00 0.00 0.00 0.00 0.00 0.00 0.00 0.00 0.00 4.30 8.97 14.01 18.53 19.58 19.79 19.68 18.57 13.59 8.41 1.78 0.00 0.00 0.00 0.00
0.00 0.00 0.00 0.00 0.00 0.00 0.00 0.00 0.00 1.97 4.11 6.42 8.49 8.98 9.07 9.02 8.51 6.23 3.86 0.81 0.00 0.00 0.00 0.00
0.00 0.00 0.00 0.00 0.00 0.00 0.00 0.00 0.00 3.27 5.92 8.83 12.02 15.47 15.83 15.36 16.58 12.25 7.67 1.38 0.00 0.00 0.00 0.00
0.00 0.00 0.00 0.00 0.00 0.00 0.00 0.00 0.00 1.46 2.71 4.14 5.60 5.96 6.01 5.74 6.43 4.79 2.96 0.49 0.00 0.00 0.00 0.00
0.00 0.00 0.00 0.00 0.00 0.00 0.00 0.00 0.00 17.21 38.48 57.03 76.84 95.90 102.16 98.24 90.64 70.34 45.64 11.49 0.00 0.00 0.00 0.00
0.00 0.00 0.00 0.00 0.00 0.00 0.00 0.00 0.00 4.18 15.49 22.54 28.95 36.30 36.79 35.27 29.01 21.61 13.78 3.04 0.00 0.00 0.00 0.00
0.00 0.00 0.00 0.00 0.00 0.00 0.00 0.00 0.00 1.03 3.40 4.98 6.47 7.63 7.81 7.53 6.55 4.83 3.09 0.70 0.00 0.00 0.00 0.00
0.00 0.00 0.00 0.00 0.00 0.00 0.00 0.00 0.00 0.91 4.11 6.05 7.75 8.72 8.93 8.52 8.08 6.07 3.88 0.84 0.00 0.00 0.00 0.00
0.00 0.00 0.00 0.00 0.00 0.00 0.00 0.00 0.00 1.46 6.57 9.69 12.39 13.95 14.29 13.64 12.93 9.72 6.21 1.35 0.00 0.00 0.00 0.00
0.00 0.00 0.00 0.00 0.00 0.00 0.00 0.00 0.00 59.90 163.20 244.19 325.68 403.09 431.45 416.79 327.32 243.68 161.10 55.61 0.00 0.00 0.00 0.00
