0.00 0.00 0.00 0.00 0.00 0.00 0.00 0.00 0.24 1.23 2.28 3.35 4.24 4.75 4.91 4.71 4.15 3.22 2.03 0.72 0.00 0.00 0.00 0.00
0.00 0.00 0.00 0.00 0.00 0.00 0.00 0.00 7.03 20.71 33.71 47.30 57.91 59.95 61.00 59.01 51.43 38.59 24.17 6.91 0.00 0.00 0.00 0.00
0.00 0.00 0.00 0.00 0.00 0.00 0.00 0.00 5.53 28.05 52.17 76.71 96.98 108.63 112.34 107.62 94.89 73.69 46.39 16.45 0.00 0.00 0.00 0.00
0.00 0.00 0.00 0.00 0.00 0.00 0.00 0.00 19.65 99.68 185.42 272.64 344.67 386.06 399.23 382.47 337.22 261.90 164.87 58.47 0.00 0.00 0.00 0.00
0.00 0.00 0.00 0.00 0.00 0.00 0.00 0.00 1.54 3.76 6.05 8.76 10.57 10.60 10.61 9.74 7.79 5.70 3.59 0.96 0.00 0.00 0.00 0.00
0.00 0.00 0.00 0.00 0.00 0.00 0.00 0.00 34.03 221.03 423.71 632.94 794.63 899.78 955.96 926.87 799.12 623.58 405.56 150.55 2.39 0.00 0.00 0.00
0.00 0.00 0.00 0.00 0.00 0.00 0.00 0.00 0.93 2.60 4.10 5.79 6.91 7.36 7.29 6.84 5.48 4.15 2.64 0.70 0.00 0.00 0.00 0.00
0.00 0.00 0.00 0.00 0.00 0.00 0.00 0.00 0.40 1.16 1.89 2.65 3.35 3.44 3.48 3.41 3.05 2.28 1.43 0.46 0.00 0.00 0.00 0.00
0.00 0.00 0.00 0.00 0.00 0.00 0.00 0.00 0.64 1.85 3.02 4.24 5.36 5.50 5.56 5.46 4.87 3.65 2.29 0.74 0.00 0.00 0.00 0.00
0.00 0.00 0.00 0.00 0.00 0.00 0.00 0.00 0.64 1.85 3.02 4.24 5.36 5.50 5.56 5.46 4.87 3.65 2.29 0.74 0.00 0.00 0.00 0.00
0.00 0.00 0.00 0.00 0.00 0.00 0.00 0.00 1.42 4.54 7.40 10.68 13.65 13.97 14.40 13.85 12.28 9.44 5.99 1.88 0.00 0.00 0.00 0.00
0.00 0.00 0.00 0.00 0.00 0.00 0.00 0.00 0.68 2.17 3.54 5.12 6.55 6.62 6.66 6.43 5.73 4.40 2.71 0.86 0.00 0.00 0.00 0.00
0.00 0.00 0.00 0.00 0.00 0.00 0.00 0.00 0.88 2.79 4.55 6.59 8.43 8.52 8.56 8.27 7.36 5.65 3.49 1.11 0.00 0.00 0.00 0.00
0.00 0.00 0.00 0.00 0.00 0.00 0.00 0.00 0.59 1.86 3.03 4.39 5.62 5.68 5.71 5.51 4.91 3.77 2.33 0.74 0.00 0.00 0.00 0.00
0.00 0.00 0.00 0.00 0.00 0.00 0.00 0.00 0.59 1.86 3.03 4.39 5.62 5.68 5.71 5.51 4.91 3.77 2.33 0.74 0.00 0.00 0.00 0.00
0.00 0.00 0.00 0.00 0.00 0.00 0.00 0.00 6.52 23.41 38.84 58.50 75.76 83.63 85.88 82.23 77.54 58.85 35.14 11.37 0.00 0.00 0.00 0.00
0.00 0.00 0.00 0.00 0.00 0.00 0.00 0.00 4.48 13.83 22.39 32.17 40.76 43.11 43.88 41.30 34.24 26.48 16.35 4.81 0.00 0.00 0.00 0.00
0.00 0.00 0.00 0.00 0.00 0.00 0.00 0.00 3.90 12.41 19.64 27.73 34.65 37.97 38.30 36.67 30.68 23.55 15.05 4.14 0.00 0.00 0.00 0.00
0.00 0.00 0.00 0.00 0.00 0.00 0.00 0.00 10.04 65.20 124.98 186.69 234.39 265.40 281.97 273.39 235.71 183.93 119.63 44.41 0.71 0.00 0.00 0.00
0.00 0.00 0.00 0.00 0.00 0.00 0.00 0.00 9.55 62.01 118.88 177.59 222.95 252.46 268.22 260.06 224.21 174.96 113.79 42.24 0.67 0.00 0.00 0.00
0.00 0.00 0.00 0.00 0.00 0.00 0.00 0.00 18.36 119.26 228.62 341.51 428.76 485.49 515.81 500.11 431.18 336.47 218.83 81.23 1.29 0.00 0.00 0.00
0.00 0.00 0.00 0.00 0.00 0.00 0.00 0.00 18.05 117.27 224.81 335.82 421.61 477.40 507.21 491.77 423.99 330.86 215.18 79.88 1.27 0.00 0.00 0.00
0.00 0.00 0.00 0.00 0.00 0.00 0.00 0.00 24.09 128.16 241.35 360.19 460.33 509.61 516.14 488.37 422.63 324.72 209.11 57.79 0.00 0.00 0.00 0.00
0.00 0.00 0.00 0.00 0.00 0.00 0.00 0.00 0.40 1.16 1.89 2.65 3.35 3.44 3.48 3.41 3.05 2.28 1.43 0.46 0.00 0.00 0.00 0.00
0.00 0.00 0.00 0.00 0.00 0.00 0.00 0.00 2.02 5.86 9.55 13.43 16.97 17.41 17.62 17.29 15.43 11.56 7.25 2.35 0.00 0.00 0.00 0.00
0.00 0.00 0.00 0.00 0.00 0.00 0.00 0.00 10.31 29.94 48.76 68.56 86.64 88.88 89.94 88.29 78.77 59.01 37.04 11.99 0.00 0.00 0.00 0.00
0.00 0.00 0.00 0.00 0.00 0.00 0.00 0.00 0.69 4.45 8.54 12.75 16.01 18.13 19.26 18.67 16.10 12.56 8.17 3.03 0.05 0.00 0.00 0.00
0.00 0.00 0.00 0.00 0.00 0.00 0.00 0.00 19.34 98.12 182.53 268.39 339.30 380.04 393.01 376.51 331.97 257.82 162.30 57.56 0.00 0.00 0.00 0.00
0.00 0.00 0.00 0.00 0.00 0.00 0.00 0.00 1.55 6.30 10.89 15.98 21.26 24.47 25.41 24.76 23.63 18.57 12.36 4.19 0.00 0.00 0.00 0.00
0.00 0.00 0.00 0.00 0.00 0.00 0.00 0.00 13.23 50.32 89.46 130.09 163.53 184.59 191.53 183.55 159.41 121.96 77.38 24.71 0.00 0.00 0.00 0.00
0.00 0.00 0.00 0.00 0.00 0.00 0.00 0.00 0.32 1.64 3.04 4.47 5.65 6.33 6.55 6.28 5.53 4.30 2.70 0.96 0.00 0.00 0.00 0.00
0.00 0.00 0.00 0.00 0.00 0.00 0.00 0.00 14.51 73.59 136.90 201.29 254.47 285.03 294.76 282.39 248.98 193.36 121.72 43.17 0.00 0.00 0.00 0.00
0.00 0.00 0.00 0.00 0.00 0.00 0.00 0.00 18.62 94.44 175.69 258.33 326.57 365.79 378.27 362.39 319.52 248.15 156.21 55.40 0.00 0.00 0.00 0.00
0.00 0.00 0.00 0.00 0.00 0.00 0.00 0.00 31.77 169.01 318.28 475.00 607.06 672.05 680.66 644.04 557.34 428.23 275.76 76.22 0.00 0.00 0.00 0.00
0.00 0.00 0.00 0.00 0.00 0.00 0.00 0.00 1.01 3.31 5.50 7.99 10.18 10.44 10.67 10.33 9.83 7.48 4.68 1.42 0.00 0.00 0.00 0.00
0.00 0.00 0.00 0.00 0.00 0.00 0.00 0.00 1.29 4.23 6.98 9.90 12.70 12.99 13.20 12.74 12.08 9.22 5.76 1.75 0.00 0.00 0.00 0.00
0.00 0.00 0.00 0.00 0.00 0.00 0.00 0.00 6.41 25.99 44.93 65.90 87.71 100.92 104.83 102.13 97.47 76.60 50.97 17.26 0.00 0.00 0.00 0.00
0.00 0.00 0.00 0.00 0.00 0.00 0.00 0.00 16.11 117.48 232.08 347.95 451.49 517.14 531.82 510.94 428.94 346.49 227.18 95.93 6.76 0.00 0.00 0.00
0.00 0.00 0.00 0.00 0.00 0.00 0.00 0.00 0.37 1.11 1.77 2.58 3.24 3.35 3.44 3.28 2.31 1.76 1.11 0.29 0.00 0.00 0.00 0.00
0.00 0.00 0.00 0.00 0.00 0.00 0.00 0.00 5.51 24.60 45.26 67.14 84.69 94.42 96.64 92.34 79.18 60.63 38.82 13.10 0.00 0.00 0.00 0.00
0.00 0.00 0.00 0.00 0.00 0.00 0.00 0.00 0.74 7.88 15.58 23.10 30.06 33.93 34.32 33.48 29.94 23.27 15.44 6.11 0.50 0.00 0.00 0.00
0.00 0.00 0.00 0.00 0.00 0.00 0.00 0.00 1.11 2.99 4.68 6.65 8.10 8.71 8.56 7.86 6.27 4.79 3.08 0.90 0.00 0.00 0.00 0.00
0.00 0.00 0.00 0.00 0.00 0.00 0.00 0.00 0.55 1.49 2.34 3.33 4.05 4.36 4.28 3.93 3.13 2.40 1.54 0.45 0.00 0.00 0.00 0.00
0.00 0.00 0.00 0.00 0.00 0.00 0.00 0.00 1.21 3.27 5.12 7.28 8.86 9.53 9.36 8.59 6.85 5.24 3.37 0.99 0.00 0.00 0.00 0.00
0.00 0.00 0.00 0.00 0.00 0.00 0.00 0.00 1.45 3.95 6.21 8.94 10.67 11.27 11.12 10.38 7.06 5.41 3.44 1.04 0.00 0.00 0.00 0.00
0.00 0.00 0.00 0.00 0.00 0.00 0.00 0.00 2.21 6.02 9.47 13.62 16.26 17.17 16.94 15.81 10.76 8.25 5.24 1.59 0.00 0.00 0.00 0.00
0.00 0.00 0.00 0.00 0.00 0.00 0.00 0.00 1.89 5.28 8.35 11.83 14.04 14.86 14.85 14.02 10.66 8.23 5.24 1.39 0.00 0.00 0.00 0.00
0.00 0.00 0.00 0.00 0.00 0.00 0.00 0.00 1.25 4.22 7.21 10.24 12.50 14.48 15.05 14.46 12.33 9.46 5.90 1.72 0.00 0.00 0.00 0.00
0.00 0.00 0.00 0.00 0.00 0.00 0.00 0.00 3.23 10.89 18.63 26.46 32.30 37.42 38.87 37.34 31.84 24.43 15.24 4.44 0.00 0.00 0.00 0.00
0.00 0.00 0.00 0.00 0.00 0.00 0.00 0.00 0.77 2.72 4.65 6.72 8.55 9.97 10.24 9.67 8.29 6.34 4.02 1.23 0.00 0.00 0.00 0.00
0.00 0.00 0.00 0.00 0.00 0.00 0.00 0.00 1.77 5.01 8.01 11.44 14.05 14.39 14.75 14.12 10.29 7.88 5.04 1.22 0.00 0.00 0.00 0.00
0.00 0.00 0.00 0.00 0.00 0.00 0.00 0.00 3.27 9.27 14.58 20.31 24.56 26.43 26.66 25.27 18.28 13.93 8.71 2.24 0.00 0.00 0.00 0.00
0.00 0.00 0.00 0.00 0.00 0.00 0.00 0.00 0.48 1.17 1.89 2.65 3.21 3.21 3.20 3.04 2.55 1.91 1.21 0.37 0.00 0.00 0.00 0.00
0.00 0.00 0.00 0.00 0.00 0.00 0.00 0.00 2.38 6.27 10.09 14.42 18.19 18.00 18.18 17.25 14.95 11.32 7.19 2.37 0.00 0.00 0.00 0.00
0.00 0.00 0.00 0.00 0.00 0.00 0.00 0.00 1.72 4.36 7.01 9.84 12.13 12.22 12.05 11.39 9.84 7.36 4.63 1.52 0.00 0.00 0.00 0.00
0.00 0.00 0.00 0.00 0.00 0.00 0.00 0.00 2.37 6.01 9.67 13.58 16.74 16.86 16.64 15.72 13.57 10.16 6.39 2.10 0.00 0.00 0.00 0.00
0.00 0.00 0.00 0.00 0.00 0.00 0.00 0.00 1.61 4.10 6.59 9.25 11.40 11.49 11.33 10.71 9.25 6.92 4.35 1.43 0.00 0.00 0.00 0.00
0.00 0.00 0.00 0.00 0.00 0.00 0.00 0.00 1.27 3.34 5.38 7.69 9.70 9.60 9.69 9.20 7.98 6.04 3.83 1.27 0.00 0.00 0.00 0.00
0.00 0.00 0.00 0.00 0.00 0.00 0.00 0.00 1.38 3.40 5.41 7.65 9.32 9.38 9.49 8.78 7.15 5.31 3.35 0.98 0.00 0.00 0.00 0.00
0.00 0.00 0.00 0.00 0.00 0.00 0.00 0.00 1.14 3.32 5.40 7.60 9.60 9.85 9.97 9.78 8.73 6.54 4.10 1.33 0.00 0.00 0.00 0.00
0.00 0.00 0.00 0.00 0.00 0.00 0.00 0.00 8.48 30.47 50.55 76.14 98.61 108.85 111.79 107.03 100.92 76.60 45.74 14.80 0.00 0.00 0.00 0.00
0.00 0.00 0.00 0.00 0.00 0.00 0.00 0.00 1.61 5.14 8.39 12.10 15.47 15.84 16.32 15.70 13.91 10.69 6.78 2.13 0.00 0.00 0.00 0.00
0.00 0.00 0.00 0.00 0.00 0.00 0.00 0.00 2.56 7.58 12.19 17.65 22.73 23.05 22.96 22.00 15.86 12.13 7.80 2.41 0.00 0.00 0.00 0.00
0.00 0.00 0.00 0.00 0.00 0.00 0.00 0.00 1.17 3.47 5.59 8.09 10.42 10.57 10.52 10.08 7.27 5.56 3.58 1.10 0.00 0.00 0.00 0.00
0.00 0.00 0.00 0.00 0.00 0.00 0.00 0.00 2.00 6.34 10.32 14.86 18.83 19.59 20.28 19.40 16.98 13.11 8.43 2.63 0.00 0.00 0.00 0.00
0.00 0.00 0.00 0.00 0.00 0.00 0.00 0.00 0.90 2.69 4.30 6.26 7.87 8.14 8.36 7.95 5.60 4.28 2.69 0.71 0.00 0.00 0.00 0.00
0.00 0.00 0.00 0.00 0.00 0.00 0.00 0.00 6.64 26.91 46.51 68.23 90.81 104.49 108.54 105.74 100.91 79.31 52.77 17.87 0.00 0.00 0.00 0.00
0.00 0.00 0.00 0.00 0.00 0.00 0.00 0.00 3.16 12.03 21.39 31.11 39.11 44.14 45.80 43.89 38.12 29.16 18.50 5.91 0.00 0.00 0.00 0.00
0.00 0.00 0.00 0.00 0.00 0.00 0.00 0.00 0.69 2.64 4.60 6.78 8.56 9.95 10.21 9.89 8.54 6.44 4.09 1.31 0.00 0.00 0.00 0.00
0.00 0.00 0.00 0.00 0.00 0.00 0.00 0.00 0.86 3.30 5.60 8.17 10.24 12.12 12.44 11.96 10.46 7.99 5.10 1.60 0.00 0.00 0.00 0.00
0.00 0.00 0.00 0.00 0.00 0.00 0.00 0.00 1.38 5.28 8.97 13.07 16.39 19.39 19.91 19.14 16.73 12.78 8.16 2.56 0.00 0.00 0.00 0.00
0.00 0.00 0.00 0.00 0.00 0.00 0.00 0.00 18.67 121.25 232.43 347.20 435.91 493.58 524.40 508.44 438.37 342.07 222.48 82.59 1.31 0.00 0.00 0.00
