0.00 0.00 0.00 0.00 0.00 0.00 0.00 0.00 0.38 1.35 2.40 3.34 4.13 4.60 4.70 4.45 3.82 2.84 1.69 0.40 0.00 0.00 0.00 0.00
0.00 0.00 0.00 0.00 0.00 0.00 0.00 0.00 14.28 35.14 55.50 71.49 86.29 94.94 92.08 84.81 66.82 47.89 28.20 2.86 0.00 0.00 0.00 0.00
0.00 0.00 0.00 0.00 0.00 0.00 0.00 0.00 8.80 30.95 54.85 76.38 94.48 105.14 107.54 101.64 87.32 64.85 38.66 9.04 0.00 0.00 0.00 0.00
0.00 0.00 0.00 0.00 0.00 0.00 0.00 0.00 31.27 110.00 194.93 271.43 335.79 373.65 382.18 361.23 310.34 230.47 137.39 32.14 0.00 0.00 0.00 0.00
0.00 0.00 0.00 0.00 0.00 0.00 0.00 0.00 2.88 6.19 9.17 11.71 13.46 14.67 14.18 12.85 10.39 7.32 4.20 0.23 0.00 0.00 0.00 0.00
0.00 0.00 0.00 0.00 0.00 0.00 0.00 0.00 59.40 236.87 433.37 606.72 748.57 823.18 841.01 813.82 701.68 522.94 315.23 82.69 0.00 0.00 0.00 0.00
0.00 0.00 0.00 0.00 0.00 0.00 0.00 0.00 1.35 3.22 5.22 6.90 8.23 8.80 8.84 8.14 6.79 4.86 2.82 0.32 0.00 0.00 0.00 0.00
0.00 0.00 0.00 0.00 0.00 0.00 0.00 0.00 0.84 2.05 3.28 4.34 5.06 5.68 5.58 5.18 4.34 3.15 1.80 0.20 0.00 0.00 0.00 0.00
0.00 0.00 0.00 0.00 0.00 0.00 0.00 0.00 1.34 3.28 5.25 6.94 8.09 9.08 8.93 8.29 6.95 5.03 2.88 0.32 0.00 0.00 0.00 0.00
0.00 0.00 0.00 0.00 0.00 0.00 0.00 0.00 1.34 3.28 5.25 6.94 8.09 9.08 8.93 8.29 6.95 5.03 2.88 0.32 0.00 0.00 0.00 0.00
0.00 0.00 0.00 0.00 0.00 0.00 0.00 0.00 2.72 7.05 11.67 15.74 19.05 21.54 21.67 20.09 17.10 12.18 6.94 0.99 0.00 0.00 0.00 0.00
0.00 0.00 0.00 0.00 0.00 0.00 0.00 0.00 1.29 3.32 5.54 7.53 9.12 10.35 10.27 9.50 8.15 5.81 3.28 0.45 0.00 0.00 0.00 0.00
0.00 0.00 0.00 0.00 0.00 0.00 0.00 0.00 1.65 4.27 7.12 9.68 11.72 13.31 13.21 12.22 10.48 7.46 4.22 0.57 0.00 0.00 0.00 0.00
0.00 0.00 0.00 0.00 0.00 0.00 0.00 0.00 1.10 2.85 4.74 6.45 7.81 8.88 8.81 8.15 6.99 4.98 2.81 0.38 0.00 0.00 0.00 0.00
0.00 0.00 0.00 0.00 0.00 0.00 0.00 0.00 1.10 2.85 4.74 6.45 7.81 8.88 8.81 8.15 6.99 4.98 2.81 0.38 0.00 0.00 0.00 0.00
0.00 0.00 0.00 0.00 0.00 0.00 0.00 0.00 13.51 37.78 65.16 87.57 104.42 117.72 117.73 109.75 94.61 68.90 38.82 6.06 0.00 0.00 0.00 0.00
0.00 0.00 0.00 0.00 0.00 0.00 0.00 0.00 8.29 21.12 34.81 46.58 56.12 63.26 63.51 58.58 50.33 35.84 20.52 3.04 0.00 0.00 0.00 0.00
0.00 0.00 0.00 0.00 0.00 0.00 0.00 0.00 6.63 17.26 28.73 38.38 45.89 51.27 50.58 47.28 40.68 29.62 17.27 2.52 0.00 0.00 0.00 0.00
0.00 0.00 0.00 0.00 0.00 0.00 0.00 0.00 17.52 69.87 127.83 178.96 220.80 242.81 248.07 240.05 206.97 154.25 92.98 24.39 0.00 0.00 0.00 0.00
0.00 0.00 0.00 0.00 0.00 0.00 0.00 0.00 16.67 66.46 121.59 170.23 210.03 230.96 235.97 228.34 196.87 146.72 88.45 23.20 0.00 0.00 0.00 0.00
0.00 0.00 0.00 0.00 0.00 0.00 0.00 0.00 32.05 127.81 233.83 327.37 403.90 444.16 453.78 439.11 378.60 282.16 170.09 44.62 0.00 0.00 0.00 0.00
0.00 0.00 0.00 0.00 0.00 0.00 0.00 0.00 31.52 125.68 229.93 321.91 397.17 436.76 446.22 431.79 372.29 277.46 167.25 43.87 0.00 0.00 0.00 0.00
0.00 0.00 0.00 0.00 0.00 0.00 0.00 0.00 38.47 139.77 251.40 349.26 435.70 483.11 494.49 465.45 400.78 299.95 179.92 42.59 0.00 0.00 0.00 0.00
0.00 0.00 0.00 0.00 0.00 0.00 0.00 0.00 0.84 2.05 3.28 4.34 5.06 5.68 5.58 5.18 4.34 3.15 1.80 0.20 0.00 0.00 0.00 0.00
0.00 0.00 0.00 0.00 0.00 0.00 0.00 0.00 4.26 10.37 16.62 21.98 25.62 28.77 28.29 26.26 21.99 15.94 9.12 1.00 0.00 0.00 0.00 0.00
0.00 0.00 0.00 0.00 0.00 0.00 0.00 0.00 21.72 52.96 84.83 112.21 130.80 146.86 144.41 134.07 112.28 81.39 46.55 5.10 0.00 0.00 0.00 0.00
0.00 0.00 0.00 0.00 0.00 0.00 0.00 0.00 1.20 4.77 8.73 12.22 15.08 16.58 16.94 16.39 14.13 10.53 6.35 1.67 0.00 0.00 0.00 0.00
0.00 0.00 0.00 0.00 0.00 0.00 0.00 0.00 30.79 108.28 191.89 267.20 330.56 367.83 376.23 355.60 305.50 226.88 135.24 31.64 0.00 0.00 0.00 0.00
0.00 0.00 0.00 0.00 0.00 0.00 0.00 0.00 3.33 10.14 17.16 23.72 29.25 32.75 32.66 30.25 25.90 18.78 11.51 2.31 0.00 0.00 0.00 0.00
0.00 0.00 0.00 0.00 0.00 0.00 0.00 0.00 19.50 57.89 98.98 135.63 164.32 180.62 184.77 171.56 142.48 106.28 61.93 11.25 0.00 0.00 0.00 0.00
0.00 0.00 0.00 0.00 0.00 0.00 0.00 0.00 0.51 1.80 3.20 4.45 5.51 6.13 6.27 5.93 5.09 3.78 2.25 0.53 0.00 0.00 0.00 0.00
0.00 0.00 0.00 0.00 0.00 0.00 0.00 0.00 23.09 81.21 143.92 200.40 247.92 275.87 282.17 266.70 229.12 170.16 101.43 23.73 0.00 0.00 0.00 0.00
0.00 0.00 0.00 0.00 0.00 0.00 0.00 0.00 29.63 104.22 184.69 257.18 318.16 354.04 362.12 342.27 294.04 218.37 130.17 30.45 0.00 0.00 0.00 0.00
0.00 0.00 0.00 0.00 0.00 0.00 0.00 0.00 50.73 184.32 331.53 460.59 574.58 637.10 652.11 613.81 528.53 395.56 237.27 56.16 0.00 0.00 0.00 0.00
0.00 0.00 0.00 0.00 0.00 0.00 0.00 0.00 1.95 5.17 8.76 11.90 14.47 16.33 16.29 15.03 12.85 9.25 5.28 0.75 0.00 0.00 0.00 0.00
0.00 0.00 0.00 0.00 0.00 0.00 0.00 0.00 2.46 6.49 11.00 14.96 18.18 20.61 20.52 18.87 16.14 11.63 6.59 0.93 0.00 0.00 0.00 0.00
0.00 0.00 0.00 0.00 0.00 0.00 0.00 0.00 13.75 41.84 70.77 97.85 120.67 135.08 134.73 124.78 106.85 77.48 47.50 9.54 0.00 0.00 0.00 0.00
0.00 0.00 0.00 0.00 0.00 0.00 0.00 0.00 27.93 122.09 231.09 319.79 398.40 452.64 465.21 436.73 372.54 282.45 173.92 57.89 0.00 0.00 0.00 0.00
0.00 0.00 0.00 0.00 0.00 0.00 0.00 0.00 0.66 1.65 2.71 3.67 4.43 4.91 4.90 4.47 3.80 2.72 1.56 0.21 0.00 0.00 0.00 0.00
0.00 0.00 0.00 0.00 0.00 0.00 0.00 0.00 8.47 27.75 48.12 66.39 81.27 90.68 91.76 86.56 75.29 55.47 32.36 7.22 0.00 0.00 0.00 0.00
0.00 0.00 0.00 0.00 0.00 0.00 0.00 0.00 1.64 7.99 14.97 21.37 26.63 29.42 29.85 27.89 23.96 18.01 11.33 3.28 0.00 0.00 0.00 0.00
0.00 0.00 0.00 0.00 0.00 0.00 0.00 0.00 1.63 3.79 6.00 7.81 9.28 9.95 10.04 9.28 7.67 5.42 3.15 0.34 0.00 0.00 0.00 0.00
0.00 0.00 0.00 0.00 0.00 0.00 0.00 0.00 0.81 1.90 3.00 3.91 4.64 4.97 5.02 4.64 3.83 2.71 1.57 0.17 0.00 0.00 0.00 0.00
0.00 0.00 0.00 0.00 0.00 0.00 0.00 0.00 1.78 4.15 6.57 8.54 10.15 10.88 10.98 10.15 8.39 5.93 3.44 0.37 0.00 0.00 0.00 0.00
0.00 0.00 0.00 0.00 0.00 0.00 0.00 0.00 2.12 4.96 8.02 10.48 12.36 13.16 13.07 12.26 10.22 7.29 4.23 0.43 0.00 0.00 0.00 0.00
0.00 0.00 0.00 0.00 0.00 0.00 0.00 0.00 3.23 7.57 12.23 15.97 18.83 20.05 19.92 18.68 15.58 11.12 6.45 0.66 0.00 0.00 0.00 0.00
0.00 0.00 0.00 0.00 0.00 0.00 0.00 0.00 2.71 6.48 10.53 13.95 16.53 17.80 17.80 16.50 13.84 9.92 5.78 0.68 0.00 0.00 0.00 0.00
0.00 0.00 0.00 0.00 0.00 0.00 0.00 0.00 1.78 4.88 8.21 11.05 13.42 14.55 14.76 13.95 11.37 8.17 4.70 0.74 0.00 0.00 0.00 0.00
0.00 0.00 0.00 0.00 0.00 0.00 0.00 0.00 4.59 12.60 21.20 28.55 34.66 37.59 38.12 36.05 29.37 21.11 12.13 1.91 0.00 0.00 0.00 0.00
0.00 0.00 0.00 0.00 0.00 0.00 0.00 0.00 1.17 3.29 5.47 7.51 9.12 9.80 9.80 9.08 7.61 5.56 3.22 0.57 0.00 0.00 0.00 0.00
0.00 0.00 0.00 0.00 0.00 0.00 0.00 0.00 3.21 7.68 12.17 16.39 19.38 21.46 21.47 19.33 16.18 11.44 6.53 0.63 0.00 0.00 0.00 0.00
0.00 0.00 0.00 0.00 0.00 0.00 0.00 0.00 5.02 12.03 19.59 26.08 31.42 33.93 33.66 30.91 26.40 18.94 10.82 1.10 0.00 0.00 0.00 0.00
0.00 0.00 0.00 0.00 0.00 0.00 0.00 0.00 0.89 1.91 2.93 3.70 4.26 4.58 4.50 4.12 3.42 2.38 1.37 0.08 0.00 0.00 0.00 0.00
0.00 0.00 0.00 0.00 0.00 0.00 0.00 0.00 4.86 11.02 17.06 22.11 26.13 28.74 28.08 25.67 21.33 14.88 8.55 0.67 0.00 0.00 0.00 0.00
0.00 0.00 0.00 0.00 0.00 0.00 0.00 0.00 3.34 7.38 11.32 14.50 16.69 18.35 17.93 16.61 13.82 9.80 5.62 0.37 0.00 0.00 0.00 0.00
0.00 0.00 0.00 0.00 0.00 0.00 0.00 0.00 4.60 10.18 15.62 20.01 23.03 25.32 24.74 22.93 19.07 13.52 7.75 0.51 0.00 0.00 0.00 0.00
0.00 0.00 0.00 0.00 0.00 0.00 0.00 0.00 3.14 6.93 10.64 13.63 15.69 17.25 16.85 15.62 12.99 9.21 5.28 0.35 0.00 0.00 0.00 0.00
0.00 0.00 0.00 0.00 0.00 0.00 0.00 0.00 2.59 5.88 9.10 11.79 13.94 15.33 14.97 13.69 11.38 7.94 4.56 0.36 0.00 0.00 0.00 0.00
0.00 0.00 0.00 0.00 0.00 0.00 0.00 0.00 2.55 5.52 8.26 10.73 12.41 13.64 13.29 12.09 9.87 6.97 3.99 0.22 0.00 0.00 0.00 0.00
0.00 0.00 0.00 0.00 0.00 0.00 0.00 0.00 2.41 5.87 9.40 12.44 14.50 16.28 16.00 14.86 12.44 9.02 5.16 0.56 0.00 0.00 0.00 0.00
0.00 0.00 0.00 0.00 0.00 0.00 0.00 0.00 17.58 49.17 84.81 113.98 135.91 153.22 153.23 142.85 123.14 89.68 50.53 7.89 0.00 0.00 0.00 0.00
0.00 0.00 0.00 0.00 0.00 0.00 0.00 0.00 3.08 7.99 13.23 17.84 21.60 24.41 24.56 22.77 19.38 13.80 7.87 1.13 0.00 0.00 0.00 0.00
0.00 0.00 0.00 0.00 0.00 0.00 0.00 0.00 4.96 12.26 20.11 27.11 32.18 36.62 36.19 33.35 27.67 19.47 11.24 1.37 0.00 0.00 0.00 0.00
0.00 0.00 0.00 0.00 0.00 0.00 0.00 0.00 2.27 5.62 9.22 12.42 14.75 16.79 16.59 15.28 12.68 8.93 5.15 0.63 0.00 0.00 0.00 0.00
0.00 0.00 0.00 0.00 0.00 0.00 0.00 0.00 3.79 9.84 16.30 21.88 26.46 29.84 30.13 27.90 23.68 16.93 9.71 1.42 0.00 0.00 0.00 0.00
0.00 0.00 0.00 0.00 0.00 0.00 0.00 0.00 1.61 4.01 6.57 8.92 10.75 11.93 11.91 10.86 9.22 6.61 3.79 0.50 0.00 0.00 0.00 0.00
0.00 0.00 0.00 0.00 0.00 0.00 0.00 0.00 14.23 43.32 73.27 101.31 124.93 139.86 139.50 129.19 110.63 80.22 49.18 9.88 0.00 0.00 0.00 0.00
0.00 0.00 0.00 0.00 0.00 0.00 0.00 0.00 4.66 13.84 23.67 32.43 39.29 43.19 44.18 41.02 34.07 25.42 14.81 2.69 0.00 0.00 0.00 0.00
0.00 0.00 0.00 0.00 0.00 0.00 0.00 0.00 1.05 3.14 5.35 7.27 8.82 9.70 9.91 9.34 7.71 5.63 3.34 0.63 0.00 0.00 0.00 0.00
0.00 0.00 0.00 0.00 0.00 0.00 0.00 0.00 1.34 3.96 6.74 9.32 11.46 12.69 12.56 11.61 9.90 7.14 4.21 0.79 0.00 0.00 0.00 0.00
0.00 0.00 0.00 0.00 0.00 0.00 0.00 0.00 2.14 6.33 10.78 14.91 18.34 20.30 20.10 18.57 15.83 11.43 6.73 1.27 0.00 0.00 0.00 0.00
0.00 0.00 0.00 0.00 0.00 0.00 0.00 0.00 32.59 129.94 237.73 332.82 410.63 451.56 461.35 446.43 384.91 286.86 172.92 45.36 0.00 0.00 0.00 0.00
