0.00 0.00 0.00 0.00 0.00 0.00 0.00 0.00 0.00 0.45 1.29 1.99 2.61 2.94 3.01 2.73 2.21 1.48 0.62 0.00 0.00 0.00 0.00 0.00
0.00 0.00 0.00 0.00 0.00 0.00 0.00 0.00 0.00 12.93 28.77 41.94 51.67 55.94 54.50 48.92 37.89 24.76 8.97 0.00 0.00 0.00 0.00 0.00
0.00 0.00 0.00 0.00 0.00 0.00 0.00 0.00 0.00 10.40 29.58 45.46 59.57 67.33 68.86 62.42 50.51 33.76 14.13 0.00 0.00 0.00 0.00 0.00
0.00 0.00 0.00 0.00 0.00 0.00 0.00 0.00 0.00 36.97 105.13 161.57 211.72 239.30 244.74 221.83 179.50 119.98 50.22 0.00 0.00 0.00 0.00 0.00
0.00 0.00 0.00 0.00 0.00 0.00 0.00 0.00 0.11 1.72 3.35 4.81 5.66 7.04 6.84 6.09 4.66 2.86 0.70 0.00 0.00 0.00 0.00 0.00
0.00 0.00 0.00 0.00 0.00 0.00 0.00 0.00 0.00 84.39 245.90 379.14 506.14 574.21 593.24 546.97 437.04 284.60 129.08 0.00 0.00 0.00 0.00 0.00
0.00 0.00 0.00 0.00 0.00 0.00 0.00 0.00 0.00 0.99 2.02 3.13 3.82 4.13 4.09 3.59 3.31 2.05 0.52 0.00 0.00 0.00 0.00 0.00
0.00 0.00 0.00 0.00 0.00 0.00 0.00 0.00 0.00 0.73 1.65 2.44 2.95 3.18 3.17 2.82 2.09 1.36 0.47 0.00 0.00 0.00 0.00 0.00
0.00 0.00 0.00 0.00 0.00 0.00 0.00 0.00 0.00 1.18 2.64 3.90 4.72 5.08 5.07 4.51 3.34 2.17 0.75 0.00 0.00 0.00 0.00 0.00
0.00 0.00 0.00 0.00 0.00 0.00 0.00 0.00 0.00 1.18 2.64 3.90 4.72 5.08 5.07 4.51 3.34 2.17 0.75 0.00 0.00 0.00 0.00 0.00
0.00 0.00 0.00 0.00 0.00 0.00 0.00 0.00 0.00 2.26 5.27 7.95 10.21 11.90 12.04 10.95 8.33 5.45 1.95 0.00 0.00 0.00 0.00 0.00
0.00 0.00 0.00 0.00 0.00 0.00 0.00 0.00 0.00 1.09 2.49 3.79 4.90 5.64 5.67 5.16 3.70 2.42 0.87 0.00 0.00 0.00 0.00 0.00
0.00 0.00 0.00 0.00 0.00 0.00 0.00 0.00 0.00 1.40 3.21 4.87 6.30 7.25 7.29 6.63 4.76 3.11 1.11 0.00 0.00 0.00 0.00 0.00
0.00 0.00 0.00 0.00 0.00 0.00 0.00 0.00 0.00 0.94 2.14 3.25 4.20 4.83 4.86 4.42 3.17 2.07 0.74 0.00 0.00 0.00 0.00 0.00
0.00 0.00 0.00 0.00 0.00 0.00 0.00 0.00 0.00 0.94 2.14 3.25 4.20 4.83 4.86 4.42 3.17 2.07 0.74 0.00 0.00 0.00 0.00 0.00
0.00 0.00 0.00 0.00 0.00 0.00 0.00 0.00 0.00 13.20 30.97 48.38 62.21 71.06 73.74 67.04 52.40 33.33 14.21 0.00 0.00 0.00 0.00 0.00
0.00 0.00 0.00 0.00 0.00 0.00 0.00 0.00 0.00 6.82 16.11 23.79 30.89 36.11 37.05 33.45 25.06 16.27 5.60 0.00 0.00 0.00 0.00 0.00
0.00 0.00 0.00 0.00 0.00 0.00 0.00 0.00 0.00 5.76 14.18 20.98 27.31 29.96 29.56 26.66 20.79 13.56 4.69 0.00 0.00 0.00 0.00 0.00
0.00 0.00 0.00 0.00 0.00 0.00 0.00 0.00 0.00 24.89 72.53 111.83 149.29 169.37 174.98 161.34 128.91 83.95 38.07 0.00 0.00 0.00 0.00 0.00
0.00 0.00 0.00 0.00 0.00 0.00 0.00 0.00 0.00 23.68 68.99 106.38 142.01 161.11 166.45 153.47 122.62 79.85 36.22 0.00 0.00 0.00 0.00 0.00
0.00 0.00 0.00 0.00 0.00 0.00 0.00 0.00 0.00 45.53 132.68 204.57 273.10 309.82 320.09 295.13 235.81 153.56 69.65 0.00 0.00 0.00 0.00 0.00
0.00 0.00 0.00 0.00 0.00 0.00 0.00 0.00 0.00 44.78 130.47 201.16 268.54 304.66 314.76 290.21 231.88 151.00 68.49 0.00 0.00 0.00 0.00 0.00
0.00 0.00 0.00 0.00 0.00 0.00 0.00 0.00 0.00 43.55 132.15 201.50 268.36 304.88 310.92 282.17 231.41 154.42 63.87 0.00 0.00 0.00 0.00 0.00
0.00 0.00 0.00 0.00 0.00 0.00 0.00 0.00 0.00 0.73 1.65 2.44 2.95 3.18 3.17 2.82 2.09 1.36 0.47 0.00 0.00 0.00 0.00 0.00
0.00 0.00 0.00 0.00 0.00 0.00 0.00 0.00 0.00 3.72 8.36 12.34 14.94 16.09 16.06 14.29 10.58 6.87 2.37 0.00 0.00 0.00 0.00 0.00
0.00 0.00 0.00 0.00 0.00 0.00 0.00 0.00 0.00 19.00 42.66 63.01 76.28 82.13 81.99 72.94 54.01 35.05 12.08 0.00 0.00 0.00 0.00 0.00
0.00 0.00 0.00 0.00 0.00 0.00 0.00 0.00 0.00 1.70 4.95 7.64 10.20 11.57 11.95 11.02 8.80 5.73 2.60 0.00 0.00 0.00 0.00 0.00
0.00 0.00 0.00 0.00 0.00 0.00 0.00 0.00 0.00 36.39 103.49 159.05 208.42 235.57 240.93 218.38 176.70 118.11 49.43 0.00 0.00 0.00 0.00 0.00
0.00 0.00 0.00 0.00 0.00 0.00 0.00 0.00 0.00 3.12 8.25 12.53 16.47 19.18 19.48 18.14 14.86 10.14 4.21 0.00 0.00 0.00 0.00 0.00
0.00 0.00 0.00 0.00 0.00 0.00 0.00 0.00 0.00 18.18 49.82 75.47 96.97 111.89 110.96 97.99 78.71 51.73 18.23 0.00 0.00 0.00 0.00 0.00
0.00 0.00 0.00 0.00 0.00 0.00 0.00 0.00 0.00 0.61 1.72 2.65 3.47 3.93 4.02 3.64 2.95 1.97 0.82 0.00 0.00 0.00 0.00 0.00
0.00 0.00 0.00 0.00 0.00 0.00 0.00 0.00 0.00 27.29 77.62 119.29 156.31 176.68 180.69 163.78 132.53 88.58 37.07 0.00 0.00 0.00 0.00 0.00
0.00 0.00 0.00 0.00 0.00 0.00 0.00 0.00 0.00 35.03 99.61 153.09 200.60 226.74 231.89 210.19 170.08 113.68 47.58 0.00 0.00 0.00 0.00 0.00
0.00 0.00 0.00 0.00 0.00 0.00 0.00 0.00 0.00 57.43 174.27 265.73 353.90 402.07 410.03 372.11 305.17 203.64 84.23 0.00 0.00 0.00 0.00 0.00
0.00 0.00 0.00 0.00 0.00 0.00 0.00 0.00 0.00 1.70 3.94 6.09 7.83 8.74 8.89 8.03 5.85 3.83 1.44 0.00 0.00 0.00 0.00 0.00
0.00 0.00 0.00 0.00 0.00 0.00 0.00 0.00 0.00 2.12 4.90 7.57 9.81 11.10 11.25 10.21 7.18 4.70 1.75 0.00 0.00 0.00 0.00 0.00
0.00 0.00 0.00 0.00 0.00 0.00 0.00 0.00 0.00 12.89 34.03 51.67 67.94 79.10 80.37 74.84 61.29 41.81 17.38 0.00 0.00 0.00 0.00 0.00
0.00 0.00 0.00 0.00 0.00 0.00 0.00 0.00 0.00 29.09 112.96 179.43 245.40 302.53 315.93 287.73 167.71 113.50 46.45 0.00 0.00 0.00 0.00 0.00
0.00 0.00 0.00 0.00 0.00 0.00 0.00 0.00 0.00 0.54 1.26 1.87 2.35 2.74 2.80 2.52 1.80 1.16 0.39 0.00 0.00 0.00 0.00 0.00
0.00 0.00 0.00 0.00 0.00 0.00 0.00 0.00 0.00 8.60 24.98 38.21 50.14 57.22 58.32 51.98 42.37 28.16 11.09 0.00 0.00 0.00 0.00 0.00
0.00 0.00 0.00 0.00 0.00 0.00 0.00 0.00 0.00 2.99 9.59 15.00 19.81 21.85 22.86 20.94 16.88 11.06 5.38 0.00 0.00 0.00 0.00 0.00
0.00 0.00 0.00 0.00 0.00 0.00 0.00 0.00 0.00 1.11 2.33 3.45 4.25 4.84 4.74 4.22 3.94 2.41 0.57 0.00 0.00 0.00 0.00 0.00
0.00 0.00 0.00 0.00 0.00 0.00 0.00 0.00 0.00 0.56 1.17 1.72 2.12 2.42 2.37 2.11 1.97 1.21 0.29 0.00 0.00 0.00 0.00 0.00
0.00 0.00 0.00 0.00 0.00 0.00 0.00 0.00 0.00 1.22 2.55 3.77 4.64 5.29 5.18 4.62 4.31 2.64 0.63 0.00 0.00 0.00 0.00 0.00
0.00 0.00 0.00 0.00 0.00 0.00 0.00 0.00 0.00 1.40 2.97 4.37 5.42 6.63 6.60 5.89 5.06 3.11 0.77 0.00 0.00 0.00 0.00 0.00
0.00 0.00 0.00 0.00 0.00 0.00 0.00 0.00 0.00 2.14 4.53 6.67 8.26 10.11 10.06 8.97 7.71 4.74 1.18 0.00 0.00 0.00 0.00 0.00
0.00 0.00 0.00 0.00 0.00 0.00 0.00 0.00 0.00 2.05 4.25 6.46 8.02 8.50 8.42 7.33 6.49 4.03 1.05 0.00 0.00 0.00 0.00 0.00
0.00 0.00 0.00 0.00 0.00 0.00 0.00 0.00 0.00 1.59 3.98 5.97 7.60 8.72 8.67 7.60 6.05 3.88 1.21 0.00 0.00 0.00 0.00 0.00
0.00 0.00 0.00 0.00 0.00 0.00 0.00 0.00 0.00 4.10 10.28 15.43 19.64 22.52 22.40 19.62 15.63 10.03 3.13 0.00 0.00 0.00 0.00 0.00
0.00 0.00 0.00 0.00 0.00 0.00 0.00 0.00 0.00 1.05 2.75 4.12 5.26 5.96 5.96 5.23 4.23 2.75 0.93 0.00 0.00 0.00 0.00 0.00
0.00 0.00 0.00 0.00 0.00 0.00 0.00 0.00 0.00 2.41 5.54 8.20 10.45 11.68 11.74 10.51 6.81 4.33 1.33 0.00 0.00 0.00 0.00 0.00
0.00 0.00 0.00 0.00 0.00 0.00 0.00 0.00 0.00 3.44 8.28 12.24 15.10 18.48 18.90 17.30 13.29 8.36 2.41 0.00 0.00 0.00 0.00 0.00
0.00 0.00 0.00 0.00 0.00 0.00 0.00 0.00 0.02 0.56 1.05 1.49 1.79 1.95 1.94 1.70 1.63 1.00 0.24 0.00 0.00 0.00 0.00 0.00
0.00 0.00 0.00 0.00 0.00 0.00 0.00 0.00 0.01 4.05 7.96 11.51 13.63 14.32 14.10 12.41 8.82 5.56 1.62 0.00 0.00 0.00 0.00 0.00
0.00 0.00 0.00 0.00 0.00 0.00 0.00 0.00 0.06 2.53 4.26 6.22 7.32 9.41 9.10 7.99 5.59 3.47 0.94 0.00 0.00 0.00 0.00 0.00
0.00 0.00 0.00 0.00 0.00 0.00 0.00 0.00 0.08 3.49 5.87 8.59 10.10 12.99 12.56 11.03 7.71 4.79 1.29 0.00 0.00 0.00 0.00 0.00
0.00 0.00 0.00 0.00 0.00 0.00 0.00 0.00 0.06 2.38 4.00 5.85 6.88 8.85 8.55 7.51 5.25 3.27 0.88 0.00 0.00 0.00 0.00 0.00
0.00 0.00 0.00 0.00 0.00 0.00 0.00 0.00 0.00 2.16 4.25 6.14 7.27 7.63 7.52 6.62 4.71 2.96 0.86 0.00 0.00 0.00 0.00 0.00
0.00 0.00 0.00 0.00 0.00 0.00 0.00 0.00 0.09 1.65 3.05 4.31 5.14 6.92 6.83 6.09 3.92 2.42 0.62 0.00 0.00 0.00 0.00 0.00
0.00 0.00 0.00 0.00 0.00 0.00 0.00 0.00 0.00 2.11 4.73 6.98 8.45 9.10 9.09 8.08 5.99 3.88 1.34 0.00 0.00 0.00 0.00 0.00
0.00 0.00 0.00 0.00 0.00 0.00 0.00 0.00 0.00 17.18 40.31 62.97 80.97 92.49 95.98 87.26 68.20 43.38 18.50 0.00 0.00 0.00 0.00 0.00
0.00 0.00 0.00 0.00 0.00 0.00 0.00 0.00 0.00 2.56 5.98 9.01 11.58 13.49 13.65 12.41 9.44 6.17 2.21 0.00 0.00 0.00 0.00 0.00
0.00 0.00 0.00 0.00 0.00 0.00 0.00 0.00 0.00 4.29 9.17 13.51 16.89 18.17 18.18 16.74 10.70 6.92 2.32 0.00 0.00 0.00 0.00 0.00
0.00 0.00 0.00 0.00 0.00 0.00 0.00 0.00 0.00 1.97 4.20 6.19 7.74 8.33 8.33 7.67 4.90 3.17 1.06 0.00 0.00 0.00 0.00 0.00
0.00 0.00 0.00 0.00 0.00 0.00 0.00 0.00 0.00 3.16 7.44 11.13 14.27 16.70 16.98 15.37 11.83 7.73 2.76 0.00 0.00 0.00 0.00 0.00
0.00 0.00 0.00 0.00 0.00 0.00 0.00 0.00 0.00 1.31 3.07 4.53 5.71 6.66 6.79 6.13 4.38 2.83 0.94 0.00 0.00 0.00 0.00 0.00
0.00 0.00 0.00 0.00 0.00 0.00 0.00 0.00 0.00 13.34 35.23 53.49 70.34 81.90 83.21 77.49 63.46 43.29 18.00 0.00 0.00 0.00 0.00 0.00
0.00 0.00 0.00 0.00 0.00 0.00 0.00 0.00 0.00 4.35 11.91 18.05 23.19 26.76 26.53 23.43 18.82 12.37 4.36 0.00 0.00 0.00 0.00 0.00
0.00 0.00 0.00 0.00 0.00 0.00 0.00 0.00 0.00 0.99 2.70 4.07 5.30 6.01 6.07 5.35 4.30 2.84 1.02 0.00 0.00 0.00 0.00 0.00
0.00 0.00 0.00 0.00 0.00 0.00 0.00 0.00 0.00 1.31 3.44 5.26 6.76 7.58 7.61 6.85 5.58 3.70 1.37 0.00 0.00 0.00 0.00 0.00
0.00 0.00 0.00 0.00 0.00 0.00 0.00 0.00 0.00 2.09 5.50 8.41 10.81 12.13 12.18 10.96 8.93 5.92 2.18 0.00 0.00 0.00 0.00 0.00
0.00 0.00 0.00 0.00 0.00 0.00 0.00 0.00 0.00 46.29 134.89 207.98 277.65 314.99 325.43 300.05 239.74 156.12 70.81 0.00 0.00 0.00 0.00 0.00
