0.00 0.00 0.00 0.00 0.00 0.00 0.00 0.00 0.00 0.74 1.91 3.08 4.08 4.67 4.88 4.68 4.10 3.12 1.86 0.49 0.00 0.00 0.00 0.00
0.00 0.00 0.00 0.00 0.00 0.00 0.00 0.00 0.18 5.95 12.28 18.41 23.38 31.43 32.22 31.19 35.94 26.31 15.54 3.38 0.00 0.00 0.00 0.00
0.00 0.00 0.00 0.00 0.00 0.00 0.00 0.00 0.00 16.94 43.76 70.50 93.26 106.88 111.54 106.97 93.76 71.29 42.54 11.19 0.00 0.00 0.00 0.00
0.00 0.00 0.00 0.00 0.00 0.00 0.00 0.00 0.00 60.19 155.51 250.57 331.43 379.83 396.39 380.18 333.21 253.36 151.17 39.77 0.00 0.00 0.00 0.00
0.00 0.00 0.00 0.00 0.00 0.00 0.00 0.00 0.13 0.91 2.63 4.05 5.05 7.31 7.34 6.70 7.29 5.18 3.02 0.34 0.00 0.00 0.00 0.00
0.00 0.00 0.00 0.00 0.00 0.00 0.00 0.00 0.00 131.02 353.34 579.82 762.42 889.38 951.86 922.46 786.01 601.80 373.08 105.84 0.00 0.00 0.00 0.00
0.00 0.00 0.00 0.00 0.00 0.00 0.00 0.00 0.00 1.73 3.71 5.66 7.04 7.96 7.96 7.50 6.48 4.79 2.83 0.39 0.00 0.00 0.00 0.00
0.00 0.00 0.00 0.00 0.00 0.00 0.00 0.00 0.01 0.49 1.26 1.90 2.50 3.07 3.13 3.08 2.47 1.81 1.07 0.22 0.00 0.00 0.00 0.00
0.00 0.00 0.00 0.00 0.00 0.00 0.00 0.00 0.02 0.78 2.01 3.04 3.99 4.91 5.01 4.92 3.95 2.89 1.71 0.35 0.00 0.00 0.00 0.00
0.00 0.00 0.00 0.00 0.00 0.00 0.00 0.00 0.02 0.78 2.01 3.04 3.99 4.91 5.01 4.92 3.95 2.89 1.71 0.35 0.00 0.00 0.00 0.00
0.00 0.00 0.00 0.00 0.00 0.00 0.00 0.00 0.00 3.17 7.00 10.85 14.42 16.14 16.80 16.21 14.12 10.65 6.40 1.17 0.00 0.00 0.00 0.00
0.00 0.00 0.00 0.00 0.00 0.00 0.00 0.00 0.00 1.48 3.32 5.18 6.90 7.78 7.90 7.65 6.70 5.05 2.95 0.54 0.00 0.00 0.00 0.00
0.00 0.00 0.00 0.00 0.00 0.00 0.00 0.00 0.00 1.90 4.27 6.66 8.87 10.00 10.15 9.84 8.61 6.49 3.79 0.69 0.00 0.00 0.00 0.00
0.00 0.00 0.00 0.00 0.00 0.00 0.00 0.00 0.00 1.26 2.85 4.44 5.91 6.67 6.77 6.56 5.74 4.33 2.53 0.46 0.00 0.00 0.00 0.00
0.00 0.00 0.00 0.00 0.00 0.00 0.00 0.00 0.00 1.26 2.85 4.44 5.91 6.67 6.77 6.56 5.74 4.33 2.53 0.46 0.00 0.00 0.00 0.00
0.00 0.00 0.00 0.00 0.00 0.00 0.00 0.00 0.00 8.46 17.81 29.03 39.42 55.54 57.77 55.69 59.68 44.53 25.43 7.60 0.00 0.00 0.00 0.00
0.00 0.00 0.00 0.00 0.00 0.00 0.00 0.00 0.00 9.71 21.17 32.72 43.11 49.64 51.05 48.20 42.53 32.28 18.82 3.29 0.00 0.00 0.00 0.00
0.00 0.00 0.00 0.00 0.00 0.00 0.00 0.00 0.00 8.50 18.75 28.56 37.13 42.47 43.29 41.58 35.44 26.67 16.08 2.84 0.00 0.00 0.00 0.00
0.00 0.00 0.00 0.00 0.00 0.00 0.00 0.00 0.00 38.65 104.22 171.03 224.89 262.33 280.76 272.09 231.84 177.51 110.05 31.22 0.00 0.00 0.00 0.00
0.00 0.00 0.00 0.00 0.00 0.00 0.00 0.00 0.00 36.76 99.14 162.68 213.92 249.54 267.07 258.82 220.53 168.85 104.68 29.70 0.00 0.00 0.00 0.00
0.00 0.00 0.00 0.00 0.00 0.00 0.00 0.00 0.00 70.69 190.65 312.85 411.38 479.88 513.59 497.73 424.10 324.71 201.30 57.11 0.00 0.00 0.00 0.00
0.00 0.00 0.00 0.00 0.00 0.00 0.00 0.00 0.00 69.51 187.47 307.64 404.52 471.88 505.03 489.43 417.04 319.30 197.95 56.16 0.00 0.00 0.00 0.00
0.00 0.00 0.00 0.00 0.00 0.00 0.00 0.00 0.00 75.23 199.29 326.37 435.99 498.34 509.40 482.42 420.25 315.62 192.12 51.89 0.00 0.00 0.00 0.00
0.00 0.00 0.00 0.00 0.00 0.00 0.00 0.00 0.01 0.49 1.26 1.90 2.50 3.07 3.13 3.08 2.47 1.81 1.07 0.22 0.00 0.00 0.00 0.00
0.00 0.00 0.00 0.00 0.00 0.00 0.00 0.00 0.06 2.47 6.37 9.62 12.65 15.55 15.87 15.59 12.52 9.16 5.41 1.11 0.00 0.00 0.00 0.00
0.00 0.00 0.00 0.00 0.00 0.00 0.00 0.00 0.29 12.61 32.52 49.10 64.58 79.41 81.00 79.60 63.91 46.75 27.62 5.67 0.00 0.00 0.00 0.00
0.00 0.00 0.00 0.00 0.00 0.00 0.00 0.00 0.00 2.64 7.12 11.68 15.36 17.92 19.17 18.58 15.83 12.12 7.52 2.13 0.00 0.00 0.00 0.00
0.00 0.00 0.00 0.00 0.00 0.00 0.00 0.00 0.00 59.25 153.08 246.66 326.27 373.91 390.22 374.26 328.01 249.41 148.81 39.15 0.00 0.00 0.00 0.00
0.00 0.00 0.00 0.00 0.00 0.00 0.00 0.00 0.00 4.32 10.20 16.14 22.28 26.49 27.78 27.13 23.71 18.31 11.60 2.70 0.00 0.00 0.00 0.00
0.00 0.00 0.00 0.00 0.00 0.00 0.00 0.00 0.00 31.53 76.18 120.50 157.70 179.94 188.40 180.66 155.51 115.94 68.92 14.47 0.00 0.00 0.00 0.00
0.00 0.00 0.00 0.00 0.00 0.00 0.00 0.00 0.00 0.99 2.55 4.11 5.44 6.23 6.50 6.24 5.47 4.16 2.48 0.65 0.00 0.00 0.00 0.00
0.00 0.00 0.00 0.00 0.00 0.00 0.00 0.00 0.00 44.44 114.81 184.99 244.70 280.43 292.66 280.69 246.01 187.06 111.61 29.36 0.00 0.00 0.00 0.00
0.00 0.00 0.00 0.00 0.00 0.00 0.00 0.00 0.00 57.03 147.34 237.41 314.03 359.89 375.58 360.22 315.71 240.06 143.23 37.68 0.00 0.00 0.00 0.00
0.00 0.00 0.00 0.00 0.00 0.00 0.00 0.00 0.00 99.22 262.81 430.40 574.96 657.19 671.77 636.20 554.20 416.23 253.36 68.43 0.00 0.00 0.00 0.00
0.00 0.00 0.00 0.00 0.00 0.00 0.00 0.00 0.00 2.30 5.12 8.03 10.67 12.00 12.38 12.03 10.55 7.89 4.69 0.86 0.00 0.00 0.00 0.00
0.00 0.00 0.00 0.00 0.00 0.00 0.00 0.00 0.00 2.91 6.52 9.99 13.35 15.04 15.44 14.95 13.14 9.84 5.83 1.05 0.00 0.00 0.00 0.00
0.00 0.00 0.00 0.00 0.00 0.00 0.00 0.00 0.00 17.82 42.09 66.56 91.90 109.27 114.59 111.91 97.82 75.52 47.85 11.12 0.00 0.00 0.00 0.00
0.00 0.00 0.00 0.00 0.00 0.00 0.00 0.00 0.00 60.45 181.71 301.90 409.57 485.55 502.14 480.66 416.40 328.44 203.04 57.00 0.00 0.00 0.00 0.00
0.00 0.00 0.00 0.00 0.00 0.00 0.00 0.00 0.00 0.76 1.67 2.62 3.42 3.88 4.03 3.85 3.29 2.46 1.46 0.23 0.00 0.00 0.00 0.00
0.00 0.00 0.00 0.00 0.00 0.00 0.00 0.00 0.00 15.01 37.91 61.42 80.87 92.35 95.39 91.25 77.91 58.27 35.18 8.51 0.00 0.00 0.00 0.00
0.00 0.00 0.00 0.00 0.00 0.00 0.00 0.00 0.00 4.60 13.06 21.16 28.62 32.87 33.48 32.65 28.69 21.97 14.00 4.25 0.00 0.00 0.00 0.00
0.00 0.00 0.00 0.00 0.00 0.00 0.00 0.00 0.04 2.00 4.24 6.50 8.25 9.42 9.36 8.61 7.16 5.34 3.18 0.40 0.00 0.00 0.00 0.00
0.00 0.00 0.00 0.00 0.00 0.00 0.00 0.00 0.02 1.00 2.12 3.25 4.13 4.71 4.68 4.31 3.58 2.67 1.59 0.20 0.00 0.00 0.00 0.00
0.00 0.00 0.00 0.00 0.00 0.00 0.00 0.00 0.04 2.19 4.64 7.11 9.03 10.31 10.24 9.42 7.84 5.84 3.48 0.44 0.00 0.00 0.00 0.00
0.00 0.00 0.00 0.00 0.00 0.00 0.00 0.00 0.05 2.64 5.60 8.69 10.82 12.25 12.22 11.44 9.58 7.17 4.23 0.54 0.00 0.00 0.00 0.00
0.00 0.00 0.00 0.00 0.00 0.00 0.00 0.00 0.08 4.03 8.53 13.24 16.49 18.66 18.61 17.43 14.59 10.92 6.44 0.82 0.00 0.00 0.00 0.00
0.00 0.00 0.00 0.00 0.00 0.00 0.00 0.00 0.00 3.49 7.55 11.55 14.29 16.08 16.24 15.37 13.14 9.89 5.86 0.85 0.00 0.00 0.00 0.00
0.00 0.00 0.00 0.00 0.00 0.00 0.00 0.00 0.00 2.69 6.24 9.63 12.25 14.11 14.81 14.25 12.00 8.96 5.20 0.97 0.00 0.00 0.00 0.00
0.00 0.00 0.00 0.00 0.00 0.00 0.00 0.00 0.00 6.96 16.12 24.88 31.65 36.46 38.26 36.81 31.00 23.15 13.44 2.51 0.00 0.00 0.00 0.00
0.00 0.00 0.00 0.00 0.00 0.00 0.00 0.00 0.00 1.74 4.11 6.45 8.54 9.79 10.15 9.60 8.13 6.06 3.60 0.71 0.00 0.00 0.00 0.00
0.00 0.00 0.00 0.00 0.00 0.00 0.00 0.00 0.06 2.86 7.40 11.38 14.57 16.58 17.16 16.46 13.93 10.44 6.27 0.90 0.00 0.00 0.00 0.00
0.00 0.00 0.00 0.00 0.00 0.00 0.00 0.00 0.03 6.19 13.42 20.16 25.42 29.37 29.95 28.49 24.74 18.44 10.78 1.51 0.00 0.00 0.00 0.00
0.00 0.00 0.00 0.00 0.00 0.00 0.00 0.00 0.04 0.33 1.01 1.51 1.90 3.05 3.04 2.88 2.56 1.87 1.09 0.14 0.00 0.00 0.00 0.00
0.00 0.00 0.00 0.00 0.00 0.00 0.00 0.00 0.17 1.97 5.24 8.00 10.49 16.73 16.93 15.99 12.93 9.52 5.64 0.80 0.00 0.00 0.00 0.00
0.00 0.00 0.00 0.00 0.00 0.00 0.00 0.00 0.16 1.38 4.32 6.48 8.28 10.79 10.68 10.05 9.17 6.67 3.90 0.53 0.00 0.00 0.00 0.00
0.00 0.00 0.00 0.00 0.00 0.00 0.00 0.00 0.22 1.91 5.97 8.94 11.42 14.89 14.74 13.86 12.65 9.20 5.38 0.73 0.00 0.00 0.00 0.00
0.00 0.00 0.00 0.00 0.00 0.00 0.00 0.00 0.15 1.30 4.06 6.09 7.78 10.14 10.04 9.44 8.62 6.27 3.66 0.49 0.00 0.00 0.00 0.00
0.00 0.00 0.00 0.00 0.00 0.00 0.00 0.00 0.09 1.05 2.79 4.27 5.59 8.92 9.03 8.53 6.89 5.08 3.01 0.43 0.00 0.00 0.00 0.00
0.00 0.00 0.00 0.00 0.00 0.00 0.00 0.00 0.12 0.89 2.53 3.81 4.79 6.21 6.29 5.80 6.42 4.63 2.71 0.35 0.00 0.00 0.00 0.00
0.00 0.00 0.00 0.00 0.00 0.00 0.00 0.00 0.03 1.40 3.60 5.44 7.16 8.80 8.98 8.82 7.08 5.18 3.06 0.63 0.00 0.00 0.00 0.00
0.00 0.00 0.00 0.00 0.00 0.00 0.00 0.00 0.00 11.02 23.17 37.79 51.31 72.28 75.20 72.49 77.68 57.96 33.10 9.90 0.00 0.00 0.00 0.00
0.00 0.00 0.00 0.00 0.00 0.00 0.00 0.00 0.00 3.59 7.93 12.30 16.34 18.30 19.04 18.37 16.00 12.07 7.25 1.33 0.00 0.00 0.00 0.00
0.00 0.00 0.00 0.00 0.00 0.00 0.00 0.00 0.00 4.07 11.20 17.50 23.53 27.00 27.16 26.09 21.56 16.15 9.80 1.69 0.00 0.00 0.00 0.00
0.00 0.00 0.00 0.00 0.00 0.00 0.00 0.00 0.00 1.86 5.14 8.02 10.78 12.38 12.45 11.96 9.88 7.40 4.49 0.78 0.00 0.00 0.00 0.00
0.00 0.00 0.00 0.00 0.00 0.00 0.00 0.00 0.00 4.44 9.78 15.13 19.92 22.40 23.43 22.47 19.53 14.80 9.01 1.64 0.00 0.00 0.00 0.00
0.00 0.00 0.00 0.00 0.00 0.00 0.00 0.00 0.00 1.84 4.06 6.35 8.32 9.43 9.79 9.34 7.98 5.98 3.55 0.56 0.00 0.00 0.00 0.00
0.00 0.00 0.00 0.00 0.00 0.00 0.00 0.00 0.00 18.45 43.58 68.92 95.15 113.13 118.64 115.87 101.28 78.19 49.54 11.51 0.00 0.00 0.00 0.00
0.00 0.00 0.00 0.00 0.00 0.00 0.00 0.00 0.00 7.54 18.22 28.81 37.71 43.03 45.05 43.20 37.19 27.72 16.48 3.46 0.00 0.00 0.00 0.00
0.00 0.00 0.00 0.00 0.00 0.00 0.00 0.00 0.00 1.67 4.03 6.46 8.48 9.74 10.09 9.79 8.38 6.16 3.67 0.79 0.00 0.00 0.00 0.00
0.00 0.00 0.00 0.00 0.00 0.00 0.00 0.00 0.00 2.11 5.03 7.96 10.40 12.09 12.53 12.06 10.33 7.70 4.62 0.98 0.00 0.00 0.00 0.00
0.00 0.00 0.00 0.00 0.00 0.00 0.00 0.00 0.00 3.38 8.05 12.74 16.65 19.34 20.04 19.30 16.53 12.32 7.40 1.58 0.00 0.00 0.00 0.00
0.00 0.00 0.00 0.00 0.00 0.00 0.00 0.00 0.00 71.87 193.83 318.07 418.23 487.88 522.15 506.02 431.17 330.12 204.66 58.06 0.00 0.00 0.00 0.00
