0.00 0.00 0.00 0.00 0.00 0.00 0.00 0.00 0.00 0.35 1.41 2.18 2.85 3.16 3.23 2.88 2.26 1.53 0.62 0.00 0.00 0.00 0.00 0.00
0.00 0.00 0.00 0.00 0.00 0.00 0.00 0.00 0.00 11.58 28.38 40.96 50.31 54.64 56.08 49.58 36.88 24.21 8.65 0.00 0.00 0.00 0.00 0.00
0.00 0.00 0.00 0.00 0.00 0.00 0.00 0.00 0.00 8.06 32.16 49.93 65.21 72.23 73.87 65.97 51.60 35.03 14.23 0.00 0.00 0.00 0.00 0.00
0.00 0.00 0.00 0.00 0.00 0.00 0.00 0.00 0.00 28.64 114.31 177.43 231.74 256.71 262.52 234.45 183.37 124.50 50.59 0.00 0.00 0.00 0.00 0.00
0.00 0.00 0.00 0.00 0.00 0.00 0.00 0.00 0.00 2.12 4.68 6.63 7.95 8.36 8.21 7.03 5.49 3.36 0.78 0.00 0.00 0.00 0.00 0.00
0.00 0.00 0.00 0.00 0.00 0.00 0.00 0.00 0.00 62.50 253.07 395.15 515.51 544.52 565.47 516.65 425.41 289.91 128.51 0.00 0.00 0.00 0.00 0.00
0.00 0.00 0.00 0.00 0.00 0.00 0.00 0.00 0.00 0.89 2.64 3.79 4.71 5.26 5.20 4.58 3.32 2.04 0.48 0.00 0.00 0.00 0.00 0.00
0.00 0.00 0.00 0.00 0.00 0.00 0.00 0.00 0.00 0.66 1.64 2.37 2.91 3.14 3.18 2.80 2.12 1.38 0.47 0.00 0.00 0.00 0.00 0.00
0.00 0.00 0.00 0.00 0.00 0.00 0.00 0.00 0.00 1.06 2.63 3.79 4.65 5.03 5.08 4.48 3.39 2.21 0.74 0.00 0.00 0.00 0.00 0.00
0.00 0.00 0.00 0.00 0.00 0.00 0.00 0.00 0.00 1.06 2.63 3.79 4.65 5.03 5.08 4.48 3.39 2.21 0.74 0.00 0.00 0.00 0.00 0.00
0.00 0.00 0.00 0.00 0.00 0.00 0.00 0.00 0.00 2.18 5.94 8.51 10.75 11.81 11.81 10.46 8.21 5.38 1.88 0.00 0.00 0.00 0.00 0.00
0.00 0.00 0.00 0.00 0.00 0.00 0.00 0.00 0.00 1.05 2.82 4.03 5.09 5.60 5.62 4.97 3.82 2.50 0.88 0.00 0.00 0.00 0.00 0.00
0.00 0.00 0.00 0.00 0.00 0.00 0.00 0.00 0.00 1.34 3.63 5.19 6.54 7.20 7.22 6.39 4.91 3.22 1.13 0.00 0.00 0.00 0.00 0.00
0.00 0.00 0.00 0.00 0.00 0.00 0.00 0.00 0.00 0.90 2.42 3.46 4.36 4.80 4.82 4.26 3.27 2.14 0.75 0.00 0.00 0.00 0.00 0.00
0.00 0.00 0.00 0.00 0.00 0.00 0.00 0.00 0.00 0.90 2.42 3.46 4.36 4.80 4.82 4.26 3.27 2.14 0.75 0.00 0.00 0.00 0.00 0.00
0.00 0.00 0.00 0.00 0.00 0.00 0.00 0.00 0.00 12.64 32.67 48.32 61.27 68.12 71.23 63.58 48.71 31.76 13.46 0.00 0.00 0.00 0.00 0.00
0.00 0.00 0.00 0.00 0.00 0.00 0.00 0.00 0.00 6.56 17.72 25.33 32.40 36.44 36.10 31.45 24.09 15.66 5.25 0.00 0.00 0.00 0.00 0.00
0.00 0.00 0.00 0.00 0.00 0.00 0.00 0.00 0.00 5.17 14.57 21.02 26.01 29.21 29.53 25.58 19.83 12.91 4.32 0.00 0.00 0.00 0.00 0.00
0.00 0.00 0.00 0.00 0.00 0.00 0.00 0.00 0.00 18.44 74.65 116.56 152.06 160.61 166.79 152.39 125.48 85.51 37.91 0.00 0.00 0.00 0.00 0.00
0.00 0.00 0.00 0.00 0.00 0.00 0.00 0.00 0.00 17.54 71.00 110.87 144.64 152.78 158.66 144.96 119.36 81.34 36.06 0.00 0.00 0.00 0.00 0.00
0.00 0.00 0.00 0.00 0.00 0.00 0.00 0.00 0.00 33.72 136.55 213.21 278.15 293.80 305.11 278.77 229.54 156.43 69.34 0.00 0.00 0.00 0.00 0.00
0.00 0.00 0.00 0.00 0.00 0.00 0.00 0.00 0.00 33.16 134.27 209.66 273.51 288.91 300.03 274.12 225.71 153.82 68.19 0.00 0.00 0.00 0.00 0.00
0.00 0.00 0.00 0.00 0.00 0.00 0.00 0.00 0.00 32.43 143.58 226.00 297.49 330.33 341.60 303.87 237.26 160.58 64.22 0.00 0.00 0.00 0.00 0.00
0.00 0.00 0.00 0.00 0.00 0.00 0.00 0.00 0.00 0.66 1.64 2.37 2.91 3.14 3.18 2.80 2.12 1.38 0.47 0.00 0.00 0.00 0.00 0.00
0.00 0.00 0.00 0.00 0.00 0.00 0.00 0.00 0.00 3.35 8.33 12.01 14.73 15.93 16.09 14.20 10.74 6.99 2.36 0.00 0.00 0.00 0.00 0.00
0.00 0.00 0.00 0.00 0.00 0.00 0.00 0.00 0.00 17.09 42.54 61.32 75.21 81.34 82.16 72.51 54.85 35.67 12.03 0.00 0.00 0.00 0.00 0.00
0.00 0.00 0.00 0.00 0.00 0.00 0.00 0.00 0.00 1.26 5.10 7.96 10.38 10.97 11.39 10.41 8.57 5.84 2.59 0.00 0.00 0.00 0.00 0.00
0.00 0.00 0.00 0.00 0.00 0.00 0.00 0.00 0.00 28.20 112.53 174.67 228.13 252.70 258.43 230.80 180.51 122.55 49.80 0.00 0.00 0.00 0.00 0.00
0.00 0.00 0.00 0.00 0.00 0.00 0.00 0.00 0.00 2.92 8.97 13.26 16.69 18.52 19.20 17.17 13.90 9.44 3.86 0.00 0.00 0.00 0.00 0.00
0.00 0.00 0.00 0.00 0.00 0.00 0.00 0.00 0.00 15.11 56.10 85.49 110.19 121.78 122.46 109.41 80.85 52.68 17.70 0.00 0.00 0.00 0.00 0.00
0.00 0.00 0.00 0.00 0.00 0.00 0.00 0.00 0.00 0.47 1.88 2.91 3.80 4.21 4.31 3.85 3.01 2.04 0.83 0.00 0.00 0.00 0.00 0.00
0.00 0.00 0.00 0.00 0.00 0.00 0.00 0.00 0.00 21.15 84.40 131.00 171.10 189.53 193.82 173.10 135.38 91.92 37.35 0.00 0.00 0.00 0.00 0.00
0.00 0.00 0.00 0.00 0.00 0.00 0.00 0.00 0.00 27.14 108.31 168.12 219.57 243.23 248.74 222.14 173.74 117.96 47.93 0.00 0.00 0.00 0.00 0.00
0.00 0.00 0.00 0.00 0.00 0.00 0.00 0.00 0.00 42.76 189.34 298.04 392.31 435.62 450.49 400.73 312.88 211.77 84.69 0.00 0.00 0.00 0.00 0.00
0.00 0.00 0.00 0.00 0.00 0.00 0.00 0.00 0.00 1.62 4.42 6.33 7.96 8.75 8.93 8.02 6.13 4.06 1.50 0.00 0.00 0.00 0.00 0.00
0.00 0.00 0.00 0.00 0.00 0.00 0.00 0.00 0.00 2.01 5.47 7.83 9.86 10.88 11.17 9.97 7.64 5.05 1.84 0.00 0.00 0.00 0.00 0.00
0.00 0.00 0.00 0.00 0.00 0.00 0.00 0.00 0.00 12.06 37.02 54.70 68.85 76.38 79.20 70.84 57.35 38.94 15.92 0.00 0.00 0.00 0.00 0.00
0.00 0.00 0.00 0.00 0.00 0.00 0.00 0.00 0.00 15.25 120.10 200.78 269.08 312.02 317.61 281.67 220.26 149.31 58.75 0.00 0.00 0.00 0.00 0.00
0.00 0.00 0.00 0.00 0.00 0.00 0.00 0.00 0.00 0.52 1.39 1.98 2.49 2.76 2.78 2.42 1.81 1.17 0.38 0.00 0.00 0.00 0.00 0.00
0.00 0.00 0.00 0.00 0.00 0.00 0.00 0.00 0.00 6.93 27.36 42.25 55.47 62.22 63.25 56.18 42.86 28.63 10.88 0.00 0.00 0.00 0.00 0.00
0.00 0.00 0.00 0.00 0.00 0.00 0.00 0.00 0.00 2.08 8.37 13.34 17.78 20.09 21.01 19.44 15.86 10.73 5.15 0.00 0.00 0.00 0.00 0.00
0.00 0.00 0.00 0.00 0.00 0.00 0.00 0.00 0.00 1.11 3.10 4.43 5.44 6.04 6.02 5.15 3.87 2.35 0.51 0.00 0.00 0.00 0.00 0.00
0.00 0.00 0.00 0.00 0.00 0.00 0.00 0.00 0.00 0.55 1.55 2.22 2.72 3.02 3.01 2.58 1.93 1.17 0.25 0.00 0.00 0.00 0.00 0.00
0.00 0.00 0.00 0.00 0.00 0.00 0.00 0.00 0.00 1.21 3.39 4.85 5.95 6.60 6.59 5.64 4.23 2.57 0.55 0.00 0.00 0.00 0.00 0.00
0.00 0.00 0.00 0.00 0.00 0.00 0.00 0.00 0.00 1.48 4.08 5.81 7.16 7.93 7.94 6.88 5.08 3.11 0.71 0.00 0.00 0.00 0.00 0.00
0.00 0.00 0.00 0.00 0.00 0.00 0.00 0.00 0.00 2.26 6.21 8.86 10.90 12.09 12.10 10.49 7.75 4.74 1.09 0.00 0.00 0.00 0.00 0.00
0.00 0.00 0.00 0.00 0.00 0.00 0.00 0.00 0.00 1.84 5.38 7.74 9.64 10.85 10.70 9.49 6.86 4.22 1.02 0.00 0.00 0.00 0.00 0.00
0.00 0.00 0.00 0.00 0.00 0.00 0.00 0.00 0.00 1.27 4.43 6.67 8.50 9.62 9.53 8.38 6.09 3.87 1.13 0.00 0.00 0.00 0.00 0.00
0.00 0.00 0.00 0.00 0.00 0.00 0.00 0.00 0.00 3.27 11.43 17.23 21.96 24.84 24.61 21.66 15.73 10.00 2.92 0.00 0.00 0.00 0.00 0.00
0.00 0.00 0.00 0.00 0.00 0.00 0.00 0.00 0.00 0.85 2.96 4.45 5.84 6.58 6.63 5.75 4.35 2.81 0.90 0.00 0.00 0.00 0.00 0.00
0.00 0.00 0.00 0.00 0.00 0.00 0.00 0.00 0.00 2.44 6.28 8.87 10.90 11.89 12.12 10.37 7.82 4.97 1.47 0.00 0.00 0.00 0.00 0.00
0.00 0.00 0.00 0.00 0.00 0.00 0.00 0.00 0.00 3.74 10.09 14.36 17.73 19.51 19.44 17.11 12.68 7.96 2.18 0.00 0.00 0.00 0.00 0.00
0.00 0.00 0.00 0.00 0.00 0.00 0.00 0.00 0.00 0.65 1.52 2.12 2.51 2.59 2.61 2.26 1.70 1.04 0.24 0.00 0.00 0.00 0.00 0.00
0.00 0.00 0.00 0.00 0.00 0.00 0.00 0.00 0.00 3.57 8.56 12.23 14.61 15.56 15.75 13.85 9.88 6.22 1.75 0.00 0.00 0.00 0.00 0.00
0.00 0.00 0.00 0.00 0.00 0.00 0.00 0.00 0.00 2.33 5.50 7.91 9.54 10.28 10.30 9.00 6.17 3.83 0.99 0.00 0.00 0.00 0.00 0.00
0.00 0.00 0.00 0.00 0.00 0.00 0.00 0.00 0.00 3.21 7.59 10.92 13.16 14.18 14.21 12.42 8.51 5.28 1.37 0.00 0.00 0.00 0.00 0.00
0.00 0.00 0.00 0.00 0.00 0.00 0.00 0.00 0.00 2.19 5.17 7.44 8.97 9.66 9.68 8.46 5.80 3.60 0.93 0.00 0.00 0.00 0.00 0.00
0.00 0.00 0.00 0.00 0.00 0.00 0.00 0.00 0.00 1.91 4.57 6.52 7.79 8.30 8.40 7.38 5.27 3.32 0.93 0.00 0.00 0.00 0.00 0.00
0.00 0.00 0.00 0.00 0.00 0.00 0.00 0.00 0.00 1.81 4.10 5.77 7.04 7.44 7.33 6.31 4.86 2.99 0.73 0.00 0.00 0.00 0.00 0.00
0.00 0.00 0.00 0.00 0.00 0.00 0.00 0.00 0.00 1.89 4.71 6.80 8.34 9.01 9.11 8.04 6.08 3.95 1.33 0.00 0.00 0.00 0.00 0.00
0.00 0.00 0.00 0.00 0.00 0.00 0.00 0.00 0.00 16.45 42.52 62.89 79.74 88.67 92.72 82.75 63.40 41.34 17.52 0.00 0.00 0.00 0.00 0.00
0.00 0.00 0.00 0.00 0.00 0.00 0.00 0.00 0.00 2.47 6.73 9.65 12.19 13.38 13.39 11.86 9.30 6.10 2.14 0.00 0.00 0.00 0.00 0.00
0.00 0.00 0.00 0.00 0.00 0.00 0.00 0.00 0.00 3.93 10.15 14.39 18.25 19.93 19.69 17.24 13.17 8.51 2.78 0.00 0.00 0.00 0.00 0.00
0.00 0.00 0.00 0.00 0.00 0.00 0.00 0.00 0.00 1.80 4.65 6.60 8.36 9.14 9.02 7.90 6.03 3.90 1.27 0.00 0.00 0.00 0.00 0.00
0.00 0.00 0.00 0.00 0.00 0.00 0.00 0.00 0.00 3.05 8.31 11.93 15.02 16.55 16.60 14.56 11.50 7.53 2.62 0.00 0.00 0.00 0.00 0.00
0.00 0.00 0.00 0.00 0.00 0.00 0.00 0.00 0.00 1.27 3.38 4.81 6.04 6.71 6.74 5.88 4.40 2.84 0.91 0.00 0.00 0.00 0.00 0.00
0.00 0.00 0.00 0.00 0.00 0.00 0.00 0.00 0.00 12.48 38.33 56.63 71.29 79.08 82.00 73.35 59.38 40.32 16.48 0.00 0.00 0.00 0.00 0.00
0.00 0.00 0.00 0.00 0.00 0.00 0.00 0.00 0.00 3.61 13.41 20.44 26.35 29.12 29.28 26.16 19.33 12.60 4.23 0.00 0.00 0.00 0.00 0.00
0.00 0.00 0.00 0.00 0.00 0.00 0.00 0.00 0.00 0.82 2.98 4.54 5.93 6.60 6.52 5.88 4.44 2.90 1.00 0.00 0.00 0.00 0.00 0.00
0.00 0.00 0.00 0.00 0.00 0.00 0.00 0.00 0.00 1.05 3.63 5.48 6.99 7.98 8.05 7.22 5.53 3.64 1.30 0.00 0.00 0.00 0.00 0.00
0.00 0.00 0.00 0.00 0.00 0.00 0.00 0.00 0.00 1.68 5.81 8.77 11.19 12.77 12.88 11.55 8.85 5.83 2.07 0.00 0.00 0.00 0.00 0.00
0.00 0.00 0.00 0.00 0.00 0.00 0.00 0.00 0.00 34.29 138.82 216.76 282.79 298.70 310.20 283.41 233.36 159.04 70.50 0.00 0.00 0.00 0.00 0.00
