0.00 0.00 0.00 0.00 0.00 0.00 0.00 0.24 1.10 1.93 2.85 3.74 4.49 4.98 5.12 4.81 4.24 3.43 2.47 1.46 0.64 0.00 0.00 0.00
0.00 0.00 0.00 0.00 0.00 0.00 0.00 6.24 22.38 37.59 56.96 73.58 85.76 92.91 92.74 86.18 71.70 56.63 37.67 16.46 4.14 0.00 0.00 0.00
0.00 0.00 0.00 0.00 0.00 0.00 0.00 5.57 25.24 44.08 65.15 85.42 102.74 113.98 117.02 109.91 96.97 78.51 56.41 33.30 14.60 0.00 0.00 0.00
0.00 0.00 0.00 0.00 0.00 0.00 0.00 19.81 89.70 156.67 231.53 303.58 365.14 405.07 415.89 390.60 344.63 279.03 200.49 118.34 51.89 0.00 0.00 0.00
0.00 0.00 0.00 0.00 0.00 0.00 0.00 1.62 4.26 7.06 10.34 13.05 14.81 16.68 16.57 14.93 12.28 9.61 6.40 2.65 0.53 0.00 0.00 0.00
0.00 0.00 0.00 0.00 0.00 0.00 0.00 30.64 192.43 347.98 522.14 688.05 824.12 892.04 911.70 863.89 793.44 645.35 456.80 241.62 107.61 0.00 0.00 0.00
0.00 0.00 0.00 0.00 0.00 0.00 0.00 0.97 2.55 4.22 6.06 7.76 8.92 9.43 9.49 8.83 7.97 6.33 4.33 2.13 0.72 0.00 0.00 0.00
0.00 0.00 0.00 0.00 0.00 0.00 0.00 0.43 1.42 2.35 3.48 4.44 5.09 5.82 5.94 5.59 4.71 3.66 2.48 1.13 0.31 0.00 0.00 0.00
0.00 0.00 0.00 0.00 0.00 0.00 0.00 0.69 2.27 3.76 5.58 7.10 8.14 9.31 9.51 8.94 7.53 5.86 3.96 1.80 0.49 0.00 0.00 0.00
0.00 0.00 0.00 0.00 0.00 0.00 0.00 0.69 2.27 3.76 5.58 7.10 8.14 9.31 9.51 8.94 7.53 5.86 3.96 1.80 0.49 0.00 0.00 0.00
0.00 0.00 0.00 0.00 0.00 0.00 0.00 1.34 4.64 7.76 11.85 15.94 18.92 21.24 21.23 20.12 18.72 15.12 10.47 5.19 1.66 0.00 0.00 0.00
0.00 0.00 0.00 0.00 0.00 0.00 0.00 0.64 2.23 3.73 5.65 7.58 8.99 10.29 10.39 9.78 8.97 7.18 4.95 2.43 0.77 0.00 0.00 0.00
0.00 0.00 0.00 0.00 0.00 0.00 0.00 0.83 2.87 4.80 7.26 9.75 11.55 13.23 13.35 12.57 11.53 9.24 6.37 3.12 0.99 0.00 0.00 0.00
0.00 0.00 0.00 0.00 0.00 0.00 0.00 0.55 1.92 3.20 4.84 6.50 7.70 8.82 8.90 8.38 7.69 6.16 4.24 2.08 0.66 0.00 0.00 0.00
0.00 0.00 0.00 0.00 0.00 0.00 0.00 0.55 1.92 3.20 4.84 6.50 7.70 8.82 8.90 8.38 7.69 6.16 4.24 2.08 0.66 0.00 0.00 0.00
0.00 0.00 0.00 0.00 0.00 0.00 0.00 4.70 25.17 44.49 68.51 89.27 101.53 112.99 115.06 109.70 100.40 79.12 53.66 25.68 7.46 0.00 0.00 0.00
0.00 0.00 0.00 0.00 0.00 0.00 0.00 4.49 14.75 24.43 36.53 48.31 57.55 63.39 64.03 60.05 55.89 44.86 31.53 15.51 4.91 0.00 0.00 0.00
0.00 0.00 0.00 0.00 0.00 0.00 0.00 4.01 13.14 21.74 31.25 39.85 46.85 51.66 52.24 49.81 45.69 36.24 24.96 12.81 4.32 0.00 0.00 0.00
0.00 0.00 0.00 0.00 0.00 0.00 0.00 9.04 56.76 102.64 154.01 202.95 243.09 263.12 268.92 254.82 234.04 190.35 134.74 71.27 31.74 0.00 0.00 0.00
0.00 0.00 0.00 0.00 0.00 0.00 0.00 8.60 53.99 97.63 146.50 193.05 231.23 250.29 255.80 242.39 222.62 181.07 128.17 67.79 30.19 0.00 0.00 0.00
0.00 0.00 0.00 0.00 0.00 0.00 0.00 16.53 103.83 187.76 281.73 371.25 444.67 481.32 491.93 466.13 428.11 348.21 246.48 130.37 58.06 0.00 0.00 0.00
0.00 0.00 0.00 0.00 0.00 0.00 0.00 16.26 102.10 184.63 277.03 365.06 437.26 473.30 483.73 458.36 420.98 342.41 242.37 128.20 57.10 0.00 0.00 0.00
0.00 0.00 0.00 0.00 0.00 0.00 0.00 28.12 121.65 211.13 303.77 399.72 481.38 513.85 523.86 513.05 466.68 375.71 271.28 160.76 73.09 0.00 0.00 0.00
0.00 0.00 0.00 0.00 0.00 0.00 0.00 0.43 1.42 2.35 3.48 4.44 5.09 5.82 5.94 5.59 4.71 3.66 2.48 1.13 0.31 0.00 0.00 0.00
0.00 0.00 0.00 0.00 0.00 0.00 0.00 2.17 7.19 11.89 17.66 22.49 25.76 29.48 30.12 28.32 23.85 18.56 12.55 5.71 1.55 0.00 0.00 0.00
0.00 0.00 0.00 0.00 0.00 0.00 0.00 11.09 36.72 60.72 90.13 114.80 131.54 150.50 153.77 144.56 121.78 94.75 64.05 29.17 7.90 0.00 0.00 0.00
0.00 0.00 0.00 0.00 0.00 0.00 0.00 0.62 3.88 7.01 10.52 13.86 16.60 17.97 18.37 17.40 15.98 13.00 9.20 4.87 2.17 0.00 0.00 0.00
0.00 0.00 0.00 0.00 0.00 0.00 0.00 19.50 88.30 154.23 227.92 298.85 359.45 398.75 409.41 384.51 339.26 274.68 197.36 116.50 51.08 0.00 0.00 0.00
0.00 0.00 0.00 0.00 0.00 0.00 0.00 1.25 5.79 10.09 15.25 21.13 26.70 30.45 31.25 30.20 27.54 22.19 15.46 8.80 3.26 0.00 0.00 0.00
0.00 0.00 0.00 0.00 0.00 0.00 0.00 14.83 48.72 81.06 119.27 152.24 177.38 192.59 200.61 190.08 167.96 136.68 97.53 56.52 23.77 0.00 0.00 0.00
0.00 0.00 0.00 0.00 0.00 0.00 0.00 0.33 1.47 2.57 3.80 4.98 5.99 6.65 6.82 6.41 5.65 4.58 3.29 1.94 0.85 0.00 0.00 0.00
0.00 0.00 0.00 0.00 0.00 0.00 0.00 14.63 66.23 115.67 170.94 224.14 269.59 299.07 307.06 288.38 254.44 206.01 148.02 87.37 38.31 0.00 0.00 0.00
0.00 0.00 0.00 0.00 0.00 0.00 0.00 18.77 84.99 148.44 219.37 287.64 345.97 383.80 394.06 370.09 326.53 264.38 189.96 112.13 49.17 0.00 0.00 0.00
0.00 0.00 0.00 0.00 0.00 0.00 0.00 37.09 160.43 278.43 400.59 527.13 634.82 677.63 690.84 676.58 615.44 495.46 357.75 212.01 96.38 0.00 0.00 0.00
0.00 0.00 0.00 0.00 0.00 0.00 0.00 0.92 3.44 5.81 8.89 11.70 13.87 16.07 16.17 15.32 14.23 11.18 7.77 3.87 1.24 0.00 0.00 0.00
0.00 0.00 0.00 0.00 0.00 0.00 0.00 1.19 4.37 7.36 11.13 14.55 17.37 20.07 20.29 19.31 17.73 13.86 9.76 4.84 1.54 0.00 0.00 0.00
0.00 0.00 0.00 0.00 0.00 0.00 0.00 5.15 23.86 41.64 62.89 87.15 110.15 125.60 128.92 124.58 113.60 91.53 63.78 36.31 13.46 0.00 0.00 0.00
0.00 0.00 0.00 0.00 0.00 0.00 0.00 32.18 131.44 226.84 335.12 431.74 510.34 532.07 543.48 509.87 460.55 373.36 273.85 174.14 87.89 0.00 0.00 0.00
0.00 0.00 0.00 0.00 0.00 0.00 0.00 0.38 1.21 1.99 3.00 3.91 4.59 5.04 5.06 4.78 4.38 3.50 2.45 1.17 0.36 0.00 0.00 0.00
0.00 0.00 0.00 0.00 0.00 0.00 0.00 6.12 23.88 40.92 59.67 76.61 90.79 99.12 99.85 93.86 83.06 67.35 49.31 29.89 12.94 0.00 0.00 0.00
0.00 0.00 0.00 0.00 0.00 0.00 0.00 0.55 6.84 12.89 18.72 24.97 29.99 32.43 32.91 30.25 23.58 19.01 13.72 9.04 4.14 0.00 0.00 0.00
0.00 0.00 0.00 0.00 0.00 0.00 0.00 1.19 3.05 5.02 7.05 8.95 10.26 10.98 10.94 10.26 9.36 7.35 4.99 2.41 0.79 0.00 0.00 0.00
0.00 0.00 0.00 0.00 0.00 0.00 0.00 0.60 1.52 2.51 3.52 4.47 5.13 5.49 5.47 5.13 4.68 3.67 2.49 1.20 0.39 0.00 0.00 0.00
0.00 0.00 0.00 0.00 0.00 0.00 0.00 1.30 3.33 5.49 7.71 9.79 11.22 12.01 11.97 11.22 10.24 8.04 5.46 2.63 0.86 0.00 0.00 0.00
0.00 0.00 0.00 0.00 0.00 0.00 0.00 1.55 4.03 6.64 9.39 11.76 13.54 14.55 14.55 13.61 12.29 9.59 6.60 3.15 1.02 0.00 0.00 0.00
0.00 0.00 0.00 0.00 0.00 0.00 0.00 2.35 6.14 10.12 14.30 17.92 20.62 22.17 22.17 20.74 18.73 14.61 10.05 4.79 1.55 0.00 0.00 0.00
0.00 0.00 0.00 0.00 0.00 0.00 0.00 1.95 5.18 8.52 12.24 15.82 17.97 19.17 19.17 17.94 16.26 12.99 8.82 4.38 1.47 0.00 0.00 0.00
0.00 0.00 0.00 0.00 0.00 0.00 0.00 1.42 4.15 6.74 9.82 12.30 14.17 14.88 15.47 15.07 13.51 10.74 7.57 4.34 1.76 0.00 0.00 0.00
0.00 0.00 0.00 0.00 0.00 0.00 0.00 3.66 10.72 17.42 25.38 31.77 36.60 38.44 39.96 38.93 34.91 27.75 19.55 11.21 4.56 0.00 0.00 0.00
0.00 0.00 0.00 0.00 0.00 0.00 0.00 0.86 2.70 4.46 6.48 8.27 9.64 9.83 10.01 9.61 9.24 7.43 5.18 2.73 1.10 0.00 0.00 0.00
0.00 0.00 0.00 0.00 0.00 0.00 0.00 1.88 5.54 9.05 13.10 17.37 20.18 22.37 22.70 21.04 19.19 15.21 10.55 4.92 1.46 0.00 0.00 0.00
0.00 0.00 0.00 0.00 0.00 0.00 0.00 3.49 9.83 16.01 22.43 28.82 34.21 37.03 37.70 35.32 32.57 25.63 17.35 8.21 2.59 0.00 0.00 0.00
0.00 0.00 0.00 0.00 0.00 0.00 0.00 0.54 1.39 2.23 3.13 3.94 4.41 5.14 5.03 4.67 4.05 3.18 2.09 0.90 0.20 0.00 0.00 0.00
0.00 0.00 0.00 0.00 0.00 0.00 0.00 2.72 7.79 12.74 18.29 22.69 25.50 29.89 30.12 27.87 23.34 17.94 11.79 5.17 1.24 0.00 0.00 0.00
0.00 0.00 0.00 0.00 0.00 0.00 0.00 1.97 5.37 8.76 12.39 15.52 17.01 19.47 19.00 17.84 15.22 11.75 7.84 3.40 0.77 0.00 0.00 0.00
0.00 0.00 0.00 0.00 0.00 0.00 0.00 2.71 7.41 12.09 17.10 21.42 23.47 26.87 26.22 24.62 21.00 16.22 10.82 4.69 1.06 0.00 0.00 0.00
0.00 0.00 0.00 0.00 0.00 0.00 0.00 1.85 5.05 8.23 11.65 14.59 15.98 18.30 17.86 16.77 14.30 11.05 7.37 3.19 0.72 0.00 0.00 0.00
0.00 0.00 0.00 0.00 0.00 0.00 0.00 1.45 4.15 6.79 9.76 12.10 13.60 15.94 16.06 14.86 12.45 9.57 6.29 2.76 0.66 0.00 0.00 0.00
0.00 0.00 0.00 0.00 0.00 0.00 0.00 1.45 3.87 6.34 9.24 11.54 12.93 14.46 14.44 13.32 11.01 8.64 5.91 2.48 0.51 0.00 0.00 0.00
0.00 0.00 0.00 0.00 0.00 0.00 0.00 1.23 4.07 6.73 9.99 12.72 14.58 16.68 17.04 16.02 13.50 10.50 7.10 3.23 0.88 0.00 0.00 0.00
0.00 0.00 0.00 0.00 0.00 0.00 0.00 6.12 32.76 57.91 89.17 116.19 132.14 147.06 149.76 142.79 130.68 102.98 69.84 33.42 9.72 0.00 0.00 0.00
0.00 0.00 0.00 0.00 0.00 0.00 0.00 1.52 5.26 8.80 13.44 18.07 21.44 24.07 24.06 22.80 21.21 17.13 11.87 5.88 1.88 0.00 0.00 0.00
0.00 0.00 0.00 0.00 0.00 0.00 0.00 2.59 8.29 13.63 20.72 27.24 32.50 36.73 37.40 34.89 31.49 25.12 17.43 8.08 2.42 0.00 0.00 0.00
0.00 0.00 0.00 0.00 0.00 0.00 0.00 1.19 3.80 6.25 9.50 12.49 14.90 16.83 17.14 15.99 14.43 11.52 7.99 3.70 1.11 0.00 0.00 0.00
0.00 0.00 0.00 0.00 0.00 0.00 0.00 1.90 6.53 10.91 16.58 22.22 26.43 29.36 29.17 27.62 25.79 20.73 14.54 7.22 2.32 0.00 0.00 0.00
0.00 0.00 0.00 0.00 0.00 0.00 0.00 0.93 2.94 4.83 7.28 9.51 11.14 12.24 12.28 11.61 10.64 8.50 5.95 2.85 0.88 0.00 0.00 0.00
0.00 0.00 0.00 0.00 0.00 0.00 0.00 5.33 24.71 43.11 65.11 90.23 114.05 130.04 133.48 128.98 117.61 94.76 66.04 37.59 13.93 0.00 0.00 0.00
0.00 0.00 0.00 0.00 0.00 0.00 0.00 3.55 11.65 19.38 28.52 36.40 42.42 46.05 47.97 45.45 40.16 32.68 23.32 13.51 5.69 0.00 0.00 0.00
0.00 0.00 0.00 0.00 0.00 0.00 0.00 0.76 2.59 4.34 6.48 8.25 9.70 10.34 10.48 9.95 8.99 7.26 5.13 3.10 1.29 0.00 0.00 0.00
0.00 0.00 0.00 0.00 0.00 0.00 0.00 0.90 3.17 5.34 7.80 9.96 11.64 12.83 13.18 12.77 11.62 9.16 6.48 3.88 1.57 0.00 0.00 0.00
0.00 0.00 0.00 0.00 0.00 0.00 0.00 1.44 5.07 8.55 12.47 15.93 18.63 20.52 21.09 20.43 18.58 14.66 10.38 6.21 2.51 0.00 0.00 0.00
0.00 0.00 0.00 0.00 0.00 0.00 0.00 16.81 105.56 190.89 286.42 377.44 452.08 489.34 500.12 473.89 435.25 354.01 250.58 132.54 59.03 0.00 0.00 0.00
