958 721 763 770 841 901 981 1124 1009 843 681 349 75 177 97 223 267 334 372 473 406 488 -60 -52 
-602 -326 -357 -353 -396 -434 -537 -658 -614 -379 -179 147 424 329 420 302 270 203 152 -7 117 13 527 488 
-287 -331 -340 -350 -373 -391 -365 -383 -310 -381 -421 -417 -419 -425 -435 -441 -451 -452 -441 -379 -439 -421 -391 -365 
-440 -496 -490 -484 -477 -478 -479 -480 -532 -596 -675 -607 -242 -562 -305 -328 -486 -360 -527 -712 -748 -597 -367 -369 
199 224 222 219 216 216 217 217 241 270 305 275 110 254 138 149 220 163 239 322 338 270 166 167 
-51 -79 -75 -71 -67 -67 -68 -70 -89 -111 -137 -254 0 -254 -132 -184 -253 -253 -253 -253 -253 -254 -255 -255 
-132 -131 -131 -131 -132 -132 -132 -134 -131 -124 -118 -112 -109 -109 -112 -116 -121 -126 -131 -138 -143 -143 -141 -140 
170 167 164 165 170 178 185 199 210 218 222 318 324 334 343 352 266 263 252 251 242 321 302 285 
332 327 322 323 332 344 357 378 396 409 415 514 524 539 555 570 487 483 465 462 449 519 489 461 
191 197 195 195 198 212 224 251 251 238 206 161 94 79 92 98 96 83 59 52 42 24 -352 -24 
-66 -60 -67 -74 -82 -88 -67 -14 -50 -145 -232 -305 -378 -389 -364 -336 -289 -243 -177 -82 -37 -9 -250 -24 
278 278 282 289 300 321 312 288 326 410 466 497 505 501 490 469 420 360 268 166 109 61 -75 24 
438 437 435 434 432 425 421 481 480 430 405 402 405 301 405 427 401 538 396 415 397 299 313 213 
-547 -545 -543 -542 -539 -531 -525 -600 -599 -537 -505 -502 -505 -376 -506 -533 -501 -671 -494 -518 -496 -373 -391 -266 
-549 -588 -582 -575 -565 -547 -532 -612 -619 -565 -545 -595 -644 -511 -672 -718 -688 -882 -666 -677 -653 -511 -498 -352 
-180 -193 -191 -189 -185 -179 -174 -201 -203 -185 -179 -195 -211 -167 -220 -235 -225 -289 -218 -222 -214 -167 -163 -115 
1 -56 -52 -49 -52 -69 -79 -62 -90 -151 -190 -261 -309 -348 -313 -328 -341 -303 -369 -353 -359 -374 -303 -333 
71 65 57 49 28 -6 -30 -33 -64 -111 -163 -185 -203 -272 -257 -260 -282 -184 -159 -120 -134 -228 -179 -232 
71 65 57 49 28 -6 -30 -33 -64 -111 -163 -185 -203 -272 -257 -260 -282 -184 -159 -120 -134 -228 -179 -232 
-68 -104 -88 -68 -26 42 90 100 138 191 266 239 245 377 344 342 386 191 147 80 106 271 236 301 
90 35 23 18 3 -23 -30 -13 -64 -156 -271 -359 -421 -506 -490 -485 -496 -355 -274 -177 -214 -354 -350 -394 
67 26 17 13 2 -17 -23 -10 -48 -118 -204 -271 -318 -382 -370 -366 -374 -268 -207 -133 -162 -267 -264 -298 
67 26 17 13 2 -17 -23 -10 -48 -118 -204 -271 -318 -382 -370 -366 -374 -268 -207 -133 -162 -267 -264 -298 
92 36 23 18 3 -24 -31 -14 -66 -160 -278 -368 -431 -519 -502 -497 -508 -363 -281 -181 -220 -363 -358 -404 
92 36 23 18 3 -24 -31 -14 -66 -160 -278 -368 -431 -519 -502 -497 -508 -363 -281 -181 -220 -363 -358 -404 
76 29 19 15 2 -19 -26 -11 -54 -132 -229 -303 -356 -428 -414 -410 -419 -300 -232 -149 -181 -299 -295 -333 
-180 250 259 218 149 37 -97 -224 -110 138 425 940 1238 1212 1243 1212 1110 1056 835 643 750 885 1052 1019 
-848 -230 -291 -405 -578 -747 -856 -840 -638 -458 -647 264 166 223 279 321 431 407 368 34 359 381 323 195 
-70 90 81 157 204 30 -85 -87 -138 -140 120 143 46 99 147 179 280 248 208 308 195 228 183 67 
-166 -162 -162 -164 -169 -180 -189 -199 -206 -208 -209 -210 -212 -216 -222 -230 -235 -236 -230 -231 -227 -214 -197 -181 
76 70 72 74 79 83 88 91 92 91 89 88 89 90 92 93 95 95 93 96 93 89 83 77 
-155 -391 -334 -312 -239 -122 86 47 6 37 -8 -251 -291 -225 -213 -263 -243 -377 -467 -507 -533 -322 -153 -125 
-164 -14 -54 -74 -128 -225 -392 -336 -337 -397 -393 -257 -255 -307 -319 -287 -302 -185 -97 -40 -27 -151 -252 -252 
-69 37 15 6 -33 -76 -140 -178 -145 -116 -69 39 74 51 40 47 30 46 60 35 60 -2 -34 -29 
-130 -185 -183 -179 -179 -184 -183 -196 -223 -254 -287 -361 -412 -401 -434 -454 -450 -471 -420 -401 -402 -375 -345 -302 
15 22 22 21 21 22 22 24 27 31 35 44 50 49 53 55 55 57 51 49 49 45 42 37 
-243 -251 -249 -248 -246 -242 -238 -272 -274 -251 -242 -252 -263 -207 -268 -283 -269 -346 -262 -270 -260 -204 -205 -147 
76 108 107 105 105 108 108 115 131 149 168 212 242 236 255 266 264 277 247 235 236 220 202 177 
-233 -117 -121 -135 -161 -202 -244 -232 -210 -191 -149 -14 73 -18 74 90 47 159 9 -17 -9 -57 -35 -97 
-95 -65 -66 -68 -70 -69 -71 -75 -63 -42 -24 13 35 37 39 44 43 42 38 29 32 52 18 49 
195 134 136 141 143 143 147 154 130 86 50 -27 -73 -78 -81 -91 -88 -86 -78 -59 -66 -107 -38 -100 
-260 -170 -173 -180 -183 -181 -185 -194 -156 -92 -37 78 146 154 160 176 173 170 158 129 139 197 91 181 
-43 -12 -19 -27 -40 -55 -64 -69 16 120 206 392 496 465 481 449 456 435 351 249 148 80 26 31 
-277 -305 -298 -290 -280 -266 -257 -256 -344 -451 -540 -729 -840 -817 -839 -812 -821 -800 -710 -604 -502 -429 -368 -372 
73 242 242 226 203 168 124 95 141 228 327 528 649 621 660 666 638 654 553 490 524 526 572 509 
-444 -265 -264 -285 -325 -393 -465 -526 -493 -408 -305 -97 21 -17 2 -17 -75 -65 -155 -226 -184 -141 -43 -55 
3 -31 -23 -14 0 16 26 32 -66 -186 -286 -499 -621 -586 -605 -569 -578 -553 -456 -338 -222 -143 -80 -86 
-219 -255 -243 -228 -204 -181 -166 -165 -76 63 260 346 508 597 565 548 565 287 85 -127 -230 -175 -117 -84 
46 53 50 48 46 44 43 42 117 217 337 479 630 767 770 742 743 648 527 381 281 242 174 216 
1792 1148 1219 1288 1435 1721 1891 1840 1724 1623 1699 908 530 451 447 416 657 654 651 795 560 531 227 -56 
-202 -230 -220 -265 -291 -173 -109 -142 -61 9 -111 1 255 231 177 124 -76 -95 -129 -309 -213 -224 -65 171 
-119 -114 -112 -112 -114 -119 -127 -135 -131 -124 -113 -103 -98 -100 -109 -121 -134 -147 -156 -169 -172 -161 -147 -134 
67 80 140 192 238 293 262 140 179 336 534 585 697 647 511 393 209 69 -151 -527 -593 -615 -597 -559 
503 448 469 479 470 474 504 641 616 525 301 258 38 -48 24 62 -62 37 49 -114 -64 -104 -426 -429 
-548 -510 -572 -614 -648 -699 -694 -704 -713 -775 -748 -749 -643 -518 -471 -415 -142 -249 -116 429 520 609 788 746 
15 -40 -63 -84 -102 -117 -83 32 0 -125 -318 -376 -459 -491 -471 -450 -376 -261 -112 57 73 75 63 30 
190 182 176 174 176 179 183 198 216 232 246 261 278 291 301 305 304 294 277 272 265 252 234 217 
-17 36 55 78 101 125 98 4 58 205 376 522 593 567 530 450 401 280 164 -37 -53 7 34 86 
-141 -3 -2 -10 -15 -14 -27 -46 13 118 222 401 508 532 543 557 549 509 450 385 412 413 421 345 
-522 -469 -470 -474 -478 -482 -490 -491 -471 -441 -408 -341 -299 -307 -288 -281 -290 -281 -322 -342 -336 -346 -344 -376 
116 2 2 8 12 11 22 38 -11 -97 -183 -331 -419 -439 -448 -459 -453 -420 -371 -318 -340 -341 -348 -285 
287 -34 -34 -5 33 89 164 207 107 -66 -263 -658 -897 -848 -930 -949 -889 -920 -713 -587 -646 -634 -702 -563 
136 -182 -141 -96 -6 86 172 227 62 -191 -415 -980 -1245 -1258 -1281 -1229 -1077 -1036 -869 -591 -620 -483 -495 -508 
136 -182 -141 -96 -6 86 172 227 62 -191 -415 -980 -1245 -1258 -1281 -1229 -1077 -1036 -869 -591 -620 -483 -495 -508 
245 109 126 143 181 219 260 283 172 3 -168 -463 -640 -701 -683 -652 -537 -474 -353 -137 -86 -26 -54 -89 
271 9 42 80 159 243 317 370 243 14 -194 -659 -890 -916 -925 -902 -777 -680 -533 -285 -300 -234 -253 -269 
271 9 42 80 159 243 317 370 243 14 -194 -659 -890 -916 -925 -902 -777 -680 -533 -285 -300 -234 -253 -269 
-41 84 67 52 21 -8 -42 -59 33 143 243 490 611 627 630 584 498 521 442 306 295 196 206 224 
-41 84 67 52 21 -8 -42 -59 33 143 243 490 611 627 630 584 498 521 442 306 295 196 206 224 
229 -89 -48 -3 89 187 275 334 174 -90 -328 -893 -1165 -1187 -1204 -1164 -1012 -934 -762 -473 -497 -387 -405 -421 
-404 -385 -385 -384 -389 -392 -407 -410 -312 -166 10 163 316 434 378 356 239 140 23 -203 -334 -347 -298 -234 
-125 -114 -121 -123 -124 -124 -125 -124 -80 -5 88 176 255 293 297 297 246 186 100 -30 -96 -109 -99 -88 
703 669 669 667 676 681 708 712 542 289 -18 -284 -549 -754 -658 -619 -415 -243 -40 352 580 603 517 407 
-1323 -2016 -1949 -1829 -1586 -1324 -1129 -970 -879 -740 -301 -443 -566 -64 -19 -174 -357 -828 -1165 -1737 -2202 -2305 -2157 -1940 
835 -92 16 -90 1 632 828 822 826 832 792 -85 -80 -82 -90 -99 -53 -120 -113 -137 -138 -129 -119 -108 
-225 -64 -111 -136 -192 -314 -531 -421 -442 -552 -575 -435 -455 -519 -533 -489 -504 -337 -213 -110 -107 -256 -388 -390 
-54 -5 -31 -47 -63 -137 -283 -128 -177 -313 -383 -349 -401 -437 -433 -389 -381 -228 -121 3 -22 -118 -228 -247 
-455 -446 -426 -416 -418 -432 -421 -408 -432 -499 -479 -473 -420 -413 -439 -461 -501 -485 -471 -537 -508 -438 -285 -353 
85 87 78 72 71 69 54 24 27 66 62 83 93 104 109 118 144 146 158 204 195 167 92 156 
-140 -134 -130 -129 -130 -133 -135 -146 -159 -172 -182 -193 -205 -215 -222 -225 -225 -218 -205 -201 -196 -186 -173 -160 
50 51 46 43 42 41 32 14 16 39 36 49 55 61 64 70 85 86 93 121 115 99 54 92 
-84 -81 -78 -77 -78 -79 -81 -88 -96 -103 -109 -116 -123 -129 -133 -135 -135 -131 -123 -121 -117 -112 -104 -96 
20 25 16 13 14 15 21 23 36 67 108 152 184 180 210 220 207 175 117 51 25 14 5 -7 
209 190 213 227 230 220 206 223 242 240 235 223 199 158 112 113 115 115 153 222 221 217 212 211 
95 87 97 104 105 101 94 102 111 109 108 102 91 72 51 52 52 52 70 101 101 99 97 96 
91 126 127 128 136 153 163 159 186 231 271 323 354 389 379 387 397 353 351 327 335 334 329 286 
-102 -141 -142 -143 -152 -171 -182 -178 -208 -259 -304 -362 -396 -435 -424 -433 -444 -395 -393 -365 -375 -374 -368 -320 
-463 -313 -319 -340 -378 -439 -499 -489 -469 -452 -409 -239 -128 -256 -143 -123 -182 -23 -191 -217 -209 -251 -252 -274 
76 106 107 108 114 129 137 134 157 195 228 272 298 327 319 325 334 297 295 275 282 281 277 241 
-410 -377 -378 -385 -403 -434 -462 -471 -478 -486 -484 -453 -434 -478 -455 -461 -487 -441 -478 -481 -477 -472 -447 -428 
-199 -217 -218 -221 -233 -257 -274 -273 -296 -336 -367 -399 -417 -460 -443 -451 -467 -416 -427 -409 -415 -414 -402 -363 
-47 66 74 64 55 64 38 -18 68 151 239 543 752 774 763 724 617 549 432 228 343 445 369 400 
-410 -3 -25 -6 -17 -173 -278 -307 -201 -47 132 640 833 914 950 960 885 812 681 474 535 561 643 717 
435 -10 46 111 245 389 516 600 387 7 -338 -1127 -1501 -1570 -1569 -1510 -1303 -1163 -924 -521 -540 -403 -453 -461 
-421 -262 -263 -220 -203 -280 -406 -449 -436 -376 -136 -3 7 61 80 72 83 7 -72 -123 -136 -61 -4 -28 
-397 -36 -59 -6 0 -224 -381 -393 -375 -301 -53 260 213 288 344 375 452 396 318 289 263 307 299 213 
985 446 478 370 361 668 953 1031 1006 895 436 -39 -60 -162 -201 -190 -200 -76 76 164 189 54 -46 3 
-548 -172 -188 -168 -184 -313 -440 -492 -393 -239 -53 412 602 668 680 662 561 474 343 131 201 258 378 492 
211 191 179 155 104 81 69 61 50 -47 -151 -185 -261 -409 -375 -356 -405 -168 -65 71 -28 -222 -163 -219 
368 511 480 450 407 348 310 302 356 417 354 616 614 464 509 535 496 760 847 959 908 677 465 447 
407 368 346 299 201 157 134 117 98 -90 -291 -357 -504 -788 -724 -687 -780 -324 -126 137 -54 -429 -314 -422 
19 -11 -11 -17 -31 -32 -32 -33 -97 -218 -336 -443 -539 -576 -556 -584 -566 -427 -323 -240 -177 -149 -123 -151 
218 208 194 165 105 73 54 39 29 -83 -201 -226 -293 -428 -418 -397 -376 -182 -62 96 71 -153 -175 -236 
576 518 488 456 417 396 453 710 676 503 104 39 -35 -168 -201 -175 -206 -6 137 234 202 -3 -234 -216 
-239 -214 -232 -251 -271 -302 -301 -292 -304 -348 -356 -348 -353 -301 -237 -185 -124 -102 -43 79 117 156 228 183 
-239 -214 -232 -251 -271 -302 -301 -292 -304 -348 -356 -348 -353 -301 -237 -185 -124 -102 -43 79 117 156 228 183 
34 31 13 -4 -25 -47 -33 36 22 -43 -149 -163 -183 -179 -161 -124 -99 -34 34 125 139 110 91 66 
34 31 13 -4 -25 -47 -33 36 22 -43 -149 -163 -183 -179 -161 -124 -99 -34 34 125 139 110 91 66 
39 33 0 -35 -75 -118 -91 40 10 -117 -322 -349 -391 -385 -351 -281 -234 -108 26 200 229 175 142 96 
553 540 517 506 509 524 516 511 544 619 607 608 564 564 594 619 658 638 615 678 645 568 406 465 
-420 -93 -109 -102 -118 -217 -297 -331 -230 -86 34 459 665 724 737 731 621 556 447 243 309 326 457 588 
261 259 240 202 122 76 47 23 11 -133 -286 -305 -374 -519 -530 -505 -409 -227 -70 137 185 -108 -216 -293 
280 317 304 290 268 247 235 237 146 4 -195 -283 -446 -532 -498 -479 -494 -214 -11 203 307 249 187 150 
661 888 810 766 649 406 627 760 723 548 -108 161 128 -20 -64 -29 -92 176 398 560 594 367 189 242 
-226 -613 -533 -532 -432 -112 -206 -295 -271 -155 262 -140 -118 -22 3 -22 30 -162 -305 -416 -438 -287 -167 -198 
-630 -506 -505 -517 -535 -562 -596 -627 -591 -519 -439 -288 -200 -208 -194 -196 -222 -231 -292 -345 -317 -302 -259 -295 
-630 -506 -505 -517 -535 -562 -596 -627 -591 -519 -439 -288 -200 -208 -194 -196 -222 -231 -292 -345 -317 -302 -259 -295 
-683 -471 -469 -483 -496 -508 -539 -581 -496 -341 -182 88 248 279 291 300 279 217 125 24 70 83 128 19 
36 30 -4 -39 -81 -126 -97 39 6 -127 -341 -371 -415 -410 -374 -301 -251 -120 21 203 232 176 142 95 
-89 -201 -183 -180 -149 -126 -93 -21 -67 -161 -243 -372 -442 -434 -440 -435 -424 -394 -370 -310 -349 -300 -335 -331 
-89 -201 -183 -180 -149 -126 -93 -21 -67 -161 -243 -372 -442 -434 -440 -435 -424 -394 -370 -310 -349 -300 -335 -331 
61 286 252 246 181 132 62 -86 0 183 347 604 741 721 728 715 689 630 587 469 549 457 537 536 
-73 -61 -68 -77 -98 -134 -158 -162 -193 -233 -270 -283 -278 -343 -325 -324 -347 -256 -237 -210 -219 -284 -251 -271 
-73 -61 -68 -77 -98 -134 -158 -162 -193 -233 -270 -283 -278 -343 -325 -324 -347 -256 -237 -210 -219 -284 -251 -271 
78 43 41 40 33 16 7 9 -20 -65 -105 -162 -191 -222 -217 -224 -233 -194 -180 -155 -164 -216 -155 -202 
-122 -209 -200 -190 -182 -176 -169 -161 -210 -280 -305 -456 -488 -468 -478 -493 -485 -538 -541 -548 -541 -507 -394 -414 
-122 -209 -200 -190 -182 -176 -169 -161 -210 -280 -305 -456 -488 -468 -478 -493 -485 -538 -541 -548 -541 -507 -394 -414 
17 0 -3 -6 -18 -39 -52 -52 -80 -120 -156 -195 -212 -250 -243 -247 -259 -209 -194 -171 -179 -229 -181 -215 
24 0 -4 -9 -24 -53 -72 -73 -111 -167 -216 -270 -293 -346 -335 -341 -358 -288 -268 -236 -247 -317 -250 -298 
24 0 -4 -9 -24 -53 -72 -73 -111 -167 -216 -270 -293 -346 -335 -341 -358 -288 -268 -236 -247 -317 -250 -298 
-401 44 -13 -78 -212 -355 -480 -563 -349 30 377 1167 1541 1611 1611 1554 1347 1208 968 564 583 444 491 498 
-725 -1045 -1047 -1014 -956 -862 -754 -661 -736 -907 -1102 -1481 -1701 -1657 -1693 -1672 -1591 -1586 -1429 -1299 -1373 -1430 -1573 -1513 
-153 503 508 434 298 70 -176 -389 -256 70 457 1223 1665 1544 1615 1553 1363 1376 1054 793 949 1093 1428 1355 
-304 -149 -148 -166 -198 -252 -311 -358 -327 -253 -164 15 120 87 108 95 49 58 -21 -81 -46 -15 61 43 
194 43 83 103 157 255 425 371 368 425 418 279 275 326 342 313 333 220 135 82 70 192 289 286 
227 529 472 458 371 278 129 18 118 270 437 772 913 870 875 889 859 864 860 772 852 673 660 641 
-25 -51 -52 -55 -49 -59 -82 -22 -46 -118 -166 -202 -242 -251 -258 -243 -240 -189 -152 -101 -122 -135 -197 -201 
-25 -51 -52 -55 -49 -59 -82 -22 -46 -118 -166 -202 -242 -251 -258 -243 -240 -189 -152 -101 -122 -135 -197 -201 
-13 -27 -27 -29 -26 -31 -43 -12 -24 -62 -88 -107 -128 -133 -137 -129 -127 -100 -80 -53 -65 -72 -104 -106 
-132 190 169 151 101 32 -41 -134 8 301 579 1129 1419 1479 1484 1470 1344 1140 928 579 621 641 695 742 
237 -89 -70 -53 -1 72 154 254 116 -174 -451 -998 -1285 -1339 -1338 -1316 -1183 -977 -769 -423 -470 -499 -565 -624 
33 37 36 37 38 43 47 56 55 55 53 47 22 -29 -54 -85 -85 -88 -93 -94 -96 -100 -99 -75 
-704 -413 -443 -482 -564 -685 -772 -811 -750 -619 -518 -129 72 127 129 151 39 -53 -129 -263 -177 -162 -72 -10 
4 44 36 26 11 -7 -19 -27 79 215 337 578 715 689 663 669 675 595 461 346 219 130 69 76 
-232 -288 -271 -248 -205 -166 -141 -125 -260 -394 -514 -728 -860 -774 -743 -833 -817 -744 -659 -671 -495 -148 -60 -46 
348 344 345 350 363 385 378 362 376 427 436 423 399 373 359 352 340 322 281 243 219 164 18 108 
-1000 -963 -928 -927 -935 -1003 -1096 -1115 -1116 -1116 -1114 -895 -612 -641 -661 -680 -686 -687 -828 -1088 -1083 -1065 -871 -599 
-46 -44 -43 -42 -43 -43 -44 -48 -52 -56 -60 -63 -67 -71 -73 -74 -74 -71 -67 -66 -64 -61 -57 -52 
-82 -78 -76 -75 -76 -77 -79 -85 -93 -100 -106 -113 -120 -126 -130 -132 -131 -127 -120 -118 -114 -109 -101 -93 
54 54 67 82 100 122 115 63 79 135 224 237 257 257 247 222 206 154 94 18 3 20 27 38 
-76 -76 -94 -115 -141 -171 -161 -88 -110 -189 -313 -331 -359 -360 -346 -311 -289 -215 -131 -25 -5 -28 -37 -54 
468 989 898 881 734 599 387 137 328 667 997 1591 1871 1814 1832 1838 1787 1732 1678 1473 1627 1348 1400 1368 
-87 -12 -11 -14 -12 -3 -4 -13 25 91 154 255 316 343 343 352 353 315 287 247 263 261 264 208 
-87 -12 -11 -14 -12 -3 -4 -13 25 91 154 255 316 343 343 352 353 315 287 247 263 261 264 208 
-87 -12 -11 -14 -12 -3 -4 -13 25 91 154 255 316 343 343 352 353 315 287 247 263 261 264 208 
285 192 195 202 206 205 210 220 181 115 59 -60 -131 -138 -144 -160 -156 -153 -141 -111 -122 -183 -75 -170 
285 192 195 202 206 205 210 220 181 115 59 -60 -131 -138 -144 -160 -156 -153 -141 -111 -122 -183 -75 -170 
181 177 174 175 181 190 200 -98 -85 -75 243 248 255 402 278 289 296 293 280 -36 268 254 364 343 
-306 -269 -289 -310 -332 -344 -354 -364 -350 -332 -306 -218 -88 -29 -39 -51 -58 -71 -74 -90 -95 -120 -184 -183 
289 187 197 213 237 267 295 305 296 271 254 150 74 133 107 87 112 21 16 15 16 29 108 42 
289 187 197 213 237 267 295 305 296 271 254 150 74 133 107 87 112 21 16 15 16 29 108 42 
493 56 49 93 172 305 457 604 495 245 -47 -572 -887 -860 -906 -864 -753 -678 -447 -237 -356 -526 -737 -719 
4 165 168 186 204 193 164 113 196 324 448 690 835 871 877 855 778 711 595 403 423 431 507 598 
4 165 168 186 204 193 164 113 196 324 448 690 835 871 877 855 778 711 595 403 423 431 507 598 
-768 -474 -503 -542 -624 -749 -840 -883 -825 -695 -595 -208 -8 42 40 58 -58 -152 -225 -357 -269 -248 -150 -81 
-714 -697 -751 -819 -913 -1039 -1037 -820 -914 -1191 -1611 -1682 -1787 -1814 -1798 -1715 -1669 -1432 -1135 -769 -678 -716 -695 -699 
376 -28 20 78 195 318 431 513 315 -26 -340 -1071 -1427 -1491 -1488 -1432 -1236 -1104 -878 -497 -532 -429 -460 -471 
-284 -289 -286 -284 -280 -273 -261 -299 -320 -265 -253 -250 -222 -230 -218 -247 -249 -265 -277 -293 -281 -263 -140 -126 
6 48 47 50 39 47 69 -6 24 112 174 227 276 285 291 273 267 205 163 99 128 141 212 219 
-101 -192 -180 -178 -150 -131 -108 -49 -96 -155 -222 -321 -366 -365 -360 -362 -351 -318 -298 -246 -278 -248 -236 -236 
-91 -173 -162 -160 -135 -118 -97 -44 -87 -139 -200 -289 -329 -328 -324 -326 -316 -286 -268 -221 -250 -223 -213 -212 
82 -145 -124 -119 -38 11 61 240 122 -3 -173 -404 -497 -490 -454 -451 -412 -311 -264 -121 -217 -185 -152 -179 
-349 -386 -416 -426 -419 -405 -394 -378 -286 -296 -368 -485 -472 -550 -578 -549 -565 -409 -362 -325 -412 -651 -916 -978 
-663 -664 -664 -664 -663 -663 -663 -649 -614 -601 -593 -661 -660 -660 -659 -659 -659 -659 -659 -659 -660 -660 -661 -662 
-663 -664 -664 -664 -663 -663 -663 -649 -614 -601 -593 -661 -660 -660 -659 -659 -659 -659 -659 -659 -660 -660 -661 -662 
-663 -664 -664 -664 -663 -663 -663 -649 -614 -601 -593 -661 -660 -660 -659 -659 -659 -659 -659 -659 -660 -660 -661 -662 
-663 -664 -664 -664 -663 -663 -663 -649 -614 -601 -593 -661 -660 -660 -659 -659 -659 -659 -659 -659 -660 -660 -661 -662 
1510 1484 1463 1450 1439 1429 1416 1339 1264 1190 1085 1239 1238 1131 1073 1069 1026 1180 1251 1279 1213 1019 815 808 
141 120 115 111 105 110 124 63 55 44 4 19 24 -29 -63 -76 -100 -43 -18 -21 -46 -125 -205 -198 
141 120 115 111 105 110 124 63 55 44 4 19 24 -29 -63 -76 -100 -43 -18 -21 -46 -125 -205 -198 
102 84 69 62 58 55 51 27 34 5 -51 -55 -55 -118 -150 -146 -168 -68 -24 -2 -46 -176 -315 -329 
102 84 69 62 58 55 51 27 34 5 -51 -55 -55 -118 -150 -146 -168 -68 -24 -2 -46 -176 -315 -329 
131 108 89 79 74 71 65 35 43 6 -65 -70 -70 -151 -192 -187 -214 -87 -31 -3 -59 -226 -404 -420 
542 499 485 478 473 489 526 419 413 400 326 360 375 280 221 206 164 273 312 305 247 77 -98 -102 
542 499 485 478 473 489 526 419 413 400 326 360 375 280 221 206 164 273 312 305 247 77 -98 -102 
-225 -229 -227 -226 -224 -220 -217 -248 -249 -224 -212 -216 -222 -168 -225 -238 -225 -298 -221 -230 -220 -168 -172 -118 
626 603 597 588 561 503 462 584 545 382 286 249 248 -9 242 281 210 555 221 273 227 12 73 -116 
268 -390 -396 -320 -181 54 307 527 398 73 -311 -1077 -1518 -1394 -1461 -1394 -1200 -1213 -895 -633 -792 -945 -1291 -1230 
396 183 269 313 425 649 402 243 265 434 1090 813 831 950 985 919 958 679 467 310 292 555 775 766 
554 559 547 543 549 571 577 614 634 674 630 618 516 405 373 371 372 373 344 343 171 -146 -337 -262 
691 640 647 652 650 677 713 891 890 843 579 549 619 423 226 135 -29 68 48 -117 -241 -517 -710 -641 
1067 998 941 919 922 934 940 901 952 881 705 701 720 539 461 498 445 764 876 944 777 312 -195 -286 
40 30 40 47 52 59 27 -50 -41 50 62 92 75 69 71 61 19 6 -28 -107 -100 -68 34 -84 
-828 -851 -844 -844 -839 -838 -837 -799 -823 -773 -898 -927 -934 -991 -947 -986 -988 -965 -966 -848 -932 -909 -894 -761 
-405 -416 -413 -413 -411 -410 -409 -391 -403 -378 -439 -453 -457 -485 -463 -482 -484 -472 -473 -415 -456 -445 -437 -372 
-232 -280 -284 -279 -247 -215 -179 -380 -370 -262 -120 -150 -135 -44 -72 -90 -66 -40 -86 -229 -73 -97 -23 99 
-100 -150 -147 -143 -143 -145 -145 -140 -183 -242 -266 -376 -382 -385 -389 -392 -392 -392 -393 -393 -390 -387 -305 -325 
-213 -320 -313 -305 -305 -310 -310 -300 -392 -518 -569 -802 -816 -823 -830 -838 -838 -838 -840 -839 -834 -826 -652 -694 
140 195 193 191 195 205 209 203 267 351 388 532 528 546 546 546 550 543 517 512 511 523 416 446 
-164 -229 -227 -225 -230 -241 -246 -238 -313 -413 -456 -625 -620 -641 -642 -641 -646 -638 -608 -602 -600 -615 -489 -524 
-164 -229 -227 -225 -230 -241 -246 -238 -313 -413 -456 -625 -620 -641 -642 -641 -646 -638 -608 -602 -600 -615 -489 -524 
-684 -939 -909 -898 -802 -727 -641 -516 -631 -712 -856 -1086 -1096 -1112 -1033 -1117 -1082 -1018 -1001 -898 -963 -885 -521 -510 
-604 -657 -658 -653 -622 -593 -560 -723 -725 -604 -535 -576 -567 -511 -515 -550 -530 -496 -537 -610 -510 -521 -446 -272 
-136 -123 -112 -108 -110 -115 -119 -118 -137 -129 -101 -87 -92 -64 -53 -63 -56 -111 -128 -140 -108 -23 71 93 
339 306 279 270 276 287 296 296 343 323 252 218 231 159 133 157 139 278 319 350 271 57 -178 -232 
339 306 279 270 276 287 296 296 343 323 252 218 231 159 133 157 139 278 319 350 271 57 -178 -232 
339 306 279 270 276 287 296 296 343 323 252 218 231 159 133 157 139 278 319 350 271 57 -178 -232 
98 76 71 65 58 61 76 4 -6 -19 -63 -45 -40 -102 -143 -160 -190 -126 -97 -101 -129 -215 -300 -289 
98 76 71 65 58 61 76 4 -6 -19 -63 -45 -40 -102 -143 -160 -190 -126 -97 -101 -129 -215 -300 -289 
-123 -101 -96 -91 -86 -89 -104 -38 -28 -16 26 10 5 63 100 114 141 80 52 55 81 164 246 237 
167 138 131 125 117 122 142 52 38 22 -35 -13 -7 -86 -137 -156 -192 -110 -72 -76 -111 -223 -335 -323 
167 138 131 125 117 122 142 52 38 22 -35 -13 -7 -86 -137 -156 -192 -110 -72 -76 -111 -223 -335 -323 
160 124 116 107 96 101 125 7 -10 -31 -102 -73 -65 -167 -234 -261 -310 -207 -158 -166 -211 -351 -491 -472 
160 124 116 107 96 101 125 7 -10 -31 -102 -73 -65 -167 -234 -261 -310 -207 -158 -166 -211 -351 -491 -472 
702 625 627 623 644 645 635 744 659 608 508 402 282 307 282 363 383 460 508 606 537 513 242 197 
-417 -336 -342 -340 -363 -369 -369 -497 -488 -330 -241 -137 -43 -58 -42 -92 -107 -169 -209 -291 -237 -233 -22 4 
-94 -182 -172 -162 -155 -157 -157 -156 -180 -225 -252 -348 -422 -407 -413 -444 -442 -487 -523 -519 -515 -478 -384 -395 
-97 -187 -177 -167 -160 -161 -161 -160 -185 -231 -259 -358 -433 -418 -424 -456 -454 -500 -537 -533 -529 -491 -395 -406 
-97 -187 -177 -167 -160 -161 -161 -160 -185 -231 -259 -358 -433 -418 -424 -456 -454 -500 -537 -533 -529 -491 -395 -406 
-97 -187 -177 -167 -160 -161 -161 -160 -185 -231 -259 -358 -433 -418 -424 -456 -454 -500 -537 -533 -529 -491 -395 -406 
92 210 210 213 216 196 181 168 131 51 58 116 163 162 162 162 161 161 161 162 235 496 578 579 
-18 7 10 14 8 23 57 -20 4 97 155 194 243 254 262 240 235 168 121 57 84 108 198 206 
917 1040 1017 1010 968 933 886 812 865 945 1025 1129 1089 1141 1083 1179 1177 1176 1162 1111 1147 1062 680 686 
1036 1174 1148 1140 1093 1053 1001 917 977 1067 1158 1274 1229 1288 1223 1331 1329 1328 1313 1255 1295 1199 768 775 
-60 31 16 13 -14 -31 -52 -225 -169 -47 71 159 171 216 174 192 189 179 143 42 142 95 -37 73 
-24 -54 -53 -53 -59 -74 -83 -76 -96 -136 -164 -205 -230 -262 -243 -251 -261 -225 -251 -236 -242 -257 -220 -230 
-24 -54 -53 -53 -59 -74 -83 -76 -96 -136 -164 -205 -230 -262 -243 -251 -261 -225 -251 -236 -242 -257 -220 -230 
-25 -55 -54 -54 -60 -75 -85 -78 -98 -138 -167 -209 -235 -267 -248 -255 -266 -230 -256 -241 -246 -262 -225 -235 
-25 -55 -54 -54 -60 -75 -85 -78 -98 -138 -167 -209 -235 -267 -248 -255 -266 -230 -256 -241 -246 -262 -225 -235 
-25 -55 -54 -54 -60 -75 -85 -78 -98 -138 -167 -209 -235 -267 -248 -255 -266 -230 -256 -241 -246 -262 -225 -235 
64 65 66 70 85 113 136 119 137 182 207 217 220 290 235 235 260 174 251 238 245 281 244 269 
64 65 66 70 85 113 136 119 137 182 207 217 220 290 235 235 260 174 251 238 245 281 244 269 
64 65 66 70 85 113 136 119 137 182 207 217 220 290 235 235 260 174 251 238 245 281 244 269 
64 65 66 70 85 113 136 119 137 182 207 217 220 290 235 235 260 174 251 238 245 281 244 269 
-115 -112 -112 -113 -117 -124 -131 -138 -142 -144 -145 -145 -147 -150 -154 -159 -163 -163 -159 -160 -157 -148 -136 -125 
-115 -112 -112 -113 -117 -124 -131 -138 -142 -144 -145 -145 -147 -150 -154 -159 -163 -163 -159 -160 -157 -148 -136 -125 
-394 -323 -323 -333 -353 -390 -426 -456 -450 -423 -388 -310 -266 -291 -283 -296 -324 -312 -347 -373 -354 -331 -281 -271 
-507 -499 -500 -500 -498 -495 -492 -487 -480 -474 -469 -456 -448 -449 -441 -436 -437 -433 -445 -448 -449 -458 -466 -480 
435 411 401 395 397 407 403 415 431 467 427 420 370 387 436 464 467 477 465 470 503 532 352 416 
-272 -306 -302 -299 -295 -295 -295 -296 -328 -368 -417 -375 -148 -347 -187 -201 -299 -221 -325 -440 -462 -368 -226 -227 
278 312 309 305 301 302 302 303 335 375 424 382 155 354 194 209 307 229 333 448 470 376 232 234 
221 221 219 219 218 214 212 246 246 217 203 201 203 143 203 216 201 280 198 209 199 142 150 92 
-175 -174 -173 -173 -172 -170 -168 -189 -188 -171 -163 -162 -162 -127 -163 -170 -161 -208 -159 -166 -160 -126 -131 -97 
-117 -117 -117 -117 -116 -114 -113 -127 -127 -115 -110 -109 -109 -85 -109 -114 -108 -140 -107 -112 -107 -85 -88 -65 
-2 -2 -2 -2 -2 -2 -2 -2 -3 -2 -2 -2 -2 -2 -2 -3 -3 -3 -3 -3 -3 -2 -2 -2 
-156 -167 -165 -163 -160 -155 -151 -174 -176 -160 -155 -169 -183 -145 -191 -204 -195 -251 -189 -192 -186 -145 -141 -100 
-112 -171 -144 -111 -42 70 148 165 227 313 437 393 402 619 565 561 634 314 242 131 173 444 387 494 
-637 -580 -619 -627 -634 -633 -640 -635 -410 -26 449 899 1300 1491 1514 1514 1251 950 510 -155 -491 -558 -507 -448 
81 103 64 55 57 63 83 93 144 269 431 608 738 720 841 881 827 700 468 205 102 58 22 -31 
238 237 220 185 112 70 43 21 10 -121 -262 -278 -342 -474 -484 -461 -374 -208 -64 125 169 -98 -198 -268 
4 39 32 23 10 -6 -17 -23 70 190 297 510 631 608 585 590 595 525 407 305 193 115 61 67 
-402 -603 -590 -575 -574 -585 -585 -565 -738 -975 -1071 -1510 -1537 -1549 -1563 -1577 -1577 -1578 -1581 -1580 -1570 -1555 -1228 -1307 
92 210 211 213 216 197 182 169 131 51 59 116 163 163 163 162 162 162 162 162 236 497 580 581 
-262 -257 -256 -259 -267 -284 -299 -315 -325 -329 -331 -332 -335 -342 -351 -363 -372 -372 -364 -365 -359 -338 -311 -286 
-262 -257 -256 -259 -267 -284 -299 -315 -325 -329 -331 -332 -335 -342 -351 -363 -372 -372 -364 -365 -359 -338 -311 -286 

