643.30 643.30 618.76 535.62 460.06 512.31 574.11 643.30 605.38 475.02 349.46 192.99 192.99 192.99 192.99 192.99 332.00 284.63 332.94 615.51 643.30 643.30 643.30 643.30
780.20 780.20 750.44 649.61 557.97 621.34 696.29 780.20 753.44 589.85 433.01 234.06 234.06 234.06 234.06 234.06 419.03 342.76 405.43 748.14 780.20 780.20 780.20 780.20
108.80 108.80 108.80 108.80 98.16 108.80 108.80 108.80 108.80 108.80 108.80 61.07 28.66 31.69 8.46 7.31 14.47 29.63 81.40 108.80 102.51 83.85 67.72 68.45
192.50 192.50 192.50 192.50 162.22 192.50 192.50 192.50 192.50 192.50 192.50 108.00 47.99 55.34 14.55 12.94 25.60 52.70 144.45 192.50 181.38 148.36 119.82 121.11
35.17 84.11 35.15 30.86 27.03 20.52 15.22 26.77 9.59 11.16 21.00 8.33 3.11 3.67 0.00 0.00 6.29 19.19 33.23 26.67 31.08 36.23 37.50 33.01
116.00 116.00 116.00 116.00 116.00 116.00 116.00 85.72 34.80 34.80 34.80 34.80 34.80 34.80 34.80 58.96 82.36 34.80 34.80 34.80 60.50 111.37 116.00 116.00
37.28 89.55 37.26 32.71 28.65 21.76 16.14 28.38 10.17 11.84 22.27 8.85 3.30 3.89 0.00 0.00 6.67 20.34 35.23 28.27 32.95 38.41 39.75 34.99
59.23 146.38 59.19 51.97 45.52 34.56 25.62 45.10 16.16 18.91 35.52 14.42 5.24 6.18 0.00 0.00 10.59 32.31 55.98 44.91 52.35 61.01 63.15 55.59
622.97 524.08 623.00 623.00 623.00 460.36 124.69 73.80 80.41 87.73 95.93 111.85 66.41 36.12 0.00 14.22 90.32 195.64 273.91 186.90 186.41 183.99 346.34 568.79
170.00 170.00 170.00 170.00 170.00 170.00 170.00 170.00 96.01 51.00 51.00 51.00 51.00 51.00 51.00 51.00 51.00 95.49 170.00 170.00 124.00 85.45 57.32 64.42
200.00 200.00 200.00 200.00 200.00 200.00 200.00 200.00 112.86 60.00 60.00 60.00 60.00 60.00 60.00 60.00 60.00 112.31 200.00 200.00 145.88 100.53 67.44 75.79
21.53 17.18 13.97 11.30 9.11 10.40 11.88 13.57 18.41 24.54 32.12 41.40 41.40 41.40 41.40 41.40 41.40 41.40 41.40 41.40 41.40 41.40 37.40 36.67
10.20 10.20 10.20 10.20 10.20 10.20 10.20 10.20 10.20 19.12 34.00 33.99 24.38 15.68 7.67 16.61 25.54 13.45 6.79 7.96 4.73 3.45 2.61 2.45
48.34 28.39 19.59 14.65 12.80 14.81 17.51 21.11 23.58 30.20 68.21 137.41 217.60 217.60 217.60 217.60 134.72 104.24 65.28 65.28 65.28 65.28 65.28 64.54
200.00 200.00 200.00 200.00 200.00 200.00 200.00 200.00 147.17 60.00 60.00 60.00 60.00 60.00 57.94 60.00 60.00 60.00 60.00 60.00 84.70 126.10 103.18 113.40
151.20 151.20 151.20 151.20 151.20 151.20 151.20 151.20 111.12 45.36 45.36 45.36 45.36 45.36 43.80 45.36 45.36 45.36 45.36 45.36 64.30 95.51 78.00 85.73
87.50 87.50 87.50 87.50 87.50 87.50 87.50 87.50 64.10 26.25 26.25 26.25 26.25 26.25 25.35 26.25 26.25 26.25 26.25 26.25 37.43 55.41 45.14 49.61
141.50 141.50 141.50 141.50 141.50 141.50 141.50 141.50 103.96 42.45 42.45 42.45 42.45 42.45 40.99 42.45 42.45 42.45 42.45 42.45 60.23 89.42 73.00 80.23
185.00 185.00 185.00 185.00 185.00 185.00 185.00 185.00 136.09 55.50 55.50 55.50 55.50 55.50 53.59 55.50 55.50 55.50 55.50 55.50 78.45 116.71 95.44 104.89
130.50 130.50 130.50 130.50 130.50 130.50 130.50 130.50 95.84 39.15 39.15 39.15 39.15 39.15 37.81 39.15 39.15 39.15 39.15 39.15 55.60 82.50 67.32 73.99
291.00 291.00 291.00 291.00 291.00 291.00 291.00 291.00 214.40 87.30 87.30 87.30 87.30 87.30 84.30 87.30 87.30 87.30 87.30 87.30 122.29 182.81 150.13 164.99
0.00 0.00 0.00 0.00 0.00 0.00 0.00 0.00 0.00 0.00 0.00 0.00 0.00 0.00 0.00 0.00 0.00 0.00 0.00 0.00 0.00 0.00 0.00 0.00
170.60 170.60 170.60 170.60 170.60 170.60 170.60 170.60 123.33 155.83 103.48 51.18 51.18 51.18 51.18 51.18 51.18 51.18 51.18 51.18 95.98 151.56 112.27 139.12
164.00 164.00 164.00 164.00 164.00 164.00 164.00 164.00 119.02 148.85 99.00 49.20 49.20 49.20 49.20 49.20 49.20 49.20 49.20 49.20 92.28 145.69 107.92 133.74
220.20 220.20 220.20 220.20 220.20 220.20 220.20 220.20 155.30 208.93 137.47 66.06 66.06 66.06 66.06 66.06 66.06 66.06 66.06 66.06 123.80 195.62 144.91 179.57
785.50 785.50 785.50 785.50 785.50 785.50 785.50 785.50 486.84 785.09 509.29 235.65 235.65 235.65 235.65 235.65 235.65 235.65 235.65 235.65 440.78 697.81 516.91 640.57
282.50 282.50 282.50 282.50 282.50 282.50 282.50 282.50 194.81 276.23 180.45 84.75 84.75 84.75 84.75 84.75 84.75 84.75 84.75 84.75 158.74 250.96 185.90 230.38
67.44 88.63 36.00 36.00 84.17 36.00 36.00 36.00 36.00 36.00 88.65 96.29 120.00 120.00 120.00 120.00 120.00 120.00 120.00 82.20 84.06 87.53 92.04 91.56
29.88 29.88 29.88 29.88 29.88 29.88 29.88 29.22 29.88 29.88 29.88 31.88 29.88 29.88 31.39 29.88 29.88 29.88 29.88 29.88 31.77 22.01 12.11 16.31
183.75 183.75 183.75 183.75 183.75 183.75 183.75 179.70 183.75 183.75 183.75 234.28 183.76 183.75 210.51 183.75 183.75 183.75 183.75 183.75 229.39 135.35 74.47 100.28
9.33 5.48 3.78 2.83 2.47 2.86 3.38 4.07 4.55 5.83 14.02 29.49 42.00 42.00 42.00 42.00 29.54 21.20 12.60 12.60 12.60 12.60 12.60 12.46
24.15 24.15 24.15 24.15 24.15 24.15 24.15 24.15 24.15 45.20 80.50 80.49 57.71 37.13 18.11 39.32 60.47 31.81 16.07 22.79 11.19 8.18 6.17 5.81
21.00 21.00 21.00 21.00 21.00 21.00 21.00 21.00 21.00 39.31 70.00 69.99 50.18 32.29 15.75 34.20 52.58 27.67 13.97 19.12 9.73 7.11 5.37 5.05
3.90 3.90 3.90 3.90 3.90 3.90 3.90 3.90 3.90 7.33 13.00 12.99 9.32 6.00 2.95 6.35 9.77 5.16 2.60 2.73 1.81 1.32 1.00 0.94
200.00 200.00 195.26 200.00 200.00 200.00 200.00 200.00 200.00 186.24 171.07 83.48 60.00 60.00 60.00 60.00 60.00 60.00 60.00 60.00 60.00 83.60 171.41 200.00
338.60 338.60 338.60 338.60 338.60 298.58 161.84 80.89 0.00 39.14 333.74 338.60 338.60 338.60 338.60 338.60 338.60 338.60 338.60 338.60 338.60 338.60 338.60 338.60
150.00 84.36 92.76 78.82 45.00 106.15 137.43 75.93 141.55 84.30 150.00 84.20 45.00 45.00 45.00 45.00 45.00 45.00 45.00 45.00 38.02 48.22 55.52 69.50
150.00 84.36 92.76 78.82 45.00 106.15 137.43 75.93 141.55 84.30 150.00 84.20 45.00 45.00 45.00 45.00 45.00 45.00 45.00 45.00 38.02 48.22 55.52 69.50
10.00 5.76 4.96 4.05 3.00 5.11 5.45 3.11 7.33 5.73 10.00 5.66 3.00 3.00 3.00 3.00 3.00 3.00 3.00 3.00 2.54 3.24 3.70 4.63
200.00 200.00 200.00 200.00 200.00 200.00 200.00 200.00 112.86 60.00 60.00 60.00 60.00 60.00 60.00 60.00 60.00 112.31 200.00 200.00 145.88 100.53 67.44 75.79
117.60 117.60 117.60 117.60 117.60 117.60 117.60 117.60 66.59 35.28 35.28 35.28 35.28 35.28 35.28 35.28 35.28 66.10 117.60 117.60 85.78 59.11 39.65 44.57
174.20 174.20 174.20 174.20 148.85 174.20 174.20 174.20 174.20 174.20 174.20 97.74 43.91 50.25 13.26 11.71 23.17 47.63 130.63 174.20 164.14 134.26 108.43 109.60
249.50 249.50 249.50 249.50 202.15 249.50 249.50 249.50 249.50 249.50 249.50 139.96 60.19 70.94 18.40 16.77 33.19 68.56 187.58 249.50 235.09 192.29 155.29 156.98
30.00 30.00 30.00 30.00 30.00 30.00 30.00 30.00 30.00 30.00 40.31 30.00 28.29 19.01 15.87 43.99 25.90 27.07 28.44 29.86 20.51 13.61 8.85 8.30
44.10 44.10 44.10 44.10 44.10 44.10 44.10 44.10 44.10 44.10 65.03 44.10 41.59 27.95 23.33 64.74 38.07 39.79 41.81 43.90 30.14 20.00 13.01 12.20
121.07 105.87 92.42 45.58 56.11 28.50 26.87 30.61 35.89 41.94 41.94 41.94 41.94 41.94 41.94 41.94 50.50 111.85 139.80 135.62 103.80 91.59 139.80 139.80
0.00 0.00 0.00 0.00 0.00 0.00 0.00 0.00 0.00 0.00 0.00 0.00 0.00 0.00 0.00 0.00 0.00 0.00 0.00 0.00 0.00 0.00 0.00 0.00
162.23 141.87 123.84 61.00 77.40 40.61 36.01 41.02 48.09 56.20 56.20 56.20 56.20 56.20 56.20 56.20 64.20 146.43 187.33 183.78 138.32 119.08 187.33 187.33
34.36 27.00 22.75 19.18 16.03 17.86 19.94 22.27 31.45 43.17 45.90 45.90 45.90 45.90 45.90 45.90 45.90 45.90 45.90 45.90 45.90 45.90 45.90 45.90
149.80 149.80 149.80 149.80 149.80 149.80 149.80 110.71 44.94 44.94 44.94 44.94 44.94 44.94 44.94 76.67 107.25 44.94 44.94 44.94 80.98 146.70 149.80 149.80
250.60 250.60 250.60 250.60 250.60 220.98 119.78 59.87 0.00 28.97 247.01 250.60 250.60 250.60 250.60 250.60 250.60 250.60 250.60 250.60 250.60 250.60 250.60 250.60
230.00 230.00 230.00 230.00 230.00 230.00 230.00 214.02 214.25 216.83 221.33 59.66 6.02 0.00 6.10 58.39 213.83 230.00 230.00 230.00 230.00 230.00 196.69 144.45
118.27 199.87 95.81 42.33 35.23 49.28 62.20 31.44 8.50 10.17 11.21 0.00 0.00 23.19 4.70 0.00 0.00 9.63 21.79 21.90 31.64 44.19 60.12 53.90
30.00 30.00 30.00 30.00 30.00 30.00 29.84 21.33 30.00 30.00 56.19 100.00 56.25 100.00 56.12 30.00 30.00 30.00 30.00 30.00 30.00 30.00 43.43 21.58
268.00 268.00 268.00 258.87 197.56 69.37 38.35 73.34 151.96 268.00 268.00 268.00 268.00 268.00 268.00 268.00 268.00 268.00 268.00 268.00 268.00 268.00 268.00 268.00
97.85 84.57 54.40 34.02 21.31 5.12 7.34 32.10 131.71 250.00 250.00 250.00 250.00 250.00 250.00 250.00 250.00 250.00 250.00 250.00 250.00 250.00 250.00 250.00
0.00 0.00 0.00 0.00 0.00 0.00 0.00 0.00 0.00 0.00 0.00 0.00 0.00 0.00 0.00 0.00 0.00 0.00 0.00 0.00 0.00 0.00 0.00 0.00
48.75 48.75 48.75 48.75 48.75 48.75 48.75 44.50 48.75 48.75 91.77 162.50 162.50 162.50 162.50 162.50 162.50 162.50 162.50 162.50 119.04 84.68 34.74 17.02
185.40 185.40 185.40 185.40 185.40 185.40 185.40 175.65 185.40 185.40 104.02 148.88 124.68 48.81 55.86 73.55 109.74 104.05 77.68 57.76 43.70 37.19 37.41 40.57
0.00 0.00 0.00 0.00 0.00 0.00 0.00 0.00 0.00 0.00 0.00 0.00 0.00 0.00 0.00 0.00 0.00 0.00 0.00 0.00 0.00 0.00 0.00 0.00
332.60 332.60 332.60 332.60 270.78 202.91 147.99 104.27 113.75 125.56 139.08 137.43 136.57 136.45 125.70 136.43 170.42 107.33 64.80 38.47 32.46 35.03 46.83 61.85
176.50 176.50 176.50 176.50 176.50 176.50 176.50 176.50 176.50 130.37 52.95 52.95 52.95 52.95 52.95 52.95 52.95 52.95 98.98 176.50 176.50 176.50 176.50 176.50
39.00 95.96 39.00 39.00 30.12 26.63 23.39 20.58 27.80 36.60 39.00 56.82 113.69 73.53 130.00 130.00 130.00 130.00 130.00 130.00 130.00 130.00 130.00 95.85
857.00 857.00 857.00 857.00 857.00 857.00 857.00 857.00 856.99 480.72 257.10 257.10 257.10 257.10 257.10 257.10 257.10 257.10 257.10 257.10 465.33 841.64 857.00 857.00
1058.00 1058.00 958.56 1058.00 1058.00 1058.00 1058.00 1058.00 1058.00 1048.92 1010.31 545.80 317.40 317.40 317.40 317.40 317.40 317.40 317.40 317.40 317.40 387.97 852.76 1058.00
539.94 539.94 539.94 539.94 539.94 539.94 539.94 528.05 539.94 539.94 539.94 895.48 539.95 539.94 745.19 539.94 539.94 539.94 539.94 539.94 868.95 397.73 218.82 294.67
64.15 39.11 30.34 25.71 24.37 24.52 25.22 26.74 34.09 51.71 82.84 159.03 159.03 319.85 159.05 179.56 159.03 159.03 159.03 159.03 159.03 159.03 147.72 133.67
115.95 68.11 46.99 35.15 30.70 35.52 42.00 50.64 56.57 72.44 159.39 306.35 522.00 522.00 522.00 522.00 308.11 257.58 156.60 156.60 156.60 156.60 156.60 154.82
118.57 50.07 41.04 33.74 28.01 34.49 42.06 51.47 62.62 76.83 78.00 78.00 78.00 78.00 78.00 78.00 78.00 78.00 78.00 78.00 145.89 260.00 260.00 260.00
74.58 61.97 47.85 37.55 30.61 37.01 44.92 54.23 72.07 97.08 130.62 171.72 171.72 171.72 171.72 171.72 171.72 171.72 171.72 171.72 171.72 171.72 146.96 137.80
11.64 6.84 4.72 3.53 3.08 3.57 4.22 5.08 5.68 7.27 17.40 36.47 52.40 52.40 52.40 52.40 36.28 26.21 15.72 15.72 15.72 15.72 15.72 15.54
222.13 96.30 78.92 64.87 53.87 66.32 80.88 98.99 120.42 147.76 150.00 150.00 150.00 150.00 150.00 150.00 150.00 150.00 150.00 150.00 280.44 500.00 500.00 500.00
252.60 214.76 160.49 116.83 83.11 106.09 133.22 165.84 183.80 205.21 230.99 326.40 326.40 326.40 326.40 326.40 326.40 326.40 326.40 326.40 326.40 326.40 678.68 326.40
138.86 110.82 90.09 72.91 58.78 67.10 76.61 87.52 118.74 158.32 207.20 267.06 267.06 267.06 267.06 267.06 267.06 267.06 267.06 267.06 267.06 267.06 241.27 236.57
97.00 97.00 97.00 97.00 97.00 97.00 97.00 71.67 29.10 29.10 29.10 29.10 29.10 29.10 29.10 49.03 68.38 29.10 29.10 29.10 49.35 91.87 97.00 97.00
119.20 119.20 119.20 119.20 119.20 119.20 119.20 88.09 35.76 35.76 35.76 35.76 35.76 35.76 35.76 60.63 84.71 35.76 35.76 35.76 62.41 114.69 119.20 119.20
579.00 579.00 579.00 579.00 579.00 579.00 579.00 548.55 579.00 579.00 324.69 503.65 389.37 151.89 194.19 240.07 296.61 324.96 242.58 180.38 136.48 116.13 116.82 126.71
501.30 281.35 400.13 321.97 150.39 364.92 484.95 270.16 490.05 281.31 501.30 281.17 150.39 150.39 150.39 150.39 150.39 150.39 150.39 150.39 127.04 161.06 185.55 232.27
746.40 746.40 746.39 746.40 746.40 746.40 746.40 707.14 746.40 746.40 418.54 657.71 501.94 195.71 259.02 316.20 370.16 418.92 312.71 232.54 175.94 149.71 150.60 163.35
1039.00 1039.00 1038.99 1039.00 1039.00 1039.00 1039.00 984.35 1039.00 1039.00 582.57 927.99 698.71 272.31 376.72 453.86 496.25 583.14 435.30 323.69 244.91 208.39 209.64 227.39
264.60 264.60 264.60 264.60 264.60 264.60 264.60 264.60 264.60 264.60 264.60 264.60 264.60 343.06 222.64 247.33 604.22 264.60 229.95 196.80 368.56 276.33 83.73 93.39
15.79 34.73 15.78 13.85 12.13 9.21 6.84 12.00 4.31 4.97 9.36 3.63 1.40 1.65 0.00 0.00 2.82 8.61 14.90 11.97 13.95 16.26 16.83 14.82
