253.75 225.01 185.97 153.82 127.70 107.29 89.33 73.53 75.98 65.19 52.33 61.50 114.45 192.99 192.99 192.99 332.00 284.63 332.94 615.51 643.30 643.30 643.30 643.30
307.75 272.90 225.54 186.55 154.88 130.12 108.34 89.17 94.56 80.95 64.85 74.58 138.80 234.06 234.06 234.06 419.03 342.76 405.43 748.14 780.20 780.20 780.20 780.20
39.29 39.66 46.92 55.95 60.79 67.89 68.59 69.13 96.26 108.80 108.80 61.07 45.78 77.07 25.51 13.99 10.72 16.85 36.98 46.47 42.17 39.10 37.28 47.08
69.51 70.18 83.02 98.99 100.46 120.12 121.36 122.31 170.32 192.50 192.50 108.00 76.65 134.60 43.87 24.75 18.96 29.97 65.62 82.21 74.61 69.18 65.96 83.30
10.86 25.80 11.04 10.74 10.69 9.54 8.50 18.66 5.53 5.56 9.62 8.07 10.15 17.69 10.43 9.11 12.92 18.54 18.86 10.24 8.48 7.84 8.17 10.32
116.00 116.00 116.00 116.00 116.00 84.41 54.73 24.56 12.13 15.39 19.93 22.32 25.60 29.82 31.39 56.36 82.36 34.80 34.80 34.80 60.50 111.37 116.00 116.00
11.51 27.46 11.70 11.38 11.33 10.11 9.01 19.78 5.86 5.89 10.21 8.58 10.76 18.75 11.05 9.66 13.69 19.65 19.99 10.86 8.99 8.31 8.66 10.94
18.28 44.89 18.59 18.09 18.00 16.07 14.31 31.43 9.31 9.41 16.28 13.97 17.09 29.79 17.56 15.34 21.76 31.22 31.77 17.25 14.28 13.20 13.76 17.37
214.84 189.89 222.75 226.66 234.68 154.28 55.70 49.11 59.79 73.17 89.06 153.88 177.48 196.48 133.64 106.95 111.18 146.09 138.93 71.79 61.35 54.17 95.48 191.10
91.38 102.38 131.63 168.07 170.00 170.00 166.96 147.35 96.01 51.00 51.00 51.00 51.00 51.00 51.00 51.00 51.00 95.49 161.68 153.58 151.74 154.20 159.85 170.00
107.51 120.45 154.86 197.73 200.00 200.00 196.42 173.35 112.86 60.00 60.00 60.00 60.00 60.00 60.00 60.00 60.00 112.31 190.22 180.68 178.52 181.41 188.06 200.00
6.54 4.64 3.19 2.12 1.37 1.14 1.02 1.00 2.55 5.22 9.34 17.49 29.50 41.40 41.40 41.40 41.40 41.40 41.40 41.40 41.40 41.40 41.40 41.40
3.22 3.26 3.76 4.42 5.27 5.23 5.19 5.16 7.93 19.12 34.00 33.99 34.00 34.00 19.16 24.92 17.36 8.81 4.27 4.80 3.74 3.68 3.71 4.27
53.64 39.74 24.34 13.87 7.22 6.83 6.91 7.45 7.18 8.06 16.71 22.25 38.82 51.52 93.75 155.21 134.72 104.24 65.28 65.28 65.28 65.28 65.28 65.28
95.05 105.15 128.02 156.44 190.73 184.36 178.66 172.65 147.17 60.00 60.00 60.00 60.00 60.00 60.00 44.88 31.36 31.63 32.20 33.21 43.44 84.14 95.18 135.87
71.86 79.49 96.79 118.27 144.19 139.37 135.07 130.52 111.12 45.36 45.36 45.36 45.36 45.36 45.36 33.93 23.71 23.91 24.34 25.10 32.98 63.73 71.96 102.71
41.58 46.00 56.01 68.44 83.45 80.66 78.16 75.53 64.10 26.25 26.25 26.25 26.25 26.25 26.25 19.63 13.72 13.84 14.09 14.53 19.20 36.97 41.64 59.44
67.25 74.39 90.58 110.68 134.94 130.43 126.40 122.15 103.96 42.45 42.45 42.45 42.45 42.45 42.45 31.75 22.19 22.38 22.78 23.49 30.89 59.67 67.34 96.13
87.92 97.26 118.42 144.70 176.43 170.53 165.26 159.70 136.09 55.50 55.50 55.50 55.50 55.50 55.50 41.51 29.01 29.26 29.78 30.72 40.24 77.88 88.04 125.68
62.02 68.61 83.54 102.08 124.45 120.29 116.58 112.65 95.84 39.15 39.15 39.15 39.15 39.15 39.15 29.28 20.46 20.64 21.01 21.67 28.52 55.05 62.11 88.65
138.30 152.99 186.28 227.62 277.52 268.24 259.96 251.20 214.40 87.30 87.30 87.30 87.30 87.30 87.30 65.30 45.63 46.02 46.85 48.31 62.72 121.98 138.49 197.69
0.00 0.00 0.00 0.00 0.00 0.00 0.00 0.00 0.00 0.00 0.00 0.00 0.00 0.00 0.00 0.00 0.00 0.00 0.00 0.00 0.00 0.00 0.00 0.00
89.53 97.32 131.55 170.60 170.60 170.60 170.60 170.60 123.33 155.83 103.48 51.18 51.18 51.18 51.18 40.94 29.68 28.89 28.50 28.49 52.85 95.29 98.68 163.09
86.06 93.56 126.46 164.00 164.00 164.00 164.00 164.00 119.02 148.85 99.00 49.20 49.20 49.20 49.20 39.36 28.53 27.77 27.40 27.38 50.81 91.60 94.86 156.78
115.56 125.62 169.79 220.20 220.20 220.20 220.20 220.20 155.30 208.93 137.47 66.06 66.06 66.06 66.06 52.84 38.31 37.28 36.79 36.77 68.17 122.99 127.37 210.50
412.22 448.11 605.68 785.50 785.50 785.50 785.50 785.50 486.84 785.09 509.29 235.65 235.65 235.65 235.65 188.50 136.67 133.00 131.23 131.15 242.72 438.74 454.35 750.91
148.25 161.16 217.83 282.50 282.50 282.50 282.50 282.50 194.81 276.23 180.45 84.75 84.75 84.75 84.75 67.79 49.15 47.83 47.20 47.17 87.41 157.79 163.40 270.06
47.48 63.39 27.07 29.20 75.63 25.57 19.76 15.00 21.50 29.83 88.65 96.29 120.00 120.00 120.00 120.00 120.00 120.00 120.00 120.00 120.00 120.00 120.00 120.00
9.26 9.31 9.34 9.49 9.76 9.33 8.94 8.56 15.70 26.36 29.88 31.88 29.88 29.88 25.66 17.22 12.03 12.81 13.67 14.70 13.74 11.52 10.41 14.62
56.96 57.27 57.43 58.38 59.99 57.35 55.00 52.63 96.54 162.08 183.75 234.28 183.76 183.75 172.03 105.90 73.99 78.78 84.03 90.42 99.18 70.85 64.03 89.90
10.35 7.67 4.70 2.68 1.39 1.32 1.33 1.44 1.39 1.56 3.43 4.77 7.49 9.94 18.10 29.96 29.54 21.20 12.60 12.60 12.60 12.60 12.60 12.60
7.63 7.73 8.89 10.46 12.48 12.38 12.29 12.21 18.77 45.20 80.50 80.49 80.50 80.50 45.25 59.00 41.11 20.84 10.12 13.73 8.85 8.71 8.79 10.12
6.63 6.72 7.73 9.10 10.85 10.76 10.69 10.62 16.32 39.31 70.00 69.99 70.00 70.00 39.36 51.30 35.74 18.12 8.80 11.52 7.70 7.58 7.64 8.80
1.23 1.25 1.44 1.69 2.01 2.00 1.99 1.97 3.03 7.33 13.00 12.99 13.00 13.00 7.37 9.53 6.64 3.38 1.63 1.64 1.43 1.41 1.42 1.63
145.35 172.59 164.41 166.91 168.23 114.90 74.55 45.60 58.97 70.84 82.94 48.18 41.29 48.76 56.15 60.00 60.00 60.00 60.00 60.00 60.00 83.60 171.41 200.00
338.60 338.60 338.60 338.60 338.60 338.60 338.60 338.60 338.60 338.60 338.60 338.60 338.60 338.60 338.60 338.60 338.60 338.60 338.60 338.60 330.35 263.98 207.78 188.93
66.00 39.17 50.87 51.32 35.12 74.11 85.78 42.24 113.10 84.30 150.00 84.20 45.00 45.00 45.00 35.18 26.90 25.15 23.78 22.96 22.65 43.34 80.99 121.88
66.00 39.17 50.87 51.32 35.12 74.11 85.78 42.24 113.10 84.30 150.00 84.20 45.00 45.00 45.00 35.18 26.90 25.15 23.78 22.96 22.65 43.34 80.99 121.88
4.40 2.68 2.72 2.64 2.34 3.57 3.40 1.73 5.85 5.73 10.00 5.66 3.00 3.00 3.00 2.35 1.79 1.68 1.59 1.53 1.51 2.92 5.40 8.13
107.51 120.45 154.86 197.73 200.00 200.00 196.42 173.35 112.86 60.00 60.00 60.00 60.00 60.00 60.00 60.00 60.00 112.31 190.22 180.68 178.52 181.41 188.06 200.00
63.21 70.82 91.06 116.27 117.60 117.60 115.50 101.93 66.59 35.28 35.28 35.28 35.28 35.28 35.28 35.28 35.28 66.10 111.85 106.24 104.97 106.67 110.58 117.60
62.90 63.50 75.13 89.58 92.18 108.70 109.83 110.68 154.12 174.20 174.20 97.74 70.14 122.21 39.99 22.40 17.16 27.09 59.34 74.40 67.52 62.61 59.69 75.38
90.09 90.96 107.61 128.30 125.19 155.68 157.30 158.52 220.75 249.50 249.50 139.96 96.15 172.53 55.50 32.08 24.58 38.99 85.21 106.56 96.70 89.67 85.50 107.96
9.05 9.16 10.60 12.39 14.63 15.05 15.49 15.97 25.48 30.00 40.31 30.00 30.00 30.00 30.00 51.90 14.57 14.33 14.26 14.22 12.42 11.09 10.05 11.73
13.31 13.46 15.58 18.22 21.51 22.12 22.78 23.47 37.45 44.10 65.03 44.10 44.10 44.10 44.10 76.38 21.41 21.06 20.97 20.90 18.25 16.30 14.78 17.25
37.47 30.73 26.98 13.25 16.20 6.68 5.06 4.57 5.66 7.06 8.71 17.50 30.88 41.94 41.94 41.94 50.50 111.85 139.80 135.62 103.80 91.59 139.80 139.80
0.00 0.00 0.00 0.00 0.00 0.00 0.00 0.00 0.00 0.00 0.00 0.00 0.00 0.00 0.00 0.00 0.00 0.00 0.00 0.00 0.00 0.00 0.00 0.00
50.21 41.17 36.15 17.74 22.34 9.52 6.78 6.12 7.59 9.46 11.67 23.46 41.37 56.20 56.20 56.20 64.20 146.43 187.33 183.78 138.32 119.08 187.33 187.33
9.58 7.85 5.65 4.09 3.04 2.63 2.39 2.32 3.90 6.23 9.51 17.07 28.08 43.18 45.90 45.90 45.90 45.90 45.90 45.90 45.90 45.90 45.90 45.90
149.80 149.80 149.80 149.80 149.80 109.00 70.68 31.72 15.67 19.87 25.74 28.83 33.06 38.51 40.53 73.28 107.25 44.94 44.94 44.94 80.98 146.70 149.80 149.80
250.60 250.60 250.60 250.60 250.60 250.60 250.60 250.60 250.60 250.60 250.60 250.60 250.60 250.60 250.60 250.60 250.60 250.60 250.60 250.60 244.50 195.37 153.78 139.83
101.70 100.01 117.26 138.71 164.12 166.52 168.94 170.97 218.69 230.00 230.00 230.00 220.55 200.92 167.37 142.33 124.07 110.24 99.64 90.92 91.26 94.01 98.99 95.21
48.60 66.92 34.72 17.09 16.15 25.05 35.60 20.91 5.85 7.43 9.22 9.49 18.22 40.12 24.80 21.33 28.09 38.47 38.19 20.54 16.57 14.59 14.58 16.49
10.66 10.67 11.81 13.35 15.24 11.85 9.01 6.73 10.46 15.80 43.15 79.29 45.94 84.23 41.39 19.74 17.96 20.22 22.69 25.55 24.30 23.85 59.49 30.00
268.00 268.00 268.00 268.00 268.00 268.00 268.00 268.00 268.00 268.00 241.05 268.00 268.00 268.00 268.00 268.00 268.00 268.00 268.00 268.00 268.00 208.26 149.07 133.43
159.15 163.25 159.08 155.38 152.02 147.89 145.35 143.23 142.70 145.52 152.43 250.00 250.00 250.00 250.00 250.00 250.00 250.00 250.00 250.00 240.64 173.83 121.40 87.47
0.00 0.00 0.00 0.00 0.00 0.00 0.00 0.00 0.00 0.00 0.00 0.00 0.00 0.00 0.00 0.00 0.00 0.00 0.00 0.00 0.00 0.00 0.00 0.00
16.45 17.01 17.75 18.88 20.41 17.35 14.60 12.11 20.64 32.95 91.77 162.50 162.50 162.50 162.50 162.50 162.50 162.50 162.50 162.50 162.50 162.50 96.21 48.75
72.58 74.37 88.19 105.19 126.42 120.67 115.38 110.42 159.55 185.40 104.02 160.49 185.40 104.55 130.61 142.89 137.98 127.31 90.61 63.30 67.52 73.72 82.96 108.09
0.00 0.00 0.00 0.00 0.00 0.00 0.00 0.00 0.00 0.00 0.00 0.00 0.00 0.00 0.00 0.00 0.00 0.00 0.00 0.00 0.00 0.00 0.00 0.00
109.20 105.10 106.86 109.73 115.32 109.96 105.40 100.62 153.91 226.79 324.91 332.60 332.60 332.60 332.60 332.60 332.60 248.06 148.36 82.64 95.91 115.64 142.58 152.99
130.45 153.74 176.50 176.50 176.50 176.50 176.50 176.50 176.50 130.37 52.95 52.95 52.95 52.95 52.95 52.09 46.56 46.81 89.07 164.59 176.50 176.50 176.50 176.50
20.39 51.54 20.35 19.75 19.21 14.66 10.91 7.91 11.25 15.40 20.49 39.45 103.46 73.53 130.00 130.00 130.00 130.00 130.00 130.00 130.00 130.00 130.00 95.85
731.37 846.32 808.21 781.78 766.47 520.65 336.30 203.50 257.14 181.50 121.31 148.89 181.42 219.52 255.56 257.10 257.10 257.10 257.10 257.10 465.33 841.64 857.00 857.00
768.88 913.02 807.11 882.93 889.96 607.81 394.38 241.23 311.98 399.00 489.83 314.99 218.40 257.96 297.01 317.40 317.40 317.40 317.40 317.40 317.40 387.97 852.76 1058.00
167.36 168.29 168.76 171.56 176.29 168.51 161.62 154.65 283.68 476.28 539.94 895.48 539.95 539.94 609.00 311.17 217.41 231.49 246.93 265.69 375.70 208.18 188.16 264.16
41.74 18.03 15.09 13.21 12.32 11.79 11.77 12.40 11.88 13.92 18.96 23.59 31.70 88.65 100.38 179.56 159.03 159.03 159.03 159.03 159.03 159.03 159.03 159.03
128.68 95.34 58.39 33.27 17.33 16.39 16.56 17.87 17.23 19.34 39.04 49.60 93.12 123.60 224.90 372.34 308.11 257.58 156.60 156.60 156.60 156.60 156.60 156.60
32.15 10.34 8.09 6.21 4.65 3.95 3.48 3.18 5.46 8.82 13.48 36.23 76.07 78.00 78.00 78.00 78.00 78.00 78.00 78.00 145.89 260.00 260.00 260.00
18.44 10.80 7.71 5.30 3.45 0.00 0.00 0.00 5.65 9.82 16.35 47.78 105.37 171.72 171.72 171.72 171.72 171.72 171.72 171.72 171.72 171.72 171.72 171.72
12.92 9.57 5.86 3.34 1.74 1.65 1.66 1.79 1.73 1.94 4.26 5.91 9.35 12.41 22.58 37.38 36.28 26.21 15.72 15.72 15.72 15.72 15.72 15.72
60.23 19.89 15.55 11.93 8.94 7.60 6.69 6.12 10.50 16.97 25.93 69.66 146.29 150.00 150.00 150.00 150.00 150.00 150.00 150.00 280.44 500.00 500.00 500.00
122.42 85.78 54.60 32.10 16.86 15.26 14.89 15.87 36.07 68.73 117.89 187.31 279.39 326.40 326.40 326.40 326.40 326.40 326.40 326.40 326.40 326.40 678.68 326.40
42.18 29.93 20.60 13.70 8.82 7.38 6.59 6.43 16.43 33.69 60.27 112.82 190.30 267.06 267.06 267.06 267.06 267.06 267.06 267.06 267.06 267.06 267.06 267.06
97.00 97.00 97.00 97.00 97.00 70.58 45.77 20.54 10.15 12.87 16.67 18.67 21.41 24.93 26.25 46.86 68.38 29.10 29.10 29.10 49.35 91.87 97.00 97.00
119.20 119.20 119.20 119.20 119.20 86.73 56.24 25.24 12.47 15.81 20.48 22.94 26.31 30.64 32.25 57.96 84.71 35.76 35.76 35.76 62.41 114.69 119.20 119.20
226.66 232.24 275.42 328.49 394.79 376.86 360.34 344.85 498.27 579.00 324.69 542.91 579.00 325.32 454.05 466.38 372.92 397.57 282.97 197.68 210.87 230.23 259.07 337.57
220.58 130.65 219.45 209.63 117.37 254.77 302.70 150.29 391.57 281.31 501.30 281.17 150.39 150.39 150.39 117.57 89.89 84.06 79.47 76.73 75.71 144.76 270.69 407.31
292.20 299.39 355.05 423.47 508.93 485.81 464.53 444.55 642.33 746.40 418.54 708.99 746.40 419.18 605.65 614.30 465.39 512.52 364.78 254.84 271.83 296.80 333.98 435.17
406.74 416.75 494.23 589.47 708.44 676.26 646.63 618.82 894.14 1039.00 582.57 1000.33 1039.00 583.24 880.86 881.73 623.92 713.44 507.78 354.74 378.39 413.15 464.90 605.77
95.48 99.56 118.58 143.46 174.89 159.58 146.49 133.55 200.82 264.60 264.60 264.60 264.60 378.16 264.60 207.24 350.99 141.34 131.25 123.15 287.75 279.44 114.71 154.71
4.87 10.65 4.96 4.82 4.80 4.28 3.82 8.37 2.48 2.47 4.29 3.52 4.56 7.94 4.68 4.09 5.80 8.32 8.46 4.60 3.81 3.52 3.67 4.63
