165.30 129.68 168.56 214.39 268.60 207.90 160.67 126.62 80.43 41.20 19.14 6.68 5.92 7.87 9.62 12.82 30.74 23.08 27.45 59.30 87.56 129.93 194.65 182.56
200.47 157.28 204.43 260.02 325.76 252.14 194.87 153.57 100.10 51.16 23.71 8.11 7.18 9.55 11.66 15.54 38.80 27.80 33.42 72.08 106.19 157.58 236.07 221.41
58.78 59.90 48.81 44.76 42.83 43.55 40.20 37.08 31.83 29.05 28.51 17.72 15.42 35.49 18.86 17.06 20.86 36.46 88.54 108.80 108.80 105.85 98.72 108.80
104.01 105.99 86.36 79.20 70.78 77.06 71.13 65.60 56.32 51.41 50.44 31.35 25.82 61.98 32.44 30.19 36.92 64.86 157.12 192.50 192.50 187.29 174.67 192.50
22.19 52.93 19.99 17.09 14.99 12.54 10.67 22.45 7.02 6.94 10.80 7.66 7.61 11.59 18.73 28.28 40.89 49.59 44.21 21.38 20.84 22.12 25.31 18.21
116.00 116.00 116.00 116.00 116.00 116.00 97.50 52.18 18.17 15.54 13.26 15.33 21.64 33.25 29.65 44.60 54.68 29.51 34.80 34.80 60.50 111.37 116.00 116.00
23.52 56.35 21.19 18.12 15.89 13.29 11.31 23.80 7.44 7.37 11.46 8.14 8.07 12.28 19.86 29.98 43.35 52.56 46.87 22.66 22.09 23.45 26.83 19.30
37.37 92.11 33.66 28.79 25.25 21.12 17.96 37.82 11.83 11.77 18.27 13.25 12.82 19.52 31.54 47.63 68.87 83.50 74.48 36.00 35.09 37.25 42.63 30.66
413.69 418.13 370.32 270.79 194.88 130.99 48.71 45.06 42.87 42.19 42.71 90.07 117.88 130.14 165.39 214.95 280.41 362.38 338.90 171.62 160.55 152.83 284.57 601.42
85.16 73.06 69.00 66.56 65.47 85.19 110.29 140.17 17.74 0.00 1.12 0.00 2.18 6.83 11.82 19.26 29.52 65.86 139.77 166.78 103.58 60.70 33.66 33.17
100.19 85.95 81.18 78.30 77.02 100.23 129.76 164.90 20.85 0.00 1.32 0.00 2.57 8.03 13.91 22.66 34.73 77.46 164.43 196.22 121.86 71.41 39.60 39.02
16.88 15.51 11.61 8.64 6.57 3.60 1.88 1.04 1.04 1.41 2.31 1.98 1.73 1.52 3.34 6.23 10.44 12.62 15.86 20.47 16.14 13.46 12.28 9.78
2.59 2.54 2.22 2.03 1.93 1.19 0.79 0.64 0.40 0.55 1.01 2.42 5.68 11.66 8.62 19.66 24.83 15.98 10.09 12.55 7.54 4.23 2.12 2.90
41.75 55.53 50.57 46.13 42.18 23.22 11.31 4.70 6.72 9.93 24.11 27.49 48.06 72.14 67.97 65.39 39.40 32.78 22.85 25.69 21.89 19.07 17.41 15.28
133.00 137.35 113.20 96.45 86.44 74.46 69.33 70.95 31.88 7.26 3.67 9.87 20.93 38.26 43.30 49.03 54.98 57.61 60.00 60.00 80.48 127.36 122.05 179.70
100.55 103.84 85.58 72.91 65.35 56.29 52.41 53.64 24.07 5.49 2.77 7.46 15.82 28.92 32.73 37.06 41.57 43.55 45.36 45.36 61.10 96.47 92.27 135.85
58.19 60.09 49.52 42.19 37.82 32.58 30.33 31.04 13.88 3.18 1.60 4.32 9.16 16.74 18.94 21.45 24.05 25.20 26.25 26.25 35.56 55.96 53.40 78.62
94.10 97.18 80.09 68.23 61.16 52.68 49.05 50.20 22.52 5.14 2.59 6.98 14.81 27.07 30.63 34.69 38.90 40.76 42.45 42.45 57.23 90.31 86.35 127.14
123.02 127.05 104.71 89.21 79.96 68.87 64.13 65.63 29.48 6.72 3.39 9.13 19.36 35.39 40.05 45.35 50.86 53.29 55.50 55.50 74.54 117.88 112.89 166.22
86.78 89.62 73.86 62.93 56.40 48.58 45.23 46.30 20.76 4.74 2.39 6.44 13.66 24.96 28.25 31.99 35.88 37.59 39.15 39.15 52.83 83.33 79.64 117.26
193.51 199.85 164.70 140.33 125.77 108.34 100.87 103.24 46.44 10.57 5.33 14.36 30.45 55.67 63.00 71.33 80.00 83.82 87.30 87.30 116.19 184.63 177.58 261.47
0.00 0.00 0.00 0.00 0.00 0.00 0.00 0.00 0.00 0.00 0.00 0.00 0.00 0.00 0.00 0.00 0.00 0.00 0.00 0.00 0.00 0.00 0.00 0.00
158.62 170.60 142.62 121.67 108.25 76.13 56.07 45.69 18.84 12.05 3.37 5.92 14.50 28.73 33.76 39.33 45.55 45.17 46.59 49.68 78.49 124.46 119.53 163.74
152.48 164.00 137.10 116.96 104.06 73.18 53.90 43.92 18.18 11.51 3.22 5.69 13.94 27.62 32.45 37.81 43.79 43.42 44.79 47.76 75.46 119.65 114.90 157.41
204.74 220.20 184.08 157.04 139.72 98.26 72.37 58.98 23.72 16.16 4.48 7.64 18.72 37.08 43.57 50.76 58.79 58.30 60.14 64.13 101.24 160.65 154.28 211.35
730.33 785.50 656.66 560.21 498.42 350.53 258.16 210.38 74.36 60.72 16.58 27.26 66.78 132.29 155.42 181.07 209.73 207.96 214.52 228.75 360.45 573.06 550.35 753.92
262.66 282.50 236.16 201.48 179.25 126.06 92.85 75.66 29.75 21.36 5.88 9.80 24.02 47.58 55.90 65.12 75.43 74.79 77.15 82.27 129.81 206.10 197.93 271.14
47.46 59.44 16.86 11.33 17.33 12.15 18.64 27.25 24.98 23.23 53.40 51.74 57.97 52.66 55.80 59.32 63.17 66.99 71.10 75.49 69.14 68.55 72.89 44.93
12.02 11.52 9.37 8.18 7.91 5.89 4.26 2.97 2.37 1.91 1.54 4.08 8.05 14.83 17.44 18.45 20.55 21.68 24.48 29.02 24.56 18.53 15.26 26.43
73.93 70.85 57.61 50.32 48.62 36.20 26.19 18.25 14.60 11.77 9.49 30.01 49.48 91.21 116.91 113.45 126.36 133.34 150.54 178.46 177.36 113.97 93.82 162.55
8.06 10.72 9.76 8.90 8.14 4.48 2.18 0.91 1.30 1.92 4.96 5.90 9.28 13.92 13.12 12.62 8.64 6.67 4.41 4.96 4.22 3.68 3.36 2.95
6.13 6.03 5.26 4.80 4.56 2.81 1.86 1.52 0.94 1.30 2.39 5.73 13.45 27.60 20.36 46.56 58.79 37.77 23.90 35.91 17.85 10.01 5.02 6.86
5.33 5.24 4.58 4.17 3.97 2.44 1.62 1.32 0.81 1.13 2.08 4.99 11.69 24.00 17.71 40.48 51.12 32.85 20.78 30.13 15.52 8.71 4.37 5.97
0.99 0.97 0.85 0.77 0.74 0.45 0.30 0.25 0.15 0.21 0.39 0.93 2.17 4.46 3.32 7.52 9.49 6.13 3.86 4.30 2.88 1.62 0.81 1.11
154.37 179.90 186.03 200.00 200.00 162.80 121.47 91.33 55.31 29.89 15.75 21.27 33.17 60.00 57.85 56.38 56.89 53.22 51.69 51.72 47.84 63.13 124.90 146.16
115.10 119.53 123.80 129.20 135.89 106.53 81.79 61.78 66.01 71.52 78.17 106.77 158.30 237.90 248.96 260.34 272.48 282.26 306.39 338.60 248.71 171.37 112.96 158.04
121.48 82.70 73.30 50.18 23.49 32.73 26.17 10.70 7.27 0.00 0.00 2.32 5.79 16.19 21.72 28.71 37.30 38.14 39.31 40.96 29.10 38.35 47.76 69.16
121.48 82.70 73.30 50.18 23.49 32.73 26.17 10.70 7.27 0.00 0.00 2.32 5.79 16.19 21.72 28.71 37.30 38.14 39.31 40.96 29.10 38.35 47.76 69.16
8.10 5.65 3.92 2.58 1.57 1.58 1.04 0.44 0.38 0.00 0.00 0.16 0.39 1.08 1.45 1.91 2.49 2.54 2.62 2.73 1.94 2.58 3.18 4.61
100.19 85.95 81.18 78.30 77.02 100.23 129.76 164.90 20.85 0.00 1.32 0.00 2.57 8.03 13.91 22.66 34.73 77.46 164.43 196.22 121.86 71.41 39.60 39.02
58.91 50.54 47.74 46.04 45.29 58.93 76.30 96.96 12.30 0.00 0.78 0.00 1.51 4.72 8.18 13.32 20.42 45.59 96.69 115.37 71.65 41.99 23.29 22.94
94.12 95.91 78.15 71.67 64.95 69.73 64.37 59.37 50.97 46.52 45.65 28.37 23.63 56.28 29.57 27.32 33.41 58.62 142.09 174.20 174.20 169.48 158.07 174.20
134.80 137.37 111.94 102.65 88.21 99.88 92.19 85.03 73.00 66.63 65.38 40.62 32.39 79.45 41.03 39.13 47.85 84.38 204.04 249.50 249.50 242.74 226.40 249.50
7.77 7.38 6.42 5.98 6.04 5.26 5.12 5.67 3.54 2.17 1.78 3.47 7.62 14.45 17.05 48.61 23.00 26.83 30.00 30.00 26.56 15.41 8.43 13.83
11.42 10.85 9.44 8.79 8.89 7.73 7.52 8.33 5.21 3.19 2.87 5.10 11.20 21.23 25.06 71.55 33.81 39.43 44.10 44.10 39.04 22.65 12.39 20.32
29.77 30.53 37.48 25.88 44.23 16.30 11.16 9.34 6.47 4.33 2.83 1.37 0.00 0.00 1.01 1.59 3.23 8.64 13.57 16.96 16.49 20.64 46.50 46.11
0.00 0.00 0.00 0.00 0.00 0.00 0.00 0.00 0.00 0.00 0.00 0.00 0.00 0.00 0.00 0.00 0.00 0.00 0.00 0.00 0.00 0.00 0.00 0.00
39.89 40.90 50.22 34.63 61.02 23.22 14.96 12.51 8.67 5.80 3.79 1.83 0.00 0.00 1.35 2.14 4.11 11.31 18.18 22.98 21.97 26.84 62.31 61.78
14.11 11.69 8.98 6.83 5.22 3.30 2.17 1.62 1.65 2.05 2.90 2.15 1.61 1.25 2.94 5.73 9.87 10.72 13.14 17.36 15.12 13.65 12.81 9.39
149.80 149.80 149.80 149.80 149.80 149.80 125.91 67.39 23.46 20.07 17.13 19.80 27.95 42.93 38.29 57.99 71.21 38.10 44.94 44.94 80.98 146.70 149.80 149.80
85.19 88.46 91.62 95.63 100.57 78.84 60.53 45.73 48.85 52.94 57.85 79.02 117.16 176.07 184.26 192.68 201.67 208.90 226.76 250.60 184.07 126.83 83.60 116.97
138.52 129.26 110.67 101.65 101.23 77.22 58.88 45.51 47.68 54.82 67.65 75.16 84.00 94.04 115.52 148.07 193.91 230.00 230.00 230.00 230.00 230.00 230.00 230.00
100.14 150.46 63.35 24.14 16.79 26.14 38.20 23.26 8.34 13.92 22.13 15.31 11.38 9.94 24.98 51.19 90.81 110.10 97.99 47.88 44.88 44.64 47.36 27.90
15.60 18.05 14.65 11.77 9.43 7.02 5.07 3.53 2.31 1.43 1.56 11.02 16.16 59.58 35.02 19.79 21.14 20.44 21.42 24.08 18.60 15.10 32.56 19.34
268.00 268.00 268.00 268.00 268.00 268.00 212.53 159.71 205.96 261.70 268.00 268.00 268.00 268.00 268.00 268.00 268.00 268.00 268.00 268.00 268.00 268.00 208.05 222.02
250.00 250.00 250.00 221.17 191.18 153.03 120.43 93.23 101.18 109.85 119.09 136.96 166.07 207.76 210.84 214.46 217.28 250.00 250.00 250.00 250.00 250.00 223.88 204.46
0.00 0.00 0.00 0.00 0.00 0.00 0.00 0.00 0.00 0.00 0.00 0.00 0.00 0.00 0.00 0.00 0.00 0.00 0.00 0.00 0.00 0.00 0.00 0.00
15.87 14.37 10.74 8.28 6.79 13.53 24.15 39.45 29.82 21.82 29.01 47.14 43.49 40.33 43.36 46.82 50.73 61.80 73.86 87.70 70.28 60.12 33.30 10.79
106.09 115.50 121.74 131.98 146.79 76.93 33.81 11.05 7.09 6.71 5.49 9.81 15.38 12.77 30.50 56.87 91.42 127.15 139.26 152.89 100.65 62.72 36.29 63.43
0.00 0.00 0.00 0.00 0.00 0.00 0.00 0.00 0.00 0.00 0.00 0.00 0.00 0.00 0.00 0.00 0.00 0.00 0.00 0.00 0.00 0.00 0.00 0.00
142.04 171.70 168.02 168.98 172.69 116.36 74.45 45.62 26.14 14.07 7.45 15.18 27.56 46.27 70.61 108.53 162.99 186.76 212.95 242.19 173.91 119.95 78.60 95.13
134.01 123.83 134.04 150.93 176.08 148.73 130.66 120.00 43.53 6.84 0.00 1.42 5.76 14.90 20.56 28.02 37.39 39.44 77.81 146.19 121.40 104.90 95.42 109.94
4.22 5.44 1.47 1.29 1.61 3.75 7.29 12.59 11.37 10.98 11.36 10.21 12.00 4.37 14.96 25.73 40.87 30.45 22.65 16.95 15.27 14.10 13.29 9.73
678.06 774.09 829.09 857.00 857.00 741.83 564.49 428.75 257.69 81.95 23.99 64.10 135.30 246.46 241.32 245.52 257.10 232.49 217.90 214.40 377.85 684.30 720.83 700.67
816.63 951.65 913.24 1058.00 1058.00 861.22 642.60 483.13 292.58 168.33 93.04 139.05 175.44 317.40 306.00 298.24 300.93 281.54 273.42 273.62 253.05 292.97 621.39 773.21
217.24 208.19 169.29 147.86 142.87 106.38 76.96 53.62 42.90 34.59 27.90 114.71 145.39 268.03 413.87 333.36 371.30 391.81 442.35 524.38 671.87 334.90 275.70 477.66
35.19 42.02 58.18 79.48 106.59 50.26 19.81 6.56 7.74 9.28 11.21 11.84 16.40 52.81 28.96 36.53 36.39 32.57 29.49 26.90 34.38 43.43 53.84 44.25
100.16 133.20 121.31 110.66 101.18 55.71 27.13 11.28 16.12 23.81 56.33 61.29 115.29 173.06 163.04 156.87 90.10 81.01 54.80 61.62 52.51 45.75 41.76 36.65
55.99 25.11 31.05 37.92 45.73 27.90 16.91 11.04 7.47 5.71 5.40 3.90 2.99 2.57 4.13 6.56 10.01 12.31 15.69 20.27 39.08 78.45 94.85 88.37
44.36 41.83 49.41 58.92 70.39 33.81 14.02 5.28 4.49 6.09 10.77 8.85 7.12 5.79 10.10 16.88 26.88 32.28 39.76 49.35 44.37 42.57 43.51 38.58
10.05 13.37 12.18 11.11 10.16 5.59 2.72 1.13 1.62 2.39 6.15 7.30 11.57 17.37 16.37 15.75 10.61 8.24 5.50 6.19 5.27 4.59 4.19 3.68
104.90 48.30 59.70 72.92 87.93 53.65 32.53 21.23 14.36 10.99 10.38 7.51 5.76 4.93 7.93 12.62 19.25 23.68 30.17 38.98 75.12 150.86 182.39 169.95
195.60 191.75 140.41 104.61 80.91 44.35 21.46 8.91 9.66 13.14 19.74 17.14 14.81 12.90 26.04 46.94 78.15 96.26 122.30 157.58 135.47 128.54 283.89 111.48
108.88 100.03 74.90 55.75 42.35 23.24 12.14 6.73 6.68 9.11 14.90 12.77 11.15 9.83 21.56 40.21 67.34 81.40 102.30 132.06 104.10 86.85 79.24 63.09
97.00 97.00 97.00 97.00 97.00 97.00 81.53 43.63 15.19 13.00 11.09 12.82 18.10 27.80 24.80 37.09 45.40 24.67 29.10 29.10 49.35 91.87 97.00 97.00
119.20 119.20 119.20 119.20 119.20 119.20 100.19 53.62 18.67 15.97 13.63 15.76 22.24 34.16 30.47 45.86 56.25 30.32 35.76 35.76 62.41 114.69 119.20 119.20
331.32 360.70 380.20 412.19 458.41 240.24 105.60 34.51 22.13 20.97 17.13 33.19 48.02 39.72 106.04 185.61 247.08 397.09 434.92 477.47 314.31 195.88 113.34 198.09
405.99 275.83 316.22 204.97 78.50 112.52 92.34 38.08 25.18 0.00 0.00 7.75 19.36 54.11 72.60 95.95 124.65 127.45 131.39 136.89 97.26 128.08 159.63 231.12
427.11 464.98 490.12 531.36 590.95 309.70 136.13 44.48 28.53 27.03 22.08 43.34 61.90 51.18 141.45 244.48 308.35 511.90 560.66 615.51 405.19 252.51 146.11 255.36
594.54 647.26 682.26 739.66 822.61 431.11 189.49 61.92 39.72 37.63 30.74 61.16 86.17 71.22 205.72 350.91 413.38 712.57 780.45 856.80 564.03 351.50 203.38 355.47
121.82 138.14 117.51 103.00 92.96 46.03 21.98 13.33 0.00 0.00 0.00 7.25 26.90 101.25 102.65 142.89 441.97 206.82 223.24 242.21 398.42 251.57 60.39 79.19
9.96 21.85 8.97 7.67 6.73 5.63 4.80 10.07 3.15 3.09 4.81 3.34 3.42 5.20 8.41 12.69 18.35 22.25 19.83 9.59 9.35 9.93 11.36 8.17
