293.19 261.54 203.39 155.66 117.10 57.27 24.21 0.00 0.00 0.00 10.66 16.95 44.53 97.26 101.75 119.39 262.89 171.48 149.66 202.40 299.92 409.14 541.77 643.30
355.58 317.20 246.67 188.79 142.02 69.46 29.36 0.00 0.00 0.00 13.21 20.56 54.00 117.96 123.40 144.79 331.80 206.49 182.24 246.02 363.75 496.21 657.06 780.20
49.84 48.67 38.06 41.65 54.55 53.89 50.70 50.73 49.66 48.36 47.18 22.86 15.03 25.97 11.87 8.84 8.64 10.44 18.57 20.36 20.71 22.28 25.06 21.66
88.18 86.11 67.35 73.69 90.14 95.35 89.71 89.75 87.87 85.56 83.47 40.42 25.16 45.35 20.42 15.64 15.29 18.57 32.95 36.02 36.64 39.43 44.34 38.32
16.71 37.18 14.58 13.53 13.22 9.03 7.24 18.18 5.02 4.27 5.51 4.89 5.95 9.75 9.55 9.46 9.40 11.37 11.57 6.91 8.11 9.82 12.13 11.39
34.03 29.46 14.74 8.19 7.20 7.11 19.99 41.90 28.29 34.80 34.80 34.80 34.80 34.80 33.25 47.31 55.03 18.06 14.13 11.23 18.31 35.20 41.95 38.70
17.72 39.59 15.46 14.34 14.01 9.57 7.67 19.27 5.32 4.53 5.84 5.20 6.31 10.33 10.12 10.03 9.97 12.05 12.27 7.33 8.59 10.41 12.86 12.07
28.15 64.71 24.55 22.79 22.26 15.20 12.18 30.63 8.45 7.23 9.31 8.47 10.02 16.41 16.09 15.94 15.83 19.14 19.49 11.64 13.65 16.54 20.43 19.18
277.02 215.62 206.32 203.29 245.22 138.70 57.11 75.67 52.62 35.08 21.86 56.64 84.25 97.39 89.25 82.15 75.18 68.25 52.02 24.37 29.92 37.58 91.02 146.43
60.51 102.38 141.52 170.00 170.00 170.00 170.00 170.00 96.01 51.00 51.00 51.00 51.00 51.00 51.00 51.00 51.00 86.67 93.28 51.57 49.06 46.75 44.30 33.76
71.19 120.45 166.49 200.00 200.00 200.00 200.00 200.00 112.86 60.00 60.00 60.00 60.00 60.00 60.00 60.00 60.00 101.94 109.74 60.67 57.71 55.00 52.11 39.72
9.62 8.40 6.81 5.48 4.33 1.97 0.00 0.00 0.00 0.00 0.00 0.00 1.40 3.45 4.34 9.93 23.45 16.91 12.32 9.21 8.20 7.38 6.75 6.83
4.33 5.36 4.34 4.62 6.24 5.94 5.73 5.58 6.04 12.23 23.43 21.60 20.16 19.08 10.31 17.63 17.23 6.85 2.58 2.28 1.68 1.57 1.54 0.91
8.07 7.09 4.27 2.46 1.40 0.00 0.00 0.00 2.15 3.72 9.57 22.63 68.13 131.28 115.15 101.41 54.91 38.40 22.93 22.87 20.83 20.80 23.02 21.69
103.87 117.73 111.51 143.95 200.00 200.00 200.00 200.00 147.17 60.00 60.00 56.55 48.30 41.65 39.96 38.46 37.37 26.39 18.34 12.54 17.04 34.46 41.10 25.69
78.52 89.01 84.30 108.82 151.20 151.20 151.20 151.20 111.12 45.36 45.36 42.75 36.51 31.49 30.21 29.08 28.25 19.95 13.86 9.48 12.94 26.10 31.07 19.42
45.44 51.51 48.79 62.98 87.50 87.50 87.50 87.50 64.10 26.25 26.25 24.74 21.13 18.22 17.48 16.83 16.35 11.54 8.02 5.49 7.53 15.14 17.98 11.24
73.48 83.30 78.89 101.84 141.50 141.50 141.50 141.50 103.96 42.45 42.45 40.01 34.17 29.47 28.27 27.21 26.44 18.67 12.97 8.87 12.12 24.44 29.08 18.17
96.08 108.90 103.15 133.15 185.00 185.00 185.00 185.00 136.09 55.50 55.50 52.31 44.68 38.53 36.96 35.58 34.57 24.41 16.96 11.60 15.79 31.90 38.02 23.76
67.77 76.82 72.76 93.92 130.50 130.50 130.50 130.50 95.84 39.15 39.15 36.90 31.52 27.18 26.07 25.10 24.38 17.22 11.96 8.18 11.19 22.55 26.82 16.76
151.12 171.30 162.25 209.44 291.00 291.00 291.00 291.00 214.40 87.30 87.30 82.28 70.28 60.60 58.14 55.96 54.37 38.40 26.68 18.24 24.61 49.96 59.81 37.38
0.00 0.00 0.00 0.00 0.00 0.00 0.00 0.00 0.00 0.00 0.00 0.00 0.00 0.00 0.00 0.00 0.00 0.00 0.00 0.00 0.00 0.00 0.00 0.00
85.78 94.03 92.66 131.14 170.60 170.60 170.60 170.60 123.33 155.83 103.48 51.18 51.18 47.91 45.98 44.47 43.27 29.67 19.55 12.38 21.22 35.23 33.86 21.00
82.46 90.40 89.08 126.06 164.00 164.00 164.00 164.00 119.02 148.85 99.00 49.20 49.20 46.06 44.20 42.75 41.60 28.52 18.80 11.90 20.40 33.87 32.55 20.19
110.72 121.37 119.60 169.26 220.20 220.20 220.20 220.20 155.30 208.93 137.47 66.06 66.06 61.84 59.35 57.40 55.85 38.30 25.24 15.98 27.37 45.48 43.70 27.11
394.96 432.96 426.65 603.79 785.50 785.50 785.50 785.50 486.84 785.09 509.29 235.65 235.65 220.60 211.71 204.76 199.24 136.61 90.03 57.01 97.45 162.22 155.90 96.71
142.05 155.71 153.44 217.15 282.50 282.50 282.50 282.50 194.81 276.23 180.45 84.75 84.75 79.34 76.14 73.64 71.66 49.13 32.38 20.50 35.10 58.34 56.07 34.78
67.44 88.63 14.74 7.52 21.82 13.05 28.23 36.00 36.00 36.00 88.65 96.29 120.00 120.00 120.00 120.00 120.00 120.00 120.00 120.00 120.00 99.80 81.33 54.89
12.25 12.07 9.26 9.94 14.45 12.75 11.90 11.76 13.15 14.65 16.29 17.99 17.90 19.33 19.15 17.22 16.33 12.00 8.59 6.01 6.15 5.81 6.01 3.59
75.33 74.20 56.93 61.11 88.89 78.42 73.16 72.30 80.84 90.06 100.17 132.22 110.05 118.85 128.38 105.88 100.45 73.81 52.83 36.96 44.42 35.71 36.96 22.05
1.56 1.37 0.82 0.48 0.27 0.00 0.00 0.00 0.42 0.72 1.97 4.86 13.15 25.34 22.23 19.57 12.04 7.81 4.43 4.41 4.02 4.01 4.44 4.19
10.25 12.69 10.27 10.93 14.76 14.07 13.57 13.22 14.30 28.92 55.49 51.15 47.73 45.18 24.34 41.75 40.79 16.19 6.12 6.53 3.98 3.73 3.65 2.14
8.91 11.03 8.93 9.50 12.84 12.24 11.80 11.49 12.43 25.15 48.25 44.48 41.50 39.29 21.17 36.30 35.47 14.08 5.32 5.48 3.46 3.24 3.17 1.86
1.66 2.05 1.66 1.77 2.38 2.27 2.19 2.13 2.31 4.69 8.96 8.26 7.71 7.30 3.96 6.74 6.59 2.63 0.99 0.78 0.64 0.60 0.59 0.35
90.94 88.61 75.77 76.56 85.86 66.40 90.64 171.89 200.00 186.24 171.07 83.48 60.00 60.00 60.00 60.00 60.00 60.00 40.64 24.28 22.69 29.52 56.78 60.87
338.60 338.60 338.60 338.60 338.60 338.60 338.60 338.60 338.60 338.60 338.60 338.60 334.68 275.36 192.88 130.00 82.16 48.80 35.58 37.93 27.81 19.89 13.87 0.00
72.06 44.88 52.28 65.82 45.00 106.15 137.43 75.93 141.55 84.30 150.00 84.20 45.00 44.65 42.47 40.63 39.30 26.77 17.56 10.94 10.29 18.22 31.23 16.64
72.06 44.88 52.28 65.82 45.00 106.15 137.43 75.93 141.55 84.30 150.00 84.20 45.00 44.65 42.47 40.63 39.30 26.77 17.56 10.94 10.29 18.22 31.23 16.64
4.80 3.07 2.79 3.38 3.00 5.11 5.45 3.11 7.33 5.73 10.00 5.66 3.00 2.98 2.83 2.71 2.62 1.78 1.17 0.73 0.69 1.23 2.08 1.11
71.19 120.45 166.49 200.00 200.00 200.00 200.00 200.00 112.86 60.00 60.00 60.00 60.00 60.00 60.00 60.00 60.00 101.94 109.74 60.67 57.71 55.00 52.11 39.72
41.86 70.83 97.90 117.60 117.60 117.60 117.60 117.60 66.59 35.28 35.28 35.28 35.28 35.28 35.28 35.28 35.28 60.00 64.53 35.67 33.94 32.34 30.64 23.35
79.80 77.92 60.94 66.69 82.72 86.28 81.18 81.22 79.51 77.42 75.54 36.58 23.02 41.18 18.61 14.15 13.84 16.78 29.80 32.59 33.16 35.68 40.12 34.68
114.30 111.60 87.29 95.51 112.33 123.58 116.27 116.33 113.88 110.89 108.19 52.39 31.55 58.13 25.83 20.27 19.82 24.16 42.79 46.68 47.49 51.10 57.46 49.67
13.40 15.30 12.02 13.24 19.28 17.25 15.67 14.51 16.20 18.05 26.92 18.29 16.86 15.73 15.26 36.47 14.53 10.53 7.56 5.49 5.49 5.69 6.09 3.67
19.70 22.49 17.66 19.46 28.33 25.36 23.04 21.32 23.82 26.53 43.44 26.88 24.78 23.12 22.43 53.67 21.36 15.48 11.11 8.06 8.06 8.36 8.95 5.40
60.82 52.89 40.37 17.14 17.68 4.34 1.76 0.00 0.00 0.00 0.97 3.02 9.05 21.58 23.59 27.69 41.37 70.69 66.91 47.84 49.81 58.24 114.92 136.51
0.00 0.00 0.00 0.00 0.00 0.00 0.00 0.00 0.00 0.00 0.00 0.00 0.00 0.00 0.00 0.00 0.00 0.00 0.00 0.00 0.00 0.00 0.00 0.00
81.50 70.87 54.09 22.94 24.39 6.18 2.36 0.00 0.00 0.00 1.30 4.05 12.13 28.92 31.61 37.10 52.60 92.54 89.65 64.83 66.38 75.72 153.99 182.92
12.84 11.53 9.34 7.57 6.06 3.13 1.33 0.00 0.00 0.00 0.00 0.00 1.30 3.54 3.60 7.94 19.46 15.70 13.15 11.58 10.13 8.98 8.13 8.31
43.95 38.05 19.04 10.58 9.29 9.18 25.82 54.12 36.54 44.94 44.94 44.94 44.94 44.94 42.93 61.51 71.66 23.33 18.25 14.51 24.51 46.37 54.18 49.97
250.60 250.60 250.60 250.60 250.60 250.60 250.60 250.60 250.60 250.60 250.60 250.60 247.70 203.79 142.75 96.22 60.80 36.11 26.34 28.07 20.58 14.72 10.26 0.00
111.16 130.46 115.52 120.43 145.00 132.18 120.64 109.99 116.27 122.73 128.71 93.06 67.52 49.96 44.18 39.07 34.61 29.77 30.36 36.20 36.54 40.60 49.15 43.13
63.21 74.64 37.45 19.49 21.60 30.28 42.72 28.20 7.35 8.18 7.87 7.02 8.57 13.02 12.25 11.61 10.91 11.91 11.72 7.14 9.62 13.10 17.74 17.08
12.19 11.87 8.79 9.26 13.53 12.00 13.27 17.45 24.07 30.00 56.19 100.00 56.25 100.00 56.12 29.80 29.65 20.85 14.11 9.07 8.35 7.80 18.32 4.74
268.00 268.00 268.00 268.00 268.00 268.00 268.00 268.00 268.00 217.37 168.89 111.46 68.84 38.87 15.12 0.00 0.00 0.00 9.52 31.03 32.50 35.48 40.07 41.95
108.16 119.61 105.55 92.59 80.84 80.79 81.20 81.08 61.30 44.64 31.67 17.23 8.29 0.00 0.00 0.00 5.09 8.82 15.32 25.28 31.52 38.99 48.44 46.34
0.00 0.00 0.00 0.00 0.00 0.00 0.00 0.00 0.00 0.00 0.00 0.00 0.00 0.00 0.00 0.00 0.00 0.00 0.00 0.00 0.00 0.00 0.00 0.00
13.59 12.87 6.01 9.83 28.57 37.09 48.75 48.75 48.75 48.75 91.77 162.50 162.50 162.50 162.50 162.50 162.50 162.50 148.27 85.80 67.17 51.12 22.55 9.87
78.12 170.56 181.95 185.40 185.40 185.40 185.40 185.40 185.40 185.40 104.02 160.49 185.40 104.14 118.71 119.06 112.36 96.21 63.30 42.09 39.66 37.63 35.73 19.13
0.00 0.00 0.00 0.00 0.00 0.00 0.00 0.00 0.00 0.00 0.00 0.00 0.00 0.00 0.00 0.00 0.00 0.00 0.00 0.00 0.00 0.00 0.00 0.00
179.65 332.60 332.60 303.84 204.95 205.95 209.55 217.61 301.24 332.60 332.60 332.60 332.60 332.60 305.57 270.25 239.85 165.18 113.07 78.15 62.99 49.70 38.62 18.51
78.96 90.42 113.74 176.50 176.50 176.50 176.50 176.50 176.50 130.37 52.95 52.95 52.95 52.95 52.95 52.95 52.95 52.95 62.94 63.86 57.74 52.17 47.32 36.06
27.49 65.85 20.21 16.71 15.79 9.96 17.04 39.00 39.00 39.00 39.00 56.82 113.69 73.53 130.00 130.00 130.00 130.00 130.00 111.95 92.65 75.86 61.46 35.13
403.19 394.26 330.09 323.11 371.52 328.91 493.78 857.00 856.99 480.72 257.10 257.10 257.10 257.10 257.10 257.10 257.10 257.10 184.75 108.80 181.99 303.90 285.77 258.77
481.07 468.77 371.96 405.02 454.22 351.24 479.51 909.32 1058.00 1048.92 1010.31 545.80 317.40 317.40 317.40 317.40 317.40 317.40 215.00 128.43 120.04 136.99 282.47 322.00
221.34 218.04 167.29 179.56 261.19 230.42 214.99 212.45 237.55 264.65 294.34 505.37 323.36 349.25 454.48 311.13 295.15 216.88 155.23 108.60 168.28 104.93 108.60 64.79
16.80 11.31 7.08 4.01 0.00 0.00 0.00 0.00 0.00 4.10 9.20 22.41 60.50 278.88 129.45 136.22 112.31 90.32 72.47 58.74 59.19 61.69 66.21 65.35
19.35 17.00 10.25 5.91 3.36 0.00 0.00 0.00 5.16 8.93 22.35 50.45 163.44 314.92 276.23 243.28 125.58 94.89 55.00 54.85 49.97 49.90 55.23 52.03
73.08 30.37 22.52 16.02 11.03 5.19 1.94 0.00 0.00 0.00 0.00 4.77 13.28 29.13 35.06 46.66 65.21 43.74 27.70 16.43 46.36 118.98 164.24 204.72
33.37 28.42 20.30 13.89 9.04 0.00 0.00 0.00 0.00 0.00 0.00 11.45 34.94 79.57 91.85 112.65 143.04 99.06 65.95 41.90 51.53 62.58 75.97 84.13
1.94 1.71 1.03 0.59 0.34 0.00 0.00 0.00 0.52 0.90 2.44 6.01 16.41 31.61 27.73 24.42 14.79 9.65 5.52 5.51 5.02 5.01 5.54 5.22
136.92 58.40 43.32 30.81 21.21 9.98 3.73 0.00 0.00 0.00 0.00 9.17 25.55 56.03 67.42 89.73 125.41 84.11 53.27 31.60 89.13 228.80 315.85 393.68
100.59 85.62 65.16 48.60 35.14 16.83 6.60 0.00 0.00 0.00 0.00 0.00 13.84 35.64 41.69 80.22 168.10 126.22 97.25 78.21 65.65 56.92 106.71 47.94
62.08 54.20 43.95 35.37 27.95 12.72 0.00 0.00 0.00 0.00 0.00 0.00 9.01 22.26 27.97 64.06 151.27 109.09 79.49 59.39 52.90 47.61 43.57 44.03
28.46 24.64 12.33 6.85 6.02 5.94 16.72 35.03 23.66 29.10 29.10 29.10 29.10 29.10 27.80 39.34 45.69 15.10 11.82 9.39 14.94 29.04 35.08 32.36
34.97 30.27 15.15 8.42 7.39 7.30 20.55 43.06 29.07 35.76 35.76 35.76 35.76 35.76 34.16 48.65 56.60 18.56 14.52 11.54 18.89 36.25 43.11 39.76
243.97 532.66 568.23 579.00 579.00 579.00 579.00 579.00 579.00 579.00 324.69 542.91 579.00 324.03 412.67 388.62 303.67 300.46 197.68 131.43 123.86 117.51 111.58 59.74
240.83 149.68 225.54 268.85 150.39 364.92 484.95 270.16 490.05 281.31 501.30 281.17 150.39 149.22 141.93 135.78 131.35 89.45 58.68 36.56 34.38 60.86 104.38 55.60
314.50 686.66 732.52 746.40 746.40 746.40 746.40 746.40 746.40 746.40 418.54 708.99 746.40 417.52 550.45 511.87 378.97 387.33 254.84 169.44 159.67 151.49 143.85 77.01
437.79 955.84 1019.68 1039.00 1039.00 1039.00 1039.00 1039.00 1039.00 1039.00 582.57 1000.33 1039.00 580.93 800.57 734.71 508.06 539.17 354.74 235.86 222.26 210.88 200.23 107.20
120.18 137.50 131.17 180.61 264.60 264.60 264.60 264.60 264.60 264.60 264.60 264.60 244.85 315.07 211.02 203.72 455.48 134.06 87.04 54.65 118.64 105.60 39.30 22.55
7.50 15.35 6.54 6.07 5.93 4.05 3.25 8.15 2.25 1.90 2.45 2.13 2.67 4.37 4.29 4.25 4.22 5.10 5.19 3.10 3.64 4.41 5.44 5.11
