464.73 378.94 267.92 181.68 115.45 98.96 84.81 73.55 112.11 133.15 141.22 103.57 141.05 192.39 192.99 192.99 332.00 284.63 332.94 615.51 643.30 643.30 643.30 566.11
563.63 459.59 324.93 220.34 140.02 120.02 102.86 89.20 139.53 165.34 174.98 125.61 171.07 233.34 234.06 234.06 419.03 342.76 405.43 748.14 780.20 780.20 780.20 686.59
57.98 70.35 62.68 57.65 49.48 44.24 35.60 28.44 36.30 47.90 63.96 41.36 36.66 85.07 38.83 29.57 30.07 47.20 94.93 108.80 108.80 78.88 49.96 57.87
102.59 124.46 110.90 102.00 81.77 78.28 62.98 50.32 64.22 84.75 113.16 73.14 61.38 148.56 66.78 52.32 53.21 83.96 168.46 192.50 192.50 139.56 88.39 102.39
37.50 84.11 35.80 31.49 28.41 21.16 15.39 26.36 17.72 36.24 103.87 119.91 125.00 125.00 125.00 125.00 125.00 125.00 92.34 37.50 37.50 37.50 37.50 37.50
116.00 116.00 116.00 116.00 116.00 116.00 116.00 68.84 33.16 34.80 34.80 34.80 34.80 34.80 34.80 58.96 82.36 34.80 34.80 34.80 60.50 111.37 116.00 116.00
39.75 89.55 37.95 33.38 30.11 22.43 16.31 27.94 18.78 38.45 110.17 127.48 132.50 132.50 132.50 132.50 132.50 132.50 97.89 39.75 39.75 39.75 39.75 39.75
63.15 146.38 60.29 53.03 47.84 35.63 25.90 44.41 29.84 61.42 175.67 207.62 210.50 210.50 210.50 210.50 210.50 210.50 155.55 63.15 63.15 63.15 63.15 63.15
484.39 428.86 461.60 434.78 429.67 234.52 68.67 47.74 75.14 114.76 170.59 435.69 619.00 623.00 623.00 623.00 623.00 623.00 460.54 186.90 186.90 186.90 356.65 585.72
47.35 45.11 39.17 34.23 30.29 26.47 22.94 19.67 9.60 4.45 4.00 4.55 6.95 11.75 10.82 10.09 9.63 23.52 58.59 84.20 59.55 45.03 39.57 66.92
55.70 53.08 46.08 40.27 35.64 31.14 26.98 23.15 11.28 5.24 4.71 5.35 8.17 13.82 12.73 11.88 11.33 27.67 68.93 99.06 70.05 52.98 46.55 78.73
13.01 7.45 5.58 4.06 2.82 2.76 2.70 2.65 6.06 12.13 21.65 25.46 30.02 35.40 41.40 41.40 41.40 41.40 41.40 41.40 41.40 40.07 22.71 15.79
1.99 2.05 1.92 1.79 1.68 1.47 1.29 1.12 1.01 1.79 3.17 4.75 8.37 14.87 7.44 12.37 12.35 10.48 8.20 12.55 7.89 5.20 3.33 5.80
65.28 55.44 34.25 19.42 9.91 9.55 9.50 9.80 14.15 20.44 47.22 45.31 51.55 43.83 73.74 117.90 110.57 104.24 65.28 65.28 65.28 65.28 65.28 59.70
77.32 94.49 93.68 93.75 94.88 77.69 63.17 50.32 34.22 13.25 13.01 18.20 26.21 37.86 32.36 28.96 27.53 39.21 54.90 60.00 75.16 104.96 81.28 150.09
58.45 71.43 70.82 70.87 71.73 58.73 47.76 38.04 25.84 10.02 9.84 13.76 19.82 28.62 24.47 21.89 20.82 29.64 41.50 45.36 57.06 79.50 61.45 113.47
33.83 41.34 40.98 41.01 41.51 33.99 27.64 22.01 14.90 5.80 5.69 7.96 11.47 16.56 14.16 12.67 12.05 17.15 24.02 26.25 33.21 46.12 35.56 65.66
54.70 66.85 66.28 66.33 67.13 54.96 44.69 35.60 24.17 9.38 9.20 12.88 18.55 26.78 22.90 20.49 19.48 27.74 38.84 42.45 53.45 74.43 57.50 106.19
71.52 87.40 86.65 86.72 87.77 71.86 58.43 46.54 31.64 12.26 12.03 16.84 24.25 35.02 29.93 26.79 25.47 36.27 50.78 55.50 69.61 97.15 75.18 138.83
50.45 61.65 61.13 61.17 61.91 50.69 41.22 32.83 22.28 8.65 8.49 11.88 17.10 24.70 21.12 18.90 17.97 25.58 35.82 39.15 49.34 68.67 53.03 97.93
112.50 137.48 136.30 136.40 138.06 113.03 91.91 73.21 49.85 19.28 18.93 26.48 38.14 55.08 47.09 42.13 40.06 57.05 79.88 87.30 108.52 152.17 118.26 218.38
0.00 0.00 0.00 0.00 0.00 0.00 0.00 0.00 0.00 0.00 0.00 0.00 0.00 0.00 0.00 0.00 0.00 0.00 0.00 0.00 0.00 0.00 0.00 0.00
77.65 95.55 100.45 106.61 114.15 89.72 68.87 51.59 32.39 35.92 21.38 14.67 20.66 29.08 23.79 20.34 18.73 27.10 38.89 51.18 77.35 101.69 72.83 135.06
74.65 91.85 96.56 102.49 109.73 86.25 66.20 49.60 31.26 34.31 20.45 14.10 19.86 27.96 22.87 19.55 18.00 26.05 37.38 49.20 74.37 97.75 70.01 129.83
100.23 123.33 129.65 137.61 147.34 115.80 88.89 66.59 40.78 48.16 28.40 18.93 26.67 37.54 30.71 26.25 24.17 34.98 50.19 66.06 99.77 131.25 94.00 174.33
357.54 439.95 462.49 490.88 525.58 413.10 317.08 237.55 127.84 180.98 105.22 67.53 95.12 133.91 109.55 93.64 86.23 124.77 179.05 235.65 355.22 468.21 335.31 621.86
128.59 158.22 166.33 176.54 189.02 148.57 114.04 85.43 51.16 63.68 37.28 24.29 34.21 48.16 39.40 33.68 31.01 44.87 64.40 84.75 127.93 168.39 120.59 223.65
2.46 5.18 1.83 1.59 3.20 0.79 0.00 0.00 0.00 0.00 0.00 0.00 0.00 3.62 4.38 5.60 7.38 4.10 4.76 9.86 8.91 8.32 8.18 10.85
15.13 14.71 14.65 14.86 15.46 11.59 8.41 5.90 8.85 12.99 18.47 22.63 24.73 29.16 28.19 25.13 24.19 29.27 29.88 29.88 31.05 19.11 12.16 17.62
93.06 90.45 90.11 91.37 95.09 71.27 51.70 36.25 54.42 79.89 113.58 166.31 152.08 179.34 189.00 154.55 148.74 180.01 183.75 183.75 224.16 117.50 74.76 108.34
12.60 10.70 6.61 3.75 1.91 1.84 1.83 1.89 2.73 3.94 9.71 9.72 9.95 8.46 14.23 22.76 24.25 21.20 12.60 12.60 12.60 12.60 12.60 11.52
4.71 4.85 4.54 4.23 3.97 3.48 3.05 2.65 2.40 4.23 7.50 11.25 19.81 35.20 17.57 29.29 29.23 24.78 19.42 35.91 18.67 12.30 7.88 13.74
4.09 4.22 3.95 3.68 3.45 3.02 2.65 2.31 2.08 3.68 6.52 9.78 17.22 30.61 15.28 25.47 25.42 21.55 16.89 30.13 16.23 10.70 6.85 11.95
0.76 0.78 0.73 0.68 0.64 0.56 0.49 0.43 0.39 0.69 1.21 1.82 3.20 5.68 2.86 4.73 4.72 4.02 3.14 4.30 3.02 1.99 1.27 2.22
200.00 200.00 195.26 200.00 169.53 121.22 84.00 55.99 63.25 68.41 74.96 36.54 26.57 27.24 30.42 36.06 44.49 59.07 60.00 60.00 60.00 69.15 93.77 172.93
118.56 118.20 112.01 107.84 105.66 91.44 79.13 68.29 56.65 47.00 38.05 30.40 24.29 19.51 19.47 28.29 48.04 111.76 223.41 338.60 290.14 203.90 137.69 92.37
42.40 24.50 26.76 22.73 13.05 25.39 27.00 11.99 19.49 10.12 15.96 13.79 11.87 18.78 15.20 13.05 12.24 19.19 29.71 44.56 32.80 43.81 53.22 100.84
42.40 24.50 26.76 22.73 13.05 25.39 27.00 11.99 19.49 10.12 15.96 13.79 11.87 18.78 15.20 13.05 12.24 19.19 29.71 44.56 32.80 43.81 53.22 100.84
2.83 1.67 1.43 1.17 0.87 1.22 1.07 0.49 1.01 0.69 1.06 0.93 0.79 1.25 1.01 0.87 0.82 1.28 1.98 2.97 2.19 2.95 3.55 6.72
55.70 53.08 46.08 40.27 35.64 31.14 26.98 23.15 11.28 5.24 4.71 5.35 8.17 13.82 12.73 11.88 11.33 27.67 68.93 99.06 70.05 52.98 46.55 78.73
32.75 31.21 27.10 23.68 20.95 18.31 15.87 13.61 6.66 3.08 2.77 3.14 4.81 8.13 7.48 6.98 6.66 16.28 40.53 58.25 41.19 31.15 27.37 46.29
92.84 112.63 100.36 92.30 75.03 70.84 56.99 45.54 58.11 76.70 102.40 66.20 56.17 134.89 60.87 47.34 48.15 75.89 152.35 174.20 174.20 126.29 79.99 92.66
132.97 161.32 143.74 132.20 101.89 101.46 81.63 65.23 83.23 109.85 146.67 94.79 76.99 190.43 84.49 67.81 68.96 109.23 218.77 249.50 249.50 180.88 114.57 132.71
6.41 6.69 6.25 5.89 5.56 4.78 4.05 3.42 3.62 4.04 6.33 6.72 10.54 16.79 14.85 33.78 13.51 19.16 26.54 30.00 24.39 15.98 10.25 16.74
9.42 9.84 9.19 8.66 8.17 7.02 5.95 5.03 5.32 5.94 10.22 9.88 15.50 24.68 21.83 49.72 19.86 28.16 39.02 44.10 35.85 23.49 15.07 24.61
57.80 41.27 32.79 14.38 15.45 6.94 5.70 5.66 8.70 12.64 17.69 21.71 28.25 37.66 41.94 41.94 50.50 111.85 139.80 135.62 103.80 82.72 90.86 74.47
0.00 0.00 0.00 0.00 0.00 0.00 0.00 0.00 0.00 0.00 0.00 0.00 0.00 0.00 0.00 0.00 0.00 0.00 0.00 0.00 0.00 0.00 0.00 0.00
77.44 55.30 43.94 19.25 21.31 9.89 7.64 7.58 11.65 16.94 23.70 29.08 37.85 50.46 56.20 56.20 64.20 146.43 187.33 183.78 138.32 107.55 121.75 99.78
22.10 15.82 11.04 7.33 4.57 3.70 2.96 2.37 6.19 13.07 23.91 28.72 34.61 41.76 45.90 45.90 45.90 45.90 45.90 45.90 45.90 45.90 38.97 28.05
149.80 149.80 149.80 149.80 149.80 149.80 149.80 88.91 42.83 44.94 44.94 44.94 44.94 44.94 44.94 76.67 107.25 44.94 44.94 44.94 80.98 146.70 149.80 149.80
87.74 87.48 82.90 79.81 78.20 67.68 58.57 50.54 41.93 34.78 28.16 22.50 17.98 14.44 14.41 20.94 35.56 82.72 165.35 250.60 214.73 150.91 101.90 68.36
137.38 195.20 144.95 104.72 72.77 54.96 40.40 28.90 31.43 36.06 43.33 62.23 94.23 142.31 155.07 176.42 207.40 230.00 230.00 230.00 230.00 230.00 186.30 151.16
181.61 238.49 122.36 53.82 45.20 61.77 75.71 37.03 26.24 78.96 213.72 211.00 210.35 212.05 238.50 238.50 238.50 238.50 176.17 65.83 71.55 71.55 71.55 71.55
14.17 14.15 12.53 11.27 10.33 8.51 6.92 5.56 6.45 7.62 17.18 35.54 23.73 50.85 27.04 14.53 15.53 20.40 26.45 30.00 24.35 16.97 27.71 16.89
109.29 134.31 112.87 99.12 92.75 81.41 72.46 64.38 50.39 39.38 31.37 23.04 16.63 11.66 12.57 22.32 45.63 108.85 213.59 268.00 220.17 125.36 71.28 118.29
66.45 85.37 70.69 60.68 54.21 40.44 29.58 21.32 13.46 7.99 0.00 8.67 15.26 25.10 36.28 57.26 91.72 95.58 112.77 145.01 61.16 29.77 30.68 80.52
0.00 0.00 0.00 0.00 0.00 0.00 0.00 0.00 0.00 0.00 0.00 0.00 0.00 0.00 0.00 0.00 0.00 0.00 0.00 0.00 0.00 0.00 0.00 0.00
2.77 3.75 3.00 2.39 1.89 1.40 1.00 0.00 0.00 0.00 0.00 0.00 4.09 9.21 10.55 12.26 14.52 8.05 7.06 10.90 13.80 18.23 14.64 5.10
41.41 41.18 34.90 30.32 27.30 24.08 21.36 18.74 17.15 15.75 8.10 15.02 29.14 30.11 29.19 25.93 22.88 61.09 117.11 185.40 122.49 70.04 40.06 99.10
0.00 0.00 0.00 0.00 0.00 0.00 0.00 0.00 0.00 0.00 0.00 0.00 0.00 0.00 0.00 0.00 0.00 0.00 0.00 0.00 0.00 0.00 0.00 0.00
67.21 61.08 52.13 45.26 40.20 32.79 26.70 21.66 22.36 23.31 24.20 27.42 39.16 61.66 49.69 39.57 30.68 57.50 110.43 199.00 133.73 85.62 51.72 91.42
58.72 62.29 65.84 70.28 74.75 57.67 43.02 31.36 24.94 14.86 5.00 7.17 11.25 17.86 13.08 10.01 8.40 13.68 42.13 119.66 95.18 74.43 56.91 102.70
7.67 18.86 6.62 5.80 5.11 3.74 2.83 2.24 1.64 1.28 1.09 1.35 4.35 5.89 10.55 11.28 12.59 21.80 36.36 57.33 45.09 34.78 26.30 16.26
857.00 857.00 857.00 857.00 786.31 556.45 377.85 244.31 266.06 166.03 100.26 102.88 106.73 111.96 125.44 148.65 183.41 246.16 257.10 257.10 465.33 719.87 501.27 775.00
1058.00 1058.00 958.56 1058.00 896.83 641.26 444.35 296.19 334.58 385.27 442.67 238.91 140.57 144.12 160.93 190.74 235.35 312.47 317.40 317.40 317.40 320.94 466.50 914.79
273.46 265.78 264.77 268.50 279.42 209.41 151.91 106.53 159.92 234.75 333.74 635.67 446.87 526.99 669.06 454.14 437.05 528.94 539.94 539.94 849.16 345.26 219.68 318.36
86.76 50.55 34.60 23.14 15.05 14.10 13.64 13.86 19.65 28.75 41.95 38.09 35.92 71.78 72.15 144.54 159.03 159.03 159.03 159.03 159.03 159.03 156.88 96.38
156.60 132.99 82.17 46.58 23.78 22.90 22.80 23.50 33.96 49.02 110.33 101.01 123.67 105.13 176.90 282.83 252.87 257.58 156.60 156.60 156.60 156.60 156.60 143.21
76.03 22.33 17.81 13.95 10.64 11.03 11.40 11.76 19.53 30.28 44.11 57.71 77.19 78.00 78.00 78.00 78.00 78.00 78.00 78.00 145.89 260.00 208.90 161.26
48.73 24.17 20.48 17.24 14.45 14.83 15.34 15.72 28.32 47.42 74.25 102.76 139.55 171.72 171.72 171.72 171.72 171.72 171.72 171.72 171.72 171.72 100.84 70.11
15.72 13.35 8.25 4.68 2.39 2.30 2.29 2.36 3.41 4.92 12.04 12.03 12.41 10.55 17.76 28.39 29.78 26.21 15.72 15.72 15.72 15.72 15.72 14.38
142.44 42.95 34.25 26.83 20.45 21.21 21.92 22.62 37.57 58.22 84.82 110.97 148.44 150.00 150.00 150.00 150.00 150.00 150.00 150.00 280.44 500.00 401.73 310.11
152.67 86.00 59.41 39.27 24.06 28.98 34.66 41.00 74.34 125.57 198.31 210.30 223.89 238.71 326.40 326.40 326.40 326.40 326.40 326.40 326.40 326.40 504.29 166.06
83.91 48.06 36.02 26.17 18.17 17.81 17.40 17.09 39.08 78.24 139.67 164.24 193.66 228.37 267.06 267.06 267.06 267.06 267.06 267.06 267.06 258.46 146.48 101.86
97.00 97.00 97.00 97.00 97.00 97.00 97.00 57.56 27.73 29.10 29.10 29.10 29.10 29.10 29.10 49.03 68.38 29.10 29.10 29.10 49.35 91.87 97.00 97.00
119.20 119.20 119.20 119.20 119.20 119.20 119.20 70.74 34.08 35.76 35.76 35.76 35.76 35.76 35.76 60.63 84.71 35.76 35.76 35.76 62.41 114.69 119.20 119.20
129.33 128.59 108.99 94.70 85.25 75.20 66.72 58.51 53.56 49.19 25.27 50.81 91.00 93.69 101.48 84.63 61.84 190.77 365.74 579.00 382.54 218.72 125.12 309.49
141.71 81.72 115.43 92.84 43.62 87.28 95.26 42.67 67.49 33.79 53.35 46.06 39.68 62.77 50.80 43.63 40.92 64.14 99.29 148.92 109.62 146.33 177.87 337.01
166.72 165.77 140.50 122.08 109.89 96.94 86.01 75.43 69.05 63.41 32.58 66.35 117.31 120.73 135.37 111.47 77.18 245.92 471.49 746.40 493.13 281.96 161.29 398.97
232.07 230.76 195.58 169.94 152.97 134.94 119.72 105.00 96.12 88.26 45.35 93.61 163.30 167.98 196.88 160.00 103.47 342.33 656.32 1039.00 686.45 392.49 224.52 555.37
64.77 65.99 65.39 64.94 64.50 54.79 46.00 38.25 28.65 21.79 17.17 28.96 54.70 142.44 82.24 72.87 158.97 108.41 165.83 246.32 445.03 317.17 89.55 153.80
16.83 34.73 16.07 14.13 12.75 9.50 6.92 11.82 7.95 16.15 46.30 52.29 56.10 56.10 56.10 56.10 56.10 56.10 41.41 16.83 16.83 16.83 16.83 16.83
