643.30 643.30 643.30 384.61 83.14 0.00 174.74 643.30 577.45 232.19 105.87 155.35 192.99 192.99 192.99 192.99 332.00 284.63 332.94 615.51 643.30 643.30 643.30 554.65
780.20 780.20 780.20 466.45 100.83 0.00 211.93 780.20 718.68 288.32 131.18 188.41 234.06 234.06 234.06 234.06 419.03 342.76 405.43 748.14 780.20 780.20 780.20 672.68
108.80 108.80 107.61 68.36 36.71 44.70 108.80 108.80 108.80 108.80 108.80 61.07 46.17 90.35 42.61 32.64 32.64 47.20 94.93 108.80 38.49 5.91 0.00 2.59
192.50 192.50 190.39 120.96 60.67 79.09 192.50 192.50 192.50 192.50 192.50 108.00 77.30 157.79 73.27 57.75 57.75 83.96 168.46 192.50 68.10 10.46 0.00 4.58
37.50 84.11 37.50 26.53 14.66 25.47 37.57 92.33 37.50 49.31 103.87 119.91 125.00 125.00 125.00 125.00 125.00 90.99 47.40 15.29 2.98 0.00 0.00 0.00
0.00 7.43 14.36 25.46 41.74 61.73 97.75 85.72 34.80 34.80 34.80 34.80 34.80 34.80 34.80 58.96 82.36 34.80 34.80 34.80 60.50 100.21 35.70 10.58
39.75 89.55 39.75 28.12 15.54 27.00 39.83 97.87 39.75 52.32 110.17 127.48 132.50 132.50 132.50 132.50 132.50 96.45 50.25 16.21 3.16 0.00 0.00 0.00
63.15 146.38 63.15 44.68 24.69 42.89 63.23 155.54 63.15 83.57 175.67 207.62 210.50 210.50 210.50 210.50 210.50 153.22 79.85 25.75 5.01 0.00 0.00 0.00
622.97 524.08 623.00 466.07 308.34 235.67 127.27 186.90 186.90 186.90 186.90 460.54 623.00 623.00 623.00 623.00 623.00 547.85 294.15 99.88 21.73 0.00 0.00 0.00
71.16 84.17 39.36 23.85 28.42 48.69 170.00 170.00 96.01 0.00 0.00 0.00 51.00 51.00 51.00 51.00 0.00 95.49 170.00 170.00 170.00 170.00 92.50 107.79
83.72 99.03 46.31 28.06 33.44 57.28 200.00 200.00 112.86 0.00 0.00 0.00 60.00 60.00 60.00 60.00 0.00 112.31 200.00 200.00 200.00 200.00 108.82 126.81
41.40 41.40 41.40 41.40 41.40 18.02 0.00 7.11 17.78 36.94 41.40 41.40 41.40 41.40 41.40 41.40 41.40 41.40 41.40 41.40 41.40 41.40 20.91 16.08
5.82 5.62 4.74 4.14 3.84 2.20 10.20 10.20 10.20 19.12 34.00 33.99 34.00 34.00 19.16 34.00 34.00 19.11 10.20 12.55 6.68 2.54 0.78 1.37
14.45 1.64 0.00 11.99 55.73 18.36 5.60 5.63 26.57 65.28 106.28 144.48 217.60 217.60 217.60 217.60 134.72 104.24 65.28 65.28 65.28 48.22 19.89 9.09
125.01 124.06 98.44 83.41 78.07 52.75 170.65 200.00 147.17 60.00 0.00 60.00 60.00 60.00 60.00 60.00 60.00 60.00 60.00 60.00 70.66 48.81 11.42 23.11
94.50 93.79 74.42 63.05 59.02 39.88 129.01 151.20 111.12 45.36 0.00 45.36 45.36 45.36 45.36 45.36 45.36 45.36 45.36 45.36 53.64 36.97 8.64 17.47
54.69 54.28 43.07 36.49 34.16 23.08 74.66 87.50 64.10 26.25 0.00 26.25 26.25 26.25 26.25 26.25 26.25 26.25 26.25 26.25 31.22 21.45 5.00 10.11
88.44 87.77 69.65 59.01 55.23 37.32 120.73 141.50 103.96 42.45 0.00 42.45 42.45 42.45 42.45 42.45 42.45 42.45 42.45 42.45 50.24 34.61 8.08 16.35
115.63 114.75 91.06 77.15 72.21 48.79 157.85 185.00 136.09 55.50 0.00 55.50 55.50 55.50 55.50 55.50 55.50 55.50 55.50 55.50 65.44 45.18 10.57 21.38
81.57 80.95 64.23 54.42 50.94 34.42 111.35 130.50 95.84 39.15 0.00 39.15 39.15 39.15 39.15 39.15 39.15 39.15 39.15 39.15 46.38 31.93 7.45 15.08
181.88 180.50 143.23 121.35 113.59 76.75 248.29 291.00 214.40 87.30 0.00 87.30 87.30 87.30 87.30 87.30 87.30 87.30 87.30 87.30 102.01 70.76 16.62 33.63
0.00 0.00 0.00 0.00 0.00 0.00 0.00 0.00 0.00 0.00 0.00 0.00 0.00 0.00 0.00 0.00 0.00 0.00 0.00 0.00 0.00 0.00 0.00 0.00
65.51 65.06 63.64 66.08 72.70 50.67 121.50 170.60 123.33 155.83 0.00 0.00 51.18 51.18 51.18 51.18 51.18 51.18 51.18 51.18 95.98 84.37 24.03 32.13
62.98 62.54 61.17 63.52 69.89 48.71 116.80 164.00 119.02 148.85 0.00 0.00 49.20 49.20 49.20 49.20 49.20 49.20 49.20 49.20 92.28 81.10 23.10 30.88
84.56 83.97 82.14 85.29 93.83 65.41 156.82 220.20 155.30 208.93 0.00 0.00 66.06 66.06 66.06 66.06 66.06 66.06 66.06 66.06 123.80 108.89 31.01 41.47
301.63 299.54 293.00 304.26 334.73 233.32 559.41 785.50 486.84 785.09 0.00 0.00 235.65 235.65 235.65 235.65 235.65 235.65 235.65 235.65 440.78 388.45 110.62 147.92
108.48 107.73 105.38 109.42 120.38 83.91 201.19 282.50 194.81 276.23 0.00 0.00 84.75 84.75 84.75 84.75 84.75 84.75 84.75 84.75 158.74 139.70 39.79 53.20
67.44 88.63 21.96 8.75 5.39 1.94 1.97 2.36 0.00 22.54 88.65 96.29 120.00 120.00 120.00 120.00 120.00 120.00 120.00 120.00 120.00 83.56 34.32 33.27
15.26 14.90 11.22 9.82 10.48 7.65 9.45 16.81 29.88 29.88 0.00 31.88 29.88 29.88 31.39 29.88 29.88 29.88 29.88 29.88 23.34 4.04 0.00 0.00
93.82 91.60 68.97 60.37 64.45 47.06 58.10 103.37 183.75 183.75 0.00 234.28 183.76 183.75 210.51 183.75 183.75 183.75 183.75 183.75 168.54 24.87 0.00 0.00
2.79 0.32 0.00 2.31 10.76 3.54 1.08 1.09 5.13 12.60 21.85 31.00 42.00 42.00 42.00 42.00 29.54 21.20 12.60 12.60 12.60 9.31 3.84 1.75
13.77 13.31 11.23 9.81 9.08 5.21 24.15 24.15 24.15 45.20 80.50 80.49 80.50 80.50 45.25 80.50 80.50 45.19 24.15 35.91 15.81 6.02 1.84 3.24
11.98 11.57 9.77 8.53 7.90 4.53 21.00 21.00 21.00 39.31 70.00 69.99 70.00 70.00 39.36 70.00 70.00 39.30 21.00 30.13 13.75 5.23 1.60 2.81
2.22 2.15 1.81 1.58 1.47 0.84 3.90 3.90 3.90 7.33 13.00 12.99 13.00 13.00 7.37 13.00 13.00 7.33 3.90 4.30 2.56 0.97 0.30 0.52
36.17 11.85 5.82 15.20 51.01 60.46 71.94 85.82 185.34 186.24 171.07 83.48 60.00 60.00 0.00 0.00 0.00 0.00 60.00 60.00 60.00 83.60 65.75 50.50
41.73 76.80 332.57 338.60 338.60 338.60 338.60 338.60 338.60 338.60 338.60 338.60 338.60 338.60 338.60 338.60 338.60 0.00 0.00 0.00 338.60 338.60 338.60 317.96
65.36 36.85 37.05 29.51 16.29 31.44 114.23 75.93 141.55 84.30 0.00 0.00 45.00 45.00 45.00 45.00 0.00 45.00 45.00 45.00 45.00 48.65 30.54 41.31
65.36 36.85 37.05 29.51 16.29 31.44 114.23 75.93 141.55 84.30 0.00 0.00 45.00 45.00 45.00 45.00 0.00 45.00 45.00 45.00 45.00 48.65 30.54 41.31
4.36 2.52 1.98 1.52 1.09 1.51 4.53 3.11 7.33 5.73 0.00 0.00 3.00 3.00 3.00 3.00 0.00 3.00 3.00 3.00 3.00 3.27 2.04 2.75
83.72 99.03 46.31 28.06 33.44 57.28 200.00 200.00 112.86 0.00 0.00 0.00 60.00 60.00 60.00 60.00 0.00 112.31 200.00 200.00 200.00 200.00 108.82 126.81
49.23 58.23 27.23 16.50 19.66 33.68 117.60 117.60 66.59 0.00 0.00 0.00 35.28 35.28 35.28 35.28 0.00 66.10 117.60 117.60 117.60 117.60 63.99 74.57
174.20 174.20 172.29 109.46 55.67 71.57 174.20 174.20 174.20 174.20 174.20 97.74 70.73 143.27 66.79 52.26 52.26 75.89 152.35 174.20 61.63 9.46 0.00 4.14
249.50 249.50 246.77 156.77 75.60 102.51 249.50 249.50 249.50 249.50 249.50 139.96 96.96 202.25 92.70 74.85 74.85 109.23 218.77 249.50 88.27 13.55 0.00 5.93
20.80 20.82 15.95 12.64 10.78 5.98 25.44 30.00 30.00 30.00 40.31 30.00 30.00 30.00 30.00 73.62 30.00 30.00 30.00 30.00 16.60 4.98 0.97 2.62
30.57 30.61 23.44 18.57 15.84 8.79 37.40 44.10 44.10 44.10 65.03 44.10 44.10 44.10 44.10 108.35 44.10 44.10 44.10 44.10 24.40 7.32 1.42 3.84
139.80 139.80 139.80 23.58 0.00 0.00 5.14 25.61 12.97 8.69 10.61 30.75 41.94 41.94 41.94 41.94 50.50 111.85 139.80 135.62 103.80 91.59 139.80 126.71
0.00 0.00 0.00 0.00 0.00 0.00 0.00 0.00 0.00 0.00 0.00 0.00 0.00 0.00 0.00 0.00 0.00 0.00 0.00 0.00 0.00 0.00 0.00 0.00
187.33 187.32 187.33 31.56 0.00 0.00 6.89 34.31 17.38 11.64 14.22 41.21 56.20 56.20 56.20 56.20 64.20 146.43 187.33 183.78 138.32 119.08 187.33 169.78
45.90 45.90 45.90 45.90 45.90 19.91 0.00 9.26 22.34 45.90 45.90 45.90 45.90 45.90 45.90 45.90 45.90 45.90 45.90 45.90 45.90 45.90 26.54 21.33
0.00 9.60 18.55 32.88 53.91 79.72 126.24 110.71 44.94 44.94 44.94 44.94 44.94 44.94 44.94 76.67 107.25 44.94 44.94 44.94 80.98 131.99 46.10 13.66
30.89 56.84 246.14 250.60 250.60 250.60 250.60 250.60 250.60 250.60 250.60 250.60 250.60 250.60 250.60 250.60 250.60 0.00 0.00 0.00 250.60 250.60 250.60 235.32
213.14 213.13 154.76 112.89 84.98 123.66 230.00 230.00 230.00 230.00 230.00 230.00 230.00 230.00 230.00 230.00 230.00 230.00 230.00 201.80 77.46 30.65 28.30 48.43
181.61 238.49 129.00 46.95 30.70 84.19 212.79 176.28 71.55 133.82 238.50 238.50 210.16 154.98 150.94 146.49 142.76 86.01 43.53 15.88 1.95 0.00 2.17 3.28
7.60 8.95 9.11 9.57 10.36 10.93 11.59 12.35 26.99 30.00 56.19 100.00 56.25 100.00 56.12 30.00 30.00 30.00 30.00 30.00 30.00 11.85 4.13 1.67
268.00 268.00 268.00 268.00 268.00 268.00 268.00 268.00 268.00 268.00 268.00 268.00 268.00 268.00 268.00 268.00 268.00 268.00 268.00 268.00 268.00 268.00 251.49 194.06
169.78 169.40 163.18 167.70 182.32 184.13 185.20 187.43 161.97 143.12 130.27 69.27 38.73 28.78 37.14 48.14 62.41 111.87 182.38 250.00 192.30 168.12 198.97 144.06
0.00 0.00 0.00 0.00 0.00 0.00 0.00 0.00 0.00 0.00 0.00 0.00 0.00 0.00 0.00 0.00 0.00 0.00 0.00 0.00 0.00 0.00 0.00 0.00
44.84 48.75 22.31 7.88 1.86 0.00 0.00 0.00 7.43 48.75 91.77 162.50 162.50 162.50 162.50 162.50 162.50 162.50 162.50 162.50 162.50 110.25 30.29 16.46
87.24 89.56 70.77 58.60 51.20 44.69 185.40 0.00 0.00 0.00 0.00 160.49 185.40 104.55 130.61 142.89 146.36 185.40 185.40 185.40 185.40 120.02 59.09 79.67
0.00 0.00 0.00 0.00 0.00 0.00 0.00 0.00 0.00 0.00 0.00 0.00 0.00 0.00 0.00 0.00 0.00 0.00 0.00 0.00 0.00 0.00 0.00 0.00
124.46 125.49 27.65 0.00 15.18 192.78 332.60 332.60 332.60 332.60 332.60 332.60 332.60 332.60 332.60 332.60 332.60 332.60 332.60 332.60 332.60 293.34 174.53 172.48
27.10 48.29 39.96 48.27 75.51 53.63 69.34 130.70 176.50 130.37 0.00 0.00 0.00 0.00 0.00 0.00 0.00 0.00 98.98 176.50 176.50 176.50 77.67 102.98
30.03 63.25 16.45 10.42 6.89 6.40 5.98 5.59 0.00 7.75 39.00 56.82 113.69 0.00 130.00 130.00 130.00 130.00 130.00 130.00 130.00 129.92 44.55 27.42
327.34 127.14 38.11 52.00 189.64 237.91 293.18 359.54 841.35 480.72 257.10 257.10 257.10 257.10 0.00 0.00 0.00 0.00 0.00 257.10 465.33 841.64 337.18 248.80
191.36 62.71 28.57 80.40 269.82 319.81 380.57 454.00 980.48 1048.92 1010.31 545.80 317.40 317.40 0.00 0.00 0.00 0.00 317.40 317.40 317.40 387.97 327.09 267.17
275.70 269.16 202.66 177.39 189.38 138.28 170.74 303.74 539.94 539.94 0.00 895.48 539.95 539.94 745.19 539.94 539.94 539.94 539.94 539.94 638.43 73.07 0.00 0.00
159.03 159.03 20.71 7.31 138.52 36.11 0.00 0.00 6.38 63.42 159.03 159.03 159.03 319.85 159.05 179.56 159.03 159.03 159.03 159.03 159.03 137.07 58.79 27.17
34.66 3.94 0.00 28.77 133.69 44.04 13.43 13.51 63.74 156.60 248.36 322.11 522.00 522.00 522.00 522.00 308.11 257.58 156.60 156.60 156.60 115.67 47.71 21.80
164.49 78.00 78.01 39.12 9.04 0.00 5.36 44.72 26.81 25.89 41.53 78.00 78.00 78.00 78.00 78.00 78.00 78.00 78.00 78.00 145.89 260.00 260.00 182.00
171.72 171.72 171.09 65.87 16.92 0.00 9.75 78.31 55.00 69.22 128.52 171.72 171.72 171.72 171.72 171.72 171.72 171.72 171.72 171.72 171.72 171.72 132.75 91.12
3.48 0.40 0.00 2.89 13.42 4.42 1.35 1.36 6.40 15.72 27.11 38.35 52.40 52.40 52.40 52.40 36.28 26.21 15.72 15.72 15.72 11.61 4.79 2.19
308.16 150.01 150.01 75.23 17.39 0.00 10.31 86.00 51.57 49.79 79.87 150.00 150.00 150.00 150.00 150.00 150.00 150.00 150.00 150.00 280.44 500.00 500.00 350.00
326.40 326.40 326.40 326.40 326.40 181.60 10.55 32.64 99.89 298.92 326.40 326.40 326.40 326.40 326.40 326.40 326.40 326.40 326.40 326.40 326.40 326.40 329.97 115.30
267.06 267.06 267.06 267.06 267.06 116.25 0.00 45.87 114.69 238.31 267.06 267.06 267.06 267.06 267.06 267.06 267.06 267.06 267.06 267.06 267.06 267.06 134.91 103.75
0.00 6.22 12.01 21.29 34.91 51.62 81.74 71.67 29.10 29.10 29.10 29.10 29.10 29.10 29.10 49.03 68.38 29.10 29.10 29.10 49.35 82.66 29.85 8.85
0.00 7.64 14.76 26.17 42.90 63.44 100.45 88.09 35.76 35.76 35.76 35.76 35.76 35.76 35.76 60.63 84.71 35.76 35.76 35.76 62.41 103.19 36.68 10.87
272.46 279.70 221.03 182.99 159.90 139.57 579.00 0.00 0.00 0.00 0.00 542.91 579.00 325.32 454.05 466.38 395.58 578.99 579.00 579.00 579.00 374.82 184.54 248.81
218.44 122.89 159.81 120.54 54.43 108.09 403.10 270.16 490.05 281.31 0.00 0.00 150.39 150.39 150.39 150.39 0.00 150.39 150.39 150.39 150.39 162.50 102.08 138.07
351.24 360.57 284.94 235.90 206.13 179.92 746.40 0.00 0.00 0.00 0.00 708.99 746.40 419.18 605.65 614.30 493.67 746.39 746.40 746.40 746.40 483.18 237.90 320.75
488.93 501.91 396.64 328.38 286.94 250.45 1039.00 0.00 0.00 0.00 0.00 1000.33 1039.00 583.24 880.86 881.73 661.83 1038.99 1039.00 1039.00 1039.00 672.60 331.16 446.48
110.88 111.73 105.96 103.37 103.38 67.82 264.60 264.60 264.60 264.60 0.00 0.00 264.60 378.16 264.60 264.60 604.22 264.60 264.60 264.60 651.99 303.57 42.16 56.91
16.83 34.73 16.83 11.91 6.58 11.43 16.89 41.40 16.83 21.97 46.30 52.29 56.10 56.10 56.10 56.10 56.10 40.83 21.26 6.86 1.34 0.00 0.00 0.00
