643.30 643.30 643.30 363.17 169.38 133.29 110.19 96.28 58.47 42.89 45.11 38.09 62.04 99.76 77.78 62.63 92.23 37.25 16.42 0.00 25.81 60.91 119.78 291.65
780.20 780.20 780.20 440.45 205.43 161.66 133.63 116.77 72.77 53.26 55.89 46.20 75.24 120.99 94.34 75.95 116.40 44.86 20.00 0.00 31.30 73.87 145.27 353.72
47.76 46.04 36.38 35.68 39.60 51.43 60.34 70.59 84.13 101.10 108.80 61.07 46.17 90.35 42.61 32.64 32.17 25.96 25.46 11.62 12.36 16.44 24.93 23.64
84.50 81.46 64.36 63.13 65.44 91.00 106.76 124.90 148.86 178.87 192.50 108.00 77.30 157.79 73.27 57.75 56.91 46.18 45.17 20.57 21.86 29.08 44.10 41.83
11.05 25.54 11.94 12.73 13.74 13.61 13.73 34.41 13.57 17.34 35.58 41.05 54.39 80.08 56.75 40.49 30.23 15.79 5.30 0.83 1.46 3.44 7.53 7.99
21.04 22.18 14.24 16.36 29.98 42.81 71.95 85.72 34.80 34.80 34.80 34.80 34.80 34.80 34.80 58.96 82.36 30.11 16.73 8.14 12.71 25.65 34.35 33.11
11.72 27.19 12.65 13.49 14.57 14.43 14.55 36.48 14.39 18.39 37.73 43.64 57.65 84.89 60.15 42.92 32.04 16.74 5.62 0.88 1.55 3.64 7.98 8.47
18.61 44.45 20.10 21.43 23.15 22.93 23.11 57.97 22.86 29.38 60.17 71.07 91.59 134.86 95.56 68.19 50.91 26.60 8.93 1.40 2.46 5.79 12.68 13.45
235.88 192.83 217.44 215.20 220.83 162.56 65.49 65.39 46.01 32.37 23.16 132.86 366.13 623.00 483.79 349.46 258.93 145.10 53.50 9.23 12.85 21.16 68.96 124.37
131.29 114.38 68.24 51.49 58.08 63.01 165.26 170.00 96.01 51.00 51.00 51.00 51.00 51.00 51.00 51.00 51.00 95.49 170.00 170.00 170.00 127.60 94.21 70.54
154.46 134.57 80.28 60.58 68.33 74.13 194.43 200.00 112.86 60.00 60.00 60.00 60.00 60.00 60.00 60.00 60.00 112.31 200.00 200.00 200.00 150.12 110.83 82.99
5.63 3.19 2.62 2.24 2.04 1.85 1.93 2.30 0.00 0.00 0.00 2.03 7.41 18.99 15.83 14.84 15.99 9.29 5.62 4.08 4.62 5.25 6.07 5.91
4.86 3.17 2.25 2.56 4.25 6.41 9.29 10.20 10.20 19.12 34.00 33.99 34.00 34.00 19.16 34.00 34.00 16.67 4.14 1.83 1.40 1.68 2.41 2.06
2.95 5.70 2.70 0.00 0.00 0.00 0.00 3.72 4.46 5.38 10.50 21.29 71.91 159.19 153.98 151.44 93.14 50.40 21.06 13.25 8.55 6.72 7.17 9.54
162.07 127.39 76.93 69.18 101.28 154.04 200.00 200.00 147.17 60.00 60.00 60.00 60.00 60.00 60.00 60.00 60.00 60.00 28.78 10.75 15.07 38.63 65.65 54.35
122.52 96.30 58.16 52.30 76.57 116.46 151.20 151.20 111.12 45.36 45.36 45.36 45.36 45.36 45.36 45.36 45.36 45.36 21.76 8.12 11.44 29.26 49.63 41.09
70.90 55.73 33.66 30.26 44.31 67.39 87.50 87.50 64.10 26.25 26.25 26.25 26.25 26.25 26.25 26.25 26.25 26.25 12.59 4.70 6.66 16.97 28.72 23.78
114.66 90.13 54.43 48.94 71.66 108.98 141.50 141.50 103.96 42.45 42.45 42.45 42.45 42.45 42.45 42.45 42.45 42.45 20.36 7.60 10.72 27.39 46.45 38.45
149.91 117.83 71.16 63.99 93.69 142.49 185.00 185.00 136.09 55.50 55.50 55.50 55.50 55.50 55.50 55.50 55.50 55.50 26.62 9.94 13.96 35.75 60.73 50.27
105.75 83.12 50.20 45.14 66.09 100.51 130.50 130.50 95.84 39.15 39.15 39.15 39.15 39.15 39.15 39.15 39.15 39.15 18.78 7.01 9.90 25.27 42.84 35.46
235.81 185.35 111.93 100.65 147.37 224.13 291.00 291.00 214.40 87.30 87.30 87.30 87.30 87.30 87.30 87.30 87.30 87.30 41.88 15.64 21.76 56.00 95.52 79.08
0.00 0.00 0.00 0.00 0.00 0.00 0.00 0.00 0.00 0.00 0.00 0.00 0.00 0.00 0.00 0.00 0.00 0.00 0.00 0.00 0.00 0.00 0.00 0.00
170.60 144.44 86.80 69.75 86.54 134.67 170.60 170.60 123.33 155.83 103.48 51.18 51.18 51.18 51.18 51.18 51.18 51.18 38.59 17.12 27.56 51.86 66.43 53.32
164.00 138.85 83.44 67.05 83.19 129.46 164.00 164.00 119.02 148.85 99.00 49.20 49.20 49.20 49.20 49.20 49.20 49.20 37.10 16.46 26.50 49.85 63.86 51.26
220.20 186.44 112.03 90.03 111.69 173.83 220.20 220.20 155.30 208.93 137.47 66.06 66.06 66.06 66.06 66.06 66.06 66.06 49.81 22.10 35.55 66.94 85.74 68.82
785.50 665.06 399.65 321.16 398.44 620.07 785.50 785.50 486.84 785.09 509.29 235.65 235.65 235.65 235.65 235.65 235.65 235.65 177.68 78.84 126.57 238.78 305.86 245.49
282.50 239.18 143.73 115.50 143.30 223.00 282.50 282.50 194.81 276.23 180.45 84.75 84.75 84.75 84.75 84.75 84.75 84.75 63.90 28.35 45.58 85.87 110.00 88.29
51.62 58.37 19.69 17.06 36.52 11.72 9.52 8.80 12.56 28.50 88.65 96.29 120.00 120.00 120.00 120.00 120.00 120.00 120.00 120.00 120.00 120.00 120.00 120.00
12.50 10.86 8.40 7.45 7.84 7.01 7.86 10.56 14.20 18.91 24.84 31.88 29.88 29.88 31.39 29.88 29.88 23.21 11.46 4.60 4.66 5.05 6.65 6.09
76.89 66.76 51.64 45.81 48.24 43.11 48.31 64.96 87.31 116.29 152.77 234.28 183.76 183.75 210.51 183.75 183.75 142.75 70.46 28.31 33.64 31.04 40.92 37.43
0.57 1.10 0.52 0.00 0.00 0.00 0.00 0.72 0.86 1.04 2.16 4.57 13.88 30.73 29.72 29.23 20.42 10.25 4.07 2.56 1.65 1.30 1.38 1.84
11.50 7.50 5.32 6.06 10.07 15.17 22.00 24.15 24.15 45.20 80.50 80.49 80.50 80.50 45.25 80.50 80.50 39.41 9.80 5.23 3.30 3.99 5.71 4.87
10.00 6.52 4.63 5.27 8.76 13.19 19.13 21.00 21.00 39.31 70.00 69.99 70.00 70.00 39.36 70.00 70.00 34.27 8.52 4.39 2.87 3.47 4.96 4.23
1.86 1.21 0.86 0.98 1.63 2.45 3.55 3.90 3.90 7.33 13.00 12.99 13.00 13.00 7.37 13.00 13.00 6.39 1.58 0.63 0.53 0.64 0.92 0.79
59.28 41.66 38.41 47.44 67.82 99.86 194.32 200.00 200.00 186.24 171.07 83.48 60.00 60.00 60.00 60.00 60.00 60.00 60.00 36.07 28.93 35.84 74.73 70.86
163.82 338.60 338.60 338.60 338.60 338.60 338.60 338.60 338.60 338.60 338.60 338.60 338.60 338.60 338.60 338.60 338.60 338.60 338.60 338.60 257.04 129.92 53.01 41.65
113.47 51.61 33.15 24.14 19.39 71.94 137.43 75.93 141.55 84.30 150.00 84.20 45.00 45.00 45.00 45.00 45.00 45.00 44.66 22.97 17.50 29.27 57.36 45.07
113.47 51.61 33.15 24.14 19.39 71.94 137.43 75.93 141.55 84.30 150.00 84.20 45.00 45.00 45.00 45.00 45.00 45.00 44.66 22.97 17.50 29.27 57.36 45.07
7.56 3.53 1.77 1.24 1.29 3.46 5.45 3.11 7.33 5.73 10.00 5.66 3.00 3.00 3.00 3.00 3.00 3.00 2.98 1.53 1.17 1.97 3.82 3.00
154.46 134.57 80.28 60.58 68.33 74.13 194.43 200.00 112.86 60.00 60.00 60.00 60.00 60.00 60.00 60.00 60.00 112.31 200.00 200.00 200.00 150.12 110.83 82.99
90.82 79.13 47.20 35.62 40.18 43.59 114.32 117.60 66.59 35.28 35.28 35.28 35.28 35.28 35.28 35.28 35.28 66.10 117.60 117.60 117.60 88.27 65.17 48.80
76.47 73.72 58.24 57.13 60.05 82.35 96.61 113.02 134.71 161.87 174.20 97.74 70.73 143.27 66.79 52.26 51.50 41.74 40.85 18.61 19.78 26.32 39.91 37.85
109.52 105.58 83.42 81.82 81.55 117.95 138.38 161.88 192.93 231.84 249.50 139.96 96.96 202.25 92.70 74.85 73.76 60.07 58.66 26.65 28.34 37.70 57.16 54.21
16.79 11.32 7.03 7.02 11.35 16.27 22.82 30.00 30.00 30.00 40.31 30.00 30.00 30.00 30.00 73.62 30.00 22.75 10.42 3.68 3.74 4.91 7.45 6.48
24.67 16.63 10.33 10.31 16.69 23.92 33.54 44.10 44.10 44.10 65.03 44.10 44.10 44.10 44.10 108.35 44.10 33.45 15.32 5.41 5.49 7.22 10.94 9.53
139.80 139.80 139.80 46.17 34.24 12.21 8.17 6.70 3.91 2.80 2.94 5.73 13.17 27.63 21.64 16.75 15.57 18.18 10.35 3.62 5.75 9.70 25.99 51.10
0.00 0.00 0.00 0.00 0.00 0.00 0.00 0.00 0.00 0.00 0.00 0.00 0.00 0.00 0.00 0.00 0.00 0.00 0.00 0.00 0.00 0.00 0.00 0.00
187.33 187.32 187.33 61.78 47.23 17.39 10.94 8.98 5.24 3.75 3.94 7.67 17.64 37.03 29.00 22.45 19.80 23.80 13.87 4.91 7.66 12.61 34.83 68.48
5.10 2.40 2.08 1.79 1.54 1.56 1.80 2.34 0.00 0.00 0.00 2.82 8.07 18.13 16.87 18.21 22.41 13.19 7.73 4.93 5.95 7.15 8.66 8.93
27.17 28.64 18.39 21.12 38.72 55.29 92.91 110.71 44.94 44.94 44.94 44.94 44.94 44.94 44.94 76.67 107.25 38.89 21.60 10.51 17.01 33.79 44.36 42.75
121.24 250.60 250.60 250.60 250.60 250.60 250.60 250.60 250.60 250.60 250.60 250.60 250.60 250.60 250.60 250.60 250.60 250.60 250.60 250.60 190.24 96.16 39.24 30.83
92.33 157.55 159.79 162.18 165.59 225.53 230.00 230.00 230.00 230.00 230.00 230.00 230.00 230.00 230.00 230.00 230.00 162.64 73.74 26.14 26.82 33.63 47.49 41.85
71.12 82.50 45.32 23.46 23.10 44.49 80.86 61.86 18.01 23.10 26.89 39.29 62.54 100.38 68.99 49.83 40.28 22.13 8.38 1.70 3.13 6.99 14.68 15.44
7.98 6.80 6.21 7.47 10.97 10.12 12.15 17.55 22.45 29.64 56.19 100.00 56.25 100.00 56.12 30.00 30.00 30.00 23.41 12.19 8.69 7.28 18.69 6.83
268.00 268.00 268.00 268.00 268.00 268.00 268.00 268.00 268.00 268.00 268.00 268.00 268.00 268.00 268.00 268.00 268.00 268.00 170.26 81.11 51.96 31.77 18.75 12.45
193.98 247.77 250.00 250.00 250.00 235.38 174.75 128.10 114.66 102.68 91.66 113.81 140.65 171.70 149.66 132.60 118.73 69.45 38.17 20.25 14.47 14.57 20.45 12.83
0.00 0.00 0.00 0.00 0.00 0.00 0.00 0.00 0.00 0.00 0.00 0.00 0.00 0.00 0.00 0.00 0.00 0.00 0.00 0.00 0.00 0.00 0.00 0.00
26.04 21.59 16.36 12.27 9.26 6.15 6.50 10.51 22.22 48.75 91.77 162.50 162.50 162.50 162.50 162.50 162.50 162.50 162.50 162.50 162.50 162.50 96.21 37.22
62.73 28.13 28.33 57.54 132.87 185.40 185.40 185.40 185.40 185.40 104.02 160.49 185.40 104.55 130.61 142.89 146.36 185.40 185.40 144.77 104.23 81.26 72.06 47.69
0.00 0.00 0.00 0.00 0.00 0.00 0.00 0.00 0.00 0.00 0.00 0.00 0.00 0.00 0.00 0.00 0.00 0.00 0.00 0.00 0.00 0.00 0.00 0.00
20.97 13.95 0.00 32.57 146.35 239.80 332.60 332.60 332.60 332.60 332.60 332.60 332.60 332.60 332.60 332.60 332.60 332.60 332.60 282.02 165.41 87.46 40.48 36.02
175.25 153.32 96.43 81.76 103.05 121.50 176.50 176.50 176.50 130.37 52.95 52.95 52.95 52.95 52.95 52.95 52.95 52.95 98.98 176.50 176.50 176.50 176.50 156.88
3.09 7.74 4.46 6.53 9.51 9.02 9.40 10.60 6.89 16.52 39.00 56.82 113.69 73.53 130.00 130.00 130.00 130.00 130.00 114.27 111.05 120.31 130.00 85.84
235.90 168.21 154.38 186.02 272.19 394.67 840.34 857.00 856.99 480.72 257.10 257.10 257.10 257.10 257.10 257.10 257.10 257.10 257.10 181.46 276.04 463.91 491.54 371.87
313.59 220.37 188.54 250.94 358.78 528.24 1027.98 1058.00 1058.00 1048.92 1010.31 545.80 317.40 317.40 317.40 317.40 317.40 317.40 317.40 190.79 153.02 166.34 371.77 374.85
225.94 196.17 151.74 134.60 141.76 126.68 141.95 190.88 256.55 341.71 448.90 895.48 539.95 539.94 745.19 539.94 539.94 419.47 207.06 83.18 127.44 91.20 120.23 109.98
0.00 0.00 0.00 0.00 0.00 0.00 0.00 4.95 4.34 3.85 3.45 12.85 53.34 304.90 130.39 128.70 102.07 72.58 49.49 32.03 20.56 15.79 16.45 24.41
7.08 13.68 6.47 0.00 0.00 0.00 0.00 8.93 10.71 12.90 24.55 47.45 172.51 381.88 369.39 363.29 213.01 124.55 50.53 31.77 20.50 16.13 17.19 22.88
164.49 78.00 66.96 39.63 21.89 16.92 13.61 11.57 6.36 4.12 3.96 9.16 24.07 54.42 42.93 33.75 26.45 9.44 2.14 0.00 0.00 12.71 27.58 59.78
57.61 59.88 44.11 32.27 24.11 18.95 16.21 15.27 7.72 4.29 3.67 14.27 47.94 120.28 99.55 82.21 67.53 33.09 13.66 4.46 6.73 10.33 15.89 28.72
0.71 1.37 0.65 0.00 0.00 0.00 0.00 0.90 1.08 1.29 2.68 5.65 17.32 38.33 37.08 36.47 25.08 12.67 5.07 3.19 2.06 1.62 1.73 2.30
308.16 150.01 128.77 76.22 42.10 32.54 26.17 22.24 12.23 7.92 7.62 17.61 46.29 104.64 82.56 64.90 50.86 18.15 4.12 0.00 0.00 24.45 53.03 114.96
41.87 26.08 21.35 17.89 15.49 13.88 15.67 21.65 7.51 0.00 0.00 20.19 71.17 179.80 130.43 105.25 100.08 64.33 44.86 38.86 40.14 43.67 102.89 43.91
36.34 20.59 16.92 14.47 13.17 11.93 12.44 14.81 0.00 0.00 0.00 13.08 47.81 122.51 102.13 95.75 103.14 59.94 36.25 26.32 29.79 33.86 39.18 38.15
17.60 18.54 11.91 13.68 25.07 35.80 60.16 71.67 29.10 29.10 29.10 29.10 29.10 29.10 29.10 49.03 68.38 25.18 13.99 6.81 10.37 21.16 28.73 27.68
21.62 22.79 14.63 16.81 30.81 44.00 73.93 88.09 35.76 35.76 35.76 35.76 35.76 35.76 35.76 60.63 84.71 30.94 17.19 8.36 13.11 26.41 35.30 34.02
195.92 87.84 88.46 179.70 414.94 579.00 579.00 579.00 579.00 579.00 324.69 542.91 579.00 325.32 454.05 466.38 395.58 578.99 579.00 452.13 325.52 253.77 225.03 148.92
379.22 172.13 142.99 98.63 64.80 247.31 484.95 270.16 490.05 281.31 501.30 281.17 150.39 150.39 150.39 150.39 150.39 150.39 149.24 76.78 58.47 97.76 191.70 150.64
252.56 113.23 114.04 231.66 534.90 746.40 746.40 746.40 746.40 746.40 418.54 708.99 746.40 419.18 605.65 614.30 493.67 746.39 746.40 582.85 419.64 327.14 290.09 191.98
351.56 157.62 158.75 322.47 744.59 1039.00 1039.00 1039.00 1039.00 1039.00 582.57 1000.33 1039.00 583.24 880.86 881.73 661.83 1038.99 1039.00 811.33 584.14 455.38 403.81 267.23
199.25 143.27 94.19 92.24 135.92 209.56 264.60 264.60 264.60 264.60 264.60 264.60 264.60 378.16 264.60 264.60 604.22 264.60 196.23 90.80 176.42 169.01 82.50 66.70
4.96 10.55 5.36 5.71 6.17 6.11 6.17 15.43 6.09 7.72 15.86 17.90 24.41 35.94 25.47 18.17 13.57 7.09 2.38 0.37 0.65 1.54 3.38 3.59
