83.04 36.25 30.77 25.67 21.64 15.67 17.46 27.70 32.52 31.62 28.91 15.57 15.51 15.95 18.65 26.05 68.38 61.27 83.73 195.45 143.47 96.08 60.64 51.44
100.72 43.97 37.32 31.13 26.24 19.01 21.17 33.60 40.47 39.26 35.82 18.88 18.81 19.34 22.62 31.59 86.30 73.79 101.96 237.57 174.00 116.53 73.55 62.39
34.42 40.17 35.18 30.81 24.11 20.51 16.10 13.33 9.20 16.28 40.28 25.97 22.57 50.79 30.82 30.40 32.64 47.20 94.93 108.80 89.37 55.66 31.64 33.34
60.89 71.08 62.24 54.52 39.85 36.29 28.48 23.58 16.27 28.80 71.28 45.94 37.79 88.69 53.01 53.78 57.75 83.96 168.46 192.50 158.13 98.49 55.99 59.00
7.97 20.12 8.72 8.46 8.21 7.64 7.36 18.08 8.46 13.37 34.40 39.13 40.54 40.35 62.24 91.38 125.00 125.00 92.34 37.50 34.51 26.16 19.42 24.32
0.00 0.00 2.52 4.33 6.93 11.56 17.92 19.38 9.21 11.10 13.65 6.89 3.32 1.88 1.79 4.26 10.32 5.64 7.36 9.60 16.03 28.75 29.87 30.98
8.44 21.42 9.24 8.97 8.70 8.10 7.80 19.16 8.97 14.18 36.49 41.60 42.97 42.77 65.97 96.86 132.50 132.50 97.89 39.75 36.58 27.73 20.58 25.78
13.41 35.02 14.68 14.25 13.82 12.86 12.39 30.45 14.25 22.65 58.18 67.75 68.26 67.95 104.80 153.88 210.50 210.50 155.55 63.15 58.11 44.05 32.70 40.96
148.43 154.18 155.82 131.38 110.17 67.81 24.25 22.67 24.86 36.73 62.21 199.84 349.58 444.34 536.90 623.00 623.00 623.00 460.54 186.90 165.92 123.24 168.86 362.27
54.87 52.26 53.82 55.40 57.08 48.52 41.40 35.11 8.32 3.39 6.53 11.14 32.39 51.00 51.00 51.00 51.00 95.49 170.00 170.00 170.00 114.60 66.07 55.09
64.55 61.49 63.31 65.18 67.16 57.08 48.70 41.30 9.78 3.99 7.68 13.10 38.10 60.00 60.00 60.00 60.00 112.31 200.00 200.00 200.00 134.83 77.73 64.81
5.40 4.70 2.81 1.52 0.00 0.00 0.00 0.00 0.00 1.23 1.99 1.44 1.00 0.00 2.07 4.69 8.93 11.41 14.50 18.25 11.68 7.00 3.86 3.42
2.89 3.10 2.91 2.73 2.58 1.38 0.84 0.76 0.32 0.43 1.42 3.36 7.23 13.90 13.90 34.00 34.00 19.11 10.20 12.55 9.11 4.83 2.24 2.16
4.31 2.95 3.11 3.93 5.47 6.10 6.81 7.59 10.89 15.06 32.86 22.62 14.54 5.17 14.52 32.81 39.18 35.08 25.64 30.47 23.74 18.63 14.96 14.15
59.62 62.92 67.43 71.95 76.68 55.44 42.64 36.37 11.77 3.12 4.60 4.42 5.52 8.20 22.09 46.54 60.00 60.00 60.00 60.00 77.69 88.43 49.95 49.64
45.07 47.57 50.97 54.39 57.97 41.91 32.23 27.50 8.89 2.36 3.48 3.34 4.17 6.20 16.70 35.18 45.36 45.36 45.36 45.36 58.98 66.98 37.76 37.52
26.08 27.53 29.50 31.48 33.55 24.25 18.65 15.91 5.13 1.36 2.01 1.93 2.41 3.59 9.67 20.36 26.25 26.25 26.25 26.25 34.33 38.86 21.85 21.72
42.18 44.52 47.70 50.90 54.25 39.22 30.16 25.73 8.32 2.20 3.26 3.13 3.90 5.80 15.63 32.93 42.45 42.45 42.45 42.45 55.24 62.71 35.34 35.12
55.14 58.20 62.37 66.55 70.93 51.28 39.44 33.64 10.89 2.88 4.26 4.09 5.10 7.58 20.43 43.05 55.50 55.50 55.50 55.50 71.96 81.85 46.21 45.91
38.90 41.06 44.00 46.95 50.03 36.17 27.82 23.73 7.67 2.03 3.00 2.89 3.60 5.35 14.41 30.37 39.15 39.15 39.15 39.15 51.00 57.86 32.59 32.39
86.74 91.55 98.11 104.68 111.56 80.66 62.03 52.92 17.15 4.53 6.70 6.43 8.03 11.93 32.14 67.72 87.30 87.30 87.30 87.30 112.16 128.20 72.68 72.22
0.00 0.00 0.00 0.00 0.00 0.00 0.00 0.00 0.00 0.00 0.00 0.00 0.00 0.00 0.00 0.00 0.00 0.00 0.00 0.00 0.00 0.00 0.00 0.00
55.26 57.17 60.61 64.14 67.82 48.13 37.82 35.57 12.34 7.23 3.00 0.00 1.49 4.18 14.77 36.49 51.18 51.18 51.18 51.18 88.01 91.30 47.12 45.74
53.12 54.96 58.26 61.66 65.20 46.27 36.36 34.19 11.91 6.91 2.87 0.00 1.43 4.02 14.20 35.08 49.20 49.20 49.20 49.20 84.62 87.76 45.30 43.97
71.32 73.79 78.23 82.79 87.54 62.13 48.82 45.91 15.54 9.70 3.98 0.00 1.92 5.39 19.07 47.10 66.06 66.06 66.06 66.06 113.52 117.84 60.82 59.04
254.42 263.23 279.06 295.34 312.27 221.62 174.15 163.78 48.73 36.45 14.75 0.00 6.84 19.24 68.03 168.03 235.65 235.65 235.65 235.65 404.19 420.36 216.95 210.60
91.50 94.67 100.36 106.22 112.31 79.71 62.63 58.90 19.50 12.82 5.22 0.00 2.46 6.92 24.47 60.43 84.75 84.75 84.75 84.75 145.56 151.18 78.02 75.74
10.69 14.96 6.29 7.26 21.23 5.32 2.79 1.22 1.41 2.52 12.28 13.53 38.29 96.16 78.87 103.18 120.00 120.00 120.00 120.00 98.56 62.18 36.40 33.90
5.40 5.26 5.87 6.57 7.29 6.40 5.89 5.79 4.06 4.15 6.07 5.01 3.59 2.69 4.76 9.08 17.58 20.35 23.49 27.12 19.68 11.99 7.21 6.97
33.19 32.35 36.08 40.40 44.84 39.34 36.23 35.62 24.96 25.51 37.31 36.85 22.09 16.52 31.91 55.84 108.12 125.14 144.45 166.76 142.12 73.73 44.31 42.87
0.83 0.57 0.60 0.76 1.05 1.18 1.32 1.47 2.10 2.91 6.76 4.85 2.81 1.00 2.80 6.33 8.59 7.14 4.95 5.88 4.58 3.59 2.89 2.73
6.84 7.35 6.88 6.46 6.11 3.28 1.99 1.79 0.75 1.02 3.36 7.96 17.12 32.91 32.82 80.50 80.50 45.19 24.15 35.91 21.56 11.45 5.30 5.11
5.95 6.39 5.98 5.62 5.31 2.85 1.73 1.56 0.65 0.89 2.92 6.92 14.89 28.62 28.54 70.00 70.00 39.30 21.00 30.13 18.75 9.95 4.61 4.44
1.10 1.19 1.11 1.04 0.99 0.53 0.32 0.29 0.12 0.17 0.54 1.28 2.77 5.31 5.34 13.00 13.00 7.33 3.90 4.30 3.48 1.85 0.86 0.82
8.84 10.99 13.90 18.15 22.83 23.30 29.52 42.95 33.80 26.79 23.57 4.76 0.00 0.00 0.00 3.51 11.57 13.88 16.44 19.38 15.67 17.80 30.41 37.82
108.42 85.45 11.05 0.00 10.77 43.49 137.64 329.96 338.60 338.60 338.60 338.60 338.60 338.60 338.60 338.60 338.60 338.60 319.62 257.06 161.04 103.79 75.65 48.25
45.61 26.04 28.50 24.10 13.72 21.56 23.00 13.99 10.50 1.73 0.00 0.00 2.33 9.15 20.66 42.26 45.00 45.00 45.00 45.00 40.61 43.81 39.81 38.07
45.61 26.04 28.50 24.10 13.72 21.56 23.00 13.99 10.50 1.73 0.00 0.00 2.33 9.15 20.66 42.26 45.00 45.00 45.00 45.00 40.61 43.81 39.81 38.07
3.04 1.78 1.52 1.24 0.91 1.04 0.91 0.57 0.54 0.12 0.00 0.00 0.16 0.61 1.38 2.82 3.00 3.00 3.00 3.00 2.71 2.95 2.65 2.54
64.55 61.49 63.31 65.18 67.16 57.08 48.70 41.30 9.78 3.99 7.68 13.10 38.10 60.00 60.00 60.00 60.00 112.31 200.00 200.00 200.00 134.83 77.73 64.81
37.96 36.15 37.23 38.33 39.49 33.56 28.64 24.29 5.77 2.34 4.51 7.70 22.40 35.28 35.28 35.28 35.28 66.10 117.60 117.60 117.60 79.28 45.70 38.11
55.11 64.32 56.32 49.33 36.56 32.84 25.77 21.34 14.73 26.06 64.50 41.57 34.57 80.53 48.32 48.67 52.26 75.89 152.35 174.20 143.09 89.13 50.66 53.39
78.93 92.12 80.67 70.66 49.66 47.04 36.92 30.57 21.09 37.33 92.38 59.53 47.40 113.69 67.06 69.71 74.85 109.23 218.77 249.50 204.95 127.65 72.56 76.47
8.28 9.02 8.64 8.28 7.99 5.60 4.15 3.43 1.29 1.42 5.31 4.80 6.26 8.37 16.77 72.26 30.00 30.00 30.00 30.00 28.11 15.14 7.00 6.94
12.17 13.26 12.70 12.17 11.75 8.24 6.11 5.05 1.90 2.09 8.57 7.06 9.20 12.31 24.65 106.34 44.10 44.10 44.10 44.10 41.32 22.26 10.29 10.20
15.10 4.21 3.97 2.12 2.86 0.00 0.84 1.90 2.13 2.43 2.83 2.77 2.69 2.65 2.49 3.90 9.02 25.23 41.76 54.65 25.63 12.56 9.33 8.53
0.00 0.00 0.00 0.00 0.00 0.00 0.00 0.00 0.00 0.00 0.00 0.00 0.00 0.00 0.00 0.00 0.00 0.00 0.00 0.00 0.00 0.00 0.00 0.00
20.23 5.64 5.32 2.84 3.95 0.00 1.13 2.54 2.85 3.26 3.79 3.71 3.61 3.55 3.33 5.23 11.47 33.03 55.96 74.05 34.15 16.33 12.51 11.43
4.79 4.82 3.27 2.14 1.33 0.00 0.00 0.00 0.00 1.12 2.01 1.72 1.46 1.25 3.04 6.05 10.55 13.10 16.19 19.81 13.19 8.32 4.99 4.05
0.00 0.00 3.26 5.59 8.94 14.93 23.15 25.04 11.89 14.33 17.63 8.90 4.29 2.42 2.31 5.54 13.44 7.28 9.50 12.40 21.46 37.87 38.57 40.00
80.24 63.24 8.18 0.00 7.97 32.18 101.87 244.21 250.60 250.60 250.60 250.60 250.60 250.60 250.60 250.60 250.60 250.60 236.55 190.25 119.19 76.82 55.99 35.71
128.11 166.24 128.52 97.79 73.86 37.36 15.48 4.66 0.00 44.29 196.32 230.00 230.00 230.00 230.00 230.00 230.00 230.00 230.00 230.00 162.91 90.78 47.03 49.57
45.97 75.78 37.01 16.82 14.34 24.20 39.10 27.34 8.63 16.62 39.69 53.88 74.23 102.07 141.87 194.20 238.50 238.50 176.17 71.55 55.30 37.37 23.83 30.54
6.42 6.50 6.27 6.12 5.97 4.87 4.87 6.02 4.77 4.01 6.89 5.44 0.00 0.00 1.48 4.03 11.90 14.15 16.81 19.97 15.25 11.39 20.12 7.91
35.57 27.10 18.97 78.69 268.00 268.00 268.00 268.00 268.00 268.00 268.00 268.00 268.00 268.00 268.00 268.00 268.00 202.33 144.10 98.31 53.02 43.93 64.62 62.76
83.80 100.79 221.42 250.00 250.00 250.00 250.00 250.00 250.00 250.00 250.00 250.00 250.00 250.00 226.23 143.30 84.78 41.96 17.56 5.70 9.74 24.95 58.74 65.22
0.00 0.00 0.00 0.00 0.00 0.00 0.00 0.00 0.00 0.00 0.00 0.00 0.00 0.00 0.00 0.00 0.00 0.00 0.00 0.00 0.00 0.00 0.00 0.00
7.03 7.28 7.74 8.59 9.96 5.13 2.20 0.00 0.00 2.15 9.42 16.66 39.56 101.96 102.02 148.06 162.50 162.50 162.50 162.50 134.67 85.25 29.86 14.30
56.69 55.50 51.39 48.24 45.87 25.12 17.16 18.87 0.00 0.00 2.90 23.06 102.72 104.55 130.61 142.89 146.36 185.40 185.40 185.40 173.07 100.21 52.27 39.36
0.00 0.00 0.00 0.00 0.00 0.00 0.00 0.00 0.00 0.00 0.00 0.00 0.00 0.00 0.00 0.00 0.00 0.00 0.00 0.00 0.00 0.00 0.00 0.00
83.70 71.04 66.32 62.00 57.68 46.42 37.99 32.44 0.00 0.00 31.64 72.93 170.88 332.60 332.60 332.60 332.60 332.60 332.60 332.60 175.94 77.95 25.61 12.12
54.31 54.24 56.14 58.38 60.65 49.55 41.61 36.82 15.35 3.38 0.00 0.00 3.56 17.24 30.17 52.95 52.95 52.95 98.98 176.50 176.50 110.04 61.58 60.04
3.64 12.00 5.73 7.16 9.36 7.02 5.13 3.65 1.36 0.00 0.00 0.00 0.00 1.50 0.00 6.97 23.03 25.94 32.00 42.16 40.08 38.26 36.80 26.73
31.98 40.33 56.16 75.76 99.94 111.94 141.01 189.72 141.18 63.10 30.08 12.31 0.00 0.00 0.00 12.66 44.09 53.98 65.02 77.77 109.93 153.51 119.76 138.91
46.75 58.16 68.26 96.04 120.75 123.24 156.15 227.22 178.81 150.91 139.19 31.14 0.00 0.00 0.00 18.56 61.19 73.41 86.99 102.50 82.90 82.63 151.30 200.09
97.52 95.05 106.02 118.71 131.77 115.60 106.46 104.66 73.34 74.96 109.63 140.87 64.90 48.55 112.98 164.08 317.70 367.72 424.46 490.00 538.37 216.65 130.21 125.97
10.49 8.16 7.69 7.48 7.61 6.12 4.99 4.14 7.91 13.62 21.59 13.59 8.01 8.80 12.79 31.61 52.05 58.06 65.09 73.61 53.44 39.58 31.19 27.88
10.34 7.07 7.47 9.42 13.11 14.64 16.35 18.21 26.12 36.13 76.80 50.43 34.88 12.41 34.84 78.70 89.60 86.70 61.52 73.09 56.96 44.68 35.89 33.94
37.09 6.17 5.92 5.68 5.47 2.60 1.64 2.01 2.53 3.27 4.28 3.90 3.53 3.19 4.67 8.94 17.41 23.17 31.64 43.46 51.42 53.96 29.01 26.18
34.06 16.66 11.48 7.61 4.99 0.00 0.00 0.00 0.00 5.07 8.18 6.46 5.02 3.80 8.47 19.86 41.88 54.07 68.73 86.98 53.84 30.96 16.05 14.38
1.04 0.71 0.75 0.95 1.32 1.47 1.64 1.83 2.62 3.63 8.38 6.00 3.50 1.25 3.50 7.90 10.55 8.82 6.18 7.34 5.72 4.49 3.60 3.41
69.48 11.86 11.39 10.92 10.53 4.99 3.16 3.86 4.87 6.29 8.23 7.50 6.79 6.13 8.98 17.20 33.48 44.55 60.84 83.58 98.85 103.76 55.80 50.35
70.53 77.07 60.71 47.17 36.83 18.06 7.96 0.00 7.57 13.46 21.96 13.28 7.44 0.00 12.40 29.92 59.37 79.59 105.14 135.88 104.42 79.98 125.91 52.92
34.85 30.30 18.14 9.83 0.00 0.00 0.00 0.00 0.00 7.93 12.87 9.29 6.48 0.00 13.33 30.23 57.59 73.63 93.56 117.72 75.36 45.15 24.89 22.05
0.00 0.00 2.11 3.62 5.79 9.66 14.99 16.21 7.70 9.28 11.42 5.76 2.78 1.57 1.50 3.54 8.57 4.71 6.15 8.03 13.08 23.72 24.98 25.90
0.00 0.00 2.59 4.45 7.12 11.88 18.42 19.92 9.46 11.40 14.03 7.08 3.42 1.93 1.84 4.38 10.61 5.79 7.56 9.87 16.54 29.61 30.69 31.83
177.04 173.34 160.49 150.64 143.25 78.46 53.60 58.93 0.00 0.00 9.04 78.02 320.80 325.32 454.05 466.38 395.58 578.99 579.00 579.00 540.49 312.95 163.25 122.92
152.44 86.86 122.96 98.44 45.84 74.12 81.17 49.78 36.35 5.76 0.00 0.00 7.78 30.57 69.03 141.24 150.39 150.39 150.39 150.39 135.70 146.31 133.06 127.23
228.23 223.46 206.89 194.19 184.67 101.15 69.09 75.97 0.00 0.00 11.65 101.89 413.55 419.18 605.65 614.30 493.67 746.39 746.40 746.40 696.75 403.43 210.45 158.45
317.70 311.05 288.00 270.32 257.06 140.80 96.18 105.76 0.00 0.00 16.22 143.76 575.66 583.24 880.86 881.73 661.83 1038.99 1039.00 1039.00 969.89 561.58 292.95 220.57
82.47 86.71 83.47 81.17 79.47 45.03 31.37 33.47 11.36 0.00 0.00 5.77 26.84 110.12 157.42 264.60 604.22 264.60 264.60 264.60 601.13 337.92 67.76 61.88
3.58 8.31 3.91 3.80 3.68 3.43 3.31 8.11 3.80 5.95 15.34 17.06 18.19 18.11 27.93 41.01 56.10 56.10 41.41 16.83 15.49 11.74 8.71 10.92
