643.30 488.30 464.53 454.32 457.91 484.84 520.36 565.29 365.34 208.55 125.35 49.65 35.09 24.77 37.50 55.02 134.17 116.87 140.52 269.31 234.26 196.15 165.86 128.99
780.20 592.22 563.38 551.01 555.36 588.01 631.09 685.59 454.69 258.97 155.31 60.22 42.56 30.05 45.48 66.73 169.34 140.73 171.11 327.35 284.11 237.89 201.16 156.44
107.70 108.80 108.80 99.01 81.43 71.53 63.05 63.49 54.03 46.92 41.73 36.84 43.05 90.35 40.31 20.07 12.61 10.08 9.61 4.08 0.00 0.00 5.46 7.82
190.55 192.50 192.50 175.18 134.57 126.56 111.56 112.34 95.60 83.01 73.84 65.15 72.08 157.79 69.32 35.51 22.32 17.93 17.05 7.21 0.00 0.00 9.66 13.84
9.43 19.64 10.10 11.76 13.79 14.49 15.88 44.22 16.73 20.67 41.46 73.15 116.87 125.00 125.00 93.86 64.93 42.19 19.08 4.39 0.00 0.00 2.27 2.87
116.00 116.00 116.00 116.00 116.00 97.03 53.37 23.41 6.86 7.23 10.70 13.09 25.09 34.80 34.80 49.82 53.12 16.47 11.80 8.26 6.93 5.82 3.37 0.00
9.99 20.91 10.70 12.47 14.62 15.35 16.83 46.88 17.74 21.93 43.97 77.77 123.88 132.50 132.50 99.50 68.83 44.72 20.22 4.66 0.00 0.00 2.41 3.04
15.87 34.19 17.01 19.81 23.22 24.39 26.72 74.50 28.18 35.03 70.11 126.66 196.81 210.50 210.50 158.07 109.35 71.05 32.14 7.40 0.00 0.00 3.83 4.83
241.38 200.40 245.23 258.64 280.21 198.33 83.96 95.08 85.46 77.10 69.96 271.09 560.10 623.00 585.34 399.26 260.81 163.68 71.12 15.68 0.00 0.00 16.65 42.11
170.00 170.00 170.00 170.00 170.00 170.00 170.00 131.58 55.28 24.45 23.96 15.45 23.82 51.00 29.88 15.50 8.86 14.25 24.27 26.21 32.74 43.54 59.55 53.06
200.00 200.00 200.00 200.00 200.00 200.00 200.00 154.80 64.98 28.76 28.19 18.18 28.03 60.00 35.15 18.24 10.43 16.77 28.55 30.84 38.52 51.22 70.06 62.42
27.39 21.27 17.01 13.39 10.40 9.68 9.17 8.90 12.96 18.43 25.54 19.72 14.97 11.16 5.93 2.66 0.89 1.22 1.95 3.25 3.64 4.30 5.26 4.66
10.20 10.20 10.20 10.20 10.20 7.36 5.42 4.39 4.36 8.88 18.55 19.52 21.56 24.61 9.75 12.31 9.24 2.98 0.90 0.69 0.00 0.00 0.62 0.86
63.19 39.36 27.02 17.57 10.83 4.67 1.52 0.00 0.00 1.49 8.97 21.65 56.47 93.45 56.17 39.63 24.09 18.33 11.59 12.11 5.83 2.67 1.50 1.67
200.00 200.00 200.00 200.00 200.00 200.00 180.15 160.27 101.06 40.22 45.31 51.75 60.00 60.00 52.40 38.10 28.91 16.28 8.63 4.69 0.00 0.00 6.77 10.58
151.20 151.20 151.20 151.20 151.20 151.20 136.20 121.16 76.31 30.40 34.25 39.12 45.36 45.36 39.62 28.80 21.85 12.31 6.53 3.55 0.00 0.00 5.12 7.99
87.50 87.50 87.50 87.50 87.50 87.50 78.82 70.12 44.01 17.60 19.82 22.64 26.25 26.25 22.93 16.67 12.65 7.12 3.78 2.05 0.00 0.00 2.96 4.63
141.50 141.50 141.50 141.50 141.50 141.50 127.46 113.39 71.39 28.45 32.06 36.61 42.45 42.45 37.07 26.95 20.45 11.52 6.11 3.32 0.00 0.00 4.79 7.48
185.00 185.00 185.00 185.00 185.00 185.00 166.64 148.25 93.45 37.20 41.91 47.87 55.50 55.50 48.47 35.24 26.74 15.06 7.99 4.34 0.00 0.00 6.26 9.78
130.50 130.50 130.50 130.50 130.50 130.50 117.55 104.58 65.81 26.24 29.57 33.77 39.15 39.15 34.19 24.86 18.86 10.62 5.63 3.06 0.00 0.00 4.42 6.90
291.00 291.00 291.00 291.00 291.00 291.00 262.12 233.19 147.22 58.52 65.93 75.29 87.30 87.30 76.25 55.43 42.06 23.69 12.56 6.83 0.00 0.00 9.85 15.39
0.00 0.00 0.00 0.00 0.00 0.00 0.00 0.00 0.00 0.00 0.00 0.00 0.00 0.00 0.00 0.00 0.00 0.00 0.00 0.00 0.00 0.00 0.00 0.00
170.60 170.60 170.60 170.60 170.60 170.60 170.60 170.60 109.02 122.50 83.02 44.40 51.18 51.18 48.02 36.50 29.18 16.62 9.19 5.48 4.19 4.49 7.03 8.81
164.00 164.00 164.00 164.00 164.00 164.00 164.00 164.00 105.21 117.01 79.42 42.68 49.20 49.20 46.16 35.09 28.05 15.98 8.83 5.27 4.03 4.32 6.76 8.47
220.20 220.20 220.20 220.20 220.20 220.20 220.20 220.20 137.28 164.24 110.29 57.30 66.06 66.06 61.98 47.11 37.66 21.45 11.86 7.08 5.40 5.80 9.08 11.37
785.50 785.50 785.50 785.50 785.50 785.50 785.50 785.50 430.36 617.18 408.59 204.41 235.65 235.65 221.10 168.07 134.34 76.53 42.31 25.25 19.23 20.70 32.38 40.55
282.50 282.50 282.50 282.50 282.50 282.50 282.50 282.50 172.21 217.15 144.77 73.51 84.75 84.75 79.52 60.44 48.32 27.52 15.22 9.08 6.93 7.44 11.64 14.59
67.44 88.63 36.00 36.00 84.17 36.00 36.00 24.70 24.35 24.41 61.14 20.14 13.13 31.65 5.19 4.34 26.89 26.45 26.35 26.35 27.39 28.66 30.49 27.94
29.88 29.88 29.88 29.88 23.63 17.12 12.71 9.97 10.43 13.02 18.36 24.11 29.88 29.88 31.39 23.40 17.95 10.41 5.55 2.77 0.69 0.00 0.63 0.77
183.75 183.75 183.75 183.75 145.34 105.30 78.18 61.34 64.14 80.09 112.91 177.23 183.76 183.75 210.51 143.93 110.41 64.03 34.13 17.05 4.99 0.00 3.89 4.73
12.20 7.60 5.22 3.39 2.09 0.90 0.29 0.00 0.00 0.29 1.84 4.65 10.90 18.04 10.84 7.65 5.28 3.73 2.24 2.34 1.12 0.52 0.29 0.32
24.15 24.15 24.15 24.15 24.15 17.43 12.84 10.39 10.31 21.00 43.92 46.22 51.05 58.26 23.03 29.15 21.89 7.06 2.12 1.98 0.00 0.00 1.46 2.03
21.00 21.00 21.00 21.00 21.00 15.15 11.16 9.04 8.97 18.26 38.19 40.19 44.39 50.66 20.03 25.35 19.03 6.14 1.84 1.66 0.00 0.00 1.27 1.77
3.90 3.90 3.90 3.90 3.90 2.81 2.07 1.68 1.67 3.41 7.09 7.46 8.24 9.41 3.75 4.71 3.53 1.14 0.34 0.24 0.00 0.00 0.24 0.33
200.00 200.00 195.26 200.00 200.00 200.00 200.00 200.00 200.00 186.24 171.07 83.48 60.00 60.00 60.00 60.00 58.70 33.06 17.45 9.03 9.86 15.45 36.21 18.55
118.27 64.10 45.84 34.66 28.35 0.00 0.00 34.98 65.91 125.42 222.59 181.34 146.52 118.63 55.59 26.22 18.79 15.27 12.43 9.80 13.82 26.71 52.70 64.70
150.00 84.36 92.76 78.82 45.00 106.15 107.04 45.38 78.69 49.18 102.04 57.26 34.78 44.11 33.32 25.84 21.06 11.74 6.47 4.06 2.04 3.16 9.13 11.71
150.00 84.36 92.76 78.82 45.00 106.15 107.04 45.38 78.69 49.18 102.04 57.26 34.78 44.11 33.32 25.84 21.06 11.74 6.47 4.06 2.04 3.16 9.13 11.71
10.00 5.76 4.96 4.05 3.00 5.11 4.24 1.86 4.07 3.34 6.80 3.85 2.32 2.94 2.22 1.72 1.40 0.78 0.43 0.27 0.14 0.21 0.61 0.78
200.00 200.00 200.00 200.00 200.00 200.00 200.00 154.80 64.98 28.76 28.19 18.18 28.03 60.00 35.15 18.24 10.43 16.77 28.55 30.84 38.52 51.22 70.06 62.42
117.60 117.60 117.60 117.60 117.60 117.60 117.60 91.02 38.34 16.91 16.58 10.69 16.48 35.28 20.67 10.72 6.13 9.87 16.79 18.13 22.65 30.12 41.19 36.70
172.44 174.20 174.20 158.53 123.48 114.53 100.95 101.66 86.51 75.12 66.82 58.96 65.95 143.27 63.19 32.14 20.20 16.20 15.42 6.53 0.00 0.00 8.74 12.53
246.98 249.50 249.50 227.05 167.70 164.04 144.59 145.60 123.91 107.59 95.70 84.42 90.41 202.25 87.70 46.03 28.93 23.32 22.14 9.35 0.00 0.00 12.52 17.94
30.00 30.00 30.00 30.00 30.00 24.62 18.06 14.58 14.45 15.71 25.09 21.00 24.35 28.66 19.89 33.93 10.08 5.52 2.82 1.42 0.00 0.00 1.11 1.63
44.10 44.10 44.10 44.10 44.10 36.19 26.54 21.43 21.24 23.09 40.47 30.87 35.79 42.13 29.24 49.93 14.81 8.12 4.14 2.09 0.00 0.00 1.63 2.40
139.80 139.80 136.18 66.30 82.52 32.93 24.33 21.94 17.51 15.66 16.16 12.97 10.50 8.61 11.59 15.36 24.20 54.47 69.80 69.92 43.61 31.49 39.85 30.38
0.00 0.00 0.00 0.00 0.00 0.00 0.00 0.00 0.00 0.00 0.00 0.00 0.00 0.00 0.00 0.00 0.00 0.00 0.00 0.00 0.00 0.00 0.00 0.00
187.33 187.32 182.48 88.72 113.83 46.92 32.60 29.39 23.46 20.99 21.66 17.38 14.07 11.54 15.53 20.59 30.76 71.31 93.52 94.75 58.11 40.94 53.40 40.70
21.98 14.05 13.14 12.33 11.57 14.05 17.15 20.95 23.95 27.44 31.52 23.25 16.59 11.33 6.70 3.54 1.59 2.41 3.99 6.63 6.73 7.13 7.85 6.54
149.80 149.80 149.80 149.80 149.80 125.30 68.92 30.24 8.86 9.34 13.82 16.90 32.40 44.94 44.94 64.79 69.17 21.27 15.24 10.67 9.27 7.66 4.35 0.00
87.53 47.44 33.93 25.65 20.98 0.00 0.00 25.89 48.78 92.83 164.74 134.21 108.44 87.80 41.14 19.41 13.91 11.30 9.20 7.26 10.23 19.77 39.01 47.88
128.15 133.01 125.07 120.23 117.75 111.06 113.80 125.06 122.01 119.98 119.15 129.22 140.67 153.52 101.00 63.05 37.43 18.91 7.86 0.00 0.00 5.59 32.44 35.98
44.00 55.38 37.89 23.98 28.40 54.49 101.68 81.90 28.08 43.91 64.86 114.82 188.76 238.50 222.09 164.29 117.89 79.13 37.54 9.28 0.00 0.00 4.40 5.98
30.00 30.00 30.00 30.00 30.00 26.15 20.73 18.45 19.78 22.97 52.98 89.17 56.25 100.00 56.12 29.29 24.91 13.57 6.86 3.46 2.11 1.40 2.90 0.00
91.07 78.00 40.51 20.41 12.76 0.00 8.28 47.82 72.15 113.15 176.21 114.05 74.07 50.47 29.22 17.52 12.94 8.35 5.80 0.00 14.44 37.87 81.73 91.43
90.03 103.61 107.51 115.80 128.04 110.29 98.80 93.36 63.43 42.38 27.99 16.17 8.87 4.92 0.00 0.00 0.00 0.00 0.00 8.07 19.04 37.59 64.94 66.81
0.00 0.00 0.00 0.00 0.00 0.00 0.00 0.00 0.00 0.00 0.00 0.00 0.00 0.00 0.00 0.00 0.00 0.00 0.00 0.00 0.00 0.00 0.00 0.00
48.75 48.75 48.75 48.75 48.75 48.75 48.75 27.01 26.42 27.02 54.53 25.69 19.13 66.31 22.94 15.62 35.55 34.47 34.21 34.58 37.39 40.30 25.64 11.79
185.40 185.40 185.40 185.40 185.40 158.88 108.83 79.22 66.16 68.39 48.56 59.73 71.12 52.97 40.03 25.14 14.29 16.64 18.72 24.88 27.69 41.72 70.99 67.36
0.00 0.00 0.00 0.00 0.00 0.00 0.00 0.00 0.00 0.00 0.00 0.00 0.00 0.00 0.00 0.00 0.00 0.00 0.00 0.00 0.00 0.00 0.00 0.00
332.60 332.60 332.60 222.77 122.50 73.57 39.54 18.42 6.90 9.93 31.12 45.58 91.82 187.95 91.73 49.01 41.76 47.09 54.04 62.77 64.90 72.88 86.65 86.93
176.50 176.50 176.50 176.50 176.50 176.50 176.50 176.50 176.50 130.37 52.80 42.92 49.88 52.95 52.95 42.43 33.09 20.52 24.61 32.61 29.20 31.38 39.62 27.14
39.00 95.96 39.00 39.00 39.00 39.00 39.00 37.43 34.64 34.06 35.84 33.75 60.11 51.11 28.19 8.53 10.82 11.46 13.17 16.07 21.86 29.24 38.57 18.89
857.00 857.00 857.00 857.00 857.00 857.00 857.00 857.00 856.99 480.72 257.10 257.10 257.10 257.10 257.10 257.10 257.10 148.51 75.65 37.00 81.45 181.52 225.71 107.86
1058.00 1058.00 958.56 1058.00 1058.00 1058.00 1058.00 1058.00 1058.00 1048.92 1010.31 545.80 317.40 317.40 317.40 317.40 310.50 174.91 92.30 47.74 52.18 71.70 180.13 98.14
539.94 539.94 539.94 539.94 427.06 309.42 229.73 180.23 188.46 235.34 331.77 677.42 539.95 539.94 745.19 422.92 324.44 188.14 100.29 50.09 18.89 0.00 11.43 13.89
159.03 146.98 91.11 51.69 25.55 12.79 5.46 0.00 0.00 5.50 13.03 22.72 36.97 114.48 26.63 12.77 5.60 4.48 4.67 6.40 0.00 0.00 0.00 0.00
151.57 94.43 64.82 42.14 25.98 11.20 3.65 0.00 0.00 3.57 20.96 48.27 135.47 224.17 134.75 95.06 55.10 45.31 27.81 29.04 13.98 6.40 3.60 4.00
164.49 78.00 78.01 57.65 41.44 36.12 32.00 29.07 27.21 28.03 31.42 26.57 23.13 20.89 23.42 26.16 29.19 28.76 28.75 29.02 49.32 80.33 74.25 54.55
171.72 171.72 139.01 86.49 50.58 40.92 33.83 29.28 27.36 28.59 33.07 26.55 21.72 18.59 15.05 11.94 9.31 9.46 10.60 13.01 18.38 25.59 34.98 26.42
15.22 9.48 6.51 4.23 2.61 1.12 0.37 0.00 0.00 0.36 2.29 5.75 13.60 22.50 13.53 9.54 6.49 4.61 2.79 2.92 1.40 0.64 0.36 0.40
308.16 150.01 150.01 110.87 79.70 69.45 61.53 55.91 52.33 53.91 60.42 51.10 44.48 40.18 45.03 50.31 56.14 55.30 55.30 55.80 94.81 154.49 142.79 104.90
309.62 277.42 205.62 147.49 101.61 79.98 63.12 50.39 84.07 133.02 201.24 158.58 122.89 92.98 36.89 9.46 0.00 0.00 0.00 0.00 9.37 22.14 96.19 40.87
176.70 137.23 109.73 86.37 67.08 62.44 59.17 57.42 83.58 118.89 164.75 127.22 96.54 72.02 38.27 17.19 5.71 7.85 12.56 20.95 23.50 27.75 33.91 30.06
97.00 97.00 97.00 97.00 97.00 81.14 44.63 19.58 5.74 6.05 8.95 10.95 20.98 29.10 29.10 41.43 44.10 13.77 9.87 6.91 5.65 4.80 2.82 0.00
119.20 119.20 119.20 119.20 119.20 99.70 54.84 24.06 7.05 7.43 11.00 13.45 25.78 35.76 35.76 51.24 54.64 16.92 12.12 8.49 7.14 5.99 3.46 0.00
579.00 579.00 579.00 579.00 579.00 496.17 339.86 247.41 206.63 213.59 151.57 202.07 222.10 164.82 139.15 82.07 38.62 51.96 58.47 77.70 86.49 130.30 221.71 210.36
501.30 281.35 400.13 321.97 150.39 364.92 377.71 161.45 272.42 164.12 341.02 191.23 116.22 147.42 111.36 86.36 70.39 39.24 21.63 13.57 6.83 10.56 30.52 39.14
746.40 746.40 746.39 746.40 746.40 639.62 438.13 318.94 266.37 275.34 195.39 263.89 286.32 212.37 185.61 108.10 48.20 66.98 75.37 100.17 111.50 167.98 285.81 271.18
1039.00 1039.00 1038.99 1039.00 1039.00 890.37 609.88 443.97 370.79 383.28 271.96 372.33 398.56 295.49 269.96 155.15 64.62 93.23 104.92 139.43 155.20 233.82 397.85 377.48
264.60 264.60 264.60 264.60 264.60 264.60 246.54 211.11 183.11 170.02 171.51 165.62 179.50 306.10 157.95 119.22 217.72 54.35 31.25 21.21 22.14 18.75 15.70 21.74
4.23 8.11 4.53 5.28 6.19 6.50 7.14 19.83 7.51 9.21 18.48 31.90 52.45 56.10 56.10 42.13 29.14 18.93 8.56 1.97 0.00 0.00 1.02 1.29
