187.42 171.35 201.07 234.44 270.69 308.21 355.73 416.37 470.31 440.59 349.46 192.99 187.77 186.22 173.56 164.08 272.09 247.29 310.58 615.51 439.79 280.58 164.98 153.99
227.31 207.82 243.86 284.33 328.29 373.80 431.43 504.97 585.33 547.10 433.01 234.06 227.73 225.85 210.49 199.00 343.40 297.79 378.20 748.14 533.38 340.29 200.09 186.76
72.51 57.33 52.65 48.56 40.48 37.51 31.47 26.60 37.29 53.57 76.87 61.07 46.17 90.35 42.61 32.64 32.64 47.20 94.93 108.80 108.80 103.41 70.54 86.01
128.29 101.43 93.16 85.92 66.90 66.37 55.67 47.07 65.97 94.78 136.01 108.00 77.30 157.79 73.27 57.75 57.75 83.96 168.46 192.50 192.50 182.97 124.81 152.18
26.48 46.00 18.62 17.00 15.73 13.51 11.51 23.98 9.38 11.94 24.51 32.34 44.23 62.33 86.41 116.44 125.00 125.00 92.34 37.50 33.01 25.76 20.28 19.47
93.20 79.24 78.47 79.21 81.49 65.85 52.61 30.79 20.76 32.10 34.80 34.80 34.80 34.80 34.80 58.96 82.36 34.80 34.80 34.80 60.50 111.37 98.68 97.23
28.07 48.98 19.74 18.02 16.67 14.32 12.20 25.42 9.94 12.67 26.00 34.38 46.89 66.07 91.59 123.43 132.50 132.50 97.89 39.75 34.99 27.30 21.49 20.64
44.59 80.06 31.36 28.62 26.48 22.75 19.37 40.40 15.80 20.24 41.46 55.99 74.49 104.96 145.51 196.08 210.50 210.50 155.55 63.15 55.59 43.38 34.15 32.79
377.31 274.24 294.40 269.30 248.88 156.24 54.30 46.83 54.54 66.80 84.53 268.45 477.17 623.00 623.00 623.00 623.00 623.00 460.54 186.90 186.90 142.14 182.32 327.91
47.25 49.82 49.29 49.15 49.09 45.02 41.66 38.84 26.78 18.23 23.93 51.00 51.00 51.00 51.00 51.00 51.00 95.49 170.00 170.00 170.00 170.00 162.31 142.71
55.58 58.61 57.98 57.83 57.75 52.97 49.01 45.70 31.48 21.45 28.16 60.00 60.00 60.00 60.00 60.00 60.00 112.31 200.00 200.00 200.00 200.00 190.95 167.90
2.96 2.29 2.88 3.60 4.40 4.65 4.93 5.22 8.32 12.63 18.48 22.33 27.21 33.30 35.01 38.48 41.40 36.67 30.42 24.94 14.11 7.30 3.56 2.81
3.22 2.99 2.51 2.08 1.71 1.55 1.39 1.25 1.86 5.53 15.66 27.44 34.00 34.00 19.16 34.00 34.00 19.11 10.20 12.55 8.81 6.40 4.52 4.40
19.90 18.26 18.00 17.86 17.89 15.05 12.55 10.38 16.61 24.80 57.53 79.62 148.47 207.50 217.60 217.60 134.72 104.24 65.28 65.28 56.74 34.61 19.40 13.10
84.72 67.17 66.68 66.10 65.90 58.47 52.10 46.48 57.39 37.72 57.99 60.00 60.00 60.00 60.00 60.00 60.00 60.00 60.00 60.00 84.70 172.48 170.29 171.95
64.05 50.78 50.41 49.97 49.82 44.20 39.39 35.14 43.33 28.52 43.84 45.36 45.36 45.36 45.36 45.36 45.36 45.36 45.36 45.36 64.30 130.65 128.74 129.99
37.07 29.39 29.17 28.92 28.83 25.58 22.80 20.33 24.99 16.50 25.37 26.25 26.25 26.25 26.25 26.25 26.25 26.25 26.25 26.25 37.43 75.79 74.50 75.23
59.94 47.53 47.17 46.77 46.63 41.37 36.86 32.88 40.54 26.69 41.03 42.45 42.45 42.45 42.45 42.45 42.45 42.45 42.45 42.45 60.23 122.31 120.48 121.65
78.37 62.14 61.68 61.14 60.96 54.09 48.20 42.99 53.07 34.90 53.64 55.50 55.50 55.50 55.50 55.50 55.50 55.50 55.50 55.50 78.45 159.64 157.52 159.05
55.28 43.83 43.51 43.13 43.00 38.15 34.00 30.33 37.37 24.62 37.84 39.15 39.15 39.15 39.15 39.15 39.15 39.15 39.15 39.15 55.60 112.85 111.11 112.19
123.27 97.74 97.01 96.17 95.89 85.08 75.81 67.62 83.61 54.89 84.38 87.30 87.30 87.30 87.30 87.30 87.30 87.30 87.30 87.30 122.29 250.05 247.77 250.18
0.00 0.00 0.00 0.00 0.00 0.00 0.00 0.00 0.00 0.00 0.00 0.00 0.00 0.00 0.00 0.00 0.00 0.00 0.00 0.00 0.00 0.00 0.00 0.00
73.61 62.87 61.10 59.48 57.65 50.66 44.49 39.45 51.97 111.41 103.48 51.18 51.18 51.18 51.18 51.18 51.18 51.18 51.18 51.18 95.98 170.60 170.60 170.60
70.77 60.44 58.73 57.18 55.42 48.70 42.77 37.92 50.16 106.41 99.00 49.20 49.20 49.20 49.20 49.20 49.20 49.20 49.20 49.20 92.28 164.00 164.00 164.00
95.02 81.15 78.86 76.78 74.41 65.39 57.42 50.92 65.45 149.37 137.47 66.06 66.06 66.06 66.06 66.06 66.06 66.06 66.06 66.06 123.80 220.20 220.20 220.20
338.95 289.50 281.30 273.88 265.45 233.25 204.83 181.63 205.17 561.27 509.29 235.65 235.65 235.65 235.65 235.65 235.65 235.65 235.65 235.65 440.78 785.50 785.50 785.50
121.90 104.12 101.17 98.50 95.47 83.89 73.67 65.32 82.10 197.48 180.45 84.75 84.75 84.75 84.75 84.75 84.75 84.75 84.75 84.75 158.74 282.50 282.50 282.50
9.87 14.67 7.37 9.14 26.54 10.35 9.52 8.95 9.70 11.89 38.90 70.49 120.00 120.00 120.00 120.00 120.00 120.00 93.46 45.33 70.07 104.40 120.00 101.83
10.69 7.95 7.35 6.80 6.31 5.66 5.14 4.73 6.75 9.45 13.06 27.13 29.88 29.88 31.39 29.88 29.88 29.88 29.88 29.88 31.77 22.54 13.87 13.24
65.75 48.87 45.20 41.85 38.81 34.83 31.62 29.07 41.51 58.12 80.34 199.41 183.76 183.75 210.51 183.75 183.75 183.75 183.75 183.75 229.39 138.61 85.30 81.42
3.84 3.53 3.47 3.45 3.45 2.91 2.42 2.00 3.21 4.79 11.83 17.09 28.66 40.05 42.00 42.00 29.54 21.20 12.60 12.60 10.95 6.68 3.74 2.53
7.61 7.07 5.94 4.92 4.06 3.68 3.29 2.96 4.40 13.08 37.08 64.98 80.50 80.50 45.25 80.50 80.50 45.19 24.15 35.91 20.86 15.15 10.69 10.42
6.62 6.15 5.16 4.28 3.53 3.20 2.86 2.58 3.82 11.37 32.24 56.50 70.00 70.00 39.36 70.00 70.00 39.30 21.00 30.13 18.14 13.17 9.30 9.06
1.23 1.14 0.96 0.79 0.66 0.59 0.53 0.48 0.71 2.12 5.99 10.49 13.00 13.00 7.37 13.00 13.00 7.33 3.90 4.30 3.37 2.45 1.73 1.68
63.39 62.33 64.00 69.55 74.05 63.85 55.13 48.03 84.24 126.28 171.07 83.48 60.00 60.00 60.00 60.00 60.00 60.00 60.00 60.00 55.02 57.39 85.90 109.10
182.29 198.26 176.76 157.15 140.09 159.32 182.27 208.80 326.69 338.60 338.60 338.60 338.60 338.60 338.60 338.60 338.60 338.60 338.60 338.60 338.60 338.60 338.56 338.60
52.56 27.82 28.30 22.14 11.56 24.73 29.04 14.69 44.93 42.48 115.32 84.20 45.00 45.00 45.00 45.00 45.00 45.00 45.00 45.00 45.00 77.09 123.65 110.31
52.56 27.82 28.30 22.14 11.56 24.73 29.04 14.69 44.93 42.48 115.32 84.20 45.00 45.00 45.00 45.00 45.00 45.00 45.00 45.00 45.00 77.09 123.65 110.31
3.50 1.90 1.51 1.14 0.77 1.19 1.15 0.60 2.33 2.89 7.69 5.66 3.00 3.00 3.00 3.00 3.00 3.00 3.00 3.00 3.00 5.18 8.24 7.35
55.58 58.61 57.98 57.83 57.75 52.97 49.01 45.70 31.48 21.45 28.16 60.00 60.00 60.00 60.00 60.00 60.00 112.31 200.00 200.00 200.00 200.00 190.95 167.90
32.68 34.46 34.09 34.00 33.96 31.14 28.82 26.87 18.57 12.61 16.56 35.28 35.28 35.28 35.28 35.28 35.28 66.10 117.60 117.60 117.60 117.60 112.28 98.73
116.09 91.79 84.30 77.76 61.38 60.06 50.38 42.59 59.70 85.77 123.08 97.74 70.73 143.27 66.79 52.26 52.26 75.89 152.35 174.20 174.20 165.57 112.95 137.71
166.27 131.47 120.74 111.37 83.36 86.03 72.16 61.01 85.50 122.84 176.28 139.96 96.96 202.25 92.70 74.85 74.85 109.23 218.77 249.50 249.50 237.14 161.77 197.24
9.51 8.36 7.87 7.42 6.99 6.42 5.95 5.53 8.00 11.97 23.94 28.69 30.00 30.00 30.00 73.62 30.00 30.00 30.00 30.00 30.00 20.63 13.31 13.50
13.98 12.29 11.57 10.91 10.27 9.44 8.74 8.12 11.76 17.59 38.62 42.18 44.10 44.10 44.10 108.35 44.10 44.10 44.10 44.10 44.10 30.33 19.57 19.84
41.52 44.25 45.23 26.25 38.13 18.97 17.62 20.04 27.39 36.47 41.94 41.94 41.94 41.94 41.94 41.94 50.50 106.20 125.77 117.58 57.03 29.37 23.25 21.19
0.00 0.00 0.00 0.00 0.00 0.00 0.00 0.00 0.00 0.00 0.00 0.00 0.00 0.00 0.00 0.00 0.00 0.00 0.00 0.00 0.00 0.00 0.00 0.00
55.64 59.30 60.60 35.13 52.60 27.03 23.61 26.85 36.70 48.87 56.20 56.20 56.20 56.20 56.20 56.20 64.20 139.03 168.53 159.33 76.00 38.18 31.15 28.39
2.86 1.94 3.37 5.42 8.25 8.23 8.24 8.31 11.00 14.35 18.59 22.77 27.69 33.37 37.39 42.70 45.90 41.70 34.81 28.75 18.61 11.36 6.46 4.69
120.35 102.33 101.33 102.30 105.24 85.03 67.94 39.77 26.81 41.45 44.94 44.94 44.94 44.94 44.94 76.67 107.25 44.94 44.94 44.94 80.98 146.70 127.44 125.56
134.91 146.73 130.82 116.31 103.68 117.91 134.90 154.53 241.79 250.60 250.60 250.60 250.60 250.60 250.60 250.60 250.60 250.60 250.60 250.60 250.60 250.60 250.57 250.60
156.27 137.53 116.60 97.59 81.25 73.41 66.56 60.69 81.04 113.32 159.17 214.37 230.00 230.00 230.00 230.00 230.00 230.00 230.00 230.00 230.00 216.45 146.84 165.72
115.79 131.87 68.65 33.42 30.91 47.32 66.93 39.40 13.57 21.37 32.11 32.17 34.69 39.81 65.24 100.56 146.53 157.26 124.68 54.37 46.49 40.12 35.02 31.77
8.99 8.07 7.77 7.48 7.29 6.69 6.20 5.80 7.85 10.40 25.40 88.77 56.25 100.00 56.12 30.00 30.00 30.00 30.00 30.00 23.80 18.35 34.23 12.89
268.00 268.00 268.00 268.00 268.00 268.00 268.00 268.00 268.00 268.00 268.00 268.00 268.00 268.00 268.00 268.00 268.00 268.00 268.00 268.00 268.00 268.00 268.00 268.00
250.00 250.00 250.00 250.00 225.72 210.79 197.43 185.72 201.48 220.50 241.17 250.00 250.00 250.00 250.00 250.00 250.00 250.00 250.00 244.01 187.60 142.38 106.79 108.59
0.00 0.00 0.00 0.00 0.00 0.00 0.00 0.00 0.00 0.00 0.00 0.00 0.00 0.00 0.00 0.00 0.00 0.00 0.00 0.00 0.00 0.00 0.00 0.00
5.70 5.70 7.23 9.06 11.26 9.74 8.45 7.28 6.24 6.38 14.74 70.02 151.20 162.50 162.50 162.50 162.50 162.50 112.71 53.90 60.06 68.77 47.32 19.83
62.47 61.68 54.51 48.06 42.50 38.65 35.36 32.55 36.77 46.07 34.36 128.90 185.40 104.55 130.61 142.89 146.36 185.40 185.40 185.40 157.46 133.16 113.54 98.41
0.00 0.00 0.00 0.00 0.00 0.00 0.00 0.00 0.00 0.00 0.00 0.00 0.00 0.00 0.00 0.00 0.00 0.00 0.00 0.00 0.00 0.00 0.00 0.00
81.87 74.00 69.42 67.68 69.15 59.41 51.67 45.38 38.74 34.99 33.89 142.17 332.60 332.60 332.60 332.60 332.60 332.60 332.60 201.91 173.88 151.59 134.33 118.22
57.93 58.85 61.49 63.90 66.56 60.45 55.30 51.28 81.07 91.36 52.95 52.95 52.95 52.95 52.95 52.95 52.95 52.95 98.98 176.50 176.50 176.50 176.50 176.50
4.91 10.73 4.94 6.06 7.79 6.62 5.59 4.73 4.01 3.94 4.53 15.11 62.03 73.53 130.00 130.00 130.00 130.00 111.41 60.17 73.42 88.72 105.72 54.37
269.70 268.30 278.47 289.70 304.88 267.53 235.65 209.14 363.20 327.52 257.10 257.10 257.10 257.10 257.10 257.10 257.10 257.10 257.10 257.10 450.91 669.22 553.14 608.43
335.31 329.72 314.19 367.90 391.74 337.76 291.63 254.10 445.64 711.23 1010.31 545.80 317.40 317.40 317.40 317.40 317.40 317.40 317.40 317.40 291.04 266.33 427.38 577.12
193.19 143.61 132.81 122.97 114.04 102.33 92.93 85.41 121.97 170.77 236.07 762.22 539.95 539.94 745.19 539.94 539.94 539.94 539.94 539.94 868.95 407.30 250.65 239.25
26.79 23.28 27.57 32.78 38.72 30.46 23.32 17.62 28.82 44.33 64.27 60.76 75.02 223.09 142.22 179.56 159.03 159.03 159.03 159.03 106.16 48.72 17.09 11.61
47.73 43.81 43.18 42.86 42.90 36.11 30.11 24.90 39.85 59.48 134.43 177.51 356.17 497.77 522.00 522.00 308.11 257.58 156.60 156.60 136.11 83.03 46.53 31.43
58.97 28.05 27.32 26.89 26.36 30.90 36.30 43.03 54.72 68.66 78.00 78.00 78.00 78.00 78.00 78.00 78.00 78.00 72.71 67.43 69.33 58.94 22.28 18.37
27.63 24.83 26.05 27.45 28.92 28.43 28.04 27.77 46.33 72.62 107.70 119.58 150.21 171.72 171.72 171.72 171.72 171.72 171.72 164.65 79.96 31.13 8.28 7.22
4.79 4.40 4.34 4.30 4.31 3.62 3.02 2.50 4.00 5.97 14.67 21.13 35.75 49.97 52.40 52.40 36.28 26.21 15.72 15.72 13.66 8.33 4.67 3.16
110.47 53.95 52.54 51.71 50.70 59.41 69.81 82.74 105.23 132.03 150.00 150.00 150.00 150.00 150.00 150.00 150.00 150.00 139.82 129.68 133.28 113.34 42.84 35.32
50.04 42.90 44.08 45.90 48.56 50.05 52.27 54.60 87.97 134.20 194.82 229.86 272.14 323.78 316.76 325.09 326.40 295.49 250.56 209.51 110.54 52.05 48.56 20.60
19.06 14.75 18.59 23.23 28.36 30.01 31.79 33.68 53.66 81.50 119.22 144.02 175.49 214.81 225.87 248.22 267.06 236.54 196.25 160.88 91.01 47.06 22.97 18.13
77.93 66.26 65.62 66.24 68.14 55.06 44.00 25.74 17.36 26.84 29.10 29.10 29.10 29.10 29.10 49.03 68.38 29.10 29.10 29.10 49.35 91.87 82.52 81.31
95.77 81.42 80.63 81.40 83.74 67.66 54.07 31.64 21.33 32.98 35.76 35.76 35.76 35.76 35.76 60.63 84.71 35.76 35.76 35.76 62.41 114.69 101.41 99.91
195.10 192.61 170.23 150.10 132.71 120.72 110.43 101.66 114.83 143.86 107.25 436.06 579.00 325.32 454.05 466.38 395.58 578.99 579.00 579.00 491.74 415.85 354.58 307.34
175.65 92.77 122.07 90.44 38.64 85.01 102.49 52.25 155.54 141.76 385.42 281.17 150.39 150.39 150.39 150.39 150.39 150.39 150.39 150.39 150.39 257.46 413.26 368.65
251.50 248.30 219.45 193.49 171.08 155.62 142.35 131.05 148.03 185.45 138.25 569.46 746.40 419.18 605.65 614.30 493.67 746.39 746.40 746.40 633.91 536.08 457.10 396.20
350.09 345.64 305.48 269.34 238.15 216.62 198.16 182.42 206.05 258.15 192.44 803.47 1039.00 583.24 880.86 881.73 661.83 1038.99 1039.00 1039.00 882.42 746.23 636.29 551.52
85.34 81.72 69.27 58.62 49.13 43.13 37.92 33.54 54.10 89.76 144.98 250.34 264.60 378.16 264.60 264.60 604.22 264.60 264.60 255.60 542.16 467.80 163.91 152.64
11.89 18.99 8.36 7.63 7.06 6.06 5.18 10.75 4.21 5.32 10.93 14.10 19.85 27.97 38.78 52.26 56.10 56.10 41.41 16.83 14.82 11.56 9.10 8.74
