634.47 643.30 635.63 614.49 601.40 461.24 347.56 258.17 375.01 431.37 349.46 192.99 192.99 192.99 192.99 192.99 332.00 284.63 332.94 615.51 643.30 643.30 643.30 643.30
769.49 780.20 770.90 745.26 729.38 559.40 421.53 313.12 466.73 535.65 433.01 234.06 234.06 234.06 234.06 234.06 419.03 342.76 405.43 748.14 780.20 780.20 780.20 780.20
0.00 0.00 0.00 0.00 2.07 3.49 5.76 9.51 11.36 13.32 15.67 7.89 5.39 9.56 2.72 1.25 0.84 3.56 17.63 41.69 40.91 40.09 39.42 41.97
0.00 0.00 0.00 0.00 3.42 6.18 10.20 16.82 20.09 23.57 27.73 13.95 9.02 16.70 4.67 2.22 1.48 6.33 31.28 73.76 72.38 70.94 69.74 74.26
0.00 0.00 0.00 0.00 0.00 0.00 0.00 0.00 0.00 0.00 0.00 2.84 6.39 13.86 6.03 0.00 0.00 0.00 0.00 2.00 2.88 4.16 5.93 8.11
81.84 115.27 114.01 113.03 112.99 106.45 99.78 69.09 27.54 28.82 32.01 27.14 23.03 19.63 10.75 9.77 8.52 6.40 10.64 16.73 27.57 48.38 48.05 90.85
0.00 0.00 0.00 0.00 0.00 0.00 0.00 0.00 0.00 0.00 0.00 3.02 6.77 14.69 6.40 0.00 0.00 0.00 0.00 2.12 3.06 4.41 6.28 8.59
0.00 0.00 0.00 0.00 0.00 0.00 0.00 0.00 0.00 0.00 0.00 4.92 10.76 23.34 10.16 0.00 0.00 0.00 0.00 3.37 4.85 7.00 9.98 13.65
0.00 0.00 0.00 0.00 0.00 0.00 0.00 0.00 0.00 0.00 7.57 27.06 55.50 84.71 39.09 13.93 0.00 0.00 20.72 21.94 27.58 34.49 82.13 182.27
36.57 32.02 33.86 36.27 39.51 44.79 50.93 57.89 31.20 16.64 17.40 14.05 11.33 9.18 10.08 15.28 26.20 50.67 115.65 167.68 120.31 82.73 54.07 57.29
43.02 37.67 39.83 42.67 46.49 52.70 59.92 68.11 36.67 19.58 20.47 16.53 13.33 10.80 11.86 17.98 30.82 59.60 136.06 197.27 141.54 97.33 63.61 67.40
27.01 24.24 18.00 12.97 8.95 8.23 7.55 6.90 17.70 36.21 41.40 41.40 41.40 41.40 41.40 41.40 41.40 41.40 41.40 41.40 41.40 41.40 41.40 39.44
0.75 0.84 0.65 0.60 0.68 0.65 0.74 0.99 0.79 1.18 1.70 1.83 1.96 2.11 1.27 2.44 2.62 2.35 2.58 6.37 4.45 3.78 3.18 3.27
50.78 50.97 37.13 25.82 17.28 12.37 8.61 5.61 7.78 12.28 32.19 56.33 107.17 133.17 113.10 110.12 76.19 76.35 60.76 65.28 65.28 65.28 65.28 65.28
15.01 13.27 13.77 17.87 26.18 30.67 37.27 46.57 29.71 10.63 9.47 8.45 7.61 6.97 6.45 6.07 5.82 6.55 12.02 24.59 33.30 64.82 72.19 89.30
11.35 10.03 10.41 13.51 19.79 23.19 28.18 35.21 22.44 8.03 7.16 6.39 5.76 5.27 4.88 4.59 4.40 4.96 9.09 18.59 25.28 49.10 54.57 67.51
6.57 5.81 6.02 7.82 11.45 13.42 16.31 20.38 12.94 4.65 4.14 3.70 3.33 3.05 2.82 2.65 2.54 2.87 5.26 10.76 14.71 28.48 31.58 39.07
10.62 9.39 9.74 12.64 18.52 21.70 26.37 32.95 20.99 7.52 6.70 5.98 5.39 4.93 4.56 4.29 4.11 4.64 8.51 17.40 23.68 45.96 51.07 63.18
13.88 12.28 12.73 16.53 24.22 28.37 34.47 43.08 27.48 9.83 8.76 7.82 7.04 6.45 5.97 5.61 5.38 6.06 11.12 22.74 30.84 59.99 66.77 82.60
9.79 8.66 8.98 11.66 17.08 20.01 24.32 30.39 19.35 6.93 6.18 5.52 4.97 4.55 4.21 3.96 3.79 4.28 7.85 16.04 21.86 42.41 47.10 58.27
21.84 19.31 20.03 26.00 38.09 44.63 54.23 67.76 43.29 15.46 13.78 12.30 11.08 10.15 9.39 8.83 8.46 9.54 17.50 35.78 48.08 93.97 105.03 129.93
0.00 0.00 0.00 0.00 0.00 0.00 0.00 0.00 0.00 0.00 0.00 0.00 0.00 0.00 0.00 0.00 0.00 0.00 0.00 0.00 0.00 0.00 0.00 0.00
24.86 24.82 24.64 28.27 36.15 36.57 39.17 43.46 33.17 45.56 33.71 13.92 11.45 9.46 7.22 5.57 4.42 5.60 10.15 19.72 36.44 64.52 65.26 80.03
23.90 23.86 23.69 27.17 34.75 35.16 37.65 41.78 32.01 43.51 32.25 13.38 11.00 9.09 6.94 5.35 4.25 5.38 9.76 18.95 35.03 62.02 62.74 76.93
32.09 32.04 31.81 36.48 46.66 47.20 50.55 56.10 41.77 61.08 44.78 17.96 14.77 12.21 9.31 7.19 5.71 7.22 13.10 25.45 47.00 83.28 84.24 103.29
114.48 114.30 113.46 130.15 166.46 168.38 180.33 200.11 130.93 229.52 165.91 64.07 52.70 43.56 33.23 25.64 20.37 25.77 46.74 90.78 167.33 297.08 300.50 368.46
41.17 41.11 40.81 46.81 59.87 60.56 64.85 71.97 52.39 80.75 58.78 23.04 18.95 15.67 11.95 9.22 7.33 9.27 16.81 32.65 60.26 106.84 108.07 132.52
17.65 22.90 9.06 8.85 20.31 7.07 5.65 4.45 5.60 7.30 23.88 29.01 43.78 56.36 65.63 80.56 101.09 77.84 59.45 45.64 42.70 40.05 37.85 36.93
1.53 1.29 2.01 3.63 6.48 5.67 4.99 4.48 6.54 9.34 13.07 11.94 9.55 8.07 4.56 2.05 0.83 1.75 4.47 10.10 10.62 9.98 10.06 10.03
9.40 7.96 12.37 22.35 39.85 34.89 30.71 27.54 40.20 57.41 80.39 87.79 58.74 49.64 30.58 12.58 5.08 10.74 27.49 62.11 76.69 61.37 61.88 61.68
9.80 9.84 7.17 4.98 3.34 2.39 1.66 1.08 1.50 2.37 6.62 12.09 20.69 25.70 21.83 21.25 16.71 15.53 11.73 12.60 12.60 12.60 12.60 12.60
1.77 2.00 1.54 1.41 1.61 1.53 1.76 2.34 1.86 2.78 4.03 4.32 4.63 5.00 2.99 5.77 6.20 5.55 6.11 18.23 10.53 8.94 7.53 7.74
1.54 1.74 1.34 1.23 1.40 1.33 1.53 2.03 1.62 2.42 3.50 3.76 4.03 4.35 2.60 5.02 5.39 4.83 5.31 15.30 9.16 7.78 6.55 6.73
0.29 0.32 0.25 0.23 0.26 0.25 0.28 0.38 0.30 0.45 0.65 0.70 0.75 0.81 0.49 0.93 1.00 0.90 0.99 2.18 1.70 1.44 1.22 1.25
161.51 193.21 182.69 184.40 183.83 180.17 177.23 176.35 186.86 186.24 171.07 83.48 60.00 60.00 27.32 9.56 1.96 1.29 2.51 6.68 8.40 15.81 45.34 102.44
57.87 60.78 62.44 65.84 70.40 57.49 47.61 39.94 54.67 73.83 97.72 141.62 198.69 270.66 334.38 338.60 338.60 338.60 338.60 338.60 338.60 338.60 249.36 286.91
28.06 15.83 16.00 13.91 8.93 19.89 26.35 16.14 31.90 21.19 43.63 18.30 7.05 4.92 3.41 2.51 2.10 4.95 11.48 23.39 21.70 37.73 63.32 70.66
28.06 15.83 16.00 13.91 8.93 19.89 26.35 16.14 31.90 21.19 43.63 18.30 7.05 4.92 3.41 2.51 2.10 4.95 11.48 23.39 21.70 37.73 63.32 70.66
1.87 1.08 0.86 0.71 0.60 0.96 1.04 0.66 1.65 1.44 2.91 1.23 0.47 0.33 0.23 0.17 0.14 0.33 0.77 1.56 1.45 2.54 4.22 4.71
43.02 37.67 39.83 42.67 46.49 52.70 59.92 68.11 36.67 19.58 20.47 16.53 13.33 10.80 11.86 17.98 30.82 59.60 136.06 197.27 141.54 97.33 63.61 67.40
25.29 22.15 23.42 25.09 27.33 30.99 35.23 40.05 21.64 11.51 12.04 9.72 7.84 6.35 6.97 10.57 18.12 35.08 80.01 115.99 83.23 57.23 37.40 39.63
0.00 0.00 0.00 0.00 3.14 5.60 9.23 15.22 18.18 21.33 25.09 12.63 8.25 15.16 4.26 2.01 1.34 5.73 28.29 66.75 65.50 64.20 63.11 67.20
0.00 0.00 0.00 0.00 4.26 8.01 13.21 21.80 26.04 30.55 35.94 18.08 11.31 21.41 5.91 2.87 1.92 8.24 40.62 95.60 93.81 91.95 90.40 96.26
1.10 0.94 0.86 1.19 2.06 2.71 3.72 5.25 3.93 2.89 2.79 1.93 1.81 1.73 1.93 5.37 2.52 3.25 6.41 13.32 11.98 10.78 9.63 10.12
1.62 1.38 1.27 1.75 3.02 3.98 5.47 7.72 5.78 4.25 4.50 2.84 2.65 2.55 2.84 7.91 3.70 4.77 9.42 19.57 17.61 15.85 14.15 14.87
98.44 98.22 84.93 41.52 50.76 18.40 12.17 9.55 17.95 30.63 41.94 41.94 41.94 41.94 41.94 41.94 50.50 111.85 139.80 135.62 103.80 91.59 139.80 139.80
0.00 0.00 0.00 0.00 0.00 0.00 0.00 0.00 0.00 0.00 0.00 0.00 0.00 0.00 0.00 0.00 0.00 0.00 0.00 0.00 0.00 0.00 0.00 0.00
131.91 131.62 113.80 55.57 70.03 26.22 16.31 12.79 24.05 41.04 56.20 56.20 56.20 56.20 56.20 56.20 64.20 146.43 187.33 183.78 138.32 119.08 187.33 187.33
38.99 35.51 28.90 23.38 18.64 17.43 16.27 15.21 28.94 45.90 45.90 45.90 45.90 45.90 45.90 45.90 45.90 45.90 45.90 45.90 45.90 45.90 45.90 45.90
105.69 148.85 147.23 145.97 145.91 137.46 128.85 89.23 35.57 37.22 41.33 35.05 29.74 25.35 13.88 12.71 11.10 8.26 13.74 21.60 36.90 63.73 62.05 117.32
42.83 44.98 46.21 48.73 52.11 42.55 35.23 29.56 40.46 54.64 72.32 104.81 147.05 200.31 247.48 250.60 250.60 250.60 250.60 250.60 250.60 250.60 184.55 212.34
0.00 0.00 0.00 0.00 0.00 0.00 7.25 13.59 16.73 20.45 24.81 32.89 45.98 65.07 51.89 41.18 32.50 54.93 88.25 135.26 113.92 96.38 82.81 96.77
0.00 0.00 0.00 0.00 0.00 0.00 0.00 0.00 0.00 0.00 0.00 5.19 11.68 28.24 16.04 8.48 0.00 0.00 0.00 2.48 3.45 5.04 7.41 11.46
8.33 8.70 8.51 8.82 9.67 9.03 8.55 8.19 11.11 15.08 38.26 74.77 48.45 100.00 28.31 6.21 2.06 1.72 2.69 5.51 6.51 8.00 24.63 10.99
44.65 46.69 48.78 50.52 52.30 44.91 41.88 42.77 64.79 97.13 141.73 211.69 268.00 268.00 268.00 268.00 268.00 268.00 268.00 268.00 268.00 268.00 244.22 268.00
29.15 28.98 34.16 42.95 55.89 49.02 44.41 41.58 63.19 92.76 131.47 180.89 242.35 250.00 250.00 250.00 250.00 250.00 250.00 250.00 221.00 120.22 69.06 70.44
0.00 0.00 0.00 0.00 0.00 0.00 0.00 0.00 0.00 0.00 0.00 0.00 0.00 0.00 0.00 0.00 0.00 0.00 0.00 0.00 0.00 0.00 0.00 0.00
11.20 10.29 9.66 9.11 8.54 7.22 6.09 5.15 6.86 9.67 25.89 54.24 65.81 80.28 75.04 72.41 72.61 63.94 57.40 52.59 49.24 46.09 25.67 12.31
27.94 31.09 29.32 27.24 25.46 19.38 15.50 13.49 12.32 12.13 7.25 9.99 11.57 7.31 13.13 21.55 33.32 70.36 122.53 185.40 142.91 93.73 57.84 63.70
0.00 0.00 0.00 0.00 0.00 0.00 0.00 0.00 0.00 0.00 0.00 0.00 0.00 0.00 0.00 0.00 0.00 0.00 0.00 0.00 0.00 0.00 0.00 0.00
26.69 34.34 36.91 39.88 43.50 34.64 26.92 20.38 21.41 23.32 26.33 41.62 61.80 87.91 139.53 211.97 308.52 292.99 303.59 332.60 219.95 133.34 76.25 81.38
57.39 57.04 72.19 93.99 123.11 130.89 141.63 154.91 134.36 90.24 35.43 24.34 15.92 9.63 5.46 5.47 9.72 12.00 27.45 59.11 61.25 66.47 75.04 88.61
18.48 48.62 19.05 18.47 17.97 15.34 12.99 10.99 13.21 15.87 19.15 33.05 78.70 60.45 76.25 57.02 46.81 34.09 24.14 16.51 22.96 30.85 40.44 39.34
741.78 857.00 855.33 833.48 819.74 795.36 777.11 764.94 776.30 467.29 257.10 253.76 232.58 218.82 95.52 30.42 0.00 0.00 9.99 28.63 66.69 171.10 254.07 476.81
854.41 1022.06 896.86 975.47 972.46 953.09 937.57 932.88 988.49 1048.92 1010.31 545.80 317.40 317.40 144.50 50.57 10.37 6.85 13.27 35.36 44.43 73.39 225.56 541.93
27.62 23.39 36.36 65.66 117.11 102.53 90.25 80.93 118.14 168.69 236.22 335.55 172.61 145.87 108.27 36.97 14.93 31.57 80.77 182.50 290.52 180.34 181.83 181.24
92.71 84.62 65.17 49.29 35.94 25.17 16.84 10.50 20.30 40.50 75.92 84.40 93.67 209.91 103.65 129.62 140.13 159.03 159.03 159.03 159.03 159.03 159.03 159.03
121.83 122.27 89.08 61.95 41.45 29.68 20.64 13.47 18.66 29.46 75.23 125.59 257.10 319.46 271.32 264.16 174.24 188.66 145.75 156.60 156.60 156.60 156.60 156.60
114.70 50.43 41.62 34.23 27.99 22.46 17.72 13.81 35.28 72.67 78.00 78.00 78.00 78.00 78.00 78.00 78.00 78.00 78.00 78.00 145.89 260.00 260.00 260.00
79.55 66.19 51.92 40.64 31.81 26.41 21.46 17.36 54.00 124.86 171.72 171.72 171.72 171.72 171.72 171.72 171.72 171.72 171.72 171.72 171.72 171.72 171.72 171.72
12.23 12.27 8.94 6.22 4.16 2.98 2.07 1.35 1.87 2.96 8.21 14.95 25.81 32.07 27.24 26.52 20.52 19.20 14.63 15.72 15.72 15.72 15.72 15.72
214.87 96.99 80.04 65.82 53.82 43.20 34.07 26.56 67.84 139.76 150.00 150.00 150.00 150.00 150.00 150.00 150.00 150.00 150.00 150.00 280.44 500.00 500.00 500.00
271.35 239.34 172.39 118.80 77.98 71.51 65.44 59.72 144.96 290.89 326.40 326.40 326.40 326.40 326.40 326.40 326.40 326.40 326.40 326.40 326.40 326.40 678.68 326.40
174.21 156.37 116.12 83.70 57.72 53.09 48.70 44.51 114.19 233.57 267.06 267.06 267.06 267.06 267.06 267.06 267.06 267.06 267.06 267.06 267.06 267.06 267.06 254.41
68.44 96.39 95.34 94.52 94.48 89.01 83.43 57.77 23.03 24.10 26.76 22.70 19.25 16.41 8.99 8.13 7.08 5.35 8.90 13.99 22.49 39.91 40.18 75.97
84.10 118.45 117.15 116.15 116.11 109.38 102.53 71.00 28.30 29.62 32.89 27.89 23.66 20.17 11.04 10.05 8.77 6.57 10.93 17.19 28.44 49.82 49.38 93.35
87.25 97.11 91.55 85.07 79.50 60.52 48.40 42.14 38.48 37.87 22.63 33.80 36.13 22.75 45.65 70.35 90.05 219.72 382.65 579.00 446.32 292.73 180.62 198.92
93.78 52.81 69.03 56.82 29.86 68.37 92.97 57.44 110.43 70.71 145.81 61.10 23.56 16.43 11.41 8.40 7.02 16.54 38.37 78.18 72.53 126.03 211.63 236.14
112.47 125.18 118.02 109.67 102.49 78.02 62.39 54.32 49.61 48.82 29.17 44.14 46.57 29.31 60.89 92.66 112.38 283.25 493.28 746.40 575.36 377.36 232.84 256.43
156.56 174.25 164.29 152.66 142.67 108.60 86.84 75.61 69.05 67.96 40.61 62.28 64.83 40.78 88.56 132.99 150.66 394.29 686.65 1039.00 800.91 525.29 324.12 356.96
39.35 44.96 35.17 30.81 30.61 29.08 33.50 44.96 43.35 43.56 45.08 36.50 29.30 33.02 18.31 14.80 28.96 27.39 61.95 126.89 282.04 253.62 91.82 96.97
0.00 0.00 0.00 0.00 0.00 0.00 0.00 0.00 0.00 0.00 0.00 1.24 2.87 6.22 2.71 0.00 0.00 0.00 0.00 0.90 1.29 1.87 2.66 3.64
