286.80 294.15 256.03 221.96 191.27 253.32 333.52 433.26 369.00 263.68 177.68 131.59 175.42 192.99 179.58 142.45 202.63 146.77 146.74 235.53 252.15 260.00 266.12 285.07
347.83 356.75 310.51 269.19 231.98 307.23 404.50 525.47 459.25 327.42 220.16 159.59 212.75 234.06 217.80 172.76 255.74 176.74 178.69 286.28 305.81 315.33 322.75 345.74
23.17 25.14 21.32 18.20 14.03 12.09 10.42 10.17 10.91 14.94 23.24 21.65 25.45 73.29 29.56 19.63 17.48 17.72 25.56 22.34 28.29 35.20 43.37 49.12
40.99 44.49 37.73 32.21 23.19 21.40 18.44 18.00 19.30 26.44 41.11 38.29 42.61 127.99 50.83 34.73 30.92 31.52 45.36 39.53 50.06 62.27 76.74 86.91
7.41 18.12 5.63 3.76 2.38 2.44 2.68 7.50 3.07 4.25 9.72 5.70 5.61 10.46 9.15 8.46 8.45 5.57 3.58 1.85 3.13 5.22 8.35 8.17
18.84 20.86 20.67 20.35 20.05 12.96 8.45 4.42 1.96 2.81 4.58 3.54 3.79 5.44 6.70 13.88 23.46 7.42 6.05 5.62 8.03 12.09 10.49 11.93
7.85 19.30 5.97 3.99 2.52 2.58 2.84 7.95 3.25 4.51 10.31 6.06 5.94 11.08 9.70 8.97 8.95 5.91 3.79 1.96 3.32 5.54 8.85 8.66
12.47 31.54 9.48 6.34 4.00 4.10 4.52 12.64 5.17 7.20 16.44 9.87 9.44 17.61 15.40 14.25 14.23 9.38 6.03 3.12 5.27 8.80 14.07 13.75
111.03 99.88 98.23 80.62 64.95 35.87 12.60 13.34 11.74 12.50 15.66 53.75 126.68 227.83 193.77 171.52 160.78 113.97 62.62 21.00 27.10 35.54 88.94 155.91
35.11 36.37 34.35 33.02 32.10 32.83 34.23 37.01 22.58 13.37 15.23 19.43 24.32 30.08 27.01 25.95 26.95 40.73 59.37 49.54 58.26 69.79 84.55 80.18
41.31 42.78 40.42 38.84 37.77 38.63 40.27 43.54 26.54 15.73 17.91 22.86 28.61 35.38 31.78 30.53 31.71 47.90 69.85 58.29 68.54 82.11 99.47 94.33
12.53 11.61 10.80 10.02 9.33 9.42 9.70 10.14 11.55 13.18 15.02 15.55 17.06 19.63 16.94 14.92 13.52 11.82 10.25 8.83 5.86 3.82 2.55 2.36
2.29 2.40 2.02 1.67 1.38 1.50 1.64 1.78 2.07 4.75 10.66 15.10 20.68 27.55 12.19 16.71 12.60 5.70 2.60 2.98 2.65 2.91 3.18 3.46
1.55 0.00 0.00 0.00 0.00 1.36 3.60 7.65 5.42 3.64 3.80 3.10 0.00 0.00 0.00 0.00 0.00 0.00 0.00 0.00 0.00 0.00 1.37 0.00
55.19 63.89 53.69 44.36 36.32 34.80 33.64 32.34 28.72 15.30 20.94 29.65 40.38 53.44 43.00 33.95 26.33 19.74 15.63 13.59 28.01 79.79 125.18 131.52
41.72 48.30 40.59 33.53 27.46 26.31 25.43 24.45 21.69 11.57 15.83 22.42 30.52 40.40 32.51 25.67 19.91 14.92 11.81 10.27 21.26 60.44 94.64 99.43
24.14 27.95 23.49 19.41 15.89 15.22 14.72 14.15 12.51 6.70 9.16 12.97 17.66 23.38 18.81 14.85 11.52 8.63 6.84 5.94 12.38 35.06 54.77 57.54
39.05 45.20 37.98 31.38 25.70 24.62 23.80 22.88 20.29 10.83 14.81 20.98 28.57 37.81 30.42 24.02 18.63 13.96 11.06 9.61 19.92 56.58 88.57 93.05
51.05 59.10 49.66 41.03 33.60 32.19 31.12 29.92 26.56 14.16 19.37 27.43 37.35 49.43 39.77 31.40 24.36 18.26 14.45 12.57 25.94 73.85 115.80 121.66
36.01 41.69 35.03 28.94 23.70 22.70 21.95 21.10 18.70 9.99 13.66 19.35 26.35 34.87 28.06 22.15 17.18 12.88 10.20 8.87 18.39 52.21 81.68 85.82
80.30 92.96 78.12 64.54 52.85 50.63 48.94 47.06 41.84 22.27 30.46 43.14 58.75 77.76 62.56 49.40 38.31 28.72 22.74 19.77 40.44 115.67 182.14 191.36
0.00 0.00 0.00 0.00 0.00 0.00 0.00 0.00 0.00 0.00 0.00 0.00 0.00 0.00 0.00 0.00 0.00 0.00 0.00 0.00 0.00 0.00 0.00 0.00
48.60 55.66 46.90 39.03 32.10 31.54 31.04 30.52 25.91 41.35 36.16 24.77 33.16 43.52 34.75 27.34 21.08 16.63 13.96 12.55 36.36 94.77 132.83 138.00
46.72 53.51 45.08 37.52 30.86 30.32 29.84 29.34 25.00 39.50 34.60 23.81 31.87 41.83 33.40 26.28 20.26 15.99 13.42 12.07 34.95 91.10 127.69 132.66
62.73 71.85 60.53 50.38 41.43 40.71 40.06 39.39 32.63 55.45 48.04 31.97 42.80 56.17 44.85 35.29 27.20 21.47 18.02 16.21 46.89 122.32 171.44 178.13
223.76 256.29 215.93 179.72 147.81 145.22 142.92 140.52 102.28 208.34 177.98 114.06 152.67 200.36 159.98 125.87 97.04 76.59 64.28 57.81 166.96 436.36 611.58 635.42
80.47 92.17 77.66 64.63 53.16 52.23 51.40 50.54 40.93 73.30 63.06 41.02 54.91 72.06 57.54 45.27 34.90 27.55 23.12 20.79 60.13 156.93 219.95 228.52
0.00 0.00 0.00 1.09 4.41 2.20 2.86 3.89 2.70 1.80 2.75 6.24 14.12 23.22 29.47 37.01 45.81 38.11 31.60 25.76 24.67 24.54 25.56 23.25
5.26 5.94 5.07 4.28 3.58 3.10 2.66 2.30 2.72 3.61 5.10 9.51 14.56 22.42 20.29 16.47 13.98 9.60 6.80 5.24 7.10 8.43 10.43 12.11
32.36 36.51 31.16 26.31 22.04 19.05 16.38 14.13 16.73 22.23 31.34 69.91 89.56 137.89 136.07 101.31 85.99 59.03 41.81 32.24 51.29 51.85 64.13 74.48
0.30 0.00 0.00 0.00 0.00 0.26 0.70 1.48 1.05 0.70 0.78 0.67 0.00 0.00 0.00 0.00 0.00 0.00 0.00 0.00 0.00 0.00 0.26 0.00
5.43 5.67 4.77 3.95 3.26 3.56 3.88 4.21 4.89 11.24 25.24 35.75 48.97 65.23 28.78 39.57 29.82 13.47 6.16 8.52 6.28 6.90 7.52 8.19
4.72 4.93 4.15 3.44 2.84 3.10 3.37 3.66 4.26 9.77 21.94 31.09 42.58 56.72 25.03 34.41 25.93 11.72 5.36 7.15 5.46 6.00 6.54 7.12
0.88 0.92 0.77 0.64 0.53 0.58 0.63 0.68 0.79 1.82 4.08 5.77 7.91 10.53 4.69 6.39 4.82 2.19 1.00 1.02 1.02 1.11 1.21 1.32
11.73 13.30 12.42 12.75 13.37 11.74 10.28 8.95 10.51 12.74 16.04 9.39 8.86 12.14 11.95 12.02 12.44 8.73 7.08 7.08 9.55 17.69 47.23 61.82
96.58 96.43 95.28 93.43 91.72 103.52 116.71 131.77 140.43 149.92 161.98 137.17 118.43 106.80 153.29 212.68 284.58 215.25 158.81 116.02 117.19 117.53 118.75 112.35
34.91 21.68 21.11 15.96 8.10 19.51 26.06 14.74 28.95 19.13 39.77 32.19 23.82 31.94 25.32 19.62 14.99 12.57 11.26 10.89 13.37 30.25 65.06 62.03
34.91 21.68 21.11 15.96 8.10 19.51 26.06 14.74 28.95 19.13 39.77 32.19 23.82 31.94 25.32 19.62 14.99 12.57 11.26 10.89 13.37 30.25 65.06 62.03
2.33 1.48 1.13 0.82 0.54 0.94 1.03 0.60 1.50 1.30 2.65 2.17 1.59 2.13 1.69 1.31 1.00 0.84 0.75 0.73 0.89 2.03 4.34 4.14
41.31 42.78 40.42 38.84 37.77 38.63 40.27 43.54 26.54 15.73 17.91 22.86 28.61 35.38 31.78 30.53 31.71 47.90 69.85 58.29 68.54 82.11 99.47 94.33
24.29 25.16 23.77 22.84 22.21 22.71 23.68 25.60 15.66 9.25 10.53 13.44 16.82 20.81 18.69 17.95 18.64 28.19 41.07 34.27 40.30 48.28 58.49 55.47
37.09 40.26 34.14 29.15 21.28 19.36 16.69 16.29 17.47 23.92 37.20 34.66 38.99 116.21 46.33 31.43 27.98 28.49 41.02 35.77 45.30 56.35 69.44 78.65
53.12 57.66 48.90 41.75 28.90 27.74 23.90 23.33 25.02 34.26 53.28 49.63 53.45 164.06 64.31 45.02 40.08 41.01 58.90 51.23 64.88 80.71 99.46 112.64
6.71 7.22 6.36 5.58 4.89 4.70 4.58 4.43 5.67 7.69 14.35 15.40 21.33 28.68 22.48 42.59 13.20 9.84 7.67 6.54 7.47 8.48 9.64 11.26
9.86 10.61 9.34 8.20 7.19 6.91 6.73 6.51 8.34 11.31 23.15 22.63 31.35 42.16 33.04 62.68 19.40 14.47 11.28 9.61 10.98 12.47 14.17 16.55
42.33 44.32 38.03 18.44 22.29 13.52 14.70 18.80 18.02 17.33 16.72 21.04 26.31 32.70 23.24 16.63 14.93 28.41 30.28 24.95 19.87 18.23 28.86 35.38
0.00 0.00 0.00 0.00 0.00 0.00 0.00 0.00 0.00 0.00 0.00 0.00 0.00 0.00 0.00 0.00 0.00 0.00 0.00 0.00 0.00 0.00 0.00 0.00
56.73 59.38 50.95 24.68 30.75 19.27 19.70 25.18 24.15 23.21 22.40 28.20 35.26 43.81 31.14 22.28 18.98 37.19 40.57 33.81 26.47 23.70 38.67 47.40
18.45 16.89 15.80 14.74 13.77 13.38 13.62 14.39 14.68 15.23 15.88 15.55 16.43 18.56 18.25 18.44 18.98 15.57 12.87 10.83 5.84 2.74 1.07 1.04
24.33 26.94 26.69 26.28 25.89 16.73 10.91 5.71 2.54 3.62 5.92 4.57 4.90 7.02 8.65 18.05 30.56 9.58 7.81 7.26 10.75 15.92 13.55 15.41
71.48 71.37 70.51 69.15 67.88 76.62 86.38 97.52 103.93 110.96 119.88 101.52 87.65 79.05 113.45 157.41 210.62 159.31 117.53 85.87 86.73 86.98 87.88 83.15
64.51 67.83 59.34 52.03 46.07 41.46 37.84 35.23 50.96 74.63 107.55 132.65 161.33 194.30 176.83 166.57 162.73 113.38 78.63 55.57 67.65 82.03 98.41 100.96
30.92 41.95 18.16 7.13 5.13 7.53 10.37 6.20 2.87 6.54 14.75 9.83 9.88 14.70 12.18 11.81 13.22 8.62 5.44 2.70 4.73 8.47 14.50 13.59
2.74 3.15 3.55 4.02 4.56 3.87 3.25 2.71 2.38 2.36 5.00 14.53 13.26 36.74 19.65 10.04 9.63 7.08 5.69 5.29 6.41 7.71 22.48 9.42
64.38 81.70 75.70 69.91 64.85 75.92 88.30 101.98 121.45 148.11 182.44 154.80 128.92 106.10 97.21 89.92 83.61 64.39 49.91 40.38 44.90 53.71 67.33 56.12
24.26 34.06 32.10 30.26 28.80 34.15 40.43 47.11 46.44 47.78 50.78 62.53 76.82 93.27 102.31 112.58 123.53 95.12 71.86 53.50 43.90 39.71 40.06 43.25
0.00 0.00 0.00 0.00 0.00 0.00 0.00 0.00 0.00 0.00 0.00 0.00 0.00 0.00 0.00 0.00 0.00 0.00 0.00 0.00 0.00 0.00 0.00 0.00
0.98 1.52 1.66 2.06 2.83 2.88 3.25 4.00 3.19 2.51 3.64 13.73 24.97 41.06 50.68 62.12 75.26 57.69 43.09 31.08 30.76 31.14 19.16 9.80
41.55 43.62 40.35 37.18 34.44 36.07 38.24 41.11 49.68 61.02 42.67 91.49 143.02 104.55 106.09 95.01 81.72 80.66 64.00 51.80 54.46 57.77 61.51 58.59
0.00 0.00 0.00 0.00 0.00 0.00 0.00 0.00 0.00 0.00 0.00 0.00 0.00 0.00 0.00 0.00 0.00 0.00 0.00 0.00 0.00 0.00 0.00 0.00
51.58 51.34 47.94 45.24 43.39 41.41 42.56 46.33 39.28 33.33 28.86 38.74 51.53 68.17 97.50 141.69 202.69 154.04 119.25 95.45 87.30 80.72 74.47 72.41
42.33 47.90 43.42 40.07 37.28 37.82 38.23 39.10 42.19 35.84 17.39 22.61 28.90 36.13 27.65 21.09 16.15 14.26 24.39 41.65 70.46 111.93 169.02 166.44
0.00 0.00 0.00 1.06 2.16 1.54 1.11 0.83 0.79 0.78 0.78 3.36 14.90 18.18 31.89 32.56 34.31 30.46 27.14 24.48 21.25 19.20 18.23 15.81
54.43 68.49 68.34 71.44 78.35 73.71 68.51 64.09 65.72 40.71 25.45 28.94 35.67 46.15 43.38 42.05 41.46 31.24 28.00 31.55 75.16 178.80 236.96 259.28
62.06 70.36 60.98 67.46 70.72 62.12 54.37 47.36 55.60 71.75 94.76 61.40 46.88 64.23 63.23 63.57 65.78 46.20 37.47 37.47 50.50 82.11 234.95 327.05
95.10 107.30 91.56 77.30 64.77 55.98 48.12 41.51 49.16 65.31 92.08 267.23 263.15 405.17 481.70 297.68 252.67 173.45 122.86 94.73 194.30 152.37 188.43 218.85
0.00 0.00 0.00 0.00 0.00 4.41 9.46 17.44 11.51 7.54 5.00 3.32 0.00 0.00 0.00 0.00 0.00 0.00 0.00 0.00 0.00 0.00 0.00 0.00
3.71 0.00 0.00 0.00 0.00 3.26 8.64 18.35 13.01 8.73 8.89 6.92 0.00 0.00 0.00 0.00 0.00 0.00 0.00 0.00 0.00 0.00 3.29 0.00
66.85 33.29 27.35 22.16 17.74 24.43 32.74 42.60 41.43 40.60 40.19 49.55 60.90 74.42 54.51 40.41 30.83 24.93 19.75 15.34 30.58 57.75 61.45 60.61
33.30 35.14 28.94 23.39 18.78 25.53 33.87 44.10 48.28 53.97 61.70 71.77 83.24 96.72 66.42 44.66 29.75 27.03 24.74 22.41 20.82 19.71 19.26 17.86
0.37 0.00 0.00 0.00 0.00 0.33 0.87 1.84 1.31 0.88 0.97 0.82 0.00 0.00 0.00 0.00 0.00 0.00 0.00 0.00 0.00 0.00 0.33 0.00
125.24 64.03 52.60 42.62 34.12 46.98 62.96 81.92 79.68 78.07 77.29 95.30 117.12 143.11 104.82 77.71 59.29 47.94 37.99 29.50 58.79 111.06 118.17 116.56
63.51 57.78 56.57 55.17 53.87 49.76 46.23 43.96 60.07 80.16 105.12 96.78 98.58 109.86 91.32 78.91 72.31 65.82 60.25 56.21 41.97 30.63 45.67 19.88
80.81 74.89 69.70 64.65 60.19 60.76 62.60 65.42 74.53 85.03 96.86 100.32 110.06 126.62 109.28 96.26 87.22 76.24 66.14 56.98 37.79 24.62 16.42 15.25
15.75 17.45 17.28 17.02 16.76 10.83 7.07 3.69 1.64 2.35 3.83 2.96 3.17 4.55 5.60 11.54 19.48 6.20 5.06 4.70 6.55 9.97 8.77 9.98
19.36 21.44 21.24 20.91 20.60 13.31 8.68 4.54 2.02 2.88 4.71 3.63 3.90 5.59 6.88 14.28 24.14 7.62 6.22 5.78 8.28 12.45 10.78 12.26
129.75 136.23 126.01 116.10 107.56 112.63 119.42 128.38 155.16 190.58 133.19 309.49 446.65 325.32 368.82 310.11 220.88 251.91 199.86 161.77 170.08 180.41 192.10 182.98
116.66 72.32 91.07 65.19 27.09 67.08 91.96 52.46 100.23 63.82 132.90 107.50 79.60 106.73 84.61 65.58 50.11 42.01 37.65 36.40 44.69 101.05 217.42 207.30
167.27 175.61 162.44 149.66 138.66 145.19 153.94 165.50 200.02 245.68 171.69 404.16 575.78 419.18 491.96 408.46 275.65 324.74 257.64 208.54 219.25 232.57 247.64 235.88
232.84 244.46 226.12 208.33 193.02 202.11 214.29 230.38 278.44 341.99 238.98 570.25 801.49 583.24 715.51 586.28 369.55 452.05 358.64 290.29 305.20 323.74 344.72 328.35
58.94 63.53 54.25 46.10 38.73 42.29 45.78 49.51 55.98 66.71 81.35 113.17 152.82 287.30 156.47 119.81 203.62 74.82 66.41 63.08 185.90 220.57 106.11 107.19
3.32 7.48 2.53 1.69 1.07 1.09 1.21 3.36 1.38 1.89 4.33 2.49 2.52 4.69 4.11 3.80 3.79 2.50 1.60 0.83 1.40 2.34 3.75 3.66
