61.73 106.89 172.88 265.90 393.20 461.84 536.48 620.83 605.38 475.02 349.46 192.99 192.99 192.99 192.99 192.99 332.00 284.63 332.94 615.51 599.97 469.27 359.26 295.41
74.86 129.64 209.67 322.49 476.88 560.12 650.64 752.95 753.44 589.85 433.01 234.06 234.06 234.06 234.06 234.06 419.03 342.76 405.43 748.14 727.65 569.13 435.71 358.27
108.80 108.80 108.80 108.80 98.16 99.62 62.52 36.15 26.63 19.77 15.04 5.40 2.65 3.57 0.00 0.00 0.00 0.00 6.82 20.12 25.23 31.66 39.09 36.82
192.50 192.50 192.50 192.50 162.22 176.27 110.63 63.96 47.12 34.97 26.60 9.55 4.43 6.24 0.00 0.00 0.00 0.00 12.09 35.59 44.64 56.01 69.16 65.15
14.65 47.10 19.55 18.15 16.80 8.43 3.75 3.85 1.20 1.53 4.08 0.00 0.00 2.54 0.00 0.00 0.00 6.10 10.27 8.08 8.78 9.55 10.43 9.31
8.17 4.77 3.10 0.00 0.00 2.35 6.92 14.29 9.29 14.29 21.11 14.64 11.39 10.84 6.96 7.04 5.30 3.45 5.46 8.54 13.56 25.90 31.82 33.95
15.53 50.14 20.72 19.24 17.81 8.93 3.98 4.08 1.27 1.63 4.33 0.00 0.00 2.70 0.00 0.00 0.00 6.46 10.89 8.56 9.30 10.12 11.05 9.87
24.68 81.96 32.92 30.57 28.30 14.19 6.31 6.48 2.01 2.60 6.90 0.00 0.00 4.28 0.00 0.00 0.00 10.27 17.31 13.61 14.78 16.08 17.56 15.68
622.97 524.08 623.00 623.00 502.84 272.40 79.52 56.06 31.86 17.19 9.54 12.24 0.00 0.00 0.00 0.00 0.00 21.00 37.07 30.41 38.53 47.99 113.05 193.45
27.08 70.59 86.19 104.68 126.02 101.99 81.28 63.61 29.01 12.30 9.77 6.31 4.61 4.31 2.32 1.19 0.00 2.19 11.28 28.36 36.44 49.46 68.82 67.67
31.86 83.05 101.40 123.15 148.26 119.99 95.62 74.84 34.09 14.47 11.50 7.42 5.42 5.08 2.73 1.40 0.00 2.58 13.27 33.37 42.87 58.19 80.97 79.61
2.81 4.04 4.05 4.38 5.10 8.69 13.61 20.20 25.77 32.26 39.75 41.40 41.40 41.40 41.40 39.81 37.90 26.69 18.24 12.16 10.19 8.48 6.98 5.76
10.20 10.20 10.20 10.20 7.53 5.68 4.17 2.99 1.96 2.36 2.72 2.16 1.97 2.08 0.00 0.00 0.00 0.00 0.41 1.56 1.76 2.42 3.28 3.21
13.56 15.57 13.91 12.52 11.51 10.54 9.94 9.73 6.64 4.58 5.27 16.08 48.50 86.86 88.47 90.64 57.31 37.20 20.03 17.59 14.63 12.05 9.88 9.40
200.00 200.00 200.00 200.00 200.00 200.00 151.95 97.60 58.09 19.12 15.59 11.65 8.76 6.83 2.38 0.00 0.00 0.00 2.20 7.59 15.57 45.89 75.77 75.54
151.20 151.20 151.20 151.20 151.20 151.20 114.87 73.79 43.86 14.46 11.78 8.81 6.62 5.16 1.80 0.00 0.00 0.00 1.66 5.74 11.82 34.76 57.28 57.11
87.50 87.50 87.50 87.50 87.50 87.50 66.48 42.70 25.30 8.37 6.82 5.10 3.83 2.99 1.04 0.00 0.00 0.00 0.96 3.32 6.88 20.16 33.15 33.05
141.50 141.50 141.50 141.50 141.50 141.50 107.50 69.05 41.04 13.53 11.03 8.24 6.20 4.83 1.68 0.00 0.00 0.00 1.55 5.37 11.07 32.54 53.61 53.45
185.00 185.00 185.00 185.00 185.00 185.00 140.55 90.28 53.72 17.69 14.42 10.77 8.10 6.32 2.20 0.00 0.00 0.00 2.03 7.02 14.42 42.47 70.09 69.88
130.50 130.50 130.50 130.50 130.50 130.50 99.15 63.69 37.83 12.48 10.17 7.60 5.72 4.46 1.55 0.00 0.00 0.00 1.43 4.95 10.22 30.03 49.44 49.29
291.00 291.00 291.00 291.00 291.00 291.00 221.08 142.01 84.63 27.82 22.68 16.95 12.74 9.94 3.46 0.00 0.00 0.00 3.20 11.05 22.48 66.53 110.25 109.92
0.00 0.00 0.00 0.00 0.00 0.00 0.00 0.00 0.00 0.00 0.00 0.00 0.00 0.00 0.00 0.00 0.00 0.00 0.00 0.00 0.00 0.00 0.00 0.00
170.60 170.60 170.60 170.60 170.60 170.60 145.24 84.12 53.83 60.57 35.91 13.37 10.18 8.01 3.36 1.00 0.00 0.00 1.86 6.44 16.90 42.88 61.21 62.78
164.00 164.00 164.00 164.00 164.00 164.00 139.62 80.87 51.95 57.85 34.35 12.85 9.79 7.70 3.23 0.96 0.00 0.00 1.78 6.19 16.25 41.22 58.85 60.35
220.20 220.20 220.20 220.20 220.20 220.20 187.47 108.58 67.78 81.20 47.70 17.25 13.15 10.34 4.34 1.30 0.00 0.00 2.40 8.31 21.80 55.35 79.01 81.03
785.50 785.50 785.50 785.50 785.50 785.50 668.73 387.33 212.48 305.14 176.73 61.54 46.89 36.90 15.47 4.62 0.00 0.00 8.55 29.65 77.60 197.45 281.85 289.04
282.50 282.50 282.50 282.50 282.50 282.50 240.51 139.30 85.02 107.36 62.62 22.13 16.86 13.27 5.56 1.66 0.00 0.00 3.07 10.66 27.95 71.01 101.37 103.95
0.00 4.48 3.13 5.80 24.12 9.86 9.48 9.19 10.71 12.47 36.19 32.64 36.79 37.01 32.27 27.98 24.00 16.27 11.05 7.75 3.34 0.00 0.00 0.00
4.49 16.35 20.92 26.29 29.88 22.89 15.44 9.78 9.38 9.05 8.87 7.24 5.52 4.93 1.92 0.00 0.00 0.00 1.00 2.99 4.57 6.42 9.62 9.01
27.63 100.54 128.62 161.66 183.75 140.75 94.92 60.17 57.70 55.64 54.52 53.24 33.95 30.30 12.89 0.00 0.00 0.00 6.16 18.41 33.02 39.46 59.19 55.40
2.62 3.01 2.68 2.42 2.22 2.03 1.92 1.88 1.28 0.88 1.08 3.45 9.36 16.77 17.08 17.49 12.57 7.57 3.87 3.40 2.82 2.33 1.91 1.81
24.15 24.15 24.15 24.15 17.82 13.45 9.88 7.07 4.64 5.58 6.45 5.12 4.66 4.92 0.00 0.00 0.00 0.00 0.96 4.47 4.17 5.72 7.77 7.60
21.00 21.00 21.00 21.00 15.50 11.70 8.59 6.15 4.03 4.85 5.61 4.45 4.05 4.28 0.00 0.00 0.00 0.00 0.84 3.75 3.63 4.98 6.76 6.61
3.90 3.90 3.90 3.90 2.88 2.17 1.60 1.14 0.75 0.91 1.04 0.83 0.75 0.80 0.00 0.00 0.00 0.00 0.16 0.54 0.67 0.92 1.25 1.23
8.43 6.02 6.99 15.57 35.61 42.41 56.38 79.48 101.38 119.31 136.13 51.89 32.08 31.47 21.23 13.40 7.80 7.37 8.59 11.70 7.96 10.83 31.48 44.02
151.86 150.42 140.92 130.94 122.19 117.11 113.14 110.30 76.30 50.71 31.45 8.46 0.00 0.00 14.79 59.45 156.18 151.19 145.40 140.68 142.32 143.96 144.68 147.18
133.43 84.36 92.76 78.82 45.00 89.29 76.98 26.74 43.20 22.69 36.07 15.19 6.48 5.79 2.62 0.91 0.00 0.00 1.78 6.00 8.21 21.47 53.77 54.74
133.43 84.36 92.76 78.82 45.00 89.29 76.98 26.74 43.20 22.69 36.07 15.19 6.48 5.79 2.62 0.91 0.00 0.00 1.78 6.00 8.21 21.47 53.77 54.74
8.90 5.76 4.96 4.05 3.00 4.30 3.05 1.10 2.24 1.54 2.40 1.02 0.43 0.39 0.17 0.06 0.00 0.00 0.12 0.40 0.55 1.44 3.58 3.65
31.86 83.05 101.40 123.15 148.26 119.99 95.62 74.84 34.09 14.47 11.50 7.42 5.42 5.08 2.73 1.40 0.00 2.58 13.27 33.37 42.87 58.19 80.97 79.61
18.74 48.83 59.62 72.41 87.17 70.56 56.22 44.00 20.12 8.51 6.76 4.37 3.19 2.98 1.61 0.83 0.00 1.52 7.80 19.62 25.21 34.21 47.61 46.81
174.20 174.20 174.20 174.20 148.85 159.51 100.11 57.88 42.64 31.65 24.07 8.64 4.06 5.66 0.00 0.00 0.00 0.00 10.94 32.21 40.40 50.69 62.58 58.96
249.50 249.50 249.50 249.50 202.15 228.46 143.38 82.89 61.07 45.33 34.48 12.37 5.56 7.99 0.00 0.00 0.00 0.00 15.71 46.13 57.86 72.60 89.64 84.45
30.00 30.00 30.00 30.00 30.00 23.32 15.60 9.79 7.26 5.38 5.44 3.23 2.68 2.38 0.71 0.00 0.00 0.00 1.10 3.56 5.29 7.74 11.09 10.70
44.10 44.10 44.10 44.10 44.10 34.28 22.93 14.39 10.68 7.91 8.77 4.74 3.94 3.51 1.05 0.00 0.00 0.00 1.62 5.24 7.77 11.38 16.31 15.73
13.32 21.95 31.53 25.49 50.73 25.66 23.72 26.27 33.39 41.83 41.94 41.94 41.94 41.94 41.94 41.94 50.50 111.85 139.80 114.94 71.20 49.95 59.53 50.28
0.00 0.00 0.00 0.00 0.00 0.00 0.00 0.00 0.00 0.00 0.00 0.00 0.00 0.00 0.00 0.00 0.00 0.00 0.00 0.00 0.00 0.00 0.00 0.00
17.85 29.41 42.25 34.12 69.98 36.56 31.79 35.20 44.75 56.05 56.20 56.20 56.20 56.20 56.20 56.20 64.20 146.43 187.33 155.76 94.88 64.94 79.77 67.37
3.24 4.43 4.82 5.53 6.64 12.42 20.80 32.33 39.74 45.90 45.90 45.90 45.90 45.90 45.90 45.90 45.90 42.53 31.35 23.00 18.10 13.91 10.43 8.00
10.55 6.16 4.01 0.00 0.00 3.04 8.93 18.45 11.99 18.45 27.26 18.91 14.70 14.00 8.99 9.15 6.90 4.45 7.06 11.03 18.15 34.11 41.10 43.84
112.39 111.32 104.29 96.91 90.43 86.68 83.74 81.64 56.47 37.53 23.28 6.26 0.00 0.00 10.95 44.00 115.59 111.90 107.61 104.12 105.34 106.54 107.08 108.93
230.00 230.00 230.00 222.71 179.43 129.73 91.52 63.67 39.99 24.80 15.99 6.83 0.00 0.00 0.00 0.00 10.82 17.43 31.83 57.37 65.92 75.97 86.65 88.79
138.66 238.49 116.77 47.72 35.92 37.72 33.60 11.40 2.90 3.71 5.54 0.00 0.00 0.00 0.00 0.00 5.98 13.63 20.05 14.62 16.63 18.76 21.25 18.63
0.00 0.63 2.56 6.75 14.09 13.21 12.45 11.83 12.40 12.96 25.47 35.69 16.85 27.75 8.43 2.10 0.75 0.78 1.49 3.20 4.08 6.51 27.29 10.77
191.25 175.55 138.20 106.58 79.60 58.02 43.12 32.96 17.54 8.74 0.00 6.35 17.48 44.57 86.65 152.00 246.02 194.83 152.60 116.80 126.73 136.51 146.85 146.14
98.15 86.90 65.99 48.81 35.16 18.86 10.27 6.68 0.00 0.00 0.00 15.84 37.58 73.95 100.59 133.92 175.23 135.36 104.56 81.93 87.35 92.88 99.05 93.77
0.00 0.00 0.00 0.00 0.00 0.00 0.00 0.00 0.00 0.00 0.00 0.00 0.00 0.00 0.00 0.00 0.00 0.00 0.00 0.00 0.00 0.00 0.00 0.00
0.00 2.68 4.16 7.27 12.51 12.58 12.75 13.02 13.10 13.21 25.10 34.04 30.19 32.12 25.19 19.44 14.92 9.72 6.84 5.77 0.00 0.00 0.00 0.00
166.39 172.46 147.50 124.95 105.12 82.89 64.97 50.54 32.04 19.71 6.88 6.33 5.19 2.92 0.00 0.00 0.00 0.00 12.37 32.11 40.94 52.26 65.81 66.54
0.00 0.00 0.00 0.00 0.00 0.00 0.00 0.00 0.00 0.00 0.00 0.00 0.00 0.00 0.00 0.00 0.00 0.00 0.00 0.00 0.00 0.00 0.00 0.00
112.66 110.41 109.20 108.80 109.36 97.38 88.40 82.33 54.66 36.03 23.98 8.69 0.00 0.00 0.00 0.00 0.00 8.89 24.33 51.50 60.04 69.44 80.10 84.40
9.36 62.33 108.02 172.95 176.50 176.50 168.00 131.49 117.19 77.39 27.85 19.76 14.51 11.49 6.52 3.33 1.54 1.24 5.30 25.50 32.87 47.46 71.73 72.09
0.00 3.32 1.45 1.76 2.36 3.73 6.00 9.43 12.67 16.54 21.21 25.14 46.64 32.41 50.82 44.95 39.53 27.96 19.09 12.50 5.87 0.00 0.00 0.00
28.44 0.00 18.28 50.06 129.01 169.60 236.14 334.58 429.70 304.71 203.70 153.75 130.25 129.69 88.20 56.52 33.62 30.18 33.72 44.90 56.28 101.12 148.17 190.50
44.60 31.83 34.31 82.37 188.40 224.35 298.22 420.44 536.31 671.97 803.97 339.25 169.72 166.47 112.30 70.88 41.25 38.96 45.46 61.91 42.09 50.27 156.63 232.86
81.18 295.42 377.95 475.03 539.94 413.59 278.92 176.80 169.56 163.50 160.21 203.50 99.77 89.04 45.63 0.00 0.00 0.00 18.11 54.10 125.08 115.96 173.91 162.80
13.87 17.03 15.83 15.43 15.48 14.55 14.00 13.96 17.03 20.44 24.35 43.45 71.69 223.94 110.75 124.31 109.63 77.82 53.59 35.61 26.99 20.12 14.41 12.15
32.52 37.36 33.36 30.03 27.60 25.27 23.84 23.33 15.94 11.00 12.32 35.85 116.34 208.37 212.24 217.44 131.07 91.94 48.06 42.20 35.10 28.90 23.70 22.55
15.22 12.28 17.62 25.99 38.31 44.93 52.56 60.92 70.09 78.00 78.00 78.00 78.00 78.00 78.00 78.00 78.00 78.00 73.37 60.34 101.08 160.12 142.88 128.24
11.65 19.33 21.60 25.87 32.83 38.20 43.92 50.44 68.97 91.52 118.60 141.21 167.32 171.72 171.72 171.72 161.14 116.81 81.98 55.66 50.15 45.08 40.98 38.87
3.26 3.75 3.35 3.01 2.77 2.54 2.39 2.34 1.60 1.10 1.34 4.27 11.68 20.92 21.31 21.83 15.44 9.35 4.82 4.24 3.52 2.90 2.38 2.26
28.52 23.63 33.88 49.97 73.68 86.41 101.08 117.16 134.78 150.00 150.00 150.00 150.00 150.00 150.00 150.00 150.00 150.00 141.10 116.03 194.31 307.92 274.77 246.62
22.69 27.05 23.70 24.24 28.65 51.69 84.06 128.80 162.56 202.55 247.28 245.26 244.03 242.01 225.95 213.68 206.12 137.19 88.88 56.84 49.06 41.92 74.16 30.44
18.10 26.08 26.14 28.27 32.90 56.05 87.81 130.30 166.24 208.12 256.39 267.06 267.06 267.06 267.06 256.82 244.49 172.15 117.64 78.42 65.74 54.73 45.04 37.14
6.83 3.99 2.59 0.00 0.00 1.97 5.78 11.95 7.76 11.95 17.65 12.24 9.52 9.06 5.82 5.85 4.40 2.88 4.57 7.14 11.06 21.36 26.61 28.39
8.39 4.90 3.19 0.00 0.00 2.42 7.11 14.68 9.54 14.68 21.69 15.05 11.70 11.14 7.15 7.24 5.45 3.54 5.61 8.77 13.99 26.67 32.70 34.89
519.62 538.60 460.65 390.21 328.29 258.85 202.89 157.83 100.05 61.56 21.47 21.42 16.19 9.09 0.00 0.00 0.00 0.00 38.63 100.28 127.84 163.22 205.52 207.80
445.94 281.35 400.13 321.97 150.39 306.93 271.63 95.14 149.58 75.70 120.55 50.73 21.66 19.35 8.75 3.03 0.00 0.00 5.95 20.04 27.45 71.70 179.72 182.94
669.86 694.33 593.83 503.02 423.21 333.69 261.55 203.46 128.98 79.35 27.68 27.98 20.88 11.71 0.00 0.00 0.00 0.00 49.80 129.27 164.81 210.41 264.94 267.88
932.45 966.51 826.62 700.21 589.11 464.50 364.08 283.23 179.54 110.46 38.53 39.48 29.06 16.29 0.00 0.00 0.00 0.00 69.32 179.94 229.41 292.89 368.80 372.89
264.60 264.60 264.60 264.60 264.60 215.11 135.99 79.52 59.34 44.95 35.01 27.57 24.98 38.21 11.16 0.00 0.00 0.00 9.05 30.29 104.79 147.07 83.52 84.07
6.58 19.44 8.77 8.15 7.54 3.78 1.69 1.73 0.54 0.68 1.82 0.00 0.00 1.14 0.00 0.00 0.00 2.74 4.61 3.63 3.94 4.28 4.68 4.18
