304.18 278.71 288.41 299.40 310.46 363.52 423.26 488.56 530.55 475.02 349.46 192.99 192.99 192.99 192.99 192.99 332.00 284.63 332.94 606.55 526.55 460.96 433.30 582.49
368.92 338.02 349.78 363.12 376.53 440.88 513.33 592.52 660.30 589.85 433.01 234.06 234.06 234.06 234.06 234.06 419.03 342.76 405.43 737.25 638.61 559.06 525.51 706.45
101.99 101.52 66.92 46.71 33.73 38.07 39.92 43.18 85.96 108.80 108.80 61.07 46.17 90.35 42.61 32.64 32.64 47.20 86.65 60.44 62.86 71.83 88.04 60.77
180.44 179.62 118.41 82.65 55.74 67.36 70.63 76.40 152.10 192.50 192.50 108.00 77.30 157.79 73.27 57.75 57.75 83.96 153.76 106.93 111.21 127.09 155.76 107.52
12.98 15.99 2.50 1.18 1.88 1.39 1.66 6.93 5.32 11.96 40.10 40.54 37.12 32.69 44.17 67.72 107.76 64.81 26.18 5.01 6.16 7.97 10.67 10.80
112.89 106.16 87.15 70.32 55.99 56.47 57.32 43.13 20.83 24.95 29.88 29.20 28.99 29.29 20.42 22.84 19.92 6.71 5.19 3.94 7.66 16.10 19.24 20.08
13.76 17.03 2.65 1.25 2.00 1.47 1.76 7.35 5.64 12.69 42.53 43.09 39.35 34.65 46.82 71.78 114.22 68.70 27.75 5.31 6.53 8.45 11.32 11.45
21.86 27.84 4.22 1.99 3.17 2.34 2.80 11.68 8.96 20.26 67.82 70.19 62.51 55.05 74.37 114.04 181.47 109.15 44.11 8.43 10.37 13.43 17.98 18.19
386.21 261.98 179.82 123.58 122.74 59.92 16.43 12.20 40.82 96.43 186.90 460.54 623.00 623.00 623.00 623.00 623.00 580.51 228.46 42.18 50.40 65.42 169.45 258.62
108.16 90.18 89.92 89.67 89.71 121.07 158.97 170.00 96.01 51.00 51.00 51.00 51.00 51.00 51.00 51.00 51.00 95.49 170.00 170.00 170.00 170.00 170.00 151.21
127.24 106.09 105.78 105.50 105.54 142.43 187.03 200.00 112.86 60.00 60.00 60.00 60.00 60.00 60.00 60.00 60.00 112.31 200.00 200.00 200.00 200.00 200.00 177.90
5.63 3.99 4.71 5.68 6.98 7.15 7.33 7.49 11.18 16.03 22.12 33.33 41.40 41.40 41.40 41.40 41.40 41.40 41.40 41.40 33.30 21.88 13.99 9.18
3.82 3.39 2.39 1.62 1.05 1.89 3.09 4.71 6.60 16.83 34.00 33.99 34.00 34.00 19.16 34.00 34.00 19.11 10.20 10.00 9.64 10.20 10.20 8.59
21.07 15.22 15.31 15.55 15.68 14.93 14.29 13.56 15.50 18.23 36.07 59.51 121.35 173.08 130.38 100.02 49.71 26.27 10.63 6.38 2.26 0.00 0.00 1.30
200.00 198.29 136.12 89.62 56.24 73.77 94.82 119.82 137.55 60.00 60.00 60.00 60.00 60.00 60.00 60.00 60.00 60.00 60.00 60.00 84.70 172.48 200.00 200.00
151.20 149.91 102.90 67.75 42.51 55.77 71.68 90.59 103.86 45.36 45.36 45.36 45.36 45.36 45.36 45.36 45.36 45.36 45.36 45.36 64.30 130.65 151.20 151.20
87.50 86.75 59.55 39.21 24.60 32.28 41.48 52.42 59.91 26.25 26.25 26.25 26.25 26.25 26.25 26.25 26.25 26.25 26.25 26.25 37.43 75.79 87.50 87.50
141.50 140.29 96.30 63.40 39.79 52.19 67.09 84.77 97.17 42.45 42.45 42.45 42.45 42.45 42.45 42.45 42.45 42.45 42.45 42.45 60.23 122.31 141.50 141.50
185.00 183.42 125.91 82.90 52.02 68.24 87.71 110.84 127.20 55.50 55.50 55.50 55.50 55.50 55.50 55.50 55.50 55.50 55.50 55.50 78.45 159.64 185.00 185.00
130.50 129.38 88.82 58.48 36.69 48.14 61.87 78.18 89.58 39.15 39.15 39.15 39.15 39.15 39.15 39.15 39.15 39.15 39.15 39.15 55.60 112.85 130.50 130.50
291.00 288.51 198.05 130.39 81.82 107.34 137.96 174.34 200.39 87.30 87.30 87.30 87.30 87.30 87.30 87.30 87.30 87.30 87.30 87.30 122.29 250.05 291.00 291.00
0.00 0.00 0.00 0.00 0.00 0.00 0.00 0.00 0.00 0.00 0.00 0.00 0.00 0.00 0.00 0.00 0.00 0.00 0.00 0.00 0.00 0.00 0.00 0.00
170.60 170.60 153.83 114.37 82.76 88.23 94.76 102.63 115.18 155.83 103.48 51.18 51.18 51.18 51.18 51.18 51.18 51.18 51.18 51.18 95.98 170.60 170.60 170.60
164.00 164.00 147.88 109.95 79.56 84.82 91.09 98.66 111.16 148.85 99.00 49.20 49.20 49.20 49.20 49.20 49.20 49.20 49.20 49.20 92.28 164.00 164.00 164.00
220.20 220.20 198.56 147.62 106.82 113.88 122.31 132.47 145.04 208.93 137.47 66.06 66.06 66.06 66.06 66.06 66.06 66.06 66.06 66.06 123.80 220.20 220.20 220.20
785.50 785.50 708.29 526.60 381.05 406.24 436.29 472.55 454.68 785.09 509.29 235.65 235.65 235.65 235.65 235.65 235.65 235.65 235.65 235.65 440.78 785.50 785.50 785.50
282.50 282.50 254.73 189.39 137.04 146.10 156.91 169.95 181.94 276.23 180.45 84.75 84.75 84.75 84.75 84.75 84.75 84.75 84.75 84.75 158.74 282.50 282.50 282.50
19.73 30.50 14.96 18.13 51.26 25.02 28.51 32.37 36.00 36.00 88.65 96.29 120.00 120.00 120.00 120.00 120.00 120.00 120.00 120.00 120.00 120.00 120.00 105.82
29.88 29.88 24.10 16.53 10.98 8.40 6.36 4.71 10.80 20.64 29.88 31.88 29.88 29.88 31.39 29.88 29.88 29.88 29.88 29.88 26.28 20.92 19.49 15.33
183.75 183.75 148.23 101.62 67.54 51.67 39.11 28.94 66.43 126.93 183.75 234.28 183.76 183.75 210.51 183.75 183.75 183.75 183.75 183.75 189.73 128.66 119.86 94.29
4.07 2.94 2.96 3.00 3.03 2.88 2.76 2.62 2.99 3.52 7.42 12.77 23.42 33.41 25.17 19.30 10.90 5.34 2.05 1.23 0.44 0.00 0.00 0.25
9.04 8.02 5.66 3.83 2.49 4.47 7.31 11.16 15.62 39.80 80.50 80.49 80.50 80.50 45.25 80.50 80.50 45.19 24.15 28.60 22.83 24.15 24.15 20.34
7.86 6.98 4.92 3.33 2.16 3.89 6.35 9.70 13.58 34.62 70.00 69.99 70.00 70.00 39.36 70.00 70.00 39.30 21.00 24.00 19.85 21.00 21.00 17.68
1.46 1.30 0.91 0.62 0.40 0.72 1.18 1.80 2.52 6.46 13.00 12.99 13.00 13.00 7.37 13.00 13.00 7.33 3.90 3.42 3.69 3.90 3.90 3.28
146.95 137.91 109.03 89.06 70.16 85.09 102.03 121.24 157.44 186.24 171.07 83.48 60.00 60.00 60.00 60.00 57.35 35.22 19.85 10.03 14.31 29.95 92.99 81.39
176.69 164.03 173.10 186.23 203.26 170.76 150.35 138.82 143.97 152.65 162.93 178.15 213.39 275.12 216.91 171.43 135.39 76.19 37.06 14.41 0.00 0.00 0.00 40.45
127.52 63.85 55.88 37.08 16.17 46.71 74.05 50.14 126.63 84.30 150.00 84.20 45.00 45.00 45.00 45.00 45.00 45.00 45.00 45.00 44.39 84.18 149.99 140.50
127.52 63.85 55.88 37.08 16.17 46.71 74.05 50.14 126.63 84.30 150.00 84.20 45.00 45.00 45.00 45.00 45.00 45.00 45.00 45.00 44.39 84.18 149.99 140.50
8.50 4.36 2.99 1.90 1.08 2.25 2.94 2.06 6.55 5.73 10.00 5.66 3.00 3.00 3.00 3.00 3.00 3.00 3.00 3.00 2.96 5.66 10.00 9.37
127.24 106.09 105.78 105.50 105.54 142.43 187.03 200.00 112.86 60.00 60.00 60.00 60.00 60.00 60.00 60.00 60.00 112.31 200.00 200.00 200.00 200.00 200.00 177.90
74.82 62.38 62.20 62.03 62.06 83.75 109.97 117.60 66.59 35.28 35.28 35.28 35.28 35.28 35.28 35.28 35.28 66.10 117.60 117.60 117.60 117.60 117.60 104.60
163.29 162.54 107.15 74.79 51.14 60.96 63.92 69.14 137.64 174.20 174.20 97.74 70.73 143.27 66.79 52.26 52.26 75.89 139.06 96.77 100.64 115.01 140.96 97.30
233.88 232.80 153.47 107.12 69.46 87.31 91.55 99.02 197.13 249.50 249.50 139.96 96.96 202.25 92.70 74.85 74.85 109.23 199.68 138.59 144.14 164.72 201.89 139.35
19.22 18.22 11.21 6.48 3.55 6.50 10.78 16.61 24.65 30.00 40.31 30.00 30.00 30.00 30.00 73.62 30.00 30.00 30.00 28.31 30.00 30.00 30.00 27.93
28.25 26.79 16.48 9.52 5.21 9.55 15.84 24.41 36.24 44.10 65.03 44.10 44.10 44.10 44.10 108.35 44.10 44.10 44.10 41.61 44.10 44.10 44.10 41.05
47.82 42.54 44.33 26.10 38.56 19.95 18.88 21.33 25.02 29.19 33.73 41.94 41.94 41.94 41.94 41.94 50.50 111.85 139.80 135.62 89.29 61.12 74.52 107.32
0.00 0.00 0.00 0.00 0.00 0.00 0.00 0.00 0.00 0.00 0.00 0.00 0.00 0.00 0.00 0.00 0.00 0.00 0.00 0.00 0.00 0.00 0.00 0.00
64.08 57.00 59.40 34.93 53.19 28.43 25.29 28.57 33.52 39.11 45.20 56.20 56.20 56.20 56.20 56.20 64.20 146.43 187.33 183.78 118.98 79.47 99.85 143.80
7.53 5.86 7.49 9.68 12.51 13.87 15.30 16.85 22.09 28.53 36.30 45.90 45.90 45.90 45.90 45.90 45.90 45.90 45.90 45.90 45.01 28.80 17.32 9.89
145.78 137.09 112.54 90.81 72.30 72.93 74.02 55.70 26.90 32.21 38.58 37.71 37.44 37.83 26.38 29.69 25.94 8.67 6.71 5.08 10.25 21.21 24.85 25.93
130.77 121.40 128.12 137.83 150.44 126.38 111.27 102.75 106.55 112.97 120.58 131.85 157.93 203.62 160.53 126.88 100.21 56.39 27.43 10.66 0.00 0.00 0.00 29.94
102.43 91.18 88.39 93.24 107.05 111.14 116.60 123.54 167.64 224.62 230.00 230.00 230.00 230.00 230.00 230.00 230.00 230.00 143.79 61.81 55.20 65.69 95.95 74.45
11.95 6.48 4.27 3.39 5.65 6.85 11.16 11.54 9.53 31.58 91.16 72.44 66.87 72.78 112.90 183.98 238.50 198.87 93.89 22.78 25.85 30.15 35.91 31.81
22.31 19.65 15.86 12.61 9.86 7.86 6.18 4.84 7.26 10.55 27.66 69.25 52.95 100.00 56.12 30.00 30.00 29.21 25.01 21.93 16.91 13.23 26.22 9.26
200.03 197.59 182.54 170.08 162.21 108.50 73.23 51.76 46.23 41.67 38.60 22.82 14.79 12.05 0.00 0.00 32.45 53.40 82.45 120.55 167.93 238.57 268.00 268.00
56.16 61.97 67.01 77.31 94.69 73.15 55.32 40.33 20.81 10.11 5.50 0.00 0.00 0.00 17.78 51.39 117.24 127.44 141.03 157.41 134.97 119.73 111.38 148.87
0.00 0.00 0.00 0.00 0.00 0.00 0.00 0.00 0.00 0.00 0.00 0.00 0.00 0.00 0.00 0.00 0.00 0.00 0.00 0.00 0.00 0.00 0.00 0.00
12.99 12.67 14.96 17.70 20.98 21.81 23.24 25.34 37.27 48.75 91.77 162.50 162.50 162.50 162.50 162.50 162.50 162.50 162.50 162.50 162.50 148.78 73.96 31.28
53.95 40.28 40.83 41.57 42.26 56.08 74.19 96.19 113.90 136.22 91.28 138.71 163.65 97.60 130.61 142.89 146.36 173.69 126.49 88.73 121.13 172.77 185.40 131.41
0.00 0.00 0.00 0.00 0.00 0.00 0.00 0.00 0.00 0.00 0.00 0.00 0.00 0.00 0.00 0.00 0.00 0.00 0.00 0.00 0.00 0.00 0.00 0.00
68.32 58.35 65.49 74.09 83.41 101.00 121.00 144.21 176.91 215.61 260.84 257.14 271.07 305.01 272.84 247.09 227.58 190.11 158.73 132.28 88.07 58.84 41.83 30.09
176.50 176.50 176.50 167.17 145.06 153.24 161.76 170.78 176.50 130.37 52.95 52.95 52.95 52.95 52.95 52.95 52.95 52.95 98.98 176.50 176.50 176.50 176.50 176.50
8.39 20.51 8.93 9.68 10.64 12.31 14.14 16.29 20.54 25.51 31.23 46.09 93.25 61.08 111.17 114.23 117.38 102.02 88.87 77.57 45.69 24.11 10.75 7.67
681.75 642.18 520.61 416.18 328.78 400.43 484.61 577.18 753.03 480.72 257.10 257.10 257.10 257.10 257.10 257.10 257.10 165.22 96.73 51.95 117.27 289.27 419.29 318.85
777.35 729.53 535.25 471.13 371.13 450.12 539.75 641.35 832.90 1048.92 1010.31 545.80 317.40 317.40 317.40 317.40 303.38 186.31 104.99 53.06 75.69 138.99 462.62 430.57
539.94 539.94 435.56 298.62 198.48 151.82 114.93 85.04 195.20 372.97 539.94 895.48 539.95 539.94 745.19 539.94 539.94 539.94 539.94 539.94 718.71 378.06 352.19 277.07
21.77 14.82 16.09 17.49 19.12 20.57 21.95 23.50 30.32 39.70 51.91 81.00 134.45 319.85 159.05 179.56 159.03 157.42 110.31 73.39 25.25 4.80 0.00 0.00
50.54 36.51 36.73 37.31 37.63 35.83 34.27 32.52 37.18 43.72 84.30 132.68 291.11 415.21 312.77 239.93 113.68 64.92 25.50 15.30 5.42 0.00 0.00 3.12
64.30 24.38 23.64 22.75 22.07 23.83 25.67 27.90 32.88 38.54 44.69 75.40 78.00 78.00 78.00 78.00 78.00 78.00 78.00 78.00 128.66 199.08 177.46 218.37
33.47 25.74 26.77 27.94 29.14 29.87 30.86 31.76 38.27 46.02 55.21 110.28 171.72 171.72 171.72 171.72 171.72 171.72 171.72 149.36 111.99 82.25 58.83 57.09
5.07 3.66 3.69 3.74 3.78 3.60 3.44 3.26 3.73 4.39 9.20 15.80 29.22 41.68 31.40 24.08 13.39 6.61 2.56 1.54 0.54 0.00 0.00 0.31
120.47 46.89 45.45 43.76 42.44 45.83 49.37 53.65 63.22 74.11 85.94 145.01 150.00 150.00 150.00 150.00 150.00 150.00 150.00 150.00 247.33 382.84 341.26 419.95
66.44 47.15 51.06 56.60 63.17 55.26 48.87 42.57 70.04 107.33 156.83 278.88 326.40 326.40 326.40 326.40 326.40 326.40 326.40 326.40 268.77 160.96 187.99 62.82
36.30 25.74 30.38 36.64 45.04 46.13 47.25 48.29 72.14 103.41 142.66 215.00 267.06 267.06 267.06 267.06 267.06 267.06 267.06 267.06 214.78 141.12 90.24 59.22
94.40 88.77 72.88 58.80 46.82 47.22 47.93 36.06 17.42 20.86 24.98 24.42 24.24 24.49 17.08 18.99 16.54 5.61 4.34 3.29 6.25 13.28 16.09 16.79
116.00 109.09 89.55 72.26 57.53 58.03 58.90 44.32 21.41 25.63 30.70 30.00 29.79 30.10 20.99 23.48 20.49 6.90 5.34 4.04 7.90 16.58 19.77 20.63
168.48 125.80 127.51 129.81 131.97 175.13 231.70 300.39 355.70 425.42 284.94 469.25 511.09 303.69 454.05 466.38 395.58 542.43 395.03 277.10 378.27 539.55 579.00 410.39
426.17 212.97 241.04 151.46 54.04 160.56 261.31 178.41 438.39 281.31 501.30 281.17 150.39 150.39 150.39 150.39 150.39 150.39 150.39 150.39 148.33 281.15 501.30 469.56
217.20 162.17 164.38 167.34 170.13 225.76 298.70 387.23 458.54 548.42 367.30 612.80 658.86 391.32 605.65 614.30 493.67 699.26 509.24 357.21 487.64 695.54 746.40 529.04
302.34 225.74 228.81 232.94 236.83 314.26 415.79 539.03 638.30 763.41 511.25 864.63 917.14 544.47 880.86 881.73 661.83 973.38 708.87 497.24 678.80 968.20 1039.00 736.43
144.97 132.70 103.97 80.31 60.23 83.30 113.33 151.98 203.23 264.60 264.60 264.60 264.60 378.16 264.60 264.60 604.22 264.60 255.13 222.38 624.30 651.69 264.61 264.60
5.83 6.60 1.12 0.53 0.84 0.62 0.75 3.11 2.39 5.33 17.87 17.68 16.66 14.67 19.82 30.39 48.36 29.09 11.74 2.25 2.76 3.58 4.79 4.85
