643.30 643.30 643.30 643.30 643.30 643.30 643.30 643.30 605.38 475.02 349.46 192.99 192.99 192.99 192.99 192.99 332.00 284.63 332.94 615.51 643.30 643.30 643.30 643.30
780.20 780.20 780.20 780.20 780.20 780.20 780.20 780.20 753.44 589.85 433.01 234.06 234.06 234.06 234.06 234.06 419.03 342.76 405.43 748.14 780.20 780.20 780.20 780.20
73.81 87.77 103.48 108.80 98.16 103.43 69.48 44.62 44.65 44.76 44.91 22.89 16.43 32.03 12.03 7.51 6.37 9.54 20.20 24.67 32.88 44.71 60.54 77.32
130.58 155.29 183.09 192.50 162.22 183.00 122.92 78.94 79.00 79.19 79.47 40.48 27.51 55.93 20.69 13.28 11.28 16.97 35.85 43.64 58.17 79.10 107.11 136.81
11.20 38.98 16.28 15.39 14.60 8.99 5.33 7.92 2.58 2.74 4.77 9.82 23.61 51.43 22.40 7.80 0.00 0.00 0.00 0.00 1.02 2.09 4.12 8.09
116.00 116.00 116.00 116.00 89.61 79.23 70.76 47.35 30.08 34.80 34.80 34.80 34.80 34.80 34.80 58.96 82.36 34.80 34.80 34.80 60.50 111.37 113.50 116.00
11.87 41.50 17.26 16.31 15.47 9.53 5.65 8.40 2.73 2.91 5.06 10.44 25.03 54.52 23.74 8.27 0.00 0.00 0.00 0.00 1.08 2.22 4.36 8.57
18.85 67.83 27.42 25.92 24.58 15.14 8.97 13.35 4.34 4.65 8.07 17.01 39.76 86.62 37.72 13.13 0.00 0.00 0.00 0.00 1.71 3.52 6.93 13.62
228.20 229.28 274.52 278.54 287.35 183.57 66.94 62.16 44.82 31.56 21.91 72.45 155.17 254.49 128.11 55.92 21.45 17.21 10.59 3.72 8.98 20.69 80.57 189.59
135.71 170.00 170.00 167.88 169.53 165.33 161.15 157.06 96.01 51.00 51.00 51.00 51.00 51.00 51.00 51.00 51.00 95.49 170.00 170.00 170.00 170.00 170.00 170.00
159.66 200.00 200.00 197.51 199.45 194.51 189.59 184.77 112.86 60.00 60.00 60.00 60.00 60.00 60.00 60.00 60.00 112.31 200.00 200.00 200.00 200.00 200.00 200.00
41.40 40.45 34.98 30.24 26.12 27.39 28.62 29.98 41.40 41.40 41.40 41.40 41.40 41.40 41.40 41.40 41.40 41.40 41.40 41.40 41.40 41.40 41.40 41.40
4.57 5.02 5.77 6.74 7.99 5.90 4.23 2.92 4.01 10.01 23.13 23.55 23.97 24.33 14.49 27.09 28.67 17.09 9.64 12.55 8.35 6.93 5.92 6.58
48.44 32.24 25.33 19.83 15.69 18.53 22.32 27.03 33.34 49.33 106.28 144.48 217.60 217.60 217.60 217.60 134.72 104.24 65.28 65.28 65.28 65.28 65.28 65.28
176.10 200.00 200.00 200.00 200.00 200.00 163.15 119.37 107.37 52.91 60.00 60.00 59.09 57.53 57.36 57.76 58.49 60.00 60.00 60.00 84.70 172.48 200.00 200.00
133.13 151.20 151.20 151.20 151.20 151.20 123.34 90.24 81.07 40.00 45.36 45.36 44.67 43.49 43.36 43.67 44.22 45.36 45.36 45.36 64.30 130.65 151.20 151.20
77.04 87.50 87.50 87.50 87.50 87.50 71.38 52.22 46.76 23.15 26.25 26.25 25.85 25.17 25.09 25.27 25.59 26.25 26.25 26.25 37.43 75.79 87.50 87.50
124.59 141.50 141.50 141.50 141.50 141.50 115.43 84.45 75.84 37.43 42.45 42.45 41.80 40.70 40.58 40.86 41.38 42.45 42.45 42.45 60.23 122.31 141.50 141.50
162.89 185.00 185.00 185.00 185.00 185.00 150.91 110.42 99.28 48.94 55.50 55.50 54.65 53.22 53.06 53.43 54.11 55.50 55.50 55.50 78.45 159.64 185.00 185.00
114.90 130.50 130.50 130.50 130.50 130.50 106.45 77.89 69.92 34.52 39.15 39.15 38.55 37.54 37.43 37.69 38.17 39.15 39.15 39.15 55.60 112.85 130.50 130.50
256.22 291.00 291.00 291.00 291.00 291.00 237.38 173.68 156.41 76.98 87.30 87.30 85.97 83.71 83.46 84.04 85.11 87.30 87.30 87.30 122.29 250.05 291.00 291.00
0.00 0.00 0.00 0.00 0.00 0.00 0.00 0.00 0.00 0.00 0.00 0.00 0.00 0.00 0.00 0.00 0.00 0.00 0.00 0.00 0.00 0.00 0.00 0.00
170.60 170.60 170.60 170.60 170.60 170.60 170.60 129.44 116.21 155.83 103.48 51.18 51.18 51.18 51.18 51.18 51.18 51.18 51.18 51.18 95.98 170.60 170.60 170.60
164.00 164.00 164.00 164.00 164.00 164.00 164.00 124.43 112.15 148.85 99.00 49.20 49.20 49.20 49.20 49.20 49.20 49.20 49.20 49.20 92.28 164.00 164.00 164.00
220.20 220.20 220.20 220.20 220.20 220.20 220.20 167.07 146.33 208.93 137.47 66.06 66.06 66.06 66.06 66.06 66.06 66.06 66.06 66.06 123.80 220.20 220.20 220.20
785.50 785.50 785.50 785.50 785.50 785.50 785.50 595.98 458.73 785.09 509.29 235.65 235.65 235.65 235.65 235.65 235.65 235.65 235.65 235.65 440.78 785.50 785.50 785.50
282.50 282.50 282.50 282.50 282.50 282.50 282.50 214.34 183.56 276.23 180.45 84.75 84.75 84.75 84.75 84.75 84.75 84.75 84.75 84.75 158.74 282.50 282.50 282.50
63.54 88.63 36.00 32.36 67.31 28.45 28.91 29.90 36.00 36.00 88.65 96.29 120.00 120.00 120.00 120.00 120.00 120.00 120.00 120.00 120.00 120.00 120.00 120.00
21.50 26.23 26.49 26.93 27.72 19.23 12.74 7.92 13.52 21.37 29.88 31.88 29.88 29.88 31.39 29.88 29.82 29.88 29.88 29.88 31.77 24.42 19.07 22.73
132.19 161.29 162.87 165.60 170.49 118.28 78.36 48.73 83.12 131.39 183.75 234.28 183.76 183.75 210.51 183.75 183.40 183.75 183.75 183.75 229.39 150.15 117.29 139.81
9.35 6.22 4.89 3.83 3.03 3.58 4.31 5.22 6.44 9.52 21.85 31.00 42.00 42.00 42.00 42.00 29.54 21.20 12.60 12.60 12.60 12.60 12.60 12.60
10.82 11.89 13.66 15.97 18.92 13.96 10.01 6.91 9.48 23.66 54.77 55.77 56.76 57.62 34.22 64.14 67.87 40.40 22.81 35.91 19.77 16.42 14.01 15.59
9.41 10.34 11.88 13.88 16.45 12.14 8.70 6.01 8.25 20.58 47.63 48.50 49.35 50.10 29.77 55.77 59.01 35.14 19.84 30.13 17.19 14.28 12.18 13.56
1.75 1.92 2.21 2.58 3.06 2.26 1.62 1.12 1.53 3.84 8.84 9.00 9.17 9.30 5.57 10.36 10.96 6.55 3.68 4.30 3.20 2.65 2.26 2.52
200.00 200.00 195.26 172.13 146.20 125.64 107.68 92.29 153.82 186.24 171.07 83.48 60.00 60.00 60.00 60.00 60.00 60.00 60.00 60.00 60.00 68.89 108.42 191.94
163.96 177.71 176.63 178.70 184.45 158.61 138.74 124.47 170.75 228.27 298.05 238.37 188.74 146.45 30.92 0.00 0.00 24.78 108.48 297.57 338.60 338.60 338.60 338.60
129.57 84.36 92.76 76.50 42.57 80.29 81.16 34.29 94.89 80.19 150.00 84.20 45.00 45.00 45.00 45.00 45.00 45.00 45.00 45.00 45.00 84.18 149.99 150.00
129.57 84.36 92.76 76.50 42.57 80.29 81.16 34.29 94.89 80.19 150.00 84.20 45.00 45.00 45.00 45.00 45.00 45.00 45.00 45.00 45.00 84.18 149.99 150.00
8.64 5.76 4.96 3.93 2.84 3.86 3.22 1.41 4.91 5.45 10.00 5.66 3.00 3.00 3.00 3.00 3.00 3.00 3.00 3.00 3.00 5.66 10.00 10.00
159.66 200.00 200.00 197.51 199.45 194.51 189.59 184.77 112.86 60.00 60.00 60.00 60.00 60.00 60.00 60.00 60.00 112.31 200.00 200.00 200.00 200.00 200.00 200.00
93.88 117.60 117.60 116.13 117.27 114.37 111.48 108.65 66.59 35.28 35.28 35.28 35.28 35.28 35.28 35.28 35.28 66.10 117.60 117.60 117.60 117.60 117.60 117.60
118.17 140.53 165.68 174.20 148.85 165.60 111.24 71.44 71.49 71.66 71.91 36.63 25.18 50.78 18.86 12.02 10.21 15.33 32.42 39.49 52.64 71.58 96.93 123.80
169.25 201.27 237.30 249.50 202.15 237.19 159.32 102.31 102.39 102.63 103.00 52.46 34.51 71.69 26.17 17.22 14.62 22.07 46.55 56.57 75.40 102.52 138.83 177.32
13.66 14.60 19.15 25.09 30.00 22.48 14.65 8.96 12.50 16.96 30.01 21.60 20.88 20.31 20.48 51.11 21.42 23.07 24.90 26.85 22.75 19.59 17.35 20.20
20.07 21.47 28.15 36.88 44.10 33.04 21.53 13.17 18.38 24.93 48.42 31.76 30.69 29.85 30.11 75.22 31.48 33.92 36.60 39.47 33.44 28.80 25.50 29.70
139.80 139.80 139.80 78.86 111.41 48.59 38.25 36.44 41.94 41.94 41.94 41.94 41.94 41.94 41.94 41.94 50.50 111.85 139.80 135.62 103.80 91.59 139.80 139.80
0.00 0.00 0.00 0.00 0.00 0.00 0.00 0.00 0.00 0.00 0.00 0.00 0.00 0.00 0.00 0.00 0.00 0.00 0.00 0.00 0.00 0.00 0.00 0.00
187.33 187.32 187.33 105.53 153.69 69.23 51.25 48.83 56.20 56.20 56.20 56.20 56.20 56.20 56.20 56.20 64.20 146.43 187.33 183.78 138.32 119.08 187.33 187.33
45.90 45.90 44.87 37.34 30.93 32.95 34.98 37.16 45.90 45.90 45.90 45.90 45.90 45.90 45.90 45.90 45.90 45.90 45.90 45.90 45.90 45.90 45.90 45.90
149.80 149.80 149.80 149.80 115.72 102.32 91.37 61.15 38.85 44.94 44.94 44.94 44.94 44.94 44.94 76.67 107.25 44.94 44.94 44.94 80.98 146.70 146.57 149.80
121.35 131.53 130.72 132.26 136.51 117.39 102.68 92.12 126.37 168.94 220.59 176.42 139.68 108.39 22.88 0.00 0.00 18.34 80.28 220.24 250.60 250.60 250.60 250.60
105.50 115.46 112.30 113.84 120.24 104.99 93.79 85.82 67.63 52.55 39.87 39.82 42.43 48.12 44.70 41.89 39.21 28.50 19.93 13.23 10.57 14.04 25.53 26.66
29.18 70.53 38.44 19.48 18.83 25.23 33.50 20.57 5.78 7.53 9.35 23.52 59.58 129.52 62.61 23.81 5.81 0.00 0.00 0.00 0.00 0.00 0.00 4.16
30.00 30.00 29.76 22.24 16.16 13.20 10.71 8.59 15.93 26.65 56.19 100.00 56.25 100.00 56.12 30.00 30.00 30.00 30.00 30.00 30.00 26.64 48.01 24.45
126.31 151.01 137.97 133.71 138.74 129.27 122.85 120.17 96.74 79.93 69.30 32.66 30.34 60.89 61.36 164.42 268.00 268.00 268.00 268.00 268.00 268.00 268.00 268.00
87.93 89.78 70.08 57.02 49.66 33.91 26.03 24.59 17.22 17.57 25.73 28.20 68.06 171.50 164.50 221.70 250.00 250.00 250.00 250.00 250.00 250.00 248.18 250.00
0.00 0.00 0.00 0.00 0.00 0.00 0.00 0.00 0.00 0.00 0.00 0.00 0.00 0.00 0.00 0.00 0.00 0.00 0.00 0.00 0.00 0.00 0.00 0.00
39.77 48.10 38.84 31.15 25.02 25.35 26.06 27.06 40.75 48.75 91.77 162.50 162.50 162.50 162.50 162.50 162.50 162.50 162.50 162.50 162.50 162.50 96.21 48.75
104.12 109.76 102.81 101.28 104.65 91.92 80.60 70.47 103.86 148.86 104.02 160.49 185.40 104.53 130.61 142.89 146.36 185.40 185.40 185.40 185.40 185.40 166.29 146.02
0.00 0.00 0.00 0.00 0.00 0.00 0.00 0.00 0.00 0.00 0.00 0.00 0.00 0.00 0.00 0.00 0.00 0.00 0.00 0.00 0.00 0.00 0.00 0.00
116.57 101.88 93.89 90.32 89.38 82.82 77.25 72.78 117.78 185.10 281.70 294.52 306.46 320.23 332.60 332.60 332.60 332.60 332.60 332.60 292.93 218.01 184.21 143.00
176.50 176.50 176.50 176.50 176.50 176.50 176.50 176.50 176.50 130.37 52.95 52.95 52.95 52.95 52.95 52.95 52.95 52.95 98.98 176.50 176.50 176.50 176.50 176.50
39.00 80.40 30.98 29.33 27.75 26.40 25.29 24.17 36.11 39.00 39.00 56.82 113.69 73.53 130.00 130.00 130.00 130.00 130.00 130.00 130.00 130.00 130.00 95.85
857.00 857.00 857.00 795.91 687.81 627.08 570.26 520.97 791.15 480.72 257.10 257.10 257.10 257.10 257.10 257.10 257.10 257.10 257.10 257.10 465.33 778.37 640.79 857.00
1058.00 1058.00 958.56 910.58 773.42 664.66 569.64 488.22 813.73 1048.92 1010.31 545.80 317.40 317.40 317.40 317.40 317.40 317.40 317.40 317.40 317.40 319.73 539.41 1015.35
388.43 473.94 478.59 486.60 500.97 347.56 230.26 143.18 244.25 386.08 539.94 895.48 539.95 539.94 745.19 539.94 538.92 539.94 539.94 539.94 868.95 441.21 344.66 410.82
95.97 74.06 62.91 54.36 48.11 50.14 53.17 57.02 90.97 153.93 159.03 159.03 159.03 319.85 159.05 179.56 159.03 159.03 159.03 159.03 159.03 159.03 159.03 159.03
116.21 77.35 60.77 47.57 37.64 44.46 53.54 64.84 79.98 118.33 248.36 322.11 522.00 522.00 522.00 522.00 308.11 257.58 156.60 156.60 156.60 156.60 156.60 156.60
164.49 78.00 78.01 72.69 65.28 65.72 66.14 66.54 78.00 78.00 78.00 78.00 78.00 78.00 78.00 78.00 78.00 78.00 78.00 78.00 145.89 260.00 260.00 260.00
126.89 137.31 118.47 103.59 91.32 91.57 92.21 92.91 149.99 171.72 171.72 171.72 171.72 171.72 171.72 171.72 171.72 171.72 171.72 171.72 171.72 171.72 171.72 171.72
11.67 7.76 6.10 4.78 3.78 4.46 5.37 6.51 8.03 11.88 27.11 38.35 52.40 52.40 52.40 52.40 36.28 26.21 15.72 15.72 15.72 15.72 15.72 15.72
308.16 150.01 150.01 139.79 125.54 126.39 127.19 127.97 150.00 150.00 150.00 150.00 150.00 150.00 150.00 150.00 150.00 150.00 150.00 150.00 280.44 500.00 500.00 500.00
326.40 326.40 326.40 294.29 259.20 263.55 269.77 276.09 326.40 326.40 326.40 326.40 326.40 326.40 326.40 326.40 326.40 326.40 326.40 326.40 326.40 326.40 678.68 326.40
267.06 260.93 225.63 195.04 168.52 176.71 184.60 193.41 267.06 267.06 267.06 267.06 267.06 267.06 267.06 267.06 267.06 267.06 267.06 267.06 267.06 267.06 267.06 267.06
97.00 97.00 97.00 97.00 74.93 66.26 59.17 39.59 25.16 29.10 29.10 29.10 29.10 29.10 29.10 49.03 68.38 29.10 29.10 29.10 49.35 91.87 94.91 97.00
119.20 119.20 119.20 119.20 92.08 81.42 72.71 48.65 30.92 35.76 35.76 35.76 35.76 35.76 35.76 60.63 84.71 35.76 35.76 35.76 62.41 114.69 116.63 119.20
325.17 342.79 321.08 316.29 326.83 287.07 251.71 220.06 324.36 464.89 324.69 542.91 579.00 325.26 454.05 466.38 395.58 578.99 579.00 579.00 579.00 579.00 519.32 456.02
433.03 281.35 400.13 312.48 142.26 276.01 286.38 122.01 328.53 267.61 501.30 281.17 150.39 150.39 150.39 150.39 150.39 150.39 150.39 150.39 150.39 281.15 501.30 501.30
419.18 441.89 413.91 407.73 421.32 370.07 324.48 283.69 418.14 599.30 418.54 708.99 746.40 419.11 605.65 614.30 493.67 746.39 746.40 746.40 746.40 746.40 669.47 587.87
583.51 615.12 576.18 567.57 586.48 515.15 451.68 394.90 582.06 834.24 582.57 1000.33 1039.00 583.14 880.86 881.73 661.83 1038.99 1039.00 1039.00 1039.00 1039.00 931.91 818.32
173.37 199.80 204.49 213.21 224.63 178.66 139.51 106.27 148.55 200.64 264.41 264.60 264.60 378.16 264.60 264.60 604.22 264.60 264.60 264.60 651.99 645.24 220.92 239.88
5.03 16.09 7.31 6.91 6.55 4.03 2.40 3.55 1.16 1.22 2.13 4.28 10.60 23.08 10.05 3.50 0.00 0.00 0.00 0.00 0.46 0.94 1.85 3.63
