198.34 181.49 205.77 231.65 260.74 225.78 195.18 167.41 159.07 126.84 94.83 90.56 143.49 192.99 192.99 192.99 332.00 284.63 332.94 615.51 643.30 643.30 643.30 643.30
240.55 220.11 249.56 280.95 316.23 273.83 236.71 203.04 197.97 157.50 117.50 109.83 174.02 234.06 234.06 234.06 419.03 342.76 405.43 748.14 780.20 780.20 780.20 780.20
56.40 58.33 56.22 54.73 48.23 56.42 59.25 62.57 88.31 108.80 108.80 61.07 46.17 90.35 42.61 32.64 32.64 47.20 74.13 47.82 60.79 78.24 100.83 102.44
99.78 103.21 99.48 96.83 79.71 99.82 104.84 110.70 156.25 192.50 192.50 108.00 77.30 157.79 73.27 57.75 57.75 83.96 131.55 84.60 107.56 138.42 178.40 181.24
5.60 14.16 4.47 3.21 2.41 2.49 2.58 6.58 3.48 6.10 17.18 17.13 15.25 13.09 23.48 40.02 64.00 41.44 19.09 4.74 4.26 4.82 6.60 6.58
51.34 51.61 52.28 54.49 57.83 72.91 89.75 80.56 34.80 34.80 34.80 34.80 34.80 34.80 34.80 58.96 82.36 34.80 34.80 34.80 60.50 111.37 116.00 116.00
5.93 15.08 4.74 3.41 2.55 2.64 2.74 6.97 3.69 6.47 18.23 18.22 16.17 13.87 24.89 42.43 67.84 43.93 20.23 5.03 4.52 5.11 7.00 6.97
9.43 24.64 7.53 5.41 4.05 4.19 4.34 11.08 5.86 10.34 29.06 29.67 25.69 22.04 39.55 67.40 107.78 69.79 32.15 7.99 7.18 8.12 11.12 11.08
252.10 211.55 234.45 224.97 222.55 153.75 58.14 54.10 57.36 62.77 70.24 186.84 272.45 292.15 381.51 488.36 613.38 394.64 178.28 41.70 44.74 52.99 128.90 269.73
71.15 71.89 74.58 78.11 83.07 99.23 117.53 138.15 96.01 51.00 51.00 51.00 51.00 51.00 51.00 51.00 51.00 95.49 170.00 170.00 170.00 170.00 170.00 170.00
83.70 84.58 87.74 91.90 97.74 116.74 138.27 162.52 112.86 60.00 60.00 60.00 60.00 60.00 60.00 60.00 60.00 112.31 200.00 200.00 200.00 200.00 200.00 200.00
7.26 5.56 4.65 3.88 3.21 3.21 3.21 3.24 4.32 5.65 7.22 17.21 36.65 41.40 41.40 41.40 41.40 41.40 41.40 41.40 41.40 41.40 41.40 40.53
4.80 4.93 4.77 4.63 4.49 4.70 4.91 5.14 7.16 18.14 34.00 33.99 34.00 34.00 19.16 34.00 34.00 19.11 8.68 5.99 6.39 8.44 10.20 10.20
14.54 17.84 15.68 13.65 11.95 11.03 10.17 9.25 7.89 6.77 9.66 19.73 53.83 98.49 106.75 133.95 114.17 65.13 29.80 22.03 23.66 25.68 28.46 21.42
132.85 152.20 151.59 150.71 150.34 169.02 189.12 200.00 147.17 60.00 60.00 60.00 60.00 60.00 60.00 60.00 60.00 60.00 60.00 50.13 84.70 172.48 200.00 200.00
100.43 115.07 114.60 113.94 113.65 127.78 142.97 151.20 111.12 45.36 45.36 45.36 45.36 45.36 45.36 45.36 45.36 45.36 45.36 37.90 64.30 130.65 151.20 151.20
58.12 66.59 66.32 65.94 65.77 73.94 82.74 87.50 64.10 26.25 26.25 26.25 26.25 26.25 26.25 26.25 26.25 26.25 26.25 21.93 37.43 75.79 87.50 87.50
93.99 107.68 107.25 106.63 106.36 119.58 133.80 141.50 103.96 42.45 42.45 42.45 42.45 42.45 42.45 42.45 42.45 42.45 42.45 35.47 60.23 122.31 141.50 141.50
122.88 140.79 140.22 139.41 139.06 156.34 174.93 185.00 136.09 55.50 55.50 55.50 55.50 55.50 55.50 55.50 55.50 55.50 55.50 46.37 78.45 159.64 185.00 185.00
86.68 99.31 98.91 98.34 98.09 110.28 123.40 130.50 95.84 39.15 39.15 39.15 39.15 39.15 39.15 39.15 39.15 39.15 39.15 32.71 55.60 112.85 130.50 130.50
193.29 221.46 220.56 219.28 218.74 245.92 275.17 291.00 214.40 87.30 87.30 87.30 87.30 87.30 87.30 87.30 87.30 87.30 87.30 72.94 122.29 250.05 291.00 291.00
0.00 0.00 0.00 0.00 0.00 0.00 0.00 0.00 0.00 0.00 0.00 0.00 0.00 0.00 0.00 0.00 0.00 0.00 0.00 0.00 0.00 0.00 0.00 0.00
112.71 127.91 125.57 123.60 121.82 149.79 170.60 170.60 123.33 155.83 103.48 51.18 51.18 51.18 51.18 51.18 51.18 51.18 51.18 51.18 95.98 170.60 170.60 170.60
108.35 122.96 120.71 118.82 117.10 143.99 164.00 164.00 119.02 148.85 99.00 49.20 49.20 49.20 49.20 49.20 49.20 49.20 49.20 49.20 92.28 164.00 164.00 164.00
145.48 165.10 162.08 159.53 157.23 193.34 220.20 220.20 155.30 208.93 137.47 66.06 66.06 66.06 66.06 66.06 66.06 66.06 66.06 66.06 123.80 220.20 220.20 220.20
518.95 588.95 578.17 569.09 560.88 689.67 785.50 785.50 486.84 785.09 509.29 235.65 235.65 235.65 235.65 235.65 235.65 235.65 235.65 235.65 440.78 785.50 785.50 785.50
186.64 211.81 207.94 204.67 201.72 248.04 282.50 282.50 194.81 276.23 180.45 84.75 84.75 84.75 84.75 84.75 84.75 84.75 84.75 84.75 158.74 282.50 282.50 282.50
21.16 27.18 10.96 11.05 26.36 13.63 16.61 20.44 21.59 23.02 61.64 90.96 120.00 120.00 120.00 120.00 120.00 120.00 120.00 120.00 120.00 120.00 120.00 120.00
13.51 14.05 13.68 13.28 12.97 13.91 14.97 16.10 23.58 29.88 29.88 31.88 29.88 29.88 31.39 29.88 29.88 29.88 27.62 12.73 17.96 22.65 29.88 27.01
83.08 86.38 84.12 81.67 79.77 85.53 92.06 99.01 145.00 183.75 183.75 234.28 183.76 183.75 210.51 183.75 183.75 183.75 169.88 78.27 129.72 139.29 183.75 166.13
2.81 3.44 3.03 2.64 2.31 2.13 1.96 1.79 1.52 1.31 1.99 4.23 10.39 19.01 20.60 25.85 25.04 13.25 5.75 4.25 4.57 4.96 5.49 4.13
11.37 11.66 11.30 10.97 10.64 11.12 11.62 12.17 16.96 42.88 80.50 80.49 80.50 80.50 45.25 80.50 80.50 45.19 20.56 17.13 15.13 19.98 24.15 24.15
9.89 10.14 9.82 9.54 9.25 9.67 10.10 10.58 14.75 37.30 70.00 69.99 70.00 70.00 39.36 70.00 70.00 39.30 17.88 14.37 13.16 17.37 21.00 21.00
1.84 1.88 1.82 1.77 1.72 1.80 1.88 1.97 2.74 6.96 13.00 12.99 13.00 13.00 7.37 13.00 13.00 7.33 3.32 2.05 2.45 3.23 3.90 3.90
86.03 87.71 82.28 84.70 89.23 108.19 130.19 155.32 197.34 186.24 171.07 83.48 60.00 60.00 60.00 60.00 60.00 60.00 60.00 39.65 60.00 83.60 171.41 200.00
211.96 199.50 176.76 156.00 136.99 164.69 197.00 233.65 277.85 327.78 338.60 338.60 338.60 338.60 338.60 338.60 338.60 338.60 338.60 338.60 338.60 338.60 338.60 338.60
73.19 43.39 45.74 37.66 20.82 51.75 70.55 40.98 115.37 84.30 150.00 84.20 45.00 45.00 45.00 45.00 45.00 45.00 45.00 32.40 40.12 84.18 149.99 150.00
73.19 43.39 45.74 37.66 20.82 51.75 70.55 40.98 115.37 84.30 150.00 84.20 45.00 45.00 45.00 45.00 45.00 45.00 45.00 32.40 40.12 84.18 149.99 150.00
4.88 2.96 2.44 1.93 1.39 2.49 2.80 1.68 5.97 5.73 10.00 5.66 3.00 3.00 3.00 3.00 3.00 3.00 3.00 2.16 2.68 5.66 10.00 10.00
83.70 84.58 87.74 91.90 97.74 116.74 138.27 162.52 112.86 60.00 60.00 60.00 60.00 60.00 60.00 60.00 60.00 112.31 200.00 200.00 200.00 200.00 200.00 200.00
49.22 49.73 51.59 54.04 57.47 68.64 81.30 95.56 66.59 35.28 35.28 35.28 35.28 35.28 35.28 35.28 35.28 66.10 117.60 117.60 117.60 117.60 117.60 117.60
90.30 93.39 90.02 87.63 73.14 90.33 94.87 100.18 141.40 174.20 174.20 97.74 70.73 143.27 66.79 52.26 52.26 75.89 118.97 76.56 97.33 125.26 161.44 164.01
129.33 133.76 128.93 125.50 99.32 129.38 135.88 143.48 202.52 249.50 249.50 139.96 96.96 202.25 92.70 74.85 74.85 109.23 170.84 109.65 139.41 179.41 231.23 234.91
14.54 15.14 14.80 14.45 14.08 15.24 16.42 17.71 25.53 30.00 40.31 30.00 30.00 30.00 30.00 73.62 30.00 30.00 27.06 14.17 20.29 28.80 30.00 30.00
21.38 22.25 21.76 21.24 20.70 22.41 24.14 26.03 37.54 44.10 65.03 44.10 44.10 44.10 44.10 108.35 44.10 44.10 39.78 20.83 29.82 42.34 44.10 44.10
36.74 34.54 36.80 22.21 33.79 12.41 8.26 6.50 6.19 5.91 5.65 13.12 25.21 41.94 41.94 41.94 50.50 111.85 139.80 135.62 103.80 91.59 139.80 139.80
0.00 0.00 0.00 0.00 0.00 0.00 0.00 0.00 0.00 0.00 0.00 0.00 0.00 0.00 0.00 0.00 0.00 0.00 0.00 0.00 0.00 0.00 0.00 0.00
49.23 46.29 49.31 29.72 46.62 17.68 11.06 8.71 8.30 7.93 7.57 17.58 33.78 56.20 56.20 56.20 64.20 146.43 187.33 183.78 138.32 119.08 187.33 187.33
9.77 7.06 6.57 6.14 5.73 5.95 6.21 6.53 8.07 9.88 11.98 24.16 44.53 45.90 45.90 45.90 45.90 45.90 45.90 45.90 45.90 45.90 45.90 45.90
66.31 66.65 67.51 70.37 74.69 94.16 115.90 104.05 44.94 44.94 44.94 44.94 44.94 44.94 44.94 76.67 107.25 44.94 44.94 44.94 80.98 146.70 149.80 149.80
156.87 147.65 130.82 115.46 101.39 121.89 145.80 172.92 205.64 242.59 250.60 250.60 250.60 250.60 250.60 250.60 250.60 250.60 250.60 250.60 250.60 250.60 250.60 250.60
132.98 135.91 133.15 131.52 132.14 129.58 127.43 124.78 174.90 230.00 230.00 230.00 230.00 230.00 230.00 230.00 230.00 230.00 191.00 121.26 168.02 227.88 230.00 230.00
28.22 44.09 17.77 6.92 5.56 10.72 19.32 14.68 5.73 10.89 20.55 15.14 11.19 8.59 15.03 27.44 47.43 29.60 22.11 14.72 21.42 34.06 54.28 45.24
12.37 12.78 11.73 11.05 10.76 11.38 12.05 12.69 17.84 24.24 56.19 100.00 56.25 100.00 56.12 30.00 30.00 30.00 23.93 13.21 17.66 24.65 73.71 28.67
268.00 268.00 268.00 250.20 223.27 237.60 253.93 268.00 268.00 268.00 268.00 268.00 268.00 268.00 268.00 268.00 268.00 268.00 268.00 268.00 268.00 268.00 268.00 268.00
102.73 104.27 104.79 105.46 106.57 114.74 123.48 132.26 126.70 121.20 115.51 117.83 121.38 127.81 157.00 192.27 233.63 250.00 250.00 250.00 250.00 250.00 250.00 250.00
0.00 0.00 0.00 0.00 0.00 0.00 0.00 0.00 0.00 0.00 0.00 0.00 0.00 0.00 0.00 0.00 0.00 0.00 0.00 0.00 0.00 0.00 0.00 0.00
12.73 11.98 11.65 11.55 11.74 11.65 11.81 12.29 15.22 18.59 42.67 119.34 162.50 162.50 162.50 162.50 162.50 162.50 162.50 162.50 162.50 162.50 96.21 48.75
78.44 80.85 76.79 73.21 69.82 71.90 74.47 77.08 111.05 154.05 104.02 160.49 185.40 104.55 130.61 142.89 146.36 185.40 185.40 157.38 176.50 185.40 185.40 185.40
0.00 0.00 0.00 0.00 0.00 0.00 0.00 0.00 0.00 0.00 0.00 0.00 0.00 0.00 0.00 0.00 0.00 0.00 0.00 0.00 0.00 0.00 0.00 0.00
98.90 95.73 88.40 82.63 79.11 82.62 85.89 89.42 118.31 152.18 193.00 227.22 274.32 332.60 332.60 332.60 332.60 332.60 268.54 191.07 196.00 202.45 209.61 205.54
107.96 122.41 133.99 148.27 165.30 176.50 176.50 176.50 176.50 130.37 52.95 52.95 52.95 52.95 52.95 52.95 52.95 52.95 98.98 176.50 176.50 176.50 176.50 176.50
11.69 28.28 11.36 11.35 11.40 11.18 11.10 11.07 13.77 16.88 20.51 43.54 113.69 73.53 130.00 130.00 130.00 130.00 122.09 74.99 103.86 130.00 130.00 95.85
365.66 375.09 367.91 376.41 402.64 508.58 630.83 774.65 856.99 480.72 257.10 257.10 257.10 257.10 257.10 257.10 257.10 257.10 257.10 216.15 465.33 841.64 857.00 857.00
455.12 463.98 403.92 448.06 472.01 572.33 688.70 821.66 1043.97 1048.92 1010.31 545.80 317.40 317.40 317.40 317.40 317.40 317.40 317.40 209.74 317.40 387.97 852.76 1058.00
244.13 253.81 247.18 239.97 234.41 251.31 270.51 290.94 426.08 539.94 539.94 895.48 539.95 539.94 745.19 539.94 539.94 539.94 499.17 230.00 491.38 409.28 539.94 488.16
21.63 21.64 17.69 14.74 12.50 12.07 11.75 11.35 8.10 5.64 3.87 12.43 36.65 172.89 96.73 130.24 143.77 117.30 98.09 85.00 85.75 87.35 89.07 74.95
34.88 42.81 37.61 32.76 28.66 26.46 24.38 22.19 18.92 16.23 22.58 43.99 129.13 236.26 256.08 321.33 261.11 160.94 71.49 52.85 56.77 61.61 68.28 51.39
55.35 23.90 24.84 25.84 27.19 21.24 16.46 12.54 12.63 12.81 12.90 32.38 66.34 78.00 78.00 78.00 78.00 78.00 78.00 78.00 145.89 260.00 260.00 260.00
28.11 25.30 21.84 18.66 16.19 14.77 13.81 13.08 13.61 14.36 15.12 44.62 109.39 171.72 171.72 171.72 171.72 171.72 171.72 171.72 171.72 171.72 171.72 152.81
3.50 4.30 3.78 3.29 2.88 2.66 2.45 2.23 1.90 1.63 2.46 5.24 12.96 23.72 25.71 32.26 30.75 16.38 7.18 5.31 5.70 6.18 6.85 5.16
103.69 45.95 47.76 49.70 52.29 40.85 31.66 24.12 24.28 24.64 24.81 62.27 127.57 150.00 150.00 150.00 150.00 150.00 150.00 150.00 280.44 500.00 500.00 500.00
121.92 110.46 78.52 53.92 35.44 37.48 40.32 44.38 48.13 52.07 56.65 141.43 320.97 326.40 326.40 326.40 326.40 326.40 326.40 326.40 326.40 326.40 678.68 326.40
46.80 35.86 30.02 25.06 20.72 20.68 20.70 20.89 27.86 36.46 46.59 110.99 236.39 267.06 267.06 267.06 267.06 267.06 267.06 267.06 267.06 267.06 267.06 261.42
42.93 43.16 43.72 45.57 48.36 60.97 75.05 67.36 29.10 29.10 29.10 29.10 29.10 29.10 29.10 49.03 68.38 29.10 29.10 29.10 49.35 91.87 97.00 97.00
52.76 53.04 53.72 55.99 59.43 74.93 92.22 82.79 35.76 35.76 35.76 35.76 35.76 35.76 35.76 60.63 84.71 35.76 35.76 35.76 62.41 114.69 119.20 119.20
244.97 252.49 239.83 228.64 218.05 224.54 232.58 240.71 346.82 481.10 324.69 542.91 579.00 325.32 454.05 466.38 395.58 578.99 579.00 491.49 551.21 579.00 579.00 579.00
244.59 144.70 197.30 153.84 69.59 177.91 248.94 145.81 399.40 281.31 501.30 281.17 150.39 150.39 150.39 150.39 150.39 150.39 150.39 108.28 134.06 281.15 501.30 501.30
315.79 325.49 309.17 294.74 281.09 289.46 299.82 310.30 447.09 620.20 418.54 708.99 746.40 419.18 605.65 614.30 493.67 746.39 746.40 633.59 710.58 746.40 746.40 746.40
439.58 453.09 430.36 410.29 391.29 402.93 417.35 431.94 622.36 863.32 582.57 1000.33 1039.00 583.24 880.86 881.73 661.83 1038.99 1039.00 881.97 989.14 1039.00 1039.00 1039.00
128.41 135.96 130.98 125.75 121.23 132.23 143.35 155.09 217.96 264.60 264.60 264.60 264.60 378.16 264.60 264.60 604.22 264.60 264.60 169.55 542.96 651.69 264.61 264.60
2.51 5.85 2.01 1.44 1.08 1.12 1.16 2.95 1.56 2.72 7.66 7.47 6.85 5.87 10.54 17.96 28.72 18.60 8.56 2.13 1.91 2.16 2.96 2.95
