427.91 377.45 287.72 213.92 154.01 30.91 0.00 0.00 68.88 278.58 349.46 192.99 192.99 192.99 192.99 192.99 332.00 284.63 332.94 615.51 643.30 643.30 643.30 643.30
518.97 457.77 348.95 259.45 186.78 37.48 0.00 0.00 85.73 345.93 433.01 234.06 234.06 234.06 234.06 234.06 419.03 342.76 405.43 748.14 780.20 780.20 780.20 780.20
108.80 108.80 108.80 108.80 98.16 108.80 108.80 84.31 84.90 85.75 86.57 33.92 17.05 20.75 12.06 11.75 15.16 13.30 16.61 13.46 11.57 10.02 8.79 5.73
192.50 192.50 192.50 192.50 162.22 192.50 192.50 149.16 150.22 151.72 153.17 59.98 28.55 36.23 20.73 20.78 26.82 23.66 29.48 23.81 20.47 17.73 15.56 10.13
5.75 48.19 29.34 37.50 37.50 30.84 15.84 16.69 11.27 22.95 71.19 52.85 32.68 17.37 28.28 44.41 66.21 50.84 30.45 10.82 10.34 9.82 9.32 8.68
13.53 17.88 34.04 57.87 90.91 116.00 116.00 85.72 34.80 34.80 34.80 34.80 34.80 34.80 34.80 58.96 82.36 19.32 9.63 4.71 9.62 21.05 26.38 24.40
6.09 51.30 31.10 39.75 39.75 32.69 16.79 17.69 11.94 24.35 75.51 56.18 34.64 18.41 29.98 47.07 70.18 53.89 32.28 11.47 10.96 10.41 9.88 9.20
9.68 83.86 49.41 63.15 63.15 51.94 26.66 28.11 18.97 38.90 120.40 91.50 55.04 29.25 47.63 74.78 111.50 85.62 51.30 18.22 17.41 16.53 15.69 14.62
622.97 524.08 623.00 623.00 623.00 436.99 108.50 62.37 84.97 112.40 146.28 226.59 176.99 90.53 137.10 206.10 304.05 177.12 73.14 16.83 24.24 33.47 85.99 104.52
170.00 170.00 170.00 170.00 170.00 170.00 170.00 152.40 96.01 51.00 51.00 51.00 51.00 47.27 41.40 39.25 40.11 46.11 46.62 23.94 16.18 11.18 8.16 0.00
200.00 200.00 200.00 200.00 200.00 200.00 200.00 179.29 112.86 60.00 60.00 60.00 60.00 55.61 48.71 46.17 47.19 54.23 54.85 28.17 19.03 13.16 9.60 0.00
10.34 6.81 5.79 4.84 4.03 1.92 0.00 0.00 0.81 6.01 20.90 26.50 33.06 40.69 41.40 41.40 41.40 41.40 41.40 41.40 41.40 40.25 38.90 36.14
10.20 10.20 10.20 10.20 10.20 10.20 9.52 6.63 6.12 10.66 17.46 14.67 12.17 10.06 5.71 10.92 12.39 3.50 0.82 0.42 0.26 0.21 0.20 0.23
13.09 14.08 9.34 5.83 3.39 0.00 3.47 13.75 48.70 65.28 106.28 144.48 217.60 162.89 157.06 150.43 89.58 45.10 17.27 9.94 7.87 6.73 6.38 6.64
200.00 200.00 200.00 200.00 200.00 200.00 200.00 200.00 147.17 60.00 60.00 47.52 36.06 26.71 28.19 30.79 34.43 18.57 8.83 3.67 4.04 6.46 5.97 0.00
151.20 151.20 151.20 151.20 151.20 151.20 151.20 151.20 111.12 45.36 45.36 35.93 27.26 20.19 21.31 23.28 26.03 14.04 6.68 2.78 3.07 4.89 4.51 0.00
87.50 87.50 87.50 87.50 87.50 87.50 87.50 87.50 64.10 26.25 26.25 20.79 15.77 11.69 12.33 13.47 15.06 8.12 3.86 1.61 1.78 2.84 2.61 0.00
141.50 141.50 141.50 141.50 141.50 141.50 141.50 141.50 103.96 42.45 42.45 33.62 25.51 18.90 19.94 21.78 24.36 13.14 6.25 2.60 2.87 4.58 4.22 0.00
185.00 185.00 185.00 185.00 185.00 185.00 185.00 185.00 136.09 55.50 55.50 43.96 33.35 24.71 26.07 28.48 31.85 17.18 8.17 3.40 3.74 5.98 5.52 0.00
130.50 130.50 130.50 130.50 130.50 130.50 130.50 130.50 95.84 39.15 39.15 31.01 23.53 17.43 18.39 20.09 22.47 12.12 5.76 2.40 2.65 4.22 3.89 0.00
291.00 291.00 291.00 291.00 291.00 291.00 291.00 291.00 214.40 87.30 87.30 69.14 52.46 38.87 41.01 44.80 50.10 27.02 12.85 5.35 5.83 9.36 8.68 0.00
0.00 0.00 0.00 0.00 0.00 0.00 0.00 0.00 0.00 0.00 0.00 0.00 0.00 0.00 0.00 0.00 0.00 0.00 0.00 0.00 0.00 0.00 0.00 0.00
170.60 170.60 170.60 170.60 170.60 170.60 170.60 170.60 123.33 155.83 103.48 51.18 40.87 31.55 32.96 35.29 38.66 21.52 10.49 4.21 6.17 8.71 7.12 0.00
164.00 164.00 164.00 164.00 164.00 164.00 164.00 164.00 119.02 148.85 99.00 49.20 39.29 30.33 31.69 33.92 37.17 20.69 10.08 4.05 5.93 8.37 6.84 0.00
220.20 220.20 220.20 220.20 220.20 220.20 220.20 220.20 155.30 208.93 137.47 66.06 52.75 40.72 42.54 45.55 49.90 27.78 13.54 5.43 7.96 11.24 9.18 0.00
785.50 785.50 785.50 785.50 785.50 785.50 785.50 785.50 486.84 785.09 509.29 235.65 188.19 145.25 151.77 162.48 178.02 99.09 48.28 19.38 28.34 40.11 32.76 0.00
282.50 282.50 282.50 282.50 282.50 282.50 282.50 282.50 194.81 276.23 180.45 84.75 67.68 52.24 54.58 58.44 64.02 35.64 17.36 6.97 10.21 14.43 11.78 0.00
67.44 88.63 36.00 36.00 84.17 36.00 36.00 36.00 36.00 36.00 88.65 96.29 120.00 120.00 120.00 120.00 120.00 89.94 55.78 31.72 29.53 27.23 25.30 22.28
29.88 29.88 29.88 29.88 29.88 29.88 29.88 29.88 29.88 29.88 29.88 31.88 23.95 18.22 21.87 23.87 27.40 15.17 7.59 3.48 2.97 2.21 1.72 0.00
183.75 183.75 183.75 183.75 183.75 183.75 183.75 183.75 183.75 183.75 183.75 234.28 147.26 112.04 146.63 146.81 168.47 93.27 46.65 21.42 21.44 13.60 10.60 0.00
2.53 2.72 1.80 1.13 0.65 0.00 0.67 2.65 9.40 12.60 21.85 31.00 42.00 31.44 30.31 29.03 19.64 9.17 3.33 1.92 1.52 1.30 1.23 1.28
24.15 24.15 24.15 24.15 24.15 24.15 22.55 15.70 14.49 25.21 41.34 34.74 28.81 23.82 13.48 25.85 29.33 8.27 1.95 1.21 0.60 0.50 0.48 0.55
21.00 21.00 21.00 21.00 21.00 21.00 19.61 13.65 12.60 21.92 35.94 30.21 25.05 20.71 11.72 22.48 25.51 7.19 1.70 1.02 0.53 0.44 0.42 0.48
3.90 3.90 3.90 3.90 3.90 3.90 3.64 2.54 2.34 4.09 6.68 5.61 4.65 3.85 2.19 4.18 4.74 1.34 0.32 0.14 0.10 0.08 0.08 0.09
15.07 77.97 179.11 200.00 200.00 200.00 200.00 200.00 200.00 186.24 171.07 83.48 60.00 60.00 60.00 60.00 60.00 60.00 33.48 11.71 13.52 21.52 50.22 27.48
200.47 173.69 147.74 125.53 105.87 80.19 65.37 59.26 55.31 51.53 48.89 12.53 0.00 0.00 0.00 25.51 75.19 82.62 91.18 102.65 109.39 120.61 138.50 143.61
150.00 84.36 92.76 78.82 45.00 106.15 137.43 75.93 141.55 84.30 150.00 74.68 33.04 27.03 27.28 28.45 30.90 16.64 7.64 2.70 1.85 2.43 3.29 0.00
150.00 84.36 92.76 78.82 45.00 106.15 137.43 75.93 141.55 84.30 150.00 74.68 33.04 27.03 27.28 28.45 30.90 16.64 7.64 2.70 1.85 2.43 3.29 0.00
10.00 5.76 4.96 4.05 3.00 5.11 5.45 3.11 7.33 5.73 10.00 5.02 2.20 1.80 1.82 1.90 2.06 1.11 0.51 0.18 0.12 0.16 0.22 0.00
200.00 200.00 200.00 200.00 200.00 200.00 200.00 179.29 112.86 60.00 60.00 60.00 60.00 55.61 48.71 46.17 47.19 54.23 54.85 28.17 19.03 13.16 9.60 0.00
117.60 117.60 117.60 117.60 117.60 117.60 117.60 105.42 66.59 35.28 35.28 35.28 35.28 32.70 28.64 27.15 27.75 31.92 32.25 16.56 11.19 7.74 5.65 0.00
174.20 174.20 174.20 174.20 148.85 174.20 174.20 134.98 135.94 137.30 138.61 54.28 26.12 32.90 18.90 18.81 24.27 21.38 26.66 21.54 18.53 16.04 14.08 9.17
249.50 249.50 249.50 249.50 202.15 249.50 249.50 193.33 194.69 196.65 198.53 77.73 35.81 46.44 26.23 26.94 34.76 30.77 38.29 30.86 26.53 22.98 20.16 13.13
30.00 30.00 30.00 30.00 30.00 30.00 30.00 30.00 27.70 25.47 31.31 18.06 13.61 10.02 10.69 29.10 13.63 7.14 3.37 1.51 1.09 0.79 0.61 0.00
44.10 44.10 44.10 44.10 44.10 44.10 44.10 44.10 40.72 37.44 50.52 26.55 20.00 14.73 15.72 42.82 20.04 10.49 4.96 2.22 1.60 1.16 0.89 0.00
77.07 59.39 49.32 22.77 26.06 2.30 0.00 0.00 4.63 21.82 41.94 41.94 41.94 41.94 41.94 41.94 50.50 111.85 139.80 135.62 103.80 91.59 139.80 139.80
0.00 0.00 0.00 0.00 0.00 0.00 0.00 0.00 0.00 0.00 0.00 0.00 0.00 0.00 0.00 0.00 0.00 0.00 0.00 0.00 0.00 0.00 0.00 0.00
103.27 79.59 66.09 30.48 35.96 3.27 0.00 0.00 6.20 29.23 56.20 56.20 56.20 56.20 56.20 56.20 64.20 146.43 187.33 183.78 138.32 119.08 187.33 187.33
13.84 9.80 8.11 6.64 5.44 2.72 1.11 0.00 0.00 6.14 24.56 28.09 32.19 36.94 45.90 45.90 45.90 45.90 45.90 45.90 45.90 45.90 45.90 45.90
17.47 23.09 43.95 74.74 117.40 149.80 149.80 110.71 44.94 44.94 44.94 44.94 44.94 44.94 44.94 76.67 107.25 24.95 12.43 6.08 12.87 27.73 34.07 31.51
148.37 128.55 109.35 92.90 78.35 59.35 48.38 43.86 40.93 38.14 36.18 9.27 0.00 0.00 0.00 18.88 55.65 61.15 67.48 75.97 80.96 89.26 102.51 106.29
230.00 230.00 230.00 230.00 230.00 172.21 115.47 74.56 55.04 39.60 28.45 15.77 7.48 0.00 0.00 6.67 17.43 14.10 17.13 27.40 28.44 30.61 34.45 47.34
56.60 207.55 121.96 68.83 71.55 89.86 93.37 36.50 19.60 47.41 108.30 65.40 35.58 16.63 30.96 52.97 84.36 68.29 44.43 17.80 17.56 17.36 17.15 15.09
30.00 30.00 30.00 30.00 30.00 30.00 30.00 30.00 30.00 30.00 56.19 100.00 56.25 100.00 56.12 30.00 30.00 25.36 13.05 5.86 4.97 4.19 8.61 0.81
120.76 121.22 90.05 65.23 46.41 7.84 0.00 0.00 0.00 5.43 9.29 20.27 61.89 156.99 205.72 265.34 268.00 235.81 157.87 100.06 119.25 141.27 168.20 165.74
107.47 109.57 81.32 58.78 41.21 6.41 0.00 7.72 14.88 26.63 44.57 102.01 199.78 250.00 250.00 250.00 250.00 250.00 176.29 108.25 121.49 137.06 153.93 140.05
0.00 0.00 0.00 0.00 0.00 0.00 0.00 0.00 0.00 0.00 0.00 0.00 0.00 0.00 0.00 0.00 0.00 0.00 0.00 0.00 0.00 0.00 0.00 0.00
48.75 48.75 48.75 48.75 48.75 48.75 48.75 48.75 48.75 48.75 91.77 162.50 162.50 162.50 162.50 162.50 162.50 119.95 75.64 44.42 38.18 32.67 16.68 6.69
185.40 185.40 185.40 185.40 185.40 159.13 100.56 60.18 68.49 77.61 49.33 71.53 77.44 41.16 43.81 45.12 48.89 31.26 13.41 4.72 0.00 0.00 4.55 6.94
0.00 0.00 0.00 0.00 0.00 0.00 0.00 0.00 0.00 0.00 0.00 0.00 0.00 0.00 0.00 0.00 0.00 0.00 0.00 0.00 0.00 0.00 0.00 0.00
332.60 332.60 296.18 210.61 143.60 115.63 95.44 81.69 97.42 115.15 134.15 130.69 128.39 127.49 93.24 78.20 79.32 39.63 16.61 0.00 0.00 0.00 0.00 9.29
176.50 176.50 176.50 176.50 176.50 176.50 176.50 176.50 176.50 130.37 52.95 52.95 52.95 52.82 52.95 52.95 52.95 36.88 38.93 34.63 28.21 22.66 18.22 0.00
8.58 95.96 39.00 39.00 39.00 39.00 39.00 39.00 39.00 39.00 39.00 56.82 113.69 73.53 130.00 130.00 130.00 130.00 72.41 28.00 27.84 27.98 28.56 10.66
96.20 491.07 857.00 857.00 857.00 857.00 857.00 857.00 856.99 480.72 257.10 257.10 257.10 257.10 257.10 257.10 257.10 257.10 149.44 54.02 102.67 196.03 210.55 101.51
79.74 412.44 879.31 1058.00 1058.00 1058.00 1058.00 1058.00 1058.00 1048.92 1010.31 545.80 317.40 317.40 317.40 317.40 317.40 317.40 177.12 61.94 71.51 99.87 249.86 145.38
539.94 539.94 539.94 539.94 539.94 539.94 539.94 539.94 539.94 539.94 539.94 895.48 432.71 329.23 519.06 431.38 495.05 274.06 137.08 62.94 81.21 39.96 31.15 0.00
75.55 55.05 33.62 18.61 8.95 0.00 3.80 17.31 94.44 159.03 159.03 159.03 159.03 319.85 159.05 179.56 159.03 138.26 82.94 44.61 30.82 20.89 14.09 17.18
31.40 33.77 22.40 13.99 8.12 0.00 8.32 32.98 116.83 156.60 248.36 322.11 522.00 390.76 376.77 360.86 204.86 111.43 41.43 23.83 18.88 16.15 15.31 15.94
90.31 34.15 27.53 21.75 16.88 4.52 0.00 0.00 5.74 35.64 78.00 78.00 78.00 78.00 78.00 78.00 78.00 78.00 78.00 78.00 145.89 260.00 260.00 260.00
52.56 35.47 28.07 21.65 16.42 4.09 0.00 0.00 14.21 67.84 171.72 171.72 171.72 171.72 171.72 171.72 171.72 171.72 171.72 171.72 171.72 171.25 154.50 152.17
3.15 3.39 2.25 1.40 0.82 0.00 0.83 3.31 11.73 15.72 27.11 38.35 52.40 39.23 37.82 36.22 24.13 11.34 4.16 2.39 1.90 1.62 1.54 1.60
169.18 65.68 52.95 41.82 32.47 8.68 0.00 0.00 11.04 68.53 150.00 150.00 150.00 150.00 150.00 150.00 150.00 150.00 150.00 150.00 280.44 500.00 500.00 500.00
121.79 83.77 72.05 60.86 51.60 27.62 12.53 0.00 9.84 39.44 113.68 144.62 181.84 226.88 307.58 326.40 326.40 326.40 326.40 276.55 269.65 272.91 591.50 254.54
66.68 43.91 37.33 31.24 25.98 12.36 0.00 0.00 5.22 38.76 134.85 170.93 213.29 262.46 267.06 267.06 267.06 267.06 267.06 267.06 267.06 259.65 250.93 233.15
11.31 14.95 28.46 48.39 76.02 97.00 97.00 71.67 29.10 29.10 29.10 29.10 29.10 29.10 29.10 49.03 68.38 16.16 8.05 3.94 7.84 17.37 22.06 20.40
13.90 18.37 34.97 59.47 93.42 119.20 119.20 88.09 35.76 35.76 35.76 35.76 35.76 35.76 35.76 60.63 84.71 19.86 9.89 4.84 9.92 21.68 27.11 25.07
579.00 579.00 579.00 579.00 579.00 496.95 314.05 187.93 213.89 242.37 153.98 241.98 241.84 128.06 152.28 147.29 132.13 97.63 41.88 14.75 0.00 0.00 14.20 21.69
501.30 281.35 400.13 321.97 150.39 364.92 484.95 270.16 490.05 281.31 501.30 249.40 110.41 90.32 91.18 95.07 103.26 55.59 25.53 9.04 6.18 8.12 11.01 0.00
746.40 746.40 746.39 746.40 746.40 640.62 404.84 242.26 275.73 312.44 198.48 316.00 311.77 165.01 203.13 194.00 164.90 125.85 53.99 19.02 0.00 0.00 18.31 27.96
1039.00 1039.00 1038.99 1039.00 1039.00 891.76 563.55 337.23 383.82 434.92 276.27 445.86 433.98 229.60 295.43 278.46 221.07 175.19 75.15 26.47 0.00 0.00 25.49 38.91
264.60 264.60 264.60 264.60 264.60 264.60 264.60 264.60 264.60 240.02 212.19 180.18 152.90 185.23 129.03 134.55 333.44 76.23 33.64 11.34 18.33 13.06 0.00 0.00
2.58 19.89 13.17 16.83 16.83 13.84 7.12 7.48 5.06 10.23 31.73 23.04 14.67 7.80 12.69 19.93 29.71 22.82 13.66 4.86 4.64 4.41 4.18 3.90
