0.00 0.00 0.00 0.00 0.00 24.49 45.11 75.68 87.96 84.90 76.00 50.66 67.35 94.46 105.39 124.53 261.45 216.34 244.72 439.43 482.87 527.94 593.43 515.30
0.00 0.00 0.00 0.00 0.00 29.70 54.71 91.79 109.48 105.42 94.17 61.44 81.68 114.56 127.82 151.02 329.98 260.51 298.00 534.12 585.62 640.29 719.72 624.97
34.35 35.09 23.81 15.86 9.46 14.46 19.34 25.29 20.91 18.36 17.36 23.03 34.31 90.35 42.61 32.64 32.64 47.20 80.89 62.42 59.42 58.03 58.39 61.18
60.77 62.08 42.13 28.05 15.63 25.58 34.23 44.74 37.00 32.48 30.71 40.73 57.43 157.79 73.27 57.75 57.75 83.96 143.55 110.44 105.13 102.68 103.32 108.25
9.90 21.78 7.07 4.98 3.36 2.93 2.59 5.77 3.15 5.63 16.14 18.56 23.66 33.32 49.59 70.82 97.27 96.79 72.77 30.58 23.05 17.05 12.45 11.02
15.07 15.14 14.55 14.54 14.91 16.10 17.59 14.49 7.45 9.54 12.40 19.36 31.49 34.80 34.80 58.96 82.36 34.80 34.80 34.80 60.50 107.81 102.87 99.15
10.49 23.19 7.49 5.28 3.56 3.11 2.75 6.12 3.33 5.97 17.12 19.73 25.08 35.32 52.57 75.07 103.11 102.60 77.14 32.41 24.43 18.07 13.20 11.68
16.67 37.90 11.90 8.39 5.65 4.94 4.36 9.72 5.30 9.54 27.30 32.13 39.84 56.11 83.51 119.25 163.81 163.00 122.58 51.50 38.82 28.70 20.97 18.55
128.64 108.73 88.01 56.17 33.49 29.11 14.17 17.53 17.80 19.74 23.88 95.80 218.43 355.74 444.19 552.03 623.00 579.70 370.94 133.61 118.37 106.90 189.12 256.91
70.35 69.86 66.74 64.80 63.41 62.65 61.41 60.72 34.60 18.89 19.70 21.63 23.63 25.80 42.36 51.00 51.00 95.49 130.61 82.33 97.62 115.17 135.24 139.14
82.76 82.19 78.52 76.24 74.60 73.71 72.24 71.43 40.67 22.22 23.18 25.45 27.80 30.36 49.84 60.00 60.00 112.31 153.66 96.85 114.85 135.49 159.10 163.70
1.71 2.27 2.98 3.95 5.21 4.67 4.29 4.05 3.41 2.83 2.34 2.21 5.47 14.58 17.32 21.83 28.30 21.82 16.82 13.07 11.42 9.98 8.70 5.47
3.95 4.07 3.22 2.62 2.22 2.59 3.04 3.55 2.97 4.67 7.11 12.08 18.89 28.00 19.16 34.00 34.00 19.11 7.16 5.32 4.00 3.72 3.50 3.27
0.00 0.00 0.00 0.00 0.00 0.00 0.00 0.00 0.00 0.00 2.43 3.31 7.58 13.73 48.22 118.56 134.72 74.89 30.38 20.29 17.43 15.59 14.74 13.00
74.04 75.03 61.72 52.14 46.15 49.80 53.75 58.45 39.27 15.20 15.13 28.84 49.09 60.00 60.00 60.00 60.00 60.00 60.00 38.21 55.14 116.18 139.51 136.10
55.97 56.72 46.66 39.42 34.89 37.65 40.63 44.19 29.65 11.49 11.44 21.80 37.11 45.36 45.36 45.36 45.36 45.36 45.36 28.88 41.86 88.00 105.47 102.89
32.39 32.83 27.00 22.81 20.19 21.79 23.51 25.57 17.10 6.65 6.62 12.62 21.48 26.25 26.25 26.25 26.25 26.25 26.25 16.72 24.36 51.05 61.03 59.55
52.38 53.08 43.67 36.89 32.65 35.24 38.03 41.35 27.74 10.76 10.71 20.40 34.73 42.45 42.45 42.45 42.45 42.45 42.45 27.03 39.21 82.38 98.70 96.29
68.49 69.40 57.09 48.23 42.69 46.07 49.71 54.07 36.31 14.06 14.00 26.68 45.41 55.50 55.50 55.50 55.50 55.50 55.50 35.34 51.07 107.53 129.04 125.90
48.31 48.96 40.27 34.02 30.12 32.50 35.07 38.14 25.57 9.92 9.87 18.82 32.03 39.15 39.15 39.15 39.15 39.15 39.15 24.93 36.20 76.01 91.03 88.81
107.73 109.17 89.80 75.87 67.16 72.47 78.20 85.04 57.21 22.12 22.02 41.96 71.42 87.30 87.30 87.30 87.30 87.30 87.30 55.59 79.61 168.42 202.98 198.03
0.00 0.00 0.00 0.00 0.00 0.00 0.00 0.00 0.00 0.00 0.00 0.00 0.00 0.00 0.00 0.00 0.00 0.00 0.00 0.00 0.00 0.00 0.00 0.00
71.34 72.73 60.64 51.91 45.82 49.33 53.24 57.39 37.36 44.09 28.37 24.85 40.28 51.18 51.18 51.18 51.18 51.18 51.18 33.59 69.68 136.97 151.77 157.57
68.58 69.92 58.29 49.90 44.05 47.42 51.18 55.17 36.06 42.11 27.14 23.89 38.72 49.20 49.20 49.20 49.20 49.20 49.20 32.29 66.99 131.67 145.90 151.47
92.08 93.88 78.27 67.00 59.14 63.67 68.72 74.08 47.04 59.11 37.68 32.08 51.99 66.06 66.06 66.06 66.06 66.06 66.06 43.35 89.87 176.79 195.89 203.38
328.48 334.88 279.19 239.01 210.97 227.14 245.14 264.26 147.48 222.11 139.60 114.42 185.45 235.65 235.65 235.65 235.65 235.65 235.65 154.64 319.99 630.64 698.80 725.50
118.14 120.44 100.41 85.96 75.87 81.69 88.16 95.04 59.01 78.15 49.46 41.15 66.70 84.75 84.75 84.75 84.75 84.75 84.75 55.62 115.24 226.80 251.32 260.92
7.90 16.87 7.05 7.32 17.60 7.93 8.36 8.84 8.05 7.37 16.91 24.38 40.48 53.30 70.97 92.75 118.24 81.97 60.27 50.20 50.45 51.05 52.14 46.34
8.22 9.24 6.53 4.56 3.12 4.10 5.30 6.74 5.34 4.43 3.98 12.16 25.07 29.88 31.39 29.88 29.88 29.88 25.46 13.58 13.25 11.49 10.64 11.12
50.58 56.79 40.17 28.03 19.17 25.21 32.58 41.46 32.85 27.24 24.46 89.37 154.13 183.75 210.51 183.75 183.75 183.75 156.59 83.51 95.65 70.65 65.42 68.38
0.00 0.00 0.00 0.00 0.00 0.00 0.00 0.00 0.00 0.00 0.50 0.71 1.46 2.65 9.31 22.88 29.54 15.23 5.86 3.92 3.36 3.01 2.84 2.51
9.35 9.64 7.62 6.21 5.25 6.14 7.19 8.40 7.02 11.04 16.84 28.60 44.73 66.30 45.25 80.50 80.50 45.19 16.94 15.21 9.47 8.82 8.30 7.75
8.13 8.38 6.62 5.40 4.56 5.34 6.26 7.30 6.11 9.60 14.64 24.87 38.90 57.65 39.36 70.00 70.00 39.30 14.73 12.76 8.24 7.67 7.21 6.74
1.51 1.56 1.23 1.00 0.85 0.99 1.16 1.36 1.13 1.79 2.72 4.62 7.22 10.71 7.37 13.00 13.00 7.33 2.74 1.82 1.53 1.42 1.34 1.25
24.27 33.98 35.88 39.67 42.79 47.13 51.61 56.89 40.20 27.67 20.65 25.07 36.61 60.00 60.00 60.00 60.00 60.00 51.78 31.05 30.38 41.16 82.44 96.71
186.19 189.84 178.64 172.53 169.96 167.66 164.56 161.56 196.35 237.10 284.18 338.60 338.60 338.60 338.60 338.60 338.60 338.60 338.60 338.60 338.60 338.60 338.60 338.60
58.34 34.24 29.77 20.30 9.42 26.35 40.39 26.13 41.20 20.94 32.70 30.06 24.50 35.48 45.00 45.00 45.00 45.00 37.17 22.63 25.42 53.06 105.48 96.15
58.34 34.24 29.77 20.30 9.42 26.35 40.39 26.13 41.20 20.94 32.70 30.06 24.50 35.48 45.00 45.00 45.00 45.00 37.17 22.63 25.42 53.06 105.48 96.15
3.89 2.34 1.59 1.04 0.63 1.27 1.60 1.07 2.13 1.42 2.18 2.02 1.63 2.37 3.00 3.00 3.00 3.00 2.48 1.51 1.70 3.57 7.03 6.41
82.76 82.19 78.52 76.24 74.60 73.71 72.24 71.43 40.67 22.22 23.18 25.45 27.80 30.36 49.84 60.00 60.00 112.31 153.66 96.85 114.85 135.49 159.10 163.70
48.66 48.33 46.17 44.83 43.87 43.34 42.48 42.00 24.00 13.06 13.63 14.96 16.34 17.85 29.31 35.28 35.28 66.10 90.35 56.95 67.53 79.67 93.55 96.25
55.00 56.18 38.12 25.39 14.34 23.15 30.97 40.49 33.49 29.39 27.79 36.86 52.55 143.27 66.79 52.26 52.26 75.89 129.82 99.94 95.13 92.91 93.49 97.96
78.77 80.46 54.60 36.36 19.47 33.15 44.36 57.99 47.96 42.09 39.80 52.78 72.04 202.25 92.70 74.85 74.85 109.23 186.42 143.14 136.26 133.08 133.91 140.30
11.73 11.85 9.67 8.16 7.18 7.80 8.55 9.46 8.33 7.55 9.43 13.10 21.98 30.00 30.00 73.62 30.00 30.00 22.23 12.81 11.78 10.87 10.11 9.54
17.24 17.43 14.21 11.99 10.56 11.47 12.57 13.90 12.25 11.10 15.21 19.26 32.31 44.10 44.10 108.35 44.10 44.10 32.68 18.83 17.32 15.98 14.87 14.03
0.00 0.00 0.00 0.00 0.00 1.13 1.57 2.42 3.39 4.64 6.21 7.61 10.43 14.98 16.69 20.87 33.73 67.08 75.16 65.00 55.13 55.58 98.39 84.57
0.00 0.00 0.00 0.00 0.00 0.00 0.00 0.00 0.00 0.00 0.00 0.00 0.00 0.00 0.00 0.00 0.00 0.00 0.00 0.00 0.00 0.00 0.00 0.00
0.00 0.00 0.00 0.00 0.00 1.61 2.11 3.24 4.54 6.22 8.32 10.20 13.98 20.07 22.36 27.97 42.88 87.81 100.71 88.08 73.47 72.26 131.83 113.32
2.05 2.81 3.82 5.12 6.74 6.22 6.16 6.57 5.15 3.98 3.02 3.72 8.15 18.63 20.02 22.06 24.64 22.52 20.62 18.98 16.68 14.57 12.65 9.16
19.46 19.55 18.79 18.78 19.26 20.79 22.71 18.71 9.62 12.32 16.01 25.00 40.66 44.94 44.94 76.67 107.25 44.94 44.94 44.94 80.98 142.00 132.84 128.04
137.80 140.50 132.21 127.69 125.79 124.09 121.79 119.57 145.32 175.48 210.33 250.60 250.60 250.60 250.60 250.60 250.60 250.60 250.60 250.60 250.60 250.60 250.60 250.60
90.47 92.05 73.28 59.86 50.48 58.81 68.13 79.22 65.60 55.24 47.53 89.91 151.95 230.00 230.00 230.00 230.00 230.00 165.65 119.04 123.73 130.96 141.43 123.93
44.87 56.31 22.58 8.16 5.26 8.70 13.65 9.13 4.19 9.21 19.88 20.48 21.88 24.11 42.69 69.32 104.87 110.86 87.38 38.05 34.83 32.36 30.29 23.13
3.76 4.83 4.05 3.42 2.91 3.70 4.58 5.61 4.23 3.34 5.43 25.14 29.58 95.79 56.12 30.00 30.00 30.00 25.51 15.85 14.65 13.56 30.84 10.98
158.56 154.85 150.73 149.09 149.87 147.66 144.83 142.64 183.54 233.22 268.00 268.00 268.00 268.00 268.00 268.00 268.00 268.00 268.00 268.00 268.00 268.00 268.00 268.00
107.15 104.36 98.96 93.61 89.42 93.35 97.08 100.98 94.57 89.12 84.09 109.59 140.49 177.05 220.93 250.00 250.00 234.65 163.60 112.14 147.39 189.63 239.15 183.38
0.00 0.00 0.00 0.00 0.00 0.00 0.00 0.00 0.00 0.00 0.00 0.00 0.00 0.00 0.00 0.00 0.00 0.00 0.00 0.00 0.00 0.00 0.00 0.00
5.64 7.61 6.92 6.23 5.60 6.80 8.14 9.60 8.12 6.81 10.85 28.47 41.05 57.69 85.54 121.06 162.50 114.92 83.06 65.81 63.80 62.11 35.78 15.79
80.40 80.02 76.71 75.45 76.31 74.89 73.52 72.24 72.75 73.96 42.76 79.55 109.77 73.10 130.61 142.89 146.36 185.40 139.76 86.11 86.02 86.43 87.16 83.00
0.00 0.00 0.00 0.00 0.00 0.00 0.00 0.00 0.00 0.00 0.00 0.00 0.00 0.00 0.00 0.00 0.00 0.00 0.00 0.00 0.00 0.00 0.00 0.00
89.97 88.73 65.69 48.58 36.36 41.63 47.36 54.36 51.69 49.95 48.92 65.20 84.32 106.80 201.71 332.60 332.60 332.60 228.52 158.43 149.72 141.56 133.56 113.51
67.30 69.48 65.86 63.37 61.94 62.03 62.39 62.76 58.94 41.88 16.72 22.51 29.29 37.61 52.95 52.95 52.95 52.95 89.93 101.91 139.44 176.50 176.50 176.50
2.63 7.74 3.25 3.37 3.49 4.78 6.38 8.29 5.52 3.54 2.20 5.58 18.06 17.68 51.86 80.56 119.23 86.91 65.01 52.09 50.36 48.68 47.39 30.26
98.12 130.66 141.96 153.50 165.93 178.00 190.63 204.69 150.14 65.43 30.05 73.39 147.38 257.10 257.10 257.10 257.10 257.10 229.56 140.34 253.10 457.59 466.88 491.36
128.38 179.77 176.14 209.86 226.36 249.30 273.04 300.95 212.67 155.86 121.94 163.93 193.64 317.40 317.40 317.40 317.40 317.40 273.94 164.23 160.69 191.01 410.14 511.60
148.62 166.89 118.05 82.36 56.33 74.08 95.73 121.82 96.53 80.04 71.88 341.59 452.90 539.94 745.19 539.94 539.94 539.94 460.14 245.40 362.32 207.60 192.23 200.93
0.00 0.00 0.00 0.00 0.00 0.00 0.00 0.00 0.00 0.00 0.00 0.00 0.00 10.00 17.26 50.48 94.49 67.53 48.74 36.78 32.36 28.96 26.32 20.95
0.00 0.00 0.00 0.00 0.00 0.00 0.00 0.00 0.00 0.00 5.68 7.37 18.18 32.93 115.67 284.42 308.11 185.06 72.87 48.67 41.82 37.40 35.35 31.19
0.00 0.00 0.00 0.00 1.69 2.90 4.59 6.87 9.18 12.05 15.71 17.71 23.44 33.86 35.67 46.16 67.61 59.21 51.90 45.74 101.07 215.45 258.62 189.69
0.00 0.00 0.00 0.00 4.98 6.72 8.72 11.25 11.68 12.23 12.73 15.47 26.25 48.99 55.33 83.21 140.36 104.53 76.33 55.65 66.23 78.89 93.55 58.07
0.00 0.00 0.00 0.00 0.00 0.00 0.00 0.00 0.00 0.00 0.62 0.88 1.82 3.31 11.61 28.55 36.28 18.83 7.31 4.89 4.20 3.75 3.55 3.13
0.00 0.00 0.00 0.00 3.24 5.58 8.82 13.21 17.66 23.18 30.22 34.06 45.07 65.12 68.60 88.77 130.02 113.87 99.81 87.96 194.29 414.32 497.34 364.79
9.58 12.59 15.84 21.10 28.91 28.92 29.42 30.28 25.62 21.54 18.02 10.04 32.88 115.26 153.74 214.13 300.15 208.51 141.12 94.89 72.42 55.45 87.73 25.84
11.00 14.65 19.19 25.47 33.60 30.11 27.66 26.10 21.97 18.28 15.08 14.26 35.28 94.08 111.72 140.81 182.57 140.78 108.53 84.30 73.66 64.38 56.09 35.30
12.60 12.66 12.17 12.16 12.47 13.47 14.71 12.11 6.23 7.98 10.37 16.19 26.33 29.10 29.10 49.03 68.38 29.10 29.10 29.10 49.35 88.93 86.02 82.91
15.48 15.56 14.95 14.94 15.32 16.55 18.07 14.89 7.66 9.81 12.74 19.90 32.36 35.76 35.76 60.63 84.71 35.76 35.76 35.76 62.41 111.02 105.71 101.88
251.09 249.89 239.57 235.62 238.33 233.89 229.59 225.61 227.19 230.97 133.46 269.12 342.80 227.45 454.05 466.38 395.58 578.99 436.46 268.91 268.64 269.91 272.19 259.21
194.96 114.19 128.44 82.91 31.49 90.57 142.52 92.97 142.65 69.87 109.30 100.39 81.87 118.57 150.39 150.39 150.39 150.39 124.21 75.63 84.96 177.20 352.54 321.35
323.68 322.14 308.84 303.74 307.23 301.51 295.97 290.83 292.88 297.75 172.04 351.44 441.91 293.08 605.65 614.30 493.67 746.39 562.65 346.65 346.31 347.94 350.88 334.16
450.57 448.42 429.91 422.81 427.67 419.70 412.00 404.85 407.69 414.47 239.47 495.87 615.15 407.78 880.86 881.73 661.83 1038.99 783.21 482.55 482.06 484.34 488.43 465.15
106.47 112.64 92.37 76.25 64.94 72.99 81.82 92.52 78.91 68.12 59.66 92.46 134.58 270.12 259.61 264.60 604.22 264.60 192.83 117.58 305.58 322.69 139.09 128.41
4.44 8.99 3.17 2.24 1.51 1.32 1.17 2.59 1.41 2.51 7.20 8.09 10.62 14.95 22.26 31.78 43.66 43.44 32.63 13.72 10.34 7.65 5.59 4.94
