302.11 223.48 151.38 98.10 61.03 68.26 78.38 91.36 152.59 197.66 226.31 128.03 132.32 139.21 182.42 192.99 332.00 284.63 332.94 615.51 643.30 586.42 495.21 403.92
366.41 271.04 183.60 118.97 74.02 82.79 95.06 110.80 189.91 245.44 280.41 155.27 160.48 168.83 221.24 234.06 419.03 342.76 405.43 748.14 780.20 711.22 600.59 489.88
25.75 27.12 25.52 24.04 20.53 19.25 16.79 15.29 10.22 6.70 4.46 0.00 0.00 0.00 0.00 0.00 0.00 1.72 11.78 34.30 34.30 35.10 36.39 41.56
45.56 47.99 45.16 42.54 33.93 34.06 29.71 27.06 18.08 11.86 7.89 0.00 0.00 0.00 0.00 0.00 0.00 3.05 20.91 60.69 60.69 62.10 64.39 73.54
9.86 23.98 9.81 9.02 8.28 6.98 5.88 12.00 4.41 5.28 10.29 3.14 0.00 0.00 0.00 0.00 0.00 3.00 9.93 10.85 10.32 9.79 9.31 11.33
116.00 116.00 107.03 95.11 84.14 72.02 61.46 38.67 16.62 17.79 19.16 10.17 5.18 2.99 1.93 2.20 2.35 3.33 8.57 18.05 35.74 74.60 88.14 116.00
10.46 25.53 10.40 9.56 8.78 7.40 6.24 12.72 4.67 5.61 10.91 3.33 0.00 0.00 0.00 0.00 0.00 3.18 10.52 11.50 10.94 10.37 9.87 12.01
16.61 41.73 16.52 15.18 13.95 11.76 9.90 20.22 7.42 8.95 17.40 5.43 0.00 0.00 0.00 0.00 0.00 5.05 16.72 18.27 17.38 16.48 15.68 19.08
143.25 134.10 150.46 140.89 132.09 85.15 30.68 27.67 22.59 18.13 14.51 11.03 0.00 0.00 0.00 0.00 0.00 14.89 46.58 51.08 49.15 47.46 88.20 183.26
56.53 54.23 52.64 51.27 49.85 47.03 45.61 45.05 23.27 11.51 11.06 7.40 5.05 3.71 3.43 3.56 4.16 13.00 42.98 76.82 75.89 77.80 83.62 77.16
66.50 63.80 61.93 60.32 58.65 55.33 53.66 53.00 27.35 13.55 13.01 8.71 5.95 4.36 4.03 4.19 4.89 15.29 50.56 90.37 89.28 91.53 98.38 90.78
4.78 3.20 2.58 2.37 2.52 2.58 2.64 2.70 3.87 6.56 11.31 14.87 19.08 23.95 33.24 41.40 41.40 41.40 41.40 41.40 41.40 28.69 17.21 10.59
2.29 2.47 2.37 2.32 2.30 2.16 2.07 2.01 1.05 0.97 0.89 0.00 0.00 0.00 0.00 0.00 0.00 1.17 1.83 5.12 3.79 3.52 3.41 3.35
32.41 24.60 16.70 11.07 7.35 7.10 7.06 7.24 7.18 7.83 15.14 11.40 9.56 6.26 10.35 19.56 22.20 34.93 39.01 63.47 63.55 64.02 64.86 56.43
51.29 54.00 52.93 51.98 51.55 47.82 44.96 43.05 20.69 5.48 3.76 1.47 0.00 0.00 0.00 0.00 0.00 3.39 10.26 23.87 32.74 67.01 80.88 88.51
38.77 40.82 40.01 39.30 38.98 36.15 33.99 32.55 15.62 4.15 2.84 1.11 0.00 0.00 0.00 0.00 0.00 2.56 7.76 18.04 24.86 50.76 61.14 66.91
22.44 23.62 23.16 22.74 22.56 20.92 19.67 18.83 9.01 2.40 1.65 0.64 0.00 0.00 0.00 0.00 0.00 1.48 4.49 10.44 14.47 29.44 35.38 38.72
36.29 38.20 37.45 36.78 36.48 33.83 31.81 30.46 14.62 3.88 2.66 1.04 0.00 0.00 0.00 0.00 0.00 2.40 7.26 16.89 23.28 47.52 57.22 62.62
47.44 49.95 48.96 48.09 47.69 44.23 41.59 39.82 19.13 5.07 3.48 1.36 0.00 0.00 0.00 0.00 0.00 3.14 9.49 22.08 30.33 62.02 74.81 81.87
33.47 35.23 34.54 33.92 33.64 31.20 29.34 28.09 13.47 3.58 2.45 0.96 0.00 0.00 0.00 0.00 0.00 2.21 6.70 15.57 21.49 43.84 52.77 57.75
74.62 78.57 77.01 75.64 75.01 69.57 65.42 62.64 30.14 7.98 5.47 2.14 0.00 0.00 0.00 0.00 0.00 4.93 14.93 34.73 47.27 97.15 117.68 128.78
0.00 0.00 0.00 0.00 0.00 0.00 0.00 0.00 0.00 0.00 0.00 0.00 0.00 0.00 0.00 0.00 0.00 0.00 0.00 0.00 0.00 0.00 0.00 0.00
50.55 52.39 50.46 48.76 47.38 43.43 40.44 38.30 20.17 19.45 10.59 2.46 1.22 0.00 0.00 0.00 0.00 2.89 7.96 17.83 35.11 67.94 76.31 82.94
48.60 50.37 48.51 46.87 45.55 41.75 38.88 36.82 19.47 18.57 10.13 2.36 1.17 0.00 0.00 0.00 0.00 2.78 7.65 17.14 33.75 65.32 73.36 79.73
65.25 67.63 65.13 62.93 61.16 56.06 52.20 49.43 25.40 26.07 14.07 3.17 1.57 0.00 0.00 0.00 0.00 3.73 10.27 23.02 45.28 87.70 98.50 107.06
232.75 241.23 232.33 224.50 218.17 199.99 186.21 176.33 79.63 97.97 52.12 11.32 5.60 0.00 0.00 0.00 0.00 13.30 36.65 82.11 161.22 312.84 351.36 381.90
83.71 86.76 83.56 80.74 78.46 71.92 66.97 63.42 31.86 34.47 18.47 4.07 2.01 0.00 0.00 0.00 0.00 4.78 13.18 29.53 58.06 112.51 126.36 137.35
19.23 24.36 9.36 8.85 19.59 7.19 6.37 5.84 6.20 6.60 17.33 20.24 27.22 29.48 27.23 26.95 28.37 30.64 34.39 39.90 39.61 41.51 45.20 42.16
5.86 5.83 5.34 4.90 4.45 3.71 3.12 2.68 2.86 3.22 3.76 1.55 0.00 0.00 0.00 0.00 0.00 1.05 4.06 10.54 10.89 10.22 10.51 10.10
36.03 35.85 32.84 30.12 27.38 22.84 19.21 16.45 17.61 19.82 23.14 11.36 0.00 0.00 0.00 0.00 0.00 6.45 24.97 64.83 78.63 62.83 64.65 62.13
6.26 4.75 3.22 2.14 1.42 1.37 1.36 1.40 1.39 1.51 3.11 2.45 1.84 1.21 2.00 3.77 4.87 7.10 7.53 12.25 12.27 12.36 12.52 10.89
5.42 5.85 5.61 5.49 5.45 5.12 4.90 4.75 2.48 2.28 2.11 0.00 0.00 0.00 0.00 0.00 0.00 2.76 4.33 14.65 8.97 8.34 8.08 7.94
4.71 5.09 4.88 4.78 4.74 4.46 4.26 4.13 2.16 1.99 1.83 0.00 0.00 0.00 0.00 0.00 0.00 2.40 3.77 12.29 7.80 7.25 7.03 6.90
0.88 0.95 0.91 0.89 0.88 0.83 0.79 0.77 0.40 0.37 0.34 0.00 0.00 0.00 0.00 0.00 0.00 0.45 0.70 1.75 1.45 1.35 1.30 1.28
61.20 58.35 54.39 54.05 53.27 46.16 41.81 39.79 47.70 52.69 57.34 17.43 8.02 5.71 2.99 1.41 0.00 1.79 4.87 11.07 13.02 21.50 52.74 65.54
187.36 175.03 161.74 152.75 145.70 142.16 137.68 134.19 138.82 156.81 188.87 212.60 238.27 268.40 291.75 320.33 338.60 338.60 338.60 338.60 338.60 293.22 240.17 242.96
43.01 24.59 26.01 21.40 11.94 25.60 30.54 15.74 20.97 9.17 12.96 3.71 1.14 1.01 0.00 0.00 1.07 2.98 7.66 16.46 16.93 33.76 65.68 62.62
43.01 24.59 26.01 21.40 11.94 25.60 30.54 15.74 20.97 9.17 12.96 3.71 1.14 1.01 0.00 0.00 1.07 2.98 7.66 16.46 16.93 33.76 65.68 62.62
2.87 1.68 1.39 1.10 0.80 1.23 1.21 0.65 1.09 0.62 0.86 0.25 0.08 0.07 0.00 0.00 0.07 0.20 0.51 1.10 1.13 2.27 4.38 4.17
66.50 63.80 61.93 60.32 58.65 55.33 53.66 53.00 27.35 13.55 13.01 8.71 5.95 4.36 4.03 4.19 4.89 15.29 50.56 90.37 89.28 91.53 98.38 90.78
39.10 37.52 36.41 35.47 34.49 32.54 31.55 31.16 16.14 7.96 7.65 5.12 3.50 2.57 2.37 2.46 2.88 9.00 29.73 53.14 52.50 53.82 57.84 53.38
41.23 43.43 40.86 38.50 31.13 30.82 26.89 24.49 16.36 10.73 7.14 0.00 0.00 0.00 0.00 0.00 0.00 2.76 18.91 54.92 54.92 56.20 58.27 66.55
59.06 62.20 58.53 55.14 42.28 44.14 38.51 35.07 23.43 15.38 10.23 0.00 0.00 0.00 0.00 0.00 0.00 3.97 27.16 78.65 78.66 80.49 83.46 95.31
6.28 6.68 6.56 6.54 6.57 6.04 5.63 5.34 2.97 1.55 1.16 0.00 0.00 0.00 0.00 0.00 0.00 1.57 4.95 11.67 10.80 10.24 10.06 9.85
9.23 9.81 9.64 9.61 9.66 8.88 8.28 7.86 4.37 2.28 1.87 0.00 0.00 0.00 0.00 0.00 0.00 2.31 7.28 17.15 15.87 15.05 14.78 14.47
32.15 25.16 19.71 8.87 10.26 5.47 5.40 6.53 9.71 15.28 23.84 22.29 21.07 20.40 29.80 41.93 50.50 111.85 139.80 126.62 72.42 46.22 49.14 41.17
0.00 0.00 0.00 0.00 0.00 0.00 0.00 0.00 0.00 0.00 0.00 0.00 0.00 0.00 0.00 0.00 0.00 0.00 0.00 0.00 0.00 0.00 0.00 0.00
43.07 33.71 26.41 11.87 14.15 7.79 7.24 8.74 13.02 20.47 31.95 29.87 28.23 27.33 39.93 56.19 64.20 146.43 187.33 171.59 96.50 60.09 65.85 55.17
9.43 5.56 3.98 3.09 2.74 2.56 2.38 2.21 4.35 8.18 14.27 20.40 28.11 37.52 45.90 45.90 45.90 45.90 45.90 45.90 45.90 43.60 29.73 18.85
149.80 149.80 138.22 122.83 108.65 93.00 79.36 49.94 21.46 22.97 24.74 13.13 6.69 3.86 2.50 2.86 3.06 4.30 11.07 23.31 47.84 98.27 113.82 149.80
138.67 129.54 119.71 113.05 107.83 105.22 101.90 99.31 102.74 116.06 139.78 157.35 176.35 198.64 215.92 237.08 250.60 250.60 250.60 250.60 250.60 217.01 177.75 179.81
63.01 68.36 65.09 63.40 62.65 58.38 55.41 53.55 30.23 14.85 5.95 5.37 5.01 4.96 6.92 9.48 12.71 22.76 45.03 85.13 82.56 81.83 81.78 89.84
46.90 68.28 35.01 16.82 15.16 24.09 35.83 21.89 7.26 11.02 15.68 5.04 0.00 0.00 0.00 0.00 0.00 7.71 20.87 20.80 20.02 19.21 18.47 21.45
7.46 7.27 6.60 6.03 5.50 4.37 3.52 2.89 3.17 3.53 7.48 6.74 2.25 3.79 0.00 0.00 0.00 0.87 3.24 8.31 8.87 9.70 26.61 10.18
160.95 163.16 152.66 148.20 150.45 146.92 144.28 143.81 163.84 188.89 220.12 243.05 268.00 268.00 268.00 268.00 268.00 268.00 268.00 268.00 268.00 258.65 210.07 254.16
131.75 135.56 123.31 118.77 120.66 110.02 101.71 95.18 107.89 122.36 138.78 179.63 227.20 250.00 250.00 250.00 250.00 250.00 250.00 250.00 250.00 215.62 171.66 179.28
0.00 0.00 0.00 0.00 0.00 0.00 0.00 0.00 0.00 0.00 0.00 0.00 0.00 0.00 0.00 0.00 0.00 0.00 0.00 0.00 0.00 0.00 0.00 0.00
11.95 11.37 10.85 10.32 9.88 8.48 7.51 6.88 6.89 6.94 13.16 26.09 28.84 31.96 31.24 32.34 34.90 39.05 45.88 55.51 53.60 53.23 32.61 14.77
57.41 57.47 56.12 55.39 55.15 52.67 51.27 50.44 35.07 25.47 11.21 10.96 8.31 3.62 4.83 6.72 9.65 25.11 52.03 98.51 90.23 85.25 84.37 78.95
0.00 0.00 0.00 0.00 0.00 0.00 0.00 0.00 0.00 0.00 0.00 0.00 0.00 0.00 0.00 0.00 0.00 0.00 0.00 0.00 0.00 0.00 0.00 0.00
96.79 89.36 84.41 79.81 75.16 69.82 65.97 64.20 46.98 35.57 28.96 22.93 21.00 23.18 23.57 26.58 32.32 54.85 100.16 176.56 160.54 148.60 140.40 124.39
59.00 60.38 58.90 57.60 56.44 52.43 49.52 48.30 43.55 30.34 12.10 7.67 5.03 3.71 3.23 3.07 3.19 5.20 18.44 61.65 65.18 71.64 81.67 81.06
5.12 10.14 3.98 3.84 3.70 3.23 2.87 2.61 3.55 4.86 6.62 12.86 33.90 28.41 43.73 38.03 33.06 30.13 29.89 32.59 31.66 31.23 31.40 20.40
275.32 262.98 251.84 244.20 239.08 207.30 185.20 173.80 203.07 131.71 81.40 52.34 34.92 25.97 14.50 7.35 0.00 8.24 21.09 47.12 103.62 228.88 283.33 302.46
323.74 308.69 267.00 285.92 281.81 244.20 221.15 210.48 252.32 296.78 338.66 113.97 42.43 30.21 15.82 7.48 0.00 9.45 25.75 58.56 68.85 99.79 262.37 346.71
105.87 105.36 96.50 88.51 80.45 67.12 56.46 48.35 51.75 58.23 67.99 43.40 0.00 0.00 0.00 0.00 0.00 18.97 73.36 190.51 297.87 184.61 189.96 182.58
26.65 16.63 12.92 10.74 10.10 9.68 9.82 10.40 10.70 14.19 21.68 14.37 9.86 14.90 13.43 28.05 43.50 64.96 93.55 130.97 112.50 97.67 85.33 58.90
77.75 59.00 40.06 26.56 17.63 17.04 16.93 17.37 17.24 18.79 35.38 25.42 22.92 15.03 24.82 46.91 50.76 86.32 93.58 152.27 152.46 153.57 155.60 135.37
29.33 11.02 9.31 8.32 7.92 9.25 10.84 12.73 19.02 31.54 52.42 50.35 49.07 48.73 74.40 78.00 78.00 78.00 78.00 78.00 126.62 149.21 92.20 72.52
19.98 15.62 13.94 13.37 14.07 15.37 16.83 18.40 27.85 47.47 81.44 79.26 77.55 76.83 123.85 171.72 171.72 171.72 171.72 171.72 156.85 89.85 45.59 32.79
7.80 5.92 4.02 2.67 1.77 1.71 1.70 1.74 1.73 1.89 3.86 3.03 2.30 1.51 2.49 4.71 5.98 8.78 9.39 15.29 15.30 15.42 15.62 13.59
54.95 21.20 17.90 15.99 15.24 17.79 20.84 24.48 36.58 60.66 100.81 96.83 94.36 93.71 143.07 150.00 150.00 150.00 150.00 150.00 243.41 286.94 177.30 139.46
22.05 15.86 12.59 12.91 17.05 18.30 19.82 21.84 23.72 35.54 60.43 71.95 84.58 98.90 150.30 223.22 321.48 326.40 326.40 326.40 326.40 237.95 345.55 94.11
30.86 20.62 16.65 15.30 16.24 16.63 17.03 17.43 24.99 42.32 72.94 95.91 123.10 154.49 214.43 267.06 267.06 267.06 267.06 267.06 267.06 185.09 111.02 68.32
97.00 97.00 89.50 79.54 70.35 60.22 51.39 32.33 13.89 14.87 16.02 8.50 4.33 2.50 1.62 1.83 1.95 2.79 7.17 15.09 29.15 61.54 73.70 97.00
119.20 119.20 109.98 97.74 86.46 74.01 63.15 39.74 17.07 18.28 19.69 10.45 5.32 3.07 1.99 2.27 2.42 3.42 8.81 18.55 36.87 76.82 90.57 119.20
179.28 179.48 175.25 172.99 172.25 164.49 160.10 157.51 109.53 79.53 35.00 37.06 25.96 11.27 16.77 21.95 26.08 78.42 162.50 307.64 281.77 266.22 263.49 246.56
143.74 82.02 112.19 87.40 39.91 88.01 107.77 56.00 72.58 30.59 43.32 12.40 3.82 3.38 0.00 0.00 3.56 9.95 25.60 55.00 56.59 112.76 219.52 209.27
231.11 231.38 225.92 223.00 222.05 212.05 206.39 203.05 141.19 102.53 45.12 48.40 33.46 14.53 22.37 28.91 32.55 101.10 209.48 396.59 363.24 343.19 339.66 317.85
321.71 322.08 314.49 310.42 309.09 295.18 287.30 282.65 196.54 142.72 62.80 68.29 46.58 20.21 32.54 41.49 43.64 140.73 291.60 552.06 505.64 477.73 472.82 442.45
73.17 76.72 73.75 72.26 71.32 65.13 60.34 56.52 32.99 19.13 12.28 6.18 0.00 0.00 0.00 0.00 12.56 16.50 43.54 95.10 233.72 241.43 104.78 100.16
4.43 9.90 4.40 4.05 3.72 3.13 2.65 5.38 1.98 2.35 4.59 1.37 0.00 0.00 0.00 0.00 0.00 1.35 4.45 4.87 4.63 4.39 4.18 5.08
