410.38 310.99 230.67 169.46 125.20 64.71 27.65 0.00 0.00 0.00 0.00 15.52 44.76 97.54 145.87 192.99 332.00 284.63 332.94 615.51 643.30 643.30 643.30 512.71
497.71 377.17 279.76 205.52 151.84 78.49 33.54 0.00 0.00 0.00 0.00 18.83 54.28 118.29 176.92 234.06 419.03 342.76 405.43 748.14 780.20 780.20 780.20 621.82
14.52 17.23 28.03 43.64 58.64 76.49 89.65 105.20 108.80 108.80 108.80 61.07 45.44 72.80 29.44 20.69 20.72 25.71 44.02 42.44 37.99 33.88 30.14 29.28
25.70 30.48 49.59 77.21 96.91 135.34 158.62 186.14 192.50 192.50 192.50 108.00 76.08 127.14 50.64 36.61 36.66 45.73 78.12 75.10 67.22 59.95 53.33 51.80
2.31 6.83 4.24 6.06 8.62 8.53 8.52 20.97 12.71 23.71 68.35 59.85 47.34 35.72 32.85 30.26 27.95 39.01 39.14 20.90 16.25 12.64 10.01 10.36
116.00 116.00 116.00 116.00 116.00 116.00 97.54 48.35 23.40 27.63 32.61 30.07 27.88 26.09 25.94 44.32 63.35 26.53 27.17 28.76 47.67 83.79 83.82 108.49
2.45 7.27 4.50 6.42 9.14 9.04 9.03 22.23 13.47 25.16 72.49 63.62 50.19 37.86 34.82 32.07 29.63 41.35 41.49 22.15 17.23 13.40 10.61 10.99
3.89 11.89 7.15 10.20 14.52 14.37 14.34 35.33 21.40 40.19 115.59 103.62 79.73 60.15 55.32 50.96 47.07 65.70 65.92 35.19 27.37 21.29 16.86 17.45
49.33 50.24 82.96 112.98 150.44 157.99 91.00 126.08 144.74 164.75 186.90 361.37 376.97 285.18 258.51 242.43 237.43 295.03 267.85 132.52 105.54 84.10 128.13 202.00
56.98 69.90 103.04 149.37 170.00 170.00 170.00 170.00 87.28 37.46 29.83 19.89 12.52 7.43 2.63 1.36 2.36 9.80 32.54 55.01 47.00 39.85 33.51 35.74
67.04 82.24 121.22 175.73 200.00 200.00 200.00 200.00 102.59 44.07 35.10 23.40 14.73 8.74 3.09 1.61 2.77 11.53 38.28 64.72 55.30 46.89 39.42 42.05
11.60 6.48 4.66 3.34 2.46 0.82 0.00 0.00 0.00 0.00 1.00 3.48 9.20 19.65 29.32 41.40 41.40 41.40 41.40 41.40 41.39 29.72 21.18 14.88
1.44 1.81 2.75 4.26 6.46 7.41 8.62 10.13 9.92 18.26 31.83 25.68 20.28 15.79 7.79 13.61 14.92 8.42 4.55 5.71 2.80 1.52 0.70 0.81
53.07 38.61 30.22 23.38 17.56 11.54 7.39 4.78 5.04 5.67 10.64 18.93 38.16 51.36 71.86 97.75 79.87 72.03 52.96 62.17 65.28 65.28 65.28 65.28
71.78 97.26 131.56 175.60 200.00 200.00 200.00 200.00 147.17 60.00 60.00 60.00 52.68 40.94 30.36 23.86 20.78 21.86 23.87 26.61 29.16 45.57 39.86 41.41
54.26 73.53 99.46 132.76 151.20 151.20 151.20 151.20 111.12 45.36 45.36 45.36 39.83 30.95 22.95 18.04 15.71 16.52 18.04 20.12 22.13 34.52 30.14 31.30
31.40 42.55 57.56 76.83 87.50 87.50 87.50 87.50 64.10 26.25 26.25 26.25 23.05 17.91 13.28 10.44 9.09 9.56 10.44 11.64 12.88 20.02 17.44 18.12
50.78 68.81 93.08 124.24 141.50 141.50 141.50 141.50 103.96 42.45 42.45 42.45 37.27 28.96 21.48 16.88 14.70 15.46 16.89 18.83 20.73 32.32 28.20 29.30
66.40 89.97 121.70 162.43 185.00 185.00 185.00 185.00 136.09 55.50 55.50 55.50 48.73 37.87 28.08 22.07 19.22 20.22 22.08 24.62 27.00 42.18 36.87 38.30
46.84 63.46 85.85 114.58 130.50 130.50 130.50 130.50 95.84 39.15 39.15 39.15 34.38 26.71 19.81 15.57 13.56 14.26 15.57 17.37 19.14 29.82 26.01 27.02
104.44 141.52 191.43 255.50 291.00 291.00 291.00 291.00 214.40 87.30 87.30 87.30 76.66 59.56 44.17 34.72 30.23 31.80 34.73 38.72 42.09 66.07 58.00 60.25
0.00 0.00 0.00 0.00 0.00 0.00 0.00 0.00 0.00 0.00 0.00 0.00 0.00 0.00 0.00 0.00 0.00 0.00 0.00 0.00 0.00 0.00 0.00 0.00
109.81 152.83 170.60 170.60 170.60 170.60 170.60 170.60 123.33 155.83 103.48 49.28 37.61 28.00 19.98 15.12 12.72 15.04 18.61 23.68 35.93 51.94 42.29 46.00
105.57 146.92 164.00 164.00 164.00 164.00 164.00 164.00 119.02 148.85 99.00 47.37 36.16 26.91 19.21 14.53 12.23 14.46 17.89 22.76 34.55 49.93 40.66 44.22
141.74 197.26 220.20 220.20 220.20 220.20 220.20 220.20 155.30 208.93 137.47 63.60 48.55 36.14 25.79 19.51 16.42 19.41 24.02 30.56 46.35 67.04 54.59 59.38
505.62 703.68 785.50 785.50 785.50 785.50 785.50 785.50 486.84 785.09 509.29 226.89 173.19 128.91 92.00 69.60 58.58 69.26 85.68 109.02 165.01 239.13 194.72 211.81
181.84 253.08 282.50 282.50 282.50 282.50 282.50 282.50 194.81 276.23 180.45 81.60 62.29 46.36 33.09 25.03 21.07 24.91 30.81 39.21 59.43 86.00 70.03 76.17
67.44 88.63 36.00 36.00 79.09 28.59 24.78 22.06 18.92 16.24 34.46 23.90 17.65 9.29 3.50 3.34 8.63 13.53 20.37 29.17 28.75 28.36 28.34 30.99
9.17 11.14 14.59 18.77 23.74 19.99 16.92 14.25 19.23 25.11 29.88 29.93 24.38 21.08 14.99 9.43 6.22 6.22 6.70 7.69 8.49 8.77 10.12 10.22
56.41 68.50 89.72 115.43 145.99 122.95 104.04 87.64 118.24 154.39 183.75 219.93 149.91 129.65 100.50 57.99 38.24 38.25 41.17 47.28 61.31 53.91 62.25 62.87
10.24 7.45 5.83 4.51 3.39 2.23 1.43 0.92 0.97 1.09 2.19 4.06 7.37 9.91 13.87 18.87 17.51 14.65 10.22 12.00 12.60 12.60 12.60 12.60
3.41 4.27 6.51 10.09 15.31 17.56 20.40 23.99 23.48 43.17 75.37 60.81 48.01 37.40 18.40 32.23 35.33 19.90 10.78 16.33 6.63 3.60 1.66 1.91
2.96 3.72 5.66 8.78 13.31 15.27 17.74 20.86 20.42 37.54 65.54 52.88 41.75 32.52 16.01 28.02 30.72 17.31 9.37 13.71 5.76 3.13 1.44 1.66
0.55 0.69 1.05 1.63 2.47 2.84 3.30 3.87 3.79 7.00 12.17 9.82 7.75 6.04 3.00 5.20 5.71 3.23 1.74 1.95 1.07 0.58 0.27 0.31
182.43 161.13 151.09 148.65 144.59 109.59 84.08 65.26 80.91 92.32 102.39 39.44 22.69 18.58 22.10 27.64 35.75 39.05 43.48 49.34 51.67 80.41 171.41 200.00
50.72 96.20 88.99 83.01 77.05 71.97 67.52 63.35 69.20 78.89 92.03 68.21 57.83 59.11 76.37 107.23 157.44 238.46 338.60 338.60 324.02 206.11 124.32 110.09
63.18 48.70 72.39 78.82 45.00 106.15 137.43 75.93 137.36 78.69 134.55 57.79 22.99 16.61 12.10 9.77 9.16 11.26 14.32 18.52 15.06 22.66 31.88 32.99
63.18 48.70 72.39 78.82 45.00 106.15 137.43 75.93 137.36 78.69 134.55 57.79 22.99 16.61 12.10 9.77 9.16 11.26 14.32 18.52 15.06 22.66 31.88 32.99
4.21 3.33 3.87 4.05 3.00 5.11 5.45 3.11 7.11 5.34 8.97 3.89 1.53 1.11 0.81 0.65 0.61 0.75 0.95 1.24 1.00 1.52 2.13 2.20
67.04 82.24 121.22 175.73 200.00 200.00 200.00 200.00 102.59 44.07 35.10 23.40 14.73 8.74 3.09 1.61 2.77 11.53 38.28 64.72 55.30 46.89 39.42 42.05
39.42 48.36 71.28 103.33 117.60 117.60 117.60 117.60 60.53 25.91 20.64 13.76 8.66 5.14 1.82 0.94 1.63 6.78 22.51 38.06 32.52 27.57 23.18 24.73
23.25 27.58 44.88 69.87 88.92 122.47 143.54 168.44 174.20 174.20 174.20 97.74 69.61 115.43 46.16 33.13 33.17 41.34 70.65 67.96 60.83 54.25 48.26 46.88
33.31 39.50 64.27 100.07 120.77 175.41 205.59 241.25 249.50 249.50 249.50 139.96 95.42 162.96 64.06 47.46 47.51 59.50 101.45 97.33 87.12 77.70 69.12 67.14
4.76 5.33 9.16 14.99 23.34 25.87 29.03 30.00 30.00 30.00 40.31 30.00 24.98 19.68 15.51 32.75 12.85 12.67 12.60 12.62 8.05 4.72 2.47 2.88
7.00 7.83 13.47 22.04 34.30 38.03 42.68 44.10 44.10 44.10 65.03 44.10 36.72 28.93 22.79 48.20 18.88 18.62 18.52 18.55 11.83 6.94 3.63 4.24
59.90 39.28 30.32 13.36 15.03 3.17 0.96 0.00 0.00 0.00 0.00 3.90 12.60 29.30 41.94 41.94 50.50 111.85 139.80 135.62 103.80 91.59 108.78 80.58
0.00 0.00 0.00 0.00 0.00 0.00 0.00 0.00 0.00 0.00 0.00 0.00 0.00 0.00 0.00 0.00 0.00 0.00 0.00 0.00 0.00 0.00 0.00 0.00
80.26 52.64 40.63 17.88 20.73 4.51 1.29 0.00 0.00 0.00 0.00 5.22 16.88 39.26 56.20 56.20 64.20 146.43 187.33 183.78 138.32 119.08 145.76 107.97
16.09 10.87 7.66 5.27 3.59 1.67 0.00 0.00 0.00 0.00 1.33 3.37 7.77 15.52 23.04 32.79 45.07 45.90 45.90 45.90 45.90 38.63 30.18 22.11
149.80 149.80 149.80 149.80 149.80 149.80 125.96 62.45 30.22 35.68 42.11 38.84 36.00 33.69 33.49 57.63 82.49 34.25 35.08 37.13 63.80 110.37 108.24 140.10
37.54 71.20 65.86 61.44 57.02 53.27 49.97 46.88 51.21 58.39 68.11 50.48 42.80 43.75 56.52 79.36 116.52 176.48 250.60 250.60 239.81 152.54 92.01 81.48
13.23 12.89 17.27 23.66 32.79 39.92 49.72 63.42 86.40 115.81 151.79 143.25 134.91 126.59 147.30 184.67 230.00 229.18 218.55 208.52 141.02 91.50 56.11 54.17
0.00 0.00 3.13 3.00 4.99 13.21 31.80 31.24 17.19 42.53 97.39 66.82 44.18 28.11 32.66 37.78 43.48 67.59 74.23 42.87 35.30 29.41 25.25 24.13
18.81 20.64 20.31 19.94 19.66 13.81 9.36 6.21 10.57 16.66 46.09 61.04 24.65 30.13 14.06 6.69 6.52 9.27 13.46 19.42 19.27 20.46 56.78 20.56
69.20 88.62 75.39 69.10 70.44 64.65 60.17 58.00 45.84 35.66 27.26 34.64 52.18 82.63 106.73 136.55 173.67 251.23 268.00 268.00 268.00 263.28 188.73 193.71
43.01 54.30 44.02 36.60 31.42 21.15 14.83 11.73 9.30 7.23 5.53 11.66 23.65 43.69 62.99 86.80 116.06 143.82 182.36 235.35 192.46 157.88 129.32 134.92
0.00 0.00 0.00 0.00 0.00 0.00 0.00 0.00 0.00 0.00 0.00 0.00 0.00 0.00 0.00 0.00 0.00 0.00 0.00 0.00 0.00 0.00 0.00 0.00
25.54 36.28 34.12 32.37 30.73 26.15 22.85 20.56 18.61 16.86 28.83 33.26 20.20 11.23 4.23 3.31 7.53 13.59 22.90 35.89 36.04 36.21 21.59 11.25
29.77 32.78 38.35 52.02 76.44 83.00 95.15 112.98 100.84 89.52 44.54 55.51 51.06 22.52 18.50 17.32 21.80 40.80 58.34 80.49 70.79 64.17 60.37 43.63
0.00 0.00 0.00 0.00 0.00 0.00 0.00 0.00 0.00 0.00 0.00 0.00 0.00 0.00 0.00 0.00 0.00 0.00 0.00 0.00 0.00 0.00 0.00 0.00
62.11 69.02 54.47 45.50 41.07 37.33 40.68 50.94 37.32 26.48 18.06 17.69 18.15 19.12 13.27 12.97 17.86 33.89 57.73 91.57 80.84 72.17 65.67 63.27
173.27 176.50 176.50 176.50 176.50 176.50 176.50 176.50 176.50 130.37 51.64 34.97 22.24 13.08 8.75 7.38 8.54 11.16 27.20 62.49 62.00 62.35 63.78 79.45
39.00 95.96 31.60 19.82 11.45 8.78 6.71 5.08 5.04 5.09 5.23 9.26 24.27 21.41 40.69 47.87 60.08 82.70 111.22 130.00 130.00 130.00 130.00 95.85
856.05 752.93 711.67 674.93 647.39 503.02 395.97 316.01 366.94 236.91 145.62 115.92 94.89 80.63 98.26 125.86 165.16 180.12 199.11 224.01 433.49 841.64 857.00 857.00
965.07 852.37 741.75 786.35 764.86 579.73 444.78 345.25 428.02 519.94 604.71 257.86 120.02 98.31 116.93 146.20 189.10 206.60 229.99 261.02 273.36 373.19 852.76 1058.00
165.75 201.29 263.64 339.19 429.00 361.29 305.72 257.51 347.44 453.67 539.94 840.64 440.49 380.98 355.77 170.40 112.36 112.41 120.99 138.92 232.23 158.41 182.91 184.75
51.52 27.52 22.26 17.83 14.14 6.48 0.00 0.00 0.00 0.00 3.75 8.88 19.32 74.57 61.36 106.60 137.52 159.03 159.03 159.03 159.03 159.03 159.03 121.53
127.32 92.63 72.49 56.08 42.12 27.69 17.72 11.48 12.10 13.59 24.86 42.21 91.55 123.20 172.38 234.49 182.66 177.99 127.05 149.13 156.60 156.60 156.60 156.60
86.37 27.23 19.90 14.51 10.95 4.48 0.00 0.00 0.00 0.00 0.00 9.23 31.28 74.47 78.00 78.00 78.00 78.00 78.00 78.00 145.89 260.00 205.21 152.12
49.95 26.12 19.89 15.20 12.00 3.84 0.00 0.00 0.00 0.00 0.00 14.27 50.93 124.95 171.72 171.72 171.72 171.72 171.72 171.72 171.72 153.27 96.19 62.85
12.78 9.30 7.28 5.63 4.23 2.78 1.78 1.15 1.21 1.36 2.71 5.03 9.19 12.37 17.30 23.54 21.51 18.11 12.75 14.97 15.72 15.72 15.72 15.72
161.81 52.36 38.26 27.90 21.06 8.61 0.00 0.00 0.00 0.00 0.00 17.76 60.16 143.22 150.00 150.00 150.00 150.00 150.00 150.00 280.44 500.00 394.64 292.53
162.68 96.23 63.25 39.53 23.72 8.40 0.00 0.00 0.00 0.00 15.44 41.78 91.54 172.99 266.04 326.40 326.40 326.40 326.40 326.40 326.40 326.40 599.11 201.55
74.84 41.78 30.05 21.55 15.87 5.26 0.00 0.00 0.00 0.00 6.46 22.43 59.34 126.78 189.14 267.06 267.06 267.06 267.06 267.06 267.00 191.73 136.65 95.99
97.00 97.00 97.00 97.00 97.00 97.00 81.57 40.43 19.56 23.10 27.27 25.15 23.31 21.81 21.69 36.85 52.60 22.18 22.72 24.05 38.88 69.12 70.09 90.72
119.20 119.20 119.20 119.20 119.20 119.20 100.23 49.69 24.04 28.39 33.51 30.90 28.65 26.81 26.65 45.58 65.16 27.26 27.92 29.55 49.17 86.29 86.13 111.48
92.97 102.36 119.76 162.46 238.71 259.19 297.14 352.83 314.93 279.57 139.03 187.78 159.47 70.06 64.31 56.53 58.93 127.41 182.19 251.37 221.07 200.39 188.55 136.27
211.16 162.41 312.26 321.97 150.39 364.92 484.95 270.16 475.55 262.58 449.66 193.00 76.82 55.52 40.44 32.65 30.63 37.62 47.85 61.91 50.32 75.69 106.56 110.27
119.85 131.96 154.38 209.43 307.73 334.13 383.05 454.84 405.99 360.39 179.22 245.22 205.58 90.27 85.79 74.46 73.54 164.25 234.87 324.04 284.99 258.33 243.06 175.67
166.83 183.68 214.90 291.53 428.37 465.11 533.21 633.14 565.14 501.68 249.46 345.99 286.17 125.61 124.77 106.87 98.59 228.63 326.94 451.07 396.71 359.59 338.34 244.53
75.56 97.76 146.43 213.60 264.60 264.60 264.60 264.60 264.60 248.52 227.88 175.47 131.27 137.07 77.98 71.75 172.41 87.41 103.31 124.16 188.15 105.69 21.12 27.25
1.04 2.82 1.90 2.72 3.87 3.83 3.83 9.40 5.70 10.56 30.47 26.09 21.25 16.03 14.74 13.58 12.54 17.51 17.55 9.38 7.29 5.67 4.49 4.65
