341.54 372.07 334.71 304.32 278.58 209.21 159.75 128.11 123.44 102.45 81.62 38.45 33.03 28.86 25.82 23.04 35.15 31.33 40.38 85.53 72.88 59.51 49.23 33.42
414.23 451.25 405.94 369.08 337.86 253.73 193.74 155.37 153.64 127.21 101.13 46.63 40.05 35.01 31.31 27.94 44.37 37.72 49.17 103.96 88.39 72.18 59.70 40.54
78.34 70.15 62.22 55.24 44.10 46.08 43.76 41.74 54.25 71.81 95.34 52.37 38.75 74.46 30.69 21.43 20.66 24.62 41.19 39.94 41.69 44.06 46.85 44.11
138.61 124.12 110.09 97.73 72.89 81.53 77.43 73.86 95.98 127.06 168.69 92.62 64.87 130.04 52.79 37.92 36.56 43.79 73.08 70.66 73.76 77.95 82.90 78.05
12.78 24.19 9.35 8.09 6.92 5.27 4.13 8.23 2.77 3.27 6.84 7.27 7.48 7.84 12.74 22.81 40.04 35.53 23.51 8.61 7.19 6.37 5.99 7.41
51.78 53.58 62.79 73.30 84.66 62.90 45.73 24.19 12.32 15.40 18.95 15.75 15.85 19.47 19.61 34.50 51.44 16.84 12.69 9.35 16.66 31.76 34.77 34.24
13.55 25.75 9.91 8.57 7.34 5.58 4.37 8.72 2.94 3.47 7.26 7.73 7.93 8.31 13.50 24.18 42.45 37.67 24.92 9.13 7.63 6.75 6.35 7.85
21.52 42.09 15.74 13.62 11.66 8.87 6.95 13.86 4.67 5.55 11.58 12.59 12.60 13.20 21.45 38.41 67.44 59.84 39.61 14.50 12.12 10.72 10.09 12.47
321.97 209.04 207.56 172.07 140.85 96.86 37.64 36.84 40.47 46.78 55.72 129.93 166.79 160.80 193.99 258.64 361.91 281.47 162.23 51.31 54.35 60.04 130.14 223.40
170.00 170.00 170.00 170.00 170.00 147.64 120.01 96.64 69.59 46.42 51.00 51.00 51.00 51.00 51.00 51.00 51.00 73.27 91.72 62.92 59.61 56.55 53.39 46.94
200.00 200.00 200.00 200.00 200.00 173.70 141.19 113.70 81.80 54.61 60.00 60.00 60.00 60.00 60.00 60.00 60.00 86.18 107.90 74.02 70.13 66.53 62.81 55.23
3.46 3.59 3.46 3.45 3.56 2.86 2.27 1.77 2.56 3.58 4.89 4.13 3.69 3.56 2.58 1.81 1.22 0.82 0.98 1.80 1.06 0.00 0.00 0.00
5.02 4.66 4.23 3.82 3.47 3.26 3.07 2.87 3.84 10.01 25.20 28.14 31.49 34.00 15.86 22.14 17.12 7.39 3.12 3.20 2.94 3.32 3.74 2.99
16.28 15.39 14.24 13.29 12.28 9.76 7.62 5.85 4.61 4.46 8.82 4.84 9.71 28.72 35.26 54.54 56.62 29.10 11.28 6.49 5.35 4.98 5.26 4.79
192.21 186.52 169.16 154.23 139.95 131.85 124.69 117.58 105.81 54.90 60.00 60.00 60.00 60.00 60.00 51.78 41.07 32.08 25.20 20.33 30.59 66.34 82.02 75.63
145.31 141.01 127.88 116.60 105.80 99.68 94.26 88.89 79.89 41.50 45.36 45.36 45.36 45.36 45.36 39.14 31.05 24.25 19.05 15.37 23.22 50.25 62.01 57.18
84.09 81.60 74.01 67.48 61.23 57.68 54.55 51.44 46.08 24.02 26.25 26.25 26.25 26.25 26.25 22.65 17.97 14.04 11.03 8.89 13.52 29.15 35.88 33.09
135.99 131.96 119.68 109.12 99.01 93.28 88.21 83.18 74.74 38.84 42.45 42.45 42.45 42.45 42.45 36.63 29.06 22.70 17.83 14.38 21.75 47.05 58.03 53.51
177.80 172.53 156.47 142.66 129.45 121.96 115.33 108.76 97.84 50.78 55.50 55.50 55.50 55.50 55.50 47.89 37.99 29.67 23.31 18.80 28.33 61.41 75.87 69.96
125.42 121.70 110.37 100.64 91.32 86.03 81.36 76.72 68.90 35.82 39.15 39.15 39.15 39.15 39.15 33.78 26.80 20.93 16.45 13.26 20.08 43.41 53.52 49.35
279.67 271.38 246.12 224.41 203.62 191.84 181.42 171.07 154.14 79.88 87.30 87.30 87.30 87.30 87.30 75.34 59.76 46.68 36.67 29.58 44.16 96.18 119.34 110.04
0.00 0.00 0.00 0.00 0.00 0.00 0.00 0.00 0.00 0.00 0.00 0.00 0.00 0.00 0.00 0.00 0.00 0.00 0.00 0.00 0.00 0.00 0.00 0.00
170.60 170.60 170.60 170.60 169.57 153.49 138.84 125.84 107.91 155.83 103.48 51.18 51.18 51.18 51.18 49.69 38.84 29.52 22.41 17.03 34.63 66.92 72.70 65.87
164.00 164.00 164.00 164.00 163.01 147.56 133.47 120.97 104.14 148.85 99.00 49.20 49.20 49.20 49.20 47.77 37.34 28.38 21.55 16.37 33.30 64.33 69.88 63.32
220.20 220.20 220.20 220.20 218.88 198.12 179.21 162.42 135.88 208.93 137.47 66.06 66.06 66.06 66.06 64.14 50.13 38.11 28.93 21.98 44.67 86.38 93.83 85.03
785.50 785.50 785.50 785.50 780.78 706.74 639.27 579.39 425.97 785.09 509.29 235.65 235.65 235.65 235.65 228.80 178.84 135.93 103.19 78.41 159.05 308.13 334.72 303.30
282.50 282.50 282.50 282.50 280.80 254.18 229.91 208.37 170.45 276.23 180.45 84.75 84.75 84.75 84.75 82.29 64.32 48.89 37.11 28.20 57.28 110.82 120.38 109.08
20.58 24.65 9.87 9.77 22.74 8.29 7.06 5.96 8.68 12.47 43.41 48.96 65.97 74.29 79.07 84.61 91.36 69.16 50.78 36.46 35.73 35.15 34.53 30.82
10.40 10.51 9.06 7.84 6.73 6.62 6.52 6.47 10.11 15.50 23.20 28.11 29.88 29.88 29.65 23.07 18.67 14.73 11.61 9.18 10.37 10.37 11.00 10.17
63.97 64.66 55.74 48.20 41.37 40.72 40.11 39.78 62.16 95.32 142.66 206.57 183.76 183.75 198.84 141.89 114.83 90.58 71.42 56.46 74.85 63.79 67.68 62.56
3.14 2.97 2.75 2.56 2.37 1.88 1.47 1.13 0.89 0.86 1.81 1.04 1.87 5.54 6.81 10.53 12.42 5.92 2.18 1.25 1.03 0.96 1.02 0.92
11.88 11.02 10.00 9.03 8.21 7.73 7.26 6.80 9.09 23.67 59.66 66.62 74.55 80.50 37.45 52.42 40.54 17.47 7.40 9.14 6.95 7.85 8.86 7.07
10.33 9.59 8.70 7.86 7.14 6.72 6.31 5.92 7.90 20.59 51.87 57.93 64.82 70.00 32.57 45.58 35.25 15.19 6.43 7.67 6.04 6.83 7.70 6.15
1.92 1.78 1.62 1.46 1.33 1.25 1.17 1.10 1.47 3.84 9.63 10.75 12.04 13.00 6.10 8.46 6.55 2.83 1.19 1.09 1.12 1.27 1.43 1.14
85.04 85.89 86.46 91.50 94.86 76.11 62.81 54.24 69.52 82.86 96.17 47.99 38.87 47.30 47.71 48.13 48.61 36.20 26.34 18.83 19.89 29.55 65.17 69.86
338.60 338.60 338.60 338.60 338.60 338.60 338.60 338.60 328.40 314.79 310.34 186.71 107.80 63.40 32.66 15.90 8.44 11.71 15.78 21.26 34.43 53.40 78.29 47.60
136.24 76.93 74.28 55.28 27.68 60.77 73.47 37.75 84.77 62.22 138.11 84.20 45.00 45.00 45.00 37.91 29.22 22.80 18.08 14.92 15.55 30.51 57.51 51.84
136.24 76.93 74.28 55.28 27.68 60.77 73.47 37.75 84.77 62.22 138.11 84.20 45.00 45.00 45.00 37.91 29.22 22.80 18.08 14.92 15.55 30.51 57.51 51.84
9.08 5.26 3.97 2.84 1.85 2.93 2.91 1.55 4.39 4.23 9.21 5.66 3.00 3.00 3.00 2.53 1.95 1.52 1.21 0.99 1.04 2.05 3.83 3.46
200.00 200.00 200.00 200.00 200.00 173.70 141.19 113.70 81.80 54.61 60.00 60.00 60.00 60.00 60.00 60.00 60.00 86.18 107.90 74.02 70.13 66.53 62.81 55.23
117.60 117.60 117.60 117.60 117.60 102.13 83.02 66.86 48.26 32.11 35.28 35.28 35.28 35.28 35.28 35.28 35.28 50.72 63.45 43.52 41.23 39.12 36.93 32.47
125.44 112.32 99.62 88.44 66.88 73.78 70.07 66.83 86.86 114.98 152.65 83.82 59.36 118.07 48.12 34.32 33.09 39.58 66.09 63.95 66.75 70.54 75.02 70.63
179.66 160.87 142.68 126.67 90.83 105.67 100.35 95.73 124.41 164.69 218.64 120.03 81.37 166.68 66.78 49.15 47.39 56.97 94.91 91.59 95.60 101.03 107.44 101.16
15.10 13.32 11.99 10.80 9.70 9.33 8.97 8.58 12.62 18.88 37.70 30.00 30.00 30.00 28.57 56.71 18.65 14.92 12.08 10.15 10.52 10.91 11.30 10.38
22.20 19.58 17.63 15.88 14.25 13.71 13.19 12.61 18.55 27.75 60.83 44.10 44.10 44.10 42.00 83.47 27.41 21.93 17.75 14.91 15.46 16.03 16.61 15.26
68.93 70.06 55.92 24.91 27.49 8.49 4.70 3.15 4.34 6.06 8.49 6.29 4.76 3.82 2.52 1.55 1.04 3.13 5.43 7.31 5.33 4.53 6.72 3.76
0.00 0.00 0.00 0.00 0.00 0.00 0.00 0.00 0.00 0.00 0.00 0.00 0.00 0.00 0.00 0.00 0.00 0.00 0.00 0.00 0.00 0.00 0.00 0.00
92.36 93.88 74.93 33.34 37.92 12.10 6.30 4.22 5.82 8.12 11.37 8.43 6.37 5.12 3.37 2.07 1.33 4.10 7.27 9.90 7.11 5.89 9.01 5.03
6.84 7.91 8.46 9.29 10.50 9.10 7.88 6.85 6.61 6.37 6.14 5.88 5.80 5.98 4.99 4.23 3.64 2.20 1.73 2.09 1.21 0.94 1.15 1.03
66.87 69.20 81.09 94.66 109.32 81.23 59.05 31.24 15.91 19.88 24.47 20.34 20.47 25.14 25.32 44.86 66.98 21.75 16.38 12.07 22.30 41.83 44.90 44.22
250.60 250.60 250.60 250.60 250.60 250.60 250.60 250.60 243.05 232.98 229.68 138.19 79.78 46.92 24.17 11.76 6.24 8.66 11.68 15.73 25.48 39.52 57.94 35.23
209.13 196.92 166.04 138.76 115.26 104.54 95.29 87.04 104.59 130.27 165.59 165.93 169.44 175.31 144.67 120.87 102.26 81.49 65.95 54.92 66.98 81.76 99.42 89.98
60.43 52.60 26.73 12.59 11.12 16.66 24.12 15.56 4.38 5.98 8.90 8.07 8.43 10.11 20.28 37.90 65.21 55.62 34.71 11.92 9.91 9.22 9.68 12.41
12.02 11.82 10.76 9.77 8.90 7.81 6.94 6.25 8.15 10.50 25.13 52.35 36.92 85.23 42.71 20.31 18.04 15.12 12.72 10.85 10.97 11.13 27.82 10.41
268.00 268.00 268.00 268.00 268.00 268.00 250.63 162.71 163.88 183.06 219.14 116.49 73.85 74.06 23.60 0.00 0.00 0.00 0.00 9.88 7.75 16.81 44.42 38.67
250.00 250.00 250.00 245.11 204.65 132.90 85.95 58.36 47.67 40.17 36.05 31.59 28.23 25.95 10.46 0.00 0.00 0.00 0.00 0.00 6.88 16.64 34.37 29.32
0.00 0.00 0.00 0.00 0.00 0.00 0.00 0.00 0.00 0.00 0.00 0.00 0.00 0.00 0.00 0.00 0.00 0.00 0.00 0.00 0.00 0.00 0.00 0.00
15.97 15.28 14.08 13.07 12.19 10.28 8.69 7.31 9.09 11.53 27.69 62.44 80.73 105.29 119.34 136.63 158.24 110.44 73.82 46.42 43.72 41.10 22.95 9.78
153.05 146.62 129.34 112.90 98.35 92.84 87.73 82.82 92.64 106.70 69.67 130.17 185.40 104.55 124.62 98.21 70.72 72.78 61.94 55.40 53.54 51.34 49.61 29.30
0.00 0.00 0.00 0.00 0.00 0.00 0.00 0.00 0.00 0.00 0.00 0.00 0.00 0.00 0.00 0.00 0.00 0.00 0.00 0.00 0.00 0.00 0.00 0.00
147.76 143.55 126.83 111.30 97.12 89.69 82.91 76.93 87.78 101.14 118.36 136.25 167.78 216.76 188.28 165.56 147.67 115.82 95.15 83.92 79.62 79.63 84.05 55.92
176.50 176.50 176.50 176.50 176.50 176.50 176.50 160.45 176.50 130.37 52.95 52.95 52.95 52.95 52.95 52.95 51.83 38.68 53.14 67.91 70.19 73.21 76.39 67.86
10.26 25.86 10.30 10.08 9.91 8.16 6.89 5.98 5.18 4.51 3.95 8.84 26.33 24.46 51.69 61.38 72.72 59.03 47.60 38.17 36.98 35.73 34.69 24.02
395.67 401.64 420.40 441.30 463.58 366.27 295.81 247.09 336.31 254.61 181.32 170.26 176.05 198.51 203.19 208.76 214.01 161.42 119.52 87.73 165.53 314.29 337.59 305.37
449.85 454.37 424.43 484.04 501.79 402.60 332.25 286.92 367.78 466.65 567.96 313.76 205.64 250.20 252.40 254.61 257.15 191.50 139.36 99.61 105.22 137.12 324.20 369.57
187.96 189.99 163.79 141.63 121.57 119.65 117.87 116.90 182.66 280.08 419.20 789.59 539.95 539.94 703.88 416.92 337.43 266.18 209.87 165.92 283.55 187.46 198.86 183.84
26.93 23.72 19.50 15.81 12.74 8.53 5.54 3.48 0.00 3.79 6.59 0.00 0.00 21.79 13.57 23.96 35.36 22.91 13.98 8.07 7.00 6.74 7.18 6.85
39.05 36.91 34.16 31.87 29.46 23.42 18.29 14.03 11.06 10.70 20.61 10.79 23.29 68.89 84.58 130.84 129.49 71.90 27.05 15.57 12.84 11.95 12.62 11.49
85.35 41.59 33.58 27.01 21.67 12.99 7.12 3.47 6.87 12.35 20.40 13.65 9.36 6.98 4.20 2.29 0.00 0.00 2.22 3.28 6.55 12.82 14.47 7.94
31.59 32.14 25.68 20.62 16.82 8.99 4.07 0.00 5.00 12.40 24.66 15.25 9.90 7.57 3.64 0.00 0.00 0.00 0.00 4.33 3.59 3.47 4.00 0.00
3.92 3.71 3.43 3.20 2.96 2.35 1.84 1.41 1.11 1.07 2.25 1.28 2.34 6.92 8.49 13.13 15.25 7.32 2.72 1.56 1.29 1.20 1.27 1.15
159.90 79.99 64.57 51.94 41.67 24.97 13.69 6.67 13.22 23.75 39.24 26.26 18.00 13.42 8.08 4.41 0.00 0.00 4.28 6.30 12.58 24.66 27.82 15.26
22.54 21.52 15.85 11.59 8.86 6.48 0.00 0.00 7.25 13.35 22.20 17.62 15.92 17.24 9.58 0.00 0.00 0.00 11.03 27.52 15.14 8.97 14.51 0.00
22.34 23.14 22.29 22.28 22.93 18.45 14.63 11.44 16.51 23.12 31.52 26.62 23.78 22.99 16.67 11.70 7.89 5.30 6.35 11.61 6.82 0.00 0.00 0.00
43.30 44.81 52.51 61.30 70.79 52.60 38.24 20.23 10.30 12.87 15.85 13.17 13.26 16.28 16.40 28.69 42.71 14.08 10.61 7.82 13.59 26.20 29.07 28.63
53.21 55.06 64.53 75.32 86.99 64.64 46.99 24.86 12.66 15.82 19.48 16.19 16.29 20.01 20.15 35.48 52.91 17.30 13.03 9.61 17.19 32.70 35.73 35.19
477.98 457.88 403.92 352.58 307.14 289.92 273.97 258.66 289.31 333.24 217.46 440.35 579.00 325.32 433.20 320.54 191.13 227.29 193.44 173.02 167.21 160.34 154.93 91.51
455.31 256.59 320.42 225.79 92.52 208.90 259.25 134.32 293.49 207.64 461.56 281.17 150.39 150.39 150.39 126.70 97.66 76.21 60.44 49.85 51.97 101.91 192.20 173.25
616.18 590.27 520.70 454.52 395.94 373.75 353.19 333.44 372.95 429.58 280.32 575.05 746.40 419.18 577.85 422.20 238.53 293.01 249.37 223.04 215.55 206.70 199.73 117.96
857.73 821.66 724.82 632.69 551.15 520.26 491.64 464.15 519.15 597.99 390.18 811.36 1039.00 583.24 840.42 606.01 319.78 407.87 347.13 310.48 300.05 287.72 278.03 164.21
170.37 171.56 154.65 139.56 125.93 116.64 107.56 99.05 127.60 169.60 227.48 257.25 264.60 378.16 264.60 205.64 355.60 120.44 94.90 77.79 205.31 221.57 97.73 87.47
5.74 9.99 4.20 3.63 3.11 2.36 1.86 3.69 1.24 1.46 3.05 3.17 3.36 3.52 5.72 10.24 17.97 15.95 10.54 3.86 3.23 2.86 2.69 3.32
