321.42 201.82 175.11 158.73 150.34 179.28 212.10 248.87 339.58 404.37 349.46 191.04 143.42 104.44 97.16 90.51 145.41 151.04 211.53 464.91 476.18 471.75 473.33 287.18
389.83 244.77 212.37 192.51 182.34 217.43 257.24 301.83 422.64 502.12 433.01 231.70 173.93 126.66 117.84 109.77 183.52 181.88 257.58 565.09 577.52 572.14 574.06 348.29
57.54 63.87 61.63 60.03 53.23 62.75 67.00 72.08 88.88 108.24 108.80 61.07 46.17 90.35 42.61 32.64 29.55 27.90 34.14 21.80 26.95 38.32 57.54 55.32
101.81 113.01 109.04 106.22 87.97 111.02 118.53 127.53 157.26 191.51 192.50 108.00 77.30 157.79 73.27 57.75 52.28 49.63 60.57 38.56 47.68 67.81 101.80 97.87
11.11 24.44 10.02 9.25 8.51 7.15 6.16 13.40 4.98 6.04 11.87 14.18 17.00 21.03 18.07 25.42 46.33 26.57 10.09 1.78 2.33 5.46 12.85 10.83
64.55 47.38 43.01 38.98 35.45 37.37 39.45 30.61 11.53 10.90 10.45 14.00 18.63 24.40 23.69 39.49 54.99 16.26 11.26 7.99 16.18 37.79 52.00 46.23
11.78 26.02 10.62 9.81 9.02 7.58 6.53 14.21 5.28 6.41 12.59 15.08 18.03 22.29 19.15 26.94 49.11 28.16 10.69 1.89 2.47 5.78 13.62 11.48
18.71 42.53 16.87 15.58 14.34 12.04 10.37 22.57 8.39 10.24 20.08 24.56 28.64 35.41 30.43 42.80 78.02 44.74 16.99 3.00 3.93 9.19 21.63 18.23
208.18 183.98 197.82 179.82 166.08 116.35 45.78 45.95 52.48 59.24 66.98 180.39 269.24 297.17 251.07 274.61 374.33 225.52 91.82 18.04 23.78 41.10 143.42 240.62
114.90 90.13 93.78 97.55 101.68 116.07 132.39 149.93 96.01 51.00 51.00 51.00 51.00 51.00 51.00 51.00 51.00 79.92 85.83 47.42 58.12 70.95 86.64 100.60
135.17 106.03 110.33 114.76 119.62 136.55 155.75 176.39 112.86 60.00 60.00 60.00 60.00 60.00 60.00 60.00 60.00 94.00 100.97 55.78 68.38 83.47 101.93 118.35
1.66 0.00 0.00 0.00 0.00 0.00 0.00 0.00 0.00 0.00 0.00 0.00 0.00 0.00 2.03 6.94 16.67 17.59 18.50 19.46 16.42 13.90 11.99 5.11
3.52 3.39 3.30 3.27 3.26 3.87 4.57 5.34 7.37 18.65 34.00 33.99 34.00 34.00 19.16 29.66 20.44 8.33 3.14 2.68 2.55 3.17 4.13 3.99
10.40 10.90 6.83 4.02 2.26 2.26 2.25 2.28 3.48 5.12 11.61 11.30 11.50 7.49 10.25 15.18 14.42 15.75 13.44 17.79 18.15 18.68 19.43 13.07
146.50 150.91 147.77 145.36 144.71 168.73 195.73 200.00 147.17 60.00 60.00 60.00 60.00 60.00 60.00 60.00 60.00 41.45 26.23 15.44 28.22 78.12 125.97 125.63
110.76 114.09 111.71 109.89 109.40 127.56 147.97 151.20 111.12 45.36 45.36 45.36 45.36 45.36 45.36 45.36 45.36 31.34 19.83 11.67 21.43 59.17 95.24 94.98
64.10 66.02 64.65 63.60 63.31 73.82 85.63 87.50 64.10 26.25 26.25 26.25 26.25 26.25 26.25 26.25 26.25 18.14 11.48 6.75 12.47 34.32 55.11 54.96
103.65 106.77 104.55 102.84 102.38 119.38 138.48 141.50 103.96 42.45 42.45 42.45 42.45 42.45 42.45 42.45 42.45 29.33 18.56 10.92 20.07 55.39 89.13 88.89
135.52 139.59 136.68 134.46 133.86 156.08 181.05 185.00 136.09 55.50 55.50 55.50 55.50 55.50 55.50 55.50 55.50 38.34 24.26 14.28 26.14 72.30 116.53 116.21
95.59 98.47 96.42 94.85 94.42 110.10 127.71 130.50 95.84 39.15 39.15 39.15 39.15 39.15 39.15 39.15 39.15 27.05 17.11 10.07 18.53 51.11 82.20 81.98
213.16 219.57 215.00 211.50 210.56 245.51 284.79 291.00 214.40 87.30 87.30 87.30 87.30 87.30 87.30 87.30 87.30 60.31 38.16 22.46 40.75 113.24 183.29 182.80
0.00 0.00 0.00 0.00 0.00 0.00 0.00 0.00 0.00 0.00 0.00 0.00 0.00 0.00 0.00 0.00 0.00 0.00 0.00 0.00 0.00 0.00 0.00 0.00
162.44 168.70 162.59 157.37 153.79 170.60 170.60 170.60 123.33 155.83 103.48 51.18 51.18 51.18 51.18 51.18 51.18 42.55 26.36 15.03 36.87 89.15 122.95 124.10
156.16 162.18 156.30 151.29 147.84 164.00 164.00 164.00 119.02 148.85 99.00 49.20 49.20 49.20 49.20 49.20 49.20 40.90 25.34 14.45 35.45 85.71 118.19 119.30
209.67 217.75 209.86 203.13 198.51 220.20 220.20 220.20 155.30 208.93 137.47 66.06 66.06 66.06 66.06 66.06 66.06 54.92 34.03 19.41 47.55 115.07 158.70 160.18
747.95 776.76 748.61 724.60 708.11 785.50 785.50 785.50 486.84 785.09 509.29 235.65 235.65 235.65 235.65 235.65 235.65 195.91 121.39 69.22 169.31 410.50 566.10 571.39
269.00 279.36 269.23 260.60 254.67 282.50 282.50 282.50 194.81 276.23 180.45 84.75 84.75 84.75 84.75 84.75 84.75 70.46 43.66 24.90 60.97 147.63 203.60 205.50
21.40 25.18 10.06 9.85 22.55 12.44 15.80 19.63 22.24 25.07 69.25 77.05 100.05 105.02 120.00 120.00 120.00 120.00 120.00 120.00 120.00 117.16 109.14 102.98
11.81 12.08 11.88 11.76 11.76 14.45 17.51 21.01 27.19 29.88 29.88 31.88 29.88 29.88 31.39 29.88 29.88 28.15 15.10 6.92 9.31 11.21 14.41 12.67
72.63 74.28 73.03 72.31 72.32 88.88 107.69 129.18 167.18 183.75 183.75 234.28 183.76 183.75 210.51 183.75 183.75 173.13 92.86 42.54 67.24 68.95 88.61 77.89
2.01 2.10 1.32 0.78 0.44 0.44 0.43 0.44 0.67 0.99 2.39 2.42 2.22 1.45 1.98 2.93 3.16 3.20 2.59 3.43 3.50 3.61 3.75 2.52
8.34 8.02 7.81 7.74 7.72 9.17 10.81 12.65 17.46 44.08 80.50 80.49 80.50 80.50 45.25 70.23 48.39 19.69 7.43 7.68 6.03 7.51 9.77 9.45
7.25 6.97 6.79 6.73 6.71 7.97 9.40 11.00 15.18 38.34 70.00 69.99 70.00 70.00 39.36 61.07 42.08 17.12 6.46 6.45 5.24 6.53 8.50 8.22
1.35 1.29 1.26 1.25 1.25 1.48 1.75 2.04 2.82 7.15 13.00 12.99 13.00 13.00 7.37 11.34 7.81 3.19 1.20 0.92 0.97 1.21 1.58 1.53
95.07 94.91 79.60 70.28 60.04 80.62 106.24 137.24 151.61 156.88 160.48 83.48 60.00 60.00 60.00 60.00 56.64 38.34 25.64 17.58 30.99 70.08 171.41 200.00
180.35 193.14 162.97 137.49 114.42 114.95 115.91 117.47 137.15 158.43 182.42 178.84 175.87 172.28 126.08 88.57 59.69 64.66 70.35 77.98 59.40 46.90 38.98 32.90
72.29 34.57 36.48 30.06 16.64 51.31 84.97 59.22 141.55 84.30 150.00 84.20 45.00 45.00 45.00 45.00 44.55 30.07 19.34 11.82 14.33 34.21 79.79 80.70
72.29 34.57 36.48 30.06 16.64 51.31 84.97 59.22 141.55 84.30 150.00 84.20 45.00 45.00 45.00 45.00 44.55 30.07 19.34 11.82 14.33 34.21 79.79 80.70
4.82 2.36 1.95 1.54 1.11 2.47 3.37 2.43 7.33 5.73 10.00 5.66 3.00 3.00 3.00 3.00 2.97 2.01 1.29 0.79 0.96 2.30 5.32 5.38
135.17 106.03 110.33 114.76 119.62 136.55 155.75 176.39 112.86 60.00 60.00 60.00 60.00 60.00 60.00 60.00 60.00 94.00 100.97 55.78 68.38 83.47 101.93 118.35
79.48 62.35 64.87 67.48 70.34 80.29 91.58 103.72 66.59 35.28 35.28 35.28 35.28 35.28 35.28 35.28 35.28 55.32 59.37 32.80 40.21 49.08 59.94 69.59
92.13 102.26 98.68 96.12 80.72 100.46 107.27 115.40 142.31 173.31 174.20 97.74 70.73 143.27 66.79 52.26 47.31 44.86 54.78 34.90 43.15 61.36 92.13 88.57
131.95 146.47 141.33 137.67 109.63 143.89 153.63 165.29 203.82 248.22 249.50 139.96 96.96 202.25 92.70 74.85 67.76 64.56 78.66 49.98 61.80 87.88 131.95 126.86
10.67 10.41 10.16 10.06 10.02 13.34 17.42 22.21 28.97 30.00 40.31 30.00 30.00 30.00 30.00 73.62 24.19 16.58 10.87 6.75 7.84 9.84 12.99 12.51
15.69 15.31 14.94 14.78 14.72 19.61 25.60 32.64 42.59 44.10 65.03 44.10 44.10 44.10 44.10 108.35 35.56 24.37 15.98 9.92 11.53 14.46 19.10 18.39
42.83 27.06 22.42 11.17 15.08 7.65 7.03 7.78 11.81 18.91 29.80 20.07 12.76 7.48 8.17 9.03 12.10 29.07 39.22 41.05 32.32 30.31 50.97 29.43
0.00 0.00 0.00 0.00 0.00 0.00 0.00 0.00 0.00 0.00 0.00 0.00 0.00 0.00 0.00 0.00 0.00 0.00 0.00 0.00 0.00 0.00 0.00 0.00
57.39 36.26 30.05 14.95 20.80 10.90 9.42 10.43 15.82 25.33 39.93 26.90 17.10 10.02 10.95 12.10 15.38 38.05 52.55 55.62 43.07 39.40 68.29 39.43
2.83 1.41 1.27 1.14 1.03 1.22 1.45 1.70 1.93 2.22 2.53 1.88 1.37 0.99 3.76 9.43 19.04 18.56 18.02 17.55 14.99 12.80 11.13 5.50
83.35 61.19 55.54 50.33 45.78 48.26 50.95 39.54 14.89 14.08 13.50 18.07 24.05 31.51 30.59 51.35 71.62 21.00 14.54 10.32 21.66 49.77 67.15 59.70
133.48 142.94 120.62 101.76 84.69 85.07 85.79 86.94 101.50 117.25 135.01 132.36 130.17 127.51 93.31 65.55 44.17 47.85 52.06 57.71 43.97 34.71 28.85 24.35
101.33 101.98 102.39 103.42 105.66 107.60 111.31 115.95 151.93 194.97 230.00 230.00 230.00 230.00 211.64 171.14 153.97 108.93 73.60 46.97 47.99 64.42 100.33 105.38
39.06 50.07 24.04 10.88 9.41 14.94 23.37 16.35 4.92 6.72 8.62 8.48 9.44 11.66 14.43 38.14 98.96 60.62 24.92 4.97 3.39 6.55 16.96 17.54
9.55 8.83 8.62 8.42 8.20 10.39 12.96 15.99 20.31 25.88 56.19 100.00 56.25 100.00 56.12 30.00 30.00 30.00 16.95 7.90 8.52 10.26 32.67 11.82
262.16 268.00 268.00 259.53 244.72 198.62 165.92 144.53 161.09 183.00 210.00 116.07 59.48 30.92 12.35 0.00 0.00 0.00 0.00 0.00 0.00 8.15 19.25 18.55
90.37 97.71 91.53 90.15 94.82 91.99 95.66 106.60 88.19 72.95 60.18 40.99 27.41 18.75 9.78 0.00 0.00 0.00 0.00 0.00 5.75 13.09 25.75 20.79
0.00 0.00 0.00 0.00 0.00 0.00 0.00 0.00 0.00 0.00 0.00 0.00 0.00 0.00 0.00 0.00 0.00 0.00 0.00 0.00 0.00 0.00 0.00 0.00
12.70 10.80 10.33 9.92 9.47 11.01 12.78 14.78 19.46 24.99 59.44 128.85 157.10 162.50 162.50 162.50 162.50 162.50 160.89 120.09 115.79 111.69 64.35 29.10
71.95 64.28 62.31 61.46 61.23 65.66 70.29 75.35 98.75 128.28 91.58 160.49 185.40 104.55 130.61 110.21 73.39 71.63 55.23 42.91 44.58 51.56 65.09 60.84
0.00 0.00 0.00 0.00 0.00 0.00 0.00 0.00 0.00 0.00 0.00 0.00 0.00 0.00 0.00 0.00 0.00 0.00 0.00 0.00 0.00 0.00 0.00 0.00
93.20 85.69 78.83 72.84 67.37 63.71 60.21 57.00 67.69 79.91 93.87 149.00 222.10 315.55 274.45 237.10 204.88 154.82 115.01 83.24 75.97 78.74 91.48 81.32
176.50 176.50 176.50 167.50 157.53 176.50 176.50 176.50 176.50 130.37 52.95 52.95 52.95 52.95 52.95 52.95 52.95 49.84 55.59 53.94 97.29 163.27 176.50 176.50
7.84 17.07 6.31 5.71 5.19 6.37 7.74 9.27 11.63 14.41 17.54 37.44 106.01 73.53 130.00 130.00 130.00 130.00 130.00 130.00 130.00 130.00 130.00 76.19
470.29 456.53 415.96 379.05 345.58 432.85 538.50 657.64 704.72 424.96 243.74 257.10 257.10 257.10 257.10 257.10 237.55 178.99 139.20 113.44 327.86 841.64 857.00 857.00
502.95 502.06 390.78 371.76 317.63 426.46 562.01 725.98 802.04 883.53 947.73 545.80 317.40 317.40 317.40 317.40 299.63 202.84 135.61 93.01 163.91 325.24 852.76 1058.00
213.42 218.28 214.58 212.49 212.51 261.17 316.44 379.59 491.24 539.94 539.94 895.48 539.95 539.94 745.19 539.94 539.94 508.73 272.85 125.00 254.70 202.61 260.39 228.86
17.54 19.60 13.47 8.87 5.44 5.69 5.97 6.34 11.55 19.66 31.31 24.15 18.56 28.90 10.12 7.99 4.99 6.95 9.53 12.82 14.73 16.92 19.19 10.24
24.94 26.16 16.38 9.64 5.42 5.41 5.40 5.46 8.35 12.28 27.13 25.19 27.59 17.96 24.58 36.43 32.99 38.92 32.23 42.67 43.54 44.82 46.60 31.35
46.06 11.61 8.59 6.74 5.85 6.55 7.34 8.18 18.69 38.00 68.90 49.38 34.23 22.61 24.09 25.79 27.75 30.61 33.50 36.81 62.23 102.96 98.25 44.37
24.20 13.80 9.51 6.42 4.40 4.87 5.38 6.03 15.74 32.43 58.17 52.52 47.27 42.34 49.82 57.95 67.08 73.07 80.56 89.02 70.71 55.83 43.72 19.76
2.50 2.63 1.64 0.97 0.54 0.54 0.54 0.55 0.84 1.23 2.96 3.00 2.77 1.80 2.47 3.66 3.88 3.96 3.24 4.28 4.37 4.50 4.68 3.15
86.29 22.33 16.53 12.97 11.24 12.60 14.12 15.73 35.94 73.07 132.49 94.97 65.82 43.49 46.33 49.59 53.36 58.86 64.43 70.79 119.63 198.01 188.95 85.33
7.54 0.00 0.00 0.00 0.00 0.00 0.00 0.00 0.00 0.00 0.00 0.00 0.00 0.00 0.00 18.68 62.90 80.35 100.89 124.80 117.83 113.48 232.50 54.99
10.68 0.00 0.00 0.00 0.00 0.00 0.00 0.00 0.00 0.00 0.00 0.00 0.00 0.00 13.06 44.79 107.51 113.45 119.36 125.53 105.90 89.68 77.36 32.99
53.97 39.62 35.96 32.59 29.64 31.25 32.99 25.60 9.64 9.12 8.74 11.70 15.57 20.40 19.81 32.83 45.66 13.60 9.42 6.68 13.20 31.17 43.48 38.66
66.33 48.69 44.20 40.05 36.43 38.40 40.54 31.46 11.85 11.21 10.74 14.38 19.14 25.07 24.34 40.61 56.57 16.71 11.57 8.21 16.69 38.91 53.44 47.51
224.70 200.74 194.58 191.95 191.23 205.05 219.51 235.32 308.39 400.61 285.85 542.91 579.00 325.32 454.05 359.72 198.36 223.72 172.49 133.99 139.21 161.03 203.28 190.01
241.58 115.31 157.36 122.78 55.63 176.40 299.85 210.69 490.05 281.31 501.30 281.17 150.39 150.39 150.39 150.39 148.88 100.51 64.62 39.50 47.89 114.25 266.66 269.71
289.67 258.77 250.84 247.44 246.52 264.33 282.98 303.36 397.55 516.43 368.48 708.99 746.40 419.18 605.65 473.80 247.54 288.40 222.37 172.73 179.46 207.58 262.05 244.95
403.23 360.22 349.18 344.44 343.16 367.95 393.91 422.28 553.40 718.88 512.89 1000.33 1039.00 583.24 880.86 680.07 331.87 401.45 309.54 240.44 249.81 288.96 364.77 340.97
122.94 114.32 110.05 106.48 103.82 126.72 152.35 181.19 242.55 264.60 264.60 264.60 264.60 378.16 264.60 264.60 475.40 147.86 102.12 67.94 199.10 250.39 131.74 132.19
4.99 10.09 4.50 4.15 3.82 3.21 2.77 6.01 2.24 2.69 5.29 6.18 7.63 9.44 8.11 11.41 20.79 11.92 4.52 0.80 1.05 2.45 5.77 4.86
