151.86 93.62 67.84 53.91 50.16 63.39 88.18 127.55 146.70 144.31 134.52 73.65 89.44 125.06 135.67 157.46 331.27 284.63 332.94 615.51 634.53 472.29 340.61 273.66
184.18 113.55 82.28 65.38 60.84 76.89 106.94 154.70 182.57 179.19 166.69 89.32 108.48 151.67 164.55 190.97 418.10 342.76 405.43 748.14 769.57 572.79 413.09 331.89
30.30 32.91 27.73 27.18 28.18 26.81 24.41 23.58 27.01 30.65 34.88 18.08 12.60 22.87 11.32 10.94 15.54 21.42 41.10 45.03 39.56 34.79 30.76 28.75
53.60 58.22 49.06 48.09 46.56 47.44 43.19 41.72 47.78 54.24 61.71 31.97 21.10 39.94 19.47 19.35 27.50 38.11 72.93 79.67 70.00 61.55 54.42 50.86
9.50 26.66 11.22 10.71 10.30 9.43 8.62 19.25 7.97 10.89 24.36 24.65 22.67 20.45 31.81 50.07 77.10 79.37 60.66 25.75 19.37 14.12 9.93 10.53
37.07 39.82 40.08 41.96 45.54 37.19 31.98 21.86 10.86 13.31 16.26 12.70 9.76 7.35 4.87 6.07 7.73 3.23 3.32 3.48 7.97 19.06 25.28 26.70
10.07 28.38 11.90 11.36 10.92 9.99 9.14 20.41 8.45 11.55 25.83 26.20 24.03 21.68 33.72 53.07 81.72 84.13 64.31 27.30 20.53 14.97 10.53 11.16
16.00 46.39 18.90 18.04 17.34 15.87 14.51 32.44 13.42 18.45 41.19 42.67 38.18 34.44 53.56 84.31 129.83 133.66 102.19 43.36 32.62 23.78 16.73 17.73
140.98 142.69 154.77 151.93 162.89 113.81 44.27 43.09 46.74 50.95 55.93 124.73 152.52 137.67 180.52 258.13 381.40 381.81 285.72 117.62 89.20 66.04 91.12 155.96
52.89 50.44 46.12 44.94 46.68 46.28 45.97 45.69 29.31 17.91 20.77 14.54 9.74 6.18 6.97 10.07 16.09 29.52 51.97 52.07 48.36 48.70 52.86 44.54
62.22 59.34 54.26 52.87 54.92 54.45 54.08 53.75 34.46 21.07 24.44 17.10 11.46 7.27 8.20 11.85 18.93 34.72 61.14 61.26 56.89 57.29 62.19 52.39
3.33 1.48 0.94 0.00 0.00 1.00 1.41 2.03 3.08 5.51 9.91 13.19 18.10 24.87 31.32 39.74 41.40 41.40 41.40 41.40 38.53 27.44 19.00 11.05
2.50 2.18 1.68 1.55 1.75 1.68 1.69 1.77 1.73 3.28 5.99 6.33 6.75 7.15 3.52 7.58 11.69 5.94 2.86 3.16 2.61 2.73 2.90 2.81
17.86 16.21 12.32 9.08 6.56 3.97 2.40 1.57 1.69 2.19 5.04 5.33 6.93 6.74 5.93 5.64 3.68 5.04 5.32 8.54 10.33 13.15 17.16 14.97
58.71 57.01 48.76 50.36 62.42 59.89 59.64 61.28 46.39 19.71 20.56 18.81 17.16 15.70 11.26 11.66 17.11 16.35 15.59 14.83 21.53 46.38 58.16 56.30
44.38 43.10 36.87 38.08 47.19 45.28 45.08 46.32 35.02 14.90 15.54 14.22 12.97 11.87 8.51 8.81 12.94 12.36 11.79 11.21 16.35 35.13 43.97 42.56
25.68 24.94 21.33 22.03 27.31 26.20 26.09 26.81 20.20 8.62 9.00 8.23 7.51 6.87 4.93 5.10 7.49 7.15 6.82 6.49 9.51 20.38 25.45 24.63
41.54 40.33 34.50 35.63 44.16 42.37 42.19 43.35 32.77 13.94 14.55 13.31 12.14 11.11 7.97 8.25 12.11 11.57 11.03 10.49 15.31 32.89 41.15 39.83
54.30 52.73 45.11 46.59 57.74 55.40 55.16 56.68 42.89 18.23 19.02 17.40 15.87 14.52 10.42 10.78 15.83 15.12 14.42 13.71 19.94 42.92 53.80 52.08
38.31 37.20 31.82 32.86 40.73 39.08 38.91 39.98 30.21 12.86 13.42 12.28 11.20 10.24 7.35 7.61 11.17 10.67 10.17 9.67 14.13 30.34 37.95 36.74
85.42 82.94 70.95 73.28 90.83 87.14 86.77 89.16 67.57 28.67 29.92 27.37 24.97 22.84 16.38 16.96 24.90 23.79 22.69 21.57 31.09 67.23 84.63 81.92
0.00 0.00 0.00 0.00 0.00 0.00 0.00 0.00 0.00 0.00 0.00 0.00 0.00 0.00 0.00 0.00 0.00 0.00 0.00 0.00 0.00 0.00 0.00 0.00
57.68 57.01 47.03 46.06 54.22 52.51 52.27 53.80 41.66 56.66 40.92 17.09 14.33 11.94 7.55 7.60 12.06 11.87 11.67 11.49 23.09 45.73 52.30 51.04
55.45 54.80 45.21 44.28 52.12 50.48 50.25 51.71 40.21 54.12 39.15 16.43 13.77 11.48 7.26 7.31 11.59 11.41 11.21 11.04 22.20 43.96 50.28 49.07
74.45 73.58 60.71 59.45 69.98 67.78 67.47 69.44 52.46 75.97 54.36 22.06 18.49 15.41 9.75 9.81 15.56 15.33 15.06 14.83 29.78 59.02 67.51 65.88
265.57 262.47 216.56 212.07 249.63 241.79 240.67 247.69 164.47 285.46 201.39 78.69 65.96 54.97 34.76 35.00 55.51 54.67 53.71 52.90 106.02 210.55 240.83 235.01
95.51 94.40 77.88 76.27 89.78 86.96 86.55 89.08 65.81 100.44 71.35 28.30 23.72 19.77 12.50 12.59 19.97 19.66 19.32 19.03 38.18 75.72 86.61 84.52
12.43 11.28 3.26 2.24 3.40 1.94 2.50 3.18 4.17 5.37 16.65 16.51 18.68 17.02 21.60 27.97 36.22 49.07 64.55 83.57 60.00 43.08 31.39 25.19
7.86 8.47 6.47 6.19 7.48 7.14 7.17 7.56 8.27 9.04 9.84 8.88 7.03 5.87 4.92 4.87 6.50 6.64 6.79 6.89 7.37 7.04 7.28 6.70
48.34 52.11 39.76 38.05 46.02 43.88 44.12 46.50 50.88 55.60 60.50 65.24 43.21 36.13 33.00 29.95 39.99 40.82 41.74 42.40 53.18 43.29 44.75 41.23
3.45 3.13 2.38 1.75 1.27 0.77 0.46 0.30 0.33 0.42 1.04 1.14 1.34 1.30 1.14 1.09 0.81 1.03 1.03 1.65 1.99 2.54 3.31 2.89
5.91 5.16 3.99 3.68 4.14 3.99 4.00 4.18 4.10 7.75 14.19 14.99 15.98 16.94 8.31 17.94 27.69 14.05 6.78 9.05 6.18 6.46 6.87 6.65
5.14 4.49 3.47 3.20 3.60 3.47 3.48 3.64 3.57 6.74 12.34 13.03 13.90 14.73 7.23 15.60 24.07 12.22 5.89 7.59 5.38 5.62 5.98 5.78
0.96 0.83 0.64 0.59 0.67 0.64 0.65 0.68 0.66 1.26 2.29 2.42 2.58 2.73 1.35 2.90 4.47 2.28 1.09 1.08 1.00 1.04 1.11 1.07
65.89 64.76 57.58 58.79 64.81 56.82 53.86 55.68 51.60 44.50 37.64 11.40 4.63 2.34 2.18 3.65 7.51 9.97 13.03 16.73 15.88 22.08 47.09 53.43
131.79 121.58 119.57 117.64 114.96 109.47 108.10 112.61 169.26 253.70 338.60 338.60 338.60 336.55 338.60 338.60 338.60 338.60 338.60 303.52 242.93 193.06 152.68 140.23
47.28 24.56 23.25 19.29 12.27 27.96 35.84 20.10 39.63 25.26 48.55 21.91 9.44 7.58 5.24 6.26 11.14 10.81 10.55 10.31 11.07 23.38 48.25 46.48
47.28 24.56 23.25 19.29 12.27 27.96 35.84 20.10 39.63 25.26 48.55 21.91 9.44 7.58 5.24 6.26 11.14 10.81 10.55 10.31 11.07 23.38 48.25 46.48
3.15 1.68 1.24 0.99 0.82 1.35 1.42 0.82 2.05 1.72 3.24 1.47 0.63 0.51 0.35 0.42 0.74 0.72 0.70 0.69 0.74 1.57 3.22 3.10
62.22 59.34 54.26 52.87 54.92 54.45 54.08 53.75 34.46 21.07 24.44 17.10 11.46 7.27 8.20 11.85 18.93 34.72 61.14 61.26 56.89 57.29 62.19 52.39
36.59 34.89 31.90 31.09 32.29 32.02 31.80 31.61 20.33 12.39 14.37 10.06 6.74 4.28 4.82 6.97 11.13 20.43 35.95 36.02 33.45 33.69 36.57 30.81
48.51 52.69 44.39 43.52 42.73 42.93 39.08 37.75 43.24 49.08 55.84 28.93 19.30 36.26 17.75 17.51 24.89 34.44 65.96 72.09 63.35 55.70 49.24 46.03
69.47 75.47 63.58 62.33 58.03 61.49 55.97 54.07 61.93 70.30 79.98 41.43 26.46 51.19 24.63 25.08 35.64 49.57 94.71 103.26 90.73 79.78 70.53 65.92
7.82 7.25 5.96 6.13 7.86 7.62 7.70 8.10 7.64 7.27 9.50 6.92 6.75 6.63 5.48 15.50 9.38 8.73 8.06 7.48 7.60 7.89 8.39 7.92
11.50 10.65 8.76 9.01 11.55 11.20 11.32 11.91 11.24 10.69 15.32 10.17 9.92 9.74 8.06 22.81 13.78 12.84 11.85 11.00 11.17 11.59 12.33 11.65
21.94 11.72 8.29 4.00 6.28 3.63 4.29 6.33 7.67 9.65 12.26 11.84 15.52 24.31 28.08 34.26 50.50 111.85 139.80 135.62 103.80 81.88 93.18 69.40
0.00 0.00 0.00 0.00 0.00 0.00 0.00 0.00 0.00 0.00 0.00 0.00 0.00 0.00 0.00 0.00 0.00 0.00 0.00 0.00 0.00 0.00 0.00 0.00
29.40 15.70 11.11 5.36 8.66 5.17 5.74 8.48 10.27 12.93 16.43 15.86 20.79 32.58 37.63 45.91 64.20 146.43 187.33 183.78 138.32 106.45 124.86 92.99
6.58 3.76 2.82 2.25 1.94 1.76 1.79 2.00 3.58 6.43 10.89 14.14 18.57 24.43 31.38 40.42 45.90 45.90 45.90 45.90 42.01 30.37 21.33 13.03
47.87 51.42 51.76 54.19 58.81 48.03 41.30 28.23 14.03 17.19 21.00 16.40 12.60 9.49 6.29 7.90 10.07 4.17 4.28 4.49 10.67 25.10 32.65 34.48
97.54 89.98 88.49 87.07 85.08 81.02 80.00 83.35 125.27 187.76 250.60 250.60 250.60 249.08 250.60 250.60 250.60 250.60 250.60 224.64 179.80 142.89 113.00 103.78
76.56 78.18 72.85 73.13 79.29 68.59 63.21 62.76 63.80 65.48 67.81 68.01 68.44 69.01 82.45 114.79 172.67 160.16 148.62 138.38 112.37 91.57 75.72 72.56
44.06 68.60 37.73 19.81 20.06 34.21 54.48 36.43 15.09 28.87 52.85 48.00 43.62 39.74 66.48 106.93 164.64 174.12 137.39 60.18 43.59 30.51 20.37 21.03
9.81 9.78 8.26 8.12 9.23 8.57 8.28 8.34 7.78 7.28 12.75 12.59 3.56 2.93 0.00 1.23 3.85 4.50 5.25 6.03 6.66 7.51 21.31 8.31
113.93 115.68 113.47 110.89 109.39 101.38 99.33 102.43 153.84 219.36 268.00 241.83 192.01 151.20 185.21 260.08 268.00 268.00 236.37 180.20 162.10 144.65 128.26 129.69
77.22 75.33 75.63 76.19 76.49 70.19 69.57 73.52 104.86 144.40 193.54 170.02 149.82 132.18 217.85 250.00 250.00 250.00 128.46 39.99 32.96 26.94 21.76 23.18
0.00 0.00 0.00 0.00 0.00 0.00 0.00 0.00 0.00 0.00 0.00 0.00 0.00 0.00 0.00 0.00 0.00 0.00 0.00 0.00 0.00 0.00 0.00 0.00
7.41 5.07 3.53 2.32 1.46 1.80 2.20 2.64 3.78 5.20 13.17 22.04 21.27 20.64 26.39 34.34 44.86 56.24 70.64 88.01 65.15 47.85 21.01 8.00
48.35 43.91 39.14 38.87 42.55 41.71 41.37 42.26 45.38 50.28 31.69 46.99 52.60 28.90 31.23 40.07 60.22 66.89 59.16 51.88 49.98 50.50 53.36 51.48
0.00 0.00 0.00 0.00 0.00 0.00 0.00 0.00 0.00 0.00 0.00 0.00 0.00 0.00 0.00 0.00 0.00 0.00 0.00 0.00 0.00 0.00 0.00 0.00
74.07 62.15 56.61 51.30 46.99 43.88 41.93 40.74 51.40 63.56 77.84 79.64 82.72 86.94 83.40 99.94 139.88 124.48 111.83 100.83 96.58 94.51 93.51 87.86
67.25 65.51 57.65 57.77 66.48 64.61 63.70 64.00 68.74 55.54 25.11 15.98 9.44 5.01 4.75 7.19 13.19 14.01 27.98 53.30 52.10 54.63 61.82 57.61
7.00 13.80 3.45 2.11 1.42 0.91 0.00 0.00 0.84 1.55 2.58 3.27 5.71 3.18 10.43 18.29 29.94 40.90 54.24 69.99 49.34 34.56 24.73 14.85
291.65 284.85 261.78 262.33 286.50 262.57 256.41 269.34 241.96 121.62 58.18 36.82 21.50 11.39 11.30 18.22 34.98 46.32 60.04 76.84 129.86 229.72 243.52 231.92
348.57 342.59 282.66 311.02 342.83 300.57 284.90 294.57 272.94 250.61 222.28 74.57 24.50 12.37 11.56 19.33 39.71 52.72 68.94 88.49 84.00 102.46 234.29 282.65
142.04 153.12 116.83 111.81 135.23 128.93 129.64 136.63 149.51 163.37 177.77 249.35 126.98 106.16 116.84 87.99 117.51 119.95 122.65 124.58 201.45 127.19 131.48 121.16
22.81 14.17 8.90 6.09 5.33 4.77 4.75 5.23 5.50 6.38 7.93 4.97 0.00 0.00 0.00 4.85 5.82 11.02 18.73 29.29 31.91 37.86 47.79 42.70
42.83 38.88 29.55 21.79 15.74 9.52 5.75 3.75 4.06 5.25 11.78 11.89 16.62 16.17 14.23 13.53 8.41 12.46 12.76 20.48 24.79 31.55 41.16 35.91
24.50 5.71 3.17 2.03 1.86 3.08 5.59 9.95 12.41 16.42 22.41 27.48 42.36 70.65 78.00 78.00 78.00 78.00 78.00 78.00 145.89 260.00 206.20 153.18
12.18 4.60 0.00 0.00 0.00 3.43 6.86 12.96 16.23 22.59 32.82 42.67 68.77 116.93 124.31 138.06 158.74 171.72 171.72 171.72 165.75 126.94 95.14 63.57
4.30 3.90 2.97 2.19 1.58 0.96 0.58 0.38 0.41 0.53 1.29 1.42 1.67 1.62 1.43 1.36 0.99 1.27 1.28 2.06 2.49 3.17 4.13 3.61
45.90 10.98 6.10 3.91 3.59 5.93 10.75 19.13 23.87 31.58 43.10 52.85 81.46 135.87 150.00 150.00 150.00 150.00 150.00 150.00 280.44 500.00 396.54 294.58
41.14 14.81 7.25 0.00 0.00 0.00 6.97 11.19 15.82 31.43 63.91 85.14 115.77 157.78 215.94 290.80 326.40 326.40 326.40 326.40 326.40 326.40 607.73 167.75
21.51 9.52 6.08 0.00 0.00 6.46 9.07 13.11 19.90 35.54 63.94 85.07 116.76 160.45 202.06 256.33 267.06 267.06 267.06 267.06 248.54 177.02 122.54 71.26
31.00 33.30 33.52 35.09 38.08 31.10 26.74 18.27 9.08 11.13 13.60 10.62 8.16 6.15 4.07 5.05 6.42 2.70 2.77 2.91 6.50 15.72 21.14 22.33
38.09 40.92 41.19 43.12 46.80 38.22 32.86 22.46 11.16 13.68 16.71 13.05 10.03 7.55 5.00 6.25 7.95 3.32 3.41 3.57 8.22 19.62 25.98 27.44
150.98 137.13 122.25 121.39 132.89 130.26 129.20 131.97 141.72 157.03 98.93 158.95 164.27 89.93 108.56 130.78 162.75 208.89 184.77 162.03 156.09 157.71 166.65 160.77
158.01 81.92 100.32 78.81 41.01 96.13 126.47 71.51 137.19 84.31 162.26 73.17 31.56 25.34 17.52 20.92 37.22 36.14 35.24 34.46 37.00 78.08 161.25 155.34
194.63 176.78 157.59 156.49 171.31 167.92 166.56 170.12 182.70 202.43 127.53 207.57 211.77 115.88 144.80 172.26 203.11 269.28 238.19 208.87 201.22 203.31 214.83 207.25
270.93 246.08 219.37 217.84 238.46 233.74 231.85 236.81 254.32 281.79 177.51 292.87 294.79 161.23 210.60 247.25 272.29 374.85 331.56 290.75 280.10 283.01 299.05 288.50
72.03 62.13 49.65 45.75 50.30 48.40 48.93 50.88 50.80 52.25 55.02 50.69 47.13 63.45 34.17 42.09 163.65 67.36 62.98 58.80 156.85 174.38 80.96 77.78
4.27 11.01 5.04 4.81 4.62 4.23 3.88 8.63 3.58 4.85 10.86 10.75 10.18 9.18 14.27 22.47 34.60 35.62 27.20 11.56 8.69 6.34 4.46 4.72
