157.11 175.90 204.92 238.41 278.31 300.85 325.34 351.39 309.63 229.22 158.89 159.11 192.99 192.99 192.99 192.99 332.00 284.63 332.94 615.51 643.30 643.30 643.30 643.30
190.54 213.33 248.53 289.15 337.54 364.88 394.57 426.17 385.36 284.63 196.88 192.97 234.06 234.06 234.06 234.06 419.03 342.76 405.43 748.14 780.20 780.20 780.20 780.20
45.03 44.24 49.19 54.89 55.64 31.80 18.21 15.61 11.71 12.14 16.96 11.90 13.46 42.00 15.14 9.07 7.53 2.04 0.00 10.66 13.39 21.94 38.45 36.38
79.67 78.27 87.03 97.12 91.95 56.26 32.22 27.61 20.73 21.49 30.00 21.04 22.54 73.35 26.04 16.06 13.32 3.63 0.00 18.87 23.68 38.81 68.02 64.37
10.49 25.34 11.00 10.72 10.58 8.82 7.42 15.73 5.06 5.32 9.13 2.61 0.00 6.83 7.79 9.98 13.76 6.24 3.72 2.76 2.11 4.65 12.45 12.02
17.23 19.96 11.80 9.61 12.27 14.15 17.29 16.33 4.55 4.55 6.50 7.31 10.59 17.17 16.39 26.84 36.30 10.74 7.35 4.88 9.74 24.29 37.49 41.40
11.12 26.98 11.66 11.36 11.21 9.35 7.87 16.67 5.36 5.65 9.68 2.78 0.00 7.24 8.25 10.58 14.59 6.61 3.95 2.93 2.23 4.93 13.19 12.74
17.66 44.10 18.52 18.05 17.82 14.85 12.49 26.50 8.52 9.02 15.44 4.53 0.00 11.50 13.11 16.81 23.17 10.51 6.27 4.65 3.55 7.84 20.96 20.24
198.03 167.39 199.36 200.62 203.36 95.86 25.76 19.70 15.63 15.44 18.74 37.69 71.75 133.75 113.52 112.37 129.50 42.14 16.94 14.84 18.30 34.75 135.29 228.71
84.64 72.24 57.76 46.33 37.55 21.79 23.32 43.25 14.53 4.13 1.95 2.46 3.46 5.08 2.91 1.70 1.19 4.57 15.35 26.29 21.77 22.30 28.03 21.83
99.57 84.99 67.96 54.50 44.17 25.63 27.44 50.88 17.08 4.86 2.29 2.89 4.07 5.97 3.42 2.00 1.40 5.37 18.06 30.92 25.61 26.24 32.98 25.68
3.66 3.33 3.35 3.41 3.49 3.78 4.09 4.39 2.59 1.38 0.00 4.55 17.17 41.40 41.40 41.40 41.40 41.40 41.40 41.40 41.40 41.40 41.40 40.89
3.48 3.09 3.08 3.11 3.20 1.35 0.75 0.98 0.58 0.73 1.17 1.40 1.88 2.62 0.62 0.00 0.00 0.00 0.30 1.71 1.89 2.51 3.23 2.47
14.14 15.29 14.82 14.37 14.18 13.18 12.61 12.33 7.14 3.72 2.68 0.00 8.89 33.63 38.88 45.57 33.06 30.04 22.89 28.45 39.39 54.28 65.28 55.08
102.44 94.84 100.31 108.00 117.50 56.16 39.05 55.62 31.14 11.51 12.88 11.49 12.02 14.59 8.93 4.97 2.44 0.00 0.00 4.54 11.33 37.37 65.65 59.45
77.45 71.70 75.83 81.65 88.83 42.46 29.52 42.05 23.51 8.70 9.74 8.69 9.09 11.03 6.75 3.75 1.85 0.00 0.00 3.43 8.61 28.31 49.63 44.94
44.82 41.49 43.88 47.25 51.41 24.57 17.08 24.33 13.56 5.04 5.64 5.03 5.26 6.38 3.91 2.17 1.07 0.00 0.00 1.99 5.01 16.42 28.72 26.01
72.48 67.10 70.97 76.41 83.13 39.73 27.63 39.35 21.99 8.15 9.11 8.13 8.51 10.32 6.32 3.51 1.73 0.00 0.00 3.21 8.06 26.50 46.44 42.06
94.76 87.73 92.78 99.90 108.69 51.95 36.12 51.45 28.79 10.65 11.91 10.63 11.12 13.49 8.26 4.59 2.26 0.00 0.00 4.20 10.50 34.59 60.72 54.99
66.84 61.88 65.45 70.47 76.67 36.65 25.48 36.29 20.28 7.51 8.40 7.50 7.84 9.52 5.83 3.24 1.60 0.00 0.00 2.96 7.44 24.45 42.83 38.79
149.05 137.99 145.95 157.14 170.97 81.71 56.81 80.92 45.36 16.75 18.74 16.72 17.49 21.23 12.99 7.22 3.56 0.00 0.00 6.61 16.36 54.18 95.52 86.50
0.00 0.00 0.00 0.00 0.00 0.00 0.00 0.00 0.00 0.00 0.00 0.00 0.00 0.00 0.00 0.00 0.00 0.00 0.00 0.00 0.00 0.00 0.00 0.00
89.41 82.07 84.56 88.50 94.34 46.88 34.84 50.91 29.29 34.19 24.84 10.64 10.84 12.94 7.98 4.53 2.25 0.00 0.00 2.63 10.48 34.01 56.04 48.75
85.95 78.89 81.28 85.08 90.69 45.06 33.50 48.94 28.27 32.66 23.76 10.23 10.42 12.44 7.68 4.36 2.16 0.00 0.00 2.53 10.07 32.69 53.87 46.86
115.41 105.93 109.14 114.24 121.77 60.51 44.98 65.71 36.89 45.84 33.00 13.74 13.99 16.70 10.31 5.85 2.90 0.00 0.00 3.39 13.51 43.89 72.34 62.92
411.69 377.86 389.32 407.50 434.40 215.84 160.44 234.39 115.63 172.26 122.24 49.01 49.92 59.57 36.76 20.87 10.34 0.00 0.00 12.10 48.11 156.58 258.04 224.46
148.06 135.89 140.02 146.56 156.23 77.63 57.70 84.30 46.27 60.61 43.31 17.63 17.95 21.42 13.22 7.51 3.72 0.00 0.00 4.35 17.32 56.31 92.80 80.73
51.04 71.48 24.24 20.42 40.56 9.72 5.72 4.25 5.11 6.12 17.87 14.12 18.38 26.83 20.62 15.60 11.66 9.51 8.66 9.06 6.15 5.24 5.92 6.42
9.29 8.61 8.37 8.41 8.63 4.29 2.65 2.92 1.94 1.97 3.06 4.92 7.82 13.42 13.08 11.48 10.60 2.68 0.00 0.00 0.62 3.29 9.90 9.11
57.12 52.95 51.44 51.71 53.09 26.36 16.30 17.99 11.94 12.13 18.82 36.15 48.09 82.55 87.68 70.63 65.16 16.46 0.00 0.00 4.51 20.23 60.85 56.03
2.73 2.95 2.86 2.77 2.74 2.54 2.43 2.38 1.38 0.72 0.55 0.00 1.72 6.49 7.50 8.80 7.25 6.11 4.42 5.49 7.60 10.48 12.60 10.63
8.23 7.30 7.29 7.37 7.57 3.19 1.78 2.31 1.38 1.73 2.76 3.32 4.44 6.19 1.46 0.00 0.00 0.00 0.71 4.89 4.48 5.93 7.64 5.84
7.16 6.35 6.34 6.41 6.58 2.77 1.55 2.01 1.20 1.50 2.40 2.89 3.86 5.39 1.27 0.00 0.00 0.00 0.61 4.11 3.89 5.16 6.65 5.08
1.33 1.18 1.18 1.19 1.22 0.52 0.29 0.37 0.22 0.28 0.45 0.54 0.72 1.00 0.24 0.00 0.00 0.00 0.11 0.59 0.72 0.96 1.23 0.94
43.86 53.27 50.40 51.91 54.51 44.02 40.02 41.91 28.92 27.68 38.19 26.41 32.28 56.44 50.39 45.19 40.94 25.27 15.85 11.01 12.07 20.54 55.43 57.47
28.05 35.03 32.59 37.93 51.89 64.84 85.64 114.32 115.74 124.20 142.12 144.87 152.30 163.99 85.49 42.55 23.69 11.05 0.00 0.00 0.00 0.00 10.79 11.17
52.30 25.63 26.28 21.20 11.76 15.22 19.64 19.79 24.77 10.51 14.89 7.79 4.57 5.69 2.76 1.05 0.00 0.00 0.00 3.15 5.60 17.02 46.57 33.17
52.30 25.63 26.28 21.20 11.76 15.22 19.64 19.79 24.77 10.51 14.89 7.79 4.57 5.69 2.76 1.05 0.00 0.00 0.00 3.15 5.60 17.02 46.57 33.17
3.49 1.75 1.40 1.09 0.78 0.73 0.78 0.81 1.28 0.71 0.99 0.52 0.30 0.38 0.18 0.07 0.00 0.00 0.00 0.21 0.37 1.14 3.10 2.21
99.57 84.99 67.96 54.50 44.17 25.63 27.44 50.88 17.08 4.86 2.29 2.89 4.07 5.97 3.42 2.00 1.40 5.37 18.06 30.92 25.61 26.24 32.98 25.68
58.55 49.97 39.96 32.05 25.97 15.07 16.13 29.92 10.08 2.86 1.35 1.70 2.40 3.51 2.01 1.18 0.82 3.16 10.62 18.18 15.06 15.43 19.39 15.10
72.10 70.83 78.76 87.89 84.37 50.91 29.16 24.99 18.76 19.44 27.15 19.04 20.62 66.60 23.73 14.53 12.05 3.28 0.00 17.07 21.43 35.13 61.56 58.25
103.27 101.45 112.80 125.88 114.58 72.92 41.76 35.79 26.86 27.85 38.88 27.27 28.27 94.02 32.94 20.81 17.27 4.72 0.00 24.45 30.70 50.31 88.17 83.43
12.89 11.94 12.81 13.87 15.19 6.25 3.02 3.33 2.52 2.54 4.55 3.59 4.25 5.44 2.98 3.51 0.00 0.00 0.00 3.67 5.22 7.21 9.69 9.09
18.94 17.55 18.83 20.38 22.32 9.19 4.44 4.89 3.71 3.73 7.34 5.28 6.25 8.00 4.38 5.16 0.00 0.00 0.00 5.39 7.68 10.60 14.25 13.36
17.19 19.48 25.04 18.00 32.11 15.47 13.69 14.58 12.82 11.19 9.75 21.19 41.94 41.94 41.94 41.94 50.50 111.85 139.80 135.62 103.80 91.59 139.80 139.80
0.00 0.00 0.00 0.00 0.00 0.00 0.00 0.00 0.00 0.00 0.00 0.00 0.00 0.00 0.00 0.00 0.00 0.00 0.00 0.00 0.00 0.00 0.00 0.00
23.03 26.11 33.56 24.08 44.30 22.05 18.34 19.54 17.18 14.99 13.06 28.39 56.20 56.20 56.20 56.20 64.20 146.43 187.33 183.78 138.32 119.08 187.33 187.33
7.19 6.75 6.40 6.10 5.91 6.91 8.09 9.37 6.63 4.67 3.37 12.01 30.33 45.90 45.90 45.90 45.90 45.90 45.90 45.90 45.90 45.90 45.90 45.90
22.25 25.78 15.24 12.41 15.84 18.27 22.33 21.09 5.88 5.87 8.39 9.44 13.68 22.17 21.17 34.90 47.27 13.87 9.50 6.30 13.04 31.99 48.41 53.46
20.76 25.92 24.12 28.08 38.40 47.99 63.38 84.61 85.66 91.92 105.18 107.22 112.72 121.37 63.28 31.49 17.53 8.18 0.00 0.00 0.00 0.00 7.99 8.27
74.84 70.39 73.94 77.24 81.16 42.60 31.83 42.91 42.10 47.02 58.47 56.47 65.71 88.34 46.58 26.58 21.58 5.58 7.01 28.22 36.32 51.42 75.44 55.74
43.10 82.96 45.75 23.79 23.28 34.76 49.44 30.07 9.60 14.03 19.39 0.00 0.00 6.64 7.70 11.09 17.62 10.79 8.25 5.71 5.44 9.93 21.75 20.82
9.55 9.29 9.06 9.28 9.85 6.25 4.58 4.45 2.56 2.04 4.94 11.21 11.34 38.63 22.17 12.13 12.47 5.09 1.56 0.00 0.79 3.13 22.49 7.48
33.57 45.70 44.01 46.24 51.85 74.23 111.13 166.66 199.87 238.02 268.00 194.92 160.09 168.77 44.57 15.30 37.09 19.11 11.29 10.85 0.00 0.00 0.00 0.00
64.31 63.78 51.00 42.19 36.49 38.01 50.74 78.40 69.75 62.14 54.63 25.05 18.83 31.20 11.36 15.67 50.11 22.11 9.97 7.64 7.92 12.36 22.23 21.79
0.00 0.00 0.00 0.00 0.00 0.00 0.00 0.00 0.00 0.00 0.00 0.00 0.00 0.00 0.00 0.00 0.00 0.00 0.00 0.00 0.00 0.00 0.00 0.00
14.58 14.30 11.98 10.17 8.72 5.57 4.15 4.14 4.41 4.81 10.01 14.66 18.40 30.31 23.52 17.92 13.30 11.72 10.90 10.90 6.59 6.99 7.34 3.71
60.84 51.26 45.14 40.79 37.65 21.42 21.80 38.59 17.67 6.12 0.00 0.00 0.00 2.13 0.00 0.00 0.00 6.62 14.83 28.11 31.09 35.12 39.96 24.50
0.00 0.00 0.00 0.00 0.00 0.00 0.00 0.00 0.00 0.00 0.00 0.00 0.00 0.00 0.00 0.00 0.00 0.00 0.00 0.00 0.00 0.00 0.00 0.00
66.96 61.53 54.01 48.20 44.47 26.39 22.97 31.98 13.27 0.00 0.00 0.00 0.00 8.97 10.44 12.85 16.52 18.48 20.63 22.95 12.10 0.00 0.00 0.00
134.48 132.40 117.88 107.14 99.14 54.64 47.86 75.42 59.24 36.54 13.54 11.92 11.55 12.24 7.27 3.86 1.75 1.22 4.22 19.10 22.36 28.95 39.81 34.71
9.42 25.24 10.56 10.92 11.40 8.25 6.21 5.02 2.66 1.18 0.00 0.00 5.16 10.05 25.66 36.01 49.01 31.62 19.26 11.00 12.85 15.52 19.20 10.57
168.19 224.68 208.80 202.88 204.33 163.52 153.64 173.11 127.32 75.50 59.53 83.70 134.24 221.91 196.62 175.09 156.99 97.13 62.71 46.79 99.58 220.65 283.16 253.52
232.03 281.81 247.41 274.60 288.36 232.85 211.71 221.68 152.98 155.90 225.54 172.67 170.74 298.58 266.58 239.08 216.57 133.68 83.83 58.25 63.84 95.35 275.77 304.01
167.84 155.60 151.16 151.96 156.01 77.45 47.88 52.85 35.08 35.64 55.30 138.19 141.31 242.58 310.38 207.53 191.47 48.38 0.00 0.00 17.07 59.46 178.81 164.64
20.68 19.78 21.04 22.47 24.14 23.44 24.04 25.82 16.36 9.61 5.04 5.35 19.91 126.45 81.96 118.14 131.04 139.52 150.21 159.03 152.98 146.01 141.88 90.33
33.93 36.69 35.56 34.47 34.02 31.62 30.26 29.57 17.13 8.92 6.27 0.00 21.34 80.67 93.28 109.32 75.61 74.22 54.92 68.25 94.49 130.21 156.60 132.14
29.02 14.77 16.92 19.58 22.62 23.05 23.53 24.03 18.36 13.73 10.02 29.91 74.35 78.00 78.00 78.00 78.00 78.00 78.00 78.00 145.89 260.00 260.00 260.00
17.22 19.50 22.49 25.64 29.32 27.82 26.49 25.25 14.56 7.44 0.00 19.17 79.89 171.72 171.72 171.72 171.72 171.72 171.72 171.72 171.72 171.72 171.72 169.99
3.41 3.68 3.57 3.46 3.42 3.17 3.04 2.97 1.72 0.90 0.68 0.00 2.14 8.10 9.36 10.97 8.90 7.55 5.51 6.85 9.49 13.07 15.72 13.26
54.37 28.40 32.54 37.65 43.51 44.33 45.24 46.22 35.30 26.41 19.26 57.51 142.98 150.00 150.00 150.00 150.00 150.00 150.00 150.00 280.44 500.00 500.00 500.00
28.86 26.34 26.89 28.01 29.48 27.42 25.42 23.59 12.72 0.00 0.00 17.97 85.34 246.24 326.40 326.40 326.40 326.40 326.40 326.40 326.40 326.40 678.68 326.40
23.60 21.50 21.59 22.02 22.54 24.37 26.37 28.35 16.74 8.91 0.00 29.38 110.76 267.06 267.06 267.06 267.06 267.06 267.06 267.06 267.06 267.06 267.06 263.76
14.41 16.69 9.87 8.03 10.26 11.83 14.46 13.65 3.81 3.80 5.44 6.11 8.86 14.35 13.71 22.32 30.14 8.98 6.15 4.08 7.95 20.03 31.35 34.62
17.71 20.51 12.13 9.87 12.60 14.54 17.77 16.78 4.68 4.67 6.68 7.51 10.89 17.64 16.84 27.60 37.34 11.04 7.56 5.01 10.05 25.01 38.52 42.54
189.99 160.10 140.97 127.39 117.58 66.88 68.07 120.53 55.20 19.11 0.00 0.00 0.00 6.64 0.00 0.00 0.00 20.68 46.31 87.77 97.10 109.68 124.80 76.53
174.80 85.49 113.35 86.58 39.31 52.33 69.30 70.41 85.76 35.06 49.76 26.02 15.29 19.01 9.23 3.51 0.00 0.00 0.00 10.52 18.73 56.84 155.66 110.85
244.92 206.38 181.73 164.22 151.57 86.22 87.75 155.38 71.16 24.64 0.00 0.00 0.00 8.56 0.00 0.00 0.00 26.66 59.70 113.15 125.17 141.39 160.88 98.65
340.93 287.29 252.97 228.60 210.99 120.02 122.14 216.29 99.05 34.30 0.00 0.00 0.00 11.90 0.00 0.00 0.00 37.11 83.10 157.51 174.24 196.82 223.94 137.32
101.94 83.78 75.76 69.68 65.18 31.79 23.71 35.60 21.33 13.22 9.78 10.98 14.19 28.46 7.97 0.00 0.00 0.00 6.93 28.59 102.34 141.91 78.37 55.47
4.71 10.46 4.94 4.81 4.75 3.96 3.34 7.05 2.27 2.37 4.07 1.14 0.00 3.07 3.49 4.48 6.18 2.80 1.67 1.24 0.95 2.09 5.59 5.39
