643.30 643.30 643.30 643.30 633.47 555.63 485.27 423.43 578.46 475.02 349.46 192.99 192.99 192.99 192.99 192.99 332.00 284.63 332.94 615.51 643.30 643.30 643.30 643.30
780.20 780.20 780.20 780.20 768.28 673.87 588.54 513.54 719.93 589.85 433.01 234.06 234.06 234.06 234.06 234.06 419.03 342.76 405.43 748.14 780.20 780.20 780.20 780.20
77.38 80.54 105.14 108.80 98.16 108.80 108.80 108.80 108.80 108.80 108.80 61.07 43.86 52.04 20.55 15.03 16.55 31.41 83.25 108.80 99.86 78.96 62.18 64.18
136.91 142.50 186.02 192.50 162.22 192.50 192.50 192.50 192.50 192.50 192.50 108.00 73.43 90.88 35.34 26.59 29.28 55.87 147.72 192.50 176.68 139.71 110.01 113.55
18.28 45.11 20.71 21.53 22.57 21.46 20.34 47.42 20.10 27.85 62.08 33.30 14.52 7.03 3.64 3.53 6.66 18.91 30.74 23.50 22.64 21.94 21.52 23.52
116.00 116.00 116.00 116.00 116.00 116.00 116.00 85.72 34.80 34.80 34.80 34.80 34.80 34.80 34.80 58.96 82.36 34.80 34.80 34.80 60.50 111.37 116.00 116.00
19.37 48.02 21.96 22.82 23.93 22.74 21.55 50.27 21.30 29.55 65.84 35.40 15.39 7.45 3.86 3.74 7.06 20.05 32.58 24.91 24.00 23.26 22.82 24.94
30.78 78.50 34.88 36.25 38.02 36.13 34.22 79.89 33.84 47.19 104.98 57.65 24.46 11.83 6.14 5.95 11.22 31.85 51.77 39.57 38.12 36.95 36.25 39.61
395.20 384.03 486.28 520.58 561.83 404.93 160.21 155.52 178.10 186.90 186.90 307.08 200.54 86.82 59.38 58.25 83.01 165.41 217.99 144.78 122.34 104.01 170.09 338.28
170.00 170.00 170.00 170.00 170.00 170.00 170.00 170.00 96.01 51.00 51.00 51.00 51.00 51.00 51.00 51.00 51.00 95.49 170.00 170.00 170.00 170.00 110.83 117.67
200.00 200.00 200.00 200.00 200.00 200.00 200.00 200.00 112.86 60.00 60.00 60.00 60.00 60.00 60.00 60.00 60.00 112.31 200.00 200.00 200.00 200.00 130.39 138.44
41.40 36.70 25.46 17.00 10.68 10.68 10.70 10.68 28.70 41.40 41.40 41.40 41.40 41.40 41.40 41.40 41.40 41.40 41.40 41.40 41.40 41.40 41.40 41.40
4.97 4.70 5.61 7.05 9.13 9.99 10.20 10.20 10.20 19.12 34.00 33.99 34.00 25.59 14.61 28.09 32.36 19.11 10.20 12.55 10.01 6.57 4.03 4.06
65.28 65.28 65.28 65.28 43.14 28.15 17.23 9.68 21.69 43.37 106.28 144.48 217.60 217.60 217.60 217.60 134.72 104.24 65.28 65.28 65.28 65.28 65.28 65.28
125.54 127.15 170.95 200.00 200.00 200.00 200.00 200.00 147.17 60.00 60.00 60.00 60.00 54.34 51.81 52.96 57.92 60.00 60.00 60.00 84.70 140.42 117.30 128.99
94.91 96.13 129.24 151.20 151.20 151.20 151.20 151.20 111.12 45.36 45.36 45.36 45.36 41.08 39.17 40.03 43.79 45.36 45.36 45.36 64.30 106.36 88.68 97.52
54.92 55.63 74.79 87.50 87.50 87.50 87.50 87.50 64.10 26.25 26.25 26.25 26.25 23.77 22.67 23.17 25.34 26.25 26.25 26.25 37.43 61.70 51.32 56.43
88.82 89.96 120.94 141.50 141.50 141.50 141.50 141.50 103.96 42.45 42.45 42.45 42.45 38.44 36.65 37.47 40.98 42.45 42.45 42.45 60.23 99.58 82.99 91.26
116.13 117.61 158.13 185.00 185.00 185.00 185.00 185.00 136.09 55.50 55.50 55.50 55.50 50.26 47.92 48.98 53.58 55.50 55.50 55.50 78.45 129.97 108.50 119.32
81.92 82.97 111.54 130.50 130.50 130.50 130.50 130.50 95.84 39.15 39.15 39.15 39.15 35.46 33.80 34.55 37.79 39.15 39.15 39.15 55.60 91.87 76.54 84.17
182.66 185.00 248.73 291.00 291.00 291.00 291.00 291.00 214.40 87.30 87.30 87.30 87.30 79.06 75.38 77.05 84.28 87.30 87.30 87.30 122.29 203.57 170.67 187.68
0.00 0.00 0.00 0.00 0.00 0.00 0.00 0.00 0.00 0.00 0.00 0.00 0.00 0.00 0.00 0.00 0.00 0.00 0.00 0.00 0.00 0.00 0.00 0.00
118.72 117.42 170.60 170.60 170.60 170.60 170.60 170.60 123.33 155.83 103.48 51.18 51.18 51.18 50.39 51.18 51.18 51.18 51.18 51.18 95.98 165.35 129.03 148.27
114.12 112.88 164.00 164.00 164.00 164.00 164.00 164.00 119.02 148.85 99.00 49.20 49.20 49.20 48.44 49.20 49.20 49.20 49.20 49.20 92.28 158.95 124.04 142.53
153.23 151.56 220.20 220.20 220.20 220.20 220.20 220.20 155.30 208.93 137.47 66.06 66.06 66.06 65.04 66.06 66.06 66.06 66.06 66.06 123.80 213.42 166.54 191.37
546.61 540.64 785.50 785.50 785.50 785.50 785.50 785.50 486.84 785.09 509.29 235.65 235.65 235.65 232.00 235.65 235.65 235.65 235.65 235.65 440.78 761.32 594.09 682.68
196.58 194.44 282.50 282.50 282.50 282.50 282.50 282.50 194.81 276.23 180.45 84.75 84.75 84.75 83.44 84.75 84.75 84.75 84.75 84.75 158.74 273.80 213.66 245.52
67.44 88.63 36.00 36.00 84.17 36.00 36.00 36.00 36.00 36.00 88.65 96.29 120.00 120.00 120.00 120.00 120.00 120.00 120.00 120.00 120.00 120.00 115.70 120.00
14.34 13.80 19.16 26.18 29.88 29.88 29.88 29.88 29.88 29.88 29.88 31.88 29.88 29.88 29.50 25.75 25.04 26.65 29.88 29.88 26.09 16.37 10.50 10.46
88.20 84.84 117.83 160.98 183.75 183.75 183.75 183.75 183.75 183.75 183.75 234.28 183.76 183.75 197.81 158.33 154.01 163.90 183.75 183.75 188.41 100.68 64.55 64.33
12.60 12.60 12.60 12.60 8.33 5.43 3.33 1.87 4.19 8.37 21.85 31.00 42.00 42.00 42.00 42.00 29.54 21.20 12.60 12.60 12.60 12.60 12.60 12.60
11.77 11.12 13.28 16.69 21.63 23.64 24.15 24.15 24.15 45.20 80.50 80.49 80.50 60.60 34.49 66.51 76.63 45.19 24.15 35.91 23.69 15.55 9.55 9.62
10.23 9.67 11.55 14.51 18.81 20.56 21.00 21.00 21.00 39.31 70.00 69.99 70.00 52.69 30.00 57.83 66.63 39.30 21.00 30.13 20.60 13.53 8.31 8.37
1.90 1.80 2.14 2.69 3.49 3.82 3.90 3.90 3.90 7.33 13.00 12.99 13.00 9.79 5.62 10.74 12.37 7.33 3.90 4.30 3.83 2.51 1.54 1.55
200.00 200.00 195.26 200.00 200.00 200.00 200.00 200.00 200.00 186.24 171.07 83.48 60.00 60.00 60.00 60.00 60.00 60.00 60.00 60.00 60.00 83.60 171.41 200.00
338.60 338.60 338.60 338.60 338.60 338.60 338.60 338.60 338.60 338.60 338.60 338.60 338.60 338.60 338.60 338.60 338.60 338.60 327.20 253.12 216.28 198.09 199.28 206.72
102.85 52.61 75.33 78.82 45.00 106.15 137.43 75.93 141.55 84.30 150.00 84.20 45.00 41.26 43.56 45.00 45.00 45.00 45.00 45.00 45.00 82.81 107.20 111.49
102.85 52.61 75.33 78.82 45.00 106.15 137.43 75.93 141.55 84.30 150.00 84.20 45.00 41.26 43.56 45.00 45.00 45.00 45.00 45.00 45.00 82.81 107.20 111.49
6.86 3.59 4.03 4.05 3.00 5.11 5.45 3.11 7.33 5.73 10.00 5.66 3.00 2.75 2.90 3.00 3.00 3.00 3.00 3.00 3.00 5.57 7.15 7.43
200.00 200.00 200.00 200.00 200.00 200.00 200.00 200.00 112.86 60.00 60.00 60.00 60.00 60.00 60.00 60.00 60.00 112.31 200.00 200.00 200.00 200.00 130.39 138.44
117.60 117.60 117.60 117.60 117.60 117.60 117.60 117.60 66.59 35.28 35.28 35.28 35.28 35.28 35.28 35.28 35.28 66.10 117.60 117.60 117.60 117.60 76.67 81.40
123.90 128.96 168.33 174.20 148.85 174.20 174.20 174.20 174.20 174.20 174.20 97.74 67.19 82.52 32.21 24.06 26.49 50.50 133.60 174.20 159.88 126.43 99.56 102.75
177.45 184.70 241.10 249.50 202.15 249.50 249.50 249.50 249.50 249.50 249.50 139.96 92.10 116.49 44.70 34.46 37.95 72.69 191.84 249.50 228.99 181.07 142.59 147.17
13.67 12.92 17.57 24.27 30.00 30.00 30.00 30.00 30.00 30.00 40.31 30.00 30.00 22.82 21.72 55.46 25.36 29.07 30.00 30.00 27.93 18.69 11.88 11.78
20.09 18.99 25.83 35.68 44.10 44.10 44.10 44.10 44.10 44.10 65.03 44.10 44.10 33.54 31.93 81.62 37.28 42.74 44.10 44.10 41.05 27.48 17.46 17.31
139.80 139.80 139.80 78.09 86.16 32.76 22.67 18.69 32.72 41.94 41.94 41.94 41.94 41.94 41.94 41.94 50.50 111.85 139.80 135.62 103.80 91.59 139.80 139.80
0.00 0.00 0.00 0.00 0.00 0.00 0.00 0.00 0.00 0.00 0.00 0.00 0.00 0.00 0.00 0.00 0.00 0.00 0.00 0.00 0.00 0.00 0.00 0.00
187.33 187.32 187.33 104.50 118.86 46.68 30.37 25.04 43.85 56.20 56.20 56.20 56.20 56.20 56.20 56.20 64.20 146.43 187.33 183.78 138.32 119.08 187.33 187.33
45.90 45.90 36.40 26.73 18.89 19.55 20.35 21.09 41.63 45.90 45.90 45.90 45.90 45.90 45.90 45.90 45.90 45.90 45.90 45.90 45.90 45.90 45.90 45.90
149.80 149.80 149.80 149.80 149.80 149.80 149.80 110.71 44.94 44.94 44.94 44.94 44.94 44.94 44.94 76.67 107.25 44.94 44.94 44.94 80.98 146.70 149.80 149.80
250.60 250.60 250.60 250.60 250.60 250.60 250.60 250.60 250.60 250.60 250.60 250.60 250.60 250.60 250.60 250.60 250.60 250.60 242.16 187.34 160.07 146.61 147.49 153.00
230.00 230.00 230.00 230.00 230.00 230.00 230.00 230.00 230.00 230.00 230.00 230.00 176.44 102.91 108.83 128.27 163.87 190.78 221.92 230.00 212.35 173.83 140.49 155.28
90.80 140.37 79.07 41.60 41.64 68.06 103.23 65.07 24.41 42.26 69.72 21.36 5.33 5.41 0.00 0.00 0.00 11.09 21.99 18.74 19.47 20.62 22.36 29.61
12.91 14.07 21.16 30.00 30.00 30.00 30.00 30.00 30.00 30.00 56.19 100.00 56.25 100.00 56.12 30.00 30.00 30.00 30.00 30.00 28.09 22.33 43.58 20.16
268.00 268.00 268.00 268.00 268.00 268.00 268.00 268.00 268.00 268.00 268.00 173.81 71.40 23.08 18.91 17.53 18.93 14.96 11.87 9.21 9.50 28.66 83.50 121.44
77.98 90.67 73.26 58.72 45.84 51.19 60.25 73.98 44.99 25.84 13.86 7.89 6.55 9.03 5.33 0.00 6.79 7.99 9.47 11.15 4.99 9.54 30.68 41.34
0.00 0.00 0.00 0.00 0.00 0.00 0.00 0.00 0.00 0.00 0.00 0.00 0.00 0.00 0.00 0.00 0.00 0.00 0.00 0.00 0.00 0.00 0.00 0.00
48.75 48.75 48.75 48.75 48.75 48.75 48.75 48.75 48.75 48.75 91.77 162.50 162.50 162.50 162.50 162.50 162.50 162.50 162.50 162.50 157.19 102.28 36.71 21.83
168.25 171.68 158.52 155.67 162.90 162.60 167.36 177.31 185.40 185.40 104.02 160.49 185.40 104.55 130.61 142.89 146.36 185.40 185.40 185.40 185.40 154.88 91.71 102.78
0.00 0.00 0.00 0.00 0.00 0.00 0.00 0.00 0.00 0.00 0.00 0.00 0.00 0.00 0.00 0.00 0.00 0.00 0.00 0.00 0.00 0.00 0.00 0.00
207.95 153.60 135.50 125.42 121.85 114.27 111.14 111.78 188.45 299.11 332.60 332.60 332.60 332.60 332.60 332.60 332.60 332.60 332.60 332.60 332.60 209.61 125.51 126.18
173.51 176.50 176.50 176.50 176.50 176.50 176.50 176.50 176.50 130.37 52.95 52.95 52.95 52.95 52.95 52.95 52.95 52.95 98.98 176.50 176.50 176.50 176.50 176.50
39.00 95.96 39.00 39.00 39.00 39.00 39.00 39.00 39.00 39.00 39.00 56.82 113.69 73.53 130.00 130.00 130.00 130.00 130.00 130.00 130.00 130.00 130.00 95.85
857.00 857.00 857.00 857.00 857.00 857.00 857.00 857.00 856.99 480.72 257.10 257.10 257.10 257.10 257.10 257.10 257.10 257.10 257.10 257.10 465.33 841.64 857.00 857.00
1058.00 1058.00 958.56 1058.00 1058.00 1058.00 1058.00 1058.00 1058.00 1048.92 1010.31 545.80 317.40 317.40 317.40 317.40 317.40 317.40 317.40 317.40 317.40 387.97 852.76 1058.00
259.17 249.30 346.25 473.04 539.94 539.94 539.94 539.94 539.94 539.94 539.94 895.48 539.95 539.94 700.25 465.24 452.55 481.61 539.94 539.94 713.70 295.83 189.68 189.03
159.03 159.03 159.03 126.92 81.53 53.56 33.10 18.64 52.81 119.46 159.03 159.03 159.03 319.85 159.05 179.56 159.03 159.03 159.03 159.03 159.03 159.03 159.03 159.03
156.60 156.60 156.60 156.60 103.48 67.52 41.34 23.23 52.03 104.04 248.36 322.11 522.00 522.00 522.00 522.00 308.11 257.58 156.60 156.60 156.60 156.60 156.60 156.60
164.49 78.00 78.01 66.97 47.46 41.01 35.08 29.84 63.96 78.00 78.00 78.00 78.00 78.00 78.00 0.00 0.00 0.00 0.00 0.00 145.89 260.00 260.00 260.00
171.72 171.72 154.11 101.15 62.25 51.40 41.84 33.44 96.10 171.72 171.72 171.72 171.72 171.72 171.72 171.72 0.00 0.00 0.00 171.72 171.72 171.72 171.72 171.72
15.72 15.72 15.72 15.72 10.39 6.78 4.15 2.33 5.22 10.44 27.11 38.35 52.40 52.40 52.40 52.40 36.28 26.21 15.72 15.72 15.72 15.72 15.72 15.72
308.16 150.01 150.01 128.80 91.26 78.86 67.47 57.39 123.00 150.00 150.00 150.00 150.00 150.00 150.00 0.00 0.00 0.00 0.00 0.00 280.44 500.00 500.00 500.00
326.40 326.40 266.35 183.70 123.61 116.99 111.27 104.81 261.75 326.40 326.40 326.40 326.40 326.40 326.40 326.40 0.00 326.40 326.40 326.40 326.40 326.40 678.68 326.40
267.06 236.77 164.26 109.63 68.88 68.92 69.02 68.87 185.10 267.06 267.06 267.06 267.06 267.06 267.06 267.06 267.06 267.06 267.06 267.06 267.06 267.06 267.06 267.06
97.00 97.00 97.00 97.00 97.00 97.00 97.00 71.67 29.10 29.10 29.10 29.10 29.10 29.10 29.10 49.03 68.38 29.10 29.10 29.10 49.35 91.87 97.00 97.00
119.20 119.20 119.20 119.20 119.20 119.20 119.20 88.09 35.76 35.76 35.76 35.76 35.76 35.76 35.76 60.63 84.71 35.76 35.76 35.76 62.41 114.69 119.20 119.20
525.45 536.16 495.08 486.14 508.72 507.80 522.65 553.74 579.00 579.00 324.69 542.91 579.00 325.32 454.05 466.38 395.58 578.99 579.00 579.00 579.00 483.70 286.41 320.97
343.74 175.45 324.98 321.97 150.39 364.92 484.95 270.16 490.05 281.31 501.30 281.17 150.39 137.88 145.57 150.39 150.39 150.39 150.39 150.39 150.39 276.57 358.28 372.61
677.37 691.17 638.21 626.69 655.81 654.62 673.76 713.84 746.40 746.40 418.54 708.99 746.40 419.18 605.65 614.30 493.67 746.39 746.40 746.40 746.40 623.54 369.21 413.77
942.90 962.12 888.40 872.37 912.89 911.23 937.88 993.68 1039.00 1039.00 582.57 1000.33 1039.00 583.24 880.86 881.73 661.83 1038.99 1039.00 1039.00 1039.00 867.98 513.95 575.97
151.44 141.07 176.66 239.44 264.60 264.60 264.60 264.60 264.60 264.60 264.60 264.60 264.60 307.92 226.12 252.14 604.22 264.60 264.60 264.60 651.99 534.89 149.90 155.33
8.20 18.62 9.30 9.66 10.13 9.63 9.14 21.27 9.02 12.41 27.67 14.52 6.52 3.15 1.64 1.58 2.99 8.49 13.78 10.55 10.16 9.85 9.66 10.56
