643.30 643.30 643.30 643.30 643.30 643.30 643.30 643.30 605.38 475.02 349.46 192.99 192.99 0.00 0.00 0.00 0.00 284.63 332.94 615.51 643.30 643.30 643.30 643.30
780.20 780.20 780.20 780.20 780.20 780.20 780.20 780.20 753.44 589.85 433.01 234.06 234.06 0.00 0.00 0.00 0.00 342.76 405.43 748.14 780.20 780.20 780.20 780.20
0.00 0.00 0.00 0.00 4.14 4.19 8.42 20.15 13.03 20.13 46.68 9.32 1.93 1.78 0.00 1.29 6.23 13.92 42.19 70.56 57.65 46.76 37.42 37.66
0.00 0.00 0.00 0.00 6.84 7.42 14.89 35.65 23.05 35.61 82.59 16.49 3.23 3.11 0.00 2.28 11.02 24.77 74.87 124.85 102.00 82.73 66.21 66.63
0.00 0.00 0.00 0.00 1.18 0.00 0.00 0.00 0.00 2.58 13.65 29.27 65.04 125.00 99.27 78.38 64.76 34.03 11.21 1.62 0.00 1.10 8.12 11.19
116.00 116.00 116.00 116.00 116.00 116.00 116.00 85.72 34.80 34.80 34.80 34.80 34.80 34.80 34.80 58.96 82.36 26.99 13.60 6.13 3.09 0.00 0.00 0.00
0.00 0.00 0.00 0.00 1.26 0.00 0.00 0.00 0.00 2.73 14.47 31.12 68.95 132.50 105.23 83.08 68.65 36.07 11.89 1.72 0.00 1.16 8.61 11.87
0.00 0.00 0.00 0.00 1.99 0.00 0.00 0.00 0.00 4.37 23.08 50.69 109.53 210.50 167.17 131.99 109.06 57.31 18.89 2.73 0.00 1.85 13.67 18.85
0.00 0.00 0.00 29.91 79.52 33.89 8.62 6.94 4.44 12.61 40.39 80.24 166.54 343.30 186.82 115.71 107.55 46.84 16.83 6.21 14.47 29.24 100.11 235.44
170.00 170.00 170.00 170.00 170.00 170.00 119.40 79.15 57.63 39.32 49.66 27.32 13.40 5.82 0.00 0.00 4.34 5.77 10.99 16.69 25.27 37.80 55.56 52.95
200.00 200.00 200.00 200.00 200.00 200.00 140.47 93.12 67.74 46.26 58.42 32.14 15.77 6.84 0.00 0.00 5.10 6.79 12.93 19.63 29.73 44.47 65.36 62.29
41.40 41.40 41.40 41.40 41.40 41.40 41.40 41.40 41.40 41.40 0.00 0.00 0.00 0.00 0.00 0.00 0.00 41.40 41.40 41.40 41.40 41.40 41.40 39.71
1.78 2.13 1.07 0.45 0.00 0.00 0.28 0.43 0.53 1.23 2.72 0.92 0.00 0.00 1.19 5.91 12.67 9.89 7.08 11.47 6.71 4.65 3.10 2.99
65.28 65.28 65.28 65.28 65.28 59.71 46.97 36.03 65.28 65.28 106.28 144.48 217.60 217.60 217.60 217.60 134.72 104.24 65.28 65.28 65.28 65.28 59.77 54.12
64.12 93.82 111.62 132.83 157.90 97.23 55.16 28.10 24.38 11.64 13.59 4.96 0.00 0.00 0.00 1.89 9.37 18.45 32.78 53.37 62.27 104.08 99.32 93.40
48.48 70.93 84.38 100.42 119.38 73.51 41.70 21.24 18.41 8.80 10.27 3.75 0.00 0.00 0.00 1.43 7.08 13.95 24.78 40.35 47.28 78.83 75.09 70.61
28.05 41.05 48.83 58.11 69.08 42.54 24.13 12.29 10.62 5.09 5.95 2.17 0.00 0.00 0.00 0.83 4.10 8.07 14.34 23.35 27.51 45.73 43.45 40.86
45.37 66.38 78.97 93.98 111.72 68.79 39.03 19.88 17.22 8.23 9.61 3.51 0.00 0.00 0.00 1.34 6.63 13.05 23.19 37.76 44.28 73.80 70.27 66.08
59.31 86.79 103.24 122.87 146.06 89.94 51.03 25.99 22.54 10.76 12.57 4.59 0.00 0.00 0.00 1.75 8.67 17.07 30.32 49.37 57.68 96.33 91.87 86.39
41.84 61.22 72.83 86.67 103.03 63.44 35.99 18.34 15.87 7.59 8.87 3.24 0.00 0.00 0.00 1.23 6.11 12.04 21.39 34.82 40.88 68.09 64.81 60.94
93.30 136.51 162.40 193.27 229.75 141.47 80.26 40.89 35.51 16.93 19.77 7.22 0.00 0.00 0.00 2.75 13.63 26.84 47.69 77.65 89.90 150.88 144.51 135.89
0.00 0.00 0.00 0.00 0.00 0.00 0.00 0.00 0.00 0.00 0.00 0.00 0.00 0.00 0.00 0.00 0.00 0.00 0.00 0.00 0.00 0.00 0.00 0.00
91.23 127.92 170.60 170.60 170.60 170.60 78.85 27.28 28.41 50.45 46.12 10.09 3.83 1.67 0.00 0.00 2.84 8.19 18.68 36.12 66.35 116.67 117.22 100.21
87.70 122.97 164.00 164.00 164.00 164.00 75.80 26.22 27.42 48.19 44.12 9.70 3.68 1.60 0.00 0.00 2.73 7.88 17.96 34.73 63.79 112.15 112.69 96.33
117.75 165.11 220.20 220.20 220.20 220.20 101.77 35.21 35.78 67.64 61.27 13.02 4.94 2.15 0.00 0.00 3.67 10.57 24.12 46.62 85.57 150.58 151.30 129.34
420.04 588.99 785.50 785.50 785.50 785.50 363.05 125.59 112.16 254.16 226.98 46.46 17.64 7.69 0.00 0.00 13.08 37.72 86.02 166.32 304.68 537.17 539.73 461.39
151.06 211.83 282.50 282.50 282.50 282.50 130.57 45.17 44.88 89.42 80.42 16.71 6.34 2.76 0.00 0.00 4.70 13.57 30.94 59.82 109.73 193.19 194.11 165.93
67.44 88.63 36.00 36.00 84.17 36.00 36.00 32.10 33.33 35.02 88.65 96.29 120.00 120.00 120.00 120.00 106.26 41.57 13.97 7.68 0.00 4.60 23.18 19.45
6.85 13.22 17.76 23.97 29.88 17.90 8.64 3.29 12.25 29.88 29.88 31.88 15.60 6.52 1.33 0.59 3.02 4.95 9.40 17.43 18.40 17.18 17.05 13.32
42.15 81.32 109.20 147.38 183.75 110.07 53.13 20.25 75.32 183.75 183.75 234.28 95.95 40.07 8.92 3.65 18.59 30.43 57.82 107.20 132.86 105.62 104.87 81.94
12.60 12.60 12.60 12.60 12.60 11.53 9.07 6.95 12.60 12.60 21.85 31.00 42.00 42.00 42.00 42.00 29.54 21.20 12.60 12.60 12.60 12.60 11.54 10.45
4.22 5.05 2.54 1.05 0.00 0.00 0.65 1.02 1.25 2.91 6.45 2.19 0.00 0.00 2.81 13.98 30.01 23.38 16.77 32.82 15.87 11.00 7.33 7.07
3.67 4.39 2.21 0.92 0.00 0.00 0.57 0.89 1.09 2.53 5.61 1.90 0.00 0.00 2.44 12.16 26.09 20.34 14.58 27.54 13.80 9.57 6.38 6.15
0.68 0.82 0.41 0.17 0.00 0.00 0.11 0.16 0.20 0.47 1.04 0.35 0.00 0.00 0.46 2.26 4.85 3.79 2.71 3.93 2.57 1.78 1.18 1.14
200.00 200.00 195.26 200.00 200.00 200.00 200.00 200.00 200.00 186.24 171.07 83.48 60.00 60.00 60.00 60.00 60.00 60.00 60.00 38.99 15.70 8.79 14.61 15.76
23.71 9.81 16.24 46.52 118.81 140.60 164.86 191.83 303.44 338.60 338.60 338.60 338.60 338.60 338.60 338.60 338.60 270.55 189.94 128.36 115.89 104.19 93.41 93.90
70.29 48.36 70.15 77.23 45.00 69.82 41.30 8.96 25.51 22.73 59.09 12.65 1.78 0.00 0.00 0.00 2.40 5.95 12.84 24.54 24.07 44.95 81.32 67.71
70.29 48.36 70.15 77.23 45.00 69.82 41.30 8.96 25.51 22.73 59.09 12.65 1.78 0.00 0.00 0.00 2.40 5.95 12.84 24.54 24.07 44.95 81.32 67.71
4.69 3.30 3.75 3.97 3.00 3.36 1.64 0.37 1.32 1.54 3.94 0.85 0.12 0.00 0.00 0.00 0.16 0.40 0.86 1.64 1.61 3.02 5.42 4.51
200.00 200.00 200.00 200.00 200.00 200.00 140.47 93.12 67.74 46.26 58.42 32.14 15.77 6.84 0.00 0.00 5.10 6.79 12.93 19.63 29.73 44.47 65.36 62.29
117.60 117.60 117.60 117.60 117.60 117.60 82.60 54.75 39.97 27.20 34.35 18.90 9.27 4.02 0.00 0.00 3.00 4.00 7.60 11.54 17.48 26.15 38.43 36.63
0.00 0.00 0.00 0.00 6.27 6.71 13.48 32.26 20.86 32.22 74.74 14.92 2.95 2.83 0.00 2.06 9.97 22.39 67.71 112.98 92.30 74.87 59.92 60.29
0.00 0.00 0.00 0.00 8.52 9.61 19.30 46.20 29.87 46.15 107.04 21.37 4.05 3.99 0.00 2.95 14.28 32.22 97.23 161.82 132.20 107.23 85.82 86.36
6.90 10.03 6.61 4.44 3.22 2.41 2.60 3.85 3.13 2.60 3.07 0.60 0.00 0.00 0.64 7.78 8.94 14.10 21.07 30.00 21.44 14.71 9.63 9.42
10.14 14.74 9.72 6.53 4.73 3.54 3.83 5.66 4.60 3.83 4.96 0.89 0.00 0.00 0.93 11.45 13.14 20.72 30.97 44.10 31.52 21.62 14.15 13.85
139.80 139.80 139.80 78.86 111.41 50.43 41.94 41.94 41.94 41.94 41.94 41.94 41.94 0.00 0.00 0.00 0.00 111.85 139.80 135.62 103.80 91.59 139.80 139.80
0.00 0.00 0.00 0.00 0.00 0.00 0.00 0.00 0.00 0.00 0.00 0.00 0.00 0.00 0.00 0.00 0.00 0.00 0.00 0.00 0.00 0.00 0.00 0.00
187.33 187.32 187.33 105.53 153.69 71.85 56.20 56.20 56.20 56.20 56.20 56.20 56.20 0.00 0.00 0.00 0.00 146.43 187.33 183.78 138.32 119.08 187.33 187.33
45.90 45.90 45.90 45.90 45.90 45.90 45.90 45.90 45.90 45.90 0.00 0.00 0.00 0.00 0.00 0.00 45.90 45.90 45.90 45.90 45.90 45.90 45.90 45.90
149.80 149.80 149.80 149.80 149.80 149.80 149.80 110.71 44.94 44.94 44.94 44.94 44.94 44.94 44.94 76.67 107.25 34.86 17.56 7.92 4.13 0.00 0.00 0.00
17.55 7.26 12.02 34.43 87.93 104.06 122.01 141.97 224.58 250.60 250.60 250.60 250.60 250.60 250.60 250.60 250.60 200.24 140.58 95.00 85.77 77.11 69.13 69.49
21.56 10.74 0.00 0.00 0.00 10.02 26.66 60.64 32.86 15.18 5.37 16.29 39.76 81.31 140.18 223.36 230.00 230.00 230.00 230.00 218.43 145.88 92.21 79.35
6.70 6.57 0.00 0.00 2.05 0.00 0.00 0.00 2.66 10.29 33.17 65.47 118.40 197.34 154.79 119.63 91.19 51.60 19.81 3.91 0.00 0.00 8.36 14.33
30.00 30.00 30.00 30.00 30.00 27.54 17.62 10.77 23.71 30.00 56.19 100.00 56.25 100.00 38.59 7.35 1.50 0.00 0.00 1.14 4.95 13.26 68.45 23.31
65.34 45.18 28.51 49.71 126.72 148.11 195.86 268.00 268.00 268.00 268.00 268.00 268.00 268.00 268.00 268.00 268.00 209.17 143.47 92.62 75.32 61.40 51.84 55.54
18.47 6.67 0.00 11.11 36.40 49.59 97.71 200.13 228.40 250.00 250.00 250.00 250.00 250.00 250.00 225.23 183.18 138.06 106.06 85.13 71.28 60.30 51.27 57.28
0.00 0.00 0.00 0.00 0.00 0.00 0.00 0.00 0.00 0.00 0.00 0.00 0.00 0.00 0.00 0.00 0.00 0.00 0.00 0.00 0.00 0.00 0.00 0.00
48.75 48.75 48.75 48.75 48.75 43.13 34.21 26.73 32.58 39.60 89.77 162.50 162.50 162.50 161.50 86.40 43.37 12.28 0.00 3.65 3.18 11.06 20.94 9.31
61.51 70.15 44.65 27.40 16.56 9.73 6.63 6.45 8.11 11.48 9.48 0.00 0.00 6.64 16.61 32.05 52.97 78.72 93.32 111.61 82.78 60.44 43.68 44.34
0.00 0.00 0.00 0.00 0.00 0.00 0.00 0.00 0.00 0.00 0.00 0.00 0.00 0.00 0.00 0.00 0.00 0.00 0.00 0.00 0.00 0.00 0.00 0.00
106.24 132.47 89.77 57.47 34.26 12.87 0.00 0.00 0.00 0.00 6.51 0.00 0.00 19.94 39.63 71.27 117.49 110.76 106.17 104.04 88.10 76.82 69.05 65.40
176.50 176.50 176.50 176.50 176.50 176.50 176.50 139.65 174.93 130.37 52.95 45.79 24.46 12.41 3.72 0.00 0.00 0.00 4.47 29.27 64.87 123.94 176.50 164.42
39.00 95.96 39.00 39.00 37.43 34.93 32.59 30.41 39.00 39.00 39.00 56.82 113.69 73.53 130.00 130.00 130.00 130.00 130.00 128.59 71.42 36.97 19.17 7.65
857.00 857.00 857.00 857.00 857.00 857.00 857.00 857.00 856.99 480.72 257.10 257.10 257.10 257.10 257.10 257.10 257.10 257.10 257.10 195.98 175.42 160.89 115.85 78.74
1058.00 1058.00 958.56 1058.00 1058.00 1058.00 1058.00 1058.00 1058.00 1048.92 1010.31 545.80 317.40 317.40 317.40 317.40 317.40 317.40 317.40 206.28 83.03 40.78 72.70 83.38
123.86 238.96 320.88 433.06 539.94 323.44 156.12 59.50 221.31 539.94 539.94 895.48 281.93 117.74 31.58 10.71 54.61 89.42 169.89 315.01 503.28 310.36 308.16 240.77
159.03 159.03 159.03 159.03 159.03 147.21 130.69 115.35 159.03 159.03 159.03 159.03 159.03 319.85 159.05 179.56 159.03 159.03 159.03 159.03 159.03 159.03 140.11 123.31
156.60 156.60 156.60 156.60 156.60 143.25 112.68 86.43 156.60 156.60 248.36 322.11 522.00 522.00 522.00 522.00 308.11 257.58 156.60 156.60 156.60 156.60 143.39 129.82
164.49 78.00 78.01 78.00 78.00 78.00 78.00 78.00 78.00 78.00 78.00 0.00 0.00 0.00 0.00 0.00 0.00 0.00 78.00 78.00 145.89 260.00 260.00 260.00
171.72 171.72 171.72 171.72 171.72 171.72 171.72 171.72 171.72 171.72 171.72 171.72 0.00 0.00 0.00 0.00 0.00 171.72 171.72 171.72 171.72 171.72 171.72 158.73
15.72 15.72 15.72 15.72 15.72 14.38 11.31 8.68 15.72 15.72 27.11 38.35 52.40 52.40 52.40 52.40 36.28 26.21 15.72 15.72 15.72 15.72 14.39 13.03
308.16 150.01 150.01 150.00 150.00 150.00 150.00 150.00 150.00 150.00 150.00 0.00 0.00 0.00 0.00 0.00 0.00 0.00 150.00 150.00 280.44 500.00 500.00 500.00
326.40 326.40 326.40 326.40 326.40 326.40 326.40 326.40 326.40 326.40 0.00 0.00 0.00 0.00 0.00 0.00 326.40 326.40 326.40 326.40 326.40 326.40 678.68 326.40
267.06 267.06 267.06 267.06 267.06 267.06 267.06 267.06 267.06 267.06 0.00 0.00 0.00 0.00 0.00 0.00 0.00 267.06 267.06 267.06 267.06 267.06 267.06 256.16
97.00 97.00 97.00 97.00 97.00 97.00 97.00 71.67 29.10 29.10 29.10 29.10 29.10 29.10 29.10 49.03 68.38 22.57 11.37 5.13 2.52 0.00 0.00 0.00
119.20 119.20 119.20 119.20 119.20 119.20 119.20 88.09 35.76 35.76 35.76 35.76 35.76 35.76 35.76 60.63 84.71 27.74 13.98 6.30 3.18 0.00 0.00 0.00
192.11 219.07 139.44 85.58 51.70 30.38 20.71 20.14 25.33 35.84 29.61 0.00 0.00 20.67 57.74 104.61 143.17 245.86 291.44 348.57 258.52 188.76 136.41 138.47
234.91 161.30 302.61 315.46 150.39 240.03 145.74 31.87 88.30 75.85 197.48 42.26 5.95 0.00 0.00 0.00 8.02 19.87 42.91 82.02 80.43 150.14 271.78 226.30
247.65 282.41 179.75 110.32 66.65 39.16 26.70 25.96 32.66 46.21 38.16 0.00 0.00 26.63 77.01 137.79 178.68 316.94 375.70 449.35 333.26 243.34 175.85 178.50
344.73 393.12 250.22 153.57 92.78 54.52 37.17 36.14 45.46 64.32 53.12 0.00 0.00 37.05 112.01 197.77 239.54 441.19 522.98 625.50 463.90 338.73 244.78 248.48
86.27 108.94 115.10 122.08 131.57 74.01 38.19 18.64 23.98 34.73 52.00 16.43 0.00 0.00 0.00 11.15 86.47 66.19 109.72 171.14 371.21 328.97 119.49 104.56
0.00 0.00 0.00 0.00 0.53 0.00 0.00 0.00 0.00 1.15 6.08 12.76 29.19 56.10 44.55 35.18 29.06 15.27 5.03 0.73 0.00 0.49 3.64 5.02
