643.30 643.30 643.30 643.30 643.30 643.30 643.30 527.38 605.38 475.02 349.46 192.99 192.99 192.99 192.99 192.99 332.00 284.63 332.94 615.51 643.30 643.30 643.30 643.30
780.20 780.20 780.20 780.20 780.20 780.20 780.20 639.61 753.44 589.85 433.01 234.06 234.06 234.06 234.06 234.06 419.03 342.76 405.43 748.14 780.20 780.20 780.20 780.20
30.56 29.25 33.37 38.44 40.08 49.64 55.35 61.65 72.22 86.64 105.52 52.10 34.98 60.88 27.41 23.40 29.53 42.85 88.19 105.24 74.67 50.67 32.77 33.58
54.08 51.76 59.03 68.01 66.23 87.84 97.93 109.07 127.77 153.29 186.70 92.14 58.56 106.32 47.13 41.41 52.26 76.23 156.49 186.20 132.11 89.65 57.99 59.41
11.67 26.51 12.90 14.00 15.21 16.13 17.20 45.22 21.09 32.33 80.18 91.00 93.28 92.25 97.32 105.51 116.99 121.93 92.34 37.50 28.06 18.59 11.61 12.04
116.00 116.00 116.00 116.00 116.00 116.00 116.00 85.72 34.80 34.80 34.80 34.80 34.80 34.80 34.80 58.96 82.36 34.80 34.80 34.80 60.50 111.37 107.79 116.00
12.37 28.23 13.67 14.84 16.12 17.10 18.23 47.94 22.35 34.30 85.04 96.74 98.87 97.78 103.16 111.85 124.01 129.24 97.89 39.75 29.74 19.70 12.31 12.76
19.65 46.14 21.72 23.58 25.61 27.16 28.95 76.18 35.51 54.79 135.60 157.56 157.08 155.35 163.89 177.69 197.01 205.33 155.55 63.15 47.25 31.30 19.56 20.27
168.45 145.75 185.93 199.98 216.30 180.00 82.28 92.60 112.30 137.82 168.47 393.10 503.54 476.13 502.89 559.13 623.00 623.00 460.54 186.90 144.44 92.16 103.77 195.30
51.01 49.37 48.01 50.43 56.57 83.76 120.42 168.59 96.01 51.00 51.00 51.00 35.54 23.93 9.86 5.73 8.26 20.18 46.66 59.86 59.50 59.29 59.49 59.26
60.02 58.08 56.48 59.33 66.55 98.54 141.67 198.34 112.86 60.00 60.00 60.00 41.81 28.15 11.60 6.74 9.72 23.73 54.89 70.42 70.00 69.75 69.99 69.71
41.40 41.40 41.40 36.00 29.58 24.42 19.94 16.18 29.13 41.40 41.40 41.40 41.40 41.40 41.40 41.40 41.40 41.40 41.40 41.40 41.40 41.40 41.40 41.40
2.27 1.96 2.13 2.56 3.24 3.38 3.50 3.63 4.97 13.05 32.43 24.66 18.27 13.20 5.49 10.32 14.98 9.21 5.47 7.57 5.01 4.02 3.19 2.99
65.28 65.28 65.28 52.99 39.08 27.85 20.47 16.07 21.55 29.17 63.96 85.99 148.22 189.75 210.41 217.60 134.72 104.24 65.28 65.28 65.28 65.28 65.28 65.28
65.47 64.45 81.47 103.79 133.33 142.08 151.27 161.32 129.95 60.00 60.00 55.32 41.46 30.20 22.25 22.15 29.72 31.98 35.07 39.14 44.88 73.60 67.63 68.72
49.49 48.72 61.59 78.46 100.80 107.41 114.36 121.96 98.13 45.36 45.36 41.82 31.34 22.83 16.82 16.74 22.47 24.18 26.51 29.59 34.07 55.75 51.13 51.95
28.64 28.20 35.64 45.41 58.33 62.16 66.18 70.58 56.60 26.25 26.25 24.20 18.14 13.21 9.74 9.69 13.00 13.99 15.34 17.13 19.83 32.34 29.59 30.07
46.32 45.60 57.64 73.43 94.33 100.52 107.02 114.13 91.80 42.45 42.45 39.14 29.33 21.36 15.74 15.67 21.03 22.62 24.81 27.69 31.91 52.19 47.85 48.62
60.56 59.61 75.36 96.00 123.33 131.42 139.93 149.22 120.17 55.50 55.50 51.17 38.35 27.93 20.59 20.49 27.49 29.58 32.44 36.21 41.56 68.12 62.56 63.57
42.72 42.05 53.16 67.72 87.00 92.71 98.70 105.26 84.63 39.15 39.15 36.10 27.05 19.70 14.52 14.45 19.39 20.87 22.88 25.54 29.46 48.15 44.13 44.84
95.25 93.77 118.53 151.01 193.99 206.72 220.10 234.72 189.32 87.30 87.30 80.49 60.33 43.94 32.38 32.22 43.24 46.53 51.03 56.95 64.79 106.70 98.40 99.99
0.00 0.00 0.00 0.00 0.00 0.00 0.00 0.00 0.00 0.00 0.00 0.00 0.00 0.00 0.00 0.00 0.00 0.00 0.00 0.00 0.00 0.00 0.00 0.00
56.18 54.36 82.04 121.40 170.60 170.60 170.60 170.60 123.33 155.83 103.48 51.18 38.92 26.97 18.01 16.37 21.39 23.82 26.87 30.67 48.43 72.40 60.43 61.85
54.01 52.26 78.87 116.70 164.00 164.00 164.00 164.00 119.02 148.85 99.00 49.20 37.41 25.93 17.32 15.74 20.57 22.90 25.83 29.48 46.56 69.60 58.10 59.46
72.51 70.17 105.89 156.69 220.20 220.20 220.20 220.20 155.30 208.93 137.47 66.06 50.24 34.81 23.25 21.13 27.61 30.75 34.69 39.58 62.47 93.45 78.01 79.84
258.67 250.30 377.74 558.96 785.50 785.50 785.50 785.50 486.84 785.09 509.29 235.65 179.20 124.18 82.93 75.37 98.50 109.70 123.73 141.19 222.41 333.35 278.26 284.79
93.03 90.02 135.85 201.03 282.50 282.50 282.50 282.50 194.81 276.23 180.45 84.75 64.45 44.66 29.83 27.11 35.43 39.45 44.50 50.78 80.10 119.89 100.07 102.42
24.27 30.65 11.19 11.41 30.81 17.46 23.41 31.16 36.00 36.00 88.65 96.29 120.00 120.00 68.82 28.11 17.66 18.01 18.44 19.06 26.10 36.52 51.43 50.69
8.90 8.01 9.78 11.86 14.27 14.56 14.91 15.19 19.63 25.46 29.88 31.05 25.65 22.41 19.47 18.12 21.27 22.09 23.44 25.41 19.45 12.64 8.37 8.34
54.75 49.27 60.13 72.92 87.74 89.55 91.68 93.38 120.72 156.59 183.75 228.17 157.69 137.81 130.52 111.44 130.78 135.86 144.17 156.23 140.45 77.72 51.45 51.30
12.60 12.60 12.60 10.23 7.54 5.38 3.95 3.10 4.16 5.63 13.15 18.45 28.61 36.62 40.61 42.00 29.54 21.20 12.60 12.60 12.60 12.60 12.60 12.60
5.38 4.64 5.04 6.05 7.68 8.00 8.28 8.60 11.76 30.86 76.77 58.39 43.26 31.24 12.97 24.43 35.46 21.78 12.96 21.65 11.86 9.51 7.55 7.07
4.67 4.04 4.39 5.26 6.68 6.96 7.20 7.48 10.23 26.84 66.76 50.77 37.62 27.17 11.28 21.24 30.83 18.94 11.27 18.17 10.32 8.27 6.57 6.15
0.87 0.75 0.81 0.98 1.24 1.29 1.34 1.39 1.90 5.01 12.40 9.43 6.99 5.05 2.11 3.95 5.73 3.53 2.09 2.59 1.92 1.54 1.22 1.14
200.00 200.00 195.26 200.00 200.00 200.00 200.00 200.00 200.00 186.24 171.07 83.48 60.00 53.20 47.78 48.00 53.61 51.65 50.38 49.65 38.54 40.48 61.25 110.94
130.98 141.35 129.98 121.64 116.13 110.63 106.96 103.54 96.72 93.25 94.45 101.77 119.58 148.83 94.38 94.28 147.65 189.80 238.06 294.46 233.36 182.57 140.24 136.75
45.58 23.73 29.73 30.22 21.35 52.07 69.76 39.83 97.37 78.47 150.00 77.79 28.98 19.30 11.99 10.82 15.28 17.69 20.49 24.01 20.94 34.16 52.58 52.11
45.58 23.73 29.73 30.22 21.35 52.07 69.76 39.83 97.37 78.47 150.00 77.79 28.98 19.30 11.99 10.82 15.28 17.69 20.49 24.01 20.94 34.16 52.58 52.11
3.04 1.62 1.59 1.55 1.42 2.51 2.77 1.63 5.04 5.33 10.00 5.23 1.93 1.29 0.80 0.72 1.02 1.18 1.37 1.60 1.40 2.30 3.50 3.47
60.02 58.08 56.48 59.33 66.55 98.54 141.67 198.34 112.86 60.00 60.00 60.00 41.81 28.15 11.60 6.74 9.72 23.73 54.89 70.42 70.00 69.75 69.99 69.71
35.29 34.15 33.21 34.89 39.13 57.94 83.30 116.63 66.59 35.28 35.28 35.28 24.59 16.55 6.82 3.96 5.71 13.97 32.28 41.41 41.16 41.01 41.16 40.99
48.93 46.84 53.42 61.54 60.77 79.49 88.62 98.70 115.62 138.72 168.95 83.39 53.59 96.53 42.96 37.47 47.29 68.90 141.53 168.50 119.55 81.13 52.47 53.76
70.09 67.08 76.52 88.15 82.53 113.85 126.93 141.37 165.61 198.69 241.98 119.41 73.46 136.28 59.63 53.67 67.73 99.17 203.23 241.34 171.23 116.19 75.16 77.00
8.43 8.30 8.15 8.39 9.02 9.33 9.71 10.06 14.58 21.38 40.31 24.07 18.31 13.59 10.53 27.10 15.24 16.22 17.68 19.61 15.40 11.94 9.00 8.92
12.39 12.19 11.98 12.34 13.25 13.71 14.28 14.79 21.43 31.43 65.03 35.39 26.91 19.98 15.48 39.88 22.40 23.85 25.99 28.83 22.64 17.56 13.23 13.12
139.80 139.80 139.80 78.86 111.41 42.48 26.49 19.85 29.65 41.94 41.94 41.94 41.94 41.94 41.94 41.94 50.50 111.85 139.80 135.62 103.80 91.59 139.80 139.80
0.00 0.00 0.00 0.00 0.00 0.00 0.00 0.00 0.00 0.00 0.00 0.00 0.00 0.00 0.00 0.00 0.00 0.00 0.00 0.00 0.00 0.00 0.00 0.00
187.33 187.32 187.33 105.53 153.69 60.52 35.50 26.60 39.73 56.20 56.20 56.20 56.20 56.20 56.20 56.20 64.20 146.43 187.33 183.78 138.32 119.08 187.33 187.33
45.90 45.90 45.90 45.90 45.90 40.98 34.53 28.91 43.79 45.90 45.90 45.90 45.90 45.90 45.90 45.90 45.90 45.90 45.90 45.90 45.90 45.90 45.90 45.90
149.80 149.80 149.80 149.80 149.80 149.80 149.80 110.71 44.94 44.94 44.94 44.94 44.94 44.94 44.94 76.67 107.25 44.94 44.94 44.94 80.98 146.70 139.19 149.80
96.94 104.61 96.20 90.02 85.95 81.88 79.16 76.63 71.58 69.02 69.90 75.32 88.50 110.15 69.85 69.78 109.28 140.47 176.19 217.93 172.71 135.12 103.79 101.21
64.27 64.19 63.33 63.76 65.78 70.69 75.63 81.16 100.58 133.08 181.85 138.64 105.37 81.35 93.50 127.90 191.85 198.46 209.40 223.79 158.29 107.34 69.66 71.94
47.95 68.64 40.60 22.48 23.40 49.50 97.53 80.35 36.73 78.09 159.27 144.56 131.64 120.78 141.67 167.59 199.16 215.65 172.70 71.55 51.28 32.54 19.04 20.93
12.17 12.34 17.19 23.24 30.00 26.40 22.57 19.19 23.24 28.82 56.19 97.21 43.20 59.57 27.80 15.11 18.70 19.47 20.67 22.25 17.33 13.25 24.15 9.95
123.30 166.80 157.89 153.79 153.52 139.80 126.97 115.22 126.68 153.50 201.12 177.16 159.63 147.59 67.89 44.87 62.99 82.08 105.13 132.01 112.12 94.49 78.98 89.03
93.68 118.91 102.34 87.89 74.99 78.73 82.53 86.07 68.25 66.87 82.18 73.84 66.29 60.12 25.80 18.98 33.77 47.63 66.86 92.18 71.60 57.52 49.36 54.12
0.00 0.00 0.00 0.00 0.00 0.00 0.00 0.00 0.00 0.00 0.00 0.00 0.00 0.00 0.00 0.00 0.00 0.00 0.00 0.00 0.00 0.00 0.00 0.00
13.07 12.07 10.16 9.51 10.20 12.75 16.42 21.40 34.41 48.75 91.77 162.50 162.50 150.53 65.59 30.20 25.62 28.03 30.78 33.65 37.44 44.76 33.40 15.50
46.38 44.55 43.35 46.25 53.62 55.54 59.16 64.62 92.63 140.92 104.02 136.21 111.92 43.59 26.47 21.77 34.45 53.67 65.64 80.01 70.38 61.19 53.00 52.32
0.00 0.00 0.00 0.00 0.00 0.00 0.00 0.00 0.00 0.00 0.00 0.00 0.00 0.00 0.00 0.00 0.00 0.00 0.00 0.00 0.00 0.00 0.00 0.00
97.69 94.97 88.24 82.15 76.65 71.20 69.54 72.57 65.72 82.15 126.44 106.65 97.39 98.69 37.30 24.86 49.55 62.63 78.47 97.48 100.25 105.21 114.17 108.33
67.45 67.22 111.24 176.50 176.50 176.50 176.50 176.50 176.50 130.37 52.95 52.95 45.37 28.27 15.89 12.24 15.72 18.52 40.79 85.97 79.84 74.27 68.46 71.62
36.73 95.96 39.00 39.00 39.00 39.00 35.33 26.52 38.07 39.00 39.00 56.82 113.69 73.53 91.81 69.80 64.58 56.82 49.88 43.74 42.83 43.41 45.32 40.35
857.00 857.00 857.00 857.00 857.00 857.00 857.00 857.00 856.99 480.72 257.10 257.10 257.10 232.13 209.00 207.98 231.06 221.82 213.77 208.81 300.63 424.56 330.44 506.58
1058.00 1058.00 958.56 1058.00 1058.00 1058.00 1058.00 1058.00 1058.00 1048.92 1010.31 545.80 317.40 281.43 252.73 253.90 283.58 273.25 266.53 262.65 203.87 187.87 304.70 586.90
160.88 144.77 176.68 214.27 257.82 263.13 269.40 274.40 354.73 460.13 539.94 872.15 463.36 404.94 462.05 327.47 384.29 399.22 423.62 459.09 532.05 228.38 151.18 150.75
159.03 156.59 117.87 85.87 60.42 41.82 29.67 22.84 37.23 61.50 98.31 118.63 146.36 319.85 159.05 179.56 159.03 159.03 159.03 159.03 159.03 159.03 159.03 159.03
156.60 156.60 156.60 127.12 93.76 66.81 49.11 38.56 51.69 69.97 149.45 191.71 355.56 455.18 504.74 522.00 308.11 257.58 156.60 156.60 156.60 156.60 156.60 156.60
164.49 78.00 78.01 78.00 71.35 57.60 46.73 38.48 63.48 78.00 78.00 78.00 78.00 78.00 78.00 78.00 78.00 78.00 78.00 78.00 145.89 260.00 260.00 260.00
171.72 171.72 171.72 134.18 101.86 77.32 58.75 45.40 87.75 152.67 171.72 171.72 171.72 171.72 171.72 171.72 171.72 171.72 171.72 171.72 171.72 171.72 171.72 171.72
15.72 15.72 15.72 12.76 9.41 6.71 4.93 3.87 5.19 7.02 16.31 22.82 35.69 45.69 50.67 52.40 36.28 26.21 15.72 15.72 15.72 15.72 15.72 15.72
308.16 150.01 150.01 150.00 137.22 110.78 89.87 74.00 122.07 150.00 150.00 150.00 150.00 150.00 150.00 150.00 150.00 150.00 150.00 150.00 280.44 500.00 500.00 500.00
326.40 326.40 326.40 321.57 253.10 215.03 183.17 155.64 263.67 326.40 326.40 326.40 326.40 326.40 326.40 326.40 326.40 326.40 326.40 326.40 326.40 326.40 678.68 326.40
267.06 267.06 267.06 232.26 190.84 157.50 128.61 104.37 187.92 267.06 267.06 267.06 267.06 267.06 267.06 267.06 267.06 267.06 267.06 267.06 267.06 267.06 267.06 267.06
97.00 97.00 97.00 97.00 97.00 97.00 97.00 71.67 29.10 29.10 29.10 29.10 29.10 29.10 29.10 49.03 68.38 29.10 29.10 29.10 49.35 91.87 90.13 97.00
119.20 119.20 119.20 119.20 119.20 119.20 119.20 88.09 35.76 35.76 35.76 35.76 35.76 35.76 35.76 60.63 84.71 35.76 35.76 35.76 62.41 114.69 110.76 119.20
144.84 139.13 135.40 144.44 167.45 173.45 184.74 201.80 289.27 440.08 324.69 460.77 349.53 135.62 92.03 71.05 93.10 167.61 205.01 249.86 219.80 191.10 165.52 163.41
152.34 79.15 128.25 123.44 71.36 178.99 246.16 141.70 337.10 261.86 501.30 259.77 96.86 64.49 40.08 36.18 51.08 59.13 68.48 80.23 69.98 114.10 175.72 174.16
186.71 179.35 174.54 186.20 215.87 223.59 238.16 260.15 372.90 567.32 418.54 601.72 450.59 174.76 122.76 93.58 116.19 216.07 264.28 322.10 283.34 246.35 213.38 210.65
259.91 249.66 242.96 259.19 300.49 311.24 331.52 362.13 519.09 789.72 582.57 848.98 627.22 243.15 178.54 134.32 155.76 300.77 367.88 448.36 394.42 342.93 297.02 293.23
62.34 54.19 67.71 93.03 132.26 137.83 143.56 150.52 187.01 240.08 264.60 228.86 162.20 157.33 69.10 63.27 203.92 102.53 118.80 138.24 293.93 250.62 86.81 83.12
5.24 10.95 5.79 6.28 6.83 7.24 7.73 20.28 9.46 14.40 35.74 39.68 41.86 41.40 43.68 47.35 52.50 54.72 41.41 16.83 12.59 8.34 5.21 5.40
