643.30 643.30 643.30 643.30 643.30 643.30 476.44 318.49 277.00 200.40 136.60 65.61 56.68 48.61 62.24 78.85 169.63 125.81 126.44 200.02 149.49 106.31 77.20 68.26
780.20 780.20 780.20 780.20 780.20 780.20 577.84 386.27 344.74 248.85 169.25 79.57 68.74 58.95 75.49 95.63 214.10 151.50 153.97 243.12 181.30 128.94 93.63 82.79
21.21 21.56 20.66 19.84 17.24 18.93 20.15 22.95 37.60 59.04 88.58 37.10 20.41 28.50 11.57 7.59 6.44 15.61 49.01 82.54 55.28 34.96 20.67 20.28
37.53 38.14 36.56 35.10 28.49 33.48 35.65 40.61 66.53 104.46 156.72 65.61 34.17 49.77 19.90 13.42 11.39 27.76 86.96 146.04 97.80 61.85 36.58 35.88
16.29 42.21 16.24 13.94 11.92 13.85 16.43 48.61 22.26 34.45 87.76 75.81 57.74 40.98 35.59 30.61 26.29 44.67 52.28 31.82 19.75 11.30 5.70 6.04
116.00 114.71 92.75 73.77 57.51 31.47 15.56 5.09 6.18 13.86 26.08 24.56 23.92 24.43 29.09 58.96 82.36 34.80 34.80 34.80 60.50 86.72 62.33 35.86
17.27 44.93 17.21 14.77 12.64 14.68 17.42 51.53 23.60 36.55 93.08 80.59 61.20 43.44 37.73 32.45 27.87 47.35 55.42 33.73 20.94 11.97 6.04 6.41
27.43 73.45 27.34 23.47 20.08 23.32 27.65 81.89 37.49 58.38 148.42 131.26 97.23 69.01 59.93 51.55 44.27 75.23 88.06 53.59 33.26 19.02 9.59 10.18
111.93 105.02 113.48 102.81 92.72 89.62 48.97 66.05 85.64 114.54 155.07 272.99 256.99 172.78 148.31 127.54 108.07 194.20 235.10 145.50 92.51 54.60 55.21 98.18
8.73 5.90 6.27 6.86 7.63 7.48 9.30 13.59 7.80 4.48 5.09 3.09 1.97 1.52 1.63 1.75 1.86 4.21 9.50 12.14 17.94 26.13 37.27 33.36
10.27 6.94 7.38 8.07 8.98 8.80 10.94 15.99 9.17 5.27 5.99 3.63 2.32 1.79 1.92 2.05 2.19 4.96 11.17 14.28 21.11 30.74 43.84 39.25
15.45 10.80 6.92 4.14 2.25 1.73 1.41 1.29 2.75 6.44 13.48 12.82 12.21 11.70 17.51 25.05 34.54 30.85 27.53 24.47 13.77 6.84 2.83 2.52
1.51 1.30 1.07 0.92 0.86 1.04 1.33 1.73 2.01 4.35 8.88 8.52 8.43 8.61 4.25 6.61 5.76 4.42 3.16 5.10 3.34 2.65 2.08 2.00
47.03 28.96 12.20 5.28 4.14 5.20 6.76 9.00 15.16 24.56 61.72 74.98 105.23 103.40 134.48 174.07 134.72 82.65 40.37 32.07 17.46 8.93 4.82 4.00
39.97 39.36 35.66 32.88 31.17 33.20 38.64 48.00 43.31 21.36 25.63 22.82 20.65 19.06 16.01 13.34 11.01 16.38 23.34 32.29 34.75 52.37 43.89 43.57
30.21 29.76 26.96 24.86 23.56 25.10 29.21 36.28 32.70 16.15 19.37 17.25 15.61 14.41 12.10 10.08 8.32 12.38 17.65 24.41 26.38 39.67 33.18 32.94
17.48 17.22 15.60 14.38 13.64 14.52 16.91 21.00 18.86 9.35 11.21 9.98 9.03 8.34 7.00 5.84 4.82 7.16 10.21 14.13 15.36 23.01 19.20 19.06
28.28 27.85 25.23 23.26 22.05 23.49 27.34 33.96 30.59 15.12 18.13 16.15 14.61 13.49 11.33 9.44 7.79 11.59 16.52 22.85 24.71 37.14 31.05 30.83
36.97 36.41 32.98 30.41 28.83 30.71 35.74 44.40 40.05 19.76 23.71 21.11 19.10 17.63 14.81 12.34 10.18 15.15 21.59 29.87 32.19 48.47 40.60 40.31
26.08 25.69 23.27 21.45 20.34 21.66 25.21 31.32 28.20 13.94 16.72 14.89 13.47 12.44 10.45 8.70 7.18 10.69 15.23 21.07 22.81 34.26 28.64 28.43
58.15 57.28 51.88 47.84 45.35 48.30 56.22 69.83 63.09 31.08 37.29 33.21 30.04 27.74 23.29 19.41 16.02 23.83 33.97 46.98 50.17 75.92 63.86 63.40
0.00 0.00 0.00 0.00 0.00 0.00 0.00 0.00 0.00 0.00 0.00 0.00 0.00 0.00 0.00 0.00 0.00 0.00 0.00 0.00 0.00 0.00 0.00 0.00
34.41 33.96 31.64 30.23 29.52 27.60 28.59 32.75 28.84 43.95 34.92 15.63 14.42 13.62 11.21 9.15 7.35 11.23 16.41 22.97 34.93 49.53 38.61 38.41
33.08 32.65 30.41 29.06 28.38 26.53 27.48 31.48 27.83 41.98 33.41 15.02 13.86 13.09 10.78 8.80 7.07 10.79 15.78 22.08 33.58 47.61 37.11 36.92
44.41 43.83 40.83 39.02 38.11 35.62 36.90 42.27 36.31 58.93 46.39 20.17 18.61 17.58 14.47 11.81 9.49 14.49 21.18 29.65 45.05 63.93 49.83 49.57
158.44 156.36 145.66 139.19 135.93 127.06 131.63 150.79 113.83 221.44 171.87 71.95 66.39 62.72 51.63 42.14 33.84 51.69 75.56 105.76 160.40 228.04 177.76 176.84
56.98 56.24 52.39 50.06 48.89 45.70 47.34 54.23 45.55 77.91 60.89 25.88 23.88 22.56 18.57 15.15 12.17 18.59 27.17 38.04 57.77 82.01 63.93 63.60
0.00 0.00 0.00 0.00 1.88 1.07 1.61 2.49 2.02 1.62 3.24 6.53 15.09 26.50 22.98 20.05 17.44 16.17 15.79 16.11 12.61 9.73 7.37 9.34
4.61 4.56 4.27 4.00 3.73 3.07 2.83 3.00 5.15 8.12 12.08 12.99 12.41 12.69 11.33 9.15 7.66 12.16 18.20 25.92 17.54 9.69 5.08 4.80
28.33 28.07 26.25 24.57 22.93 18.88 17.42 18.46 31.68 49.92 74.29 95.46 76.33 78.02 75.95 56.25 47.11 74.77 111.91 159.40 126.62 59.57 31.24 29.54
9.08 5.59 2.35 1.02 0.80 1.00 1.31 1.74 2.93 4.74 12.69 16.09 20.31 19.96 25.96 33.60 29.54 16.81 7.79 6.19 3.37 1.72 0.93 0.77
3.58 3.08 2.53 2.18 2.02 2.46 3.15 4.11 4.76 10.29 21.03 20.18 19.96 20.40 10.05 15.65 13.63 10.46 7.48 14.59 7.90 6.27 4.92 4.74
3.12 2.67 2.20 1.90 1.76 2.14 2.73 3.57 4.14 8.95 18.29 17.55 17.35 17.74 8.74 13.61 11.85 9.10 6.50 12.25 6.87 5.45 4.28 4.12
0.58 0.50 0.41 0.35 0.33 0.40 0.51 0.66 0.77 1.67 3.40 3.26 3.22 3.29 1.64 2.53 2.20 1.70 1.21 1.75 1.28 1.01 0.79 0.77
67.53 75.89 77.97 84.03 87.99 58.33 36.43 21.37 38.14 69.40 118.93 59.79 44.31 45.95 42.51 39.84 38.02 45.54 54.21 60.00 38.89 30.20 29.94 31.24
109.22 111.59 111.06 111.84 113.74 114.26 115.72 118.07 162.49 218.46 286.73 335.65 338.60 338.60 338.60 338.60 338.60 338.60 338.60 338.60 308.79 217.59 145.33 148.07
26.49 14.06 14.06 11.16 6.09 14.25 19.84 12.64 26.42 17.58 35.16 18.10 9.13 8.96 7.42 6.14 4.97 7.48 10.84 15.15 13.16 21.16 32.07 31.36
26.49 14.06 14.06 11.16 6.09 14.25 19.84 12.64 26.42 17.58 35.16 18.10 9.13 8.96 7.42 6.14 4.97 7.48 10.84 15.15 13.16 21.16 32.07 31.36
1.77 0.96 0.75 0.57 0.41 0.69 0.79 0.52 1.37 1.19 2.34 1.22 0.61 0.60 0.49 0.41 0.33 0.50 0.72 1.01 0.88 1.42 2.14 2.09
10.27 6.94 7.38 8.07 8.98 8.80 10.94 15.99 9.17 5.27 5.99 3.63 2.32 1.79 1.92 2.05 2.19 4.96 11.17 14.28 21.11 30.74 43.84 39.25
6.04 4.08 4.34 4.75 5.28 5.17 6.44 9.40 5.41 3.10 3.52 2.13 1.37 1.05 1.13 1.21 1.29 2.92 6.57 8.40 12.41 18.08 25.78 23.08
33.97 34.51 33.08 31.77 26.14 30.30 32.26 36.75 60.20 94.53 141.82 59.38 31.26 45.19 18.14 12.15 10.31 25.09 78.65 132.16 88.50 55.97 33.10 32.47
48.65 49.43 47.38 45.50 35.50 43.40 46.21 52.63 86.23 135.39 203.12 85.03 42.86 63.80 25.17 17.40 14.76 36.12 112.93 189.28 126.76 80.16 47.41 46.50
5.27 5.08 4.25 3.68 3.33 3.94 5.05 6.74 8.13 9.78 15.59 10.37 9.43 8.80 7.50 15.65 5.33 7.76 10.87 14.79 11.14 8.16 5.79 5.78
7.75 7.47 6.24 5.41 4.90 5.79 7.43 9.90 11.95 14.38 25.15 15.25 13.86 12.93 11.02 23.03 7.84 11.40 15.97 21.74 16.38 12.00 8.51 8.50
123.64 104.69 129.10 78.86 111.41 45.90 24.32 14.34 17.43 20.96 25.01 16.42 10.19 5.85 10.83 18.06 33.60 56.96 53.21 37.55 19.38 11.55 12.42 11.16
0.00 0.00 0.00 0.00 0.00 0.00 0.00 0.00 0.00 0.00 0.00 0.00 0.00 0.00 0.00 0.00 0.00 0.00 0.00 0.00 0.00 0.00 0.00 0.00
165.67 140.28 172.98 105.53 153.69 65.40 32.59 19.21 23.36 28.08 33.51 22.01 13.65 7.84 14.52 24.20 42.71 74.56 71.30 50.89 25.83 15.01 16.64 14.95
28.04 19.71 12.13 6.81 3.40 2.55 1.85 1.31 2.85 5.44 9.34 11.84 14.95 18.78 22.69 27.16 32.17 31.91 31.77 31.68 20.21 12.04 6.49 4.96
149.80 148.13 119.77 95.26 74.27 40.64 20.09 6.58 7.98 17.90 33.68 31.71 30.90 31.54 37.57 76.67 107.25 44.94 44.94 44.94 80.98 114.23 80.50 46.30
80.83 82.59 82.20 82.77 84.18 84.57 85.64 87.38 120.26 161.68 212.21 248.42 250.60 250.60 250.60 250.60 250.60 250.60 250.60 250.60 228.54 161.04 107.56 109.59
43.50 40.49 38.99 38.44 39.62 44.22 49.29 55.76 87.91 131.01 185.92 148.37 116.28 89.30 81.74 74.69 67.81 87.08 111.04 140.54 106.48 78.43 56.19 54.73
34.02 39.66 20.48 9.85 8.91 25.46 65.75 69.09 36.50 88.87 206.62 153.21 109.63 76.18 61.18 47.91 36.78 64.37 76.91 47.60 31.08 19.09 10.71 10.83
5.74 6.16 5.86 5.56 5.27 3.83 2.75 1.95 4.28 8.22 26.63 48.96 28.35 52.06 25.85 12.21 10.77 16.18 23.23 30.00 20.00 11.45 14.16 5.59
87.36 97.35 95.65 96.67 99.22 101.03 102.72 105.41 142.95 190.51 248.07 268.00 268.00 268.00 268.00 268.00 268.00 268.00 268.00 268.00 239.22 170.39 116.44 137.44
76.19 80.86 73.56 71.18 74.15 75.64 77.28 79.53 96.71 116.81 139.69 180.93 229.51 250.00 239.43 202.90 175.86 184.40 192.95 203.74 161.29 124.93 94.73 101.50
0.00 0.00 0.00 0.00 0.00 0.00 0.00 0.00 0.00 0.00 0.00 0.00 0.00 0.00 0.00 0.00 0.00 0.00 0.00 0.00 0.00 0.00 0.00 0.00
0.00 0.00 0.00 0.00 0.00 0.00 1.36 2.17 1.67 1.30 1.90 4.91 8.79 15.91 11.81 8.47 5.96 5.23 5.52 6.82 4.01 0.00 0.00 0.00
26.57 24.39 23.76 24.08 25.02 28.19 33.71 41.83 45.37 49.03 29.85 35.31 31.99 14.57 18.48 20.51 21.33 30.73 35.53 41.04 40.42 40.12 39.56 40.22
0.00 0.00 0.00 0.00 0.00 0.00 0.00 0.00 0.00 0.00 0.00 0.00 0.00 0.00 0.00 0.00 0.00 0.00 0.00 0.00 0.00 0.00 0.00 0.00
34.22 26.77 23.53 20.55 17.91 17.17 18.75 23.20 32.92 45.48 61.38 51.03 42.34 35.06 38.20 42.41 48.14 51.22 55.22 60.20 61.22 62.04 63.45 61.99
26.31 20.99 18.09 16.30 15.44 9.54 6.56 5.83 8.27 8.66 4.96 5.01 5.65 7.02 5.00 3.41 2.25 3.88 11.62 31.39 34.40 38.05 42.70 39.59
6.63 17.90 6.35 5.55 4.86 4.42 4.38 4.74 4.37 4.48 5.04 10.57 30.04 27.18 51.19 54.85 58.75 69.82 82.67 97.28 64.23 39.50 22.16 13.94
270.16 293.42 295.68 297.66 300.17 204.36 136.65 88.78 139.72 152.52 156.30 167.01 177.54 189.84 173.35 160.83 151.02 181.25 215.44 255.13 286.37 295.76 152.22 131.34
357.24 401.48 382.79 444.53 465.49 308.58 192.69 113.03 201.76 390.88 702.39 390.92 234.42 243.05 224.87 210.73 201.11 240.91 286.75 317.40 205.71 140.14 148.95 165.24
83.24 82.49 77.12 72.21 67.38 55.48 51.18 54.26 93.10 146.68 218.30 364.86 224.28 229.24 268.86 165.29 138.43 219.72 328.84 468.38 479.66 175.04 91.80 86.79
49.25 17.66 16.35 20.37 30.62 20.54 13.12 7.87 18.65 38.75 71.17 55.07 44.97 80.26 64.89 111.20 141.68 105.77 77.33 55.39 32.73 18.57 10.69 9.55
112.82 69.48 29.26 12.66 9.94 12.47 16.22 21.60 36.38 58.91 144.23 167.16 252.43 248.05 322.61 417.57 308.11 204.24 96.85 76.93 41.87 21.42 11.55 9.59
94.80 32.91 46.96 64.49 78.00 61.35 42.41 28.35 43.47 64.27 78.00 59.51 36.02 19.83 37.31 62.91 78.00 71.42 49.95 33.47 36.50 36.99 22.38 18.95
49.99 33.41 49.31 70.12 97.21 54.45 28.61 15.08 36.06 79.71 155.43 108.60 71.74 44.50 79.70 130.83 171.72 143.56 99.70 65.66 33.52 15.57 7.64 6.30
11.33 6.97 2.94 1.27 1.00 1.25 1.63 2.17 3.65 5.91 15.74 19.90 25.34 24.90 32.39 41.92 36.28 20.78 9.72 7.72 4.20 2.15 1.16 0.96
177.61 63.29 90.31 124.02 150.00 117.97 81.56 54.51 83.59 123.60 150.00 114.45 69.26 38.14 71.75 120.98 150.00 137.35 96.05 64.37 70.17 71.13 43.04 36.44
73.63 52.67 33.98 20.40 11.09 10.30 11.21 13.94 13.53 26.53 60.37 54.69 49.17 44.06 76.89 122.96 185.27 184.36 184.65 187.67 105.30 52.13 43.87 23.38
99.66 69.69 44.63 26.70 14.54 11.18 9.12 8.30 17.75 41.53 86.94 82.70 78.79 75.45 112.93 161.62 222.81 199.03 177.59 157.85 88.85 44.09 18.28 16.27
97.00 95.92 77.56 61.69 48.09 26.32 13.01 4.26 5.17 11.59 21.81 20.53 20.01 20.43 24.32 49.03 68.38 29.10 29.10 29.10 49.35 71.54 52.12 29.98
119.20 117.87 95.31 75.80 59.10 32.34 15.99 5.23 6.35 14.24 26.80 25.23 24.58 25.10 29.89 60.63 84.71 35.76 35.76 35.76 62.41 89.31 64.05 36.84
82.99 76.17 74.21 75.21 78.13 88.05 105.26 130.62 141.68 153.12 93.18 119.46 99.90 45.33 64.23 66.95 57.65 95.97 110.96 128.16 126.24 125.28 123.53 125.59
88.54 46.88 60.66 45.59 20.36 49.00 70.00 44.96 91.48 58.67 117.51 60.46 30.53 29.94 24.80 20.51 16.61 24.98 36.23 50.63 43.97 70.66 107.17 104.81
106.99 98.19 95.66 96.96 100.72 113.50 135.70 168.38 182.64 197.39 120.11 156.00 128.79 58.41 85.68 88.19 71.94 123.71 143.04 165.21 162.74 161.50 159.25 161.91
148.93 136.68 133.16 134.97 140.21 158.00 188.89 234.39 254.24 274.78 167.19 220.10 179.27 81.26 124.61 126.58 96.45 172.21 199.12 229.98 226.54 224.82 221.67 225.37
38.95 33.22 28.15 24.91 23.00 25.18 29.83 37.47 40.90 44.57 48.66 47.25 47.34 71.35 42.96 36.94 71.62 44.27 61.10 82.67 178.20 154.69 54.55 53.05
7.31 17.42 7.29 6.26 5.35 6.22 7.39 21.80 9.99 15.35 39.12 33.06 25.91 18.39 15.97 13.74 11.80 20.05 23.44 14.28 8.86 5.07 2.56 2.71
