144.97 81.71 35.22 15.20 0.00 23.03 47.43 89.45 133.91 156.36 163.85 82.33 79.05 80.77 98.94 127.37 289.76 210.34 207.97 326.41 237.42 158.13 98.30 66.23
175.82 99.10 42.71 18.44 0.00 27.93 57.52 108.48 166.66 194.16 203.02 99.85 95.87 97.96 119.99 154.48 365.71 253.30 253.25 396.75 287.95 191.78 119.21 80.32
25.91 26.22 25.81 25.73 23.44 24.22 22.85 21.81 18.66 15.98 13.69 10.24 10.60 28.37 9.33 5.47 4.97 11.70 35.91 59.73 46.90 36.03 27.01 25.47
45.84 46.38 45.67 45.52 38.74 42.86 40.42 38.58 33.02 28.28 24.23 18.12 17.74 49.54 16.04 9.69 8.80 20.81 63.72 105.67 82.99 63.74 47.80 45.07
10.08 21.56 9.59 9.52 9.52 8.85 8.28 18.92 6.80 7.96 14.94 16.53 17.95 20.26 13.62 10.79 11.25 20.32 25.53 16.60 13.84 11.57 9.60 8.93
18.20 18.52 17.44 17.05 17.19 13.30 11.75 9.11 2.13 1.10 0.00 0.00 0.00 1.42 1.67 4.19 9.45 3.72 3.89 4.59 7.87 14.46 15.07 15.61
10.68 22.95 10.16 10.09 10.09 9.39 8.78 20.05 7.21 8.45 15.84 17.57 19.02 21.48 14.44 11.44 11.93 21.54 27.07 17.60 14.67 12.26 10.18 9.46
16.97 37.52 16.15 16.03 16.03 14.91 13.94 31.87 11.45 13.50 25.26 28.62 30.22 34.12 22.94 18.18 18.95 34.22 43.01 27.95 23.30 19.48 16.17 15.03
162.64 138.20 163.35 162.96 164.66 117.36 46.13 45.00 40.97 37.31 34.21 93.38 140.04 156.90 100.12 71.98 65.56 119.37 148.28 95.31 74.46 57.22 81.38 139.13
48.73 52.15 48.75 46.20 44.70 39.93 35.78 32.20 9.45 2.37 1.12 2.09 4.72 9.93 19.20 33.24 51.00 95.49 170.00 170.00 155.10 97.93 56.86 62.86
57.33 61.35 57.35 54.35 52.59 46.98 42.09 37.88 11.10 2.79 1.32 2.46 5.55 11.69 22.59 39.11 60.00 112.31 200.00 200.00 182.47 115.21 66.89 73.96
1.12 0.00 0.00 0.84 1.83 1.72 1.64 1.60 2.49 3.83 5.74 7.36 9.50 12.28 12.75 14.56 17.98 13.16 10.06 8.43 4.15 1.73 0.00 0.00
1.93 1.78 1.85 1.93 2.04 1.47 1.04 0.75 0.52 0.69 1.00 1.72 3.52 6.93 3.49 6.45 7.76 6.29 4.66 7.71 4.61 3.27 2.22 2.23
6.20 7.14 5.02 3.40 2.24 0.00 0.00 0.00 1.28 1.70 4.06 0.00 4.33 15.08 30.15 52.57 51.89 34.73 19.91 19.25 16.31 13.91 12.13 9.44
43.31 45.02 45.97 47.03 48.56 39.40 32.85 28.55 14.22 3.93 2.79 3.33 5.80 11.16 9.83 10.20 12.46 17.74 24.37 32.52 37.89 62.91 58.93 57.04
32.74 34.04 34.76 35.56 36.71 29.78 24.83 21.58 10.74 2.97 2.11 2.52 4.39 8.44 7.43 7.71 9.42 13.41 18.43 24.59 28.76 47.65 44.55 43.12
18.95 19.70 20.11 20.58 21.24 17.24 14.37 12.49 6.20 1.72 1.22 1.46 2.54 4.88 4.30 4.46 5.45 7.76 10.66 14.23 16.74 27.64 25.78 24.96
30.64 31.85 32.53 33.28 34.35 27.87 23.24 20.20 10.05 2.78 1.97 2.36 4.11 7.90 6.95 7.21 8.81 12.55 17.24 23.01 26.94 44.61 41.69 40.36
40.06 41.65 42.53 43.51 44.92 36.44 30.38 26.41 13.15 3.63 2.58 3.08 5.37 10.33 9.09 9.43 11.52 16.40 22.55 30.09 35.09 58.23 54.51 52.76
28.26 29.38 30.00 30.69 31.68 25.71 21.43 18.63 9.26 2.56 1.82 2.17 3.79 7.28 6.41 6.65 8.13 11.57 15.90 21.22 24.87 41.16 38.45 37.22
63.01 65.51 66.89 68.43 70.65 57.32 47.79 41.54 20.72 5.72 4.06 4.85 8.44 16.24 14.30 14.84 18.12 25.80 35.46 47.32 54.70 91.21 85.74 83.00
0.00 0.00 0.00 0.00 0.00 0.00 0.00 0.00 0.00 0.00 0.00 0.00 0.00 0.00 0.00 0.00 0.00 0.00 0.00 0.00 0.00 0.00 0.00 0.00
37.32 39.09 39.12 39.46 40.12 32.99 27.47 23.13 9.96 7.21 2.85 1.67 3.32 7.10 7.58 9.60 13.55 18.12 23.76 30.79 48.58 72.21 60.34 60.12
35.87 37.57 37.61 37.93 38.56 31.71 26.41 22.23 9.61 6.89 2.72 1.60 3.19 6.82 7.29 9.23 13.02 17.42 22.84 29.60 46.71 69.42 58.00 57.80
48.17 50.45 50.49 50.93 51.78 42.58 35.46 29.85 12.54 9.67 3.78 2.15 4.28 9.16 9.78 12.39 17.49 23.39 30.66 39.74 62.66 93.21 77.88 77.60
171.82 179.97 180.13 181.67 184.71 151.89 126.49 106.49 39.31 36.35 14.00 7.68 15.27 32.68 34.90 44.19 62.38 83.44 109.38 141.77 223.11 332.48 277.81 276.82
61.79 64.72 64.78 65.34 66.43 54.63 45.49 38.30 15.73 12.79 4.96 2.76 5.49 11.75 12.55 15.89 22.43 30.01 39.34 50.99 80.35 119.58 99.91 99.56
14.57 15.94 6.12 5.92 13.64 5.15 4.95 5.30 3.74 2.56 4.11 11.86 38.59 84.70 120.00 120.00 120.00 120.00 120.00 120.00 120.00 73.61 32.48 28.82
5.47 5.92 5.82 5.72 5.64 4.57 3.83 3.35 2.28 1.49 0.93 1.50 2.76 5.47 4.10 3.27 3.45 4.70 6.36 8.46 7.57 5.98 4.99 5.10
33.65 36.38 35.78 35.20 34.66 28.11 23.56 20.61 14.00 9.16 5.69 10.99 16.99 33.65 27.50 20.12 21.21 28.92 39.13 52.02 54.69 36.77 30.69 31.37
1.20 1.38 0.97 0.66 0.43 0.00 0.00 0.00 0.25 0.33 0.83 0.00 0.84 2.91 5.82 10.15 11.38 7.06 3.84 3.72 3.15 2.68 2.34 1.82
4.58 4.21 4.37 4.57 4.83 3.48 2.47 1.78 1.23 1.64 2.36 4.08 8.34 16.42 8.25 15.27 18.37 14.88 11.04 22.07 10.90 7.73 5.26 5.27
3.98 3.66 3.80 3.97 4.20 3.02 2.14 1.55 1.07 1.43 2.05 3.55 7.25 14.28 7.18 13.28 15.98 12.94 9.60 18.52 9.48 6.73 4.58 4.58
0.74 0.68 0.71 0.74 0.78 0.56 0.40 0.29 0.20 0.27 0.38 0.66 1.35 2.65 1.34 2.47 2.97 2.41 1.78 2.64 1.76 1.25 0.85 0.85
28.19 25.86 24.41 24.78 25.26 9.97 0.00 0.00 0.00 0.00 0.00 0.00 1.38 7.19 14.05 24.39 38.93 35.20 33.78 34.33 31.51 40.66 78.27 81.26
120.08 118.43 117.63 117.76 117.83 111.61 105.68 100.82 126.64 167.81 227.43 333.00 338.60 338.60 338.60 338.60 338.60 338.60 338.60 338.60 338.60 338.60 321.60 277.98
33.45 18.93 20.66 17.58 10.02 18.63 18.67 7.89 7.29 1.99 0.00 1.73 2.38 5.59 7.32 10.79 16.40 21.29 27.27 34.54 29.94 48.27 74.11 69.33
33.45 18.93 20.66 17.58 10.02 18.63 18.67 7.89 7.29 1.99 0.00 1.73 2.38 5.59 7.32 10.79 16.40 21.29 27.27 34.54 29.94 48.27 74.11 69.33
2.23 1.29 1.10 0.90 0.67 0.90 0.74 0.32 0.38 0.13 0.00 0.12 0.16 0.37 0.49 0.72 1.09 1.42 1.82 2.30 2.00 3.25 4.94 4.62
57.33 61.35 57.35 54.35 52.59 46.98 42.09 37.88 11.10 2.79 1.32 2.46 5.55 11.69 22.59 39.11 60.00 112.31 200.00 200.00 182.47 115.21 66.89 73.96
33.71 36.07 33.72 31.96 30.92 27.62 24.75 22.27 6.55 1.64 0.78 1.45 3.27 6.87 13.28 22.99 35.28 66.10 117.60 117.60 107.29 67.74 39.33 43.49
41.48 41.97 41.33 41.19 35.55 38.79 36.58 34.91 29.88 25.59 21.93 16.39 16.23 44.98 14.62 8.76 7.96 18.81 57.62 95.63 75.10 57.68 43.25 40.79
59.41 60.12 59.19 59.00 48.28 55.55 52.39 50.01 42.80 36.65 31.40 23.48 22.25 63.50 20.29 12.55 11.40 27.08 82.74 136.96 107.56 82.61 61.95 58.42
5.63 5.65 5.86 6.17 6.52 4.98 3.88 3.18 2.38 1.85 2.04 2.01 3.49 6.39 5.23 12.29 5.65 8.21 11.49 15.58 11.66 8.47 5.92 5.90
8.28 8.31 8.62 9.07 9.58 7.33 5.71 4.67 3.50 2.72 3.29 2.96 5.13 9.39 7.69 18.08 8.30 12.07 16.89 22.90 17.14 12.46 8.70 8.68
17.12 9.21 3.25 0.00 0.00 1.19 2.40 4.94 7.20 10.09 13.62 13.02 13.33 14.65 18.42 24.37 39.52 72.05 75.75 63.42 33.31 19.12 17.64 14.05
0.00 0.00 0.00 0.00 0.00 0.00 0.00 0.00 0.00 0.00 0.00 0.00 0.00 0.00 0.00 0.00 0.00 0.00 0.00 0.00 0.00 0.00 0.00 0.00
22.94 12.34 4.35 0.00 0.00 1.69 3.22 6.62 9.64 13.52 18.25 17.45 17.87 19.63 24.69 32.65 50.24 94.32 101.50 85.95 44.39 24.85 23.63 18.83
3.56 1.48 1.10 1.21 1.87 1.74 1.67 1.68 3.36 6.10 10.16 13.25 17.38 22.59 20.75 21.17 23.97 16.88 11.68 8.09 3.70 1.29 0.00 0.00
23.51 23.92 22.53 22.02 22.19 17.18 15.17 11.77 2.74 1.42 0.00 0.00 0.00 1.84 2.15 5.45 12.31 4.80 5.02 5.92 10.54 19.05 19.46 20.15
88.88 87.65 87.06 87.16 87.21 82.60 78.21 74.62 93.72 124.20 168.32 246.45 250.60 250.60 250.60 250.60 250.60 250.60 250.60 250.60 250.60 250.60 238.01 205.73
68.65 68.79 66.25 64.76 63.88 56.81 50.83 45.96 41.99 39.80 39.35 56.00 80.20 114.08 92.29 81.18 79.07 120.35 173.74 230.00 166.70 109.35 66.98 62.74
52.50 67.38 37.83 19.92 19.71 35.85 61.11 43.97 14.42 21.48 29.92 25.96 24.79 26.15 17.85 14.23 14.60 31.93 45.63 32.39 27.37 22.95 19.04 18.19
6.29 6.63 5.94 5.29 4.75 2.12 0.73 0.00 0.00 0.00 0.00 0.00 0.00 5.38 4.71 4.22 7.02 7.96 9.42 11.53 10.34 9.34 20.86 7.21
107.49 110.14 108.56 107.82 106.42 103.07 99.85 96.76 128.44 175.45 239.43 268.00 268.00 268.00 268.00 268.00 268.00 268.00 268.00 268.00 268.00 268.00 268.00 268.00
92.44 92.48 86.60 80.90 75.50 75.76 76.03 76.17 87.84 105.14 129.92 194.64 250.00 250.00 250.00 250.00 250.00 250.00 250.00 250.00 250.00 250.00 224.32 205.12
0.00 0.00 0.00 0.00 0.00 0.00 0.00 0.00 0.00 0.00 0.00 0.00 0.00 0.00 0.00 0.00 0.00 0.00 0.00 0.00 0.00 0.00 0.00 0.00
10.27 8.67 7.62 6.81 6.24 4.99 4.57 4.88 3.08 1.84 2.00 9.47 30.38 76.95 130.34 162.50 162.50 162.50 162.50 162.50 162.50 97.32 25.70 11.38
44.26 44.55 45.19 46.37 48.08 41.61 35.88 30.72 17.99 10.89 4.41 10.72 20.62 18.86 32.56 54.68 87.57 138.95 170.59 185.40 140.37 89.21 52.33 52.39
0.00 0.00 0.00 0.00 0.00 0.00 0.00 0.00 0.00 0.00 0.00 0.00 0.00 0.00 0.00 0.00 0.00 0.00 0.00 0.00 0.00 0.00 0.00 0.00
71.30 68.23 64.26 61.33 59.40 51.93 45.35 39.58 20.56 10.34 0.00 17.18 36.80 67.46 108.89 180.93 291.67 324.80 332.60 332.60 263.32 163.79 94.18 87.49
50.64 52.67 50.17 48.02 46.29 39.49 33.66 28.37 12.42 3.04 0.00 0.00 3.35 8.93 16.15 27.08 42.67 46.85 97.76 176.50 160.24 130.54 105.39 115.69
6.59 13.53 4.38 3.44 2.65 1.59 1.51 2.35 2.41 2.74 3.41 5.53 25.33 40.11 97.68 130.00 130.00 130.00 130.00 130.00 106.73 71.51 45.05 36.35
128.60 117.04 114.35 113.03 112.94 42.65 0.00 0.00 0.00 0.00 0.00 0.00 8.42 37.81 70.72 119.16 185.34 167.88 160.39 161.62 263.07 430.43 403.26 346.51
149.15 136.81 119.85 131.09 133.63 52.76 0.00 0.00 0.00 0.00 0.00 0.00 7.31 38.04 74.32 129.01 205.97 186.19 178.70 181.60 166.66 188.70 389.42 429.89
98.87 106.91 105.13 103.42 101.83 82.61 69.24 60.57 41.12 26.93 16.73 42.02 49.93 98.87 97.35 59.12 62.31 84.98 114.98 152.86 207.19 108.03 90.17 92.18
15.66 12.14 6.47 0.00 0.00 0.00 0.00 0.00 0.00 4.77 9.52 7.33 12.28 55.61 44.43 76.23 97.59 81.74 70.96 64.77 43.75 28.90 19.05 17.26
14.88 17.12 12.05 8.15 5.37 0.00 0.00 0.00 3.06 4.08 9.49 0.00 10.38 36.17 72.33 126.12 118.67 85.82 47.76 46.18 39.13 33.37 29.11 22.64
15.72 3.94 0.00 0.00 0.00 1.84 4.32 8.55 11.05 14.00 17.38 16.06 16.93 19.99 27.64 38.67 53.67 42.09 34.38 29.77 33.25 32.43 16.00 9.82
5.55 0.00 0.00 0.00 0.00 0.00 5.79 10.33 13.59 17.62 22.43 24.67 31.17 43.04 56.32 73.60 96.29 72.91 58.91 52.71 29.61 15.44 7.79 4.49
1.49 1.72 1.21 0.82 0.54 0.00 0.00 0.00 0.31 0.41 1.04 0.00 1.04 3.63 7.26 12.66 13.97 8.73 4.79 4.64 3.93 3.35 2.92 2.27
29.45 7.58 0.00 0.00 0.00 3.55 8.30 16.44 21.25 26.91 33.42 30.89 32.55 38.45 53.15 74.37 103.21 80.94 66.12 57.25 63.93 62.37 30.76 18.89
0.00 0.00 0.00 0.00 9.24 10.14 11.58 13.66 16.21 20.47 27.18 31.92 37.18 43.41 46.95 57.88 78.12 67.15 66.50 75.85 52.45 36.41 54.94 12.65
7.26 0.00 0.00 5.43 11.80 11.11 10.56 10.31 16.09 24.73 37.00 47.46 61.31 79.22 82.25 93.90 116.00 84.91 64.90 54.37 26.74 11.17 0.00 0.00
15.22 15.49 14.59 14.26 14.37 11.12 9.82 7.62 1.78 0.92 0.00 0.00 0.00 1.19 1.39 3.49 7.85 3.11 3.25 3.83 6.42 11.93 12.60 13.05
18.71 19.03 17.92 17.52 17.66 13.67 12.07 9.37 2.18 1.13 0.00 0.00 0.00 1.46 1.71 4.31 9.72 3.82 4.00 4.71 8.12 14.89 15.49 16.04
138.23 139.12 141.14 144.80 150.15 129.94 112.05 95.95 56.17 34.00 13.76 36.27 64.39 58.69 113.21 178.49 236.68 433.94 532.75 579.00 438.37 278.60 163.42 163.62
111.80 63.13 89.10 71.82 33.49 64.06 65.87 28.06 25.22 6.63 0.00 5.76 7.94 18.67 24.47 36.04 54.81 71.14 91.12 115.42 100.05 161.23 247.68 231.69
178.20 179.35 181.95 186.67 193.57 167.51 144.44 123.69 72.41 43.83 17.73 47.36 83.01 75.63 151.00 235.10 295.37 559.40 686.77 746.40 565.12 359.14 210.67 210.93
248.06 249.66 253.27 259.84 269.45 233.18 201.07 172.18 100.80 61.02 24.68 66.82 115.55 105.22 219.62 337.45 395.99 778.70 956.00 1039.00 786.65 499.93 293.26 293.61
50.96 49.04 50.54 52.83 55.51 40.10 28.14 19.16 10.77 6.02 0.00 6.96 16.34 51.24 41.32 55.20 182.08 108.00 142.76 185.27 357.51 273.25 83.55 82.51
4.52 8.90 4.30 4.27 4.27 3.97 3.72 8.48 3.05 3.55 6.66 7.21 8.05 9.09 6.11 4.84 5.05 9.12 11.45 7.45 6.21 5.19 4.31 4.01
