408.93 303.99 226.17 161.99 111.74 151.75 203.27 268.18 322.51 323.41 302.44 140.09 117.68 98.82 86.58 80.82 139.07 150.37 218.65 500.87 467.00 415.60 369.55 334.36
495.96 368.69 274.30 196.46 135.51 184.05 246.53 325.25 401.39 401.59 374.75 169.90 142.72 119.85 105.00 98.01 175.53 181.08 266.25 608.80 566.38 504.04 448.20 405.51
15.55 14.42 13.14 12.02 9.97 9.72 8.76 7.97 18.29 36.55 65.44 52.66 46.17 90.35 42.61 32.64 32.64 47.20 94.93 108.80 108.80 106.83 106.87 103.69
27.51 25.51 23.26 21.27 16.47 17.20 15.50 14.10 32.36 64.67 115.78 93.13 77.30 157.79 73.27 57.75 57.75 83.96 168.46 192.50 192.50 189.02 189.09 183.46
10.83 25.22 11.15 11.11 11.04 6.34 3.20 3.24 2.50 5.70 19.26 26.66 37.56 53.52 50.89 50.35 51.73 62.06 55.83 27.83 29.69 31.75 34.01 21.77
25.88 26.70 22.81 19.13 16.01 17.82 20.15 17.28 7.91 9.28 11.20 13.00 15.97 20.25 23.97 48.56 81.91 34.80 34.80 34.80 60.50 111.37 116.00 116.00
11.48 26.85 11.82 11.77 11.70 6.72 3.39 3.43 2.65 6.05 20.43 28.34 39.81 56.73 53.95 53.37 54.83 65.79 59.19 29.50 31.47 33.65 36.05 23.08
18.24 43.88 18.78 18.70 18.59 10.67 5.39 5.45 4.20 9.66 32.57 46.16 63.24 90.13 85.70 84.79 87.11 104.51 94.05 46.87 50.00 53.46 57.28 36.67
81.05 63.24 69.84 65.72 61.17 38.20 13.02 10.74 18.32 34.94 64.40 207.06 368.37 488.07 440.81 410.07 390.94 420.96 346.71 161.11 165.49 171.82 345.84 482.02
27.70 35.43 30.65 28.63 29.18 26.67 24.99 23.74 19.57 14.56 19.75 29.43 41.74 51.00 51.00 51.00 51.00 95.49 170.00 170.00 170.00 170.00 152.09 128.74
32.59 41.69 36.06 33.68 34.33 31.37 29.40 27.93 23.01 17.13 23.24 34.62 49.10 60.00 60.00 60.00 60.00 112.31 200.00 200.00 200.00 200.00 178.93 151.46
17.13 9.47 7.26 5.48 4.04 4.26 4.61 5.13 6.73 10.14 15.97 16.22 17.03 18.41 17.26 16.59 16.41 15.56 15.65 16.84 14.38 12.26 10.39 7.73
0.81 0.83 0.81 0.79 0.77 0.81 0.86 0.95 2.05 7.25 21.99 27.57 34.00 34.00 19.16 34.00 34.00 19.11 9.96 10.31 7.04 5.89 5.00 4.36
4.45 2.33 2.25 2.15 2.08 1.81 1.59 1.40 4.83 11.56 37.09 39.35 46.96 37.79 55.70 78.52 66.16 56.16 38.26 41.79 40.18 38.80 37.71 28.50
20.90 22.44 21.24 20.09 19.02 21.75 25.91 31.53 45.18 31.73 50.36 60.00 60.00 60.00 60.00 60.00 60.00 60.00 60.00 60.00 84.70 172.48 200.00 200.00
15.80 16.96 16.06 15.19 14.38 16.44 19.58 23.84 34.12 23.99 38.07 45.36 45.36 45.36 45.36 45.36 45.36 45.36 45.36 45.36 64.30 130.65 151.20 151.20
9.14 9.82 9.29 8.79 8.32 9.52 11.33 13.79 19.68 13.88 22.03 26.25 26.25 26.25 26.25 26.25 26.25 26.25 26.25 26.25 37.43 75.79 87.50 87.50
14.79 15.88 15.03 14.21 13.46 15.39 18.33 22.31 31.92 22.45 35.63 42.45 42.45 42.45 42.45 42.45 42.45 42.45 42.45 42.45 60.23 122.31 141.50 141.50
19.34 20.76 19.65 18.58 17.59 20.12 23.96 29.16 41.78 29.35 46.58 55.50 55.50 55.50 55.50 55.50 55.50 55.50 55.50 55.50 78.45 159.64 185.00 185.00
13.64 14.64 13.86 13.11 12.41 14.19 16.90 20.57 29.42 20.71 32.86 39.15 39.15 39.15 39.15 39.15 39.15 39.15 39.15 39.15 55.60 112.85 130.50 130.50
30.41 32.65 30.91 29.23 27.67 31.65 37.69 45.87 65.82 46.17 73.27 87.30 87.30 87.30 87.30 87.30 87.30 87.30 87.30 87.30 122.29 250.05 291.00 291.00
0.00 0.00 0.00 0.00 0.00 0.00 0.00 0.00 0.00 0.00 0.00 0.00 0.00 0.00 0.00 0.00 0.00 0.00 0.00 0.00 0.00 0.00 0.00 0.00
21.35 22.87 22.50 22.20 21.89 24.34 28.69 34.71 48.01 103.20 103.48 51.18 51.18 51.18 51.18 51.18 51.18 51.18 51.18 51.18 95.98 170.60 170.60 170.60
20.52 21.98 21.63 21.35 21.04 23.40 27.58 33.37 46.33 98.58 99.00 49.20 49.20 49.20 49.20 49.20 49.20 49.20 49.20 49.20 92.28 164.00 164.00 164.00
27.56 29.52 29.04 28.66 28.25 31.42 37.03 44.81 60.45 138.36 137.47 66.06 66.06 66.06 66.06 66.06 66.06 66.06 66.06 66.06 123.80 220.20 220.20 220.20
98.30 105.30 103.58 102.24 100.78 112.07 132.08 159.84 189.51 519.93 509.29 235.65 235.65 235.65 235.65 235.65 235.65 235.65 235.65 235.65 440.78 785.50 785.50 785.50
35.35 37.87 37.25 36.77 36.24 40.31 47.50 57.49 75.83 182.93 180.45 84.75 84.75 84.75 84.75 84.75 84.75 84.75 84.75 84.75 158.74 282.50 282.50 282.50
2.49 1.78 1.15 2.64 13.57 4.73 3.78 2.97 2.80 3.05 9.17 10.31 17.36 27.32 37.72 50.73 66.38 55.15 45.24 36.86 32.53 28.67 25.01 29.75
2.57 2.50 3.59 4.98 6.71 6.17 5.68 5.24 7.68 10.86 14.92 25.67 29.88 29.88 31.39 29.88 29.88 29.88 29.88 29.88 31.77 29.88 29.88 29.88
15.80 15.35 22.09 30.62 41.26 37.92 34.90 32.25 47.25 66.76 91.78 188.68 183.76 183.75 210.51 183.75 183.75 183.75 183.75 183.75 229.39 183.75 183.75 183.75
0.86 0.45 0.43 0.42 0.40 0.35 0.31 0.27 0.93 2.23 7.62 8.44 9.06 7.29 10.75 15.16 14.51 11.42 7.39 8.07 7.76 7.49 7.28 5.50
1.92 1.97 1.92 1.88 1.82 1.91 2.04 2.24 4.86 17.13 52.06 65.29 80.50 80.50 45.25 80.50 80.50 45.19 23.57 29.50 16.67 13.94 11.83 10.33
1.67 1.71 1.67 1.63 1.59 1.66 1.78 1.95 4.23 14.90 45.27 56.77 70.00 70.00 39.36 70.00 70.00 39.30 20.50 24.75 14.50 12.13 10.29 8.98
0.31 0.32 0.31 0.30 0.29 0.31 0.33 0.36 0.78 2.78 8.41 10.54 13.00 13.00 7.37 13.00 13.00 7.33 3.81 3.53 2.69 2.25 1.91 1.67
7.96 8.56 10.13 12.29 14.44 13.96 13.76 13.94 25.96 41.29 60.42 38.60 35.69 44.86 54.61 60.00 60.00 60.00 60.00 60.00 60.00 78.47 148.57 158.32
167.97 176.71 200.95 226.15 254.66 265.38 277.91 293.74 338.60 338.60 338.60 338.60 338.60 338.60 338.60 338.60 338.60 338.60 338.60 338.60 338.60 304.95 207.20 190.72
18.03 10.38 11.31 9.55 5.47 12.55 16.65 9.96 41.87 47.41 143.29 84.20 45.00 45.00 45.00 45.00 45.00 45.00 45.00 45.00 45.00 84.18 149.99 143.14
18.03 10.38 11.31 9.55 5.47 12.55 16.65 9.96 41.87 47.41 143.29 84.20 45.00 45.00 45.00 45.00 45.00 45.00 45.00 45.00 45.00 84.18 149.99 143.14
1.20 0.71 0.60 0.49 0.36 0.60 0.66 0.41 2.17 3.22 9.55 5.66 3.00 3.00 3.00 3.00 3.00 3.00 3.00 3.00 3.00 5.66 10.00 9.54
32.59 41.69 36.06 33.68 34.33 31.37 29.40 27.93 23.01 17.13 23.24 34.62 49.10 60.00 60.00 60.00 60.00 112.31 200.00 200.00 200.00 200.00 178.93 151.46
19.16 24.51 21.21 19.81 20.18 18.45 17.29 16.42 13.57 10.07 13.66 20.36 28.87 35.28 35.28 35.28 35.28 66.10 117.60 117.60 117.60 117.60 105.21 89.06
24.89 23.09 21.05 19.25 15.11 15.57 14.02 12.76 29.28 58.52 104.78 84.28 70.73 143.27 66.79 52.26 52.26 75.89 152.35 174.20 174.20 171.05 171.11 166.02
35.65 33.07 30.14 27.57 20.52 22.30 20.09 18.28 41.94 83.82 150.07 120.69 96.96 202.25 92.70 74.85 74.85 109.23 218.77 249.50 249.50 244.99 245.07 237.78
2.23 2.32 2.15 2.00 1.86 1.89 2.01 2.20 5.47 11.10 26.52 26.36 30.00 30.00 30.00 73.62 30.00 30.00 30.00 29.36 26.42 24.13 22.39 20.60
3.28 3.41 3.16 2.94 2.74 2.79 2.95 3.24 8.04 16.32 42.79 38.75 44.10 44.10 44.10 108.35 44.10 44.10 44.10 43.16 38.84 35.46 32.91 30.29
67.34 47.17 33.84 13.03 11.94 7.00 7.60 9.99 14.55 21.13 30.01 24.71 20.01 16.01 13.59 12.58 15.43 44.04 69.82 85.19 58.49 46.08 62.79 54.48
0.00 0.00 0.00 0.00 0.00 0.00 0.00 0.00 0.00 0.00 0.00 0.00 0.00 0.00 0.00 0.00 0.00 0.00 0.00 0.00 0.00 0.00 0.00 0.00
90.24 63.20 45.34 17.43 16.47 9.97 10.19 13.39 19.50 28.31 40.21 33.11 26.82 21.45 18.21 16.86 19.61 57.65 93.56 115.44 77.94 59.91 84.14 73.00
20.98 12.45 10.68 9.07 7.66 7.74 7.95 8.30 10.21 13.35 18.01 18.00 18.63 19.92 19.23 18.89 19.05 18.66 19.48 21.74 18.15 14.99 12.23 9.61
33.42 34.48 29.46 24.70 20.68 23.01 26.02 22.31 10.21 11.99 14.46 16.79 20.62 26.16 30.96 63.14 106.66 44.94 44.94 44.94 80.98 146.70 149.80 149.80
124.32 130.79 148.73 167.37 188.48 196.41 205.68 217.40 250.60 250.60 250.60 250.60 250.60 250.60 250.60 250.60 250.60 250.60 250.60 250.60 250.60 225.69 153.35 141.15
40.07 35.09 28.70 23.07 18.30 17.87 17.96 18.25 43.98 88.37 156.93 197.04 230.00 230.00 230.00 217.89 201.72 175.59 158.27 149.79 141.22 135.53 131.62 115.54
32.98 39.30 15.70 5.62 3.56 6.19 10.09 6.96 3.40 8.02 18.53 22.36 29.81 41.79 41.11 42.76 46.43 59.21 55.74 28.90 30.73 32.85 35.34 14.24
1.64 1.79 1.85 1.92 1.99 2.15 2.44 2.92 5.13 8.35 23.84 59.64 45.91 100.00 56.12 30.00 30.00 30.00 30.00 30.00 30.00 30.00 72.71 25.59
268.00 268.00 268.00 268.00 268.00 268.00 268.00 268.00 268.00 268.00 268.00 268.00 268.00 268.00 268.00 268.00 268.00 268.00 231.30 194.87 197.63 201.33 206.99 204.05
163.53 166.16 154.50 143.44 134.37 135.40 136.22 136.28 135.77 135.09 134.54 127.31 120.30 113.68 98.99 86.10 75.00 50.15 34.62 25.82 30.70 37.29 45.82 50.77
0.00 0.00 0.00 0.00 0.00 0.00 0.00 0.00 0.00 0.00 0.00 0.00 0.00 0.00 0.00 0.00 0.00 0.00 0.00 0.00 0.00 0.00 0.00 0.00
0.00 0.00 0.00 1.44 4.65 3.34 2.33 1.54 1.89 2.57 7.05 15.59 22.84 35.24 54.13 79.39 112.03 95.46 80.57 67.28 59.83 52.77 27.43 13.38
33.02 31.35 27.72 24.61 21.94 20.75 19.73 18.96 35.72 60.63 54.03 120.28 185.40 104.55 130.61 142.89 146.36 185.40 185.40 185.40 159.05 120.91 89.57 70.11
0.00 0.00 0.00 0.00 0.00 0.00 0.00 0.00 0.00 0.00 0.00 0.00 0.00 0.00 0.00 0.00 0.00 0.00 0.00 0.00 0.00 0.00 0.00 0.00
37.41 38.86 31.62 28.16 28.42 24.11 20.17 16.84 31.87 53.70 84.16 132.59 203.29 300.75 332.60 332.60 332.60 332.60 332.60 285.15 205.29 141.10 92.87 79.65
25.12 28.70 28.19 28.71 30.08 26.54 24.62 24.00 50.27 67.70 45.74 52.95 52.95 52.95 52.95 52.95 52.95 52.95 98.98 176.50 176.50 176.50 176.50 176.50
1.87 2.95 1.63 2.74 4.81 2.56 1.16 0.00 0.00 0.00 0.97 1.79 4.64 3.97 13.99 25.77 43.70 37.51 32.12 27.53 27.43 27.73 28.70 20.90
34.88 40.70 45.33 50.56 56.18 53.85 53.18 54.10 112.59 115.45 102.87 129.82 161.08 197.10 247.37 257.10 257.10 257.10 257.10 257.10 465.33 841.64 795.83 733.28
42.09 45.29 49.73 65.01 76.36 73.84 72.80 73.73 137.33 232.54 356.85 252.38 188.78 237.30 288.87 317.40 317.40 317.40 317.40 317.40 317.40 364.20 739.14 837.52
46.42 45.11 64.90 89.97 121.25 111.42 102.55 94.77 138.83 196.17 269.69 721.20 539.95 539.94 745.19 539.94 539.94 539.94 539.94 539.94 868.95 539.94 539.94 539.94
15.88 11.23 9.28 7.61 6.25 5.39 4.73 4.14 11.50 26.02 50.00 37.53 27.72 40.04 24.48 35.09 39.80 44.31 48.93 54.11 49.22 45.11 41.67 30.55
10.67 5.59 5.39 5.16 4.99 4.35 3.82 3.35 11.59 27.73 86.68 87.72 112.65 90.66 133.61 188.36 151.30 138.78 91.79 100.24 96.39 93.07 90.47 68.38
94.88 30.92 22.26 15.41 10.11 12.43 15.91 20.63 30.07 45.63 68.91 57.30 47.31 38.62 34.23 32.37 33.02 40.06 49.14 60.09 103.31 168.89 154.25 125.77
42.95 24.42 19.17 14.63 10.91 13.66 17.33 22.26 35.24 59.35 97.97 84.54 72.86 63.02 58.20 57.84 61.54 68.47 77.05 87.20 74.50 63.30 54.16 42.94
1.07 0.56 0.54 0.52 0.50 0.44 0.38 0.34 1.16 2.78 9.46 10.44 11.31 9.10 13.41 18.91 17.82 14.12 9.21 10.06 9.68 9.34 9.08 6.86
177.76 59.47 42.80 29.63 19.44 23.91 30.59 39.67 57.83 87.75 132.53 110.20 90.99 74.27 65.82 62.24 63.51 77.04 94.50 115.56 198.60 324.78 296.64 241.87
154.40 94.05 70.33 52.17 38.79 36.28 35.53 36.23 39.70 58.03 97.02 94.58 97.79 106.26 101.92 99.85 99.83 99.75 110.42 132.93 128.45 124.78 253.71 91.19
110.48 61.06 46.83 35.37 26.03 27.45 29.75 33.07 43.38 65.42 103.00 104.63 109.83 118.79 111.31 107.01 105.89 100.39 100.94 108.66 92.73 79.09 67.00 49.87
21.64 22.33 19.07 15.99 13.39 14.90 16.85 14.44 6.61 7.76 9.37 10.87 13.35 16.94 20.05 40.38 68.01 29.10 29.10 29.10 49.35 91.87 97.00 97.00
26.59 27.44 23.44 19.66 16.45 18.31 20.71 17.75 8.12 9.54 11.51 13.36 16.41 20.81 24.63 49.94 84.25 35.76 35.76 35.76 62.41 114.69 119.20 119.20
103.12 97.91 86.56 76.87 68.53 64.80 61.62 59.21 111.56 189.33 168.67 406.88 579.00 325.32 454.05 466.38 395.58 578.99 579.00 579.00 496.71 377.60 279.72 218.95
60.25 34.63 48.77 39.01 18.27 43.13 58.74 35.45 144.94 158.19 478.88 281.17 150.39 150.39 150.39 150.39 150.39 150.39 150.39 150.39 150.39 281.15 501.30 478.40
132.93 126.22 111.59 99.10 88.35 83.54 79.44 76.33 143.82 244.07 217.42 531.35 746.40 419.18 605.65 614.30 493.67 746.39 746.40 746.40 640.31 486.77 360.60 282.26
185.05 175.70 155.33 137.95 122.98 116.28 110.58 106.26 200.19 339.75 302.63 749.70 1039.00 583.24 880.86 881.73 661.83 1038.99 1039.00 1039.00 891.33 677.60 501.95 392.90
28.68 28.92 28.43 27.88 27.92 27.44 28.50 31.16 69.02 130.72 223.50 249.91 264.60 378.16 264.60 264.60 604.22 264.60 264.60 264.60 579.10 499.08 177.39 160.08
4.86 10.41 5.01 4.99 4.95 2.84 1.44 1.45 1.12 2.54 8.59 11.62 16.85 24.02 22.84 22.60 23.22 27.85 25.04 12.49 13.33 14.25 15.26 9.77
