643.30 643.30 643.30 643.30 643.30 643.30 643.30 643.30 605.38 475.02 349.46 192.99 192.99 192.99 192.99 192.99 332.00 284.63 332.94 615.51 643.30 643.30 631.27 568.05
780.20 780.20 780.20 780.20 780.20 780.20 780.20 780.20 753.44 589.85 433.01 234.06 234.06 234.06 234.06 234.06 419.03 342.76 405.43 748.14 780.20 780.20 765.62 688.94
97.63 108.80 105.36 90.52 69.35 70.09 63.82 57.91 37.93 26.80 22.53 36.57 46.17 90.35 42.61 32.64 32.64 47.20 94.93 108.80 108.80 63.61 30.42 26.94
172.74 192.50 186.42 160.16 114.61 124.01 112.92 102.47 67.11 47.42 39.86 64.67 77.30 157.79 73.27 57.75 57.75 83.96 168.46 192.50 192.50 112.55 53.83 47.67
13.93 49.85 22.27 22.31 22.47 17.51 13.41 24.89 5.03 2.67 0.00 6.13 18.08 40.77 86.11 125.00 125.00 125.00 92.34 37.50 37.50 37.50 37.50 36.49
116.00 116.00 116.00 116.00 116.00 116.00 116.00 70.99 30.36 32.07 33.85 34.80 34.80 34.80 34.80 58.96 82.36 34.80 34.80 34.80 60.50 111.37 116.00 116.00
14.77 53.07 23.61 23.65 23.82 18.56 14.21 26.38 5.33 2.83 0.00 6.51 19.16 43.22 91.28 132.50 132.50 132.50 97.89 39.75 39.75 39.75 39.75 38.68
23.47 86.76 37.50 37.57 37.84 29.48 22.57 41.92 8.46 4.52 0.00 10.61 30.44 68.66 145.02 210.50 210.50 210.50 155.55 63.15 63.15 63.15 63.15 61.44
248.77 269.01 310.51 299.72 290.97 186.41 65.77 56.95 30.50 16.37 10.67 92.98 317.52 623.00 623.00 623.00 623.00 623.00 460.54 186.90 186.90 186.90 279.44 344.46
170.00 170.00 170.00 170.00 144.76 76.13 41.16 28.91 38.21 39.63 51.00 51.00 51.00 50.77 19.79 5.20 0.00 4.28 31.97 90.38 75.82 66.96 63.62 84.03
200.00 200.00 200.00 200.00 170.31 89.56 48.42 34.02 44.91 46.62 60.00 60.00 60.00 59.73 23.29 6.12 0.00 5.04 37.61 106.33 89.20 78.77 74.85 98.85
41.40 41.40 41.40 38.69 27.94 26.74 25.60 24.58 41.40 41.40 41.40 41.40 41.40 41.40 41.40 41.40 41.40 41.40 41.40 41.40 41.40 41.40 39.33 31.45
7.40 8.38 6.40 4.75 3.44 3.05 2.67 2.34 0.80 0.69 2.10 9.31 29.95 34.00 19.16 34.00 34.00 15.67 5.58 4.45 2.79 2.19 1.79 2.18
65.28 65.28 65.28 54.79 39.24 29.73 22.28 16.31 24.81 37.22 89.54 139.22 217.60 217.60 217.60 217.60 134.72 104.24 65.28 65.28 65.28 65.28 65.28 65.28
200.00 200.00 200.00 200.00 178.58 165.73 152.98 141.67 56.53 10.99 4.43 22.67 60.00 60.00 60.00 60.00 60.00 60.00 51.81 33.43 34.82 51.39 42.91 44.00
151.20 151.20 151.20 151.20 135.01 125.29 115.65 107.10 42.68 8.31 3.35 17.14 45.36 45.36 45.36 45.36 45.36 45.36 39.17 25.27 26.44 38.93 32.44 33.27
87.50 87.50 87.50 87.50 78.13 72.51 66.93 61.98 24.62 4.81 1.94 9.92 26.25 26.25 26.25 26.25 26.25 26.25 22.67 14.63 15.39 22.58 18.77 19.25
141.50 141.50 141.50 141.50 126.34 117.25 108.23 100.23 39.93 7.78 3.13 16.04 42.45 42.45 42.45 42.45 42.45 42.45 36.66 23.65 24.76 36.44 30.36 31.13
185.00 185.00 185.00 185.00 165.19 153.30 141.51 131.04 52.27 10.17 4.10 20.97 55.50 55.50 55.50 55.50 55.50 55.50 47.93 30.92 32.25 47.56 39.69 40.70
130.50 130.50 130.50 130.50 116.52 108.14 99.82 92.44 36.81 7.17 2.89 14.79 39.15 39.15 39.15 39.15 39.15 39.15 33.81 21.81 22.86 33.62 28.00 28.71
291.00 291.00 291.00 291.00 259.83 241.13 222.59 206.13 82.35 15.99 6.45 32.98 87.30 87.30 87.30 87.30 87.30 87.30 75.39 48.64 50.27 74.50 62.44 64.03
0.00 0.00 0.00 0.00 0.00 0.00 0.00 0.00 0.00 0.00 0.00 0.00 0.00 0.00 0.00 0.00 0.00 0.00 0.00 0.00 0.00 0.00 0.00 0.00
170.60 170.60 170.60 170.60 170.60 170.60 170.60 170.60 71.83 40.48 10.82 21.21 51.18 51.18 51.18 51.18 51.18 51.18 32.70 19.42 29.10 41.17 32.67 36.45
164.00 164.00 164.00 164.00 164.00 164.00 164.00 164.00 69.32 38.67 10.35 20.38 49.20 49.20 49.20 49.20 49.20 49.20 31.43 18.67 27.98 39.58 31.41 35.04
220.20 220.20 220.20 220.20 220.20 220.20 220.20 220.20 90.44 54.27 14.38 27.37 66.06 66.06 66.06 66.06 66.06 66.06 42.20 25.07 37.53 53.14 42.17 47.05
785.50 785.50 785.50 785.50 785.50 785.50 785.50 785.50 283.53 203.94 53.26 97.64 235.65 235.65 235.65 235.65 235.65 235.65 150.54 89.43 133.63 189.56 150.43 167.83
282.50 282.50 282.50 282.50 282.50 282.50 282.50 282.50 113.45 71.76 18.87 35.11 84.75 84.75 84.75 84.75 84.75 84.75 54.14 32.16 48.12 68.17 54.10 60.36
67.44 88.63 36.00 36.00 84.17 16.94 5.70 3.28 6.23 10.69 41.98 32.57 29.48 22.67 2.53 0.00 5.82 8.01 11.79 17.52 9.41 8.13 12.98 16.87
27.04 29.88 29.57 27.25 25.12 27.00 29.05 29.88 29.03 26.95 25.09 31.88 29.88 29.88 31.39 29.88 29.88 29.88 29.88 27.68 19.85 11.84 6.94 5.94
166.28 183.75 181.86 167.59 154.47 166.01 178.66 183.75 178.53 165.72 154.26 234.28 183.76 183.75 210.51 183.75 183.75 183.75 183.75 170.22 143.34 72.78 42.65 36.52
12.60 12.60 12.60 10.58 7.57 5.74 4.30 3.15 4.79 7.18 18.41 29.87 42.00 42.00 42.00 42.00 29.54 21.20 12.60 12.60 12.60 12.60 12.60 12.60
17.51 19.83 15.16 11.25 8.14 7.21 6.33 5.55 1.88 1.64 4.97 22.04 70.90 80.50 45.25 80.50 80.50 37.05 13.21 12.72 6.60 5.20 4.23 5.16
15.22 17.24 13.18 9.79 7.08 6.27 5.50 4.83 1.64 1.42 4.32 19.16 61.66 70.00 39.36 70.00 70.00 32.22 11.48 10.67 5.74 4.52 3.68 4.49
2.83 3.20 2.45 1.82 1.31 1.16 1.02 0.90 0.30 0.27 0.80 3.56 11.45 13.00 7.37 13.00 13.00 6.01 2.13 1.52 1.07 0.84 0.68 0.83
200.00 200.00 195.26 200.00 200.00 200.00 200.00 200.00 196.11 163.33 136.08 67.62 54.36 60.00 60.00 56.21 52.10 44.01 37.27 31.56 26.35 31.18 55.64 56.89
338.60 338.60 338.60 338.60 338.60 338.60 338.60 338.60 338.60 338.60 338.60 338.60 338.60 338.60 338.60 338.60 338.60 338.60 338.60 338.60 338.60 318.49 155.96 143.02
150.00 84.36 92.76 78.82 35.50 69.04 73.57 33.42 25.74 8.73 22.00 35.39 45.00 45.00 45.00 45.00 45.00 35.71 20.89 11.53 10.36 17.68 28.70 31.18
150.00 84.36 92.76 78.82 35.50 69.04 73.57 33.42 25.74 8.73 22.00 35.39 45.00 45.00 45.00 45.00 45.00 35.71 20.89 11.53 10.36 17.68 28.70 31.18
10.00 5.76 4.96 4.05 2.37 3.32 2.92 1.37 1.33 0.59 1.47 2.38 3.00 3.00 3.00 3.00 3.00 2.38 1.39 0.77 0.69 1.19 1.91 2.08
200.00 200.00 200.00 200.00 170.31 89.56 48.42 34.02 44.91 46.62 60.00 60.00 60.00 59.73 23.29 6.12 0.00 5.04 37.61 106.33 89.20 78.77 74.85 98.85
117.60 117.60 117.60 117.60 100.14 52.66 28.47 20.00 26.50 27.41 35.28 35.28 35.28 35.12 13.69 3.60 0.00 2.96 22.11 62.52 52.45 46.32 44.01 58.13
156.32 174.20 168.70 144.94 105.16 112.22 102.19 92.73 60.73 42.91 36.07 58.52 70.73 143.27 66.79 52.26 52.26 75.89 152.35 174.20 174.20 101.85 48.71 43.14
223.89 249.50 241.62 207.59 142.82 160.73 146.36 132.81 86.98 61.46 51.66 83.81 96.96 202.25 92.70 74.85 74.85 109.23 218.77 249.50 249.50 145.87 69.77 61.78
23.60 27.70 20.61 14.83 10.25 9.17 8.14 7.22 3.70 1.88 1.60 9.38 30.00 30.00 30.00 73.62 30.00 30.00 25.69 17.55 12.08 8.15 5.48 5.44
34.68 40.71 30.30 21.80 15.07 13.48 11.96 10.62 5.44 2.77 2.59 13.80 44.10 44.10 44.10 108.35 44.10 44.10 37.77 25.79 17.76 11.98 8.05 7.99
139.80 139.80 139.80 78.86 111.41 50.43 41.94 41.94 41.94 41.94 41.94 41.94 41.94 41.94 41.94 41.94 50.50 111.85 139.80 135.62 103.80 91.59 128.43 103.09
0.00 0.00 0.00 0.00 0.00 0.00 0.00 0.00 0.00 0.00 0.00 0.00 0.00 0.00 0.00 0.00 0.00 0.00 0.00 0.00 0.00 0.00 0.00 0.00
187.33 187.32 187.33 105.53 153.69 71.85 56.20 56.20 56.20 56.20 56.20 56.20 56.20 56.20 56.20 56.20 64.20 146.43 187.33 183.78 138.32 119.08 172.09 138.14
45.90 45.90 45.90 45.90 41.23 39.96 38.72 37.65 45.90 45.90 45.90 45.90 45.90 45.90 45.90 45.90 45.90 45.90 45.90 45.90 45.90 45.90 41.09 35.77
149.80 149.80 149.80 149.80 149.80 149.80 149.80 91.68 39.21 41.41 43.72 44.94 44.94 44.94 44.94 76.67 107.25 44.94 44.94 44.94 80.98 146.70 149.80 149.80
250.60 250.60 250.60 250.60 250.60 250.60 250.60 250.60 250.60 250.60 250.60 250.60 250.60 250.60 250.60 250.60 250.60 250.60 250.60 250.60 250.60 235.72 115.43 105.85
28.04 29.24 25.62 25.79 30.15 22.04 16.55 13.18 46.08 129.37 230.00 230.00 230.00 230.00 230.00 230.00 230.00 230.00 230.00 230.00 208.41 124.34 66.79 60.72
30.55 88.60 50.34 26.77 27.09 32.32 33.87 13.97 0.00 0.00 9.12 8.80 19.35 47.66 74.67 159.41 238.50 238.50 176.17 71.55 71.55 71.55 71.55 71.55
30.00 30.00 30.00 30.00 29.34 28.00 27.00 26.15 26.37 26.80 50.89 91.58 56.25 100.00 56.12 30.00 30.00 30.00 25.21 19.18 14.53 10.67 18.74 6.62
268.00 268.00 268.00 268.00 268.00 268.00 268.00 268.00 268.00 268.00 268.00 268.00 268.00 268.00 268.00 268.00 212.08 268.00 268.00 268.00 268.00 166.33 79.75 77.51
250.00 250.00 250.00 250.00 250.00 250.00 250.00 250.00 250.00 250.00 250.00 250.00 250.00 250.00 250.00 205.27 102.12 158.11 236.61 250.00 201.61 106.99 47.93 45.55
0.00 0.00 0.00 0.00 0.00 0.00 0.00 0.00 0.00 0.00 0.00 0.00 0.00 0.00 0.00 0.00 0.00 0.00 0.00 0.00 0.00 0.00 0.00 0.00
48.75 48.75 48.75 48.75 37.73 18.99 12.46 14.76 16.71 19.65 44.62 51.84 33.70 23.12 0.00 0.00 6.61 14.38 28.40 51.01 30.45 20.74 11.19 9.38
128.74 113.25 83.68 60.52 43.04 23.18 16.11 18.81 70.88 177.45 104.02 160.49 185.40 104.55 130.61 95.81 60.28 68.77 78.67 108.93 113.90 120.25 128.67 152.25
0.00 0.00 0.00 0.00 0.00 0.00 0.00 0.00 0.00 0.00 0.00 0.00 0.00 0.00 0.00 0.00 0.00 0.00 0.00 0.00 0.00 0.00 0.00 0.00
110.74 86.45 88.23 103.44 133.46 206.18 318.70 332.60 332.60 332.60 332.60 332.60 332.60 332.60 213.87 127.88 98.31 175.36 297.17 332.60 332.60 310.23 256.98 293.56
176.50 176.50 176.50 176.50 176.50 176.50 176.50 176.50 90.31 63.20 52.95 52.95 52.95 52.95 52.95 35.63 17.88 9.49 9.54 11.35 16.69 23.68 32.28 36.98
39.00 95.96 39.00 39.00 39.00 39.00 39.00 28.93 19.25 12.22 7.33 7.42 10.89 5.82 5.03 0.00 0.00 0.00 0.00 4.32 0.00 4.06 16.62 8.70
857.00 857.00 857.00 857.00 857.00 857.00 857.00 857.00 856.99 439.07 209.13 217.03 241.32 257.10 257.10 234.42 211.81 176.74 147.22 123.04 187.28 289.54 257.01 223.56
1058.00 1058.00 958.56 1058.00 1058.00 1058.00 1058.00 1058.00 1037.43 919.90 803.64 442.10 287.57 317.40 317.40 297.35 275.63 232.83 197.17 166.96 139.37 144.72 276.79 300.94
488.62 539.94 534.37 492.47 453.91 487.81 524.99 539.94 524.61 486.96 453.29 895.48 539.95 539.94 745.19 539.94 539.94 539.94 539.94 500.18 542.99 213.87 125.33 107.30
159.03 159.03 159.03 124.74 88.48 72.97 59.76 48.56 75.44 116.09 159.03 159.03 159.03 319.85 159.05 179.56 159.03 159.03 159.03 159.03 159.03 159.03 159.03 127.66
156.60 156.60 156.60 131.44 94.12 71.31 53.44 39.12 59.51 89.29 209.24 310.37 522.00 522.00 522.00 522.00 308.11 257.58 156.60 156.60 156.60 156.60 156.60 156.60
164.49 78.00 78.01 78.00 62.44 61.97 61.39 60.90 78.00 78.00 78.00 78.00 78.00 78.00 78.00 78.00 78.00 78.00 78.00 78.00 145.89 260.00 260.00 213.81
171.72 171.72 171.72 129.64 83.68 80.22 77.17 74.86 129.37 171.72 171.72 171.72 171.72 171.72 171.72 171.72 171.72 171.72 171.72 171.72 171.72 171.72 150.69 111.57
15.72 15.72 15.72 13.19 9.45 7.16 5.36 3.93 5.97 8.96 22.83 36.95 52.40 52.40 52.40 52.40 36.28 26.21 15.72 15.72 15.72 15.72 15.72 15.72
308.16 150.01 150.01 150.00 120.08 119.17 118.05 117.11 150.00 150.00 150.00 150.00 150.00 150.00 150.00 150.00 150.00 150.00 150.00 150.00 280.44 500.00 500.00 411.17
326.40 326.40 326.40 326.40 250.87 234.71 218.75 204.78 326.40 326.40 326.40 326.40 326.40 326.40 326.40 326.40 326.40 326.40 326.40 326.40 326.40 326.40 678.68 326.40
267.06 267.06 267.06 249.59 180.21 172.46 165.17 158.56 267.06 267.06 267.06 267.06 267.06 267.06 267.06 267.06 267.06 267.06 267.06 267.06 267.06 267.06 253.70 202.86
97.00 97.00 97.00 97.00 97.00 97.00 97.00 59.35 25.39 26.81 28.31 29.10 29.10 29.10 29.10 49.03 68.38 29.10 29.10 29.10 49.35 91.87 97.00 97.00
119.20 119.20 119.20 119.20 119.20 119.20 119.20 72.95 31.20 32.95 34.79 35.76 35.76 35.76 35.76 60.63 84.71 35.76 35.76 35.76 62.41 114.69 119.20 119.20
402.05 353.69 261.33 189.00 134.42 72.40 50.30 58.75 221.35 554.16 324.69 542.91 579.00 325.32 454.05 312.72 162.91 214.78 245.69 340.18 355.70 375.54 401.82 475.48
501.30 281.35 400.13 321.97 118.64 237.34 259.60 118.91 89.10 29.14 73.51 118.20 150.39 150.39 150.39 150.39 150.39 119.35 69.81 38.52 34.63 59.04 95.91 104.22
518.29 455.94 336.89 243.64 173.28 93.34 64.85 75.73 285.34 714.38 418.54 708.99 746.40 419.18 605.65 411.90 203.30 276.88 316.73 438.53 458.54 484.12 517.99 612.96
721.47 634.68 468.95 339.15 241.22 129.93 90.27 105.42 397.20 994.42 582.57 1000.33 1039.00 583.24 880.86 591.22 272.56 385.42 440.89 610.44 638.30 673.90 721.05 853.24
261.45 264.60 239.44 196.97 159.84 137.44 118.26 102.70 31.20 13.32 27.07 80.83 218.16 378.16 264.60 264.60 604.22 175.42 106.42 62.41 139.47 129.37 49.78 59.83
6.25 20.58 10.00 10.01 10.09 7.86 6.03 11.16 2.26 1.19 0.00 2.67 8.11 18.30 38.65 56.10 56.10 56.10 41.41 16.83 16.83 16.83 16.83 16.38
