643.30 643.30 643.30 643.30 643.30 643.30 643.30 609.66 605.38 475.02 349.46 192.99 192.99 192.99 192.99 192.99 332.00 284.63 332.94 615.51 643.30 643.30 643.30 643.30
780.20 780.20 780.20 780.20 780.20 780.20 780.20 739.40 753.44 589.85 433.01 234.06 234.06 234.06 234.06 234.06 419.03 342.76 405.43 748.14 780.20 780.20 780.20 780.20
89.42 105.10 96.76 89.07 74.12 72.08 63.16 55.21 78.85 108.80 108.80 61.07 46.17 90.35 40.87 30.32 30.81 47.20 94.93 108.80 108.80 100.30 65.07 70.35
158.20 185.95 171.19 157.59 122.49 127.52 111.74 97.68 139.51 192.50 192.50 108.00 77.30 157.79 70.29 53.64 54.51 83.96 168.46 192.50 192.50 177.47 115.13 124.48
8.47 23.57 11.76 13.89 16.98 14.80 13.05 28.70 10.02 12.26 26.10 43.01 61.91 83.43 109.92 125.00 125.00 125.00 92.34 37.50 37.50 37.50 37.50 37.50
116.00 116.00 116.00 116.00 116.00 116.00 116.00 61.09 34.80 34.80 34.80 34.80 34.80 34.80 34.80 58.96 82.36 34.80 34.80 34.80 60.50 111.37 116.00 116.00
8.98 25.09 12.47 14.73 18.00 15.69 13.83 30.42 10.63 13.01 27.68 45.73 65.63 88.44 116.51 132.50 132.50 132.50 97.89 39.75 39.75 39.75 39.75 39.75
14.27 41.01 19.81 23.40 28.60 24.93 21.97 48.34 16.88 20.78 44.13 74.48 104.26 140.50 185.10 210.50 210.50 210.50 155.55 63.15 63.15 63.15 63.15 63.15
281.72 253.83 282.86 270.49 266.38 174.90 63.48 56.87 72.11 91.82 116.23 293.87 417.48 448.72 587.47 623.00 623.00 623.00 460.54 186.90 186.90 186.90 322.25 528.76
170.00 170.00 170.00 170.00 170.00 170.00 170.00 170.00 96.01 51.00 51.00 33.49 20.90 13.78 21.49 31.60 44.56 87.38 162.22 169.46 147.21 127.05 108.41 125.45
200.00 200.00 200.00 200.00 200.00 200.00 200.00 200.00 112.86 60.00 60.00 39.40 24.59 16.21 25.28 37.18 52.42 102.77 190.85 199.36 173.19 149.47 127.54 147.58
41.40 41.40 41.40 32.75 24.30 23.17 22.07 21.03 41.40 41.40 41.40 41.40 41.40 41.40 41.40 41.40 41.40 41.40 41.40 41.40 41.40 41.40 41.40 41.40
8.54 9.91 8.74 7.66 6.71 6.07 5.54 5.13 6.34 14.50 31.37 19.01 11.48 7.44 4.14 7.70 8.51 7.12 5.68 10.29 6.49 4.92 3.65 3.49
65.28 63.25 48.65 36.52 26.61 17.91 12.43 9.58 21.07 40.10 106.28 144.48 217.60 217.60 217.60 217.60 134.72 104.24 65.28 65.28 65.28 65.28 65.28 65.28
200.00 200.00 200.00 200.00 200.00 200.00 199.99 178.34 147.17 60.00 60.00 60.00 55.69 44.59 38.18 33.83 31.26 36.84 46.85 60.00 84.70 172.48 200.00 200.00
151.20 151.20 151.20 151.20 151.20 151.20 151.19 134.82 111.12 45.36 45.36 45.36 42.10 33.71 28.86 25.58 23.63 27.85 35.42 45.36 64.30 130.65 151.20 151.20
87.50 87.50 87.50 87.50 87.50 87.50 87.49 78.02 64.10 26.25 26.25 26.25 24.36 19.51 16.70 14.80 13.67 16.12 20.49 26.25 37.43 75.79 87.50 87.50
141.50 141.50 141.50 141.50 141.50 141.50 141.49 126.18 103.96 42.45 42.45 42.45 39.40 31.55 27.01 23.94 22.11 26.06 33.14 42.45 60.23 122.31 141.50 141.50
185.00 185.00 185.00 185.00 185.00 185.00 184.99 164.96 136.09 55.50 55.50 55.50 51.51 41.25 35.31 31.30 28.91 34.08 43.33 55.50 78.45 159.64 185.00 185.00
130.50 130.50 130.50 130.50 130.50 130.50 130.49 116.37 95.84 39.15 39.15 39.15 36.34 29.10 24.91 22.08 20.39 24.04 30.57 39.15 55.60 112.85 130.50 130.50
291.00 291.00 291.00 291.00 291.00 291.00 290.98 259.48 214.40 87.30 87.30 87.30 81.03 64.88 55.55 49.23 45.48 53.60 68.16 87.30 122.29 250.05 291.00 291.00
0.00 0.00 0.00 0.00 0.00 0.00 0.00 0.00 0.00 0.00 0.00 0.00 0.00 0.00 0.00 0.00 0.00 0.00 0.00 0.00 0.00 0.00 0.00 0.00
170.60 170.60 170.60 170.60 170.60 170.60 170.60 170.60 123.33 155.83 103.48 51.18 49.58 38.25 35.00 33.00 32.06 34.64 40.07 48.63 95.98 170.60 170.60 170.60
164.00 164.00 164.00 164.00 164.00 164.00 164.00 164.00 119.02 148.85 99.00 49.20 47.67 36.77 33.65 31.73 30.82 33.30 38.52 46.75 92.28 164.00 164.00 164.00
220.20 220.20 220.20 220.20 220.20 220.20 220.20 220.20 155.30 208.93 137.47 66.06 64.00 49.37 45.18 42.60 41.38 44.71 51.72 62.78 123.80 220.20 220.20 220.20
785.50 785.50 785.50 785.50 785.50 785.50 785.50 785.50 486.84 785.09 509.29 235.65 228.30 176.10 161.17 151.96 147.60 159.50 184.48 223.93 440.78 785.50 785.50 785.50
282.50 282.50 282.50 282.50 282.50 282.50 282.50 282.50 194.81 276.23 180.45 84.75 82.11 63.33 57.96 54.65 53.08 57.36 66.35 80.54 158.74 282.50 282.50 282.50
67.44 88.63 36.00 36.00 84.17 36.00 36.00 36.00 36.00 36.00 88.65 96.29 120.00 120.00 120.00 120.00 120.00 120.00 120.00 120.00 120.00 103.81 75.43 87.35
26.32 29.88 26.55 23.18 20.28 15.13 11.08 7.93 16.53 29.88 29.88 31.88 29.88 29.88 31.39 29.88 29.88 29.88 29.88 29.88 31.77 29.88 29.88 29.88
161.84 183.75 163.25 142.56 124.73 93.07 68.15 48.75 101.68 183.75 183.75 234.28 183.76 183.75 210.51 183.75 183.75 183.75 183.75 183.75 229.39 183.75 183.75 183.75
12.60 12.21 9.39 7.05 5.14 3.46 2.40 1.85 4.07 7.74 21.85 31.00 42.00 42.00 42.00 42.00 29.54 21.20 12.60 12.60 12.60 12.60 12.60 12.60
20.22 23.47 20.69 18.14 15.88 14.37 13.12 12.14 15.02 34.29 74.26 45.02 27.18 17.61 9.77 18.23 20.15 16.83 13.46 29.44 15.36 11.64 8.64 8.27
17.58 20.41 17.99 15.78 13.81 12.49 11.41 10.55 13.06 29.83 64.58 39.15 23.63 15.31 8.50 15.85 17.53 14.63 11.70 24.70 13.36 10.12 7.51 7.19
3.27 3.79 3.34 2.93 2.56 2.32 2.12 1.96 2.43 5.56 11.99 7.27 4.39 2.84 1.59 2.94 3.25 2.73 2.17 3.52 2.48 1.88 1.39 1.34
200.00 200.00 195.26 200.00 200.00 200.00 166.21 91.52 173.41 186.24 171.07 83.48 60.00 60.00 60.00 60.00 60.00 60.00 60.00 60.00 60.00 83.60 171.41 200.00
252.33 225.51 175.46 133.71 99.36 53.89 24.96 8.87 0.00 79.38 338.60 338.60 338.60 338.60 338.60 338.60 338.60 338.60 338.60 338.60 338.60 338.60 338.60 338.60
150.00 84.36 92.76 78.82 45.00 106.10 112.67 51.38 120.42 84.30 150.00 73.56 25.78 16.97 18.38 20.37 23.08 27.11 32.93 40.72 39.93 73.55 129.60 149.57
150.00 84.36 92.76 78.82 45.00 106.10 112.67 51.38 120.42 84.30 150.00 73.56 25.78 16.97 18.38 20.37 23.08 27.11 32.93 40.72 39.93 73.55 129.60 149.57
10.00 5.76 4.96 4.05 3.00 5.11 4.47 2.11 6.23 5.73 10.00 4.95 1.72 1.13 1.23 1.36 1.54 1.81 2.20 2.71 2.66 4.95 8.64 9.97
200.00 200.00 200.00 200.00 200.00 200.00 200.00 200.00 112.86 60.00 60.00 39.40 24.59 16.21 25.28 37.18 52.42 102.77 190.85 199.36 173.19 149.47 127.54 147.58
117.60 117.60 117.60 117.60 117.60 117.60 117.60 117.60 66.59 35.28 35.28 23.17 14.46 9.53 14.87 21.86 30.82 60.49 112.22 117.23 101.84 87.89 75.00 86.78
143.16 168.27 154.92 142.61 112.40 115.40 101.12 88.39 126.25 174.20 174.20 97.74 70.73 143.27 64.07 48.54 49.33 75.89 152.35 174.20 174.20 160.60 104.18 112.64
205.05 241.01 221.88 204.26 152.64 165.28 144.83 126.60 180.82 249.50 249.50 139.96 96.96 202.25 88.93 69.52 70.65 109.23 218.77 249.50 249.50 230.02 149.22 161.33
27.61 30.00 28.88 24.57 20.68 18.73 17.17 15.91 21.85 29.25 40.31 27.37 19.79 14.85 12.78 28.39 11.06 14.75 20.76 29.55 25.14 21.31 17.90 17.44
40.58 44.10 42.45 36.12 30.39 27.53 25.23 23.39 32.12 43.00 65.03 40.23 29.09 21.83 18.79 41.78 16.25 21.68 30.51 43.44 36.95 31.33 26.31 25.64
139.80 139.80 139.80 78.86 99.99 40.14 29.54 26.21 37.88 41.94 41.94 41.94 41.94 41.94 41.94 41.94 50.50 111.85 139.80 135.62 103.80 91.59 139.80 139.80
0.00 0.00 0.00 0.00 0.00 0.00 0.00 0.00 0.00 0.00 0.00 0.00 0.00 0.00 0.00 0.00 0.00 0.00 0.00 0.00 0.00 0.00 0.00 0.00
187.33 187.32 187.33 105.53 137.94 57.19 39.58 35.12 50.76 56.20 56.20 56.20 56.20 56.20 56.20 56.20 64.20 146.43 187.33 183.78 138.32 119.08 187.33 187.33
45.90 45.90 45.90 45.90 42.40 42.07 41.86 41.66 45.90 45.90 45.90 45.90 45.90 45.90 45.90 45.90 45.90 45.90 45.90 45.90 45.90 45.90 45.90 45.90
149.80 149.80 149.80 149.80 149.80 149.80 149.80 78.89 44.94 44.94 44.94 44.94 44.94 44.94 44.94 76.67 107.25 44.94 44.94 44.94 80.98 146.70 149.80 149.80
186.75 166.90 129.86 98.96 73.54 39.88 18.48 6.57 0.00 58.75 250.60 250.60 250.60 250.60 250.60 250.60 250.60 250.60 250.60 250.60 250.60 250.60 250.60 250.60
138.16 143.30 135.20 128.20 121.39 116.92 112.93 109.98 114.68 119.75 125.51 61.64 27.64 13.70 27.53 54.27 98.99 194.18 230.00 230.00 230.00 168.34 80.51 82.80
36.97 59.88 33.78 18.89 20.93 35.02 56.99 40.21 11.45 14.54 17.05 22.73 29.38 37.29 71.58 122.80 195.53 194.63 144.64 59.62 55.74 54.68 56.18 45.76
27.66 26.64 25.90 25.33 24.67 17.22 11.50 7.33 15.19 27.41 56.19 100.00 56.25 100.00 56.12 30.00 30.00 30.00 30.00 30.00 30.00 30.00 73.71 30.00
76.66 63.01 7.34 6.08 55.23 92.75 164.39 268.00 268.00 268.00 268.00 268.00 268.00 268.00 268.00 268.00 268.00 268.00 268.00 268.00 268.00 268.00 268.00 268.00
11.19 4.97 0.00 0.00 31.57 66.24 126.22 220.12 250.00 250.00 250.00 250.00 250.00 250.00 250.00 250.00 250.00 250.00 250.00 250.00 250.00 250.00 250.00 250.00
0.00 0.00 0.00 0.00 0.00 0.00 0.00 0.00 0.00 0.00 0.00 0.00 0.00 0.00 0.00 0.00 0.00 0.00 0.00 0.00 0.00 0.00 0.00 0.00
48.75 48.75 48.75 48.75 48.75 48.75 38.41 27.77 36.72 47.43 91.77 162.50 162.50 154.61 162.50 162.50 162.50 162.50 162.50 162.50 162.50 117.70 46.23 28.15
185.40 185.40 185.40 177.91 139.94 117.97 99.78 84.65 88.16 94.34 57.77 36.22 15.92 6.06 14.46 27.07 43.51 69.47 87.05 108.05 79.02 55.67 37.45 33.62
0.00 0.00 0.00 0.00 0.00 0.00 0.00 0.00 0.00 0.00 0.00 0.00 0.00 0.00 0.00 0.00 0.00 0.00 0.00 0.00 0.00 0.00 0.00 0.00
332.60 332.60 262.95 203.74 155.29 119.38 89.50 65.05 57.84 55.19 56.08 36.33 30.65 36.61 57.15 84.94 119.65 130.11 141.38 153.33 129.21 110.52 97.68 78.33
176.50 176.50 176.50 176.50 176.50 176.50 176.50 176.50 176.50 130.37 52.95 52.95 46.40 31.46 37.47 44.64 52.95 52.95 98.98 176.50 176.50 176.50 176.50 176.50
39.00 95.96 39.00 39.00 39.00 30.83 21.09 13.68 22.27 34.02 39.00 56.82 113.69 73.53 130.00 130.00 130.00 130.00 130.00 130.00 130.00 130.00 130.00 95.85
857.00 857.00 857.00 857.00 857.00 857.00 840.75 495.66 820.74 480.72 257.10 257.10 257.10 257.10 257.10 257.10 257.10 257.10 257.10 257.10 465.33 841.64 857.00 857.00
1058.00 1058.00 958.56 1058.00 1058.00 1058.00 879.27 484.13 917.37 1048.92 1010.31 545.80 317.40 317.40 317.40 317.40 317.40 317.40 317.40 317.40 317.40 387.97 852.76 1058.00
475.55 539.94 479.70 418.89 366.53 273.48 200.24 143.26 298.78 539.94 539.94 895.48 539.95 539.94 745.19 539.94 539.94 539.94 539.94 539.94 868.95 539.94 539.94 539.94
159.03 146.07 114.44 87.77 65.75 46.88 34.03 26.11 42.17 64.03 92.22 159.03 159.03 319.85 159.05 179.56 159.03 159.03 159.03 159.03 159.03 159.03 138.11 131.69
156.60 151.72 116.71 87.61 63.83 42.98 29.81 22.99 50.53 96.20 248.36 322.11 522.00 522.00 522.00 522.00 308.11 257.58 156.60 156.60 156.60 156.60 156.60 156.60
164.49 78.00 78.01 77.55 64.24 54.21 45.45 37.80 67.60 78.00 78.00 78.00 78.00 78.00 78.00 78.00 0.00 78.00 78.00 78.00 145.89 260.00 260.00 260.00
171.72 171.72 143.52 112.81 86.84 65.64 48.41 35.23 88.09 171.72 171.72 171.72 171.72 171.72 171.72 171.72 0.00 171.72 171.72 171.72 171.72 171.72 171.72 171.72
15.72 15.23 11.72 8.79 6.41 4.31 2.99 2.31 5.07 9.66 27.11 38.35 52.40 52.40 52.40 52.40 36.28 26.21 15.72 15.72 15.72 15.72 15.72 15.72
308.16 150.01 150.01 149.13 123.53 104.24 87.39 72.70 130.00 150.00 150.00 150.00 150.00 150.00 150.00 150.00 0.00 150.00 150.00 150.00 280.44 500.00 500.00 500.00
326.40 326.40 326.40 320.20 225.98 210.99 196.73 183.18 326.40 326.40 326.40 326.40 326.40 326.40 326.40 326.40 326.40 326.40 326.40 326.40 326.40 326.40 678.68 326.40
267.06 267.06 267.06 211.27 156.72 149.44 142.34 135.63 267.06 267.06 267.06 267.06 267.06 267.06 267.06 267.06 267.06 267.06 267.06 267.06 267.06 267.06 267.06 267.06
97.00 97.00 97.00 97.00 97.00 97.00 97.00 51.07 29.10 29.10 29.10 29.10 29.10 29.10 29.10 49.03 68.38 29.10 29.10 29.10 49.35 91.87 97.00 97.00
119.20 119.20 119.20 119.20 119.20 119.20 119.20 62.77 35.76 35.76 35.76 35.76 35.76 35.76 35.76 60.63 84.71 35.76 35.76 35.76 62.41 114.69 119.20 119.20
579.00 579.00 579.00 555.61 437.04 368.42 311.61 264.35 275.33 294.62 180.34 122.52 49.72 18.87 50.28 88.34 117.60 216.95 271.87 337.43 246.77 173.85 116.95 105.01
501.30 281.35 400.13 321.97 150.39 364.75 397.59 182.82 416.90 281.31 501.30 245.66 86.14 56.72 61.42 68.09 77.13 90.60 110.07 136.08 133.43 245.64 433.15 499.87
746.40 746.40 746.39 716.25 563.40 474.93 401.70 340.78 354.93 379.80 232.47 159.99 64.09 24.31 67.07 116.36 146.76 279.68 350.47 434.99 318.11 224.12 150.76 135.37
1039.00 1039.00 1038.99 997.03 784.26 661.11 559.18 474.37 494.07 528.68 323.58 225.74 89.22 33.82 97.54 167.02 196.75 389.32 487.86 605.51 442.82 311.97 209.86 188.43
264.60 264.60 264.60 260.58 224.01 196.17 173.29 154.75 191.91 236.06 264.60 174.16 102.50 88.56 68.12 76.58 202.47 115.20 153.20 204.71 422.87 351.27 117.05 131.74
3.80 9.73 5.28 6.24 7.62 6.64 5.87 12.87 4.50 5.46 11.63 18.76 27.79 37.44 49.33 56.10 56.10 56.10 41.41 16.83 16.83 16.83 16.83 16.83
