643.30 643.30 643.30 643.30 643.30 643.30 643.30 643.30 605.38 475.02 349.46 192.99 192.99 192.99 192.99 192.99 332.00 284.63 332.94 615.51 643.30 643.30 643.30 643.30
780.20 780.20 780.20 780.20 780.20 780.20 780.20 780.20 753.44 589.85 433.01 234.06 234.06 234.06 234.06 234.06 419.03 342.76 405.43 748.14 780.20 780.20 780.20 780.20
8.94 14.69 10.03 7.78 6.63 2.37 0.00 0.00 0.00 0.00 0.00 0.00 2.10 16.10 7.37 5.49 5.41 6.54 12.71 16.36 23.54 33.79 47.71 47.40
15.82 25.99 17.74 13.77 10.96 4.20 0.00 0.00 0.00 0.00 0.00 0.00 3.51 28.11 12.67 9.72 9.56 11.63 22.56 28.94 41.65 59.78 84.41 83.86
2.24 7.90 4.78 6.35 8.29 3.78 1.29 0.00 0.00 0.00 0.00 0.00 0.00 4.88 2.68 0.00 0.00 2.72 4.47 3.85 6.04 9.35 14.17 14.27
52.35 57.22 49.30 42.50 36.18 36.70 38.67 30.99 8.89 6.19 4.30 5.04 9.10 18.05 21.94 44.70 74.44 22.36 15.50 10.46 24.52 60.50 84.11 116.00
2.37 8.41 5.07 6.73 8.79 4.00 1.36 0.00 0.00 0.00 0.00 0.00 0.00 5.17 2.84 0.00 0.00 2.88 4.73 4.08 6.40 9.91 15.02 15.13
3.77 13.75 8.05 10.69 13.96 6.36 2.17 0.00 0.00 0.00 0.00 0.00 0.00 8.21 4.50 0.00 0.00 4.58 7.52 6.49 10.17 15.74 23.87 24.04
43.02 64.83 86.89 100.12 117.99 43.52 7.33 0.00 0.00 0.00 0.00 0.00 0.00 48.96 42.03 37.66 36.22 32.90 30.36 18.75 33.88 58.69 182.69 304.84
16.58 25.52 27.46 36.47 54.52 35.93 26.53 24.34 3.30 0.00 0.00 0.00 0.00 0.00 0.00 0.00 1.50 5.18 19.50 38.93 50.80 64.79 81.05 106.01
19.51 30.03 32.30 42.91 64.15 42.27 31.22 28.63 3.88 0.00 0.00 0.00 0.00 0.00 0.00 0.00 1.77 6.09 22.94 45.80 59.76 76.23 95.35 124.72
9.28 9.40 11.83 15.18 19.62 17.32 15.34 13.71 25.75 41.40 41.40 41.40 41.40 41.40 41.40 41.40 41.40 41.40 41.40 41.40 41.40 41.40 41.40 26.52
1.07 0.97 0.34 0.23 0.52 0.33 0.28 0.33 0.00 0.00 0.00 0.00 0.00 0.00 0.44 1.26 1.93 1.08 0.68 1.09 1.44 2.27 3.43 3.72
42.88 43.46 31.39 21.79 14.80 14.21 13.60 13.11 20.59 30.64 70.84 92.35 138.15 141.34 135.24 133.58 83.89 55.47 29.45 24.93 34.67 46.87 61.76 48.31
35.04 41.71 27.32 25.56 35.94 23.90 17.90 16.76 3.43 0.00 0.00 0.00 1.90 6.71 6.94 7.18 7.42 6.92 7.74 9.99 20.81 61.47 100.13 120.78
26.49 31.53 20.66 19.32 27.17 18.07 13.54 12.67 2.59 0.00 0.00 0.00 1.44 5.07 5.25 5.43 5.61 5.23 5.85 7.55 15.80 46.56 75.70 91.31
15.33 18.25 11.95 11.18 15.72 10.45 7.83 7.33 1.50 0.00 0.00 0.00 0.83 2.94 3.04 3.14 3.24 3.03 3.39 4.37 9.20 27.01 43.81 52.84
24.79 29.51 19.33 18.08 25.43 16.91 12.67 11.86 2.43 0.00 0.00 0.00 1.34 4.75 4.91 5.08 5.25 4.89 5.48 7.07 14.80 43.59 70.84 85.45
32.41 38.58 25.27 23.64 33.24 22.10 16.56 15.50 3.18 0.00 0.00 0.00 1.76 6.21 6.42 6.64 6.86 6.40 7.16 9.24 19.27 56.89 92.62 111.72
22.86 27.21 17.83 16.68 23.45 15.59 11.68 10.93 2.24 0.00 0.00 0.00 1.24 4.38 4.53 4.69 4.84 4.51 5.05 6.52 13.66 40.22 65.33 78.81
50.98 60.68 39.75 37.19 52.29 34.77 26.05 24.38 5.00 0.00 0.00 0.00 2.76 9.76 10.10 10.45 10.79 10.07 11.26 14.53 30.05 89.11 145.69 175.74
0.00 0.00 0.00 0.00 0.00 0.00 0.00 0.00 0.00 0.00 0.00 0.00 0.00 0.00 0.00 0.00 0.00 0.00 0.00 0.00 0.00 0.00 0.00 0.00
39.75 46.80 32.45 32.45 46.55 33.54 26.42 24.22 5.26 0.00 0.00 0.00 1.76 5.73 5.83 5.93 6.06 6.32 7.99 11.37 27.33 62.27 79.25 108.72
38.21 44.99 31.19 31.19 44.75 32.24 25.40 23.28 5.07 0.00 0.00 0.00 1.69 5.51 5.60 5.70 5.82 6.07 7.68 10.93 26.27 59.87 76.18 104.51
51.30 60.41 41.88 41.88 60.08 43.29 34.10 31.26 6.62 0.00 0.00 0.00 2.27 7.40 7.52 7.66 7.82 8.16 10.31 14.68 35.25 80.38 102.29 140.33
183.02 215.50 149.40 149.41 214.33 154.41 121.64 111.52 20.74 0.00 0.00 0.00 8.10 26.40 26.84 27.32 27.89 29.09 36.77 52.37 125.49 286.74 364.88 500.57
65.82 77.50 53.73 53.73 77.08 55.53 43.75 40.11 8.30 0.00 0.00 0.00 2.91 9.49 9.65 9.82 10.03 10.46 13.22 18.83 45.19 103.12 131.23 180.03
8.93 14.86 6.84 8.90 29.21 8.49 5.57 3.59 1.87 1.23 3.27 0.00 0.00 0.00 0.00 0.00 3.28 0.00 0.00 0.00 2.82 11.51 30.63 36.40
4.78 5.37 3.56 2.70 2.63 2.01 1.68 1.59 0.68 0.00 0.00 0.79 3.92 11.83 9.77 7.20 5.45 5.27 6.09 8.06 9.76 10.34 11.66 11.75
29.42 33.04 21.88 16.63 16.16 12.35 10.35 9.80 4.16 0.00 0.00 5.79 24.08 72.72 65.53 44.25 33.51 32.40 37.45 49.55 70.44 63.60 71.69 72.27
8.28 8.39 6.06 4.21 2.86 2.74 2.63 2.53 3.97 5.91 14.56 19.82 26.67 27.28 26.10 25.78 18.40 11.28 5.68 4.81 6.69 9.05 11.92 9.32
2.53 2.29 0.81 0.56 1.22 0.79 0.66 0.79 0.00 0.00 0.00 0.00 0.00 0.00 1.03 2.99 4.58 2.56 1.60 3.12 3.42 5.38 8.13 8.82
2.20 1.99 0.71 0.48 1.06 0.69 0.57 0.68 0.00 0.00 0.00 0.00 0.00 0.00 0.90 2.60 3.98 2.22 1.39 2.62 2.97 4.68 7.07 7.67
0.41 0.37 0.13 0.09 0.20 0.13 0.11 0.13 0.00 0.00 0.00 0.00 0.00 0.00 0.17 0.48 0.74 0.41 0.26 0.37 0.55 0.87 1.31 1.42
77.33 90.21 43.49 19.05 7.35 11.72 18.74 29.32 9.47 0.00 0.00 0.00 0.00 2.41 3.52 4.97 6.87 10.60 16.12 23.96 27.36 43.50 101.46 148.80
0.00 0.00 0.00 16.29 34.96 45.66 59.91 78.33 43.87 27.99 24.62 29.69 35.64 42.36 73.94 126.07 204.47 175.97 157.67 150.25 154.64 164.53 177.78 182.66
34.75 19.37 13.95 11.23 9.00 14.06 13.06 6.25 0.00 0.00 0.00 0.00 0.00 1.41 1.90 2.50 3.20 3.57 5.05 7.98 11.18 28.66 68.19 92.57
34.75 19.37 13.95 11.23 9.00 14.06 13.06 6.25 0.00 0.00 0.00 0.00 0.00 1.41 1.90 2.50 3.20 3.57 5.05 7.98 11.18 28.66 68.19 92.57
2.32 1.32 0.75 0.58 0.60 0.68 0.52 0.26 0.00 0.00 0.00 0.00 0.00 0.09 0.13 0.17 0.21 0.24 0.34 0.53 0.75 1.93 4.55 6.17
19.51 30.03 32.30 42.91 64.15 42.27 31.22 28.63 3.88 0.00 0.00 0.00 0.00 0.00 0.00 0.00 1.77 6.09 22.94 45.80 59.76 76.23 95.35 124.72
11.47 17.66 18.99 25.23 37.72 24.85 18.36 16.84 2.29 0.00 0.00 0.00 0.00 0.00 0.00 0.00 1.04 3.59 13.49 26.93 35.14 44.82 56.07 73.34
14.32 23.52 16.06 12.46 10.06 3.80 0.00 0.00 0.00 0.00 0.00 0.00 3.21 25.53 11.55 8.80 8.65 10.51 20.41 26.19 37.69 54.10 76.39 75.89
20.50 33.68 23.00 17.85 13.66 5.44 0.00 0.00 0.00 0.00 0.00 0.00 4.40 36.04 16.03 12.60 12.40 15.13 29.30 37.51 53.99 77.49 109.41 108.70
3.39 3.78 1.87 1.51 2.45 1.46 1.05 1.11 0.00 0.00 0.00 0.00 0.00 1.79 2.14 6.25 3.00 2.58 2.61 3.07 5.43 8.99 14.00 13.49
4.98 5.56 2.75 2.21 3.60 2.15 1.55 1.63 0.00 0.00 0.00 0.00 0.00 2.63 3.15 9.20 4.42 3.80 3.84 4.51 7.98 13.21 20.58 19.83
139.80 139.80 139.80 78.86 111.41 50.43 41.94 41.94 41.94 41.94 41.94 41.94 41.94 41.94 41.94 41.94 50.50 111.85 139.80 135.62 103.80 91.59 139.80 139.80
0.00 0.00 0.00 0.00 0.00 0.00 0.00 0.00 0.00 0.00 0.00 0.00 0.00 0.00 0.00 0.00 0.00 0.00 0.00 0.00 0.00 0.00 0.00 0.00
187.33 187.32 187.33 105.53 153.69 71.85 56.20 56.20 56.20 56.20 56.20 56.20 56.20 56.20 56.20 56.20 64.20 146.43 187.33 183.78 138.32 119.08 187.33 187.33
17.76 18.51 22.63 27.64 33.75 30.62 28.08 26.07 42.20 45.90 45.90 45.90 45.90 45.90 45.90 45.90 45.90 45.90 45.90 45.90 45.90 45.90 45.90 39.01
67.60 73.89 63.66 54.89 46.73 47.39 49.93 40.02 11.48 8.00 5.55 6.50 11.75 23.31 28.33 58.12 96.94 28.88 20.01 13.51 32.82 79.70 108.62 149.80
0.00 0.00 0.00 12.06 25.88 33.79 44.34 57.97 32.47 20.72 18.22 21.97 26.38 31.35 54.72 93.31 151.33 130.24 116.69 111.20 114.45 121.77 131.58 135.19
37.96 58.72 31.38 14.44 5.36 0.00 0.00 0.00 0.00 0.00 5.26 0.00 0.00 0.00 7.96 18.29 35.56 37.39 41.00 46.24 58.58 75.11 96.71 95.21
3.88 10.60 8.37 6.46 9.45 7.95 5.19 0.00 0.00 0.00 0.00 0.00 0.00 0.00 0.00 0.00 0.00 0.00 6.34 5.58 10.39 18.00 29.09 26.48
10.73 12.76 5.90 2.50 1.35 1.45 1.59 1.81 0.63 0.00 0.00 0.00 1.40 7.58 5.39 3.59 4.48 5.31 7.39 11.11 12.18 13.37 35.93 15.20
0.00 0.00 0.00 5.80 34.52 46.49 61.97 81.01 61.06 55.27 62.77 53.18 45.13 38.66 67.20 114.26 185.19 160.64 139.16 120.55 129.91 143.79 162.40 170.88
0.00 0.00 0.00 0.00 8.56 10.59 13.27 16.57 13.64 14.89 20.58 13.36 8.47 5.48 14.61 33.69 66.50 74.57 83.39 92.94 95.81 101.42 110.30 106.58
0.00 0.00 0.00 0.00 0.00 0.00 0.00 0.00 0.00 0.00 0.00 0.00 0.00 0.00 0.00 0.00 0.00 0.00 0.00 0.00 0.00 0.00 0.00 0.00
3.73 5.13 5.59 7.16 10.00 7.33 5.37 4.08 1.87 0.00 0.00 0.00 0.00 0.00 0.00 0.00 0.00 0.00 0.00 3.24 9.85 22.42 25.45 14.44
14.90 10.57 5.44 8.00 20.78 13.66 11.76 14.40 0.00 0.00 0.00 0.00 0.00 0.00 0.00 0.00 5.99 11.62 18.09 27.23 40.79 60.28 86.88 103.96
0.00 0.00 0.00 0.00 0.00 0.00 0.00 0.00 0.00 0.00 0.00 0.00 0.00 0.00 0.00 0.00 0.00 0.00 0.00 0.00 0.00 0.00 0.00 0.00
0.00 0.00 6.56 12.14 23.22 20.83 23.62 31.75 10.59 0.00 0.00 0.00 0.00 0.00 0.00 0.00 13.22 18.15 27.55 42.60 63.65 94.98 139.84 140.52
57.39 71.66 49.42 45.80 59.65 50.95 47.15 47.53 13.12 0.00 0.00 0.00 0.00 1.68 2.04 2.44 2.91 4.35 15.01 50.02 65.24 83.23 104.11 163.26
2.51 4.32 0.80 0.00 0.00 0.00 0.00 0.00 0.00 0.00 1.48 1.19 0.00 0.00 0.00 0.00 0.00 3.47 10.64 26.04 33.31 42.75 54.93 38.02
319.04 392.24 192.05 79.31 27.51 44.50 72.47 114.45 33.05 0.00 0.00 0.00 0.00 10.39 14.46 19.76 26.68 45.08 72.72 111.43 230.80 475.47 551.06 699.09
409.09 477.21 213.50 100.79 38.86 62.00 99.15 155.10 50.12 0.00 0.00 0.00 0.00 12.76 18.65 26.32 36.32 56.08 85.29 126.76 144.74 201.90 504.75 787.15
86.44 97.07 64.28 48.86 47.48 36.30 30.42 28.81 12.22 0.00 0.00 22.15 70.75 213.68 231.98 130.04 98.47 95.22 110.04 145.59 266.82 186.88 210.65 212.36
74.69 70.37 60.02 51.06 43.34 39.28 35.53 32.18 52.50 81.21 119.58 122.71 127.93 271.97 123.72 128.44 106.36 91.15 78.25 67.68 70.16 74.07 80.14 62.38
102.87 104.26 75.29 52.27 35.50 34.10 32.63 31.44 49.39 73.50 165.55 205.89 331.42 339.06 324.43 320.45 191.87 137.07 70.65 59.80 83.16 112.44 148.15 115.89
164.49 78.00 78.01 78.00 78.00 78.00 78.00 78.00 78.00 78.00 78.00 78.00 78.00 78.00 78.00 78.00 78.00 78.00 78.00 78.00 145.89 260.00 260.00 260.00
119.88 127.05 118.49 110.46 103.72 92.00 82.25 74.47 129.80 171.72 171.72 171.72 171.72 171.72 171.72 171.72 171.72 171.72 171.72 171.72 171.72 171.72 171.72 120.61
10.33 10.47 7.56 5.25 3.56 3.42 3.28 3.16 4.96 7.38 18.07 24.51 33.27 34.03 32.57 32.17 22.59 13.95 7.09 6.00 8.35 11.29 14.87 11.63
308.16 150.01 150.01 150.00 150.00 150.00 150.00 150.00 150.00 150.00 150.00 150.00 150.00 150.00 150.00 150.00 150.00 150.00 150.00 150.00 280.44 500.00 500.00 500.00
60.59 54.00 54.83 63.08 79.27 74.26 70.36 66.64 134.74 238.97 326.40 326.40 326.40 326.40 326.40 326.40 326.40 326.40 326.40 326.40 326.40 326.40 678.68 253.29
59.87 60.65 76.32 97.91 126.59 111.76 98.94 88.45 166.12 267.06 267.06 267.06 267.06 267.06 267.06 267.06 267.06 267.06 267.06 267.06 267.06 267.06 267.06 171.08
43.77 47.84 41.22 35.54 30.26 30.69 32.33 25.91 7.44 5.18 3.60 4.21 7.61 15.10 18.34 37.17 61.81 18.70 12.96 8.75 20.00 49.91 70.34 97.00
53.79 58.79 50.66 43.67 37.18 37.71 39.73 31.84 9.14 6.36 4.42 5.17 9.35 18.55 22.54 45.97 76.57 22.98 15.93 10.75 25.29 62.31 86.44 119.20
46.53 33.01 16.98 24.99 64.90 42.67 36.73 44.97 0.00 0.00 0.00 0.00 0.00 0.00 0.00 0.00 16.19 36.30 56.49 85.03 127.39 188.25 271.32 324.67
116.13 64.59 60.20 45.89 30.08 48.33 46.07 22.22 0.00 0.00 0.00 0.00 0.00 4.72 6.36 8.34 10.70 11.94 16.89 26.68 37.35 95.73 227.91 309.37
59.99 42.56 21.89 32.21 83.67 55.01 47.35 57.97 0.00 0.00 0.00 0.00 0.00 0.00 0.00 0.00 20.20 46.80 72.83 109.61 164.22 242.67 349.77 418.54
83.50 59.24 30.47 44.84 116.47 76.57 65.92 80.69 0.00 0.00 0.00 0.00 0.00 0.00 0.00 0.00 27.09 65.14 101.38 152.58 228.59 337.80 486.88 582.62
37.36 30.32 14.29 13.68 27.62 20.45 17.52 18.53 0.00 0.00 0.00 0.00 0.00 0.00 5.98 9.81 33.91 16.33 21.49 31.34 113.89 165.79 95.16 121.75
1.01 3.26 2.15 2.85 3.72 1.70 0.58 0.00 0.00 0.00 0.00 0.00 0.00 2.19 1.20 0.00 0.00 1.22 2.00 1.73 2.71 4.19 6.36 6.41
