104.86 131.71 96.17 71.84 57.13 40.74 37.67 47.08 29.67 15.73 8.35 0.00 0.00 0.00 0.00 14.01 70.89 115.40 245.61 615.51 643.30 643.30 643.30 643.30
127.18 159.74 116.64 87.13 69.29 49.41 45.69 57.10 36.93 19.53 10.35 0.00 0.00 0.00 0.00 16.99 89.48 138.96 299.08 748.14 780.20 780.20 780.20 780.20
17.97 17.89 18.93 20.59 20.62 21.59 20.61 19.82 12.52 7.84 5.15 9.67 17.95 70.93 42.28 32.64 32.64 47.20 94.93 108.80 83.06 46.73 23.10 22.99
31.80 31.65 33.49 36.43 34.07 38.21 36.46 35.07 22.16 13.86 9.11 17.10 30.05 123.88 72.71 57.75 57.75 83.96 168.46 192.50 146.96 82.68 40.87 40.68
7.18 14.06 6.54 6.79 7.09 7.11 7.19 17.88 6.02 6.44 10.96 13.45 23.42 45.41 72.16 115.28 125.00 125.00 92.34 37.50 35.11 20.99 11.48 10.38
21.75 29.52 29.12 29.28 29.55 26.98 24.55 16.40 3.05 1.15 0.00 1.16 4.51 12.55 12.70 23.58 38.84 12.27 9.76 8.49 13.20 21.77 20.44 22.95
7.61 14.97 6.93 7.19 7.52 7.54 7.63 18.95 6.38 6.83 11.62 14.30 24.82 48.13 76.49 122.19 132.50 132.50 97.89 39.75 37.22 22.25 12.17 11.00
12.09 24.46 11.01 11.43 11.94 11.97 12.11 30.12 10.14 10.91 18.53 23.29 39.44 76.46 121.52 194.13 210.50 210.50 155.55 63.15 59.12 35.35 19.34 17.48
100.95 98.29 118.16 118.68 119.52 84.06 32.61 31.21 25.00 19.72 15.22 53.51 137.68 266.73 430.85 623.00 623.00 623.00 460.54 186.90 167.05 88.02 74.86 132.67
56.13 53.93 36.79 24.81 16.93 16.01 21.77 36.13 22.31 13.30 15.16 22.78 34.48 51.00 51.00 51.00 51.00 95.49 170.00 170.00 135.35 70.76 32.59 33.58
66.03 63.45 43.28 29.18 19.92 18.84 25.61 42.51 26.22 15.64 17.83 26.81 40.57 60.00 60.00 60.00 60.00 112.31 200.00 200.00 159.23 83.25 38.35 39.50
12.89 20.31 15.35 11.27 8.03 5.84 4.08 2.74 4.88 7.90 11.96 8.27 5.77 4.22 10.24 20.75 37.11 32.34 28.07 24.24 27.79 32.17 37.31 38.33
1.70 1.50 1.59 1.74 1.98 1.37 1.00 0.82 0.81 1.71 3.76 9.13 18.61 33.51 19.16 34.00 34.00 19.11 10.20 12.44 6.42 3.77 1.98 1.94
6.56 11.92 12.43 13.07 13.63 12.15 10.88 9.90 11.58 13.57 25.55 16.04 13.78 15.51 21.67 29.52 24.22 13.78 6.69 5.69 5.45 5.85 7.03 8.98
39.19 37.15 35.20 37.28 43.13 31.27 23.90 20.06 12.87 5.77 7.62 18.67 38.07 60.00 60.00 60.00 60.00 60.00 60.00 60.00 55.36 61.42 33.48 34.50
29.63 28.08 26.61 28.19 32.60 23.64 18.07 15.17 9.72 4.36 5.76 14.11 28.78 45.36 45.36 45.36 45.36 45.36 45.36 45.36 42.03 46.52 25.31 26.08
17.14 16.25 15.40 16.31 18.87 13.68 10.46 8.78 5.60 2.52 3.34 8.17 16.65 26.25 26.25 26.25 26.25 26.25 26.25 26.25 24.46 26.99 14.65 15.09
27.73 26.28 24.91 26.38 30.51 22.12 16.91 14.19 9.09 4.08 5.39 13.21 26.93 42.45 42.45 42.45 42.45 42.45 42.45 42.45 39.36 43.55 23.69 24.41
36.25 34.36 32.56 34.49 39.89 28.92 22.11 18.56 11.90 5.34 7.05 17.27 35.21 55.50 55.50 55.50 55.50 55.50 55.50 55.50 51.27 56.84 30.97 31.91
25.57 24.24 22.97 24.33 28.14 20.40 15.60 13.09 8.38 3.76 4.97 12.18 24.84 39.15 39.15 39.15 39.15 39.15 39.15 39.15 36.34 40.18 21.85 22.51
57.02 54.05 51.22 54.25 62.75 45.50 34.78 29.19 18.75 8.39 11.09 27.16 55.39 87.30 87.30 87.30 87.30 87.30 87.30 87.30 79.92 89.03 48.72 50.20
0.00 0.00 0.00 0.00 0.00 0.00 0.00 0.00 0.00 0.00 0.00 0.00 0.00 0.00 0.00 0.00 0.00 0.00 0.00 0.00 0.00 0.00 0.00 0.00
41.21 40.43 34.99 33.92 37.29 24.19 16.64 13.14 10.62 18.29 18.63 19.35 35.98 51.18 51.18 51.18 51.18 51.18 51.18 51.18 64.99 62.81 29.51 30.11
39.62 38.87 33.64 32.61 35.85 23.26 15.99 12.63 10.25 17.47 17.82 18.60 34.59 49.20 49.20 49.20 49.20 49.20 49.20 49.20 62.48 60.38 28.37 28.94
53.20 52.19 45.17 43.78 48.14 31.23 21.47 16.96 13.37 24.52 24.75 24.97 46.44 66.06 66.06 66.06 66.06 66.06 66.06 66.06 83.83 81.07 38.09 38.86
189.76 186.17 161.12 156.18 171.72 111.39 76.61 60.50 41.93 92.13 91.70 89.07 165.67 235.65 235.65 235.65 235.65 235.65 235.65 235.65 298.46 289.20 135.86 138.63
68.25 66.95 57.95 56.17 61.76 40.06 27.55 21.76 16.78 32.42 32.49 32.04 59.58 84.75 84.75 84.75 84.75 84.75 84.75 84.75 107.49 104.01 48.86 49.86
15.90 18.46 7.03 7.00 17.08 9.13 11.25 13.66 12.57 11.95 29.21 46.90 86.67 120.00 120.00 120.00 120.00 120.00 120.00 120.00 120.00 74.49 26.46 35.03
5.03 4.82 4.58 4.69 5.13 3.82 3.20 3.23 2.50 2.13 2.04 7.23 16.15 29.88 31.39 29.88 29.88 29.88 29.13 24.40 16.54 9.24 4.93 5.02
30.93 29.67 28.15 28.84 31.53 23.50 19.69 19.87 15.34 13.08 12.55 53.17 99.28 183.75 210.51 183.75 183.75 183.75 179.13 150.05 119.45 56.81 30.33 30.90
1.27 2.30 2.40 2.52 2.63 2.34 2.10 1.91 2.24 2.62 5.25 3.44 2.66 2.99 4.18 5.70 5.31 2.80 1.29 1.10 1.05 1.13 1.36 1.73
4.02 3.55 3.76 4.12 4.69 3.24 2.37 1.94 1.92 4.05 8.91 21.63 44.07 79.35 45.25 80.50 80.50 45.19 24.15 35.60 15.20 8.91 4.68 4.59
3.49 3.09 3.27 3.58 4.08 2.82 2.06 1.68 1.67 3.52 7.74 18.81 38.32 69.00 39.36 70.00 70.00 39.30 21.00 29.87 13.22 7.75 4.07 3.99
0.65 0.57 0.61 0.67 0.76 0.52 0.38 0.31 0.31 0.66 1.44 3.49 7.12 12.81 7.37 13.00 13.00 7.33 3.90 4.26 2.46 1.44 0.76 0.74
52.28 52.44 48.43 47.53 46.03 28.62 21.05 21.12 25.41 31.64 41.07 29.88 31.81 46.05 41.68 39.82 40.19 36.43 34.05 33.42 22.83 20.42 25.09 28.99
57.16 73.48 55.72 45.65 41.71 18.51 0.00 0.00 0.00 0.00 9.95 20.76 46.32 93.12 129.56 190.52 280.23 239.10 208.82 189.49 130.69 86.06 54.72 58.54
31.21 14.51 13.71 11.52 7.47 8.97 6.38 2.86 9.12 9.59 29.09 30.85 28.79 45.00 45.00 45.00 45.00 45.00 45.00 45.00 28.60 29.58 25.60 25.92
31.21 14.51 13.71 11.52 7.47 8.97 6.38 2.86 9.12 9.59 29.09 30.85 28.79 45.00 45.00 45.00 45.00 45.00 45.00 45.00 28.60 29.58 25.60 25.92
2.08 0.99 0.73 0.59 0.50 0.43 0.25 0.12 0.47 0.65 1.94 2.07 1.92 3.00 3.00 3.00 3.00 3.00 3.00 3.00 1.91 1.99 1.71 1.73
66.03 63.45 43.28 29.18 19.92 18.84 25.61 42.51 26.22 15.64 17.83 26.81 40.57 60.00 60.00 60.00 60.00 112.31 200.00 200.00 159.23 83.25 38.35 39.50
38.83 37.31 25.45 17.16 11.71 11.08 15.06 24.99 15.47 9.20 10.49 15.76 23.85 35.28 35.28 35.28 35.28 66.10 117.60 117.60 93.63 48.95 22.55 23.23
28.77 28.64 30.31 32.97 31.27 34.58 32.99 31.74 20.05 12.55 8.25 15.48 27.50 112.47 66.28 52.26 52.26 75.89 152.35 174.20 132.99 74.82 36.98 36.82
41.21 41.02 43.40 47.22 42.46 49.52 47.25 45.46 28.72 17.97 11.81 22.16 37.70 158.78 91.99 74.85 74.85 109.23 218.77 249.50 190.48 107.16 52.97 52.73
5.26 4.84 5.08 5.68 6.62 5.08 4.09 3.54 2.87 2.63 3.76 7.73 16.71 30.00 30.00 73.62 30.00 30.00 30.00 30.00 19.46 11.30 5.84 5.84
7.74 7.12 7.47 8.35 9.73 7.47 6.02 5.20 4.22 3.87 6.06 11.36 24.56 44.10 44.10 108.35 44.10 44.10 44.10 44.10 28.60 16.61 8.58 8.59
18.78 19.27 12.98 4.86 4.55 1.26 1.06 1.78 1.32 0.96 0.00 0.00 0.00 0.00 0.00 0.00 2.67 16.40 45.19 82.73 77.08 82.95 139.80 139.80
0.00 0.00 0.00 0.00 0.00 0.00 0.00 0.00 0.00 0.00 0.00 0.00 0.00 0.00 0.00 0.00 0.00 0.00 0.00 0.00 0.00 0.00 0.00 0.00
25.17 25.82 17.39 6.50 6.28 1.80 1.42 2.38 1.76 1.29 0.00 0.00 0.00 0.00 0.00 0.00 3.39 21.47 60.55 112.10 102.71 107.85 187.33 187.33
11.87 20.63 16.07 12.26 9.16 7.31 5.74 4.45 5.58 7.00 8.79 6.81 5.61 5.00 13.67 29.48 45.90 45.90 45.90 44.14 45.90 45.90 45.90 45.90
28.08 38.12 37.61 37.81 38.16 34.84 31.71 21.18 3.94 1.49 0.00 1.50 5.82 16.21 16.40 30.66 50.57 15.85 12.61 10.96 17.67 28.67 26.39 29.64
42.30 54.38 41.24 33.79 30.87 13.70 0.00 0.00 0.00 0.00 7.36 15.37 34.28 68.92 95.89 141.00 207.40 176.96 154.55 140.25 96.72 63.69 40.50 43.32
25.81 23.40 30.30 38.88 49.25 46.70 44.17 41.76 25.50 14.54 7.80 22.84 55.04 111.19 162.87 230.00 230.00 230.00 230.00 230.00 184.74 102.70 49.88 48.45
29.02 39.41 21.79 11.35 11.19 21.54 38.73 29.01 10.54 17.48 27.48 22.04 28.62 50.52 93.02 165.77 238.50 238.50 176.17 71.55 56.65 31.55 15.84 15.66
6.30 5.70 5.02 4.58 4.39 2.75 2.24 2.66 2.69 2.99 6.73 26.03 28.29 87.79 46.89 25.14 26.51 22.81 20.04 18.16 11.74 7.10 9.81 4.22
36.51 29.60 26.45 23.67 21.09 26.03 32.02 39.52 22.23 11.27 0.00 7.46 18.95 46.49 94.69 168.11 268.00 251.25 237.60 231.43 159.39 105.02 67.21 65.93
54.66 57.47 27.85 11.06 0.00 0.00 6.05 8.73 9.84 11.44 13.44 8.64 6.34 5.95 27.43 76.76 165.83 187.52 216.32 250.00 166.83 106.29 65.84 66.02
0.00 0.00 0.00 0.00 0.00 0.00 0.00 0.00 0.00 0.00 0.00 0.00 0.00 0.00 0.00 0.00 0.00 0.00 0.00 0.00 0.00 0.00 0.00 0.00
7.70 5.47 5.64 6.29 7.52 7.25 6.94 6.67 8.59 10.82 25.45 59.63 85.19 124.39 162.50 162.50 162.50 162.50 162.50 162.50 162.50 85.11 17.06 8.80
49.51 51.07 45.06 41.11 39.19 26.58 20.47 19.47 24.03 30.45 21.86 59.24 111.18 95.64 130.61 142.89 146.36 185.40 185.40 185.40 116.51 63.93 30.85 30.23
0.00 0.00 0.00 0.00 0.00 0.00 0.00 0.00 0.00 0.00 0.00 0.00 0.00 0.00 0.00 0.00 0.00 0.00 0.00 0.00 0.00 0.00 0.00 0.00
54.61 50.75 40.38 31.68 24.22 23.37 26.49 33.97 42.19 52.07 63.31 97.24 147.43 218.74 241.12 305.69 332.60 332.60 327.73 308.80 190.61 109.24 57.79 55.28
51.97 49.16 38.05 34.02 35.98 19.21 13.00 14.28 22.76 26.70 16.89 26.61 41.12 52.95 52.95 52.95 52.95 52.95 98.98 176.50 143.71 71.20 29.15 31.75
6.21 10.89 4.94 6.04 7.88 8.25 8.66 9.15 11.88 15.34 19.57 32.68 81.46 68.81 130.00 130.00 130.00 130.00 130.00 130.00 130.00 84.81 33.70 22.25
194.63 178.15 165.12 154.90 146.69 100.75 93.39 121.19 145.05 101.97 70.47 98.90 140.67 197.95 181.25 175.97 181.03 165.02 156.80 156.12 190.59 217.50 129.83 129.43
276.55 277.40 237.76 251.45 243.51 151.39 111.37 111.73 134.43 178.20 242.56 195.39 168.28 243.59 220.47 210.65 212.60 192.72 180.11 176.81 120.75 94.77 124.82 153.36
90.90 87.17 82.73 84.75 92.65 69.04 57.86 58.38 45.09 38.43 36.87 203.24 291.72 539.94 745.19 539.94 539.94 539.94 526.37 440.90 452.48 166.93 89.11 90.79
16.94 23.40 24.61 25.99 27.12 20.97 17.03 15.11 15.58 15.98 16.46 11.83 11.69 32.58 19.48 26.32 27.56 20.59 15.49 11.89 6.90 4.59 4.23 6.15
15.75 28.59 29.82 31.37 32.70 29.14 26.11 23.75 27.78 32.56 59.70 35.75 33.06 37.20 51.99 70.81 55.40 34.05 16.04 13.66 13.08 14.04 16.85 21.53
43.41 27.39 16.36 8.86 4.10 0.00 0.00 0.00 0.00 0.00 0.00 0.00 0.00 0.00 0.00 4.06 9.52 20.08 40.49 74.41 132.03 225.88 219.38 259.18
38.18 55.31 34.61 19.73 9.86 0.00 0.00 0.00 0.00 0.00 0.00 0.00 0.00 0.00 0.00 0.00 5.36 10.19 28.21 69.07 71.20 74.33 77.70 97.84
1.58 2.87 2.99 3.15 3.28 2.93 2.62 2.38 2.79 3.27 6.52 4.26 3.32 3.73 5.22 7.11 6.52 3.46 1.61 1.37 1.31 1.41 1.69 2.16
81.32 52.68 31.47 17.04 7.88 0.00 0.00 0.00 0.00 0.00 0.00 0.00 0.00 0.00 0.00 7.81 18.31 38.62 77.86 143.09 253.81 434.38 421.88 498.43
125.54 182.98 138.14 101.49 72.14 53.45 38.34 26.42 54.59 97.98 160.38 105.46 66.10 40.09 86.96 162.02 272.05 197.91 151.04 127.91 175.87 235.28 640.19 322.19
83.18 131.00 99.01 72.72 51.81 37.70 26.34 17.70 31.45 50.99 77.18 53.33 37.21 27.21 66.04 133.87 239.40 208.64 181.06 156.38 179.28 207.52 240.66 247.28
18.18 24.68 24.35 24.48 24.71 22.56 20.53 13.71 2.55 0.96 0.00 0.97 3.77 10.50 10.62 19.61 32.25 10.26 8.16 7.10 10.77 17.96 17.09 19.19
22.35 30.33 29.93 30.09 30.37 27.73 25.23 16.85 3.13 1.18 0.00 1.20 4.63 12.90 13.05 24.25 39.95 12.61 10.03 8.72 13.62 22.42 21.00 23.58
154.61 159.48 140.73 128.39 122.40 83.00 63.92 60.80 75.05 95.08 68.23 200.41 347.23 297.60 454.05 466.38 395.58 578.99 579.00 579.00 363.86 199.64 96.35 94.42
104.30 48.39 59.12 47.04 24.98 30.83 22.50 10.16 31.56 32.01 97.21 103.01 96.23 150.39 150.39 150.39 150.39 150.39 150.39 150.39 95.58 98.80 85.56 86.63
199.31 205.59 181.41 165.50 157.79 107.00 82.40 78.38 96.75 122.57 87.95 261.71 447.62 383.47 605.65 614.30 493.67 746.39 746.40 746.40 469.06 257.36 124.20 121.71
277.44 286.18 252.53 230.38 219.64 148.94 114.71 109.11 134.67 170.63 122.42 369.26 623.09 533.55 880.86 881.73 661.83 1038.99 1039.00 1039.00 652.93 358.24 172.89 169.43
50.38 43.38 40.00 39.42 41.85 24.60 15.68 13.01 19.00 28.80 43.93 88.60 162.52 378.16 264.60 264.60 604.22 264.60 264.60 264.60 420.93 236.99 47.87 47.17
3.22 5.80 2.94 3.05 3.18 3.19 3.23 8.02 2.70 2.87 4.89 5.87 10.51 20.38 32.39 51.74 56.10 56.10 41.41 16.83 15.76 9.42 5.15 4.66
