643.30 643.30 643.30 643.30 643.30 643.30 643.30 643.30 358.51 154.83 65.61 33.90 138.05 192.99 192.99 192.99 0.00 0.00 0.00 0.00 0.00 0.00 0.00 643.30
780.20 780.20 780.20 780.20 780.20 780.20 780.20 780.20 446.18 192.25 81.30 41.11 167.43 234.06 234.06 234.06 0.00 0.00 0.00 0.00 0.00 0.00 0.00 780.20
108.80 0.00 0.00 0.00 0.00 0.00 108.80 108.80 108.80 108.80 108.80 61.07 46.17 90.35 42.61 32.64 32.64 47.20 94.93 105.73 70.05 44.37 26.94 23.65
192.50 0.00 0.00 0.00 0.00 0.00 192.50 192.50 192.50 192.50 192.50 108.00 77.30 157.79 73.27 57.75 57.75 83.96 168.46 187.06 123.94 78.51 47.67 41.84
0.00 0.00 15.97 37.50 0.00 37.50 37.57 92.33 37.50 49.31 103.87 119.91 125.00 118.75 95.46 76.67 61.81 72.59 64.07 31.28 20.97 13.63 8.71 8.18
116.00 116.00 116.00 116.00 116.00 78.09 47.79 55.19 34.80 34.80 0.00 0.00 0.00 0.00 34.80 58.96 82.36 34.80 34.80 34.80 60.50 111.37 116.00 101.99
0.00 0.00 16.93 39.75 0.00 39.75 39.83 97.87 39.75 52.32 110.17 127.48 132.50 125.88 101.19 81.27 65.51 76.95 67.91 33.16 22.23 14.45 9.24 8.68
0.00 0.00 26.89 63.15 0.00 63.15 63.23 155.54 63.15 83.57 175.67 207.62 210.50 199.98 160.76 129.11 104.08 122.25 107.92 52.68 35.31 22.95 14.67 13.78
29.53 277.17 623.00 623.00 0.00 0.00 186.90 186.90 186.90 186.90 186.90 460.54 623.00 623.00 623.00 519.26 419.17 455.53 372.27 168.68 113.30 72.71 85.58 139.77
0.00 0.00 0.00 0.00 0.00 0.00 170.00 170.00 96.01 51.00 51.00 51.00 51.00 51.00 51.00 51.00 51.00 95.49 170.00 114.76 87.74 65.31 47.46 37.89
0.00 0.00 0.00 0.00 0.00 0.00 200.00 200.00 112.86 60.00 60.00 60.00 60.00 60.00 60.00 60.00 60.00 112.31 200.00 135.01 103.23 76.83 55.84 44.58
41.40 32.26 28.39 24.94 21.83 17.52 14.13 11.57 17.69 25.68 35.96 38.49 41.40 41.40 41.40 41.40 41.40 41.40 41.40 41.40 41.40 41.40 41.40 41.40
0.00 0.00 0.00 0.00 0.00 0.00 10.20 10.20 10.20 19.12 34.00 33.99 34.00 34.00 19.16 34.00 34.00 19.11 9.47 8.80 4.49 2.76 1.75 1.25
65.28 65.28 65.20 49.68 36.83 23.11 15.25 11.66 33.40 65.28 106.28 144.48 217.60 0.00 217.60 217.60 134.72 104.24 65.28 65.28 65.28 65.28 65.28 65.28
200.00 0.00 0.00 0.00 0.00 0.00 0.00 0.00 147.17 60.00 60.00 60.00 60.00 60.00 60.00 60.00 60.00 60.00 60.00 60.00 56.72 71.28 47.76 40.17
151.20 0.00 0.00 0.00 0.00 0.00 0.00 0.00 111.12 45.36 45.36 45.36 45.36 45.36 45.36 45.36 45.36 45.36 45.36 45.36 43.07 53.99 36.11 30.37
87.50 0.00 0.00 0.00 0.00 0.00 0.00 0.00 64.10 26.25 26.25 26.25 26.25 26.25 26.25 26.25 26.25 26.25 26.25 26.25 25.06 31.32 20.90 17.57
141.50 0.00 0.00 0.00 0.00 0.00 0.00 0.00 103.96 42.45 42.45 42.45 42.45 42.45 42.45 42.45 42.45 42.45 42.45 42.45 40.34 50.55 33.79 28.42
185.00 0.00 0.00 0.00 0.00 0.00 0.00 0.00 136.09 55.50 55.50 55.50 55.50 55.50 55.50 55.50 55.50 55.50 55.50 55.50 52.54 65.97 44.18 37.16
130.50 0.00 0.00 0.00 0.00 0.00 0.00 0.00 95.84 39.15 39.15 39.15 39.15 39.15 39.15 39.15 39.15 39.15 39.15 39.15 37.24 46.64 31.17 26.21
291.00 0.00 0.00 0.00 0.00 0.00 0.00 0.00 214.40 87.30 87.30 87.30 87.30 87.30 87.30 87.30 87.30 87.30 87.30 87.30 81.90 103.33 69.50 58.45
0.00 0.00 0.00 0.00 0.00 0.00 0.00 0.00 0.00 0.00 0.00 0.00 0.00 0.00 0.00 0.00 0.00 0.00 0.00 0.00 0.00 0.00 0.00 0.00
170.60 0.00 0.00 0.00 0.00 0.00 0.00 0.00 0.00 155.83 103.48 51.18 51.18 51.18 51.18 51.18 51.18 51.18 51.18 51.18 65.80 68.67 36.73 34.27
164.00 0.00 0.00 0.00 0.00 0.00 0.00 0.00 0.00 148.85 99.00 49.20 49.20 49.20 49.20 49.20 49.20 49.20 49.20 49.20 63.26 66.01 35.31 32.95
220.20 0.00 0.00 0.00 0.00 0.00 0.00 0.00 0.00 208.93 137.47 66.06 66.06 66.06 66.06 66.06 66.06 66.06 66.06 66.06 84.87 88.63 47.41 44.24
785.50 0.00 0.00 0.00 0.00 0.00 0.00 0.00 0.00 785.09 509.29 235.65 235.65 235.65 235.65 235.65 235.65 235.65 235.65 235.65 302.19 316.17 169.11 157.81
282.50 0.00 0.00 0.00 0.00 0.00 0.00 0.00 0.00 276.23 180.45 84.75 84.75 84.75 84.75 84.75 84.75 84.75 84.75 84.75 108.83 113.71 60.82 56.75
0.00 9.48 33.29 36.00 0.00 0.00 0.00 0.00 36.00 36.00 88.65 96.29 120.00 120.00 120.00 120.00 120.00 120.00 120.00 120.00 116.98 69.65 37.47 32.58
29.88 29.88 29.88 0.00 0.00 0.00 0.00 0.00 29.88 29.88 29.88 31.88 29.88 29.88 31.39 29.88 29.88 29.88 29.88 29.88 22.83 11.82 5.72 5.20
183.75 183.75 183.75 0.00 0.00 0.00 0.00 0.00 183.75 183.75 183.75 234.28 183.76 183.75 210.51 183.75 183.75 183.75 183.75 183.75 164.84 72.66 35.17 31.97
12.60 12.60 12.59 9.59 7.11 4.46 2.94 2.25 6.45 12.60 21.85 31.00 42.00 0.00 42.00 42.00 29.54 21.20 12.60 12.60 12.60 12.60 12.60 12.60
0.00 0.00 0.00 0.00 0.00 0.00 24.15 24.15 24.15 45.20 80.50 80.49 80.50 80.50 45.25 80.50 80.50 45.19 22.41 25.19 10.63 6.52 4.14 2.96
0.00 0.00 0.00 0.00 0.00 0.00 21.00 21.00 21.00 39.31 70.00 69.99 70.00 70.00 39.36 70.00 70.00 39.30 19.49 21.14 9.25 5.67 3.60 2.58
0.00 0.00 0.00 0.00 0.00 0.00 3.90 3.90 3.90 7.33 13.00 12.99 13.00 13.00 7.37 13.00 13.00 7.33 3.62 3.01 1.72 1.05 0.67 0.48
200.00 200.00 48.85 0.00 55.41 200.00 200.00 200.00 200.00 186.24 0.00 83.48 60.00 60.00 60.00 60.00 60.00 60.00 60.00 60.00 60.00 83.60 151.92 172.15
0.00 0.00 338.60 338.60 338.60 338.60 338.60 338.60 338.60 338.60 338.60 338.60 338.60 314.97 168.32 80.83 35.63 17.25 7.11 0.00 0.00 16.64 50.21 71.48
150.00 0.00 0.00 0.00 0.00 0.00 0.00 0.00 141.55 84.30 150.00 84.20 45.00 45.00 45.00 45.00 45.00 45.00 45.00 39.40 25.55 28.84 28.29 24.36
150.00 0.00 0.00 0.00 0.00 0.00 0.00 0.00 141.55 84.30 150.00 84.20 45.00 45.00 45.00 45.00 45.00 45.00 45.00 39.40 25.55 28.84 28.29 24.36
10.00 0.00 0.00 0.00 0.00 0.00 0.00 0.00 7.33 5.73 10.00 5.66 3.00 3.00 3.00 3.00 3.00 3.00 3.00 2.63 1.70 1.94 1.89 1.62
0.00 0.00 0.00 0.00 0.00 0.00 200.00 200.00 112.86 60.00 60.00 60.00 60.00 60.00 60.00 60.00 60.00 112.31 200.00 135.01 103.23 76.83 55.84 44.58
0.00 0.00 0.00 0.00 0.00 0.00 117.60 117.60 66.59 35.28 35.28 35.28 35.28 35.28 35.28 35.28 35.28 66.10 117.60 79.39 60.70 45.18 32.83 26.21
174.20 0.00 0.00 0.00 0.00 0.00 174.20 174.20 174.20 174.20 174.20 97.74 70.73 143.27 66.79 52.26 52.26 75.89 152.35 169.28 112.16 71.05 43.13 37.87
249.50 0.00 0.00 0.00 0.00 0.00 249.50 249.50 249.50 249.50 249.50 139.96 96.96 202.25 92.70 74.85 74.85 109.23 218.77 242.45 160.64 101.76 61.78 54.24
30.00 0.00 0.00 0.00 0.00 0.00 30.00 30.00 30.00 30.00 40.31 30.00 30.00 30.00 30.00 73.62 30.00 30.00 30.00 26.73 17.90 11.50 7.14 5.62
44.10 0.00 0.00 0.00 0.00 0.00 44.10 44.10 44.10 44.10 65.03 44.10 44.10 44.10 44.10 108.35 44.10 44.10 44.10 39.29 26.32 16.90 10.50 8.26
139.80 139.80 139.80 78.86 111.41 46.33 33.99 29.83 19.57 13.71 11.23 14.38 41.94 41.94 41.94 41.94 0.00 0.00 0.00 135.62 103.80 91.59 139.80 139.80
0.00 0.00 0.00 0.00 0.00 0.00 0.00 0.00 0.00 0.00 0.00 0.00 0.00 0.00 0.00 0.00 0.00 0.00 0.00 0.00 0.00 0.00 0.00 0.00
187.33 187.32 187.33 105.53 153.69 66.02 45.54 39.96 26.22 18.37 15.05 19.27 56.20 56.20 56.20 56.20 0.00 0.00 0.00 183.78 138.32 119.08 187.33 187.33
45.90 45.90 44.21 39.94 36.24 30.05 25.00 21.13 25.42 30.43 36.34 34.69 37.39 44.94 45.90 45.90 45.90 45.90 45.90 45.90 45.90 45.90 45.90 45.90
149.80 149.80 149.80 149.80 149.80 100.84 61.72 71.29 44.94 44.94 0.00 0.00 0.00 0.00 44.94 76.67 107.25 44.94 44.94 44.94 80.98 146.70 149.80 131.70
0.00 0.00 250.60 250.60 250.60 250.60 250.60 250.60 250.60 250.60 250.60 250.60 250.60 233.11 124.58 59.82 26.37 12.76 5.26 0.00 0.00 12.32 37.16 52.91
230.00 0.00 0.00 230.00 230.00 230.00 230.00 230.00 230.00 230.00 230.00 230.00 230.00 230.00 230.00 185.08 153.18 130.47 110.81 94.34 68.28 50.75 39.95 30.04
0.00 0.00 52.35 71.55 71.55 135.05 238.49 176.28 71.55 133.82 238.50 238.50 238.50 197.51 144.81 104.38 73.66 90.68 83.22 42.48 29.92 21.37 16.07 15.36
0.80 3.60 26.94 30.00 0.00 0.00 0.00 30.00 30.00 30.00 56.19 100.00 56.25 100.00 56.12 30.00 30.00 30.00 30.00 30.00 25.29 14.86 19.37 7.18
268.00 268.00 268.00 268.00 268.00 268.00 268.00 148.87 161.00 179.03 205.61 118.67 60.86 26.26 6.34 0.00 10.21 10.07 10.32 11.00 23.48 45.51 80.10 89.93
250.00 250.00 250.00 250.00 187.50 116.43 66.67 34.58 16.75 9.80 10.30 5.25 0.00 0.00 0.00 5.93 20.22 14.48 9.88 6.56 18.28 39.02 71.78 75.76
0.00 0.00 0.00 0.00 0.00 0.00 0.00 0.00 0.00 0.00 0.00 0.00 0.00 0.00 0.00 0.00 0.00 0.00 0.00 0.00 0.00 0.00 0.00 0.00
26.58 48.75 48.75 48.75 0.00 48.75 48.75 48.75 48.75 48.75 91.77 162.50 162.50 162.50 162.50 162.50 162.50 162.50 162.50 153.88 102.92 65.03 22.64 11.03
0.00 0.00 0.00 185.40 185.40 185.40 185.40 185.40 185.40 185.40 104.02 160.49 185.40 104.55 130.61 142.89 146.36 182.17 97.94 44.43 29.39 18.58 11.44 7.63
0.00 0.00 0.00 0.00 0.00 0.00 0.00 0.00 0.00 0.00 0.00 0.00 0.00 0.00 0.00 0.00 0.00 0.00 0.00 0.00 0.00 0.00 0.00 0.00
332.60 332.60 332.60 332.60 332.60 332.60 332.60 332.60 332.60 332.60 332.60 332.60 332.60 332.60 332.60 332.60 332.60 284.59 145.59 61.19 27.74 9.54 0.00 0.00
176.50 0.00 0.00 0.00 0.00 0.00 0.00 0.00 0.00 130.37 52.95 52.95 52.95 52.95 52.95 52.95 52.95 52.95 98.98 176.50 136.71 88.76 53.26 50.12
39.00 95.96 2.01 1.75 39.00 39.00 39.00 0.00 39.00 39.00 39.00 56.82 113.69 73.53 130.00 130.00 130.00 130.00 130.00 130.00 122.40 100.86 82.27 70.54
857.00 857.00 221.98 0.00 194.15 857.00 857.00 857.00 856.99 480.72 0.00 257.10 257.10 257.10 257.10 257.10 257.10 257.10 257.10 257.10 465.33 841.64 736.90 704.12
1058.00 1058.00 239.82 0.00 293.13 1058.00 1058.00 1058.00 1058.00 1048.92 0.00 545.80 317.40 317.40 317.40 317.40 317.40 317.40 317.40 317.40 317.40 387.97 755.80 910.67
539.94 539.94 539.94 0.00 0.00 0.00 0.00 0.00 539.94 539.94 539.94 895.48 539.95 539.94 745.19 539.94 539.94 539.94 539.94 539.94 624.42 213.52 103.35 93.94
159.03 150.53 117.54 89.60 66.73 36.14 18.96 10.96 37.36 148.32 159.03 159.03 159.03 0.00 0.00 179.56 159.03 159.03 159.03 159.03 159.03 159.03 159.03 159.03
156.60 156.60 156.41 119.19 88.34 55.44 36.59 27.98 80.13 156.60 248.36 322.11 522.00 0.00 522.00 522.00 308.11 257.58 156.60 156.60 156.60 156.60 156.60 156.60
164.49 78.00 78.01 65.93 53.06 48.09 43.67 39.31 40.29 45.16 54.31 54.35 78.00 78.00 78.00 78.00 0.00 0.00 0.00 78.00 145.89 260.00 260.00 260.00
171.72 152.30 109.05 74.92 49.42 41.30 34.32 28.59 41.58 62.95 95.37 120.47 171.72 171.72 171.72 171.72 0.00 171.72 171.72 171.72 171.72 171.72 171.72 171.72
15.72 15.72 15.70 11.96 8.87 5.56 3.67 2.81 8.04 15.72 27.11 38.35 52.40 0.00 52.40 52.40 36.28 26.21 15.72 15.72 15.72 15.72 15.72 15.72
308.16 150.01 150.01 126.80 102.04 92.47 83.98 75.60 77.48 86.85 104.45 104.52 150.00 150.00 150.00 150.00 0.00 0.00 0.00 150.00 280.44 500.00 500.00 500.00
326.40 321.23 292.57 265.36 240.12 204.88 176.73 153.73 209.03 276.40 326.40 326.40 326.40 326.40 326.40 326.40 326.40 326.40 326.40 326.40 326.40 326.40 678.68 326.40
267.06 208.10 183.11 160.90 140.84 113.03 91.13 74.61 114.10 165.64 231.99 248.30 267.06 267.06 267.06 267.06 267.06 267.06 267.06 267.06 267.06 267.06 267.06 267.06
97.00 97.00 97.00 97.00 97.00 65.30 39.96 46.15 29.10 29.10 0.00 0.00 0.00 0.00 29.10 49.03 68.38 29.10 29.10 29.10 49.35 91.87 97.00 85.28
119.20 119.20 119.20 119.20 119.20 80.24 49.11 56.72 35.76 35.76 0.00 0.00 0.00 0.00 35.76 60.63 84.71 35.76 35.76 35.76 62.41 114.69 119.20 104.80
0.00 0.00 0.00 579.00 579.00 579.00 579.00 579.00 579.00 579.00 324.69 542.91 579.00 325.32 454.05 466.38 395.58 568.92 305.87 138.76 91.78 58.04 35.74 23.83
501.30 0.00 0.00 0.00 0.00 0.00 0.00 0.00 490.05 281.31 501.30 281.17 150.39 150.39 150.39 150.39 150.39 150.39 150.39 131.68 85.39 96.33 94.57 81.40
0.00 0.00 0.00 746.40 746.40 746.40 746.40 746.40 746.40 746.40 418.54 708.99 746.40 419.18 605.65 614.30 493.67 733.41 394.30 178.88 118.31 74.82 46.07 30.72
0.00 0.00 0.00 1039.00 1039.00 1039.00 1039.00 1039.00 1039.00 1039.00 582.57 1000.33 1039.00 583.24 880.86 881.73 661.83 1020.92 548.88 249.00 164.69 104.15 64.13 42.76
0.00 0.00 0.00 0.00 0.00 0.00 0.00 0.00 264.60 264.60 264.60 264.60 264.60 378.16 264.60 264.60 604.22 264.60 264.60 199.57 306.22 183.09 44.08 34.98
0.00 0.00 7.17 16.83 0.00 16.83 16.89 41.40 16.83 21.97 46.30 52.29 56.10 53.30 42.84 34.41 27.74 32.58 28.73 14.04 9.41 6.12 3.91 3.67
