426.03 351.01 320.88 292.86 266.96 246.66 229.39 217.14 235.75 213.15 179.54 110.46 122.37 135.52 192.99 192.99 332.00 284.63 332.94 615.51 643.30 643.30 564.87 484.92
516.69 425.71 389.17 355.18 323.77 299.15 278.21 263.35 293.40 264.68 222.47 133.97 148.41 164.36 234.06 234.06 419.03 342.76 405.43 748.14 780.20 780.20 685.08 588.11
108.80 108.80 108.80 108.80 98.16 97.86 87.50 78.29 87.08 97.84 108.80 42.47 21.01 25.63 18.63 21.26 30.54 46.97 94.93 108.80 108.80 108.80 108.80 108.80
192.50 192.50 192.50 192.50 162.22 173.14 154.82 138.52 154.07 173.11 192.50 75.11 35.18 44.76 32.04 37.61 54.04 83.54 168.46 192.50 192.50 192.50 192.50 192.50
18.26 62.73 31.25 34.88 37.50 30.89 24.18 45.40 18.46 24.55 52.08 47.37 38.80 30.46 26.23 26.26 30.73 24.24 14.20 4.65 7.61 13.41 23.25 32.71
116.00 116.00 116.00 116.00 116.00 116.00 116.00 85.72 34.80 34.80 34.80 34.80 34.80 34.80 34.80 58.96 82.36 34.80 34.80 34.80 60.50 111.37 116.00 116.00
19.35 66.79 33.13 36.97 39.75 32.74 25.63 48.12 19.57 26.05 55.24 50.36 41.13 32.29 27.80 27.83 32.57 25.69 15.05 4.93 8.07 14.22 24.64 34.67
30.75 109.17 52.63 58.74 63.15 52.01 40.69 76.48 31.09 41.61 88.07 82.02 65.34 51.30 44.17 44.22 51.75 40.82 23.92 7.83 12.81 22.59 39.15 55.09
620.51 524.08 623.00 623.00 623.00 408.99 135.22 109.31 118.49 128.88 140.96 272.61 289.03 225.88 225.05 251.17 309.23 218.98 122.27 42.94 102.93 186.90 356.65 623.00
170.00 170.00 170.00 170.00 170.00 169.60 151.43 135.59 71.70 35.57 33.20 27.44 22.52 18.50 29.10 43.09 51.00 95.49 170.00 170.00 170.00 170.00 170.00 170.00
200.00 200.00 200.00 200.00 200.00 199.53 178.15 159.51 84.28 41.85 39.06 32.28 26.49 21.76 34.23 50.70 60.00 112.31 200.00 200.00 200.00 200.00 200.00 200.00
11.27 6.97 5.48 4.28 3.35 3.53 3.72 3.95 6.37 9.72 14.07 21.21 30.39 41.40 41.40 41.40 41.40 41.40 41.40 41.40 41.40 41.40 41.40 37.41
10.20 10.20 10.11 9.82 9.57 9.26 8.98 8.74 8.42 15.23 26.24 19.52 14.06 9.70 9.76 28.51 34.00 19.11 10.20 12.55 10.20 10.20 10.20 10.20
48.97 42.24 42.02 42.10 42.35 54.01 65.28 65.28 65.28 65.28 106.28 144.48 217.60 217.60 217.60 217.60 134.72 104.24 65.28 65.28 65.28 65.28 65.28 59.98
200.00 200.00 200.00 200.00 196.23 195.92 195.81 196.50 142.57 57.70 57.86 39.59 25.83 16.08 29.00 47.47 60.00 60.00 60.00 60.00 84.70 172.48 200.00 200.00
151.20 151.20 151.20 151.20 148.35 148.11 148.03 148.56 107.65 43.62 43.74 29.93 19.53 12.15 21.92 35.89 45.36 45.36 45.36 45.36 64.30 130.65 151.20 151.20
87.50 87.50 87.50 87.50 85.85 85.71 85.67 85.97 62.09 25.24 25.31 17.32 11.30 7.03 12.69 20.77 26.25 26.25 26.25 26.25 37.43 75.79 87.50 87.50
141.50 141.50 141.50 141.50 138.83 138.61 138.54 139.03 100.71 40.82 40.94 28.01 18.27 11.37 20.51 33.58 42.45 42.45 42.45 42.45 60.23 122.31 141.50 141.50
185.00 185.00 185.00 185.00 181.51 181.22 181.13 181.77 131.84 53.37 53.52 36.62 23.89 14.87 26.82 43.91 55.50 55.50 55.50 55.50 78.45 159.64 185.00 185.00
130.50 130.50 130.50 130.50 128.04 127.84 127.77 128.22 92.85 37.65 37.75 25.83 16.85 10.49 18.92 30.97 39.15 39.15 39.15 39.15 55.60 112.85 130.50 130.50
291.00 291.00 291.00 291.00 285.51 285.06 284.91 285.91 207.70 83.95 84.18 57.61 37.58 23.39 42.19 69.06 87.30 87.30 87.30 87.30 122.29 250.05 291.00 291.00
0.00 0.00 0.00 0.00 0.00 0.00 0.00 0.00 0.00 0.00 0.00 0.00 0.00 0.00 0.00 0.00 0.00 0.00 0.00 0.00 0.00 0.00 0.00 0.00
170.60 170.60 170.60 170.60 140.01 148.81 157.24 166.88 113.50 136.13 87.02 29.11 19.49 13.20 23.10 37.25 51.18 51.18 51.18 51.18 95.98 170.60 170.60 170.60
164.00 164.00 164.00 164.00 134.59 143.05 151.16 160.43 109.53 130.03 83.25 27.98 18.74 12.69 22.21 35.81 49.20 49.20 49.20 49.20 92.28 164.00 164.00 164.00
220.20 220.20 220.20 220.20 180.72 192.07 202.96 215.40 142.92 182.52 115.60 37.57 25.16 17.03 29.82 48.08 66.06 66.06 66.06 66.06 123.80 220.20 220.20 220.20
785.50 785.50 785.50 785.50 644.66 685.16 724.00 768.39 448.03 685.85 428.26 134.04 89.75 60.77 106.38 171.52 235.65 235.65 235.65 235.65 440.78 785.50 785.50 785.50
282.50 282.50 282.50 282.50 231.85 246.41 260.38 276.35 179.28 241.31 151.74 48.21 32.28 21.85 38.26 61.68 84.75 84.75 84.75 84.75 158.74 282.50 282.50 282.50
28.14 88.63 36.00 36.00 84.17 36.00 36.00 36.00 32.12 27.02 55.44 50.87 59.55 62.73 46.24 34.50 26.44 28.44 34.52 45.53 82.38 120.00 120.00 120.00
29.88 29.88 29.88 29.88 29.88 29.88 27.13 23.86 25.71 28.36 29.88 22.40 13.47 8.81 15.03 21.71 29.88 29.88 29.88 29.88 31.77 29.88 29.88 29.88
183.75 183.75 183.75 183.75 183.75 183.75 166.81 146.73 158.08 174.41 183.75 164.60 82.82 54.17 100.78 133.51 183.75 183.75 183.75 183.75 229.39 183.75 183.75 183.75
9.45 8.15 8.11 8.13 8.17 10.42 12.60 12.60 12.60 12.60 21.85 31.00 42.00 42.00 42.00 42.00 29.54 21.20 12.60 12.60 12.60 12.60 12.60 11.58
24.15 24.15 23.95 23.26 22.66 21.93 21.26 20.69 19.94 36.01 62.12 46.22 33.30 22.95 23.05 67.51 80.50 45.19 24.15 35.91 24.15 24.15 24.15 24.15
21.00 21.00 20.82 20.23 19.70 19.07 18.49 17.99 17.34 31.32 54.02 40.19 28.96 19.96 20.05 58.71 70.00 39.30 21.00 30.13 21.00 21.00 21.00 21.00
3.90 3.90 3.87 3.76 3.66 3.54 3.43 3.34 3.22 5.84 10.03 7.46 5.38 3.71 3.75 10.90 13.00 7.33 3.90 4.30 3.90 3.90 3.90 3.90
71.67 81.06 82.06 87.85 92.12 99.88 114.97 138.14 140.80 138.42 137.53 80.64 60.00 60.00 60.00 60.00 60.00 60.00 60.00 60.00 60.00 73.51 119.86 104.94
121.15 108.60 92.12 78.16 65.42 84.51 107.76 134.39 144.85 155.87 168.51 148.64 131.65 116.60 223.07 338.60 338.60 338.60 338.60 338.60 338.60 338.60 338.60 338.60
150.00 84.36 92.76 67.63 29.20 75.41 106.27 63.96 108.36 58.78 95.77 37.72 13.86 9.61 17.91 30.10 45.00 45.00 45.00 45.00 45.00 84.18 149.99 150.00
150.00 84.36 92.76 67.63 29.20 75.41 106.27 63.96 108.36 58.78 95.77 37.72 13.86 9.61 17.91 30.10 45.00 45.00 45.00 45.00 45.00 84.18 149.99 150.00
10.00 5.76 4.96 3.47 1.95 3.63 4.21 2.62 5.61 3.99 6.38 2.54 0.92 0.64 1.19 2.01 3.00 3.00 3.00 3.00 3.00 5.66 10.00 10.00
200.00 200.00 200.00 200.00 200.00 199.53 178.15 159.51 84.28 41.85 39.06 32.28 26.49 21.76 34.23 50.70 60.00 112.31 200.00 200.00 200.00 200.00 200.00 200.00
117.60 117.60 117.60 117.60 117.60 117.33 104.75 93.79 49.72 24.61 22.97 18.98 15.58 12.79 20.13 29.81 35.28 66.10 117.60 117.60 117.60 117.60 117.60 117.60
174.20 174.20 174.20 174.20 148.85 156.68 140.10 125.35 139.42 156.65 174.20 67.98 32.19 40.64 29.21 34.04 48.90 75.51 152.35 174.20 174.20 174.20 174.20 174.20
249.50 249.50 249.50 249.50 202.15 224.41 200.67 179.53 199.69 224.37 249.50 97.34 44.13 57.37 40.54 48.75 70.04 108.68 218.77 249.50 249.50 249.50 249.50 249.50
30.00 30.00 30.00 30.00 30.00 30.00 30.00 30.00 30.00 30.00 40.31 21.04 14.14 8.94 15.60 61.73 30.00 30.00 30.00 30.00 30.00 30.00 30.00 30.00
44.10 44.10 44.10 44.10 44.10 44.10 44.10 44.10 44.10 44.10 65.03 30.93 20.78 13.14 22.93 90.84 44.10 44.10 44.10 44.10 44.10 44.10 44.10 44.10
93.07 69.55 62.43 31.43 39.43 15.70 11.76 10.96 14.49 18.83 23.88 29.87 36.65 41.94 41.94 41.94 50.50 111.85 139.80 135.62 103.80 91.59 139.80 118.04
0.00 0.00 0.00 0.00 0.00 0.00 0.00 0.00 0.00 0.00 0.00 0.00 0.00 0.00 0.00 0.00 0.00 0.00 0.00 0.00 0.00 0.00 0.00 0.00
124.71 93.20 83.66 42.05 54.39 22.38 15.76 14.69 19.41 25.23 31.99 40.02 49.11 56.20 56.20 56.20 64.20 146.43 187.33 183.78 138.32 119.08 187.33 158.17
13.03 9.20 6.95 5.16 3.70 4.54 5.50 6.59 8.45 10.71 13.29 18.56 25.06 32.97 45.90 45.90 45.90 45.90 45.90 45.90 45.90 45.90 45.90 39.77
149.80 149.80 149.80 149.80 149.80 149.80 149.80 110.71 44.94 44.94 44.94 44.94 44.94 44.94 44.94 76.67 107.25 44.94 44.94 44.94 80.98 146.70 149.80 149.80
89.66 80.38 68.18 57.84 48.42 62.55 79.75 99.46 107.20 115.36 124.72 110.01 97.43 86.30 165.10 250.60 250.60 250.60 250.60 250.60 250.60 250.60 250.60 250.60
230.00 179.48 166.44 154.02 142.40 133.89 125.23 117.91 127.09 139.08 153.52 130.68 110.99 93.94 145.42 214.78 230.00 230.00 230.00 230.00 230.00 230.00 230.00 230.00
68.29 158.09 87.02 44.84 43.55 65.39 90.38 51.04 20.47 37.86 66.92 61.93 57.37 53.38 44.35 43.75 51.74 39.55 22.19 6.74 13.53 26.96 49.67 52.88
12.93 23.58 23.98 24.49 25.17 24.97 24.71 24.47 24.79 26.21 53.90 77.88 41.42 82.12 56.12 30.00 30.00 30.00 30.00 30.00 25.08 18.71 34.93 17.76
78.87 70.99 64.95 60.49 57.02 69.60 84.90 103.64 89.57 77.42 66.77 65.48 64.15 62.85 128.82 231.63 268.00 268.00 268.00 268.00 268.00 268.00 268.00 268.00
78.74 65.40 64.53 63.79 62.58 62.60 65.27 71.58 69.48 69.09 70.88 73.54 76.75 80.15 134.21 211.92 250.00 250.00 250.00 250.00 250.00 250.00 250.00 250.00
0.00 0.00 0.00 0.00 0.00 0.00 0.00 0.00 0.00 0.00 0.00 0.00 0.00 0.00 0.00 0.00 0.00 0.00 0.00 0.00 0.00 0.00 0.00 0.00
36.43 48.75 48.75 48.75 48.75 46.97 44.95 43.14 37.38 32.09 51.63 74.39 63.04 56.12 49.35 46.72 47.57 61.75 81.79 108.39 162.50 162.50 96.21 48.75
171.00 131.52 143.39 158.37 176.47 164.37 153.35 144.43 130.53 117.66 59.23 85.28 92.43 49.02 104.17 142.89 146.36 185.40 185.40 185.40 185.40 185.40 185.40 185.40
0.00 0.00 0.00 0.00 0.00 0.00 0.00 0.00 0.00 0.00 0.00 0.00 0.00 0.00 0.00 0.00 0.00 0.00 0.00 0.00 0.00 0.00 0.00 0.00
206.72 165.08 147.60 134.09 125.75 153.02 185.35 223.16 193.94 168.93 146.41 149.71 154.59 161.38 233.97 331.60 332.60 332.60 332.60 332.60 332.60 332.60 332.60 332.60
176.50 176.50 176.50 176.50 173.37 168.69 165.08 162.61 144.90 95.96 35.09 22.77 15.90 13.00 20.10 29.86 42.96 46.80 97.06 176.50 176.50 176.50 176.50 176.50
11.49 39.10 14.41 13.35 12.62 13.86 17.29 23.36 23.93 25.51 28.17 22.46 25.86 12.29 28.98 39.36 53.32 35.19 21.96 12.84 16.67 24.05 35.98 40.67
319.62 350.43 369.49 388.47 411.22 397.37 419.42 477.63 513.70 319.45 193.11 237.48 257.10 257.10 257.10 257.10 257.10 257.10 257.10 257.10 465.33 777.52 641.46 454.74
379.12 428.83 402.86 464.75 487.32 528.37 608.21 730.76 744.84 779.60 812.19 527.25 317.40 317.40 317.40 317.40 317.40 317.40 317.40 317.40 317.40 341.14 596.31 555.12
539.94 539.94 539.94 539.94 539.94 539.94 490.17 431.15 464.51 512.49 539.94 629.14 243.37 159.17 356.75 392.31 539.94 539.94 539.94 539.94 868.95 539.94 539.94 539.94
71.35 41.34 36.07 31.35 27.33 37.42 62.84 109.86 104.31 99.64 96.35 106.94 119.99 272.05 159.05 179.56 159.03 159.03 159.03 159.03 159.03 159.03 135.90 114.08
117.48 101.33 100.81 101.00 101.59 129.56 156.60 156.60 156.60 156.60 248.36 322.11 522.00 522.00 522.00 522.00 308.11 257.58 156.60 156.60 156.60 156.60 156.60 143.87
112.47 38.71 35.38 32.22 29.35 25.09 21.95 19.74 28.10 38.41 51.16 67.71 78.00 78.00 78.00 78.00 78.00 78.00 78.00 78.00 145.89 260.00 260.00 260.00
67.82 42.35 36.75 31.76 27.19 25.52 24.52 24.20 37.91 56.01 79.48 114.81 160.14 171.72 171.72 171.72 171.72 171.72 171.72 171.72 171.72 171.72 171.72 156.79
11.79 10.17 10.12 10.14 10.20 13.01 15.72 15.72 15.72 15.72 27.11 38.35 52.40 52.40 52.40 52.40 36.28 26.21 15.72 15.72 15.72 15.72 15.72 14.44
210.70 74.44 68.03 61.96 56.45 48.26 42.21 37.97 54.04 73.86 98.39 130.22 150.00 150.00 150.00 150.00 150.00 150.00 150.00 150.00 280.44 500.00 500.00 500.00
161.90 106.15 83.16 66.27 53.51 50.45 47.47 44.63 88.51 157.61 256.33 324.02 326.40 326.40 326.40 326.40 326.40 326.40 326.40 326.40 326.40 326.40 678.68 326.40
72.73 44.97 35.33 27.61 21.59 22.75 24.02 25.49 41.08 62.70 90.74 136.82 196.02 267.06 267.06 267.06 267.06 267.06 267.06 267.06 267.06 267.06 267.06 241.29
97.00 97.00 97.00 97.00 97.00 97.00 97.00 71.67 29.10 29.10 29.10 29.10 29.10 29.10 29.10 49.03 68.38 29.10 29.10 29.10 49.35 91.87 97.00 97.00
119.20 119.20 119.20 119.20 119.20 119.20 119.20 88.09 35.76 35.76 35.76 35.76 35.76 35.76 35.76 60.63 84.71 35.76 35.76 35.76 62.41 114.69 119.20 119.20
534.02 410.72 447.81 494.59 551.12 513.32 478.89 451.04 407.64 367.46 184.88 288.48 288.65 152.52 362.12 466.38 395.58 578.99 579.00 579.00 579.00 579.00 579.00 579.00
501.30 281.35 400.13 276.24 97.60 259.22 375.01 227.58 375.13 196.16 320.08 125.97 46.30 32.12 59.85 100.61 150.39 150.39 150.39 150.39 150.39 281.15 501.30 501.30
688.42 529.47 577.28 637.58 710.46 661.73 617.35 581.45 525.49 473.70 238.31 376.73 372.11 196.52 483.02 614.30 493.67 746.39 746.40 746.40 746.40 746.40 746.40 746.40
958.29 737.03 803.59 887.52 988.97 921.14 859.36 809.39 731.49 659.40 331.71 531.54 517.98 273.44 702.51 881.73 661.83 1038.99 1039.00 1039.00 1039.00 1039.00 1039.00 1039.00
264.60 264.60 264.60 243.53 194.79 206.91 218.90 231.73 215.55 200.32 186.18 135.84 96.13 95.09 123.59 205.88 604.22 264.60 264.60 264.60 651.99 651.69 264.61 264.60
8.20 25.90 14.03 15.66 16.83 13.86 10.87 20.36 8.29 10.94 23.21 20.66 17.41 13.67 11.77 11.78 13.79 10.88 6.37 2.09 3.41 6.02 10.43 14.68
