83.31 65.91 78.86 93.44 109.32 122.90 151.58 197.51 301.98 365.43 349.46 192.99 192.99 192.99 192.99 192.99 332.00 284.63 332.94 615.51 603.21 542.67 485.01 439.63
101.04 79.94 95.64 113.32 132.59 149.06 183.84 239.54 375.83 453.76 433.01 234.06 234.06 234.06 234.06 234.06 419.03 342.76 405.43 748.14 731.58 658.16 588.22 533.19
22.95 27.09 25.46 23.93 20.38 22.40 22.34 22.43 27.20 33.06 39.96 23.09 18.31 38.20 23.58 32.64 32.64 47.20 57.29 31.85 23.12 16.63 11.90 10.12
40.61 47.94 45.05 42.34 33.68 39.63 39.52 39.68 48.13 58.50 70.70 40.83 30.66 66.72 40.55 57.75 57.75 83.96 101.67 56.35 40.90 29.43 21.06 17.91
8.06 20.88 8.95 8.64 8.45 7.98 7.54 17.47 8.03 12.65 32.91 48.10 62.51 76.62 94.26 116.30 125.00 76.50 29.29 6.79 4.60 3.22 2.52 2.74
38.55 31.79 32.79 33.87 35.55 32.19 29.45 20.16 8.36 8.69 9.15 9.75 10.90 12.61 16.67 36.49 64.36 34.80 34.80 34.80 60.48 52.79 20.94 18.64
8.54 22.22 9.49 9.16 8.96 8.46 7.99 18.52 8.52 13.42 34.91 51.13 66.26 81.22 99.92 123.28 132.50 81.09 31.05 7.20 4.87 3.41 2.67 2.90
13.57 36.33 15.08 14.55 14.23 13.44 12.69 29.43 13.53 21.44 55.66 83.28 105.26 129.04 158.74 195.85 210.50 128.82 49.34 11.44 7.74 5.42 4.24 4.61
117.82 127.18 147.59 146.15 144.96 100.25 37.97 35.50 44.98 57.04 72.45 197.33 294.53 322.82 393.16 481.40 595.40 306.01 97.74 12.93 9.17 6.73 10.07 23.52
40.26 43.17 44.43 48.48 55.53 51.74 47.94 44.34 25.49 14.18 15.06 16.90 19.43 22.57 21.13 21.52 24.06 48.99 96.95 110.02 89.61 77.31 72.60 68.27
47.36 50.79 52.27 57.03 65.33 60.87 56.40 52.16 29.97 16.68 17.71 19.88 22.86 26.55 24.86 25.32 28.30 57.62 114.06 129.44 105.42 90.96 85.41 80.32
3.90 1.98 1.69 1.51 1.41 1.17 1.03 0.98 2.31 4.50 7.84 13.67 22.07 33.65 41.40 41.40 41.40 41.40 41.40 41.40 41.40 30.35 18.21 11.51
2.15 2.46 2.48 2.50 2.54 2.45 2.38 2.36 2.34 4.36 7.73 8.87 10.37 12.34 6.49 14.80 23.16 14.89 9.01 12.55 6.99 4.56 2.86 2.81
17.00 13.30 12.22 11.10 10.16 9.34 9.09 9.31 18.91 33.37 88.38 96.55 121.37 108.06 123.53 141.50 99.58 86.54 60.32 65.28 48.97 34.12 22.80 14.63
45.18 52.40 51.61 50.95 50.46 49.33 48.31 47.48 37.63 16.70 18.34 17.78 18.04 19.03 22.33 35.28 60.00 60.00 60.00 60.00 61.79 84.12 63.80 63.32
34.15 39.61 39.02 38.52 38.15 37.29 36.52 35.90 28.41 12.62 13.86 13.44 13.64 14.39 16.88 26.67 45.36 45.36 45.36 45.36 46.91 63.72 48.23 47.87
19.76 22.92 22.58 22.29 22.08 21.58 21.13 20.77 16.39 7.31 8.02 7.78 7.89 8.33 9.77 15.44 26.25 26.25 26.25 26.25 27.30 36.96 27.91 27.70
31.96 37.07 36.51 36.04 35.70 34.90 34.18 33.59 26.58 11.81 12.97 12.58 12.77 13.46 15.80 24.96 42.45 42.45 42.45 42.45 43.94 59.65 45.14 44.80
41.79 48.47 47.74 47.13 46.68 45.63 44.68 43.92 34.80 15.45 16.96 16.45 16.69 17.60 20.65 32.63 55.50 55.50 55.50 55.50 57.23 77.86 59.01 58.57
29.48 34.19 33.67 33.24 32.93 32.19 31.52 30.98 24.51 10.90 11.96 11.60 11.77 12.42 14.57 23.02 39.15 39.15 39.15 39.15 40.56 55.04 41.63 41.32
65.73 76.24 75.09 74.13 73.42 71.77 70.29 69.09 54.82 24.30 26.68 25.87 26.25 27.69 32.48 51.33 87.30 87.30 87.30 87.30 89.21 121.95 92.83 92.13
0.00 0.00 0.00 0.00 0.00 0.00 0.00 0.00 0.00 0.00 0.00 0.00 0.00 0.00 0.00 0.00 0.00 0.00 0.00 0.00 0.00 0.00 0.00 0.00
38.44 46.76 46.90 47.70 48.83 47.09 45.28 43.60 32.54 42.78 29.96 14.07 13.93 14.49 17.60 26.23 42.20 46.10 50.09 51.18 71.63 88.50 63.37 62.44
36.95 44.95 45.08 45.86 46.94 45.27 43.53 41.92 31.40 40.87 28.66 13.53 13.39 13.93 16.92 25.22 40.57 44.31 48.15 49.20 68.86 85.08 60.92 60.02
49.61 60.36 60.53 61.57 63.02 60.78 58.45 56.28 40.98 57.36 39.80 18.16 17.97 18.71 22.72 33.86 54.47 59.50 64.65 66.06 92.38 114.23 81.79 80.59
176.98 215.32 215.93 219.64 224.82 216.80 208.49 200.76 128.45 215.55 147.45 64.79 64.12 66.74 81.05 120.78 194.30 212.24 230.63 235.65 328.93 407.50 291.78 287.48
63.65 77.44 77.66 78.99 80.86 77.97 74.98 72.20 51.40 75.84 52.24 23.30 23.06 24.00 29.15 43.44 69.88 76.33 82.95 84.75 118.46 146.55 104.94 103.39
0.00 0.00 0.00 0.80 6.67 4.00 5.43 7.19 5.01 3.31 5.10 8.75 16.73 24.84 15.84 10.17 6.91 8.73 11.44 14.99 15.55 19.19 26.61 23.62
4.35 5.93 5.26 4.69 4.18 4.51 4.85 5.21 5.17 5.10 5.05 6.10 6.74 8.26 17.98 29.88 29.88 29.88 29.88 29.88 25.33 12.72 6.29 6.69
26.73 36.49 32.36 28.84 25.68 27.71 29.83 32.02 31.77 31.36 31.09 44.80 41.42 50.81 120.56 183.75 183.75 183.75 183.75 183.75 182.86 78.23 38.67 41.17
3.28 2.57 2.36 2.14 1.96 1.80 1.75 1.80 3.65 6.44 18.17 20.72 23.43 20.86 23.84 27.31 21.84 17.60 11.64 12.60 9.45 6.59 4.40 2.82
5.08 5.82 5.87 5.91 6.01 5.79 5.64 5.58 5.54 10.30 18.30 21.00 24.55 29.21 15.32 35.04 54.84 35.22 21.34 35.91 16.54 10.79 6.77 6.64
4.42 5.06 5.11 5.14 5.22 5.04 4.90 4.85 4.82 8.96 15.91 18.26 21.35 25.40 13.33 30.47 47.69 30.63 18.56 30.13 14.38 9.39 5.88 5.78
0.82 0.94 0.95 0.96 0.97 0.94 0.91 0.90 0.90 1.67 2.95 3.39 3.96 4.72 2.50 5.66 8.86 5.71 3.45 4.30 2.67 1.74 1.09 1.07
13.30 14.68 22.01 34.73 52.47 49.92 47.85 45.71 31.02 18.87 11.01 8.39 9.39 14.30 21.49 30.83 42.56 54.52 60.00 60.00 51.68 41.59 47.16 40.02
17.97 30.29 41.33 58.00 81.71 80.24 80.13 80.22 66.75 55.86 45.93 85.76 143.49 222.88 301.95 338.60 338.60 338.60 338.60 338.60 338.60 321.19 241.70 260.35
34.65 22.92 25.69 22.65 13.47 30.31 37.29 19.75 34.51 19.43 33.37 19.18 11.05 12.32 13.94 18.86 27.98 33.32 39.34 45.00 32.96 43.49 55.62 53.75
34.65 22.92 25.69 22.65 13.47 30.31 37.29 19.75 34.51 19.43 33.37 19.18 11.05 12.32 13.94 18.86 27.98 33.32 39.34 45.00 32.96 43.49 55.62 53.75
2.31 1.57 1.37 1.16 0.90 1.46 1.48 0.81 1.79 1.32 2.22 1.29 0.74 0.82 0.93 1.26 1.87 2.22 2.62 3.00 2.20 2.92 3.71 3.58
47.36 50.79 52.27 57.03 65.33 60.87 56.40 52.16 29.97 16.68 17.71 19.88 22.86 26.55 24.86 25.32 28.30 57.62 114.06 129.44 105.42 90.96 85.41 80.32
27.85 29.86 30.74 33.53 38.41 35.79 33.17 30.67 17.68 9.81 10.42 11.69 13.44 15.61 14.62 14.89 16.64 33.91 67.07 76.11 61.99 53.48 50.22 47.23
36.75 43.38 40.76 38.31 30.91 35.87 35.76 35.91 43.55 52.94 63.98 36.95 28.05 60.58 36.96 52.26 52.26 75.89 91.94 50.99 37.01 26.63 19.06 16.21
52.63 62.13 58.38 54.87 41.98 51.37 51.22 51.43 62.38 75.82 91.64 52.92 38.46 85.52 51.30 74.85 74.85 109.23 132.03 73.04 53.01 38.14 27.30 23.22
6.20 7.35 7.11 6.85 6.65 6.53 6.47 6.45 7.20 8.04 12.10 8.99 9.34 10.08 10.18 38.68 29.02 27.70 26.97 26.72 18.48 12.29 7.93 7.70
9.11 10.80 10.46 10.07 9.77 9.60 9.50 9.48 10.58 11.82 19.53 13.21 13.73 14.82 14.96 56.92 42.67 40.72 39.64 39.27 27.17 18.07 11.66 11.33
11.49 8.24 9.93 6.70 11.19 6.00 6.55 9.00 15.29 24.53 37.32 36.68 40.07 41.94 41.94 41.94 50.50 111.85 132.94 113.41 69.85 48.90 58.26 56.42
0.00 0.00 0.00 0.00 0.00 0.00 0.00 0.00 0.00 0.00 0.00 0.00 0.00 0.00 0.00 0.00 0.00 0.00 0.00 0.00 0.00 0.00 0.00 0.00
15.39 11.04 13.31 8.96 15.44 8.56 8.78 12.07 20.49 32.86 50.01 49.14 53.70 56.20 56.20 56.20 64.20 146.43 178.13 153.69 93.07 63.57 78.06 75.60
4.55 2.02 2.08 2.24 2.51 2.09 1.79 1.63 3.63 6.86 11.67 18.43 27.45 39.27 45.90 45.90 45.90 45.90 45.90 45.90 45.90 45.90 35.34 22.74
49.78 41.06 42.35 43.74 45.91 41.57 38.03 26.04 10.80 11.22 11.81 12.59 14.07 16.28 21.53 47.45 83.81 44.94 44.94 44.94 80.96 69.53 27.04 24.07
13.30 22.42 30.59 42.93 60.48 59.39 59.30 59.37 49.40 41.34 34.00 63.47 106.20 164.96 223.48 250.60 250.60 250.60 250.60 250.60 250.60 237.71 178.88 192.69
52.25 57.52 58.22 58.96 59.21 57.57 57.00 57.33 73.67 93.00 116.66 123.54 131.45 140.63 51.03 26.19 43.10 65.74 145.87 230.00 172.46 84.78 38.03 30.91
38.15 63.55 34.69 17.74 17.26 29.51 47.61 31.99 14.57 30.91 62.57 64.88 67.34 70.48 54.77 44.09 37.67 28.95 28.03 20.54 13.00 7.91 4.65 3.84
4.08 5.43 5.75 6.19 6.80 6.75 6.70 6.67 4.83 3.36 4.15 8.21 5.78 13.92 15.81 15.40 25.67 29.16 30.00 30.00 23.76 14.65 22.16 6.49
0.00 13.43 18.78 27.24 39.82 53.26 73.31 101.29 95.20 89.97 84.65 117.08 157.66 206.90 211.25 229.60 265.11 240.06 224.66 218.78 195.13 173.83 155.69 188.70
5.87 15.97 15.30 17.19 21.89 20.76 19.71 18.83 22.52 27.20 32.68 49.82 72.29 101.22 88.34 86.30 94.68 67.86 52.69 46.46 62.25 85.30 117.20 121.96
0.00 0.00 0.00 0.00 0.00 0.00 0.00 0.00 0.00 0.00 0.00 0.00 0.00 0.00 0.00 0.00 0.00 0.00 0.00 0.00 0.00 0.00 0.00 0.00
0.00 0.00 1.01 2.57 6.05 7.01 8.08 9.30 7.05 5.21 7.09 19.19 28.93 42.58 30.36 22.42 17.69 19.99 23.56 28.52 25.50 25.96 17.82 7.73
56.06 59.38 57.19 55.64 54.98 52.37 50.42 49.24 50.43 51.83 30.09 59.64 88.58 64.34 72.06 78.65 89.06 138.13 171.13 185.40 147.86 100.88 68.53 64.71
0.00 0.00 0.00 0.00 0.00 0.00 0.00 0.00 0.00 0.00 0.00 0.00 0.00 0.00 0.00 0.00 0.00 0.00 0.00 0.00 0.00 0.00 0.00 0.00
45.86 38.69 41.60 45.35 49.51 51.10 53.39 56.59 46.25 39.78 36.26 68.29 115.90 182.14 182.59 191.42 208.29 229.20 260.54 304.48 216.77 150.17 101.75 90.79
26.48 35.65 39.94 47.63 59.46 58.12 56.58 55.39 52.79 37.79 15.27 13.52 12.69 12.79 14.42 18.65 26.06 30.06 65.79 137.17 103.86 83.66 74.92 71.47
0.00 0.00 0.00 0.97 3.46 2.74 2.33 2.20 1.51 1.00 0.00 0.00 2.87 3.67 9.24 14.20 22.00 26.40 31.28 36.77 24.93 18.18 15.45 9.17
43.28 48.35 85.40 144.63 233.00 224.07 216.68 209.00 138.47 49.15 15.64 24.47 38.40 59.09 88.41 126.09 174.28 222.68 257.10 257.10 385.16 412.22 245.40 186.27
70.35 77.65 108.04 183.70 277.59 264.05 253.15 241.80 164.10 106.29 65.04 54.87 49.69 75.66 113.68 163.09 225.12 288.40 317.40 317.40 273.37 193.00 234.63 211.71
78.53 107.23 95.10 84.73 75.46 81.41 87.66 94.08 93.36 92.14 91.34 171.24 121.70 149.31 426.79 539.94 539.94 539.94 539.94 539.94 692.70 229.87 113.63 120.97
26.65 20.72 20.12 19.59 18.98 18.44 20.60 25.65 44.03 71.24 109.22 94.00 84.52 163.36 91.18 116.17 116.42 119.79 123.96 129.71 102.86 79.78 60.65 43.73
40.78 31.91 29.31 26.62 24.36 22.41 21.81 22.34 45.36 80.05 206.54 215.25 291.17 259.23 296.33 339.46 227.74 213.84 144.71 156.60 117.47 81.86 54.68 35.10
19.55 6.32 6.70 7.10 7.55 7.72 9.03 11.51 20.93 34.96 54.62 58.42 70.02 78.00 78.00 78.00 78.00 78.00 78.00 78.00 116.88 150.50 104.63 95.75
14.68 8.92 9.12 9.36 9.69 9.32 10.78 14.22 28.00 50.31 83.27 90.23 108.37 140.13 168.48 171.72 171.72 171.72 171.72 171.72 130.38 79.70 44.13 36.12
4.09 3.20 2.94 2.67 2.45 2.25 2.19 2.24 4.55 8.04 22.54 25.63 29.23 26.02 29.75 34.08 26.82 21.76 14.53 15.72 11.79 8.22 5.49 3.52
36.62 12.15 12.89 13.66 14.51 14.85 17.36 22.13 40.25 67.24 105.03 112.34 134.65 150.00 150.00 150.00 150.00 150.00 150.00 150.00 224.68 289.43 201.21 184.14
52.52 24.98 19.54 15.75 13.29 10.89 8.94 7.69 14.29 23.99 36.94 79.22 147.03 245.69 326.40 326.40 326.40 326.40 326.40 326.40 326.40 216.34 252.47 85.50
25.17 12.77 10.87 9.71 9.08 7.53 6.62 6.33 14.93 29.05 50.55 88.18 142.40 217.08 267.06 267.06 267.06 267.06 267.06 267.06 267.06 195.76 117.48 74.22
32.23 26.58 27.42 28.32 29.73 26.91 24.63 16.86 6.99 7.27 7.65 8.15 9.11 10.54 13.94 30.34 53.44 29.10 29.10 29.10 49.33 43.55 17.51 15.59
39.61 32.67 33.70 34.80 36.53 33.07 30.26 20.72 8.59 8.93 9.40 10.02 11.20 12.96 17.13 37.52 66.20 35.76 35.76 35.76 62.39 54.36 21.52 19.15
175.06 185.43 178.61 173.75 171.72 163.55 157.47 153.77 157.51 161.86 93.91 201.76 276.65 200.21 250.51 256.72 240.70 431.38 534.44 579.00 461.76 315.04 214.03 202.09
115.81 76.46 110.84 92.51 45.00 104.19 131.58 70.27 119.46 64.84 111.53 64.05 36.92 41.17 46.60 63.03 93.52 111.34 131.49 150.39 110.14 145.24 185.89 179.63
225.67 239.04 230.25 223.99 221.36 210.83 203.00 198.22 203.05 208.66 121.06 263.48 356.63 257.98 334.15 338.13 300.39 556.10 688.96 746.40 595.26 406.12 275.91 260.52
314.14 332.75 320.51 311.79 308.14 293.48 282.57 275.93 282.64 290.45 168.50 371.76 496.44 358.95 485.99 485.34 402.72 774.10 959.04 1039.00 828.61 565.33 384.07 362.65
60.05 71.34 72.58 74.61 77.02 73.34 70.03 67.73 62.66 58.15 54.42 59.43 67.40 113.44 80.93 101.94 338.75 177.69 211.10 249.19 446.10 321.37 94.55 91.05
3.62 8.62 4.02 3.88 3.79 3.58 3.39 7.84 3.61 5.64 14.67 20.97 28.05 34.39 42.31 52.20 56.10 34.33 13.14 3.05 2.06 1.45 1.13 1.23
