23.33393511342968 23.333935113429803 23.333935113429803 23.922319112423942 23.92231911242407 24.6851991590858 25.071968258199842 25.073861549981107 25.91629451507588 25.691428971838164 23.922319112423928 25.56977593629138 22.62755762087296 22.73112597849607 22.69784890859843 22.189948187836062 22.189948187836126 22.480659047624904 23.333935113429767 23.33393511342979 22.480659047624894 22.247873239375284 22.497587919088165 22.497587919087806 
24.352377365146967 24.352377365147273 24.352377365147273 24.795070707335537 24.79507070733583 25.37860563481282 35.994 36.04276522118911 28.22737053653608 30.002996126606796 24.795070707335448 26.034598241591038 23.26788852886455 22.926431428538944 22.90092752571567 22.950105757199623 22.950105757199626 23.71038228365966 24.352377365147245 24.35237736514726 23.71038228365968 23.5352369234117 23.72311937151473 23.723119371514166 
25.159301519952308 25.159301519952013 25.159301519952013 25.486562386800678 25.48656238680066 25.927999999999994 33.19837902165545 33.37277222297852 28.321087352491137 28.80001970156174 25.486562386800546 26.402882594685558 23.76293287848488 23.080193448574633 23.06182917841142 23.552387823897607 23.552387823897632 24.684706926227822 25.159301519951963 25.15930151995202 24.684706926227715 24.55523079239673 24.69412281306246 24.694122813062272 
22.17761272395584 22.177612723955807 22.177612723955807 22.931411470931792 22.93141147093179 23.897916982273863 25.85357367322179 25.70036417400912 25.292691910197206 26.114397963766194 22.931411470931792 25.042024423784568 21.9203708607718 22.510961405953516 22.467276825203253 21.32687792980144 21.32687792980154 21.084451743494125 22.17761272395582 22.177612723955818 21.084451743494085 20.786221929508116 21.106139896330504 21.106139896330184 
26.671730053470732 26.671730053470668 26.671730053470668 26.782634316840834 26.782634316840735 26.957737068987086 30.8310509889456 31.2187086674257 28.932637228159464 27.704159695681838 26.782634316840717 27.093162791098436 24.685175965441818 23.367942967253725 23.36340925775125 24.681253005930934 24.681253005930934 26.510896390945323 26.671730053470693 26.671730053470668 26.51089639094529 26.467018687555914 26.514087307120075 26.514087307120004 
24.263042188972474 24.263042188972964 24.263042188972964 24.718515146766084 24.7185151467667 25.317781774093188 36.89164899306894 36.92196011984318 28.306243246367963 30.373458531949087 24.71851514676605 25.99382520564961 22.88309622891501 22.88308862976503 22.883113983507627 22.88342665952397 22.88342665952397 23.60251407439056 24.26304218897294 24.26304218897295 23.602514074390612 23.422312639958406 23.615618854892535 23.615618854891814 
24.346254851159102 24.34625485115937 24.34625485115937 24.78982403395881 24.789824033959043 25.374437120751473 35.42268239375792 35.47507403908717 28.136745799923915 29.773074370307253 24.789824033958727 26.03180389457597 23.2705107085106 22.925773498770827 22.899706689019396 22.945535959212947 22.94553595921296 23.702989623249923 24.346254851159337 24.34625485115936 23.702989623249934 23.527497749050326 23.7157519106229 23.71575191062236 
25.792075942332175 25.792075942331948 25.792075942331948 26.028816879306124 26.028816879306014 26.35882450812772 30.992245472757286 31.265260855942156 28.392474892743184 27.851076519411873 26.028816879306074 26.69168411018541 24.146314404670697 23.200386008499567 23.18800516377293 24.02468585165572 24.024685851655732 25.44875359559639 25.79207594233198 25.792075942331948 25.448753595596312 25.355090391883333 25.455565060386398 25.45556506038627 
24.51511299155737 24.515112991557352 24.515112991557352 24.934526604082407 24.93452660408241 25.489404197022836 27.79595898855666 27.929064659672218 27.087809579400606 26.680439723077455 24.934526604082485 26.108871622231323 23.357100341649293 22.956593718726573 22.9333772065018 23.07157039401334 23.07157039401339 23.906878236954526 24.515112991557352 24.515112991557352 23.906878236954498 23.740943172524744 23.918945524896586 23.918945524896372 
24.259069078340747 24.2590690783412 24.2590690783412 24.71511039933462 24.71511039933517 25.31507668145175 36.947168634022525 36.97653847818354 28.312117885472265 30.396227155404098 24.715110399334577 25.99201185743082 22.897536819272137 22.883677738082785 22.882321740440926 22.880461159893958 22.880461159893958 23.597716721909364 24.25906907834117 24.259069078341184 23.59771672190941 23.417290422614833 23.610837855248207 23.610837855247514 
24.277904349250502 24.27790434925087 24.27790434925087 24.731251238640215 24.731251238640624 25.327900676920112 36.6430385044051 36.67718701131837 28.278057282955306 30.27177593670181 24.731251238640162 26.000608372383287 23.23085819601732 22.912930958651003 22.886077516247468 22.894519663190366 22.894519663190373 23.620459464814562 24.27790434925083 24.277904349250857 23.62045946481459 23.44109917927942 23.633503074484512 23.633503074483897 
24.463402977881906 24.463402977882104 24.463402977882104 24.89021383442691 24.89021383442705 25.454197430726687 35.36377077670734 35.43171934084685 28.202999999999996 29.7384021238983 24.890213834426778 26.085270904838858 23.338645078752506 22.947798512665873 22.92306616721527 23.032974432150272 23.032974432150283 23.844440720006695 24.463402977882087 24.46340297788208 23.844440720006702 23.67557904059278 23.85672084003383 23.856720840033354 
24.202907299509953 24.20290729951034 24.20290729951034 24.666982700424775 24.66698270042522 25.276838930549317 37.78349957411309 37.7991656383581 28.402978837679857 30.738863454119404 24.666982700424725 25.9663793314217 23.126432520446066 22.893980813661738 22.871123013796787 22.83854243429589 22.838542434295892 23.529903898660017 24.202907299510297 24.202907299510322 23.529903898660056 23.34629902926304 23.54325618700394 23.543256187003315 
24.459004454753202 24.45900445475341 24.45900445475341 24.886444530797416 24.886444530797565 25.451202695958045 35.38873868948665 35.45592726342593 28.203965492249687 29.74888459557271 24.886444530797288 26.08326339615867 23.335841902858924 22.946952008769973 22.922189096382017 23.029691407860323 23.029691407860334 23.839129701059406 24.45900445475339 24.459004454753384 23.839129701059413 23.670019079849077 23.85142792486918 23.851427924868695 
25.810575508352485 25.810575508352255 25.810575508352255 26.04467003712844 26.044670037128327 26.371419938899557 31.03581286867601 31.310876305826685 28.4109603511328 27.86693122047755 26.044670037128384 26.700127407692065 24.157742313816165 23.203917422761958 23.1916939996184 24.038493787369852 24.038493787369866 25.471090989938943 25.81057550835229 25.810575508352255 25.471090989938865 25.378474800203797 25.477826312780326 25.4778263127802 
24.459004454753202 24.45900445475341 24.45900445475341 24.886444530797416 24.886444530797565 25.451202695958045 35.38873868948665 35.45592726342593 28.203965492249687 29.74888459557271 24.886444530797288 26.08326339615867 23.335841902858924 22.946952008769973 22.922189096382017 23.029691407860323 23.029691407860334 23.839129701059406 24.45900445475339 24.459004454753384 23.839129701059413 23.670019079849077 23.85142792486918 23.851427924868695 
25.696032899230207 25.69603289923001 25.69603289923001 25.946513028590967 25.946513028590868 26.293433595758255 30.766059340635675 31.028441969782044 28.296505091347626 27.768764656736412 25.94651302859092 26.64784956912299 24.086984841511295 23.182052185325492 23.168854064784256 23.953000053000455 23.953000053000466 25.332785938556654 25.696032899230023 25.69603289923001 25.33278593855659 25.233687017676026 25.33999270475241 25.339992704752277 
26.721963910231626 26.72196391023156 26.72196391023156 26.82568209744173 26.825682097441636 26.99193879374861 30.801234147135315 31.19559793729195 28.960356221329697 27.687454285808904 26.825682097441614 27.116089782849112 24.715906528550125 23.377508198326254 23.373425949562943 24.71874717547341 24.71874717547341 26.57155151477814 26.721963910231583 26.72196391023156 26.571551514778104 26.53051688079571 26.574535674549182 26.574535674549132 
26.212759082508246 26.212759082508096 26.212759082508096 26.389320266633117 26.389320266633003 26.64524665247159 31.1486630764578 31.474699887039847 28.686234110350757 27.87502114801969 26.389320266633007 26.883686068752546 24.40449224342509 23.28055577579072 23.271889890872114 24.3386805555962 24.338680555596202 25.9567095760265 26.21275908250813 26.212759082508096 25.95670957602645 25.88685564046352 25.961789560520643 25.961789560520543 
24.23658758685963 24.236587586860033 24.236587586860033 24.6958449402346 24.695844940235066 25.29977015646148 37.275380213748626 37.299315235885295 28.347492343341663 30.5307331824608 24.695844940234554 25.981751188571817 23.139665685115293 22.899806120780053 22.87783890384117 22.863681145228234 22.863681145228234 23.570571331575728 24.236587586859997 24.236587586860015 23.57057133157577 23.38887265455087 23.58378499598081 23.583784995980167 
25.270990135046542 25.270990135046144 25.270990135046144 25.582273672141074 25.582273672141024 26.004043201114882 32.88392904429932 33.075150417827025 28.345060460552304 28.662761579376443 25.582273672140936 26.45385785563548 23.83075433130656 23.101420323894676 23.084100023383563 23.63575135877878 23.635751358778816 24.819565908119184 25.270990135046098 25.27099013504614 24.819565908119074 24.696410978853073 24.828522098289422 24.828522098289245 
25.152650641899136 25.152650641898845 25.152650641898845 25.480862933131434 25.48086293313142 25.92347174922921 33.217104013915886 33.39049512455052 28.319659792321858 28.808193202788267 25.480862933131302 26.399847099581415 23.758894219649996 23.07892942216438 23.060502985281293 23.547423658981526 23.547423658981558 24.67667628996129 25.152650641898795 25.15265064189885 24.67667628996118 24.546823738527788 24.686119550995645 24.686119550995457 
25.66249855027014 25.66249855026995 25.66249855026995 25.91777585032695 25.917775850326862 26.27060173200851 30.59469488569782 30.85407905890464 28.248976638617158 27.70275121337238 25.917775850326926 26.632544319007888 24.06608169245039 23.175635787193155 23.162167275031326 23.92797026937485 23.92797026937486 25.292294719685934 25.662498550269966 25.66249855026995 25.292294719685874 25.191297866061213 25.29963950915602 25.299639509155877 
25.740777596516686 25.74077759651667 25.74077759651667 25.984856887415475 25.984856887415482 26.323898025921793 29.00538104870071 29.28713990325493 28.058050302714115 27.05427356496284 25.984856887415546 26.66827128013077 24.110835027443382 23.19029125765491 23.177776211555994 23.986397155559725 23.98639715555976 25.38681314908329 25.740777596516658 25.740777596516665 25.38681314908326 25.290246629419233 25.393835751583556 25.393835751583435 
26.70187412066244 26.701874120662374 26.701874120662374 26.808466201441373 26.808466201441277 26.97826065916633 30.813158656145994 31.20484050266748 28.949270695037924 27.694135201642467 26.808466201441256 27.106920699099128 24.703616599287333 23.373682820546836 23.369420021217955 24.70375230896803 24.70375230896803 26.54729399698702 26.701874120662396 26.701874120662374 26.547293996986987 26.505122347656737 26.550360843872095 26.550360843872028 
25.159301519952308 25.159301519952013 25.159301519952013 25.486562386800678 25.48656238680066 25.927999999999994 33.19837902165545 33.37277222297852 28.321087352491137 28.80001970156174 25.486562386800546 26.402882594685558 23.76293287848488 23.080193448574633 23.06182917841142 23.552387823897607 23.552387823897632 24.684706926227822 25.159301519951963 25.15930151995202 24.684706926227715 24.55523079239673 24.69412281306246 24.694122813062272 
24.252188546618854 24.25218854661925 24.25218854661925 24.709214144515997 24.70921414451645 25.31039207096508 37.03767883850955 37.06546216373952 28.32143600157425 30.433382973837027 24.709214144515943 25.988871547205733 23.20245973262347 22.907024001856822 22.880949754091397 22.875325583221958 22.875325583221947 23.589408789161567 24.252188546619212 24.25218854661923 23.589408789161606 23.408593074629927 23.602558241926484 23.602558241925845 
25.637924072264926 25.63792407226468 25.63792407226468 25.89671681154789 25.89671681154773 26.253870197002225 31.658657181531495 31.9066501528494 28.394654543091125 28.134282451624916 25.896716811547734 26.6213284002862 24.05317977136454 23.17112647183809 23.157267094386512 23.909628065447826 23.909628065447837 25.26262214221228 25.637924072264624 25.63792407226468 25.262622142212134 25.160234454773217 25.270068077224888 25.270068077224746 
25.696032899230207 25.69603289923001 25.69603289923001 25.946513028590967 25.946513028590868 26.293433595758255 30.766059340635675 31.028441969782044 28.296505091347626 27.768764656736412 25.94651302859092 26.64784956912299 24.086984841511295 23.182052185325492 23.168854064784256 23.953000053000455 23.953000053000466 25.332785938556654 25.696032899230023 25.69603289923001 25.33278593855659 25.233687017676026 25.33999270475241 25.339992704752277 
24.437575275357077 24.4375752753573 24.4375752753573 24.86808084796307 24.868080847963206 25.43661263772182 35.25153764053969 35.31702419211303 28.16939111853069 29.69552715668592 24.868080847962965 26.073483007971927 23.32497140709468 22.943050159766198 22.91791609208513 23.013696830950597 23.01369683095061 23.813254930262996 24.43757527535726 24.437575275357275 23.813254930263 23.64293148869038 23.825641353951358 23.82564135395086 
26.464764113413242 26.464764113413167 26.464764113413167 26.60527536106996 26.605275361069825 26.81682429474899 30.946934653707434 31.30701664296061 28.81737699328224 27.77017758311978 26.605275361069815 26.99870246680046 24.55855040275662 23.32853262057327 23.32213999891362 24.526775198603296 24.526775198603296 26.260994322244542 26.464764113413192 26.464764113413167 26.260994322244507 26.205403034225426 26.265037084887354 26.265037084887283 
26.720234118826543 26.720234118826475 26.720234118826475 26.824199756930913 26.824199756930817 26.990761065153865 30.802260883285314 31.196393750015247 28.95940172411935 27.688029532789322 26.824199756930792 27.11530029711515 24.714848328615545 23.377178821774983 23.373081027064046 24.717456072293256 24.717456072293256 26.569462869417308 26.7202341188265 26.720234118826475 26.569462869417276 26.528330334988016 26.572454148797977 26.572454148797927 
25.768363148268122 25.7683631482679 25.7683631482679 26.00849625847141 26.0084962584713 26.342679650690915 31.011412618223122 31.2812230374554 28.38016290906475 27.86101665182737 26.00849625847135 26.680861468466297 24.13181844563902 23.195871584820647 23.183276803948505 24.00698680208452 24.006986802084544 25.420121462745755 25.768363148267923 25.7683631482679 25.420121462745673 25.325116193666773 25.4270305264927 25.427030526492572 
24.487952788440772 24.487952788440943 24.487952788440943 24.911251734498165 24.911251734498272 25.470912170900377 35.11477826314417 35.18781599750676 28.180974270298325 29.6356636067913 24.91125173449805 26.096475565210486 23.355470845813397 22.952617301047386 22.9279614291414 23.0512982244824 23.051298224482416 23.87408351264766 24.487952788440925 24.48795278844094 23.87408351264766 23.70661127095255 23.88626258866044 23.88626258865997 
24.37618494355812 24.3761849435584 24.3761849435584 24.8154725533845 24.81547255338476 25.394815026178716 35.85885792529369 35.91173669226948 28.222144684183522 29.946258385544812 24.815472553384403 26.04546414337583 23.28306108290919 22.93101324095356 22.905674785653577 22.967875553088305 22.967875553088312 23.73912886434846 24.376184943558375 24.376184943558382 23.739128864348476 23.565330933945575 23.75176796312581 23.751767963125268 
25.65072026663092 25.65072026663073 25.65072026663073 25.907682478990374 25.907682478990285 26.262582486798873 30.53450647535052 30.79283749960318 28.23228319996239 27.679565283600223 25.90768247899035 26.62716864950438 24.058739870520718 23.173382152949802 23.15981867102414 23.91917904783297 23.919179047832976 25.27807297167094 25.650720266630746 25.65072026663073 25.27807297167088 25.176409506321782 25.28546623911433 25.28546623911419 
24.24935624118034 24.249356241180717 24.249356241180717 24.706787007302683 24.70678700730311 25.30846369561635 37.07475530341764 37.10188695370274 28.32524421916977 30.448604710026046 24.706787007302623 25.987578868370928 23.20081334227939 22.90649157227775 22.8803849889604 22.873211571932433 22.873211571932433 23.585988907667613 24.24935624118068 24.2493562411807 23.585988907667648 23.405012894057567 23.59915001785491 23.599150017854285 
26.30088564739175 26.30088564739162 26.30088564739162 26.46484011071506 26.46484011071493 26.705247630112463 31.032151383508793 31.370449123533273 28.725119710835546 27.81981233833197 26.464840110714945 26.92390748825689 24.458273260577418 23.29732590849325 23.289462434526577 24.404457554974634 24.40445755497464 26.06311844149377 26.300885647391656 26.30088564739162 26.06311844149372 25.998252176731125 26.067835707837194 26.06783570783711 
22.98945245922115 22.989452459221162 22.989452459221162 23.627115545041548 23.62711554504157 24.450658120748987 26.14014321346913 26.08937330042983 25.857272468574116 26.154439181310792 23.62711554504155 25.41255227319711 22.41857472336775 22.665671577433308 22.629158650589616 21.932828948458905 21.932828948458983 22.06471172849422 22.989452459221162 22.989452459221162 22.064711728494196 21.812429346448795 22.08305844838319 22.08305844838286 
24.304050801525953 24.304050801526294 24.304050801526294 24.753657376922657 24.753657376923012 25.34570249071416 36.22971821825789 36.27043179821935 28.232120386162315 30.102592594213235 24.75365737692259 26.012541748283148 23.24929234040979 22.91810414904082 22.89129115046352 22.91403517678541 22.91403517678542 23.652030130553086 24.30405080152626 24.304050801526284 23.652030130553108 23.474149647353585 23.66496612462686 23.66496612462627 
25.432315245705812 25.43231524570547 25.43231524570547 25.720520830867795 25.7205208308677 26.11388141358093 32.34611095762475 32.562285555002134 28.366998597570174 28.430767564461593 25.72052083086765 26.527487469600196 23.928547045499972 23.132067269532435 23.116268445622303 23.756163197338363 23.756163197338406 25.01435872705325 25.43231524570542 25.432315245705468 25.014358727053118 24.900334263099868 25.022650922820908 25.02265092282075 
24.122348362985708 24.12234836298606 24.12234836298606 24.59794791694305 24.59794791694345 25.221990373186905 38.99911818537164 38.99500393466451 28.53573520834985 31.23679018094118 24.597947916942985 25.92961181659739 23.09293893152385 22.87990054214759 22.855059464392596 22.77841385530621 22.778413855306223 23.432632604242386 24.122348362986017 24.122348362986042 23.43263260424242 23.24446836666919 23.446316463305248 23.44631646330466 
25.05649718550748 25.056497185507418 25.056497185507418 25.398464464017987 25.398464464017966 25.85800566196418 28.696129586775747 28.892067866954722 27.571904265106305 26.99320741423533 25.398464464018176 26.355962165323135 23.690773304980375 23.059878762871385 23.041329869749216 23.475655448684705 23.475655448684748 24.560575313837955 25.05649718550743 25.056497185507418 24.560575313837926 24.425280796211545 24.570414330725622 24.57041433072545 
23.625 23.625 23.625 24.171746454571675 24.1717464545717 24.883370706725508 26.775032953724253 26.801284610081087 26.361552525796156 26.35141686213241 24.171746454571718 25.70261945426115 22.809426800265868 22.78685272058776 22.755887599114757 22.407196810749248 22.407196810749316 22.832106813667142 23.625 23.625 22.832106813667114 22.615794311028267 22.847837697695667 22.847837697695386 
25.761393760614343 25.76139376061407 25.76139376061407 26.002523858779455 26.002523858779373 26.33793454263705 31.786274640498434 32.04919777286701 28.49327130924324 28.174274812670266 26.002523858779384 26.677680603934924 24.12912043751373 23.194669381304877 23.181887099618656 24.001784904019193 24.001784904019203 25.41170624045467 25.761393760614084 25.761393760614066 25.411706240454592 25.31630652718802 25.418643989347856 25.418643989347714 
26.787749218437817 26.787749218437767 26.787749218437767 26.882056656295614 26.882056656295532 27.036728725274873 30.762186575344014 31.165332562448135 28.996656490240866 27.665577197166694 26.8820566562955 27.146114537383493 24.75615069246238 23.390034643929763 23.386543619607195 24.767848830379734 24.76784883037973 26.650984317133386 26.787749218437785 26.787749218437767 26.650984317133357 26.613672913044798 26.653697712630674 26.65369771263059 
25.960254949560056 25.96025494955983 25.96025494955983 26.172937467921937 26.172937467921837 26.473329196534447 31.341170142058782 31.633168705907057 28.553371569617966 27.976190919838178 26.17293746792188 26.768441877953595 24.250109426028565 23.23248235302422 23.221540261279365 24.15021338661094 24.15021338661095 25.65182218652788 25.96025494955987 25.96025494955983 25.65182218652781 25.56767735590347 25.657941447116237 25.657941447116112 
24.50312263628137 24.503122636281535 24.503122636281535 24.92425149847608 24.92425149847618 25.481240562825118 35.13830487883107 35.21311632631957 28.19428138667843 29.643743034493227 24.924251498475943 26.10339916213747 23.363958390895938 22.955442634248353 22.930986315153497 23.062620883811068 23.06262088381108 23.892400421971892 24.503122636281518 24.50312263628151 23.892400421971892 23.72578674326764 23.90451706074838 23.90451706074792 
26.621397978354643 26.62139797835458 26.62139797835458 26.739502368260837 26.739502368260734 26.923468472251805 30.860926129308865 31.241864584173573 28.904864038196646 27.720897768344074 26.73950236826071 27.070190971983003 24.654385317252306 23.35835903402843 23.353372981080682 24.643685526953362 24.643685526953362 26.450122672863884 26.621397978354604 26.62139797835458 26.450122672863856 26.403396341234988 26.45352074969708 26.45352074969701 
25.165665397360073 25.16566539735977 25.16566539735977 25.49201589596929 25.49201589596927 25.932332846361998 33.18046205576702 33.35581410526649 28.322453310164224 28.79219890566352 25.49201589596916 26.40578710121239 23.766797259926175 23.08140292934555 23.06309814326563 23.557137773709538 23.557137773709563 24.692391022116816 25.16566539735972 25.165665397359774 24.692391022116702 24.563275062605076 24.70178071601124 24.701780716011054 
26.700866193792702 26.70086619379264 26.70086619379264 26.807602460977318 26.807602460977222 26.97757441208914 30.8137569218968 31.205304212352203 28.948714521974185 27.69447039054825 26.8076024609772 27.10646067606849 24.702999999999996 23.373490897130345 23.369219039380727 24.702999999999996 24.702999999999996 26.546076970602027 26.700866193792663 26.70086619379264 26.546076970601995 26.503848275959427 26.549147965990684 26.549147965990613 
26.18222522519584 26.182225225195676 26.182225225195676 26.363154352342658 26.36315435234254 26.62445767366239 31.093854750533584 31.416379044092196 28.658318450416523 27.855751660636198 26.363154352342576 26.86975025852697 24.385665014256496 23.274729885228812 23.26580140278375 24.315890316170474 24.315890316170485 25.919841315936633 26.182225225195722 26.182225225195676 25.91984131593657 25.848259265488636 25.925046974048847 25.92504697404875 
25.159301519952308 25.159301519952013 25.159301519952013 25.486562386800678 25.48656238680066 25.927999999999997 33.19837902165545 33.37277222297852 28.321087352491137 28.80001970156174 25.486562386800546 26.402882594685558 23.76293287848488 23.080193448574633 23.06182917841142 23.552387823897607 23.552387823897632 24.684706926227822 25.159301519951963 25.15930151995202 24.684706926227715 24.55523079239673 24.69412281306246 24.694122813062272 
23.381064722060113 23.381064722060156 23.381064722060156 23.962706715187192 23.962706715187245 24.717287356298407 26.102999999999998 26.102999999999998 26.102999999999998 26.102999999999998 23.962706715187206 25.591286133157645 22.65854023757627 22.74027168738371 22.707246609577396 22.225125370127017 22.225125370127085 22.53756593138802 23.38106472206014 23.38106472206015 22.537565931388002 22.307447502413964 22.554300823152758 22.55430082315244 
24.272564838332915 24.272564838333288 24.272564838333288 24.726675557828163 24.72667555782857 25.324265270551983 36.718642289479426 36.75151814164868 28.286102550571314 30.302774477662748 24.726675557828102 25.998171392014786 23.223853394928938 22.911616069184852 22.885012811310684 22.89053429275443 22.890534292754438 23.614012245413225 24.272564838333246 24.27256483833327 23.614012245413257 23.43434976129895 23.627077831856337 23.62707783185572 
25.66249855027014 25.66249855026995 25.66249855026995 25.91777585032695 25.917775850326862 26.27060173200851 30.59469488569782 30.85407905890464 28.248976638617158 27.70275121337238 25.917775850326926 26.632544319007888 24.06608169245039 23.175635787193155 23.162167275031326 23.92797026937485 23.92797026937486 25.292294719685934 25.662498550269966 25.66249855026995 25.292294719685874 25.191297866061213 25.29963950915602 25.299639509155877 
22.23842268944009 22.238422689440057 22.238422689440057 22.983522422017533 22.983522422017526 23.939319451372533 25.86744211106686 25.721964451505134 25.333828426937988 26.114332387885526 22.983522422017533 25.069778406196342 21.957672844328542 22.52254857101263 22.479402405889513 21.37226602664997 21.372266026650067 21.15787704317346 22.23842268944007 22.23842268944007 21.15787704317342 20.863088871212383 21.179314909637572 21.179314909637252 
24.296268655087157 24.29626865508752 24.29626865508752 24.746988485579223 24.746988485579628 25.340404015786795 36.46788849512049 36.50575807307039 28.26326653704972 30.19940414292353 24.74698848557916 26.008989936443328 23.224931016959754 22.915058973240907 22.889739381048685 22.908226641729698 22.9082266417297 23.64263353856583 24.2962686550875 24.29626865508751 23.642633538565857 23.464312611731557 23.655601563001504 23.655601563000893 
25.165665397360073 25.16566539735977 25.16566539735977 25.49201589596929 25.49201589596927 25.932332846361998 33.18046205576702 33.35581410526649 28.322453310164224 28.79219890566352 25.49201589596916 26.40578710121239 23.766797259926175 23.08140292934555 23.06309814326563 23.557137773709538 23.557137773709563 24.692391022116816 25.16566539735972 25.165665397359774 24.692391022116702 24.563275062605076 24.70178071601124 24.701780716011054 
24.282790476379322 24.28279047637969 24.28279047637969 24.735438393324173 24.73543839332458 25.331227396905106 36.573854320498576 36.6091674196313 28.270695147927594 30.24340951620359 24.735438393324117 26.002838426048257 23.23726821168321 22.914134199395544 22.887051815908258 22.898166631406365 22.89816663140637 23.62635924367232 24.28279047637965 24.282790476379677 23.626359243672347 23.447275496700087 23.63938274264127 23.639382742640656 
25.66937087004939 25.669370870049175 25.669370870049175 25.923665067941375 25.923665067941247 26.275280751393392 31.17560933370155 31.431389567016495 28.341538930148566 27.93647491045135 25.92366506794128 26.635680881259812 24.071474086712357 23.1770391484594 23.163537623909505 23.933099716715073 23.933099716715084 25.30059273688201 25.66937087004915 25.669370870049175 25.30059273688191 25.199984833725722 25.30790924072533 25.307909240725195 
22.17761272395584 22.177612723955807 22.177612723955807 22.931411470931792 22.93141147093179 23.897916982273863 25.85357367322179 25.70036417400912 25.292691910197206 26.114397963766194 22.931411470931792 25.042024423784568 21.9203708607718 22.510961405953516 22.467276825203253 21.32687792980144 21.32687792980154 21.084451743494125 22.17761272395582 22.177612723955818 21.084451743494085 20.786221929508116 21.106139896330504 21.106139896330184 
23.79823273493635 23.798232734936537 23.798232734936537 24.320197822778212 24.320197822778397 25.001316225983306 27.84177226553267 27.88211063423921 26.634618186280882 26.765655096817763 24.320197822778177 25.781683769464973 22.918182128761497 22.82006041264539 22.790430416040227 22.536496409721643 22.536496409721686 23.041277553622322 23.798232734936494 23.798232734936523 23.041277553622322 22.83476944827104 23.05629543292485 23.05629543292443 
25.9469094559308 25.946909455930562 25.946909455930562 26.16150107982021 26.1615010798201 26.464242916297447 31.216218846404654 31.50746278025792 28.525844709867844 27.927023017322604 26.161501079820173 26.76235092571387 24.241675425969138 23.229919657029704 23.218879153704137 24.14025241142349 24.140252411423507 25.635708102902054 25.94690945593062 25.946909455930562 25.635708102901972 25.550807961674312 25.641882291908136 25.64188229190802 
26.480393290000602 26.480393290000528 26.480393290000528 26.618668745693167 26.618668745693043 26.827465420681932 30.944620966979265 31.306735599665277 28.82705778867739 27.767789272696767 26.61866874569301 27.005835703740516 24.568125695685584 23.3315097631704 23.325256475633527 24.538440697423447 24.538440697423447 26.2798658503819 26.480393290000556 26.480393290000528 26.27986585038187 26.225159121834754 26.283844285247547 26.283844285247472 
25.354253910265744 25.354253910265367 25.354253910265367 25.653626360522154 25.65362636052208 26.06073334808504 32.60710928494962 32.811203735755015 28.356498756311645 28.54333094140143 25.65362636052201 26.491859872814207 23.881229052477302 23.117238073995317 23.100702920895902 23.697898808847658 23.697898808847707 24.920103173667975 25.35425391026532 25.35425391026536 24.920103173667847 24.80166069746226 24.928716660334352 24.928716660334185 
22.776187077549515 22.77618707754951 22.77618707754951 23.444358298197695 23.444358298197702 24.305456371263304 26.135815395350647 26.057586837704733 25.719727262996013 26.172545491899463 23.444358298197695 25.315216851201388 22.287843705835368 22.625041647383437 22.58663327547301 21.773649285706778 21.773649285706867 21.807203367228603 22.776187077549512 22.776187077549512 21.80720336722857 21.542850873085936 21.826427861315988 21.826427861315654 
25.27949177588629 25.279491775886285 25.279491775886285 25.589559132450674 25.58955913245068 26.009831543853966 28.42342986383562 28.65022211234688 27.673656663579496 26.86243178021946 25.589559132450685 26.457738048437218 23.826905191507326 23.102317324943797 21.11408233294534 16.26164235398445 16.261642353984698 24.829831257252007 25.279491775886285 25.279491775886285 12.890311298655336 12.208 12.93993099136637 12.939930991365632 
27.562923483175105 27.56292348317512 27.56292348317512 27.546340345177313 27.54634034517733 27.564506175669717 30.304404529709856 30.81101659599264 29.42475059903306 27.408731203069493 27.54634034517733 27.499908076620862 25.230368302573535 23.5376390767115 23.54111430581198 25.346433020030318 25.346433020030304 27.586972394725493 27.56292348317511 27.562923483175112 27.58697239472549 27.593533278754855 27.586495267862585 27.586495267862592 
25.539936932393438 25.539936932393108 25.539936932393108 25.812746971864268 25.812746971864193 26.187155646216155 32.281954219675704 32.51249821929953 28.426342145697557 28.39486602436325 25.812746971864154 26.5766065634143 23.994384052861673 23.15255990369907 23.137728340149973 23.836491207714353 23.83649120771438 25.14430707571795 25.539936932393097 25.539936932393108 25.144307075717858 25.03637364169279 25.152156313800575 25.15215631380042 
26.70966794378782 26.709667943787753 26.709667943787753 26.815145099092824 26.815145099092728 26.98356708416657 30.808532549248945 31.20125485437019 28.95357131903761 27.691543343915782 26.815145099092707 27.110477840239064 24.708384470775872 23.3751668738117 23.370974118978225 24.709569559414046 24.709569559414046 26.556704688048452 26.70966794378778 26.709667943787753 26.556704688048416 26.514974143214637 26.55973945651184 26.559739456511775 
26.70187412066244 26.701874120662374 26.701874120662374 26.808466201441373 26.808466201441277 26.97826065916633 30.813158656145994 31.20484050266748 28.949270695037924 27.694135201642467 26.808466201441256 27.106920699099128 24.703616599287333 23.373682820546836 23.369420021217955 24.70375230896803 24.70375230896803 26.54729399698702 26.701874120662396 26.701874120662374 26.547293996986987 26.505122347656737 26.550360843872095 26.550360843872028 
26.212759082508246 26.212759082508096 26.212759082508096 26.389320266633117 26.389320266633003 26.64524665247159 31.1486630764578 31.474699887039847 28.686234110350757 27.87502114801969 26.389320266633007 26.883686068752546 24.40449224342509 23.28055577579072 23.271889890872114 24.3386805555962 24.338680555596202 25.9567095760265 26.21275908250813 26.212759082508096 25.95670957602645 25.88685564046352 25.961789560520643 25.961789560520543 
24.49382353294683 24.493823532947005 24.493823532947005 24.91628265463367 24.91628265463377 25.47490926769303 35.19109059671616 35.26429531685586 28.1963225745808 29.665904470150064 24.916282654633523 26.099155003333294 23.358032078464092 22.953653004645233 22.929132062698407 23.055680103638096 23.055680103638107 23.881172172726075 24.493823532946987 24.493823532946976 23.881172172726075 23.714032195666356 23.893327085473285 23.893327085472823 
24.352377365146967 24.352377365147273 24.352377365147273 24.795070707335537 24.79507070733583 25.37860563481282 35.994 36.04276522118911 28.22737053653608 30.002996126606796 24.795070707335448 26.034598241591038 23.26788852886455 22.926431428538944 22.90092752571567 22.950105757199623 22.950105757199626 23.71038228365966 24.352377365147245 24.35237736514726 23.71038228365968 23.5352369234117 23.72311937151473 23.723119371514166 
24.26177499235371 24.261774992354173 24.261774992354173 24.71742922572515 24.71742922572571 25.316919003189863 36.907570882903684 36.93759559572656 28.307845947243745 30.379999999999995 24.71742922572511 25.993246850566006 22.867325743506353 22.88165131250118 22.882861302968763 22.882480833582413 22.882480833582413 23.60098399143874 24.261774992354145 24.26177499235416 23.600983991438785 23.420710837887814 23.61409398756682 23.614093987566125 
25.682363074521568 25.682363074521344 25.682363074521344 25.934798705764642 25.93479870576446 26.28412649468395 31.60370349623217 31.857849844204765 28.41483959445117 28.107975291916922 25.934798705764468 26.641610590502967 24.080307286960803 23.179583651628718 23.166128285199388 23.942796999556137 23.942796999556165 25.316280239732333 25.682363074521273 25.682363074521344 25.316280239732173 25.21640765218676 25.32354326925283 25.323543269252696 
23.58018937633288 23.58018937633304 23.58018937633304 24.13334610029697 24.133346100297132 24.852861390581523 24.825530663784207 24.86107335574853 26.03696174097674 25.569083316758586 24.133346100296947 25.682167654112877 22.778 22.778 22.74695230654298 22.373750501239947 22.37375050124 22.778 23.580189376332992 23.58018937633302 22.778 22.55915136493041 22.793915319068915 22.793915319068542 
25.404055884075046 25.404055884074957 25.404055884074957 25.696304040084907 25.69630404008487 26.094641025310075 29.27402256019832 29.51029822014885 27.88268415271219 27.193998521377875 25.696304040085007 26.514589750954602 23.904985212491695 23.12618586220235 23.110633494724702 23.735070624232158 23.73507062423219 24.98023681825188 25.404055884074968 25.404055884074957 24.98023681825185 24.864612968312827 24.98864532609186 24.988645326091714 
26.82352192514686 26.823521925146824 26.823521925146824 26.91271198975411 26.912711989754033 27.061084575048895 30.74095330348622 31.148874869883493 29.01639583491572 27.653680883278568 26.912711989754015 27.162441385539356 24.778034646671 23.396846269152785 23.393676740603283 24.7945493072459 24.794549307245898 26.694178252363155 26.82352192514684 26.823521925146824 26.694178252363155 26.658891464631086 26.69674441177973 26.6967444117797 
23.33393511342968 23.333935113429803 23.333935113429803 23.922319112423942 23.92231911242407 24.6851991590858 25.071968258199842 25.073861549981107 25.91629451507588 25.691428971838164 23.922319112423928 25.56977593629138 22.62755762087296 22.73112597849607 22.69784890859843 22.189948187836062 22.189948187836126 22.480659047624904 23.333935113429767 23.33393511342979 22.480659047624894 22.247873239375284 22.497587919088165 22.497587919087806 
24.262470560005195 24.262470560005713 24.262470560005713 24.718025290721698 24.71802529072235 25.317392580472312 36.89944633705073 36.92962350979441 28.307059547309574 30.376657494445563 24.71802529072167 25.99356431123575 22.882999999999996 22.882999999999996 22.882999999999996 22.882999999999996 22.882999999999996 23.60182385810954 24.262470560005696 24.262470560005703 23.6018238581096 23.421590071376894 23.614930991366368 23.614930991365625 
26.157582300341865 26.15758230034169 26.15758230034169 26.342036658204055 26.342036658203938 26.60767953661457 31.106669060551113 31.425917587440825 28.644445430160964 27.863215396247924 26.34203665820398 26.858503100309964 24.370586022249277 23.270037232927404 23.260887573754527 24.297497024034943 24.29749702403495 25.890086091970133 26.157582300341737 26.15758230034169 25.89008609197007 25.817109333843565 25.89539317734373 25.89539317734363 
28.205489582122954 28.205489582122972 28.205489582122972 28.096985790952044 28.09698579095207 28.001997347448683 30.810764110768837 31.396295912315725 29.914031777529246 27.553201492314457 28.09698579095206 27.79317856389348 25.62526137113342 23.660136503483983 23.295551929132298 24.427251561964635 24.427251561964646 28.362842073376186 28.205489582122958 28.20548958212297 26.099992796453392 26.0368549322587 26.104584368402946 26.10458436840288 
26.700866193792702 26.70086619379264 26.70086619379264 26.807602460977318 26.807602460977222 26.97757441208914 30.8137569218968 31.205304212352203 28.948714521974185 27.69447039054825 26.8076024609772 27.10646067606849 24.702999999999996 23.373490897130345 23.369219039380727 24.702999999999996 24.702999999999996 26.546076970602027 26.700866193792663 26.70086619379264 26.546076970601995 26.503848275959427 26.549147965990684 26.549147965990613 
22.23842268944009 22.238422689440057 22.238422689440057 22.983522422017533 22.983522422017526 23.939319451372533 25.86744211106686 25.721964451505134 25.333828426937988 26.114332387885526 22.983522422017533 25.069778406196342 21.957672844328542 22.52254857101263 22.479402405889513 21.37226602664997 21.372266026650067 21.15787704317346 22.23842268944007 22.23842268944007 21.15787704317342 20.863088871212383 21.179314909637572 21.179314909637252 
24.326235997421755 24.326235997422085 24.326235997422085 24.772668926245984 24.772668926246318 25.360807282835143 36.18795268301274 36.231848965439646 28.240022647376158 30.08367759485649 24.772668926245906 26.022667186306176 23.250738189683137 22.92136135469239 22.89571490536509 22.930594038674293 22.930594038674304 23.678817757286982 24.32623599742206 24.326235997422078 23.678817757287007 23.50219288247203 23.691662439810838 23.69166243981026 
25.953097430540947 25.953097430540716 25.953097430540716 26.16680384951695 26.166803849516846 26.46845599922785 31.274155665116062 31.565749502193523 28.538608232444286 27.949820955027477 26.166803849516906 26.76517514929511 24.24558606274885 23.231107915642546 23.220113043327693 24.144871068721965 24.144871068721972 25.64317980407044 25.953097430540765 25.953097430540716 25.643179804070364 25.558629881648088 25.649328524130695 25.649328524130574 
22.17761272395584 22.177612723955807 22.177612723955807 22.931411470931792 22.93141147093179 23.897916982273863 25.85357367322179 25.70036417400912 25.292691910197206 26.114397963766194 22.931411470931792 25.042024423784568 21.9203708607718 22.510961405953516 22.467276825203253 21.32687792980144 21.32687792980154 21.084451743494125 22.17761272395582 22.177612723955818 21.084451743494085 20.786221929508116 21.106139896330504 21.106139896330184 
27.447 27.447 27.447 27.447 27.447 27.485579664336456 30.37251345122473 30.86365538239969 29.36067810961172 27.447 27.447 27.447 25.159450689677755 23.515565505994317 23.517999023021083 25.25990861174507 25.259908611745058 27.447 27.447 27.447 27.447 27.447 27.447 27.447 
27.176194105333494 27.176194105333465 27.176194105333465 27.214933551378994 27.214933551378962 27.301201452699846 30.531620966979258 30.98662350979441 29.210999999999995 27.536398761206296 27.21493355137896 27.323402790599758 24.993781861569445 23.464000000000002 23.464000000000002 25.057781146675882 25.057781146675875 27.12001405596144 27.176194105333476 27.176194105333465 27.120014055961434 27.104687341988484 27.121128659866027 27.12112865986601 
22.716516601316265 22.716516601316258 22.716516601316258 23.393223829636636 23.393223829636646 24.26482972349798 26.080113184566315 25.994623009797234 25.67297406194842 26.15562762884414 23.393223829636636 25.287982937570764 22.251155204961243 22.613664789125806 22.57473491032197 21.729111694989452 21.729111694989534 21.73515394959541 22.71651660131626 22.71651660131626 21.73515394959538 21.467424304733836 21.754624040056825 21.75462404005649 
24.296268655087157 24.29626865508752 24.29626865508752 24.746988485579223 24.746988485579628 25.340404015786795 36.46788849512049 36.50575807307039 28.26326653704972 30.19940414292353 24.74698848557916 26.008989936443328 23.224931016959754 22.915058973240907 22.889739381048685 22.908226641729698 22.9082266417297 23.64263353856583 24.2962686550875 24.29626865508751 23.642633538565857 23.464312611731557 23.655601563001504 23.655601563000893 
24.563231262604205 24.563231262604305 24.563231262604305 24.97576143868395 24.975761438684014 25.522165525108438 34.910420472779 34.9947418431075 28.198282825995033 29.546210269017624 24.975761438683822 26.130833049732573 23.401045767421206 22.96691335803133 22.942972047962485 23.10748550643081 23.10748550643082 23.96497888614166 24.56323126260431 24.563231262604322 23.964978886141658 23.801767155995776 23.976848125171966 23.976848125171546 
23.394236645395626 23.394236645395626 23.394236645395626 23.97399436265045 23.973994362650473 24.72625546118918 26.59667302592819 26.594555453151244 26.186367318601338 26.300940709368916 23.973994362650483 25.597297867018526 22.667616802822657 22.742861053299766 22.709873107026084 22.23495679376408 22.23495679376416 22.55347043668675 23.394236645395626 23.394236645395626 22.553470436686727 22.324097494814012 22.570151114427812 22.570151114427517 
22.146411061234197 22.146411061234165 22.146411061234165 22.904673282430405 22.904673282430398 23.876673328106776 25.842557647868645 25.685411076646893 25.27099289167809 26.112858153518253 22.904673282430405 25.02778382372012 21.901223248416485 22.505015386471833 22.461055175908374 21.303589245485185 21.303589245485288 21.046777138393036 22.14641106123418 22.146411061234176 21.046777138393 20.74678141395443 21.068593713452803 21.068593713452472 
24.260955750542347 24.260955750542724 24.260955750542724 24.71672717845997 24.716727178460392 25.316361222347304 36.89734105013067 36.92733922003946 28.30576776993619 30.375949149709935 24.71672717845991 25.99287294437072 23.212224765337442 22.909044480268854 22.88269794516042 22.881869357710233 22.88186935771024 23.599994793779473 24.260955750542685 24.260955750542706 23.599994793779505 23.419675273863696 23.613108161806498 23.613108161805876 
22.86227649088969 22.86227649088974 22.86227649088974 23.51813241025067 23.518132410250733 24.36407035413861 25.54397802141697 25.48142154671489 25.68517673915135 25.925761496555797 23.518132410250658 25.354508504216803 22.339410546892797 22.641346674151023 22.603799608645136 21.83790577063 21.837905770630076 21.911152463785193 22.862276490889727 22.862276490889734 21.91115246378517 21.651672344433315 21.930022624388194 21.930022624387853 
24.51511299155737 24.515112991557352 24.515112991557352 24.934526604082407 24.93452660408241 25.489404197022836 27.79595898855666 27.929064659672218 27.087809579400606 26.680439723077455 24.934526604082485 26.108871622231323 23.357100341649293 22.956593718726573 22.9333772065018 23.07157039401334 23.07157039401339 23.906878236954526 24.515112991557352 24.515112991557352 23.906878236954498 23.740943172524744 23.918945524896586 23.918945524896372 
22.25998477679286 22.25998477679283 22.25998477679283 23.002 23.002 23.953999999999997 25.87235960223596 25.72962350979441 25.34841467378569 26.114309135892928 23.002 25.079619454261145 21.97089943673781 22.526657165108777 22.483701912193755 21.388359805050115 21.388359805050207 21.183912294352794 22.259984776792844 22.25998477679284 21.183912294352755 20.89034446490281 21.20526141390546 21.205261413905138 
24.26401770720994 24.264017707210378 24.264017707210378 24.719351114732 24.719351114732508 25.318445955750867 36.87217506128551 36.90276245519331 28.30391431969541 30.365511183966074 24.71935111473195 25.994270437212975 23.311357515588252 22.917384957577248 22.883308503024356 22.884154778934725 22.88415477893472 23.6036919688089 24.264017707210346 24.264017707210364 23.60369196880894 23.42354574546814 23.616792734197215 23.616792734196547 
24.2857585722468 24.285758572247182 24.285758572247182 24.73798189581323 24.73798189581365 25.333248225176543 36.55396564689525 36.58981508235976 28.269582260241627 30.235109361406785 24.737981895813174 26.004193080336368 23.249310859609505 22.91551506653401 22.88764365781508 22.90038199564176 22.900381995641766 23.629943086004936 24.28575857224714 24.28575857224717 23.629943086004964 23.45102732339826 23.642954368654717 23.6429543686541 
26.70187412066244 26.701874120662374 26.701874120662374 26.808466201441373 26.808466201441277 26.97826065916633 30.813158656145994 31.20484050266748 28.949270695037924 27.694135201642467 26.808466201441256 27.106920699099128 24.703616599287333 23.373682820546836 23.369420021217955 24.70375230896803 24.70375230896803 26.54729399698702 26.701874120662396 26.701874120662374 26.547293996986987 26.505122347656737 26.550360843872095 26.550360843872028 
24.2857585722468 24.285758572247182 24.285758572247182 24.73798189581323 24.73798189581365 25.333248225176543 36.55396564689525 36.58981508235976 28.269582260241627 30.235109361406785 24.737981895813174 26.004193080336368 23.249310859609505 22.91551506653401 22.88764365781508 22.90038199564176 22.900381995641766 23.629943086004936 24.28575857224714 24.28575857224717 23.629943086004964 23.45102732339826 23.642954368654717 23.6429543686541 
22.839643200435283 22.83964320043528 22.83964320043528 23.49873686739203 23.498736867392044 24.348660476807158 26.154352158915323 26.084160476532265 25.76327066413795 26.174116975792654 23.498736867392036 25.344178553522156 22.326777149009025 22.63713368871656 22.59928650314649 21.821012454362375 21.821012454362457 21.883823783015274 22.839643200435283 22.839643200435283 21.88382378301524 21.62306269461546 21.902787099470526 21.902787099470196 
22.483257154198363 22.48325715419835 22.48325715419835 23.193332717345275 23.193332717345285 24.106015013205578 25.923279530637696 25.808931979561613 25.499453205344736 26.114068364784742 23.193332717345275 25.18152212080931 22.107858938101316 22.569201078257493 22.528222694366292 21.55500861349101 21.555008613491104 21.453503653113934 22.48325715419836 22.48325715419836 21.4535036531139 21.172572298474712 21.47393381089902 21.473933810898696 
24.188193549506597 24.188193549506956 24.188193549506956 24.65437378837216 24.65437378837258 25.266821072867778 38.00243078624782 38.01450799127923 28.426756364020402 30.8285584627534 24.654373788372094 25.95966389990396 23.14206777926959 22.89314411126582 22.868189074245233 22.827560202932307 22.82756020293233 23.512137706970844 24.18819354950691 24.18819354950694 23.512137706970883 23.32770008820536 23.525550555308197 23.52555055530759 
25.562395532074266 25.56239553207411 25.56239553207411 25.831992813892104 25.831992813892033 26.202446585322722 30.083156726087335 30.33359024127383 28.107099974359727 27.50569520581099 25.831992813892125 26.586856784337442 24.003683930881007 23.15648226732735 23.142206612097127 23.853254136114106 23.853254136114113 25.1714248252319 25.562395532074124 25.56239553207411 25.17142482523185 25.064762473337254 25.17918162646811 25.17918162646796 
24.221187981259686 24.221187981260076 24.221187981260076 24.682648285907167 24.68264828590762 25.289285333950783 37.50764765848134 37.52780233265779 28.372853353566285 30.62587238918677 24.682648285907117 25.974722729016445 23.13403298870149 22.89717595219764 22.87476820385389 22.852186996451238 22.852186996451238 23.551977000085557 24.22118798126004 24.22118798126006 23.551977000085593 23.369406756543952 23.56525404738172 23.56525404738109 
24.51511299155737 24.515112991557352 24.515112991557352 24.934526604082407 24.93452660408241 25.489404197022836 27.79595898855666 27.929064659672218 27.087809579400606 26.680439723077455 24.934526604082485 26.108871622231323 23.357100341649293 22.956593718726573 22.9333772065018 23.07157039401334 23.07157039401339 23.906878236954526 24.515112991557352 24.515112991557352 23.906878236954498 23.740943172524744 23.918945524896586 23.918945524896372 
25.27949177588629 25.279491775886285 25.279491775886285 25.589559132450674 25.58955913245068 26.009831543853966 28.42342986383562 28.65022211234688 27.673656663579496 26.86243178021946 25.589559132450685 26.457738048437218 23.826905191507326 23.102317324943797 21.11408233294534 16.26164235398445 16.261642353984698 24.829831257252007 25.279491775886285 25.279491775886285 12.890311298655336 12.208 12.93993099136637 12.939930991365632 
26.697703369778893 26.697703369778832 26.697703369778832 26.804892086679885 26.80489208667979 26.975421003146156 30.815634249846006 31.206759310108115 28.94696927876789 27.695522196539535 26.80489208667977 27.105017146848375 24.701065142331803 23.372888651065946 23.368588368445963 24.700639292153667 24.700639292153667 26.54225800278651 26.697703369778857 26.697703369778832 26.54225800278648 26.499850302812185 26.54534201597155 26.545342015971478 
26.787749218437817 26.787749218437767 26.787749218437767 26.882056656295614 26.882056656295532 27.036728725274873 30.762186575344014 31.165332562448135 28.996656490240866 27.665577197166694 26.8820566562955 27.146114537383493 24.75615069246238 23.390034643929763 23.386543619607195 24.767848830379734 24.76784883037973 26.650984317133386 26.787749218437785 26.787749218437767 26.650984317133357 26.613672913044798 26.653697712630674 26.65369771263059 
24.26366279947175 24.26366279947219 24.26366279947219 24.71904697741442 24.719046977414934 25.318204316793402 36.87777642026212 36.90827477036187 28.304536496445486 30.36780402690747 24.71904697741437 25.994108455487698 23.31997230989331 22.918021812348865 22.883237733991987 22.883889878491765 22.883889878491765 23.60326343366951 24.263662799472158 24.263662799472176 23.603263433669554 23.42309712372984 23.61636565981463 23.616365659813955 
23.83519630801341 23.83519630801366 23.83519630801366 24.35187366625611 24.351873666256385 25.026482877204284 43.33893634995239 43.264263065431734 29.009969085938568 33.01437141987038 24.351873666256076 25.798554135183675 22.92613295098264 22.825929380918442 22.797800997230805 22.56408574020938 22.56408574020941 23.085909406457528 23.835196308013614 23.835196308013646 23.085909406457546 22.88149331654288 23.100775148219196 23.100775148218723 
27.545194898945898 27.545194898945905 27.545194898945905 27.531147878313856 27.531147878313867 27.552435667902316 30.314820665584698 30.819066829931277 29.41495176885328 27.414583784195855 27.531147878313867 27.491816659186817 25.219522623690178 23.534263288243274 23.537579204668404 25.333200539275314 25.3332005392753 27.56556592623708 27.5451948989459 27.5451948989459 27.565565926237078 27.571123431296563 27.565161768056146 27.56516176805615 
24.218489418988316 24.218489418988707 24.218489418988707 24.680335759573605 24.680335759574053 25.28744801764643 37.54762851993533 37.56712631212835 28.377188145925764 30.64225342180737 24.680335759573556 25.973491091254104 23.13810905185886 22.897118887040993 22.87423010727223 22.850172810046924 22.850172810046935 23.548718607453676 24.21848941898867 24.21848941898869 23.54871860745371 23.365995634252613 23.562006761701728 23.5620067617011 
26.671730053470732 26.671730053470668 26.671730053470668 26.782634316840834 26.782634316840735 26.957737068987086 30.8310509889456 31.2187086674257 28.932637228159464 27.704159695681838 26.782634316840717 27.093162791098436 24.685175965441818 23.367942967253725 23.36340925775125 24.681253005930934 24.681253005930934 26.510896390945323 26.671730053470693 26.671730053470668 26.51089639094529 26.467018687555914 26.514087307120075 26.514087307120004 
24.563231262604205 24.563231262604305 24.563231262604305 24.97576143868395 24.975761438684014 25.522165525108438 34.910420472779 34.9947418431075 28.198282825995033 29.546210269017624 24.975761438683822 26.130833049732573 23.401045767421206 22.96691335803133 22.942972047962485 23.10748550643081 23.10748550643082 23.96497888614166 24.56323126260431 24.563231262604322 23.964978886141658 23.801767155995776 23.976848125171966 23.976848125171546 
24.352377365146967 24.352377365147273 24.352377365147273 24.795070707335537 24.79507070733583 25.37860563481282 35.994 36.04276522118911 28.22737053653608 30.002996126606796 24.795070707335448 26.034598241591038 23.26788852886455 22.926431428538944 22.90092752571567 22.950105757199623 22.950105757199626 23.71038228365966 24.352377365147245 24.35237736514726 23.71038228365968 23.5352369234117 23.72311937151473 23.723119371514166 
24.352377365146967 24.352377365147273 24.352377365147273 24.795070707335537 24.79507070733583 25.37860563481282 35.994 36.04276522118911 28.22737053653608 30.002996126606796 24.795070707335448 26.034598241591038 23.26788852886455 22.926431428538944 22.90092752571567 22.950105757199623 22.950105757199626 23.71038228365966 24.352377365147245 24.35237736514726 23.71038228365968 23.5352369234117 23.72311937151473 23.723119371514166 
24.26279901486796 24.262799014868587 24.262799014868587 24.718306759312526 24.71830675931334 25.31761620898786 36.89496602605316 36.925220168046465 28.306590505274926 30.37481938817663 24.71830675931252 25.993714219732155 22.88305529260569 22.883050926175873 22.88306549429703 22.883245156217548 22.883245156217548 23.602220452591176 24.262799014868587 24.26279901486859 23.60222045259127 23.422005255312587 23.615326233968062 23.615326233967238 
22.86227649088969 22.86227649088974 22.86227649088974 23.51813241025067 23.518132410250733 24.36407035413861 25.54397802141697 25.48142154671489 25.68517673915135 25.925761496555797 23.518132410250658 25.354508504216803 22.339410546892797 22.641346674151023 22.603799608645136 21.83790577063 21.837905770630076 21.911152463785193 22.862276490889727 22.862276490889734 21.91115246378517 21.651672344433315 21.930022624388194 21.930022624387853 

