1167 1140 1170 1262 1356 1367 1417 1349 1342 1360 1221 1080 1089 1115 1144 1130 1096 986 867 969 975 1107 1019 917 
-809 -784 -812 -888 -962 -933 -937 -846 -849 -910 -816 -716 -761 -810 -860 -857 -815 -664 -509 -610 -619 -754 -674 -584 
-261 -259 -261 -274 -291 -325 -363 -383 -374 -338 -300 -266 -236 -216 -199 -189 -197 -231 -261 -261 -259 -257 -251 -240 
-397 -393 -385 -379 -372 -368 -367 -371 -364 -366 -377 -406 -445 -493 -521 -557 -600 -542 -497 -467 -487 -508 -533 -558 
179 178 174 171 168 166 166 168 164 166 171 184 201 223 236 252 272 246 225 211 220 230 241 252 
3 7 6 5 4 5 3 -2 -8 -19 -38 -58 -84 -117 -120 -129 -143 -131 -119 -111 -132 -154 -180 -230 
-171 -171 -171 -171 -172 -172 -173 -175 -173 -170 -162 -156 -150 -138 -136 -137 -143 -150 -159 -165 -165 -165 -165 -165 
230 225 224 226 235 109 14 26 24 18 194 263 175 250 247 245 246 259 267 260 252 244 235 226 
428 421 418 423 438 321 239 259 255 246 418 482 389 461 456 452 454 476 489 478 465 452 437 422 
284 281 277 278 284 288 296 296 290 276 255 245 226 200 190 180 176 227 272 284 286 287 251 290 
69 75 88 104 126 139 151 167 157 123 69 7 -13 -92 -103 -103 -79 -10 15 75 99 108 69 43 
239 230 213 198 182 174 171 156 161 181 215 266 268 321 322 312 284 267 286 238 215 205 207 272 
867 869 865 863 860 846 833 825 826 836 846 855 851 843 776 624 653 865 859 862 863 864 818 834 
-1081 -1084 -1080 -1076 -1073 -1055 -1040 -1029 -1031 -1042 -1055 -1066 -1061 -1051 -968 -778 -815 -1079 -1071 -1076 -1077 -1078 -1021 -1040 
-1081 -1087 -1077 -1067 -1056 -1036 -1015 -1013 -1014 -1021 -1044 -1075 -1088 -1101 -1040 -828 -878 -1151 -1119 -1116 -1125 -1150 -1100 -1121 
-354 -357 -353 -350 -346 -340 -333 -332 -332 -335 -342 -353 -357 -361 -341 -271 -288 -378 -367 -366 -369 -377 -361 -368 
143 144 148 144 130 78 27 -24 -14 36 71 87 92 76 8 -64 -64 48 53 80 77 58 17 27 
107 115 110 92 79 53 -35 -92 -84 -18 47 21 41 1 -61 -83 -83 49 51 74 65 38 4 29 
107 115 110 92 79 53 -35 -92 -84 -18 47 21 41 1 -61 -83 -83 49 51 74 65 38 4 29 
-82 -98 -84 -47 -27 -11 142 221 208 108 -10 49 0 61 138 167 160 -56 -36 -59 -49 -21 22 -26 
256 262 261 251 248 220 115 36 41 125 190 128 91 14 -41 -65 -70 63 143 193 152 74 24 41 
193 198 197 189 187 166 87 27 31 94 143 96 69 11 -31 -49 -53 48 108 146 115 56 18 30 
193 198 197 189 187 166 87 27 31 94 143 96 69 11 -31 -49 -53 48 108 146 115 56 18 30 
263 269 267 257 254 226 118 37 42 128 195 131 94 15 -42 -66 -72 65 147 198 156 76 25 42 
263 269 267 257 254 226 118 37 42 128 195 131 94 15 -42 -66 -72 65 147 198 156 76 25 42 
217 222 220 212 210 186 97 30 34 105 160 108 77 12 -35 -55 -59 53 121 163 129 63 20 34 
-996 -968 -1007 -1086 -1152 -1096 -1112 -1005 -986 -1046 -952 -825 -455 -277 -300 -287 -240 -129 -598 -740 -559 -256 -157 -66 
-896 -898 -896 -892 -874 -828 -769 -733 -740 -786 -827 -848 -859 -830 -825 -813 -798 -809 -814 -833 -851 -833 -820 -849 
-168 -169 -169 -168 -157 -124 -79 -54 -57 -88 -109 -114 -113 -79 -74 -64 -54 -79 -96 -112 -123 -99 -81 -106 
547 549 548 543 532 515 494 481 485 500 517 532 546 557 565 571 568 551 537 539 544 548 554 561 
107 106 107 109 113 120 128 132 131 123 115 108 101 97 93 91 93 100 107 107 106 106 104 102 
-127 -102 -154 -173 -203 -236 -298 -378 -335 -234 -161 2 164 334 385 403 374 169 -60 -80 22 217 290 273 
199 189 209 234 273 284 296 316 295 260 201 82 -27 -139 -157 -165 -154 -41 98 130 63 -43 -119 -125 
162 149 180 160 131 114 120 156 141 113 140 130 112 76 63 64 75 128 186 176 146 65 77 113 
-195 -196 -191 -190 -206 -258 -290 -329 -324 -288 -271 -244 -263 -294 -302 -274 -291 -303 -273 -250 -262 -297 -322 -323 
23 24 23 23 25 31 35 40 39 35 33 29 32 35 36 33 35 37 33 30 32 36 39 39 
-474 -476 -473 -471 -470 -466 -462 -461 -462 -463 -468 -473 -474 -475 -443 -358 -376 -490 -482 -481 -483 -489 -468 -476 
114 115 112 111 121 151 170 193 190 169 159 143 154 172 177 161 171 178 160 147 154 174 189 189 
-266 -255 -270 -297 -314 -305 -338 -327 -321 -317 -270 -250 -154 -55 -38 -147 -111 -51 -170 -198 -155 -73 -25 11 
-145 -144 -147 -149 -141 -112 -100 -83 -84 -100 -106 -124 -110 -99 -69 -62 -58 -90 -108 -119 -113 -96 -81 -79 
298 297 302 306 290 232 206 170 174 206 217 256 227 203 142 128 119 186 222 246 232 198 166 164 
-398 -396 -404 -409 -383 -294 -252 -196 -203 -252 -273 -333 -292 -259 -169 -149 -136 -232 -282 -319 -300 -250 -203 -201 
-125 -121 -127 -136 -144 -149 -186 151 175 -104 -81 -29 24 43 57 48 35 17 -40 -85 -84 -85 -79 -63 
-289 -293 -287 -279 -272 -269 -234 349 382 -144 -325 -369 -417 -430 -442 -432 -419 -407 -359 -316 -317 -316 -322 -337 
-364 -353 -370 -396 -406 -355 -347 -294 -291 -328 -306 -291 -165 206 144 124 151 -35 -195 -251 -188 -32 270 301 
-742 -725 -745 -788 -831 -835 -890 -877 -864 -852 -774 -712 -538 -549 -585 -589 -571 -398 -605 -653 -576 -465 -503 -451 
84 79 86 96 105 110 153 -101 -120 84 34 -23 -85 -105 -122 -111 -96 -76 -11 40 38 39 32 14 
-302 -311 -298 -280 -265 -258 -180 147 167 -126 -172 -101 -45 -11 -3 -19 -50 -186 -262 -318 -300 -270 -248 -265 
-9 -9 -9 -9 -9 -9 -10 -10 -4 -1 90 168 237 274 284 259 231 166 82 14 23 34 49 66 
1714 1719 1706 1681 1629 1567 1487 1441 1457 1522 1604 1698 1781 1778 1777 1758 1741 1753 1685 1659 1729 1730 1747 1826 
-316 -313 -324 -344 -376 -388 -405 -413 -405 -393 -363 -299 -234 -209 -206 -211 -210 -200 -265 -306 -256 -238 -210 -160 
-172 -171 -172 -175 -183 -197 -212 -223 -220 -201 -176 -154 -137 -134 -133 -137 -142 -162 -179 -179 -172 -166 -160 -156 
-304 -333 -400 -476 -599 -682 -773 -891 -856 -737 -567 -313 -303 -134 -123 -112 -210 -249 -220 -405 -475 -453 -361 -111 
805 782 739 740 733 708 645 539 551 651 677 721 691 550 544 554 461 626 650 555 644 646 540 618 
-477 -431 -336 -235 -144 11 173 393 341 116 -90 -379 -353 -377 -379 -396 -208 -387 -457 -172 -155 -163 -177 -460 
588 565 592 646 728 756 782 809 793 767 673 472 234 88 79 75 125 205 438 539 409 320 247 153 
225 217 214 212 215 223 236 245 251 254 255 253 251 249 248 248 253 262 270 259 248 239 231 224 
-511 -494 -524 -579 -656 -667 -670 -680 -661 -637 -578 -409 -256 -155 -134 -125 -88 -129 -310 -426 -292 -202 -128 -32 
-228 -225 -236 -243 -226 -132 -65 19 13 -63 -93 -115 -39 102 -5 13 32 54 -52 -111 -67 37 166 171 
-494 -491 -497 -502 -498 -470 -454 -429 -430 -451 -454 -460 -428 -408 -441 -455 -444 -389 -432 -452 -435 -401 -388 -382 
188 186 194 201 186 109 53 -15 -11 52 77 95 32 -85 4 -10 -26 -44 43 92 55 -31 -137 -141 
677 658 690 736 744 627 591 476 473 558 531 517 287 -73 59 110 54 43 341 451 336 88 -192 -245 
462 440 463 504 535 435 319 225 219 328 383 295 173 69 69 75 67 -6 150 304 252 239 203 132 
462 440 463 504 535 435 319 225 219 328 383 295 173 69 69 75 67 -6 150 304 252 239 203 132 
463 454 463 478 490 425 330 297 292 348 389 325 252 158 150 156 157 175 283 387 365 355 330 300 
561 540 557 588 612 540 449 393 393 464 491 408 304 199 189 183 166 172 311 439 392 361 345 296 
561 540 557 588 612 540 449 393 393 464 491 408 304 199 189 183 166 172 311 439 392 361 345 296 
-206 -201 -212 -231 -246 -190 -122 -70 -60 -120 -163 -120 -62 -14 -17 -32 -43 24 -51 -128 -111 -123 -89 -52 
-206 -201 -212 -231 -246 -190 -122 -70 -60 -120 -163 -120 -62 -14 -17 -32 -43 24 -51 -128 -111 -123 -89 -52 
567 544 566 605 635 541 427 346 343 442 485 391 267 152 146 146 132 97 259 414 360 335 307 242 
-595 -594 -594 -592 -591 -537 -434 -442 -436 -464 -503 -442 -389 -276 -259 -268 -277 -376 -475 -565 -562 -552 -529 -526 
-183 -182 -183 -183 -183 -126 -28 -26 -24 -62 -136 -108 -82 -8 1 -5 -33 -76 -126 -175 -173 -171 -166 -166 
1033 1033 1031 1028 1028 933 754 768 759 806 875 767 676 480 451 466 481 653 825 982 977 960 919 913 
-1352 -1409 -1348 -1224 -1136 -940 -411 -694 -680 -660 -1061 -954 -1014 -543 -368 -388 -531 -1302 -1448 -1554 -1604 -1663 -1643 -1838 
792 793 792 790 783 772 760 751 754 769 790 808 821 827 827 824 816 801 787 786 793 797 802 805 
173 167 178 229 306 332 343 350 329 295 191 18 -136 -284 -304 -316 -308 -172 1 57 -25 -135 -260 -292 
156 162 143 216 330 384 403 382 373 355 212 36 -107 -224 -230 -243 -241 -149 -27 32 -26 -60 -202 -273 
-500 -492 -492 -499 -521 -549 -592 -627 -621 -577 -516 -454 -420 -437 -425 -420 -454 -453 -519 -561 -542 -517 -494 -489 
64 66 70 74 84 98 117 137 137 120 97 73 72 108 106 108 131 92 100 119 105 86 71 60 
-166 -161 -158 -157 -159 -165 -174 -181 -185 -188 -188 -187 -185 -184 -183 -183 -187 -193 -199 -192 -183 -176 -170 -165 
37 39 41 44 50 58 69 81 81 71 57 43 42 64 63 64 77 54 59 70 62 51 42 35 
-100 -96 -95 -94 -95 -99 -105 -109 -111 -113 -113 -112 -111 -110 -110 -110 -112 -116 -120 -115 -110 -106 -102 -99 
30 32 30 29 29 77 157 163 163 127 49 58 68 112 117 113 80 69 49 28 28 27 23 21 
314 310 313 315 316 -88 -430 -428 -430 -435 306 305 299 296 294 289 282 286 296 302 301 300 297 299 
143 142 143 144 145 -40 -197 -196 -197 -199 140 139 137 135 134 132 129 131 135 138 138 137 136 136 
-21 -24 -25 -19 -1 47 101 147 140 93 56 38 41 72 166 192 195 59 44 21 30 57 95 84 
24 27 28 21 1 -53 -113 -164 -157 -104 -63 -42 -45 -80 -185 -215 -218 -66 -50 -24 -33 -64 -106 -94 
-678 -661 -682 -721 -741 -721 -785 -784 -774 -754 -678 -678 -547 -450 -276 -406 -362 -415 -564 -595 -544 -447 -405 -353 
-18 -20 -21 -16 -1 39 85 123 118 78 47 32 34 60 139 161 164 49 37 18 25 48 80 71 
-359 -352 -357 -375 -397 -426 -477 -502 -495 -461 -414 -388 -339 -340 -463 -495 -488 -306 -358 -357 -341 -322 -340 -317 
-79 -74 -75 -86 -107 -155 -214 -259 -252 -203 -158 -136 -123 -149 -270 -304 -304 -126 -131 -113 -114 -130 -168 -152 
-312 -299 -316 -349 -386 -353 -311 -283 -276 -307 -300 -205 -99 -16 -6 -4 8 9 -117 -217 -128 -39 -21 10 
-646 -644 -656 -677 -682 -596 -487 -419 -422 -510 -562 -518 -451 -363 -349 -332 -296 -287 -388 -498 -460 -399 -342 -328 
917 883 912 965 1005 882 729 630 627 751 800 667 495 327 311 305 281 270 496 707 634 595 557 479 
-775 -771 -780 -801 -826 -814 -793 -783 -774 -779 -754 -681 -610 -528 -516 -506 -502 -565 -656 -697 -659 -594 -534 -529 
-590 -590 -593 -600 -595 -544 -476 -436 -439 -486 -513 -497 -471 -409 -398 -384 -367 -400 -450 -494 -492 -448 -409 -428 
1627 1620 1636 1673 1717 1690 1644 1622 1607 1622 1584 1454 1326 1175 1152 1133 1123 1234 1400 1477 1409 1290 1181 1173 
-883 -877 -893 -923 -952 -904 -841 -802 -796 -840 -842 -755 -655 -550 -534 -522 -499 -529 -659 -755 -695 -617 -545 -519 
369 381 371 349 336 300 159 110 121 189 282 227 204 96 43 26 15 222 294 340 285 204 182 216 
352 371 341 303 268 266 167 196 198 209 288 314 359 314 356 392 408 569 520 487 479 467 466 512 
712 735 716 673 648 579 307 212 234 366 544 438 393 185 82 51 30 427 567 656 550 393 351 416 
89 92 91 87 86 73 -3 -207 -215 -37 16 -45 -96 -105 -137 -155 -138 -82 -3 48 30 -4 -29 -23 
376 389 377 350 333 288 123 65 78 161 274 216 194 76 15 0 14 226 305 357 317 227 181 222 
1284 1286 1273 1323 1411 1448 1458 1429 1403 1394 1253 1092 991 718 706 715 702 946 1064 1109 1150 1033 842 849 
72 51 86 125 182 210 239 289 274 227 193 53 -116 -140 -137 -143 -122 -157 15 98 -67 -114 -121 -229 
72 51 86 125 182 210 239 289 274 227 193 53 -116 -140 -137 -143 -122 -157 15 98 -67 -114 -121 -229 
371 360 376 409 460 483 500 517 504 478 427 314 201 128 118 118 125 168 285 338 264 210 158 102 
371 360 376 409 460 483 500 517 504 478 427 314 201 128 118 118 125 168 285 338 264 210 158 102 
678 660 689 752 851 893 925 956 931 884 783 566 351 211 192 191 203 285 508 612 470 368 269 162 
616 605 603 608 632 665 714 754 751 709 648 585 550 566 553 548 585 588 659 695 671 640 613 605 
-646 -644 -657 -679 -693 -634 -560 -513 -512 -571 -598 -543 -472 -392 -380 -367 -340 -340 -438 -529 -488 -435 -376 -352 
444 461 444 408 384 323 106 30 47 159 310 240 215 69 -9 -28 15 267 366 434 401 288 209 265 
390 399 387 370 358 356 282 -41 -62 226 266 189 127 92 81 95 125 267 350 406 388 358 334 349 
1740 1728 1754 1817 1899 1881 1839 1822 1795 1787 1693 1462 1241 999 964 939 937 1135 1411 1524 1406 1212 1035 1015 
-944 -936 -954 -996 -1051 -1044 -1021 -1013 -994 -984 -916 -760 -611 -452 -429 -414 -415 -549 -733 -806 -727 -599 -482 -468 
-834 -826 -838 -859 -870 -838 -834 -797 -794 -818 -798 -780 -682 -614 -629 -627 -612 -589 -713 -755 -707 -620 -572 -549 
-834 -826 -838 -859 -870 -838 -834 -797 -794 -818 -798 -780 -682 -614 -629 -627 -612 -589 -713 -755 -707 -620 -572 -549 
-1052 -1045 -1062 -1081 -1070 -958 -880 -768 -773 -870 -894 -898 -766 -641 -557 -526 -499 -617 -800 -886 -812 -661 -553 -537 
703 684 715 781 883 928 959 991 964 913 810 584 359 213 194 193 206 291 524 632 485 379 276 165 
8 2 8 52 99 105 63 -5 18 71 27 -35 -36 -28 -15 -22 -37 -84 -133 -87 -82 -20 -65 -114 
8 2 8 52 99 105 63 -5 18 71 27 -35 -36 -28 -15 -22 -37 -84 -133 -87 -82 -20 -65 -114 
-160 -147 -156 -245 -344 -364 -290 -157 -204 -308 -217 -87 -79 -94 -120 -103 -75 13 106 17 12 -108 -13 86 
-80 -72 -78 -96 -92 -75 -156 -207 -200 -141 -78 -155 -112 -146 -188 -213 -209 -105 -115 -97 -99 -112 -135 -110 
-80 -72 -78 -96 -92 -75 -156 -207 -200 -141 -78 -155 -112 -146 -188 -213 -209 -105 -115 -97 -99 -112 -135 -110 
133 135 136 130 120 86 33 -12 -7 40 76 71 72 43 -13 -32 -37 48 66 90 80 53 23 33 
-86 -90 -79 -70 -58 -71 -88 -144 -140 -98 -91 -136 -128 -145 -201 -232 -242 -232 -194 -157 -160 -188 -214 -222 
-86 -90 -79 -70 -58 -71 -88 -144 -140 -98 -91 -136 -128 -145 -201 -232 -242 -232 -194 -157 -160 -188 -214 -222 
44 48 47 38 32 15 -42 -86 -81 -33 8 -16 -2 -29 -77 -95 -97 -15 -7 12 6 -14 -39 -25 
61 66 65 52 44 21 -58 -120 -112 -46 11 -23 -3 -41 -106 -132 -134 -21 -10 17 8 -19 -54 -35 
61 66 65 52 44 21 -58 -120 -112 -46 11 -23 -3 -41 -106 -132 -134 -21 -10 17 8 -19 -54 -35 
-871 -837 -865 -917 -955 -830 -674 -573 -572 -699 -752 -622 -453 -286 -272 -266 -240 -227 -452 -664 -591 -552 -516 -437 
-108 -133 -101 -37 13 -27 14 -48 -63 -39 -131 -208 -488 -650 -603 -604 -640 -732 -389 -292 -423 -646 -749 -823 
-1444 -1386 -1455 -1603 -1740 -1717 -1872 -1792 -1750 -1743 -1497 -1296 -682 -470 -578 -583 -513 -173 -912 -1097 -819 -377 -283 -110 
-586 -573 -589 -624 -656 -651 -689 -671 -661 -658 -600 -553 -409 -357 -392 -399 -381 -288 -462 -505 -440 -336 -314 -272 
-155 -146 -166 -190 -226 -234 -242 -259 -240 -209 -158 -45 60 171 189 198 188 81 -53 -85 -19 85 160 165 
-111 -48 -127 -211 -282 -280 -179 -22 -84 -221 -174 -17 -63 -109 -138 -132 -94 45 205 88 80 -56 -7 85 
-42 -18 -51 -23 16 29 14 -16 -9 5 -42 -63 -90 -101 -94 -103 -107 -111 -107 -92 -90 -60 -108 -138 
-42 -18 -51 -23 16 29 14 -16 -9 5 -42 -63 -90 -101 -94 -103 -107 -111 -107 -92 -90 -60 -108 -138 
-22 -9 -27 -12 8 15 7 -8 -4 2 -22 -33 -48 -53 -50 -55 -57 -59 -56 -49 -48 -31 -57 -73 
-541 -514 -542 -590 -633 -555 -452 -396 -402 -476 -476 -340 -180 -28 0 28 89 32 -176 -363 -258 -158 -114 -45 
693 664 694 745 795 728 640 593 595 657 644 496 327 171 142 114 58 125 340 521 409 305 256 183 
46 42 38 34 30 28 27 24 14 2 -14 -12 -16 -24 -20 -17 -12 5 20 27 34 40 45 53 
-883 -868 -871 -881 -887 -864 -837 -821 -829 -856 -842 -807 -752 -677 -668 -652 -654 -725 -789 -827 -817 -779 -782 -787 
-2 2 -4 -15 -24 -31 -74 240 263 9 56 123 195 128 140 144 138 186 105 51 52 52 61 79 
-269 -281 -267 -242 -222 -196 -164 -555 -590 -291 -309 -376 -465 -337 -333 -355 -335 -474 -394 -341 -329 -298 -295 -335 
328 314 296 280 265 261 265 256 263 264 255 270 240 265 257 262 266 293 359 345 316 301 299 360 
-1463 -1465 -1462 -1467 -1473 -1494 -1512 -1524 -1512 -1491 -1454 -1435 -1408 -1377 -1349 -1310 -1255 -1310 -1386 -1426 -1418 -1408 -1344 -1287 
-55 -53 -52 -51 -52 -54 -57 -59 -61 -62 -62 -61 -61 -60 -60 -60 -61 -63 -65 -63 -60 -58 -56 -54 
-97 -94 -92 -92 -93 -96 -102 -106 -108 -110 -110 -109 -108 -107 -107 -107 -109 -113 -116 -112 -107 -103 -99 -97 
-192 -184 -197 -222 -260 -271 -292 -299 -290 -277 -227 -142 -55 2 10 11 9 -18 -110 -158 -101 -60 -20 22 
268 258 275 311 364 380 408 419 406 388 318 199 77 -3 -14 -15 -13 25 153 221 141 85 29 -31 
-40 33 -55 -225 -387 -392 -622 -567 -493 -436 -134 142 94 28 -30 -11 57 298 559 351 333 72 211 398 
-211 -211 -216 -216 -201 -139 -84 -26 -32 -87 -118 -133 -100 -54 9 28 38 -51 -104 -140 -117 -63 -18 -20 
-211 -211 -216 -216 -201 -139 -84 -26 -32 -87 -118 -133 -100 -54 9 28 38 -51 -104 -140 -117 -63 -18 -20 
-211 -211 -216 -216 -201 -139 -84 -26 -32 -87 -118 -133 -100 -54 9 28 38 -51 -104 -140 -117 -63 -18 -20 
436 434 442 447 422 331 290 234 240 290 309 370 327 291 198 177 163 264 317 355 335 282 234 231 
436 434 442 447 422 331 290 234 240 290 309 370 327 291 198 177 163 264 317 355 335 282 234 231 
-61 -66 -68 -461 -915 -895 -869 -854 -857 -864 -871 -524 -141 -52 -40 -43 -42 -25 -16 -24 -34 -44 -55 -66 
-465 -465 -474 -485 -504 -526 -548 -561 -561 -539 -506 -468 -427 -406 -369 -333 -294 -339 -382 -390 -392 -392 -382 -370 
408 399 413 434 401 287 323 315 316 310 270 415 334 339 295 302 283 267 324 343 327 292 270 244 
408 399 413 434 401 287 323 315 316 310 270 415 334 339 295 302 283 267 324 343 327 292 270 244 
1477 1438 1486 1576 1663 1640 1696 1613 1589 1618 1488 1330 926 730 739 720 675 601 1095 1224 1029 711 593 498 
-258 -254 -271 -302 -334 -292 -240 -206 -200 -241 -243 -156 -55 27 39 47 70 74 -49 -153 -87 -31 35 86 
-258 -254 -271 -302 -334 -292 -240 -206 -200 -241 -243 -156 -55 27 39 47 70 74 -49 -153 -87 -31 35 86 
-975 -960 -963 -975 -985 -969 -950 -940 -946 -966 -944 -902 -841 -763 -754 -739 -743 -821 -888 -923 -909 -868 -867 -871 
238 207 260 368 516 514 513 508 478 476 337 -10 -382 -634 -668 -677 -690 -602 -199 52 -185 -354 -520 -709 
832 800 828 879 919 807 667 576 573 686 729 599 434 275 261 256 232 222 437 636 559 511 476 402 
-344 -353 -341 -352 -368 -378 -369 -359 -365 -376 -363 -355 -340 -334 -334 -325 -325 -335 -343 -341 -335 -334 -309 -295 
11 -14 23 -12 -64 -82 -66 -28 -37 -57 3 35 67 80 71 82 88 95 92 73 71 31 92 133 
-48 -49 -54 -17 27 40 22 -24 -10 22 -25 -76 -85 -84 -73 -78 -89 -121 -151 -117 -114 -62 -104 -146 
-43 -44 -49 -15 24 36 20 -21 -9 19 -22 -68 -77 -75 -65 -70 -80 -109 -136 -105 -102 -56 -94 -132 
244 251 212 313 454 525 528 437 462 520 369 228 174 162 186 169 144 97 51 122 119 240 104 -21 
-154 -135 -111 -83 -85 -77 -63 -48 -51 -63 -87 -112 -134 -168 -202 -267 -250 -181 -132 -166 -211 -306 -233 -197 
-660 -661 -661 -661 -660 -659 -658 -658 -658 -658 -658 -659 -659 -659 -659 -660 -660 -659 -658 -659 -659 -657 -578 -567 
-660 -661 -661 -661 -660 -659 -658 -658 -658 -658 -658 -659 -659 -659 -659 -660 -660 -659 -658 -659 -659 -657 -578 -567 
-660 -661 -661 -661 -660 -659 -658 -658 -658 -658 -658 -659 -659 -659 -659 -660 -660 -659 -658 -659 -659 -657 -578 -567 
-660 -661 -661 -661 -660 -659 -658 -658 -658 -658 -658 -659 -659 -659 -659 -660 -660 -659 -658 -659 -659 -657 -578 -567 
1513 1546 1575 1595 1564 1516 1462 1438 1442 1454 1459 1472 1485 1467 1443 1381 1389 1405 1418 1401 1383 1304 1087 1107 
83 101 120 117 78 37 -1 -15 -10 0 26 64 98 109 99 70 75 64 49 34 38 8 -11 23 
83 101 120 117 78 37 -1 -15 -10 0 26 64 98 109 99 70 75 64 49 34 38 8 -11 23 
136 154 172 186 171 150 126 117 119 121 118 118 120 105 88 49 57 77 93 81 65 15 -9 14 
136 154 172 186 171 150 126 117 119 121 118 118 120 105 88 49 57 77 93 81 65 15 -9 14 
174 197 220 238 218 191 162 150 152 155 151 151 153 134 113 63 73 99 120 104 84 19 -12 18 
490 520 556 552 485 423 367 351 358 373 420 486 543 561 537 479 489 482 461 424 423 356 307 366 
490 520 556 552 485 423 367 351 358 373 420 486 543 561 537 479 489 482 461 424 423 356 307 366 
-445 -447 -444 -442 -440 -432 -425 -422 -422 -427 -433 -440 -440 -438 -406 -325 -342 -452 -446 -447 -448 -451 -428 -437 
1449 1463 1453 1427 1364 1206 1078 985 1001 1103 1206 1335 1348 1332 1201 832 895 1394 1362 1402 1405 1396 1258 1310 
1620 1561 1631 1783 1926 1916 2085 2015 1970 1953 1695 1484 860 639 742 743 675 348 1096 1279 998 553 455 277 
-854 -839 -869 -942 -1050 -1075 -1084 -1101 -1063 -1008 -862 -585 -331 -75 -37 -16 -31 -267 -569 -662 -519 -307 -111 -78 
634 652 629 617 618 620 630 621 605 572 507 496 473 462 462 471 492 558 639 648 581 467 446 588 
1082 1074 1008 996 991 970 921 807 804 872 833 866 812 659 654 673 602 834 942 853 873 759 629 848 
1341 1390 1443 1496 1472 1450 1433 1438 1436 1429 1401 1376 1355 1296 1234 1099 1127 1233 1308 1248 1173 986 878 932 
-91 -102 -112 -121 -134 -151 -171 -198 -194 -167 -134 -101 -107 -32 -33 -38 -70 -134 -132 -165 -149 -124 -103 -88 
-1039 -1037 -1036 -899 -742 -813 -889 -908 -905 -897 -821 -910 -1034 -1061 -1043 -1058 -1061 -1120 -1099 -1084 -1099 -1051 -934 -852 
-509 -507 -507 -440 -363 -398 -435 -444 -443 -439 -401 -445 -506 -519 -510 -518 -519 -548 -538 -530 -538 -514 -457 -417 
-758 -773 -780 -960 -1151 -1183 -1205 -1181 -1186 -1199 -1115 -931 -762 -726 -697 -573 -574 -642 -685 -690 -596 -560 -425 -341 
-17 -18 -12 -11 -4 -13 -42 -92 -89 -47 -29 -70 -114 -131 -177 -204 -207 -178 -136 -105 -124 -146 -168 -168 
-38 -40 -27 -23 -8 -28 -90 -196 -190 -101 -62 -149 -243 -280 -379 -435 -443 -380 -290 -225 -265 -312 -358 -358 
113 113 106 108 100 112 164 237 233 170 135 196 167 194 259 297 299 242 208 166 169 199 230 225 
-133 -132 -125 -127 -118 -132 -193 -278 -274 -199 -158 -230 -197 -227 -305 -349 -351 -284 -245 -195 -199 -234 -270 -264 
-133 -132 -125 -127 -118 -132 -193 -278 -274 -199 -158 -230 -197 -227 -305 -349 -351 -284 -245 -195 -199 -234 -270 -264 
-579 -595 -607 -532 -427 -373 -334 -393 -387 -365 -494 -618 -637 -638 -611 -603 -628 -701 -767 -690 -676 -547 -620 -714 
-1178 -1190 -1196 -1293 -1391 -1453 -1509 -1496 -1500 -1507 -1395 -1272 -1179 -1159 -1124 -1020 -1022 -1112 -1140 -1138 -1061 -1005 -827 -713 
-203 -210 -219 -229 -228 -229 -233 -238 -237 -233 -226 -218 -211 -200 -188 -164 -169 -193 -209 -196 -181 -146 -140 -149 
506 524 546 571 568 572 582 593 591 583 564 545 528 499 469 409 423 481 521 490 451 364 349 371 
506 524 546 571 568 572 582 593 591 583 564 545 528 499 469 409 423 481 521 490 451 364 349 371 
506 524 546 571 568 572 582 593 591 583 564 545 528 499 469 409 423 481 521 490 451 364 349 371 
163 162 147 156 163 138 89 70 76 90 98 72 35 48 37 6 10 44 96 90 42 10 -10 30 
163 162 147 156 163 138 89 70 76 90 98 72 35 48 37 6 10 44 96 90 42 10 -10 30 
-56 -76 -96 -92 -50 -6 37 53 48 37 7 -33 -70 -82 -71 -41 -46 -33 -17 -1 -6 23 44 6 
77 103 131 126 68 8 -50 -72 -65 -50 -9 45 95 111 97 56 63 45 23 2 9 -32 -60 -9 
77 103 131 126 68 8 -50 -72 -65 -50 -9 45 95 111 97 56 63 45 23 2 9 -32 -60 -9 
266 265 241 255 266 226 146 115 125 147 160 118 57 79 62 10 17 71 157 147 68 16 -17 50 
266 265 241 255 266 226 146 115 125 147 160 118 57 79 62 10 17 71 157 147 68 16 -17 50 
780 803 762 831 925 969 933 860 891 952 868 790 736 721 730 699 688 688 683 711 694 741 626 541 
-580 -595 -568 -625 -699 -730 -697 -631 -656 -708 -638 -571 -535 -526 -536 -515 -504 -490 -475 -506 -498 -548 -460 -392 
-69 -71 -62 -56 -39 -31 -55 -99 -90 -52 -41 -106 -96 -121 -170 -195 -210 -191 -176 -149 -152 -175 -199 -203 
-70 -73 -63 -58 -40 -32 -57 -102 -93 -54 -42 -109 -98 -124 -175 -201 -216 -197 -181 -153 -156 -180 -205 -208 
-70 -73 -63 -58 -40 -32 -57 -102 -93 -54 -42 -109 -98 -124 -175 -201 -216 -197 -181 -153 -156 -180 -205 -208 
-70 -73 -63 -58 -40 -32 -57 -102 -93 -54 -42 -109 -98 -124 -175 -201 -216 -197 -181 -153 -156 -180 -205 -208 
-16 -16 -16 -17 -17 -18 -2 17 0 -12 -12 -6 2 14 23 33 47 32 21 15 39 119 172 170 
1 -30 14 -20 -72 -91 -76 -41 -49 -64 -2 23 60 76 68 81 85 85 73 59 57 22 86 124 
765 778 764 716 665 647 609 634 641 645 725 804 811 806 799 810 823 862 906 858 856 795 839 891 
864 879 863 808 751 731 688 716 723 729 819 908 916 910 902 914 929 973 1023 969 966 898 947 1006 
-499 -499 -497 -599 -718 -787 -844 -806 -811 -828 -687 -542 -470 -457 -447 -381 -370 -393 -379 -416 -371 -399 -242 -119 
51 53 54 49 25 -35 -77 -114 -108 -70 -40 6 4 -1 -50 -89 -89 -6 -3 14 11 -3 -29 -20 
51 53 54 49 25 -35 -77 -114 -108 -70 -40 6 4 -1 -50 -89 -89 -6 -3 14 11 -3 -29 -20 
52 54 55 50 26 -35 -78 -116 -110 -71 -40 6 4 -1 -51 -91 -91 -6 -3 14 11 -3 -30 -20 
52 54 55 50 26 -35 -78 -116 -110 -71 -40 6 4 -1 -51 -91 -91 -6 -3 14 11 -3 -30 -20 
52 54 55 50 26 -35 -78 -116 -110 -71 -40 6 4 -1 -51 -91 -91 -6 -3 14 11 -3 -30 -20 
-22 -28 -25 -11 18 81 140 180 172 126 78 26 3 -6 14 99 87 -13 13 0 -7 -10 15 -6 
-22 -28 -25 -11 18 81 140 180 172 126 78 26 3 -6 14 99 87 -13 13 0 -7 -10 15 -6 
-22 -28 -25 -11 18 81 140 180 172 126 78 26 3 -6 14 99 87 -13 13 0 -7 -10 15 -6 
-22 -28 -25 -11 18 81 140 180 172 126 78 26 3 -6 14 99 87 -13 13 0 -7 -10 15 -6 
-177 -175 -176 -180 -187 -199 -213 -222 -220 -209 -198 -187 -177 -170 -164 -160 -162 -174 -184 -182 -179 -176 -172 -167 
-177 -175 -176 -180 -187 -199 -213 -222 -220 -209 -198 -187 -177 -170 -164 -160 -162 -174 -184 -182 -179 -176 -172 -167 
-577 -568 -577 -599 -624 -643 -684 -693 -684 -665 -618 -582 -502 -479 -498 -502 -496 -444 -535 -550 -517 -469 -464 -438 
-420 -420 -421 -419 -414 -402 -391 -382 -383 -393 -400 -407 -408 -441 -455 -463 -460 -403 -405 -409 -409 -409 -437 -439 
523 500 494 498 514 530 553 563 571 572 552 519 487 478 465 460 463 489 538 538 552 563 525 497 
-243 -241 -236 -232 -228 -225 -225 -227 -222 -224 -231 -249 -273 -304 -321 -344 -370 -334 -306 -287 -300 -313 -328 -344 
252 250 245 241 237 235 235 237 233 234 241 258 282 312 329 352 378 343 315 296 308 321 337 352 
469 471 468 467 466 457 451 446 447 452 458 462 460 455 417 329 346 468 465 467 467 468 441 450 
-320 -321 -320 -319 -318 -313 -308 -305 -306 -309 -313 -316 -315 -312 -290 -237 -248 -320 -318 -319 -319 -320 -304 -309 
-216 -216 -215 -215 -214 -211 -208 -205 -206 -208 -211 -213 -212 -210 -195 -160 -167 -216 -214 -215 -215 -215 -205 -208 
-3 -3 -3 -3 -3 -3 -4 -4 -4 -4 -3 -3 -3 -3 -3 -2 -3 -3 -3 -3 -3 -3 -3 -3 
-307 -309 -306 -303 -300 -294 -288 -288 -288 -290 -297 -305 -309 -313 -296 -235 -249 -327 -318 -317 -320 -327 -312 -318 
-135 -161 -137 -77 -45 -18 233 363 342 178 -17 81 0 100 227 274 263 -92 -59 -98 -80 -34 36 -43 
-935 -926 -932 -932 -933 -645 -144 -134 -124 -317 -696 -549 -420 -41 9 -25 -172 -389 -645 -890 -884 -872 -846 -847 
121 129 122 118 117 308 626 651 651 506 197 235 271 450 470 451 320 278 197 114 114 108 93 86 
406 422 406 373 351 295 97 27 43 145 284 219 197 64 -8 -25 14 244 335 396 367 264 191 242 
-1 2 -3 -13 -21 -27 -65 212 232 8 49 109 172 113 124 127 121 164 93 45 46 46 53 70 
-71 -75 -50 -44 -16 -53 -170 -370 -358 -190 -117 -281 -458 -528 -714 -820 -834 -716 -546 -424 -499 -587 -675 -674 
-16 -16 -16 -17 -17 -18 -2 17 0 -12 -12 -6 2 14 23 34 47 32 21 15 39 119 173 170 
-403 -400 -401 -410 -426 -455 -487 -507 -502 -478 -451 -428 -404 -387 -374 -366 -370 -398 -420 -415 -408 -401 -392 -381 
-403 -400 -401 -410 -426 -455 -487 -507 -502 -478 -451 -428 -404 -387 -374 -366 -370 -398 -420 -415 -408 -401 -392 -381 

