1484.97 1436.46 1583.19 1753.36 1786.25 1800.69 1830.74 1819.44 1811.66 1806.24 2039.96 2203.78 2328.43 2322.50 2296.40 2273.66 2196.92 2110.86 2002.12 2050.34 2106.12 2158.65 2192.22 2225.98
2258.02 2139.97 1971.69 1835.87 1840.26 1846.62 1808.78 2048.59 2230.19 2378.20 2176.13 1935.08 1707.90 1643.31 1999.11 2232.90 2164.25 2010.11 1816.45 1936.22 2040.98 2133.94 2062.88 2030.13
2048.51 2040.04 2074.68 2140.79 2054.43 2008.14 2021.82 1935.56 1909.12 1907.44 1900.66 2195.45 2456.96 2512.80 2575.22 2625.90 2514.64 2374.07 2193.98 2266.94 2312.18 2360.52 2349.99 2339.84
2332.22 2262.53 2201.23 2156.69 2228.97 2296.62 2358.80 2380.69 2397.97 2409.13 2410.36 2426.40 2451.99 2394.26 2347.38 2314.22 2180.97 2019.70 1814.98 1788.57 1838.10 1939.45 1901.62 1874.37
1864.78 1874.03 1898.54 1939.13 1828.06 1670.67 1604.24 1439.74 1243.40 1225.59 1568.54 1749.17 1876.52 1958.82 2040.74 2120.89 2096.40 2087.96 2099.95 2058.94 2014.65 1970.30 1975.91 1981.53
1991.06 1932.95 1894.77 1885.62 1945.96 1983.11 1999.33 1962.47 1912.93 1834.07 1969.89 2092.29 2194.21 2215.86 2242.51 2270.95 2234.38 2194.30 2146.16 2184.78 2221.51 2258.48 2289.40 2316.90
2350.43 2303.77 2255.23 2203.54 2161.81 2117.57 2068.49 2049.93 2020.27 1980.28 2078.42 2163.56 2234.08 2258.43 2285.61 2312.36 2277.77 2243.71 2205.75 2218.63 2231.57 2247.80 2195.59 2139.54
2079.84 2043.71 2003.63 1962.26 1928.72 1892.31 1855.54 1719.87 1550.36 1321.35 1528.91 1663.63 1762.08 1630.97 1498.29 1401.21 1133.29 1146.05 1524.01 1427.34 1570.78 1861.79 1972.33 2093.93
2214.93 2279.82 2349.79 2422.63 2461.31 2493.81 2515.76 2535.66 2549.87 2559.83 2581.30 2601.31 2614.21 2564.56 2518.83 2475.82 2407.75 2332.66 2243.43 2190.46 2133.26 2071.43 2048.38 2028.85
2017.71 2069.20 2118.66 2169.52 2120.71 2068.18 2009.76 2049.36 2086.50 2119.60 2100.07 2079.63 2070.21 1980.26 1904.14 1858.56 1908.32 1960.24 2012.28 2001.31 1993.43 1987.67 2007.49 2015.45
2026.66 2074.61 2120.87 2165.46 2174.11 2182.78 2190.69 2233.16 2272.82 2306.92 2289.24 2295.50 2331.39 2342.10 2357.32 2374.65 2356.40 2337.54 2316.91 2327.24 2348.85 2379.69 2435.46 2485.78
2479.96 2326.46 2153.24 1972.33 1994.56 1974.58 1953.62 2052.34 2080.37 2116.10 2025.85 2154.32 2323.00 2348.68 2366.11 2390.62 2357.66 2320.83 2273.26 2315.94 2371.71 2435.61 2456.25 2478.16
2476.50 2448.51 2420.99 2394.50 2367.96 2344.82 2331.95 2429.19 2513.92 2587.74 2541.97 2505.92 2482.89 2421.41 2361.55 2298.53 2252.45 2194.26 2137.52 2144.40 2160.11 2186.67 2182.17 2181.73
2186.24 2176.84 2167.24 2155.90 2178.65 2204.45 2226.96 2248.25 2268.61 2286.26 2232.13 2176.99 2115.12 2043.93 1973.33 1899.22 1821.72 1737.11 1646.49 1701.17 1761.14 1822.20 1826.19 1834.02
1844.89 1886.66 1939.95 1998.41 2000.26 2003.75 2005.37 2028.02 2044.13 2056.55 1989.55 1927.15 1871.62 1766.68 1729.32 1783.79 1742.04 1700.10 1651.55 1640.84 1641.07 1655.79 1696.99 1739.07
1776.67 1771.60 1769.03 1772.46 1876.20 1964.79 2044.29 2141.06 2224.25 2295.43 2216.93 2135.26 2048.95 2038.15 2052.15 2088.92 2084.74 2081.87 2079.15 2114.23 2116.39 2120.71 2059.59 2025.23
2032.26 2000.06 1978.24 1970.49 1982.76 1999.60 2021.89 1871.82 1716.09 1623.25 1864.62 1979.61 2067.48 2167.77 2269.04 2366.45 2290.23 2198.30 2077.80 2038.47 1993.96 1945.43 1990.10 2019.40
2042.39 2038.12 2011.01 1989.37 1963.08 1935.68 1909.16 1902.09 1902.87 1932.93 2110.29 2225.65 2285.01 2346.35 2402.41 2456.91 2451.91 2447.94 2442.63 2453.85 2463.75 2471.44 2483.17 2498.45
2516.09 2546.37 2578.27 2607.48 2549.31 2523.77 2544.39 2544.82 2718.51 2951.23 2965.78 2982.35 3005.48 2971.41 2938.85 2905.07 2916.93 2935.18 2958.60 2965.53 2972.60 2980.22 2935.61 2889.73
2844.22 2783.36 2723.79 2668.73 2648.94 2628.69 2609.01 2583.80 2555.42 2524.69 2486.12 2453.05 2427.95 2337.45 2267.70 2225.63 2170.68 2117.67 2068.90 1901.06 1732.10 1779.41 1706.64 1653.81
1643.38 1849.52 2013.30 2150.00 2168.43 2188.69 2209.26 2225.65 2233.88 2233.31 2314.53 2404.36 2488.37 2522.82 2547.71 2574.65 2546.19 2515.69 2478.71 2511.86 2532.99 2550.88 2569.83 2589.71
2610.89 2608.53 2607.80 2606.23 2597.18 2587.12 2578.40 2594.84 2607.91 2606.33 2634.96 2661.26 2685.08 2681.36 2678.36 2677.71 2661.99 2646.09 2625.88 2543.44 2449.60 2340.40 2202.19 2043.72
1870.59 1471.31 2007.42 2388.43 2550.96 2730.59 2915.89 2840.05 2757.32 2672.10 2725.51 2777.18 2817.07 2757.25 2705.69 2654.13 2600.36 2542.03 2477.57 2403.35 2315.63 2211.07 2154.22 2077.94
1992.15 1929.59 1904.94 1931.39 1968.16 2027.17 2097.47 2022.56 1935.63 1832.99 1805.13 1774.46 1745.77 1688.96 1761.95 1891.91 1983.41 2071.71 2155.95 2018.15 1858.79 1693.72 1760.55 1866.07
1981.96 2032.03 2081.52 2129.27 2156.19 2194.81 2209.50 2154.91 2069.80 1964.42 1929.27 1991.78 2088.32 2101.00 2119.89 2144.99 2169.29 2196.11 2222.90 2209.51 2196.89 2176.70 2108.04 2039.48
1984.65 2019.29 2051.32 2061.90 2056.70 2057.50 2045.36 2062.83 2077.51 2091.03 2087.84 2091.77 2098.57 2129.17 2190.55 2269.23 2182.27 2100.77 2042.07 1997.57 1957.95 1927.77 1842.16 1745.13
1629.64 1415.92 1170.63 1332.44 1478.27 1673.93 1841.13 1707.91 1534.14 1289.56 1378.35 1514.96 1666.64 1486.87 1264.02 1157.71 1222.15 1345.36 1470.40 1656.55 1838.22 1999.79 2038.53 2076.76
2117.61 2088.08 2043.51 1993.91 2011.92 2031.28 2048.31 2021.52 1986.81 1942.43 2080.05 2187.32 2272.34 2279.26 2292.39 2304.68 2220.20 2118.43 1989.54 1936.67 1878.40 1811.69 1895.17 2521.68
2928.34 2932.26 2931.33 2939.88 2936.11 2930.59 2928.14 2901.35 2867.59 2829.19 2771.42 2713.13 2658.87 2629.72 2609.54 2600.06 2512.69 2414.03 2298.31 2257.62 2214.45 2171.91 2125.76 2079.68
2035.71 2041.44 2048.29 2053.90 2101.16 2146.17 2189.27 2256.04 2314.90 2368.37 2373.05 2378.81 2379.25 2349.63 2340.59 2347.94 2317.05 2275.04 2229.19 2212.80 2194.55 2177.21 2176.89 2171.56
2150.18 2140.18 2132.93 2126.92 2165.98 2205.65 2244.48 2258.66 2270.42 2278.68 2285.04 2289.93 2291.76 2343.81 2424.43 2500.97 2440.25 2375.28 2303.74 2272.24 2239.88 2209.81 2255.29 2299.90
2344.33 2233.93 2111.46 1974.89 1913.75 1874.49 1868.76 1865.13 1857.53 1847.69 1904.11 1978.07 2053.60 1921.22 1783.54 1659.34 1769.14 1910.60 2047.44 2027.02 2007.00 1980.07 1973.08 1979.15
1997.27 1987.25 1988.35 1983.61 2020.35 2058.69 2088.80 2092.31 2091.58 2086.42 2103.45 2140.57 2191.89 2171.25 2151.13 2135.00 2107.94 2082.89 2058.26 2077.09 2094.36 2111.49 2116.44 2126.02
2133.82 2140.97 2147.62 2152.06 2068.98 1975.93 1871.39 1876.12 1873.93 1835.53 1988.70 2110.79 2208.72 2258.84 2305.83 2356.49 2304.74 2248.67 2186.79 2200.41 2220.98 2224.89 2209.71 2196.91
2185.83 2166.88 2148.54 2130.65 2074.55 2008.44 1947.10 1955.76 1957.43 1942.88 1969.29 2000.91 2033.70 2075.35 2118.05 2164.99 2160.02 2154.75 2159.62 2166.18 2171.13 2176.24 2138.05 2094.58
2048.96 2007.50 1957.16 1902.45 1910.08 1915.12 1915.45 1979.98 2038.25 2092.58 2130.27 2171.75 2208.65 2271.95 2331.39 2391.36 2386.65 2379.66 2372.30 2341.28 2307.61 2271.66 2257.49 2242.48
2219.17 2206.55 2193.06 2180.85 2190.68 2200.88 2210.11 2263.71 2271.20 2271.00 2335.78 2390.96 2436.16 2435.69 2437.27 2442.48 2432.90 2420.03 2403.56 2418.28 2433.03 2448.60 2451.23 2454.17
2455.98 2407.67 2355.10 2299.08 2289.01 2278.21 2267.75 2295.25 2316.45 2334.38 2242.12 2171.76 2138.35 2008.52 1963.88 2041.32 2131.30 2455.57 2778.31 2799.41 2784.63 2757.12 2742.19 2727.95
2718.97 2706.95 2702.73 2709.44 2755.57 2800.60 2846.13 2872.56 2893.13 2915.00 2851.57 2787.36 2726.31 2737.20 2751.70 2770.34 2748.18 2726.73 2707.91 2652.52 2595.87 2539.98 2560.79 2583.17
2608.71 2595.54 2582.74 2573.09 2602.52 2631.71 2661.16 2658.37 2655.65 2647.58 2581.31 2513.56 2445.97 2433.48 2422.54 2411.95 2395.33 2378.64 2361.34 2346.38 2334.71 2326.63 2309.27 2293.30
2280.78 2267.01 2259.68 2258.15 2202.27 2150.74 2102.06 2137.57 2190.49 2249.48 2247.67 2272.71 2313.61 2348.15 2375.68 2397.33 2328.32 2259.69 2195.76 2167.47 2137.71 2106.40 2113.36 2120.06
2128.77 2152.68 2179.79 2208.95 2198.00 2189.78 2183.01 2188.55 2155.27 2118.14 2213.90 2293.13 2369.69 2387.73 2407.23 2427.88 2377.48 2323.63 2263.43 2287.29 2310.63 2333.18 2307.10 2285.09
2272.60 2156.57 2018.61 1851.10 1943.01 2326.26 2628.89 2622.34 2623.95 2639.88 2633.27 2633.71 2633.96 2555.38 2476.52 2398.31 2314.55 2223.90 2130.80 2157.53 2186.43 2219.76 2185.11 2148.25
2109.58 2044.26 1999.08 1993.79 1943.33 1900.74 1869.81 1786.73 1697.33 1622.65 1727.84 1855.73 1964.65 2074.30 2170.60 2260.29 2258.04 2257.95 2262.31 2324.24 2382.85 2440.47 2417.56 2394.46
2374.08 2375.58 2382.28 2393.99 2368.85 2342.23 2313.45 2348.19 2370.09 2381.68 2471.23 2551.20 2621.50 2595.65 2571.80 2553.31 2522.87 2494.53 2476.14 2449.27 2420.61 2392.42 2353.41 2314.32
2275.19 2167.54 2065.00 1991.72 2015.94 2040.26 2062.92 2055.30 2064.61 2086.40 2120.12 2149.91 2177.58 2259.47 2335.30 2408.90 2372.24 2331.84 2284.21 2186.00 2065.05 1913.31 1922.42 1931.25
1943.21 1899.49 1865.72 1848.19 1759.55 1718.76 1747.27 1776.87 1797.52 1805.27 1812.57 1803.98 1799.60 1873.70 1943.35 1983.80 1977.17 1981.48 2002.80 2060.53 2109.07 2162.31 2128.41 2096.86
2070.07 2053.17 2033.31 2015.59 2024.54 2010.64 1989.89 1791.49 1521.86 1062.05 1883.91 2271.67 2532.58 2538.96 2564.11 2597.10 2496.00 2380.49 2249.94 2227.62 2202.29 2174.99 2248.25 2332.56
2404.18 2445.96 2486.32 2526.67 2573.84 2619.43 2664.99 2722.35 2775.80 2825.98 2749.49 2674.16 2602.21 2592.83 2585.07 2583.32 2563.20 2540.02 2515.94 2543.92 2573.07 2583.62 2604.84 2607.83
2610.12 2627.70 2639.84 2632.72 2685.18 2723.37 2752.50 2705.90 2653.93 2599.18 2536.03 2472.36 2409.33 2304.55 2191.54 2060.91 1956.77 1852.71 1767.62 1512.77 1125.81 1505.94 1792.88 2011.06
2143.90 1953.70 1592.31 1242.79 1603.33 1971.26 2192.81 2302.71 2461.61 2618.91 2475.39 2338.74 2210.48 2103.91 1993.19 1876.95 1835.77 1848.57 1922.78 1883.68 1841.23 1792.91 1858.83 1929.58
1999.87 2106.47 2157.55 2195.46 2289.34 2386.23 2481.60 2450.72 2398.46 2341.89 2301.65 2268.09 2242.59 2247.95 2253.58 2234.07 2177.61 2108.32 2033.99 1969.05 1905.96 1851.49 1803.95 1721.42
1597.26 1519.81 1435.84 1346.53 1590.99 1767.70 1911.43 2016.35 2096.79 2162.79 2022.80 1950.71 2003.16 2056.97 2107.42 2150.64 2116.90 2085.37 2060.23 2087.20 2115.59 2146.21 2123.89 2108.21
2099.87 2132.23 2163.73 2193.74 2203.60 2213.20 2223.00 2232.95 2257.26 2297.49 2128.27 2044.20 2089.78 2069.19 2063.16 2028.53 2087.80 2127.31 2160.25 2145.02 2124.26 2101.83 2080.71 2057.18
2033.52 2081.19 2149.85 2231.79 2301.11 2442.28 2604.94 2575.59 2535.85 2494.72 2489.16 2491.44 2484.11 2405.93 2326.92 2248.49 2214.55 2178.70 2143.12 2144.57 2143.65 2139.57 2108.62 2086.25
2043.04 2123.41 2195.55 2262.29 2271.69 2283.72 2296.52 2355.35 2408.08 2456.68 2406.15 2373.08 2365.83 2317.58 2269.27 2227.52 2213.02 2206.49 2157.35 2279.24 2353.09 2419.71 2394.93 2369.21
2342.03 2264.18 2182.75 2098.51 2071.23 2051.36 2041.24 2126.42 2187.04 2250.80 2217.98 2154.13 2084.19 2152.28 2216.53 2274.55 2230.64 2184.07 2128.60 2172.82 2219.58 2269.51 2239.22 2203.61
2167.99 2137.46 2107.12 2077.32 2041.76 2005.02 1963.88 1944.02 1915.39 1877.01 1894.53 1967.76 2061.91 2139.48 2211.58 2285.33 2289.18 2287.68 2276.68 2167.92 2032.38 1862.83 1864.23 1870.45
1849.07 1838.87 1812.31 1782.67 1743.12 1676.83 1631.12 1620.31 1631.82 1584.77 1123.86 1489.72 1812.00 1697.43 1564.42 1423.03 1340.21 1329.81 1417.32 1360.69 1287.72 1224.97 1563.28 1808.18
1996.42 1926.37 1860.63 1805.40 1799.87 1833.47 1900.32 1815.93 1719.59 1622.18 1761.39 1821.08 1886.04 2052.32 2232.38 2395.20 2314.38 2223.47 2121.81 2076.24 2020.16 1957.25 1876.96 1784.09
1677.90 1555.98 1377.89 1229.42 1368.55 1700.81 1918.20 1814.27 1663.36 1484.43 1586.57 1648.02 1712.26 1804.32 1951.06 2100.71 2128.25 2165.88 2216.39 2172.94 2121.95 2027.17 2078.94 2116.89
2158.49 2080.24 1987.50 1875.33 1788.20 1689.65 1573.01 1403.49 1468.46 1636.68 1779.02 1926.55 2063.45 2318.81 2560.82 2755.97 2759.15 2763.20 2769.15 2747.18 2722.47 2698.92 2719.01 2740.00
2761.51 2720.30 2678.18 2635.36 2682.42 2729.83 2776.09 2831.75 2883.10 2934.49 2897.49 2861.29 2830.77 2786.31 2742.78 2703.32 2678.62 2656.15 2636.40 2616.12 2596.22 2577.23 2566.63 2556.34
2548.23 2533.37 2518.31 2508.00 2488.42 2473.71 2464.06 2511.32 2544.07 2570.47 2602.88 2642.48 2686.27 2556.10 2443.74 2369.88 2393.50 2418.09 2447.44 2406.92 2357.39 2300.94 2245.88 2195.04
2156.82 2154.19 2152.63 2156.33 2114.69 2078.41 2048.96 2110.94 2183.19 2253.03 2171.38 2120.55 2106.68 2073.54 2065.28 2089.78 2118.52 2148.88 2181.62 2174.02 2167.33 2149.37 2071.98 1988.40
1897.36 1858.42 1823.56 1790.82 1818.91 1861.41 1912.35 1926.59 1948.92 1974.67 1919.48 1891.39 1890.56 1983.12 2066.04 2132.60 2110.40 2088.91 2071.67 2102.21 2122.52 2147.74 2151.66 2166.08
2190.88 2235.17 2277.92 2320.15 2292.05 2263.53 2232.22 2291.39 2332.69 2362.90 2343.35 2323.01 2304.35 2339.41 2377.11 2419.28 2422.90 2425.00 2430.34 2424.84 2414.81 2403.83 2432.30 2458.89
2485.56 2516.63 2547.70 2578.60 2533.96 2487.19 2435.70 2397.12 2355.19 2309.53 2304.16 2302.89 2298.82 2311.85 2328.20 2348.83 2271.06 2184.92 2093.96 2044.57 1986.27 1926.46 1878.00 1825.70
1774.47 1676.47 1587.54 1526.35 1563.26 1768.69 1940.07 1971.50 2012.26 2053.47 2006.08 1986.56 1990.12 2051.10 2118.36 2191.50 2162.97 2133.11 2085.16 2056.79 2019.60 1976.84 1925.03 1889.79
1855.79 1888.85 1896.23 1900.11 1893.89 1883.76 1844.94 1799.80 1709.55 1611.33 1645.72 1688.06 1734.85 1813.00 1892.33 1971.37 1968.32 1981.60 1972.98 1979.70 1983.23 1989.56 2101.84 2201.77
2294.91 2248.50 2200.13 2148.11 2107.99 2064.20 2017.12 2098.46 2168.16 2203.93 2163.36 2160.12 2181.24 2267.73 2347.19 2424.69 2386.37 2344.33 2300.95 2351.50 2399.23 2448.15 2476.28 2505.27
2531.17 2512.81 2493.79 2475.10 2467.85 2470.69 2483.38 2554.75 2615.38 2672.33 2590.40 2508.65 2430.56 2437.14 2441.75 2448.55 2410.61 2370.52 2334.61 2356.83 2377.59 2399.93 2347.86 2291.69
2230.95 2285.60 2337.80 2387.77 2280.35 2170.67 2065.73 1687.77 1621.25 1943.12 2099.11 2228.25 2345.88 2359.02 2375.12 2398.22 2399.46 2401.50 2401.94 2395.31 2374.58 2351.55 2410.55 2469.14
2526.38 2548.29 2570.57 2595.18 2603.55 2614.23 2628.00 2642.44 2649.40 2658.28 2623.13 2590.59 2566.32 2543.55 2521.42 2500.93 2464.39 2423.84 2384.42 2218.89 2003.34 1695.49 1859.90 1998.20
2113.41 2138.72 2163.68 2190.78 2278.71 2356.30 2429.98 2456.65 2474.68 2488.93 2456.57 2403.38 2364.35 2291.16 2213.81 2146.82 2116.71 2087.51 2059.66 2005.44 1960.60 1936.89 1973.40 2017.25
2066.89 2076.68 2075.00 2075.16 2116.65 2118.06 2121.28 2182.94 2231.57 2265.47 2243.88 2240.76 2256.74 2221.48 2190.07 2164.40 2143.46 2123.64 2108.95 2018.88 1905.69 1765.38 1791.71 1816.48
1844.79 1901.17 1956.32 2012.51 2076.19 2142.28 2189.06 2190.15 2186.37 2181.03 2152.38 2164.77 2183.94 2221.95 2268.89 2321.16 2252.62 2175.56 2096.42 2036.22 1966.45 1894.58 1866.63 1809.97
1773.75 1883.45 1990.44 2084.57 2067.05 2052.06 2039.91 2086.71 2140.69 2195.28 2200.84 2210.91 2217.74 2222.41 2232.03 2242.99 2161.55 2065.40 1957.91 1947.70 1932.41 1918.40 1907.00 1895.79
1884.29 1832.76 1764.10 1684.84 1675.63 1687.33 1714.07 1602.86 1514.91 1542.91 1623.40 1688.45 1708.43 1525.00 1301.06 1220.64 1445.37 1610.27 1751.85 1821.58 1885.64 1951.55 1923.53 1926.16
1965.83 1995.76 2027.69 2062.17 2016.09 1977.97 1938.46 1867.39 1803.89 1749.72 1625.58 1514.28 1340.08 1401.27 1461.82 1525.03 1529.57 1534.46 1547.39 1499.65 1650.63 1801.23 1852.07 1893.67
1962.51 1885.62 1805.64 1729.85 1722.59 1722.30 1733.72 1656.53 1607.50 1588.60 1147.93 1070.42 1399.39 1527.04 1641.94 1749.38 1785.79 1822.66 1866.69 1952.22 2035.14 2100.40 2074.65 2033.66
1994.98 1949.85 1925.85 1927.69 1919.87 1944.59 1991.67 2087.95 2170.65 2228.86 2230.37 2257.20 2294.51 2358.78 2420.78 2483.93 2450.56 2412.15 2373.42 2352.22 2318.12 2280.74 2232.34 2181.77
2130.42 2084.73 2043.82 2013.15 1994.74 1972.93 1956.37 2034.65 2094.04 2151.89 2199.46 2249.84 2290.57 2313.05 2336.94 2365.64 2350.55 2332.84 2318.26 2318.63 2312.12 2297.48 2270.35 2235.10
2201.74 2165.72 2130.59 2097.72 2035.53 1976.79 1926.10 1851.90 1791.28 1752.97 1716.59 1683.39 1675.34 1497.00 1264.68 1098.84 1047.76 1332.00 1452.35 1477.51 1514.78 1567.03 1942.03 2220.84
2412.26 2387.28 2358.81 2328.60 2315.33 2300.71 2286.25 2299.81 2328.48 2359.21 2278.66 2198.55 2122.15 2099.78 2080.82 2068.61 2039.54 2017.42 2010.23 1986.70 1984.12 1982.31 1979.80 1975.84
1968.06 2005.75 2036.43 2071.70 2096.69 2124.62 2157.03 2239.74 2313.79 2374.48 2211.10 2032.90 1837.92 1893.34 1950.17 2011.07 2005.19 2015.69 2051.91 2054.15 2050.62 2049.17 2039.16 2038.09
2052.07 2014.52 1978.59 1940.36 1942.90 1945.46 1951.13 2058.53 2152.36 2223.25 2301.03 2369.51 2434.31 2439.50 2447.70 2459.81 2440.86 2419.97 2400.19 2282.81 2123.66 1902.70 1955.03 2008.89
2059.82 2068.76 2082.48 2100.17 2088.27 2078.53 2070.67 2009.19 1947.42 1885.50 2053.82 2190.46 2279.71 2357.72 2429.81 2496.75 2445.22 2387.25 2326.79 2329.22 2322.79 2317.70 2285.11 2252.10
2219.42 2167.06 2110.99 2050.46 2038.69 2028.09 2031.55 2059.45 2100.17 2137.75 1931.73 1709.64 1618.94 1457.40 1393.16 1528.33 1886.79 2133.65 2359.34 2510.12 2650.11 2785.03 2818.14 2853.22
2892.44 2866.61 2839.99 2811.09 2806.71 2797.99 2790.50 2796.37 2799.40 2801.09 2746.14 2691.64 2642.39 2612.32 2586.36 2563.59 2541.05 2526.93 2524.81 2466.33 2404.19 2346.83 2283.49 2221.95
2169.57 2184.27 2202.51 2226.67 2220.64 2215.03 2206.44 2255.84 2292.16 2328.26 2222.72 2138.61 2105.31 2140.10 2178.82 2204.77 2187.48 2169.89 2154.28 2132.71 2098.27 2061.02 2078.19 2093.56
2111.36 2105.40 2100.16 2096.35 2092.00 2089.48 2084.61 1947.49 1796.56 1631.47 1509.49 1448.17 1465.48 1680.41 1840.42 1974.58 1953.77 1985.57 2069.31 2014.90 1937.23 1841.86 1868.15 1897.62
1928.26 1895.44 1890.12 1907.87 1932.56 1956.32 1979.79 2155.30 2291.97 2400.94 2424.91 2471.56 2535.64 2541.32 2553.25 2567.83 2553.53 2540.84 2517.32 2539.31 2547.27 2556.13 2482.11 2401.03
2311.72 2326.20 2343.86 2363.73 2323.64 2277.05 2228.70 2196.42 2161.07 2133.68 2136.97 2143.04 2137.09 2183.02 2241.07 2312.90 2272.20 2231.96 2194.27 2147.01 2088.07 2021.71 2000.55 1978.96
1958.86 1907.56 1867.22 1818.14 1662.66 1486.46 1362.76 1328.81 1578.31 1744.18 1816.38 1912.20 2005.77 2039.51 2113.76 2216.90 2214.56 2213.11 2212.81 2201.73 2183.52 2166.70 2138.88 2110.87
2080.33 2037.81 1992.78 1944.52 1955.57 1965.96 1974.92 2056.22 2122.30 2172.11 2169.58 2180.14 2206.14 2215.29 2227.99 2243.41 2270.74 2300.12 2323.84 2281.48 2233.23 2187.13 2129.32 2071.56
2016.74 2055.74 2097.43 2138.11 2083.99 2037.47 1999.37 2044.41 2083.47 2118.64 2235.19 2333.82 2412.53 2393.19 2378.94 2348.90 2346.04 2350.20 2360.96 2238.71 2093.98 1930.56 1862.92 1786.71
1707.05 1776.81 1873.39 1975.86 1980.29 2058.39 2174.88 2211.27 2246.66 2270.74 2256.93 2244.81 2236.25 2247.94 2264.13 2285.78 2269.10 2252.70 2239.65 2177.12 2094.96 1999.42 1976.07 1955.34
1939.21 1922.16 1905.87 1894.25 1882.33 1886.23 1906.26 1809.04 1718.63 1637.49 1603.20 1711.12 1841.53 1836.60 1835.66 1843.35 1786.64 1721.39 1648.06 1570.57 1486.22 1597.18 1686.07 1769.94
1847.31 1791.70 1772.57 1800.38 1883.51 1961.13 2035.12 2055.00 2072.06 2079.44 2103.72 2152.61 2210.55 2256.98 2304.74 2357.99 2371.40 2385.28 2403.58 2441.43 2471.71 2500.18 2499.05 2498.61
2497.38 2504.34 2511.55 2520.33 2524.89 2529.00 2532.30 2467.81 2402.01 2334.94 2266.16 2155.49 2061.69 1827.46 1487.82 1164.43 1278.00 1410.86 1639.66 1516.63 1438.57 1585.01 1800.28 1993.38
2160.66 2172.60 2211.60 2271.40 2295.90 2324.56 2356.71 2342.12 2321.57 2297.83 2297.00 2302.60 2304.55 2351.56 2407.52 2453.37 2429.89 2407.00 2384.44 2379.25 2369.68 2341.77 2315.12 2286.83
2257.77 2283.19 2310.48 2340.49 2332.44 2324.53 2315.85 2334.36 2378.86 2429.91 2418.49 2460.71 2542.78 2377.84 2282.98 2339.27 2290.02 2250.54 2234.98 2332.12 2402.30 2473.67 2599.36 2719.38
2834.13 2833.31 2838.99 2850.14 2803.66 2764.70 2733.25 2733.07 2732.21 2727.23 2679.76 2637.53 2591.99 2519.31 2435.02 2351.57 2267.70 2172.75 2065.30 1780.54 1301.68 1609.95 1626.38 1644.22
1658.80 1734.08 1810.44 1887.86 1910.68 1926.31 1947.79 1970.39 1994.85 2045.79 2102.91 2161.08 2219.03 2253.61 2287.70 2326.86 2313.22 2299.28 2288.03 2277.35 2251.01 2219.86 2241.85 2268.09
2298.57 2282.16 2267.41 2254.27 2237.84 2220.91 2203.04 2303.95 2379.98 2434.24 2417.74 2406.99 2402.56 2420.77 2440.57 2466.74 2465.63 2466.00 2467.49 2453.17 2433.34 2417.35 2417.56 2422.02
2431.86 2439.63 2447.54 2455.34 2407.69 2358.99 2305.70 2353.07 2391.77 2424.67 2453.35 2479.07 2491.00 2517.11 2543.68 2580.73 2551.47 2520.28 2489.59 2473.80 2449.46 2424.88 2490.73 2553.73
2614.62 2324.23 1849.52 1760.48 1454.07 1570.69 1860.42 1782.75 1716.32 1667.41 1262.49 1776.41 2084.36 2092.41 2097.77 2115.26 2280.39 2439.91 2593.19 2567.98 2521.54 2465.13 2365.17 2262.92
2172.67 2168.77 2176.51 2194.80 2220.08 2259.74 2307.40 2345.44 2400.97 2453.18 2503.69 2551.95 2598.50 2588.53 2581.66 2584.05 2538.05 2488.36 2434.18 2388.69 2322.92 2239.38 2147.42 2031.33
1896.14 1905.52 1912.65 1921.23 1929.51 1940.02 1942.08 1843.47 1746.42 1644.02 1540.86 1631.34 1776.08 1720.22 1718.83 1764.98 1724.25 1684.58 1656.41 1808.30 1956.56 2101.21 2071.93 2040.69
2005.62 1980.15 1972.73 1983.44 1978.25 1974.36 1967.74 2120.26 2234.43 2312.21 2335.03 2364.23 2396.22 2419.25 2443.96 2474.13 2460.52 2448.04 2438.95 2403.40 2355.05 2307.48 2253.94 2196.81
2134.88 2125.86 2117.21 2106.87 2078.47 2067.98 2063.24 2129.79 2203.81 2268.59 2288.99 2310.22 2330.45 2349.40 2370.28 2397.11 2375.81 2353.28 2332.26 2278.53 2207.86 2124.39 2140.22 2156.04
2172.71 2209.09 2243.06 2275.41 2262.82 2252.57 2242.36 2267.63 2288.65 2306.04 2300.42 2302.91 2310.99 2311.32 2313.88 2312.31 2291.85 2270.46 2247.99 2181.08 2086.56 1962.48 1967.86 1979.73
2003.13 2025.82 2057.07 2092.08 2087.28 2085.99 2084.58 2087.85 2105.12 2122.39 2119.72 2156.74 2218.66 2286.60 2348.33 2407.93 2404.65 2401.36 2395.38 2332.97 2257.24 2177.03 2113.28 2054.95
2012.52 1935.51 1876.96 1853.15 1814.09 1826.74 1961.32 2021.84 2078.57 2124.36 2117.52 2106.13 2090.01 2057.22 2029.36 2001.56 2016.18 2033.24 2054.96 2029.27 1986.78 1939.98 1882.70 1823.35
1761.45 1747.18 1732.42 1715.75 1774.40 1829.21 1875.51 1848.67 1862.22 1887.60 1869.77 1906.74 1974.40 1882.24 1784.59 1689.08 1718.34 1768.93 1836.89 1858.96 1911.08 1966.59 1950.64 1897.18
1837.01 1834.35 1833.02 1833.51 1837.51 1847.52 1857.88 1935.90 1995.50 2037.43 2173.57 2301.01 2413.37 2407.26 2402.57 2404.28 2354.09 2293.00 2222.62 2193.42 2150.04 2102.36 2097.13 2091.59
2081.38 2059.10 2031.35 2001.44 1990.04 1990.61 2000.75 2034.13 2055.74 2061.86 2151.48 2248.80 2342.04 2350.30 2360.86 2378.87 2341.01 2298.54 2252.46 2238.58 2213.69 2189.67 2143.60 2092.50
2037.42 2033.15 2030.09 2027.22 2020.01 2019.42 2021.72 2092.28 2151.52 2193.48 2234.41 2276.71 2321.22 2337.13 2355.28 2379.55 2341.14 2302.59 2270.07 2289.14 2302.83 2314.89 2315.66 2312.68
2309.70 2313.98 2320.33 2328.57 2325.26 2321.43 2313.53 2352.99 2383.19 2402.34 2421.50 2443.23 2468.88 2471.73 2476.16 2486.37 2453.78 2420.01 2384.04 2382.35 2368.15 2350.70 2318.60 2285.11
2250.88 2270.44 2290.93 2312.07 2306.28 2300.45 2290.73 2344.19 2384.22 2409.01 2433.35 2458.40 2482.24 2485.52 2493.39 2511.35 2491.89 2471.56 2451.88 2413.68 2359.15 2293.98 2269.64 2252.38
2245.49 2245.23 2243.10 2238.17 1937.75 1507.40 1636.19 1551.84 1467.87 1697.68 1920.08 2079.46 2198.67 2248.95 2304.59 2365.16 2317.16 2261.82 2199.86 2104.49 1974.65 1812.67 1778.78 1751.92
1742.08 1785.30 1826.00 1863.91 1899.20 1942.59 1986.29 2007.74 2038.08 2074.00 2107.85 2175.34 2254.71 2259.64 2269.68 2289.63 2261.31 2233.02 2204.26 2119.17 2024.21 1945.83 1929.05 1909.11
1843.60 1795.54 1773.49 1781.87 1769.56 1782.53 1818.60 1765.57 1746.85 1744.55 1800.52 1897.68 1990.97 1867.83 1740.03 1613.09 1640.39 1675.72 1720.42 1722.74 1712.33 1707.41 1684.91 1659.00
1633.63 1706.21 1787.14 1871.00 1907.80 1947.80 1985.24 2024.43 2084.79 2136.68 2033.67 1989.62 2005.15 1962.73 1932.74 1918.54 1884.46 1848.43 1814.53 1840.42 1856.71 1863.76 1847.58 1815.61
1780.65 1795.89 1831.07 1865.54 1947.79 2033.78 2117.61 2051.08 1991.96 1931.01 1858.19 1889.17 1974.82 2005.65 2039.65 2082.37 2052.11 2019.52 1990.32 1999.61 2003.55 2012.55 1959.92 1903.99
1844.47 1865.77 1901.44 1949.30 1924.96 1907.64 1891.95 1969.77 2059.97 2143.47 2174.27 2204.81 2263.10 2250.92 2235.00 2222.47 2165.40 2103.75 2036.45 2047.89 2061.08 2079.09 2068.55 2059.40
2056.07 2116.08 2172.40 2227.77 2255.30 2283.53 2303.90 2299.89 2287.22 2272.48 2267.04 2244.96 2213.41 2269.10 2326.24 2389.18 2371.13 2360.06 2359.94 2371.18 2377.82 2386.62 2363.42 2347.13
2339.20 2292.08 2252.05 2224.26 2113.91 1993.72 1861.73 1783.52 1703.90 1548.19 1532.24 1546.29 1585.47 1461.70 1541.74 1742.28 1815.15 1884.77 1940.81 2020.63 2078.26 2136.51 2083.96 2031.39
1985.18 1932.99 1898.18 1896.05 1915.86 1939.98 1964.49 1967.01 1969.46 1956.71 1772.85 1607.44 1532.61 1735.71 1849.59 1927.97 1900.50 1873.25 1845.53 1784.71 1703.57 1614.65 1563.92 1525.22
1509.05 1573.56 1632.26 1691.61 1668.16 1712.67 1775.92 1845.16 1897.58 1950.90 1928.13 1909.14 1895.86 1834.54 1843.09 1928.68 1642.45 1466.59 1811.50 1787.82 1757.76 1734.60 1788.08 1845.08
1903.27 1892.03 1883.23 1877.95 1895.69 1913.01 1924.22 1954.72 1982.73 2000.92 1940.36 1893.65 1857.83 1759.06 1675.68 1630.57 1641.86 1704.36 1805.32 1845.56 1875.29 1910.78 1914.31 1918.13
1923.26 1924.54 1945.77 1987.10 2009.73 2031.75 2048.94 2085.08 2119.60 2144.65 2096.15 2052.58 2011.95 2008.02 2010.81 2019.92 1997.95 1974.05 1953.20 1921.51 1870.55 1799.95 1772.53 1745.33
1721.04 1772.34 1821.76 1869.83 1880.54 1898.93 1913.48 1896.91 1905.82 1919.94 1844.93 1765.27 1687.80 1818.58 1934.87 2046.37 2056.97 2075.53 2103.82 2073.46 2010.88 1935.46 1835.12 1687.91
1551.37 1636.72 1734.20 1828.68 1838.15 1849.46 1854.88 1791.14 1766.33 1762.17 1715.93 1695.95 1707.70 1770.42 1836.26 1908.87 1900.73 1892.94 1888.95 1905.76 1916.33 1866.11 1831.18 1792.90
1755.53 1606.70 1394.21 1085.99 1425.19 1705.30 1892.34 1826.34 1787.05 1763.27 1843.36 1936.49 2036.39 2093.33 2150.17 2206.11 2195.84 2185.99 2179.75 2144.86 2087.48 2016.25 1989.22 1962.05
1934.00 1890.53 1851.66 1823.91 1839.01 1861.65 1880.77 2018.67 2145.30 2239.77 2266.16 2292.81 2317.48 2348.07 2381.15 2420.48 2404.76 2387.97 2371.02 2368.45 2353.28 2339.54 2325.99 2313.59
2302.44 2284.80 2265.35 2246.61 2255.21 2263.75 2263.59 2317.27 2362.98 2394.81 2411.36 2428.75 2448.98 2475.98 2504.28 2535.59 2529.27 2521.98 2512.38 2472.09 2410.99 2337.46 2316.47 2296.18
2277.38 2238.26 2197.88 2156.11 2151.82 2147.46 2137.32 2136.75 2135.15 2132.15 2107.65 2088.32 2072.29 2117.33 2169.49 2232.32 2237.82 2246.64 2261.41 2226.32 2182.81 2142.33 2117.33 2090.89
2062.10 2069.62 2076.92 2084.04 2128.00 2171.37 2207.78 2222.42 2235.99 2241.67 2280.84 2321.87 2362.61 2387.91 2416.25 2450.48 2440.37 2430.15 2421.33 2456.49 2480.40 2503.74 2498.42 2495.37
2494.20 2517.57 2540.71 2564.60 2575.88 2584.54 2585.64 2548.62 2511.78 2458.68 2462.21 2468.99 2474.61 2454.34 2436.37 2424.60 2422.23 2421.04 2424.95 2377.65 2312.12 2234.86 2255.65 2276.30
2297.11 2305.36 2313.41 2322.21 2310.30 2298.93 2281.73 2328.25 2359.75 2376.91 2392.00 2408.96 2425.95 2438.68 2454.23 2475.41 2470.42 2466.53 2465.82 2471.28 2462.15 2439.89 2444.01 2449.88
2457.66 2456.44 2453.18 2446.36 2413.57 2380.44 2338.92 2316.82 2294.00 2264.80 2294.69 2326.50 2356.46 2359.54 2366.56 2381.34 2370.94 2360.20 2349.53 2321.98 2276.17 2221.76 2156.85 2084.95
2005.58 2036.12 2066.18 2096.50 2115.82 2137.71 2154.39 2155.62 2155.59 2149.05 2199.05 2248.68 2296.49 2288.62 2284.61 2285.86 2227.72 2161.11 2086.12 2081.72 2060.59 2034.38 2055.98 2078.70
2101.89 2060.19 2020.45 1983.84 1952.70 1922.29 1884.61 1955.83 2024.85 2077.00 2097.12 2121.95 2148.68 2198.67 2249.54 2304.67 2259.26 2208.36 2153.36 2115.23 2057.66 1991.45 1989.86 1988.75
1986.39 2000.01 2013.01 2026.68 1989.42 1949.23 1897.14 1937.50 1965.45 1976.05 2017.36 2056.88 2093.03 2111.57 2133.12 2161.13 2148.29 2134.54 2121.18 2097.24 2054.17 2006.70 2042.40 2081.78
2124.02 2128.67 2121.85 2114.02 2034.52 1921.30 1795.28 1917.05 2039.93 2135.10 2152.62 2170.98 2197.54 2241.99 2291.86 2343.59 2322.11 2298.05 2270.83 2275.50 2264.34 2247.09 2245.15 2244.62
2245.92 2239.05 2231.32 2225.46 2207.41 2189.78 2165.20 2240.43 2295.23 2331.86 2333.14 2333.27 2333.21 2337.51 2346.12 2359.59 2341.90 2322.97 2304.43 2326.25 2343.16 2355.53 2317.96 2281.91
2245.77 2220.19 2193.16 2165.22 2186.82 2207.43 2220.21 2217.51 2211.75 2199.42 2275.06 2345.48 2411.08 2404.25 2401.04 2402.40 2369.71 2333.54 2295.76 2212.19 2112.08 2019.04 2029.20 2042.58
2059.89 2064.89 2070.24 2072.14 2002.28 1931.26 1853.51 1870.96 1904.69 1938.69 1858.09 1774.06 1702.45 1839.29 1970.19 2097.39 2046.70 1996.61 1948.73 1915.66 1865.60 1806.54 1759.82 1713.55
1678.45 1639.22 1597.44 1551.77 1564.76 1621.00 1684.76 1568.66 1443.43 1305.50 1201.69 1151.08 1189.31 1342.38 1469.83 1587.02 1478.18 1335.95 1166.70 1386.42 1554.80 1699.31 1652.09 1632.89
1651.87 1536.49 1395.73 1227.52 1050.53 1161.87 1340.31 1327.16 1310.35 1283.18 1143.74 992.61 832.06 1187.37 1444.26 1635.83 1708.51 1782.86 1859.38 1872.88 1871.43 1868.20 1824.52 1771.64
1711.42 1620.92 1513.54 1390.87 1292.61 1386.77 1541.70 1238.67 960.65 1117.40 1053.07 1114.17 1246.24 1498.45 1693.84 1856.37 1885.02 1915.98 1951.93 1949.88 1931.02 1868.37 1854.48 1844.47
1837.26 1701.78 1530.46 1260.50 1160.33 1406.35 1583.07 1486.27 1441.60 1440.60 1474.10 1510.52 1555.31 1718.21 1855.89 1980.43 1974.53 1969.48 1967.83 1960.41 1937.48 1887.52 1841.10 1759.85
1667.22 1622.51 1592.03 1584.41 1627.16 1667.47 1692.77 1740.98 1781.17 1812.75 1995.40 2142.56 2266.10 2285.62 2307.09 2331.23 2271.14 2198.73 2117.35 2054.17 1971.30 1871.94 1850.24 1836.76
1832.31 1895.33 1944.67 1990.53 1931.06 1869.17 1796.65 1804.95 1810.49 1817.04 1886.29 1956.80 2000.46 2044.06 2088.57 2127.09 2108.34 2091.70 2073.62 2071.30 2064.67 2070.84 1999.54 1915.62
1788.71 1784.73 1786.01 1792.92 1677.92 1577.38 1524.48 1488.03 1451.24 1403.96 1276.93 1223.41 1249.04 1497.36 1684.04 1842.72 1875.02 1911.41 1955.66 1989.04 2037.67 2090.38 2048.28 2010.93
1971.95 1914.21 1847.19 1770.86 1827.57 1889.65 1947.28 1939.31 1948.97 1962.76 1951.62 1945.43 1931.69 1895.49 1864.87 1839.64 1832.18 1827.24 1826.21 1730.36 1590.18 1375.97 1514.90 1646.30
1764.30 1774.68 1785.48 1786.08 1774.46 1763.31 1741.97 1763.05 1783.04 1777.97 1722.53 1686.06 1639.49 1669.89 1701.90 1733.07 1669.13 1612.26 1578.72 1430.25 1198.71 1240.80 1000.98 1124.63
1349.72 1424.84 1502.25 1578.83 1559.65 1654.92 1750.40 1668.87 1559.04 1441.09 1360.02 1325.31 1318.02 1379.17 1407.34 1448.71 1439.10 1435.92 1442.56 1499.65 1547.54 1595.77 1538.60 1537.73
1669.07 1731.48 1797.90 1864.75 1844.12 1811.62 1765.74 1888.24 1983.48 2059.07 2105.32 2152.05 2192.62 2156.10 2111.03 2076.92 2090.08 2105.98 2122.54 2102.31 2071.65 2034.70 2052.96 2071.61
2091.95 2069.27 2049.76 2035.32 2058.39 2081.74 2098.65 2084.99 2070.08 2054.02 1938.06 1820.76 1693.10 1565.39 1413.39 1230.39 1232.42 1275.12 1208.85 1458.73 1639.11 1788.27 1792.27 1795.97
1800.11 1801.78 1817.12 1848.14 1842.43 1834.87 1819.24 1755.62 1696.27 1618.70 1653.36 1711.31 1764.33 1666.33 1597.53 1586.21 1554.12 1546.23 1605.73 1497.92 1355.15 1275.09 1202.88 1147.37
1132.28 1052.46 1077.41 1237.06 1432.74 1580.61 1690.85 1641.49 1699.94 1757.73 1702.26 1658.29 1614.45 1536.42 1457.34 1376.18 1408.29 1505.05 1630.98 1718.14 1786.72 1865.26 1869.18 1844.93
1811.90 1801.47 1793.78 1788.81 1788.50 1789.57 1783.20 1761.28 1753.31 1781.97 1846.35 1910.01 1961.22 2053.99 2142.95 2228.18 2221.61 2216.28 2212.50 2205.37 2170.35 2112.05 2096.09 2061.15
2011.07 2025.45 2042.33 2061.47 2065.57 2070.65 2065.89 2136.06 2198.06 2256.59 2264.76 2276.44 2280.55 2320.21 2363.04 2403.82 2400.96 2399.12 2400.68 2373.29 2329.76 2271.02 2266.01 2257.60
2249.08 2279.34 2308.07 2310.22 2294.07 2252.00 2201.26 2228.47 2249.86 2268.34 2247.92 2230.08 2234.31 2204.80 2172.85 2150.70 2140.71 2131.54 2123.43 2113.83 2118.87 2142.17 2102.01 2060.50
2016.78 1918.26 1826.32 1772.47 1745.15 1722.22 1701.67 1635.22 1583.58 1529.46 1283.40 1117.85 1191.26 1096.15 987.26 899.10 1383.25 1666.68 1869.78 1872.87 1882.88 1908.37 1898.11 1890.40
1888.39 1837.10 1780.38 1719.14 1677.74 1642.26 1599.14 1641.96 1658.14 1675.46 1709.71 1764.06 1801.27 1863.82 1937.19 2025.50 2026.15 2029.27 2035.55 2028.01 2012.26 1965.50 1951.02 1938.06
1929.80 1886.86 1840.48 1789.95 1786.45 1782.51 1766.01 1858.19 1927.21 1971.59 2031.19 2086.40 2127.39 2151.00 2174.43 2209.03 2210.39 2213.29 2217.39 2227.55 2224.79 2214.45 2200.44 2181.51
2161.42 2152.55 2145.48 2141.36 2146.86 2139.54 2122.74 2138.11 2149.71 2153.99 2172.29 2191.82 2200.91 2202.13 2210.05 2224.47 2226.96 2230.53 2237.03 2195.57 2134.61 2058.24 2054.27 2051.17
2047.38 2044.07 2041.78 2039.10 2040.03 2045.01 2043.45 2102.37 2150.62 2186.72 2194.78 2204.55 2212.81 2240.91 2271.90 2305.05 2295.41 2286.69 2275.52 2254.19 2217.79 2172.65 2159.47 2144.93
2131.73 2148.33 2165.43 2182.90 2141.17 2098.18 2042.84 2103.19 2150.84 2186.11 2234.58 2282.41 2324.87 2310.41 2295.11 2287.41 2282.43 2279.44 2278.22 2279.00 2268.39 2250.05 2228.02 2205.41
2182.10 2198.14 2217.15 2237.81 2210.46 2182.58 2144.14 2201.63 2248.31 2282.30 2292.08 2304.03 2315.08 2335.11 2354.23 2361.86 2351.77 2343.43 2335.16 2330.21 2312.94 2275.05 2258.98 2242.95
2225.93 2253.85 2284.31 2313.27 2061.67 1748.73 1633.53 1828.56 1943.00 2006.48 2059.64 2136.67 2201.18 2225.02 2281.92 2364.05 2270.75 2172.05 2062.16 1975.27 1869.63 1778.60 1794.60 1813.57
1808.10 1819.12 1833.06 1848.34 1877.43 1915.62 1951.37 1915.62 1905.02 1899.95 1848.13 1808.97 1780.72 1853.78 1920.31 1990.68 1958.65 1922.32 1834.77 1824.17 1807.25 1788.71 1791.58 1800.25
1818.01 1827.45 1836.02 1845.42 1831.14 1817.98 1798.53 1896.92 1976.62 2033.01 2035.96 2043.21 2044.76 2030.68 2023.03 2031.30 2009.48 1988.06 1967.64 1930.30 1888.94 1855.72 1825.44 1793.45
1758.45 1748.16 1737.06 1727.08 1682.85 1634.95 1571.92 1537.09 1503.76 1461.89 1555.50 1650.40 1744.06 1751.64 1765.34 1774.96 1777.92 1784.60 1793.55 1808.73 1814.07 1817.56 1802.22 1788.37
1773.17 1729.04 1679.80 1629.11 1476.31 1305.93 1197.49 1235.28 1210.66 1177.90 1259.33 1329.28 1378.09 1495.56 1603.73 1715.33 1688.50 1659.28 1627.56 1690.96 1755.04 1824.90 1855.44 1884.02
1912.25 1860.65 1803.89 1750.25 1688.56 1661.84 1672.57 1605.96 1496.08 1360.61 1303.81 1416.92 1578.26 1651.62 1723.51 1797.50 1744.82 1684.25 1615.33 1625.62 1630.24 1638.98 1644.19 1687.68
1758.21 1661.42 1546.57 1407.62 1281.54 1126.70 1032.75 1232.74 1369.07 1463.77 1419.15 1428.39 1471.27 1668.52 1831.87 1981.98 2062.04 2140.09 2215.86 2178.58 2129.95 2069.62 2012.61 1946.86
1877.78 1772.32 1646.88 1488.10 1510.82 1573.98 1598.85 1622.01 1693.34 1774.11 1807.93 1843.70 1881.32 1920.75 1976.85 2039.28 2064.14 2092.29 2123.20 2075.54 2005.80 1916.44 1894.73 1871.47
1837.96 1807.87 1765.41 1719.89 1707.07 1738.98 1772.58 1705.71 1640.26 1632.57 1741.08 1839.37 1932.01 2060.04 2183.17 2313.21 2255.46 2195.49 2136.84 2052.53 1935.06 1789.92 1769.63 1737.62
1731.55 1734.93 1752.37 1770.11 1801.23 1820.03 1827.97 1833.25 1894.66 1974.11 1992.38 2019.18 2051.76 2104.74 2157.53 2192.04 2173.18 2154.26 2140.19 2115.66 2081.66 2048.24 1987.55 1923.91
1859.89 1894.97 1930.69 1962.09 1862.71 1749.17 1610.36 1806.86 1947.38 2050.47 2080.52 2111.15 2132.31 2134.48 2143.63 2163.01 2118.63 2070.79 2022.48 2003.46 1968.10 1917.44 1903.05 1893.81
1888.32 1878.26 1867.67 1858.64 1835.71 1814.67 1779.79 1809.34 1854.54 1891.82 1918.91 1948.33 1967.10 1987.63 2015.47 2044.65 2026.82 2010.32 1999.42 1979.61 1939.79 1882.98 1853.28 1821.74
1787.65 1686.39 1566.00 1413.08 1382.18 1390.72 1421.33 1178.57 913.98 1005.20 1027.78 1153.04 1251.14 1447.76 1600.47 1727.04 1807.30 1887.34 1971.24 1959.36 1934.82 1866.09 1870.70 1875.24
1878.79 1825.95 1775.36 1728.60 1547.24 1262.89 1113.14 1354.05 1632.25 1788.85 1748.95 1751.22 1775.36 1817.69 1893.74 1982.98 1985.64 1989.55 1999.34 1977.99 1942.77 1850.93 1844.28 1832.22
1798.87 1759.68 1723.31 1690.02 1596.61 1492.33 1323.60 1563.09 1683.45 1761.24 1771.54 1794.15 1829.31 1865.09 1930.36 2015.33 1998.37 1987.22 1983.04 1997.91 2004.45 2006.56 1948.93 1886.67
1823.83 1817.29 1810.37 1804.27 1713.93 1619.25 1517.54 1658.50 1792.66 1891.28 1853.93 1827.33 1800.26 1861.22 1925.29 1990.86 2016.35 2043.72 2077.50 2059.29 2022.57 1971.28 1931.50 1892.39
1856.95 1828.51 1805.88 1765.53 1614.97 1404.56 1304.85 1325.16 1442.07 1530.36 1372.85 1243.58 1206.20 1012.06 1160.07 1379.43 1423.60 1468.59 1520.94 1598.77 1688.99 1790.93 1721.14 1653.64
1604.48 1622.08 1664.20 1723.79 1719.13 1729.19 1742.19 1748.75 1768.29 1785.82 1761.52 1810.76 1939.72 1890.90 1845.32 1797.05 1815.61 1837.18 1862.90 1843.16 1810.93 1779.43 1825.80 1875.29
1916.51 1934.71 1946.39 1956.15 1957.00 1960.69 1958.97 1968.16 1980.25 1974.45 1968.76 1959.72 1948.48 1943.33 1949.13 1961.65 1974.41 1991.38 2015.21 2019.74 2013.00 1999.52 1975.79 1929.82
1871.13 1858.61 1817.59 1756.40 1800.85 1835.04 1890.99 1954.94 1997.79 2010.49 2029.15 2048.14 2075.46 2019.32 1974.51 1950.84 1970.94 1997.34 2028.37 1959.54 1866.57 1750.55 1694.11 1671.77
1691.68 1686.24 1691.32 1710.47 1689.61 1673.42 1660.55 1600.94 1601.64 1636.91 1661.57 1709.13 1763.75 1790.53 1821.66 1863.71 1893.13 1938.50 2000.46 1958.14 1902.50 1834.42 1881.01 1927.30
1971.12 1956.89 1942.83 1932.41 1880.14 1831.56 1780.98 1894.70 1986.30 2056.02 2097.46 2137.58 2173.75 2201.52 2231.93 2244.39 2255.79 2269.85 2288.12 2239.67 2172.18 2090.03 2078.61 2068.82
2058.88 2048.56 2034.71 2022.97 1968.34 1913.69 1834.66 1957.09 2044.97 2105.68 2124.75 2145.92 2176.41 2207.98 2243.42 2277.69 2271.17 2265.55 2263.54 2232.26 2185.24 2128.07 2053.34 1970.24
1873.49 1863.28 1852.32 1839.81 1810.43 1776.97 1732.05 1799.84 1848.07 1878.86 1960.44 2033.98 2106.13 2127.87 2151.86 2174.85 2164.64 2156.42 2150.02 2133.04 2101.39 2057.59 2013.73 1967.85
1916.80 1905.99 1896.08 1885.52 1854.57 1832.58 1808.88 1877.23 1969.10 2050.18 2070.29 2094.92 2124.92 2146.22 2169.66 2191.33 2198.31 2207.15 2215.52 2188.11 2141.12 2079.23 2026.18 1970.90
1914.59 1921.29 1928.48 1915.80 1887.33 1850.69 1794.88 1878.69 1938.48 1980.35 2031.52 2082.59 2136.99 2163.53 2192.39 2217.12 2220.74 2225.72 2232.68 2205.60 2160.31 2101.03 2055.52 2010.94
1970.20 1935.89 1902.18 1856.28 1827.09 1787.26 1736.47 1800.84 1850.58 1881.43 1927.35 1972.44 2014.50 2090.04 2167.48 2246.49 2243.75 2245.15 2254.05 2191.45 2097.59 1976.51 1997.42 2018.58
2042.52 1980.77 1913.10 1835.90 1689.85 1546.73 1454.62 1544.88 1616.77 1670.67 1706.67 1756.63 1816.27 1944.37 2067.29 2191.28 2170.25 2150.29 2132.05 2070.12 1983.02 1869.48 1871.78 1873.95
1877.98 1828.38 1781.60 1745.56 1555.34 1377.11 1445.02 969.77 1216.43 1483.76 1472.21 1493.21 1489.40 1468.20 1508.55 1591.53 1699.40 1802.42 1903.88 1903.66 1888.58 1869.08 1841.82 1815.00
1788.97 1764.17 1735.73 1692.26 1639.27 1599.18 1578.23 1587.91 1734.40 1881.82 1912.88 1946.16 1953.80 1936.37 1973.92 2031.97 2006.28 1981.11 1959.28 1923.28 1867.63 1802.75 1822.03 1842.40
1851.36 1893.67 1925.65 1954.11 1953.08 1931.82 1909.78 2028.55 2125.74 2200.96 2126.25 2059.51 1981.65 2018.01 2057.56 2096.54 2079.86 2068.69 2061.80 2048.89 2009.49 1953.19 1956.09 1971.79
2000.20 2008.15 2016.56 2025.58 2004.84 1983.00 1954.99 1958.95 1967.18 1968.26 1902.84 1842.15 1774.96 1781.50 1794.98 1806.77 1807.90 1819.16 1842.27 1877.51 1900.67 1899.24 1847.68 1801.39
1769.09 1789.31 1796.19 1786.97 1821.24 1863.36 1883.89 1855.89 1853.90 1849.28 1841.48 1869.76 1910.33 1983.47 2059.16 2131.29 2147.17 2165.73 2190.97 2141.15 2066.13 1973.45 1946.29 1917.56
1888.46 1876.72 1858.30 1839.65 1796.18 1753.69 1702.26 1733.39 1765.46 1791.52 1894.40 1959.98 2007.88 2053.93 2103.13 2154.39 2171.79 2191.32 2214.87 2133.99 2022.11 1875.20 1849.87 1822.28
1794.03 1793.51 1792.30 1791.75 1780.01 1766.60 1745.32 1844.19 1920.63 1983.54 1981.76 1985.80 1999.44 2059.12 2116.67 2162.76 2156.82 2153.31 2153.32 2126.37 2086.28 2043.17 1982.62 1914.18
1836.76 1842.31 1846.98 1851.64 1794.51 1747.24 1710.18 1720.58 1797.01 1872.63 1882.36 1896.19 1929.06 1971.38 2018.85 2077.40 2088.37 2097.28 2105.45 2073.62 2025.39 1967.46 1963.13 1964.40
1972.08 1986.05 2002.71 2015.27 1944.26 1866.45 1772.94 1808.39 1833.56 1848.52 1777.19 1711.19 1646.93 1653.77 1785.12 1947.50 1966.91 2000.30 2053.08 1978.57 1896.64 1834.30 1832.66 1832.59
1832.62 1831.30 1829.71 1829.10 1698.13 1531.75 1296.71 1306.76 1309.30 1303.36 1371.81 1458.44 1532.93 1686.49 1832.55 1964.98 1971.91 1987.86 2018.27 1990.87 1945.36 1890.13 1872.69 1854.27
1834.02 1803.83 1772.31 1739.39 1712.70 1683.61 1648.34 1610.74 1575.05 1535.31 1511.32 1540.25 1607.57 1688.04 1772.68 1851.92 1872.65 1896.17 1924.18 1906.58 1874.49 1839.32 1793.31 1747.01
1697.26 1647.46 1594.51 1532.84 1431.62 1310.69 1177.58 1095.54 1003.38 876.49 1245.08 1460.48 1598.11 1581.18 1566.98 1561.88 1526.60 1495.68 1474.37 1562.31 1671.58 1793.69 1752.53 1711.64
1681.27 1667.97 1661.64 1663.42 1598.72 1541.10 1496.91 1471.04 1448.62 1419.40 1409.82 1413.62 1426.76 1451.13 1494.45 1557.53 1729.25 1877.99 2012.37 1977.58 1925.87 1867.07 1836.07 1805.51
1775.71 1745.28 1714.84 1682.35 1652.73 1619.53 1581.91 1517.30 1600.92 1720.31 1580.55 1414.82 1294.36 1355.41 1486.65 1614.45 1673.04 1730.72 1787.88 1801.41 1804.18 1804.85 1763.31 1743.58
1755.91 1752.21 1749.44 1746.49 1644.89 1520.77 1359.60 1387.07 1405.13 1410.41 1427.26 1480.09 1561.09 1722.63 1854.69 1976.59 2015.81 2057.93 2101.62 2039.57 1956.29 1848.30 1814.94 1771.55
1729.67 1716.66 1702.32 1685.31 1564.44 1414.25 1250.54 1244.48 1374.02 1464.69 1373.07 1384.57 1471.62 1623.36 1747.69 1863.55 1920.53 1981.83 2046.60 2058.54 2065.57 2081.73 2044.65 2006.55
1970.08 1945.57 1921.80 1898.98 1859.46 1808.59 1727.01 1789.83 1836.13 1851.01 1858.79 1873.53 1890.63 1924.23 1970.55 2025.37 2057.85 2093.00 2132.81 2141.25 2135.68 2125.27 2082.10 2036.13
1987.35 1984.55 1981.43 1978.71 1920.29 1857.88 1780.58 1823.81 1851.72 1862.09 1891.21 1919.46 1950.63 1979.22 2010.47 2045.54 2028.25 2013.44 2004.09 2049.12 2082.66 2118.19 2067.53 2012.75
1954.31 1927.79 1903.08 1882.35 1858.74 1833.74 1785.95 1920.04 1999.75 2047.39 2041.44 2041.43 2037.59 2007.13 1984.82 1970.62 2002.39 2038.38 2080.87 2091.38 2085.57 2073.77 2039.83 2003.48
1964.86 1968.80 1973.26 1969.37 1897.57 1817.84 1722.00 1802.26 1828.63 1837.38 1848.23 1861.90 1871.26 1905.95 1949.58 1997.17 2023.96 2052.63 2084.30 2100.20 2096.48 2087.90 2066.71 2046.84
2028.52 1996.51 1962.45 1928.46 1861.37 1793.91 1725.47 1764.26 1791.27 1803.38 1806.83 1815.49 1826.11 1832.52 1850.73 1887.04 1962.17 2038.72 2117.51 2121.04 2110.16 2097.91 2066.29 2034.39
2006.65 1934.33 1855.64 1768.36 1710.94 1646.90 1570.51 1710.78 1810.23 1872.72 1831.94 1796.48 1761.96 1762.36 1800.04 1866.68 1930.20 1996.01 2065.64 2081.15 2082.63 2083.52 2046.75 2009.03
1970.25 1928.11 1882.39 1825.53 1730.97 1618.90 1477.15 1554.93 1616.79 1655.29 1539.60 1452.62 1403.92 1141.68 1251.61 1520.48 1707.44 1868.18 2016.05 2029.14 2040.77 2065.61 1977.71 1884.54
1796.13 1751.79 1703.17 1648.03 1562.57 1437.89 1271.61 1525.50 1695.53 1800.73 1514.70 1064.83 1054.89 1262.54 1422.70 1551.88 1531.90 1519.65 1524.48 1528.85 1544.75 1589.25 1535.71 1492.53
1470.41 1387.52 1386.03 1465.98 1395.75 1351.91 1359.96 1392.85 1428.60 1457.06 1255.85 991.39 895.84 1130.34 1288.39 1420.33 1518.04 1606.53 1691.88 1721.36 1742.92 1769.52 1767.63 1771.73
1783.46 1758.56 1740.46 1730.81 1690.73 1648.81 1600.13 1508.03 1435.07 1377.24 1342.96 1336.77 1349.76 1551.37 1705.27 1841.72 1902.39 1963.64 2027.58 2015.67 1996.50 1986.35 1931.56 1870.36
1802.30 1804.59 1805.56 1807.56 1785.62 1764.58 1745.19 1821.79 1885.40 1935.28 1927.77 1952.68 2002.68 2057.21 2112.37 2173.27 2180.53 2188.04 2197.15 2154.83 2097.88 2034.03 2027.91 2021.61
2018.86 2003.32 1988.91 1973.98 1952.00 1930.37 1906.03 2011.88 2089.76 2147.68 2141.63 2141.37 2147.55 2171.48 2199.07 2225.02 2220.43 2217.59 2221.34 2159.65 2070.55 1957.17 1919.68 1880.11
1824.47 1790.76 1746.00 1705.88 1649.87 1592.51 1523.81 1632.23 1744.51 1832.21 1861.09 1883.89 1906.59 1955.93 2007.03 2051.39 2046.54 2043.20 2043.57 2002.10 1940.12 1871.26 1839.85 1793.39
1747.23 1666.13 1571.39 1395.84 1329.66 1421.22 1559.48 1429.16 1393.13 1440.40 1372.97 1340.45 1366.03 1547.27 1702.27 1833.14 1859.33 1888.91 1920.02 1899.70 1870.51 1841.92 1797.41 1757.96
1728.62 1717.43 1710.44 1706.57 1692.82 1683.81 1674.09 1629.38 1633.33 1665.35 1588.57 1556.87 1583.67 1783.06 1942.98 2086.49 2108.11 2131.31 2156.82 2079.05 1975.63 1848.55 1853.07 1861.53
1871.86 1841.03 1807.27 1773.06 1724.03 1708.28 1730.97 1655.55 1600.80 1567.60 1662.18 1744.68 1835.16 1955.41 2060.77 2155.84 2163.88 2173.11 2184.53 2123.84 2042.37 1918.23 1899.26 1878.61
1857.65 1820.27 1778.58 1742.81 1738.11 1735.80 1715.43 1617.14 1604.75 1664.63 1704.54 1796.13 1921.82 1992.70 2061.94 2116.64 2131.29 2145.79 2163.28 2134.68 2087.25 1998.69 1943.35 1883.01
1797.94 1738.03 1667.76 1626.63 1694.93 1772.15 1832.14 1713.17 1618.55 1569.76 1706.40 1815.32 1885.14 1884.00 1895.25 1904.98 1939.03 1974.93 2003.76 1945.60 1866.37 1773.70 1762.77 1755.70
1755.64 1736.03 1718.66 1704.60 1677.86 1649.96 1622.03 1625.84 1638.21 1652.06 1621.94 1601.27 1600.55 1748.18 1891.28 2007.06 1995.56 1988.87 1987.07 1962.25 1923.71 1878.49 1836.30 1796.75
1763.44 1777.43 1799.91 1827.08 1826.58 1832.70 1843.81 1945.29 2034.08 2097.90 2105.83 2114.51 2119.76 2149.90 2182.16 2216.94 2238.40 2262.58 2292.78 2251.62 2190.35 2110.14 2116.50 2123.67
2131.10 2089.09 2045.19 1998.67 1946.10 1889.02 1827.16 1844.43 1855.01 1854.93 1780.19 1712.31 1643.22 1782.48 1900.92 2009.85 2051.98 2097.27 2146.65 2138.09 2115.53 2075.30 1987.95 1887.20
1768.49 1733.07 1686.74 1632.46 1531.98 1412.14 1250.18 1070.32 916.18 904.10 825.54 1116.79 1286.72 1380.33 1479.70 1596.54 1639.02 1683.57 1731.40 1719.50 1733.23 1783.23 1749.22 1728.33
1721.95 1708.92 1679.65 1643.84 1537.06 1411.72 1278.76 1134.06 929.45 1046.25 1139.53 1308.54 1428.89 1564.99 1681.55 1795.41 1781.53 1769.71 1760.05 1764.85 1766.78 1769.59 1767.98 1761.12
1759.99 1707.41 1652.17 1602.55 1617.86 1640.54 1669.77 1639.77 1612.36 1580.77 1629.63 1681.72 1741.45 1796.93 1850.62 1902.50 1898.37 1897.07 1902.16 1891.47 1869.48 1826.12 1795.33 1739.28
1679.78 1564.26 1448.61 1383.59 1373.06 1416.48 1486.61 1434.36 1383.51 1303.20 1134.72 1114.98 1246.90 1406.44 1540.72 1665.39 1680.85 1704.11 1734.30 1701.39 1654.22 1607.34 1476.23 1334.95
1147.83 1137.68 1435.44 1638.19 1692.96 1758.41 1824.67 1811.86 1791.23 1756.92 1740.96 1748.58 1775.81 1771.45 1777.73 1793.75 1836.27 1883.22 1942.53 1892.46 1832.22 1762.95 1744.69 1728.14
1715.76 1569.71 1405.29 1295.45 1478.08 1649.79 1793.19 1833.06 1862.89 1869.66 1916.23 1966.44 2014.47 2020.30 2027.46 2039.24 2064.32 2073.01 2090.36 2023.72 1887.91 1704.77 1679.72 1655.07
1634.63 1675.13 1715.69 1755.60 1757.02 1762.42 1772.45 1778.01 1784.49 1780.38 1815.94 1837.49 1864.98 1917.79 1972.45 2033.14 2025.47 2017.01 2015.28 1952.47 1872.68 1798.92 1739.77 1687.64
1652.06 1728.21 1779.98 1812.36 1779.11 1762.04 1764.22 1795.09 1811.43 1820.28 1792.46 1770.20 1755.47 1835.03 1917.40 2001.11 1994.49 1984.03 1980.26 1906.48 1829.94 1794.22 1679.67 1532.75
1335.53 1320.40 1307.92 1298.89 1030.82 1186.86 1420.21 1373.19 1350.28 1332.99 1239.68 1173.74 1153.18 1114.63 1320.26 1526.51 1588.22 1653.98 1733.94 1769.17 1803.81 1844.50 1845.03 1856.46
1878.88 1850.72 1825.29 1805.67 1757.50 1690.08 1623.65 1670.04 1715.20 1746.67 1610.19 1469.36 1339.82 1439.34 1604.99 1770.08 1841.74 1910.15 1984.33 1959.10 1921.12 1843.56 1822.83 1810.67
1811.80 1749.98 1676.03 1593.61 1593.38 1630.31 1692.06 1733.04 1758.17 1766.14 1665.90 1661.68 1658.50 1734.30 1827.99 1927.18 1942.28 1955.67 1977.49 1983.51 1976.85 1908.89 1850.19 1783.01
1675.98 1593.77 1497.29 1354.02 1161.78 1052.57 1213.64 1012.70 1102.35 1201.81 1494.10 1670.27 1791.22 1829.38 1884.63 1952.42 1958.99 1963.02 1975.49 1969.69 1957.53 1926.21 1898.95 1857.30
1805.21 1717.29 1618.41 1496.35 1390.46 1392.73 1497.36 1426.74 1478.30 1552.22 1680.15 1778.49 1856.92 1938.78 2016.67 2092.30 2125.05 2157.48 2194.84 2133.21 2048.26 1927.23 1841.96 1727.70
1590.00 1639.52 1715.48 1800.68 1816.27 1834.93 1841.48 1861.44 1883.62 1909.05 1928.49 1954.82 1993.56 2074.74 2152.27 2233.79 2213.46 2187.20 2161.72 2106.86 2038.72 1961.56 1928.83 1893.75
1857.46 1856.45 1855.92 1857.55 1793.82 1733.89 1680.66 1674.86 1671.87 1655.90 1705.24 1751.86 1801.12 1953.42 2086.38 2220.00 2231.86 2242.76 2257.30 2136.83 1976.23 1776.46 1774.90 1762.63
1766.88 1772.00 1787.82 1811.73 1806.85 1819.43 1832.04 1815.72 1788.73 1765.32 1844.96 1920.57 1995.40 1995.62 2002.51 2013.48 1992.33 1967.95 1949.78 1874.93 1785.31 1707.92 1612.51 1521.46
1473.51 1451.81 1431.64 1411.54 1401.94 1442.84 1511.02 1650.25 1743.90 1798.13 1803.95 1851.55 1941.49 1899.15 1860.75 1816.15 1806.46 1788.39 1779.69 1667.51 1580.50 1425.35 1352.79 1260.69
1155.05 1109.42 1220.08 1359.17 1373.66 1579.97 1764.13 1742.96 1739.85 1751.90 1744.71 1835.95 1950.19 1999.08 2059.91 2122.93 2094.95 2066.55 2048.18 1957.77 1841.57 1716.07 1641.82 1554.87
1454.10 1414.82 1476.01 1586.51 1525.18 1568.94 1682.22 1728.57 1794.03 1842.28 1810.07 1845.74 1914.99 1953.07 1996.24 2044.20 2029.00 2013.13 2004.24 1918.51 1824.70 1756.84 1671.40 1572.62
1451.91 1346.80 1199.77 1165.92 1418.34 1608.79 1758.67 1875.08 1967.06 2038.81 2043.53 2082.40 2148.56 2162.27 2170.94 2169.98 2156.84 2142.28 2130.03 2109.74 2082.68 2053.01 2039.10 2005.08
1968.01 1975.61 1983.37 1991.05 1990.72 1993.30 1998.41 2057.87 2107.01 2147.55 2161.31 2181.11 2202.76 2186.49 2175.97 2170.75 2146.03 2114.52 2080.14 1977.00 1850.46 1682.13 1753.29 1843.76
1936.15 1898.91 1861.70 1824.56 1875.18 1944.49 1985.98 1989.97 2030.66 2103.61 2090.55 2075.46 2071.15 2055.73 2032.40 2018.60 1950.30 1874.49 1793.36 1823.23 1855.36 1891.84 1942.31 2002.02
2063.72 2005.42 1951.98 1911.62 1823.77 1781.01 1808.91 1881.25 1957.18 2034.33 1982.59 1933.63 1895.54 1942.48 1986.73 2022.80 2015.29 2011.05 2014.70 2032.05 2048.05 2065.40 2071.33 2081.12
2094.37 2079.27 2064.60 2048.73 2049.50 2051.66 2052.96 2106.13 2149.14 2185.40 2204.38 2224.40 2251.35 2252.52 2257.77 2260.62 2246.49 2227.24 2204.61 2177.62 2148.87 2123.09 2106.35 2088.67
2069.88 2069.50 2070.07 2045.13 2003.42 1931.71 1855.65 1906.70 1948.34 1984.96 2039.59 2091.76 2133.84 2137.04 2142.43 2138.67 2132.71 2123.33 2115.32 2066.30 2006.45 1937.41 1948.66 1962.96
1981.76 1941.47 1898.23 1853.36 1802.71 1758.14 1723.02 1831.70 1941.14 2031.00 2064.71 2097.09 2128.92 2150.15 2173.29 2202.18 2155.39 2100.65 2044.45 1985.79 1929.33 1861.86 1851.85 1842.30
1833.40 1840.99 1850.67 1852.72 1794.42 1734.04 1688.80 1634.58 1598.70 1578.05 1706.75 1826.94 1938.98 1976.09 2016.44 2066.89 2032.14 1991.73 1948.26 1909.35 1866.01 1782.58 1750.55 1671.32
1588.37 1640.24 1690.84 1741.22 1709.14 1687.72 1681.14 1571.30 1450.50 1318.30 1523.43 1676.75 1793.47 1907.00 2010.43 2110.87 2084.07 2052.34 2024.08 1968.35 1899.21 1815.59 1772.74 1727.41
1681.11 1723.42 1765.88 1804.74 1815.81 1850.64 1901.22 1862.09 1831.05 1805.17 1847.98 1886.66 1929.53 1979.42 2030.03 2084.64 2069.73 2052.77 2037.74 1997.65 1948.14 1891.26 1871.55 1852.11
1833.50 1760.48 1675.55 1578.50 1614.25 1711.87 1824.05 1727.52 1618.75 1498.05 1503.68 1514.04 1526.87 1585.99 1662.68 1748.14 1789.04 1836.62 1850.86 1889.66 1919.14 1930.34 1922.70 1915.06
1889.88 1905.10 1911.43 1922.23 1864.93 1822.12 1804.72 1861.26 1902.98 1930.52 1966.09 2020.80 2080.18 2159.14 2223.64 2291.95 2277.54 2252.95 2212.33 2179.97 2143.64 2105.20 2097.64 2091.89
2086.05 2054.67 2022.86 1990.27 1934.56 1890.91 1861.73 1955.75 2023.96 2079.49 2097.01 2117.82 2148.74 2177.34 2209.39 2242.45 2202.07 2154.50 2104.11 2125.77 2144.29 2162.89 2167.16 2172.64
2178.83 2130.22 2079.74 2026.59 1981.19 1932.69 1882.49 1917.26 1946.59 1967.63 2038.34 2107.04 2171.56 2223.60 2278.18 2338.99 2290.97 2232.07 2167.06 2125.38 2086.56 2055.97 2056.44 2058.37
2064.34 2052.43 2041.01 2027.03 2015.58 2003.90 1989.22 2067.29 2125.33 2169.08 2149.36 2143.48 2143.97 2157.99 2178.83 2205.72 2151.76 2084.98 2005.59 1945.67 1886.54 1842.42 1827.93 1825.75
1837.06 1802.28 1798.55 1810.44 1829.77 1834.71 1838.46 1884.57 1916.09 1935.33 1986.42 2039.64 2088.32 2122.22 2158.19 2197.43 2170.05 2136.04 2098.12 2041.79 1977.92 1908.88 1906.06 1902.60
1900.22 1804.33 1704.44 1607.12 1478.29 1518.86 1671.85 1684.79 1686.94 1674.24 1670.25 1723.83 1800.37 1919.62 2037.08 2147.05 2097.71 2036.68 1965.00 1936.90 1903.49 1865.01 1765.75 1649.82
1503.52 1482.89 1461.53 1441.98 1451.25 1540.32 1653.75 1708.31 1748.30 1771.89 1756.62 1793.80 1854.99 1855.25 1866.29 1899.76 1863.40 1820.05 1773.73 1738.48 1715.16 1711.61 1606.30 1506.19
1457.89 1448.72 1439.71 1424.06 1223.50 1022.08 1101.45 1178.54 1383.36 1535.56 1558.94 1639.63 1722.79 1751.06 1798.42 1860.56 1838.41 1836.67 1868.87 1808.86 1756.25 1728.53 1650.69 1604.81
1621.15 1652.50 1683.32 1712.42 1559.27 1356.91 1072.18 1159.82 1299.92 1392.96 922.52 1219.92 1503.37 1616.30 1702.68 1787.77 1813.89 1840.49 1870.42 1868.80 1864.83 1854.59 1827.42 1792.79
1755.23 1719.64 1682.66 1650.35 1515.97 1391.93 1382.77 1390.91 1393.65 1388.92 1641.46 1813.17 1941.11 1985.09 2031.48 2081.73 2057.26 2028.44 1999.22 1961.42 1917.34 1867.20 1865.44 1863.72
1864.02 1770.11 1662.38 1535.90 1255.57 1363.04 1626.39 1710.81 1783.83 1843.33 1907.06 1979.35 2053.50 2045.87 2042.89 2047.71 1993.82 1932.89 1863.64 1919.29 1976.67 2038.05 2112.87 2159.61
2206.18 2216.32 2229.29 2232.86 2212.37 2193.38 2173.91 2168.16 2157.08 2140.92 2005.97 1875.30 1739.67 1701.63 1631.24 1587.56 1679.22 1771.33 1865.49 1867.16 1871.69 1880.63 1895.86 1911.16
1926.99 1922.71 1922.64 1926.36 1919.13 1914.34 1908.88 1906.91 1898.09 1881.83 1820.24 1897.01 2037.00 2113.48 2188.61 2262.70 2222.48 2175.67 2120.16 2118.79 2118.75 2123.08 2112.25 2102.28
2088.96 2103.29 2120.91 2143.32 2074.37 1998.71 1917.16 2006.05 2073.09 2122.83 2158.10 2195.79 2231.21 2255.80 2285.20 2317.15 2304.79 2289.35 2269.78 2243.02 2211.99 2178.88 2162.75 2146.32
2129.79 2141.05 2161.17 2188.10 2055.72 1899.56 1719.04 1309.14 1648.80 1957.66 2176.88 2389.62 2578.28 2644.21 2712.02 2786.08 2774.80 2764.41 2753.93 2735.33 2717.78 2701.74 2655.24 2608.07
2560.59 2564.03 2569.02 2577.04 2607.85 2641.47 2676.80 2656.69 2634.61 2610.42 2518.50 2427.40 2329.70 2251.98 2174.71 2095.28 2046.05 1996.21 1947.30 1876.51 1801.00 1716.71 1730.93 1743.34
1759.68 1557.14 1342.16 1454.31 1475.49 1755.97 1976.19 1968.92 1961.61 1955.55 1949.88 1953.25 1953.16 1933.30 1932.51 1946.52 1868.67 1828.43 1844.55 1830.87 1820.68 1816.61 1791.01 1768.28
1749.27 1741.10 1734.43 1726.55 1666.18 1634.48 1643.22 1664.59 1654.45 1651.73 1422.50 1207.52 991.61 1012.68 1184.87 1314.93 1292.56 1741.83 2015.71 2019.09 2029.10 2048.72 2013.33 1987.71
1975.26 1929.15 1909.56 1920.58 1869.84 1819.69 1768.86 1885.01 1963.96 2020.25 1991.06 1976.56 1975.34 1996.20 2022.75 2059.39 2075.82 2090.64 2104.54 2114.82 2124.35 2131.86 2059.59 1976.54
1891.83 1830.97 1763.21 1685.83 1451.03 1206.29 1318.77 1783.10 2060.24 2269.91 2278.20 2291.21 2303.95 2324.93 2349.44 2378.70 2336.91 2288.38 2236.27 2189.72 2137.47 2080.49 2076.97 2073.11
2070.08 2060.64 2053.48 2049.80 2016.87 1985.35 1959.31 2057.27 2130.02 2190.06 2164.38 2142.42 2122.46 2023.64 1924.03 1848.94 1873.94 1898.12 1921.01 1891.91 1901.39 1953.17 1955.06 1958.75
1965.12 1912.21 1860.41 1806.38 1845.32 1871.06 1895.02 1925.77 1945.43 1949.30 1865.25 1804.35 1772.47 1733.24 1712.49 1707.06 1662.26 1613.14 1558.81 1609.68 1659.27 1710.38 1729.49 1757.12
1792.09 1801.69 1813.60 1825.17 1779.75 1728.56 1676.47 1649.58 1632.61 1621.36 1705.96 1801.20 1881.00 1923.44 1968.08 2014.41 2027.53 2045.18 2061.74 2032.37 2002.87 1971.33 1973.89 1980.66
1988.97 2006.23 2018.90 2032.50 1947.30 1853.08 1743.90 1771.95 1815.88 1859.57 1965.54 2056.60 2127.93 2214.72 2300.10 2385.05 2396.33 2406.04 2411.09 2408.66 2403.97 2399.43 2379.57 2352.89
2317.81 2357.13 2395.49 2431.50 2233.98 1976.17 1604.77 1312.09 993.82 1382.59 1537.88 1670.55 1765.40 1702.00 1777.50 1921.73 1849.00 1849.86 1929.75 2014.61 2089.63 2149.40 2197.78 2248.35
2301.92 2257.57 2208.52 2156.30 2101.34 2058.81 2036.24 2049.59 2052.60 2047.53 2066.83 2084.12 2094.43 2098.99 2111.86 2134.46 2078.48 2053.15 2095.05 2043.72 1993.63 1949.65 1951.12 1959.10
1971.00 2033.22 2093.85 2151.32 2143.29 2135.36 2125.85 2135.53 2136.53 2132.13 2158.92 2207.22 2266.27 2310.99 2359.96 2411.05 2367.77 2315.62 2253.23 2217.99 2181.35 2144.86 2094.33 2046.96
2004.54 2001.38 1998.58 1996.71 2057.67 2116.73 2148.24 2202.42 2237.65 2255.70 2245.02 2263.10 2294.16 2313.99 2335.16 2360.07 2347.61 2327.28 2298.33 2191.04 2076.19 1962.82 1969.93 1940.87
1882.32 1685.78 1547.82 1576.39 1955.76 2217.07 2428.94 2357.33 2280.88 2207.51 2235.54 2268.74 2291.38 2341.85 2390.67 2431.80 2469.22 2507.09 2542.66 2591.40 2639.62 2687.87 2674.34 2660.77
2647.29 2628.60 2609.76 2590.77 2550.11 2513.19 2484.25 2486.05 2484.56 2483.95 2392.96 2309.00 2214.67 2187.73 2165.15 2144.56 2077.12 2000.69 1916.53 1722.81 1497.90 1490.47 1319.99 1199.94
1152.05 1215.14 1179.90 1305.94 1625.79 1837.98 2014.14 1966.55 1931.72 1910.02 1862.06 1871.00 1908.42 1990.46 2069.48 2146.34 2108.79 2065.39 2008.47 1970.93 1930.15 1889.77 1861.17 1815.90
1738.07 1716.85 1697.96 1681.21 1704.11 1780.11 1877.94 1983.21 2063.50 2127.07 2119.02 2146.60 2186.78 2221.62 2261.11 2308.21 2276.96 2241.36 2196.90 2185.86 2175.71 2166.44 2091.77 2013.71
1929.41 1953.13 1982.08 2015.52 1983.96 1955.75 1930.89 1973.74 2007.18 2040.32 2078.31 2157.09 2253.06 2172.72 2086.79 1990.15 1935.82 1891.93 1840.97 1923.88 1998.29 2067.06 2053.34 2035.00
2015.92 1959.24 1922.97 1914.41 1771.86 1545.78 1196.38 1223.09 1096.66 1152.68 1278.76 1449.84 1576.30 1803.73 1993.20 2141.98 2308.27 2468.24 2619.17 2698.80 2780.80 2864.75 2912.28 2958.24
3004.90 2981.73 2957.76 2936.05 2926.67 2917.37 2910.25 2911.82 2910.80 2913.80 2828.33 2746.14 2664.49 2610.47 2559.04 2509.50 2448.82 2373.18 2276.96 2286.26 2296.43 2308.13 2212.85 2102.55
1974.25 1975.93 1976.83 1980.11 1993.71 2023.40 2065.04 2095.62 2121.04 2141.95 2041.25 1986.35 1971.76 1940.50 1905.96 1876.15 1898.35 1924.51 1943.04 1948.67 1990.40 2062.29 2078.89 2103.95
2134.28 2088.50 2044.65 2003.74 2025.86 2049.71 2073.38 2109.63 2132.59 2146.62 2206.58 2271.47 2333.08 2294.20 2259.05 2227.95 2182.81 2125.32 2054.21 2037.78 2021.74 2006.48 2020.99 2037.94
2053.12 2053.59 2059.13 2066.87 2084.01 2110.72 2147.13 2089.68 2031.62 1970.11 1958.90 2002.34 2068.09 2084.02 2115.50 2166.79 2166.33 2165.49 2156.03 2087.90 2011.87 1925.65 1898.15 1877.28
1862.93 1889.21 1913.76 1938.70 1911.48 1907.18 1930.43 1967.26 2026.56 2092.79 2111.03 2131.96 2161.57 2186.07 2212.69 2236.70 2214.83 2178.13 2127.95 2112.41 2066.76 2014.99 1973.21 1930.88
1887.37 1851.88 1823.01 1804.87 1840.42 1878.19 1919.42 1871.88 1804.00 1721.77 1752.39 1797.01 1839.49 1916.56 1999.34 2081.91 2053.76 2020.59 1967.81 1957.86 1943.26 1929.86 1912.10 1892.42
1873.55 1867.87 1868.86 1878.93 1889.22 1911.27 1942.33 1984.39 2013.77 2035.27 2014.10 2053.15 2075.50 2106.11 2139.54 2177.77 2128.56 2068.14 1955.61 1986.56 2008.97 2003.08 1993.03 1982.63
1966.40 1953.29 1939.29 1926.78 1911.07 1886.51 1871.74 1715.27 1533.40 1365.77 1199.31 1174.49 1040.25 1248.28 1450.94 1604.24 1750.19 1876.08 1986.37 2170.77 2305.01 2421.13 2456.45 2491.81
2528.93 2575.25 2621.59 2669.74 2663.06 2655.25 2647.44 2674.50 2697.69 2722.40 2691.55 2661.22 2629.17 2573.78 2515.72 2451.72 2378.99 2301.45 2215.90 2174.68 2131.69 2089.52 2121.68 2155.52
2191.26 2170.47 2149.69 2129.86 2127.43 2128.01 2128.22 2108.80 2080.62 2047.82 1985.15 1925.44 1868.50 1719.88 1562.07 1436.64 1524.57 1620.72 1704.39 1628.71 1565.66 1538.36 1393.85 1215.61
1201.13 1233.54 1354.29 1478.84 1412.13 1540.38 1731.09 1720.76 1703.72 1671.68 1733.35 1851.26 1962.03 2032.85 2100.36 2166.76 2152.19 2133.27 2098.80 2093.00 2079.15 2062.86 2029.79 1998.14
1969.23 1941.90 1913.44 1883.86 1876.18 1873.48 1873.04 1936.81 1987.59 2031.92 2059.84 2104.17 2152.56 2116.38 2076.59 2035.07 1838.46 1592.91 1561.62 2264.09 2720.59 3108.28 3117.39 3126.49
3138.21 3129.48 3120.62 3111.44 3114.83 3120.32 3126.84 3125.25 3119.05 3110.83 3039.17 2969.76 2900.88 2847.65 2797.43 2748.82 2679.66 2601.40 2506.17 2521.36 2537.17 2554.54 2478.67 2396.39
2308.73 2293.14 2275.59 2259.78 2236.55 2223.30 2220.31 2213.92 2202.43 2195.02 2045.44 1888.81 1747.23 1559.87 1381.08 1441.80 1210.81 1521.55 1717.73 1834.64 1840.08 1907.92 1980.32 2045.22
2106.59 2144.11 2182.47 2218.44 2250.60 2282.42 2315.20 2318.96 2320.02 2323.44 2315.92 2313.84 2317.45 2318.78 2335.98 2366.57 2424.78 2480.33 2533.88 2516.73 2498.35 2481.38 2457.40 2433.61
2409.14 2376.35 2340.74 2304.39 2253.43 2197.15 2140.32 2252.75 2342.30 2419.12 2379.64 2345.16 2314.17 2276.86 2238.41 2198.60 2173.84 2120.71 2050.52 2021.48 1994.13 1966.14 2001.74 2036.23
2074.12 2085.70 2103.10 2126.84 2104.43 2079.30 2055.24 2052.03 2042.14 2031.82 1869.26 1704.46 1544.06 1518.60 1513.42 1521.31 1468.63 1426.15 1393.36 1438.70 1486.34 1532.50 1596.90 1668.26
1706.35 1668.66 1703.20 1769.62 1836.94 1940.62 2053.14 1959.50 1849.74 1728.50 1225.43 1104.23 1521.56 1551.19 1588.03 1627.15 1671.28 1714.11 1750.12 1671.44 1639.98 1677.67 1595.00 1556.18
1592.14 1608.23 1616.22 1622.08 1524.57 1406.67 1259.83 1531.19 1695.71 1800.53 1810.29 1835.93 1868.28 1814.22 1762.18 1712.63 1646.86 1594.19 1535.06 1555.17 1668.37 1826.22 1814.54 1809.57
1814.37 1807.12 1832.27 1879.58 1777.82 1723.78 1762.05 1705.17 1645.59 1592.76 1349.42 1308.95 1477.93 1700.00 1871.58 2013.44 2046.89 2079.46 2081.75 2070.60 2063.32 2085.65 2064.31 2044.05
2016.90 2034.02 2041.94 2049.74 2052.62 2057.83 2064.11 2106.56 2141.61 2170.74 2234.75 2321.80 2407.68 2416.55 2431.60 2438.79 2375.51 2301.40 2206.03 2227.36 2254.47 2284.71 2276.46 2272.26
2271.86 2248.43 2224.84 2200.51 2212.45 2226.55 2242.23 2235.66 2222.07 2206.19 2286.98 2355.05 2409.84 2431.26 2452.03 2476.97 2411.24 2338.95 2252.16 2244.85 2238.22 2233.64 2209.43 2199.17
2204.81 2105.22 1992.22 1857.68 1947.85 2031.03 2097.46 2034.86 1956.84 1874.89 1872.80 1889.59 1937.24 1855.69 1767.09 1672.01 1529.63 1363.54 1200.07 1732.66 2117.83 2397.96 2396.62 2392.64
2386.93 2337.46 2290.95 2249.80 2157.68 2058.77 1962.21 2010.63 2068.05 2131.70 2192.97 2240.16 2283.87 2220.57 2159.18 2101.12 2032.16 1940.84 1784.25 1850.91 1914.41 1977.36 1995.10 2015.96
2041.11 2000.94 1955.71 1910.01 1898.03 1919.47 1972.73 1879.14 1764.58 1642.01 1313.43 1231.70 1499.93 1758.75 1936.70 2084.28 2084.31 2081.39 2055.51 2042.50 2031.37 2024.11 1998.97 1974.64
1953.98 1932.71 1920.73 1917.20 1978.95 2044.48 2102.84 2145.23 2161.44 2168.56 2237.80 2308.14 2356.66 2378.94 2404.64 2433.48 2405.02 2371.06 2324.26 2333.01 2351.15 2378.60 2344.12 2312.26
2281.40 2277.67 2273.76 2270.28 2273.23 2272.33 2273.92 2335.86 2386.40 2430.40 2449.22 2457.86 2460.50 2498.94 2527.76 2551.13 2528.03 2500.30 2456.48 2426.93 2398.41 2372.16 2257.79 2124.82
1964.81 1749.56 1501.31 1539.40 1856.90 2178.89 2444.59 2517.49 2577.73 2642.91 2600.28 2563.00 2536.17 2503.67 2472.39 2443.69 2416.01 2386.43 2349.16 2355.75 2362.97 2367.32 2372.60 2382.33
2399.55 2385.95 2375.02 2367.02 2312.28 2271.14 2247.97 2278.52 2298.08 2309.93 2308.85 2320.04 2336.62 2275.87 2232.10 2211.49 2132.84 2043.44 1931.72 1984.64 2041.47 2100.41 2020.96 1934.72
1841.59 1779.75 1744.36 1747.90 1790.76 1852.34 1922.46 2000.43 2062.62 2112.38 2094.34 2097.66 2122.67 2120.36 2120.34 2130.43 2167.66 2190.05 2202.91 2225.80 2249.03 2272.54 2307.80 2347.85
2392.14 2402.12 2412.72 2424.94 2398.97 2374.09 2351.02 2377.67 2398.74 2411.07 2427.16 2440.71 2448.19 2450.74 2455.24 2464.30 2422.20 2365.59 2290.24 2203.14 2107.20 2005.05 1910.18 1798.08
1665.25 1463.70 1586.11 1837.41 2048.89 2228.05 2321.70 2311.80 2296.96 2286.00 2294.06 2303.39 2316.03 2311.83 2316.91 2319.62 2292.62 2259.55 2209.85 2228.81 2248.69 2267.09 2296.56 2331.81
2374.60 2350.18 2314.37 2275.51 2292.54 2310.55 2327.33 2365.29 2387.05 2402.73 2452.01 2497.87 2539.48 2441.10 2336.89 2226.29 2137.27 2029.16 1869.11 1769.57 1637.81 1468.12 1544.02 1616.46
1677.47 1745.15 1847.70 1963.72 2007.01 2051.25 2095.23 1995.13 1877.83 1749.51 1560.47 1752.20 1955.52 1998.99 2047.32 2094.98 2075.84 2062.34 2040.33 1936.77 1824.11 1741.23 1635.61 1418.53
1159.47 1169.36 1332.10 1457.73 1645.06 1805.46 1941.66 1918.04 1882.59 1843.61 1790.29 1744.56 1701.89 1570.95 1427.77 1211.30 1368.24 1546.74 1693.23 1620.82 1533.28 1439.18 1635.74 1765.17
1875.28 1744.59 1587.99 1418.33 1589.99 1801.23 1978.82 1997.27 2002.42 1998.25 2014.45 2068.89 2135.33 2197.40 2267.87 2338.80 2312.98 2273.76 2216.00 2205.90 2197.28 2191.64 2168.08 2145.76
2125.18 2089.43 2053.95 2018.90 2027.28 2048.18 2077.60 2087.48 2105.57 2131.08 2062.89 2120.33 2223.55 2208.50 2216.62 2247.35 2217.30 2179.95 2123.80 2173.56 2226.88 2272.99 2306.15 2343.94
2384.18 2343.93 2306.05 2266.33 2276.29 2284.39 2295.41 2275.02 2247.81 2215.16 2169.64 2125.92 2086.24 1985.12 1899.81 1846.49 1790.01 1751.58 1742.51 1730.46 1719.87 1712.19 1724.58 1735.56
1750.08 1793.75 1821.25 1840.70 1888.00 1932.69 1975.58 2003.86 2021.80 2030.92 1998.98 2058.33 2146.84 2214.07 2277.68 2340.84 2278.05 2203.02 2101.12 2119.76 2138.94 2157.90 2104.13 2046.73
1982.88 2007.49 2031.20 2053.91 2077.88 2102.00 2125.81 2135.00 2134.79 2128.96 2178.62 2218.03 2248.53 2240.62 2237.63 2239.49 2211.00 2181.87 2142.75 2134.31 2125.56 2116.42 1897.84 1625.58
1223.07 1783.64 2172.75 2443.27 2559.96 2666.47 2775.23 2806.87 2836.13 2818.85 2836.73 2841.69 2832.59 2876.70 2916.99 2944.94 2941.13 2917.80 2895.06 2858.77 2822.83 2790.03 2736.36 2680.39
2623.87 2568.22 2506.72 2441.40 2474.80 2508.58 2544.00 2567.57 2584.47 2597.59 2564.12 2535.38 2510.10 2448.75 2392.80 2330.99 2304.54 2272.38 2220.25 2197.49 2173.86 2150.21 2169.84 2195.33
2226.52 2191.33 2158.79 2129.55 2126.76 2133.50 2150.67 2130.96 2097.34 2071.57 1932.53 1774.23 1626.65 1588.39 1639.10 1778.31 1807.05 1821.51 1801.11 1727.46 1689.82 1708.15 1706.07 1706.47
1708.59 1603.20 1474.79 1306.31 1263.53 1180.35 1137.05 1129.71 1109.22 1121.33 1680.87 1957.75 2141.97 2179.51 2224.73 2276.88 2200.90 2115.41 2019.23 2001.82 1963.64 1926.16 1896.83 1866.24
1835.91 1832.10 1829.02 1825.26 1797.94 1783.19 1786.51 1586.96 1473.77 1474.51 1327.95 1369.10 1488.32 1658.93 1830.93 1980.77 2033.37 2092.96 2150.27 2136.08 2120.05 2104.46 2090.30 2084.49
2088.22 2080.58 2073.87 2068.35 2102.23 2140.57 2182.40 2218.61 2250.42 2275.82 2340.55 2390.09 2429.51 2408.66 2394.23 2384.44 2369.67 2351.87 2321.10 2333.46 2344.47 2354.96 2314.50 2264.66
2214.07 2240.23 2268.39 2299.55 2300.47 2301.73 2291.56 2267.76 2238.44 2208.58 2119.48 2037.53 1970.13 1624.59 978.92 1427.56 1977.71 2446.06 2803.55 2809.36 2813.96 2823.40 2848.04 2873.80
2900.29 2891.60 2883.04 2876.04 2880.46 2888.39 2898.90 2880.83 2855.95 2826.50 2796.90 2771.15 2746.04 2723.31 2707.76 2697.26 2662.08 2626.28 2582.01 2505.97 2427.60 2356.11 2344.71 2331.89
2321.40 2293.12 2264.55 2233.86 2202.54 2168.42 2136.14 2080.97 2015.46 1940.86 1787.29 1623.80 1436.69 1642.22 1808.30 1922.43 1911.48 1931.64 2000.64 1921.31 1838.23 1762.18 1783.59 1802.88
1823.58 1796.10 1769.40 1725.09 1720.46 1738.97 1776.92 1865.98 1923.72 1961.73 1916.12 1918.24 1951.13 1877.56 1874.62 1943.06 1964.82 2041.46 2145.70 2122.98 2101.60 2079.58 2115.11 2154.13
2181.23 2159.46 2138.08 2115.07 2179.65 2211.37 2242.42 2260.28 2278.24 2295.48 2223.34 2149.73 2078.39 2046.89 2020.89 2000.16 1990.39 1981.63 1971.65 2005.43 2039.36 2073.33 2123.97 2171.23
2217.81 2197.88 2183.05 2173.61 2064.94 1938.31 1781.68 1812.64 1839.21 1861.93 1922.81 1973.05 1970.72 1994.14 2021.68 2049.11 1980.95 1901.97 1800.27 1891.68 1979.92 2024.25 2025.72 2026.17
2031.42 2011.87 2025.56 2072.95 2116.41 2158.66 2197.52 2225.03 2253.06 2278.78 2309.53 2337.12 2362.33 2323.40 2292.20 2268.98 2229.46 2183.31 2120.74 2100.69 2091.67 2083.68 2129.12 2173.72
2210.86 2228.44 2245.66 2263.01 2205.25 2154.91 2105.48 2095.41 2075.62 2045.91 2090.28 2116.09 2135.33 2146.58 2163.52 2182.85 2060.56 1917.71 1760.95 1721.20 1695.09 1690.92 1696.95 1710.45
1733.90 1796.86 1842.36 1928.37 1870.33 1808.76 1751.87 1715.86 1673.53 1621.19 1535.06 1518.70 1513.79 1372.36 1203.87 1051.24 1205.72 1377.98 1556.94 1727.74 1877.91 2014.68 1943.04 1865.54
1787.35 1802.25 1862.51 1942.76 1863.89 1775.93 1650.80 1617.88 1637.08 1687.38 1890.71 2032.23 2129.94 2118.78 2117.30 2122.21 2079.82 2034.59 1978.04 1952.77 1935.15 1929.03 1843.32 1755.79
1671.59 1702.32 1751.34 1807.50 1834.02 1865.03 1901.39 1856.51 1801.26 1734.19 1722.16 1765.89 1828.07 1831.41 1883.92 1960.34 1959.84 1948.09 1917.47 1911.16 1886.41 1891.16 1861.82 1839.03
1824.02 1834.00 1856.77 1880.55 1857.63 1844.53 1847.85 1875.53 1848.84 1816.41 1857.70 1902.51 1947.98 2027.80 2136.54 2252.09 2222.16 2190.35 2148.62 2179.84 2210.42 2240.73 2179.01 2114.27
2032.13 2106.77 2165.62 2221.21 2183.70 2143.47 2101.29 2189.94 2257.45 2307.08 2337.89 2368.44 2401.76 2398.84 2397.99 2392.78 2397.04 2404.21 2378.07 2321.05 2258.81 2190.05 2078.14 1952.80
1810.21 1877.20 1890.73 1885.15 1901.98 1934.95 1975.08 1897.99 1809.73 1705.33 1175.26 1534.53 1733.55 2013.11 2340.67 2607.87 2520.23 2414.95 2281.78 2223.79 2156.84 2081.14 2057.08 2049.06
2062.49 2051.97 1994.78 1937.90 1840.58 1725.84 1596.51 1679.37 1777.06 1862.71 1992.57 2112.47 2215.21 2175.55 2142.35 2113.29 2108.14 2115.83 2129.75 2088.38 2049.46 2016.23 1992.45 1969.88
1944.26 2004.57 2065.74 2129.70 2068.24 2002.38 1928.69 1941.74 1945.99 1941.82 1940.98 1939.75 1937.32 1842.82 1745.05 1633.60 1529.28 1564.01 1717.85 1633.45 1553.35 1491.26 1216.19 1474.13
