2303.44 2306.19 2326.39 2363.90 2412.75 2463.25 2514.73 2562.11 2607.22 2642.82 2661.86 2677.20 2692.46 2678.87 2663.83 2646.57 2626.14 2592.07 2557.10 2467.47 2373.24 2276.78 2313.94 2352.02
2386.30 2391.11 2399.22 2409.23 2406.73 2406.52 2409.40 2400.10 2424.11 2472.82 2284.78 2066.28 1818.60 1933.40 2036.96 2123.04 2192.38 2258.26 2318.03 2274.52 2231.18 2195.20 2059.81 1935.93
1875.61 1912.73 1940.15 1955.47 1674.43 1843.10 2131.99 2206.26 2273.95 2331.56 2467.46 2578.73 2673.08 2651.24 2634.55 2623.57 2514.90 2388.35 2240.07 2182.19 2134.52 2108.85 2151.27 2225.51
2315.33 2329.96 2347.54 2368.42 2356.56 2351.35 2354.50 2337.62 2316.26 2283.71 2261.09 2228.15 2195.35 2179.60 2170.59 2160.84 2149.36 2128.62 2104.18 2130.41 2169.94 2220.78 2234.04 2251.08
2269.52 2300.65 2330.78 2362.31 2331.39 2299.60 2266.17 2247.49 2200.28 2124.00 2090.05 2065.14 2045.01 2047.74 2057.75 2074.39 2121.31 2183.72 2256.45 2274.18 2292.90 2316.07 2321.03 2331.91
2349.84 2339.07 2333.63 2334.54 2345.35 2356.39 2365.39 2423.97 2474.56 2509.97 2512.75 2511.18 2504.70 2487.85 2474.57 2465.99 2393.82 2312.34 2221.36 2290.84 2372.02 2456.59 2416.13 2388.67
2373.56 2377.90 2376.55 2342.06 2333.70 2324.70 2292.77 2291.60 2287.50 2277.85 2223.60 2214.52 2243.52 2186.44 2133.60 2087.55 2080.36 2082.69 2097.05 2096.90 2099.01 2102.88 2135.02 2169.45
2205.66 2192.01 2181.33 2173.66 2187.63 2201.02 2215.86 2113.51 2005.97 1886.93 1836.14 1794.34 1782.15 1807.30 1945.09 2099.24 2116.66 2140.78 2173.69 2223.94 2258.26 2290.81 2316.65 2345.16
2375.63 2396.87 2419.99 2445.16 2423.70 2402.48 2379.25 2378.35 2376.35 2369.75 2339.19 2324.07 2320.26 2311.61 2313.62 2323.63 2260.60 2195.39 2123.23 2058.18 1991.52 1932.45 1938.73 1951.61
1967.77 1973.04 1979.69 1985.06 2010.03 2044.06 2087.78 2183.64 2268.56 2336.18 2376.87 2411.86 2443.01 2458.30 2482.53 2507.06 2496.57 2489.16 2487.63 2483.38 2484.91 2489.99 2460.02 2432.26
2405.00 2359.03 2310.84 2260.92 2219.67 2176.89 2135.95 2208.34 2275.58 2330.85 2385.31 2427.86 2474.39 2462.03 2452.84 2419.28 2414.07 2393.29 2378.47 2333.85 2293.19 2263.56 2239.67 2214.97
2188.54 2175.49 2215.94 2296.71 2275.19 2291.29 2353.82 2411.66 2471.42 2525.00 2583.39 2636.11 2685.46 2628.95 2572.58 2518.61 2411.98 2284.60 2131.82 2137.81 2177.26 2245.67 2239.34 2233.53
2220.77 2219.21 2217.03 2215.58 2216.47 2221.54 2232.95 2227.40 2222.83 2209.18 2194.59 2179.66 2166.82 2152.77 2147.23 2152.42 2196.57 2240.49 2283.06 2230.28 2174.84 2119.13 2126.07 2133.92
2142.80 2108.00 2073.72 2041.93 2021.13 2000.86 1981.18 1903.97 1822.00 1736.13 1638.06 1548.32 1479.80 1557.90 1653.78 1746.39 1857.28 1957.20 2049.76 1995.42 1970.63 1989.73 2022.49 2056.34
2090.67 2120.78 2148.73 2156.85 2120.36 2084.99 2047.90 2053.05 2043.03 2046.86 2105.99 2166.35 2221.66 2191.43 2165.74 2143.75 2107.13 2089.56 2094.99 2151.45 2201.42 2250.49 2263.98 2280.09
2299.79 2283.72 2266.67 2249.64 2239.19 2230.15 2220.02 2264.22 2306.71 2337.28 2386.08 2426.26 2458.27 2422.80 2391.28 2363.96 2293.12 2216.16 2136.98 2175.50 2214.08 2254.38 2266.02 2278.00
2291.33 2273.76 2262.72 2255.17 2261.40 2274.76 2301.21 2281.54 2259.88 2227.68 2152.87 2102.78 2080.72 1962.72 1786.20 1575.19 1380.42 1244.98 1729.40 1910.52 2066.11 2206.06 2211.33 2236.34
2279.48 2276.36 2280.17 2288.44 2312.69 2336.44 2361.03 2435.68 2504.57 2559.81 2624.76 2677.34 2718.47 2676.06 2642.89 2624.78 2545.37 2436.82 2309.13 2300.76 2290.50 2251.47 2287.08 2417.36
2593.56 2662.01 2760.53 2880.22 2902.84 2924.40 2911.61 2898.70 2889.10 2881.19 2919.64 2953.12 2983.90 2922.39 2863.07 2805.90 2661.05 2486.78 2266.75 2239.20 2212.56 2187.17 2096.25 2014.66
1961.99 2059.78 2169.22 2252.50 2016.51 1668.10 1256.75 1571.71 1813.82 1974.06 2086.06 2167.84 2230.73 2259.99 2300.33 2347.46 2309.26 2266.60 2221.59 2270.39 2323.57 2380.68 2391.72 2415.89
2452.23 2447.20 2444.63 2444.58 2514.68 2583.22 2650.50 2682.38 2710.81 2728.69 2749.47 2763.06 2771.05 2756.07 2745.88 2741.29 2696.23 2648.36 2600.57 2642.34 2683.93 2725.91 2745.28 2765.05
2784.58 2789.12 2793.41 2797.55 2773.21 2751.85 2732.13 2669.13 2602.89 2528.59 2422.97 2343.07 2299.70 2242.18 2201.16 2254.15 2230.26 2218.44 2224.23 2478.47 2739.80 2979.83 2962.77 2926.39
2872.56 2826.28 2782.02 2742.93 2665.65 2594.00 2537.06 2502.72 2464.35 2416.02 2397.59 2382.02 2371.31 2294.62 2246.86 2234.46 2187.91 2107.31 2004.49 1859.14 1921.15 2128.22 2211.69 2291.98
2368.20 2366.66 2365.27 2364.86 2345.91 2328.67 2310.53 2309.08 2310.51 2307.37 2192.26 2097.53 2032.05 1818.81 1750.30 1908.26 1988.99 2092.16 2207.08 2243.62 2280.71 2317.59 2321.90 2328.47
2336.11 2341.57 2357.30 2380.88 2292.79 2236.83 2226.35 2103.64 2073.35 2096.36 2093.63 2154.53 2232.28 2213.90 2199.80 2190.74 2037.54 1855.97 1677.62 1522.42 1757.00 2072.12 2075.19 2088.65
2111.12 2114.19 2100.36 2059.68 2004.00 1949.93 1892.18 1851.79 1819.67 1790.19 1145.31 1694.42 1994.70 1893.19 1803.04 1733.55 1656.80 1568.22 1474.22 1366.33 1671.14 1796.81 1553.98 1193.05
1323.16 1578.15 1827.79 2024.94 2127.94 2232.63 2335.83 2281.97 2240.02 2208.38 2126.26 2022.08 1892.89 1932.71 1975.36 2020.67 1932.62 1840.97 1784.57 1915.56 2113.58 2302.14 2316.19 2328.71
2341.00 2343.77 2346.41 2349.47 2368.05 2393.30 2425.23 2409.37 2398.33 2386.94 2198.90 2172.76 2282.85 2397.32 2627.08 2860.36 2856.47 2854.48 2858.15 2829.00 2795.59 2758.30 2699.05 2630.75
2555.45 2548.79 2541.57 2537.09 2426.47 2327.09 2265.57 2210.96 2163.75 2094.27 2061.68 2072.91 2127.72 2174.39 2224.79 2270.70 2297.46 2329.32 2366.89 2340.49 2313.44 2289.08 2265.80 2243.79
2225.01 2181.27 2151.21 2138.65 2119.59 2104.36 2088.43 2081.02 2068.62 2046.38 2166.70 2282.12 2383.23 2441.95 2505.63 2570.51 2534.14 2496.84 2463.19 2425.99 2384.55 2341.96 2331.31 2319.95
2310.09 2308.63 2307.29 2305.03 2352.23 2397.27 2439.71 2479.33 2517.15 2545.87 2563.44 2574.14 2577.52 2522.46 2475.92 2438.35 2344.59 2236.99 2114.25 2154.58 2215.93 2294.16 2281.29 2268.55
2256.37 2233.68 2210.36 2188.60 2183.18 2186.93 2201.28 2186.30 2168.91 2143.38 2127.69 2110.19 2092.90 2096.72 2109.27 2126.17 2106.87 2093.60 2089.41 2119.56 2145.88 2172.16 2166.05 2160.24
2152.28 2120.40 2086.34 2050.78 2071.93 2095.42 2119.21 2128.07 2143.88 2161.61 2169.33 2178.28 2175.87 2159.78 2152.86 2151.76 2093.15 2017.42 1905.50 1996.99 2085.54 2171.78 2218.76 2263.92
2308.94 2321.13 2307.80 2284.06 2295.85 2309.83 2323.91 2321.56 2318.33 2304.20 2299.44 2296.60 2294.28 2269.83 2262.11 2271.71 2203.56 2131.28 2060.20 2104.38 2148.81 2199.30 2205.46 2211.59
2218.02 2222.53 2227.22 2232.32 2220.17 2213.73 2212.53 2202.98 2189.65 2165.33 2141.65 2119.39 2100.07 2104.31 2115.11 2129.48 2065.72 1989.70 1906.54 1973.82 2053.83 2143.44 2152.92 2162.87
2173.11 2160.78 2167.70 2195.73 2208.73 2222.71 2236.56 2241.41 2243.37 2236.47 2297.64 2346.93 2394.51 2388.09 2387.04 2385.48 2285.35 2149.06 1985.59 2001.77 2016.73 2021.52 2002.51 1985.51
1969.23 1938.95 1970.16 2006.33 2032.74 2061.22 2091.29 2074.68 2086.06 2113.85 2151.56 2181.92 2210.08 2246.65 2284.40 2319.55 2239.15 2150.29 2056.62 2078.80 2096.73 2116.87 2209.84 2294.23
2372.79 2396.31 2427.09 2463.02 2382.11 2386.58 2490.33 2550.77 2626.59 2690.46 2661.63 2631.58 2589.96 2508.06 2430.02 2352.46 2249.86 2146.18 2062.79 2100.67 2163.31 2236.44 2364.61 2504.54
2644.65 2684.42 2717.26 2749.52 2671.10 2585.98 2470.79 2474.65 2477.35 2480.19 2405.01 2326.20 2245.71 2318.07 2388.55 2455.23 2418.75 2386.80 2364.55 2346.39 2326.91 2309.11 2333.30 2358.77
2387.84 2394.17 2401.43 2385.14 2366.09 2328.43 2286.28 2324.50 2378.57 2439.26 2428.72 2418.30 2412.90 2396.35 2382.55 2363.06 2363.57 2366.60 2371.87 2308.69 2251.61 2208.25 2307.99 2394.88
2435.94 2363.43 2288.42 2211.14 2167.12 2127.10 2094.58 2145.20 2186.44 2199.26 2197.25 2173.36 2157.63 2108.93 2094.81 2111.07 2163.42 2203.93 2237.56 2211.69 2186.51 2168.73 2189.95 2216.48
2247.29 2269.56 2299.04 2334.78 2262.52 2216.43 2209.34 2268.83 2325.65 2375.68 2339.07 2321.52 2324.50 2231.32 2138.94 2048.95 2111.60 2244.22 2398.47 2350.91 2318.87 2316.79 2274.03 2447.49
2681.08 2629.47 2579.94 2538.68 2487.28 2430.50 2347.88 2283.87 2230.02 2188.84 2120.15 2053.30 1989.19 1936.91 1891.15 1850.65 1586.19 1210.92 1592.13 1881.21 2097.44 2279.76 2285.32 2306.54
2342.64 2342.00 2349.20 2364.76 2364.60 2366.51 2372.64 2413.03 2445.39 2466.14 2537.41 2590.84 2630.80 2619.45 2611.54 2605.29 2599.61 2595.58 2597.42 2606.02 2610.97 2616.38 2614.44 2615.52
2620.39 2634.91 2650.45 2666.72 2668.29 2674.83 2687.77 2695.11 2697.70 2667.61 2585.30 2506.53 2433.83 2372.13 2301.92 2219.82 2168.45 2105.08 2026.27 2105.73 2184.07 2252.82 2277.39 2302.16
2327.13 2312.30 2295.74 2278.42 2264.81 2268.41 2287.58 2319.08 2342.03 2352.32 2328.53 2303.34 2276.68 2307.09 2358.46 2422.65 2309.82 2177.14 2030.10 2023.67 2011.81 1997.34 1954.78 1948.93
1985.10 1637.87 1593.65 1784.64 1531.51 1464.83 1743.25 1884.32 2002.83 2097.20 1840.88 1732.52 1834.73 1780.24 1863.95 2009.13 1997.69 1990.82 1995.55 2079.89 2159.22 2237.93 2220.36 2222.18
2247.06 2214.46 2175.63 2135.02 2205.11 2272.19 2305.64 2149.43 2078.02 2147.60 2192.30 2230.08 2267.23 2107.89 1954.06 1855.68 2038.83 2208.30 2367.22 2367.12 2338.44 2308.62 2323.99 2339.67
2355.65 2398.83 2442.20 2484.81 2470.68 2461.27 2459.14 2563.68 2652.89 2726.35 2666.45 2618.20 2584.05 2572.21 2565.96 2564.00 2607.82 2651.17 2696.45 2665.65 2628.15 2587.14 2592.41 2597.35
2601.11 2608.37 2616.61 2624.73 2571.75 2526.32 2494.77 2480.61 2463.55 2443.55 2416.73 2395.22 2372.51 2340.48 2323.69 2314.91 2213.51 2102.97 1987.99 1921.21 1896.41 1970.05 1844.81 1858.68
1990.03 1818.49 1666.39 1769.81 1238.88 1722.85 2065.24 2180.35 2276.48 2354.23 2307.92 2273.62 2254.59 2176.40 2111.36 2061.89 1901.42 1774.85 1806.67 1998.44 2158.04 2252.63 2273.22 2293.67
2313.37 2302.28 2277.42 2249.83 2223.17 2214.70 2218.12 2305.31 2373.44 2432.67 2469.72 2502.39 2535.57 2498.40 2464.13 2410.73 2371.67 2338.79 2321.67 2310.32 2299.59 2271.79 2300.48 2301.21
2301.19 2266.50 2251.43 2258.84 2214.99 2163.07 2102.49 2016.69 1918.23 1803.57 1986.95 2115.71 2168.51 2163.24 2161.15 2162.01 2185.46 2214.77 2256.28 2250.54 2233.80 2235.12 2319.49 2405.08
2488.32 2488.00 2506.22 2539.85 2490.19 2544.54 2668.79 2719.37 2766.68 2812.83 2814.82 2816.55 2815.75 2797.46 2783.68 2772.88 2729.62 2684.91 2643.53 2556.87 2447.70 2292.66 2285.10 2257.15
2231.24 2054.50 1909.59 1764.56 1945.42 2181.57 2360.52 2294.01 2222.12 2146.98 2161.53 2224.78 2305.76 2291.54 2285.44 2287.12 2329.67 2375.99 2430.78 2395.26 2350.20 2299.76 2288.79 2280.66
2274.32 2275.11 2275.67 2278.18 2266.77 2257.37 2249.74 2291.17 2320.56 2341.98 2444.54 2525.37 2580.38 2557.75 2532.15 2509.53 2468.49 2424.28 2382.68 2361.70 2332.88 2300.72 2295.22 2295.95
2302.83 2317.32 2331.62 2344.48 2307.41 2268.07 2226.45 2234.49 2233.46 2227.45 2147.78 2096.81 2079.22 1935.28 1858.26 1839.10 1915.34 1987.57 2055.45 2096.59 2134.02 2172.56 2166.02 2175.14
2202.67 2184.62 2168.50 2153.12 2140.07 2147.56 2176.74 2108.51 2028.33 1938.71 1902.66 1895.82 1909.45 1842.93 1783.22 1726.72 1693.97 1659.18 1627.05 1521.60 1634.96 1847.19 1841.87 1826.78
1844.55 1850.44 1935.32 2044.66 2037.94 2051.69 2089.41 2118.89 2129.79 2137.01 1947.07 1726.13 1449.51 1384.09 1505.33 1656.96 1689.71 1724.58 1773.14 1954.74 2110.50 2235.65 2188.32 2167.88
2184.22 2170.15 2158.55 2150.84 2144.04 2140.78 2138.71 2218.48 2301.89 2379.30 2365.06 2353.81 2342.21 2241.46 2163.50 2120.86 1997.89 1873.07 1779.39 1361.90 1452.79 1905.75 1991.26 2079.14
2166.25 2122.89 2110.01 2134.07 2116.44 2096.85 2076.78 2060.00 2019.12 1948.87 2005.17 2153.15 2275.00 2238.65 2212.93 2200.14 2061.12 1907.86 1762.61 1705.28 1792.82 2002.51 1994.12 1986.03
1958.25 1910.33 1926.20 2005.66 2125.07 2227.42 2213.30 2355.84 2478.84 2589.77 2646.98 2697.84 2746.73 2740.77 2745.08 2762.09 2801.39 2834.06 2867.75 2846.22 2820.53 2796.83 2774.12 2750.38
2724.69 2766.40 2808.00 2845.77 2858.71 2865.71 2859.80 2833.52 2803.97 2774.89 2706.05 2641.29 2578.17 2600.49 2633.03 2671.34 2591.29 2510.83 2434.69 2367.23 2273.22 2134.68 2157.57 2180.61
2205.19 2208.82 2212.87 2218.02 2150.16 2068.27 2016.94 2009.79 2028.58 2042.89 2098.50 2133.36 2169.01 2223.31 2285.91 2337.71 2376.10 2426.39 2484.64 2426.50 2357.51 2265.99 2190.79 2104.29
2052.60 2076.28 2100.70 2125.04 2161.76 2213.22 2246.46 2312.63 2339.36 2357.57 2449.35 2531.15 2603.07 2589.83 2580.51 2571.72 2568.23 2567.60 2570.80 2564.38 2560.33 2566.87 2597.65 2634.58
2676.43 2673.16 2670.25 2666.41 2661.91 2657.29 2653.34 2678.76 2693.83 2694.84 2610.70 2525.02 2439.26 2357.64 2291.17 2241.01 2211.68 2186.41 2165.68 2220.50 2267.33 2315.61 2397.79 2484.27
2572.70 2560.39 2546.66 2531.56 2477.27 2420.88 2361.18 2379.31 2386.63 2385.79 2366.59 2344.86 2319.93 2289.08 2270.40 2265.22 2210.51 2159.89 2113.48 2146.06 2171.88 2195.36 2252.99 2291.36
2326.09 2408.89 2488.12 2546.38 2480.94 2421.05 2405.21 2415.50 2534.61 2672.11 2620.05 2571.18 2526.41 2430.14 2334.89 2225.07 2094.81 1938.52 1731.73 1675.65 1704.35 1823.26 1882.17 1972.17
2069.44 2120.51 2169.29 2195.89 2185.60 2167.50 2141.30 2072.78 2001.60 1898.60 2041.17 2166.42 2265.78 2328.23 2397.20 2456.25 2465.36 2480.05 2500.57 2509.20 2522.64 2548.99 2511.34 2471.50
2430.37 2419.18 2405.40 2392.40 2314.43 2226.95 2119.60 2216.64 2292.27 2359.20 2280.13 2222.67 2188.65 2236.54 2287.60 2339.54 2354.34 2371.39 2389.90 2360.39 2318.37 2271.75 2252.74 2234.16
2215.53 2216.84 2218.40 2219.95 2197.93 2206.66 2240.12 2304.06 2351.85 2385.66 2481.22 2564.61 2635.82 2651.09 2668.96 2691.34 2689.42 2694.41 2707.31 2747.50 2781.86 2817.46 2838.37 2852.95
2877.82 2753.00 2658.89 2621.69 2589.33 2624.60 2727.59 2655.77 2580.28 2517.72 2599.20 2671.40 2736.50 2741.10 2750.71 2767.62 2716.96 2666.85 2617.24 2570.92 2513.91 2451.28 2440.17 2451.95
2486.55 2481.91 2485.26 2496.10 2479.47 2467.12 2460.56 2469.13 2467.60 2450.85 2475.25 2510.98 2552.75 2433.12 2316.09 2213.14 2150.33 2148.71 2216.69 2222.15 2218.65 2214.28 2222.50 2229.97
2236.26 2252.16 2267.78 2282.35 2354.08 2421.89 2486.79 2532.69 2567.83 2585.81 2519.38 2456.17 2396.88 2321.35 2256.29 2208.66 2227.85 2251.04 2275.41 2230.09 2174.41 2122.57 2147.79 2175.52
2205.78 2213.39 2226.06 2243.81 2257.77 2273.54 2291.05 2211.83 2115.03 2034.26 2040.90 2063.98 2097.51 2035.50 1976.51 1924.20 1939.15 1966.44 2001.58 1974.97 1923.96 1822.81 1832.15 1819.61
1788.15 1680.88 1550.00 1309.56 1596.04 1816.26 1990.83 1908.03 1828.40 1728.52 1843.87 1944.05 2025.75 1960.22 1898.76 1844.07 1992.27 2124.18 2244.60 2211.91 2165.34 2112.49 2137.29 2161.73
2187.51 2138.76 2070.44 2002.36 1819.63 1804.31 1973.78 1871.65 1750.44 1617.67 1701.63 1787.29 1852.99 1891.72 1955.23 2036.67 2122.27 2207.05 2288.57 2232.61 2169.81 2117.48 2106.56 2104.57
2115.95 2104.18 2091.46 2064.38 2058.71 2037.90 2016.99 2068.99 2106.47 2135.09 2223.22 2300.65 2353.25 2324.55 2304.78 2295.32 2342.27 2392.57 2442.74 2376.78 2294.32 2197.79 2277.90 2358.37
2439.96 2363.52 2277.89 2183.34 2144.76 2114.28 2096.46 2030.09 1965.52 1913.50 1761.16 1674.05 1681.35 1405.15 1065.67 1376.95 1554.89 1715.31 1856.38 1921.53 1982.11 2027.65 2063.77 2083.54
2103.38 2085.02 2067.80 2051.96 1935.94 1797.32 1622.72 1366.73 1125.74 1338.71 1404.41 1518.23 1621.45 1629.04 1648.64 1688.41 1750.49 1812.74 1872.59 1938.14 1999.74 2063.35 2067.54 2071.94
2082.67 2105.06 2128.31 2137.63 2129.97 2125.58 2126.50 2163.27 2169.75 2169.65 2305.06 2410.20 2493.77 2473.19 2456.25 2447.74 2466.38 2489.57 2516.60 2523.14 2520.64 2482.39 2466.55 2458.27
2446.97 2404.36 2360.94 2317.22 2325.59 2334.64 2344.23 2370.02 2394.20 2418.73 2310.79 2219.54 2149.36 2106.10 2067.92 2038.11 2017.08 2008.98 2017.87 2055.50 2104.38 2154.12 2164.57 2176.74
2190.88 2187.99 2185.93 2177.05 2168.50 2162.30 2158.62 2221.23 2273.32 2317.27 2263.79 2221.23 2188.84 2136.78 2089.89 2049.79 2005.75 1962.79 1923.07 1915.93 1914.76 1936.80 1958.97 1989.20
2025.56 1955.34 1878.71 1797.23 1516.55 1655.47 1771.53 1871.15 2029.32 2177.15 2212.45 2247.65 2265.22 2300.37 2323.90 2352.98 2367.75 2388.22 2401.46 2347.75 2271.87 2179.86 2179.83 2179.00
2179.52 2197.27 2215.75 2236.44 2210.87 2189.59 2175.08 2180.90 2186.14 2190.05 2189.56 2192.62 2194.92 2207.61 2227.48 2255.90 2299.82 2346.86 2397.47 2347.53 2281.37 2208.84 2210.06 2219.06
2237.61 2217.68 2195.66 2173.58 2160.75 2148.08 2130.35 2256.50 2354.00 2427.19 2438.15 2449.30 2458.64 2454.48 2453.66 2459.04 2472.88 2490.71 2511.50 2480.41 2434.21 2382.39 2427.60 2472.27
2516.87 2487.05 2456.48 2426.13 2423.44 2421.70 2420.48 2452.45 2474.93 2493.42 2480.28 2467.44 2454.87 2402.23 2344.76 2290.55 2321.65 2356.65 2384.76 2342.63 2281.56 2210.48 2232.09 2253.54
2275.86 2287.21 2302.43 2322.31 2315.13 2312.58 2313.43 2407.12 2479.46 2537.63 2461.73 2387.81 2307.21 2205.63 2109.92 2023.73 2037.06 2063.72 2104.43 2146.39 2207.86 2297.97 2375.91 2403.65
2441.54 2402.17 2363.85 2327.42 2234.48 2156.47 2111.99 2071.33 2514.87 2852.48 2881.48 2909.04 2934.07 2923.22 2912.88 2907.81 2894.99 2883.34 2870.90 2793.21 2693.20 2577.99 2527.87 2471.95
2411.60 2468.66 2525.66 2584.97 2598.36 2610.40 2621.96 2630.99 2633.60 2635.14 2550.16 2465.41 2377.97 2400.62 2425.82 2455.61 2467.97 2490.36 2523.94 2440.60 2326.06 2170.88 2133.98 2059.47
1982.68 2076.95 2169.29 2250.48 2142.04 2022.61 1897.65 1747.77 1572.70 1401.74 1217.96 1186.55 1305.32 1086.93 996.37 1161.41 1281.62 1568.43 1786.78 1927.33 2045.53 2156.08 2172.44 2215.94
2278.96 2306.24 2336.75 2369.55 2333.50 2300.29 2272.70 2298.04 2314.74 2324.83 2336.82 2346.16 2352.47 2292.58 2264.85 2273.31 2331.12 2390.84 2452.88 2436.00 2404.16 2366.91 2369.03 2383.69
2409.56 2442.26 2474.27 2505.78 2453.83 2399.99 2343.11 2410.95 2462.91 2502.34 2536.37 2564.96 2587.49 2539.99 2484.78 2435.08 2443.47 2454.76 2468.73 2490.52 2491.68 2492.58 2517.45 2544.78
2573.70 2526.58 2475.80 2423.76 2361.68 2316.83 2297.16 2282.02 2266.16 2240.22 2195.54 2190.81 2212.86 2150.01 2091.76 2045.09 1972.70 1888.56 1808.22 1662.12 1511.55 1603.27 1621.55 1593.74
1676.00 1829.17 1989.53 2138.81 2142.22 2146.18 2148.86 2057.38 1955.10 1843.55 1933.67 2002.92 2057.97 2048.92 2051.84 2068.12 2100.52 2137.82 2177.99 2208.55 2227.81 2246.43 2198.88 2153.01
2109.95 2166.93 2222.08 2274.03 2240.01 2170.51 2115.43 2030.28 1710.93 1147.71 1543.37 1757.92 1905.64 1785.42 1688.20 1652.19 1531.54 1391.90 1442.85 1616.14 1851.10 2063.12 2065.22 2081.37
2081.05 2075.81 2070.91 2067.88 1906.18 1777.71 1792.12 1834.92 1874.17 1877.34 1547.38 1537.05 1785.80 1803.60 1824.53 1846.01 1892.29 1941.92 1992.40 1834.78 1482.34 1443.73 1609.47 1803.63
1977.82 1693.73 1169.10 1556.75 1537.97 1544.90 1577.93 1524.60 1499.26 1493.95 1406.33 1415.57 1472.94 1584.67 1676.98 1747.70 1577.83 1331.21 981.25 1379.85 1527.82 1724.55 1805.60 1959.59
2122.74 2146.01 2167.44 2181.80 2183.92 2192.15 2204.46 2149.30 2087.13 2018.35 2012.88 2031.34 2056.68 2031.72 2013.15 2005.05 1997.47 1957.18 1920.07 2034.25 2138.24 2226.49 2263.97 2293.78
2332.47 2316.40 2299.44 2283.18 2300.25 2319.13 2338.03 2328.84 2311.87 2286.05 2302.55 2312.09 2315.47 2317.57 2320.86 2329.98 2306.86 2288.29 2276.34 2295.74 2273.90 2199.50 2107.46 2085.31
2163.46 2079.99 2080.51 2223.29 2269.93 2320.67 2376.25 2395.16 2407.92 2416.40 2412.72 2433.06 2470.92 2438.95 2412.65 2395.17 2354.01 2312.54 2269.90 2198.31 2094.55 1960.64 1844.99 1921.16
2113.70 2193.97 2269.52 2318.79 2332.57 2335.95 2331.92 2231.25 2130.92 2031.90 2134.53 2217.11 2286.37 2291.94 2305.94 2333.29 2396.48 2438.55 2472.32 2469.65 2437.54 2360.95 2409.52 2464.40
2524.68 2461.38 2392.38 2316.62 2225.02 2167.82 2123.75 2029.22 2121.32 2302.95 2413.06 2508.83 2606.29 2639.02 2678.84 2715.48 2777.00 2838.97 2897.96 2897.40 2868.75 2846.04 2737.29 2613.60
2471.70 2366.49 2248.68 2116.70 2121.45 2160.41 2225.81 2134.79 2036.41 1927.05 1820.56 1835.05 1764.30 1787.91 1824.42 1871.07 1958.91 2062.18 2168.42 2186.90 2207.26 2243.27 2268.92 2295.29
2323.56 2338.20 2353.23 2368.95 2372.27 2380.43 2392.64 2473.40 2534.21 2577.80 2558.99 2541.86 2525.50 2479.86 2438.74 2405.29 2377.86 2353.17 2333.22 2333.79 2321.34 2307.53 2343.51 2380.76
2419.03 2398.00 2376.08 2351.43 2367.02 2382.32 2397.17 2455.89 2502.83 2539.54 2530.83 2523.98 2517.36 2494.41 2469.38 2430.29 2426.40 2412.93 2388.06 2405.71 2416.66 2430.96 2419.80 2427.17
2453.47 2454.00 2456.92 2462.28 2451.18 2440.96 2432.64 2462.72 2493.23 2518.52 2377.28 2263.42 2190.03 2101.26 2008.31 1914.61 1941.53 1971.89 2005.49 1904.44 1863.44 1959.46 1998.28 2042.28
2092.92 2115.43 2143.95 2182.44 2208.01 2234.57 2257.02 2388.36 2584.54 2760.41 2723.36 2689.08 2632.64 2618.23 2607.78 2604.20 2570.38 2541.71 2518.60 2327.20 2051.00 1580.95 1504.51 1458.39
1478.06 1684.78 1995.92 2242.26 2244.60 2253.52 2268.36 2295.88 2314.32 2321.92 2276.10 2238.52 2209.37 2159.01 2111.45 2070.34 1999.54 1923.03 1841.33 1750.12 1759.47 1781.97 1825.77 2023.05
2212.54 2218.56 2226.11 2238.37 2233.67 2220.12 2206.19 2140.77 2072.46 1996.31 2053.58 2099.38 2134.72 2153.46 2173.17 2198.46 2222.83 2250.67 2281.34 2275.66 2254.97 2227.06 2239.24 2252.05
2265.94 2290.40 2314.57 2338.51 2320.40 2302.74 2285.12 2327.13 2358.77 2376.88 2380.94 2381.95 2340.64 2246.81 2150.35 2056.30 2078.61 2114.70 2164.86 2207.16 2240.18 2258.07 2264.94 2273.34
2284.83 2293.68 2303.56 2313.03 2250.95 2182.18 2105.80 2207.00 2284.83 2343.24 2303.14 2264.87 2231.55 2198.92 2177.94 2172.26 2182.83 2195.00 2219.40 2272.45 2309.41 2345.65 2345.60 2346.51
2350.88 2282.62 2203.43 2111.95 2080.40 2057.33 2044.87 1817.21 1545.37 1373.45 1132.40 1157.41 1341.77 1677.71 1903.41 2086.89 2198.31 2314.15 2428.67 2310.59 2147.04 1919.33 1717.89 1602.50
1789.24 2070.65 2297.87 2489.32 2441.69 2399.19 2365.64 2404.89 2442.56 2478.75 2418.76 2314.93 2210.97 2121.29 2024.11 1892.92 1844.89 1801.70 1759.96 1659.17 1555.05 1519.50 1571.14 1647.08
1734.93 1756.86 1873.69 2005.40 2060.85 2112.77 2163.34 2129.56 2103.77 2081.44 2007.57 2008.34 2054.55 2028.61 2072.78 2164.88 2109.42 2057.38 2014.63 1936.86 1852.41 1761.97 1356.23 1422.92
1826.19 1543.45 1276.62 1441.32 1737.70 1976.02 2169.38 2183.31 2205.24 2230.25 2140.64 2082.11 2059.73 2034.38 2014.35 2004.32 2013.46 2032.50 2061.70 2077.09 2100.59 2142.79 2147.85 2160.76
2182.84 2184.59 2187.98 2193.55 2199.38 2208.85 2221.60 2281.88 2328.44 2358.00 2356.80 2356.55 2356.76 2305.17 2245.45 2181.43 2182.05 2154.35 2122.98 2101.68 2093.53 2115.57 2141.26 2158.78
2176.65 2176.15 2175.06 2174.10 2172.49 2169.96 2166.87 2165.65 2160.32 2145.35 2189.24 2233.93 2273.12 2308.68 2343.71 2381.93 2387.14 2395.39 2407.81 2400.76 2379.89 2350.50 2400.43 2457.37
2520.05 2502.52 2483.18 2462.51 2408.76 2350.34 2286.38 2318.16 2341.81 2354.79 2335.19 2303.07 2266.81 2250.53 2247.57 2267.99 2287.67 2311.43 2336.85 2300.86 2242.37 2150.81 2201.25 2254.14
2309.60 2283.57 2256.90 2228.95 2226.19 2224.29 2220.75 2334.58 2423.02 2456.64 2429.61 2404.90 2382.83 2298.68 2214.59 2142.18 2125.84 2113.20 2105.47 2066.76 2024.00 1995.59 2025.75 2058.10
2093.83 2077.87 2064.42 2056.42 2046.47 2033.84 2016.71 2007.08 1975.52 1937.05 1600.41 1005.77 1312.62 1391.83 1607.15 1798.06 1875.68 1969.31 2069.75 2053.63 2025.16 1991.95 2016.88 2067.50
2137.66 2135.04 2149.17 2172.96 2161.62 2143.00 2124.03 2081.59 2064.20 2060.28 1939.11 1813.14 1720.98 1847.13 2000.12 2047.64 2172.84 2290.56 2400.84 2344.26 2273.52 2195.79 2159.15 2135.35
2126.91 2225.61 2317.33 2402.58 2305.46 2199.23 2084.58 2104.33 2131.69 2165.11 2158.98 2162.74 2176.88 2078.66 2003.37 1865.80 1860.95 1910.73 2002.03 2004.15 1999.14 1997.97 1933.21 1855.38
1836.27 1843.57 1857.73 1876.73 1875.32 1907.16 1985.02 1968.78 1951.85 1926.82 1925.83 1919.29 1887.24 1967.81 2049.67 2127.25 2138.99 2161.86 2193.64 2153.43 2095.01 2024.18 1994.58 1998.92
2041.68 2044.18 2047.72 2052.22 2056.23 2061.37 2064.18 2113.67 2151.85 2175.51 2220.29 2273.27 2326.47 2292.36 2263.31 2238.63 2262.37 2301.95 2354.15 2351.42 2334.99 2306.42 2358.29 2413.94
2473.35 2486.19 2499.36 2515.12 2412.18 2292.81 2151.12 2174.15 2192.37 2201.00 2210.33 2216.55 2221.00 2210.22 2207.41 2213.31 2251.55 2296.86 2346.28 2293.51 2218.70 2123.47 2116.05 2111.20
2109.76 2111.89 2114.19 2118.06 2088.69 2059.46 2027.28 2069.28 2104.08 2126.32 2113.48 2099.17 2085.35 2081.28 2090.51 2112.91 2198.03 2284.66 2361.90 2406.01 2446.69 2491.48 2555.91 2622.63
2691.70 2651.38 2588.22 2518.12 2410.11 2296.91 2184.09 2189.05 2137.27 2075.56 2023.05 2002.61 1915.48 1864.27 1834.70 1828.74 1853.77 1887.98 1928.86 1957.83 1988.04 2029.07 2060.70 2093.15
2126.54 2154.80 2183.38 2211.00 2089.60 1964.91 1857.37 1673.43 2041.77 2309.94 2329.40 2353.69 2383.25 2444.36 2511.66 2581.99 2573.82 2570.91 2572.07 2517.29 2446.63 2361.71 2474.88 2580.99
2681.43 2681.03 2680.04 2677.95 2646.60 2613.19 2572.99 2549.25 2524.60 2496.88 2468.59 2445.45 2438.22 2374.06 2314.03 2259.22 2321.40 2384.46 2443.26 2332.55 2198.92 2044.86 2037.90 2037.55
2044.12 2021.56 1989.83 1902.13 1940.46 1980.00 2017.74 2011.56 2045.52 2095.43 1972.34 1838.45 1619.72 1639.73 1661.97 1687.92 1747.82 1855.26 1954.49 1981.94 2010.23 2044.35 2063.34 2076.84
2086.96 2076.50 2065.47 2047.22 1921.79 1758.59 1539.67 1369.49 1259.69 1294.99 1450.36 1592.67 1702.29 1816.01 1923.60 2034.47 2025.33 2022.82 2027.40 2011.36 1998.86 1972.58 1961.03 1972.19
2036.46 2050.97 2026.52 2002.06 2032.36 2062.47 2091.53 2012.61 1906.69 1788.25 1764.09 1761.00 1778.14 1893.51 2002.20 2103.92 2152.56 2204.65 2256.90 2205.96 2128.22 1989.61 2026.16 1974.91
1928.67 1957.19 1986.89 2014.39 1970.49 1934.57 1916.34 1742.90 1538.39 1258.10 1467.04 1636.31 1773.11 1658.46 1661.33 1776.42 1895.37 2008.40 2114.88 2097.79 2071.56 2032.35 2029.76 2033.76
2046.17 2035.63 2026.72 2015.60 1980.36 1939.82 1897.07 1881.60 1868.62 1851.00 1707.02 1595.75 1454.04 1327.46 1197.34 1109.51 1493.99 1729.35 1909.16 1962.50 2012.82 2065.31 2068.03 2073.23
2080.66 2091.02 2101.39 2111.86 2088.59 2063.73 2034.58 2072.42 2102.43 2119.40 2066.72 2027.25 2002.07 1955.08 1918.37 1894.53 1950.41 2020.07 2085.65 2123.77 2143.47 2159.13 2225.05 2294.45
2366.01 2402.42 2440.34 2480.00 2465.18 2449.59 2430.20 2443.24 2452.51 2452.69 2426.45 2402.19 2379.33 2339.07 2294.06 2227.90 2233.27 2244.10 2259.66 2259.14 2266.73 2289.16 2345.14 2398.90
2431.83 2436.98 2441.59 2445.62 2469.47 2493.29 2510.72 2439.34 2376.10 2313.07 2224.71 2150.29 2115.26 2065.17 2016.60 1962.72 1978.91 1999.96 2022.81 1968.48 1884.44 1773.74 1707.62 1652.69
1626.52 1648.22 1669.03 1619.41 1539.18 1445.72 1334.62 1257.76 1160.65 1254.43 1436.65 1573.31 1676.18 1637.99 1623.68 1630.72 1773.83 1933.44 2060.91 2095.17 2123.45 2146.00 2203.88 2236.71
2267.63 2255.05 2254.74 2270.54 2276.36 2285.61 2296.41 2386.69 2463.25 2522.98 2527.70 2532.06 2533.79 2517.66 2506.14 2500.00 2520.48 2536.19 2548.16 2499.77 2436.11 2358.39 2407.65 2462.43
2520.63 2374.79 2284.66 2319.80 2348.20 2269.50 2300.27 2380.05 2450.44 2510.35 2455.56 2417.85 2396.10 2405.94 2422.37 2443.81 2400.07 2359.54 2320.01 2268.83 2219.97 2177.07 2193.89 2219.53
2251.98 2241.48 2232.23 2223.89 2203.34 2183.14 2154.92 2163.08 2165.02 2153.72 2197.83 2211.06 2224.35 2144.01 2067.95 1998.53 2063.06 2146.83 2239.10 2219.19 2185.31 2138.30 2208.40 2276.61
2342.57 2403.66 2450.01 2496.44 2513.63 2531.17 2544.85 2538.22 2530.62 2517.37 2492.25 2466.49 2441.73 2428.83 2428.31 2437.62 2463.45 2494.11 2526.85 2541.10 2549.27 2550.41 2580.89 2616.29
2657.06 2636.47 2616.22 2596.17 2551.07 2502.90 2447.68 2461.74 2471.61 2472.15 2436.54 2402.59 2371.94 2358.88 2356.56 2357.18 2395.95 2440.80 2490.86 2464.94 2426.64 2377.28 2385.57 2398.84
2418.66 2407.59 2395.44 2383.29 2356.99 2330.00 2298.15 2384.91 2456.65 2510.74 2484.93 2463.49 2444.94 2410.35 2384.72 2367.58 2386.16 2412.45 2445.71 2415.80 2372.05 2314.94 2356.35 2402.08
2451.07 2436.54 2421.61 2406.78 2421.41 2436.04 2446.93 2432.68 2416.50 2402.61 2412.64 2422.23 2424.79 2383.47 2349.80 2313.71 2331.68 2355.19 2381.53 2379.70 2368.80 2348.52 2377.74 2414.11
2456.82 2455.78 2454.34 2453.84 2420.36 2385.49 2344.88 2344.80 2350.35 2353.45 2319.59 2285.40 2251.32 2241.88 2237.65 2239.27 2277.79 2320.09 2368.08 2354.16 2330.20 2296.11 2333.20 2372.97
2414.99 2418.67 2422.88 2427.53 2412.20 2397.08 2377.93 2388.71 2403.79 2428.41 2311.36 2206.67 2108.85 2021.36 1936.46 1844.70 1821.56 1807.22 1805.50 1751.49 1807.27 1964.05 2028.62 2099.32
2173.66 2206.25 2240.30 2277.78 2201.38 2116.93 2015.87 2197.48 2287.41 2359.27 2280.70 2205.06 2096.94 1896.32 1733.28 1532.56 1189.81 1143.20 1560.90 1825.33 2035.08 2200.43 2198.88 2187.62
2182.72 2136.04 2088.20 2043.65 2026.51 2011.67 1994.81 1966.27 1948.32 1930.97 1828.52 1725.39 1633.09 1800.55 1946.05 2083.55 2154.65 2227.06 2301.32 2242.37 2165.35 2068.92 2046.46 2025.65
2005.69 1976.99 1964.07 1972.38 1850.04 1744.89 1843.41 1788.70 1752.82 1730.85 1879.64 1787.91 1702.80 1807.31 1905.72 1998.09 2055.15 2117.09 2178.28 2162.32 2136.44 2100.77 2086.49 2084.36
2096.53 2081.83 2070.18 2063.21 2037.97 2010.74 1977.39 1957.78 1940.56 1919.86 1902.33 1890.12 1881.44 1858.52 1851.35 1859.99 1932.13 2006.45 2077.92 2061.63 2033.17 1977.77 2068.36 2153.50
2229.45 2234.30 2243.27 2256.38 2186.10 2110.48 2025.35 1991.98 1959.84 1912.91 1934.89 1948.03 1945.38 1880.97 1851.82 1862.89 1938.08 2017.45 2094.64 2082.49 2057.87 2018.68 2018.77 2018.71
2017.46 2012.44 2036.69 2084.51 2112.40 2139.65 2163.58 2135.39 2110.23 2085.57 1999.19 1919.00 1840.27 1847.87 1872.83 1913.44 1907.78 1905.70 1904.78 1903.50 1904.95 1908.54 1910.77 1914.51
1920.33 2080.89 2158.97 2229.41 2179.62 2128.31 2075.27 2060.72 2047.38 2014.41 1962.84 1930.22 1910.36 1951.35 2008.91 2082.01 2080.80 2083.73 2087.88 2104.00 2068.09 1992.70 1993.40 2001.99
2025.17 2025.55 1983.19 1939.76 1879.96 1814.10 1734.63 1641.97 1583.36 1557.77 1496.16 1459.41 1453.09 1608.96 1738.70 1850.53 1878.55 1953.32 2055.63 2058.08 2050.86 2028.58 1861.74 1642.41
1306.95 1556.50 1738.56 1888.38 1855.06 1849.28 1869.29 1826.95 1807.26 1798.34 1777.18 1821.83 1893.41 1907.19 1954.23 2024.31 2046.96 2074.17 2103.54 2080.69 2054.59 2017.67 1986.80 1937.68
1884.35 1725.78 1438.56 1327.45 1673.49 1904.47 2061.90 1927.21 1788.32 1689.99 1685.46 1686.69 1690.11 1665.13 1715.60 1810.30 1784.23 1766.31 1756.30 1792.58 1854.97 1919.45 1922.27 1956.06
2015.91 1992.63 1990.69 2013.58 1936.58 1881.77 1863.27 1825.28 1787.90 1744.00 1600.23 1453.75 1310.05 1287.82 1278.66 1285.79 1373.58 1483.60 1594.01 1738.48 1871.75 1990.48 2001.41 2020.73
2049.71 2042.13 2035.96 2030.61 2010.56 1990.42 1964.17 1974.99 1999.01 2019.08 1941.60 1864.38 1758.63 1554.40 1395.53 1365.67 1264.56 1537.33 1800.65 1934.50 2072.84 2206.10 2220.30 2251.38
2298.89 2387.88 2476.69 2564.10 2527.32 2486.48 2438.10 2455.52 2483.31 2522.79 2466.68 2410.10 2351.46 2309.78 2273.96 2208.69 2191.14 2177.69 2145.95 2094.85 2009.16 1898.45 1924.22 1950.47
1978.33 1977.48 1979.52 1981.85 1909.94 1834.40 1750.46 1593.39 1414.23 1725.16 1726.57 1755.41 1772.98 1780.23 1790.62 1773.30 1869.45 1968.78 2062.38 2061.82 2053.38 2009.80 2005.39 2006.19
2014.84 2032.03 2049.57 2065.70 2032.78 2036.51 2064.87 1983.44 1904.71 1834.50 1657.51 1449.11 1184.40 1447.83 1687.09 1864.07 1919.19 1977.66 2033.74 2026.66 2008.88 1976.08 1992.80 2009.85
2017.25 2030.76 2043.71 2059.09 2011.23 1977.07 1958.78 1936.72 1940.54 1954.31 1915.02 1876.46 1839.53 1832.08 1830.48 1832.62 1964.99 2088.02 2200.33 2166.59 2120.22 2057.69 2098.54 2140.20
2182.54 2156.37 2129.48 2100.76 2122.45 2152.91 2186.47 2238.36 2296.88 2347.29 2341.91 2335.08 2326.59 2313.49 2303.87 2298.16 2298.84 2304.39 2310.44 2270.18 2214.31 2138.02 2187.01 2235.34
2282.98 2335.25 2387.12 2439.66 2433.24 2427.90 2418.92 2425.32 2429.38 2426.67 2361.33 2274.83 2185.02 2103.14 2022.98 1945.03 1960.96 1994.86 2040.92 2086.49 2113.12 2119.77 2218.08 2318.83
2420.44 2421.58 2422.31 2423.70 2440.11 2456.60 2467.84 2411.31 2355.70 2296.17 2210.39 2127.81 2047.93 1965.58 1882.38 1797.43 1771.99 1743.13 1720.27 1600.74 1653.55 1862.45 1871.59 1907.73
1967.32 1947.66 2006.65 2118.28 2098.49 2090.12 2070.01 2021.33 1955.16 1930.73 1878.56 1840.64 1813.26 1711.86 1600.89 1498.40 1420.06 1342.68 1282.12 1046.13 1333.82 1587.09 1732.19 1861.59
1971.93 1954.53 1937.36 1918.86 1861.17 1796.99 1720.09 1638.35 1593.60 1582.83 1768.07 1947.82 2081.97 2087.86 2102.20 2123.29 2100.23 2080.75 2060.95 2049.43 2027.96 1992.76 2020.13 2048.98
2071.70 2128.99 2181.08 2234.80 2226.33 2219.28 2210.61 2222.24 2234.28 2239.79 2157.41 2051.82 1950.63 1900.06 1853.71 1810.75 1837.67 1872.24 1910.73 1919.73 1937.86 1974.66 1985.12 2003.82
2019.86 2055.97 2094.12 2134.33 2135.95 2137.39 2134.99 2132.55 2125.63 2109.08 2083.00 2057.95 2012.25 1955.30 1901.76 1851.29 1886.37 1927.30 1969.98 1996.07 2037.70 2094.93 2179.46 2249.60
2315.94 2335.57 2355.99 2378.71 2316.59 2247.05 2164.09 2188.80 2205.92 2211.20 2181.28 2150.88 2119.30 2091.31 2067.19 2040.94 2069.42 2104.14 2138.77 2153.40 2162.67 2161.01 2219.72 2272.86
2327.79 2354.76 2382.78 2413.40 2407.34 2401.12 2390.51 2389.22 2394.68 2400.93 2386.04 2370.79 2342.89 2295.33 2251.61 2212.13 2227.99 2248.44 2269.46 2285.41 2297.81 2302.80 2345.55 2381.15
2419.60 2410.05 2400.52 2390.71 2373.83 2357.10 2336.11 2341.86 2350.16 2355.13 2277.88 2200.13 2111.60 2047.65 1986.48 1926.80 1936.60 1953.83 1974.91 1914.25 1830.15 1715.42 1657.81 1626.09
1638.74 1338.37 1163.52 1465.60 1504.41 1560.42 1622.98 1289.52 1286.39 1672.46 1551.28 1427.29 1299.34 1470.74 1619.80 1758.17 1910.86 2054.68 2194.24 2234.20 2140.43 2010.71 1996.03 1980.85
1966.34 2024.46 2092.71 2168.17 2091.93 2005.77 1902.00 1886.65 1891.79 1903.50 1967.83 2020.61 2063.93 2069.22 2081.04 2099.28 2141.99 2188.60 2235.57 2194.27 2137.18 2057.44 2049.92 2043.47
2037.74 2037.75 2039.80 2044.97 2039.25 2033.85 2022.99 2133.63 2219.62 2282.62 2250.60 2221.48 2193.60 2186.34 2186.72 2188.10 2192.57 2201.06 2210.47 2164.60 2104.96 2023.90 2061.81 2099.94
2131.85 2106.92 2071.55 2037.09 2032.06 2032.38 2032.96 2144.68 2235.44 2298.49 2245.21 2195.90 2148.83 2094.50 2048.21 2007.59 2062.51 2124.89 2189.77 2148.18 2090.78 2010.78 2003.61 1997.29
1993.82 2010.08 2026.78 2043.33 2033.04 2028.46 2026.39 2099.08 2158.39 2199.82 2101.42 2004.17 1909.71 1837.90 1811.87 1835.84 1886.58 1941.89 1997.46 2000.29 1980.74 1917.63 1932.75 1950.12
1971.17 1967.98 1965.25 1961.80 1958.95 1955.26 1947.65 1962.71 1969.31 1976.15 1831.37 1676.43 1512.98 1439.63 1395.83 1395.76 1425.94 1475.21 1532.31 1618.99 1697.45 1763.08 1814.96 1870.34
1927.44 1948.30 1969.40 1991.04 1917.46 1868.21 1854.72 1881.50 1903.09 1914.62 1871.53 1790.27 1688.97 1440.48 1089.42 874.96 1132.56 1326.86 1480.24 1642.00 1798.98 1947.03 1965.10 1986.82
1995.56 2007.07 2021.11 2036.90 2056.57 2075.56 2089.26 2113.80 2139.45 2157.13 2075.78 1998.31 1917.88 1903.20 1920.18 1960.56 2049.69 2134.17 2217.23 2185.89 2141.26 2075.84 2119.95 2166.78
2215.04 2190.00 2163.03 2134.30 2126.95 2119.93 2106.99 2130.23 2159.16 2183.44 2072.87 1960.14 1842.45 1816.91 1813.02 1790.90 1861.77 1943.92 2031.80 2067.14 2098.59 2119.51 2207.76 2290.42
2338.24 2284.14 2225.17 2159.46 2101.27 2040.31 1972.81 2010.64 2044.02 2064.89 2025.83 1989.76 1954.06 1961.83 1979.75 2010.08 2082.36 2153.59 2226.50 2248.40 2266.20 2229.30 2184.39 2140.43
2103.83 2073.29 2040.30 2004.56 2093.88 2175.84 2249.37 2223.79 2197.46 2164.62 2102.09 2046.76 1990.33 1983.13 1980.62 1978.97 2029.59 2082.40 2138.54 2134.39 2123.88 2076.60 2103.83 2132.31
2163.70 2174.94 2187.21 2200.51 2241.40 2282.14 2318.48 2322.27 2324.56 2318.91 2256.34 2196.14 2136.38 2118.99 2103.46 2082.80 2107.03 2134.94 2167.40 2121.22 2057.68 1969.65 2030.94 2091.95
2153.64 2156.45 2158.14 2160.78 2121.01 2078.09 2027.22 2090.97 2145.08 2183.81 2091.83 2003.63 1915.68 1896.59 1887.52 1883.08 1911.04 1942.32 1977.42 1976.51 1968.29 1935.81 1947.99 1961.25
1975.53 1980.55 1983.69 1995.60 1981.15 1965.62 1944.33 1957.79 1971.08 1975.76 1911.80 1851.73 1794.46 1688.01 1581.72 1483.76 1643.41 1772.88 1844.18 1838.26 1817.18 1782.42 1798.38 1815.36
1832.87 1868.74 1913.16 1963.79 1983.63 2000.86 1996.27 2016.14 2036.69 2057.31 2042.99 1975.63 1885.12 1740.06 1577.96 1384.39 1496.55 1603.02 1735.42 1800.88 1867.73 1929.23 1950.88 1963.32
1982.51 2067.93 2131.00 2204.73 2173.75 2143.82 2112.32 2137.89 2160.69 2174.45 2063.61 1965.16 1879.09 1712.41 1509.59 1211.35 1296.31 1446.75 1597.95 1720.32 1832.99 1932.08 1955.71 1981.11
2009.58 2040.12 2050.94 2064.75 2051.10 2039.17 2025.27 2016.93 2010.70 1999.58 1844.69 1680.40 1496.67 1353.56 1374.83 1520.36 1583.51 1648.11 1718.05 1768.67 1811.10 1846.26 1863.67 1881.60
1901.56 1893.91 1884.49 1872.91 1734.51 1624.92 1581.55 1565.22 1610.81 1667.85 1817.07 1951.29 2059.98 2047.65 2045.18 2049.02 2060.07 2075.60 2102.26 2042.83 1962.93 1847.65 1801.59 1742.53
1684.09 1697.51 1711.48 1728.76 1588.02 1464.52 1388.14 1385.71 1380.63 1362.53 1568.55 1710.26 1816.22 1884.52 1957.42 2024.72 2035.07 2041.73 2054.01 2014.00 1955.90 1869.75 1883.98 1899.27
1907.17 1900.65 1900.15 1907.96 1840.92 1817.04 1849.23 1765.35 1697.70 1651.76 1804.88 1921.19 1989.20 1965.25 1957.01 1960.24 1953.34 1954.97 1965.43 1932.22 1884.45 1817.42 1836.91 1862.86
1893.80 1889.02 1889.88 1900.79 1905.29 1896.95 1886.95 1678.92 1414.48 1003.63 1436.34 1487.23 1562.79 1660.16 1748.23 1824.53 1854.42 1890.42 1931.45 1897.66 1849.22 1779.42 1796.92 1820.33
1859.19 1866.86 1873.48 1877.13 1873.90 1872.21 1868.92 1741.34 1633.14 1554.85 1454.67 1351.99 1245.15 1136.00 1032.17 959.70 1252.22 1486.49 1672.75 1747.51 1809.03 1838.68 1850.19 1880.35
1927.51 1973.73 2019.97 2051.25 2081.83 2112.52 2138.60 2156.61 2173.19 2181.00 2113.89 2048.91 1984.99 1934.98 1897.28 1871.25 1912.43 1961.03 2017.49 2004.35 1965.03 1903.65 1932.94 1963.04
1992.49 2100.85 2202.37 2281.95 2290.72 2299.66 2307.35 2320.21 2328.73 2327.62 2236.57 2148.07 2059.26 2039.67 2027.18 2018.89 2073.14 2133.43 2190.87 2180.27 2160.41 2125.34 2195.91 2264.22
2332.25 2310.06 2284.32 2257.00 2243.36 2231.13 2217.09 2277.38 2325.90 2358.19 2286.68 2217.49 2148.26 2119.68 2097.45 2078.89 2101.43 2128.92 2162.14 2146.51 2119.46 2075.10 2094.30 2114.68
2136.41 2172.51 2208.45 2245.15 2265.65 2286.88 2307.01 2303.49 2297.39 2282.52 2223.37 2166.44 2109.43 2072.68 2042.60 2017.44 2052.05 2092.66 2138.87 2116.49 2080.72 2024.79 2078.58 2115.20
2149.35 2200.26 2219.41 2236.96 2204.56 2168.21 2127.26 2172.96 2209.48 2230.73 2151.89 2075.76 1999.83 1973.13 1953.39 1937.36 1967.14 2002.05 2043.42 2044.82 2033.98 1995.98 2021.62 2047.82
2073.85 2139.04 2188.40 2242.15 2188.57 2128.63 2061.67 2101.22 2134.08 2154.80 2068.47 1984.73 1901.50 1871.88 1850.86 1835.90 1838.09 1851.85 1877.88 1908.61 1930.25 1924.41 1830.70 1719.49
1586.49 1576.83 1566.09 1555.03 1628.58 1699.16 1765.37 1465.36 1375.89 1570.28 1268.91 1587.14 1843.61 1892.43 1946.32 2006.03 2067.86 2128.79 2193.59 2163.93 2110.06 2039.42 2095.85 2152.37
2209.55 2229.72 2249.95 2272.06 2233.25 2190.66 2141.95 2204.96 2259.59 2302.71 2259.49 2222.10 2188.95 2182.59 2182.32 2185.21 2180.25 2179.51 2181.64 2127.30 2052.39 1951.59 1978.30 2008.63
2042.94 2045.50 2049.66 2058.45 2053.33 2048.14 2041.11 1887.42 1772.34 1704.52 1715.62 1766.05 1836.59 1792.19 1762.60 1747.51 1736.55 1735.86 1748.08 1774.18 1807.17 1847.85 1896.83 1935.74
1975.35 1952.92 1959.25 1994.69 1940.84 1882.63 1817.80 1812.74 1802.96 1780.67 1575.52 1382.86 1327.38 1367.62 1440.04 1519.55 1617.52 1710.74 1801.95 1861.65 1920.59 1975.91 1991.66 2015.14
2047.21 2021.88 2032.38 2079.00 2079.30 2083.37 2092.36 2024.25 1955.56 1877.39 1729.19 1576.46 1421.11 1335.00 1454.82 1626.19 1672.52 1722.75 1774.24 1838.65 1890.06 1932.17 1941.07 1963.17
1996.19 1995.13 1999.03 2011.11 1927.24 1840.54 1760.57 1762.83 1769.81 1767.03 1570.85 1347.22 1115.30 1224.71 1322.53 1407.60 1549.07 1676.12 1793.12 1832.29 1864.75 1889.20 1899.14 1904.91
1911.38 1915.05 1937.67 1976.36 1995.71 2014.50 2032.68 2096.45 2147.73 2183.84 2112.82 2032.56 1954.47 1916.55 1883.49 1854.80 1871.99 1874.94 1891.29 1894.58 1889.79 1877.17 1892.99 1911.02
1932.71 1960.31 1996.83 2040.42 2066.62 2090.84 2112.73 2087.30 2062.16 2026.53 1946.49 1867.81 1769.79 1689.54 1623.04 1579.71 1635.82 1696.42 1759.68 1810.16 1848.46 1872.79 1884.36 1908.64
1944.33 1951.87 1962.62 1979.27 1973.04 1968.18 1965.00 1973.18 1979.15 1976.27 1753.72 1484.53 1088.41 929.21 876.37 996.54 1329.05 1550.62 1727.98 1771.40 1810.04 1820.51 1826.48 1849.75
1889.92 1876.18 1861.12 1847.32 1874.37 1905.58 1937.69 1883.93 1827.14 1784.16 1689.44 1630.72 1630.49 1606.89 1590.40 1579.64 1625.29 1684.95 1759.39 1793.60 1814.66 1832.05 1852.50 1878.43
1911.47 1925.95 1945.62 1966.27 1969.37 1973.22 1980.90 1971.28 1979.84 1990.73 1827.69 1660.66 1494.06 1498.28 1592.03 1713.55 1789.01 1863.76 1939.41 1913.61 1888.91 1877.14 1890.89 1903.90
1918.94 1927.90 1937.89 1949.28 1944.41 1943.99 1951.76 1964.30 1981.32 1990.73 1827.16 1650.72 1454.99 1397.69 1360.23 1347.41 1403.80 1480.02 1567.83 1671.30 1771.21 1867.10 1889.19 1912.13
1936.16 1930.48 1937.30 1958.39 1979.80 2004.81 2031.20 2044.93 2052.79 2048.58 1953.87 1858.92 1733.41 1672.72 1614.18 1558.43 1516.54 1478.57 1447.06 1517.53 1577.62 1629.98 1527.61 1451.54
1458.06 1450.12 1440.75 1434.62 1545.37 1659.31 1769.53 1796.57 1878.12 1958.64 1649.60 1456.58 1482.95 1283.25 1204.07 1354.81 1495.32 1652.40 1772.77 1789.85 1798.33 1802.38 1832.61 1870.82
1917.43 1930.70 1945.39 1962.16 1899.60 1872.94 1886.22 1852.73 1867.60 1900.93 1748.72 1550.41 1317.19 1000.58 932.82 1255.29 1408.85 1540.38 1662.70 1696.87 1741.06 1798.07 1811.30 1826.86
1846.52 1833.93 1830.05 1837.85 1750.89 1783.03 1914.88 1888.61 1865.77 1838.61 1581.71 1185.63 1009.16 1257.63 1452.00 1602.59 1658.57 1718.93 1785.86 1763.23 1739.08 1723.59 1787.47 1821.71
1858.98 1889.44 1946.71 2023.00 2042.16 2063.09 2081.77 2049.90 2017.03 1975.94 1850.63 1721.79 1579.72 1553.21 1549.74 1567.12 1676.84 1781.76 1880.14 1875.58 1859.92 1837.19 1864.25 1891.82
1921.42 2003.05 2082.72 2160.59 2138.10 2114.11 2072.48 2096.29 2120.98 2134.28 2045.38 1958.36 1869.27 1823.71 1785.96 1757.33 1774.20 1801.62 1841.98 1861.03 1867.39 1862.94 1867.45 1871.35
1875.31 1913.56 1953.12 1993.87 2025.34 2056.99 2088.78 2088.85 2086.48 2072.29 2012.33 1956.64 1899.30 1868.45 1854.45 1848.85 1903.97 1961.52 2024.09 2009.15 1976.40 1923.14 1932.43 1942.13
1951.83 2037.14 2117.46 2194.08 2178.62 2161.67 2143.16 2143.24 2146.04 2142.96 2042.54 1943.65 1841.86 1787.43 1774.68 1801.43 1832.43 1870.64 1917.06 1923.87 1916.41 1898.38 1915.54 1934.71
1957.33 1987.86 2019.94 2054.06 2043.45 2032.79 2022.29 2074.27 2117.31 2144.13 2056.95 1973.00 1888.16 1830.00 1777.60 1729.66 1774.90 1824.37 1880.27 1904.50 1917.87 1924.82 1948.83 1966.16
1983.70 2033.96 2081.44 2126.73 2089.90 2042.26 1989.99 2023.33 2055.23 2073.15 2021.71 1972.64 1921.74 1851.28 1787.77 1733.82 1770.35 1811.46 1858.52 1882.57 1897.41 1909.42 1948.00 1990.86
2036.68 2069.94 2102.94 2135.91 2077.21 2010.51 1934.86 1933.45 1929.67 1915.01 1769.14 1616.00 1449.00 1443.68 1503.48 1594.49 1649.37 1692.00 1741.53 1777.94 1805.85 1832.38 1845.82 1856.51
1863.88 1862.39 1872.60 1886.31 1884.08 1889.25 1902.37 1665.72 1364.24 1051.86 1183.59 1486.21 1663.50 1657.33 1656.56 1663.56 1710.45 1762.47 1820.47 1817.71 1800.88 1778.09 1802.56 1831.93
1865.97 1870.42 1876.37 1878.43 1884.59 1891.60 1896.61 1845.02 1782.27 1712.42 1598.60 1482.14 1351.62 1236.19 1106.86 947.26 1011.41 1092.55 1188.07 1444.67 1639.44 1800.80 1804.42 1831.81
1881.26 1893.44 1907.78 1924.12 1918.71 1914.63 1915.40 1911.20 1931.66 1954.78 1806.75 1651.24 1474.17 1449.25 1449.64 1475.52 1555.26 1633.19 1694.04 1754.23 1803.11 1836.21 1879.87 1913.51
1944.85 1985.71 2029.16 2074.29 2109.67 2122.31 2139.62 2154.04 2165.03 2166.21 2071.92 1982.72 1895.37 1865.02 1842.70 1828.79 1862.48 1908.83 1968.76 1964.19 1945.11 1917.34 1946.69 1975.92
2004.02 2092.75 2180.25 2266.83 2265.17 2264.66 2265.58 2242.26 2216.12 2182.21 2093.62 2009.73 1925.21 1902.29 1883.88 1858.25 1879.44 1919.10 1976.78 1979.25 1970.69 1959.03 1992.93 2028.78
2066.03 2062.28 2057.75 2047.74 2014.44 1982.61 1953.12 1957.98 1975.23 1991.69 1894.39 1809.90 1734.83 1706.83 1719.64 1755.05 1819.17 1885.97 1956.85 1955.76 1943.06 1928.29 2012.44 2094.35
2175.03 2180.51 2185.76 2161.47 2088.49 2006.80 1915.99 1932.75 1944.17 1941.16 1832.47 1770.32 1754.06 1743.23 1737.60 1731.28 1820.43 1902.23 1986.33 1958.03 1911.96 1854.74 1874.55 1894.77
1916.77 1927.35 1944.05 1968.12 1962.97 1965.90 1983.08 1994.10 2002.43 2004.08 1858.39 1723.08 1609.39 1641.28 1682.82 1729.71 1810.63 1895.03 1984.21 1962.57 1927.46 1890.29 1902.66 1914.22
1926.58 1996.71 2062.53 2122.14 2082.57 2038.85 1989.87 1994.07 2000.46 1998.87 1877.14 1766.82 1672.08 1663.63 1681.39 1722.58 1835.33 1930.53 2023.93 2051.77 2083.61 2124.27 2118.73 2115.51
2117.02 2126.63 2137.17 2150.50 2092.45 2020.30 1934.42 1945.61 1946.95 1937.18 1794.87 1653.03 1529.24 1590.59 1597.00 1675.22 1727.98 1784.50 1845.82 1843.61 1835.15 1821.80 1878.37 1928.90
1981.29 2032.69 2064.48 2058.28 2004.86 1944.78 1877.00 1835.97 1794.82 1735.76 1585.40 1484.07 1420.37 1549.84 1658.90 1772.39 1830.39 1890.07 1952.09 1906.26 1841.63 1764.88 1780.05 1810.07
1854.97 1809.20 1761.55 1715.99 1789.76 1860.01 1926.42 1925.01 1931.71 1938.53 1886.01 1837.55 1788.24 1728.15 1665.58 1617.02 1698.54 1778.80 1860.57 1928.43 1986.03 2031.17 2085.85 2143.60
2203.06 2162.11 2118.02 2070.41 2045.00 2018.68 1990.41 2062.57 2115.86 2150.35 2103.19 2057.29 2010.13 1972.81 1941.55 1916.44 1948.83 1985.54 2029.68 2038.45 2017.40 1996.98 2055.18 2112.72
2170.19 2168.78 2167.13 2166.01 2168.56 2173.08 2177.65 2147.19 2113.91 2086.53 2056.46 2052.77 2073.72 2063.37 2056.14 2043.25 2010.59 1978.48 1950.55 1943.45 1916.35 1886.90 1878.48 1884.38
1906.41 1914.38 1921.30 1929.80 1897.47 1868.62 1846.71 1806.62 1821.16 1862.95 1695.93 1515.21 1318.48 1421.56 1516.03 1598.11 1638.29 1692.24 1756.61 1798.53 1824.16 1850.85 1864.34 1877.57
1892.24 1906.61 1934.19 1979.14 2003.39 2035.90 2075.08 2088.61 2095.17 2092.91 2008.71 1928.08 1847.72 1823.86 1817.43 1826.97 1862.35 1901.23 1946.23 1945.90 1932.23 1909.05 1928.37 1942.04
1956.05 1965.67 1982.92 2006.12 1997.30 1989.16 1979.88 1991.22 1999.29 1999.97 1875.54 1749.61 1619.48 1566.39 1629.52 1756.01 1825.61 1896.03 1970.98 1953.60 1917.78 1877.56 1879.93 1881.42
1876.35 1882.21 1889.91 1901.73 1887.94 1894.54 1921.09 1948.77 1968.22 1978.74 1832.86 1680.01 1514.66 1507.88 1575.72 1679.71 1756.96 1834.49 1914.51 1900.14 1875.25 1856.28 1855.76 1867.87
1892.95 1874.98 1854.85 1834.58 1827.01 1820.39 1812.47 1645.66 1455.63 1371.77 1088.06 1200.29 1344.45 1446.67 1560.35 1669.91 1781.47 1886.63 1970.50 1930.19 1872.11 1814.33 1828.12 1850.02
1881.14 1886.62 1896.66 1909.20 1886.54 1868.17 1853.05 1720.34 1617.63 1535.28 1504.40 1527.67 1599.87 1664.92 1729.86 1792.82 1892.25 1988.15 2084.43 2031.71 1959.78 1886.54 1902.31 1918.10
1933.23 1939.86 1945.35 1951.42 1946.62 1927.39 1905.60 1845.48 1794.01 1749.85 1636.03 1580.84 1589.28 1707.59 1802.81 1875.03 1933.76 1994.75 2060.42 2030.01 1983.09 1935.95 1950.36 1965.29
1983.08 1985.83 1988.98 1991.61 1936.19 1877.97 1815.87 1797.76 1772.79 1739.05 1800.51 1852.76 1897.26 1937.56 1962.53 1992.74 2036.32 2081.23 2128.88 2077.82 1977.63 1857.31 1873.03 1894.10
1900.13 1904.73 1908.60 1912.89 1872.76 1823.12 1773.38 1865.73 1937.87 1992.03 1960.99 1931.38 1902.23 1868.35 1836.85 1809.80 1916.96 2010.84 2103.16 2041.38 1957.67 1857.20 1864.37 1856.53
1843.15 1847.87 1855.19 1859.52 1869.83 1879.74 1889.62 1934.82 1997.37 2058.39 2004.59 1948.69 1888.64 1859.08 1837.32 1820.22 1854.71 1892.09 1934.72 1906.56 1863.13 1819.11 1838.86 1859.27
1880.92 1836.66 1771.35 1708.05 1743.77 1791.95 1846.15 1878.31 1897.71 1903.81 1801.00 1715.31 1651.07 1716.90 1799.92 1888.22 1973.33 2052.50 2134.54 2109.05 2070.57 2031.17 2031.31 2031.73
2033.93 2036.66 2038.67 2042.04 2052.57 2045.48 2038.65 2109.63 2171.19 2213.66 2204.47 2195.78 2185.45 2174.68 2161.91 2155.07 2197.92 2243.37 2295.21 2268.74 2226.36 2160.11 2184.58 2209.69
2236.45 2230.09 2223.16 2215.88 2173.37 2129.62 2083.99 2141.26 2193.64 2236.18 2227.30 2217.62 2205.17 2209.73 2220.07 2224.39 2270.68 2319.60 2370.20 2369.31 2358.59 2335.53 2316.21 2295.19
2271.93 2291.05 2309.53 2328.99 2305.89 2281.46 2255.35 2253.55 2247.47 2235.62 2200.98 2168.23 2137.30 2162.46 2190.99 2231.78 2256.49 2276.18 2289.58 2272.85 2246.93 2219.64 2224.42 2228.67
2232.09 2294.95 2355.06 2413.96 2376.87 2331.13 2282.13 2320.62 2351.02 2377.12 2350.22 2324.64 2291.90 2260.63 2235.72 2217.39 2213.76 2204.80 2195.98 2217.37 2223.13 2224.29 2218.99 2213.73
2209.71 2189.74 2167.78 2145.11 2124.87 2106.56 2090.70 2158.33 2213.95 2255.18 2221.58 2188.77 2154.43 2133.03 2116.31 2104.61 2142.88 2191.70 2252.27 2179.41 2081.14 1958.56 1972.88 1986.20
2001.50 2023.79 2046.46 2070.18 2036.42 2001.04 1960.99 1942.73 1917.98 1886.89 1826.94 1779.39 1743.27 1733.19 1732.23 1740.02 1854.67 1961.89 2068.38 2024.10 1963.87 1897.77 1922.18 1942.45
1961.65 1956.54 1955.93 1960.87 1916.40 1868.72 1815.08 1750.70 1676.47 1589.83 1621.45 1658.35 1703.87 1709.50 1722.81 1750.36 1787.56 1831.27 1881.76 1852.86 1810.73 1723.83 1737.73 1755.40
1775.30 1785.21 1794.29 1803.85 1797.11 1790.85 1787.78 1803.47 1813.14 1775.09 1828.21 1885.49 1937.69 1901.89 1875.16 1858.85 1883.62 1911.46 1932.89 1928.01 1912.93 1901.55 1897.17 1907.40
1933.46 1937.81 1929.67 1922.82 1793.33 1639.55 1451.26 1330.39 1275.62 1304.89 927.65 1300.92 1518.71 1575.92 1571.70 1600.90 1668.17 1739.00 1815.48 1816.83 1811.07 1806.10 1831.39 1856.73
1876.06 1890.75 1895.99 1905.59 1919.58 1934.81 1939.16 1960.78 1976.91 1987.00 1818.06 1626.88 1392.41 1559.21 1651.78 1764.13 1830.32 1898.11 1971.83 1944.84 1905.17 1859.72 1892.59 1925.88
1951.42 1953.05 1953.30 1954.79 1939.65 1927.00 1915.49 1849.03 1774.67 1693.70 1500.23 1279.72 1053.73 1201.13 1348.12 1488.01 1603.45 1707.24 1808.57 1841.45 1868.20 1896.78 1947.33 1992.17
2032.08 1999.76 1963.10 1923.88 1906.73 1893.12 1881.89 1817.23 1741.93 1652.75 1520.23 1384.15 1242.36 1468.93 1634.82 1773.95 1763.59 1769.56 1789.76 1801.47 1813.33 1836.54 1863.18 1902.49
1949.46 2039.43 2137.16 2236.69 2240.14 2244.44 2241.15 2251.36 2252.12 2239.56 2210.52 2182.53 2154.37 2168.39 2178.94 2197.84 2257.65 2318.30 2381.71 2426.37 2469.05 2500.19 2490.41 2478.90
2467.55 2454.20 2439.75 2424.96 2396.69 2366.08 2334.86 2384.91 2422.91 2448.69 2408.16 2369.88 2330.90 2338.40 2353.94 2363.04 2402.23 2443.29 2486.36 2509.46 2512.68 2510.25 2478.02 2444.43
2411.22 2389.99 2367.53 2344.63 2288.18 2227.68 2161.88 2229.65 2293.11 2347.89 2269.33 2196.27 2127.59 2090.84 2065.33 2051.15 2053.37 2053.12 2059.45 2023.14 1976.59 1928.51 2001.47 2069.88
2127.03 2135.89 2144.22 2152.42 2091.22 2025.71 1958.53 2030.60 2083.55 2109.97 2004.28 1896.98 1785.87 1743.74 1719.37 1715.73 1802.66 1897.17 1996.25 2023.68 2055.68 2100.78 2094.74 2087.38
2077.16 2084.14 2090.69 2100.52 2066.71 2031.82 1996.63 2092.35 2162.27 2210.07 2165.14 2121.66 2076.87 2040.64 1999.84 1950.75 1944.76 1949.79 1970.55 1960.21 1942.48 1924.24 2001.25 2075.54
2139.51 2136.14 2131.98 2128.12 2115.05 2102.11 2087.59 2096.23 2102.98 2101.17 2029.81 1961.23 1893.14 1864.60 1857.55 1875.15 1908.71 1946.20 1995.11 1974.65 1944.71 1911.07 1939.07 1968.17
1996.85 2038.72 2080.90 2121.42 2070.48 2014.61 1950.88 2020.34 2067.97 2096.40 2023.51 1952.75 1889.44 1919.98 1960.12 2013.94 2031.43 2049.40 2075.38 2046.37 1997.47 1940.89 1961.15 1981.67
2002.79 2039.92 2070.92 2104.65 2067.44 2026.94 1984.16 2034.48 2073.67 2099.81 2053.22 2008.01 1961.25 1920.31 1872.53 1817.39 1868.91 1922.17 1979.26 1995.83 2011.82 2032.35 2122.58 2207.31
2287.06 2294.58 2303.31 2313.76 2255.62 2190.23 2116.22 2186.78 2240.31 2275.36 2252.68 2229.83 2205.10 2202.67 2209.76 2221.03 2255.88 2291.63 2332.74 2357.41 2367.55 2377.51 2364.81 2350.99
2337.98 2347.70 2357.72 2369.04 2347.94 2326.19 2303.25 2344.78 2372.87 2390.21 2354.42 2318.63 2282.39 2255.00 2232.75 2217.18 2228.43 2245.62 2270.91 2289.03 2303.94 2318.90 2338.99 2359.50
2382.40 2382.47 2384.00 2386.65 2346.42 2304.76 2262.01 2302.65 2330.55 2347.28 2390.70 2423.78 2455.25 2402.72 2352.12 2299.90 2322.90 2351.39 2387.77 2373.27 2353.68 2329.96 2314.10 2294.76
2274.09 2322.38 2372.73 2425.68 2406.25 2385.42 2364.07 2381.62 2391.09 2393.58 2379.25 2371.71 2370.85 2307.48 2248.59 2194.03 2203.11 2223.97 2264.12 2270.68 2275.17 2273.35 2288.79 2296.71
2305.19 2293.19 2284.49 2279.89 2287.26 2297.39 2310.06 2326.11 2333.98 2334.49 2286.47 2239.90 2194.79 2138.18 2078.28 2002.34 1994.43 1993.44 2009.16 1994.18 1972.20 1946.81 1998.66 2041.88
2072.75 2057.51 2045.82 2041.06 2029.94 2017.66 2004.62 2009.01 2003.33 1989.10 1930.60 1877.73 1828.93 1875.18 1946.75 2033.35 2054.12 2076.76 2107.79 2058.72 1997.38 1926.37 1924.97 1924.38
1924.39 1899.19 1864.75 1825.65 1839.92 1827.05 1816.71 1819.51 1821.68 1769.57 1786.77 1832.81 1842.84 1846.89 1849.47 1859.47 1952.58 2003.27 2058.88 1973.32 1884.69 1812.45 1854.49 1899.59
1950.87 1958.24 1969.80 1992.24 1998.98 2005.12 2010.89 1941.31 1851.21 1761.54 1765.66 1768.80 1769.45 1716.24 1651.20 1587.55 1628.03 1690.01 1776.40 1822.29 1867.61 1915.16 1934.07 1953.37
1972.87 1974.67 1980.59 1991.77 2000.59 2009.47 2018.61 2039.47 2049.21 2048.80 1973.57 1900.55 1829.12 1725.63 1637.53 1484.68 1360.42 1193.76 950.36 1384.32 1573.31 1726.44 2110.89 2395.42
2638.72 2585.98 2526.61 2463.81 2473.74 2483.35 2492.48 2511.21 2523.89 2516.07 2464.70 2417.93 2374.47 2317.50 2263.78 2214.87 2203.72 2181.18 2145.41 2128.61 2097.38 2033.62 2040.46 2053.24
2071.07 2041.29 2017.36 2000.05 1968.05 1934.48 1897.67 1866.51 1830.32 1792.41 1790.81 1796.17 1804.47 1856.33 1910.36 1965.96 2003.32 2040.28 2084.50 2081.51 2078.80 2081.35 2086.95 2100.68
2121.03 2178.06 2231.24 2282.51 2253.02 2221.67 2189.25 2231.84 2267.80 2296.64 2389.51 2466.47 2528.18 2470.71 2413.60 2361.04 2351.64 2343.49 2340.00 2319.59 2299.44 2284.95 2343.85 2384.49
2425.15 2452.05 2479.69 2507.55 2515.67 2525.42 2534.88 2546.78 2545.74 2536.45 2503.04 2474.45 2447.59 2377.42 2309.75 2246.93 2180.25 2102.42 2018.26 1972.98 1928.89 1905.72 1582.07 1624.39
1865.16 2281.07 2617.35 2905.09 2937.10 2968.46 2999.64 2980.69 2960.68 2942.79 2833.72 2720.08 2595.26 2581.50 2562.57 2524.58 2517.48 2507.75 2497.55 2414.26 2318.47 2202.79 2169.80 2134.24
2096.58 2070.63 2044.12 2014.15 2001.30 1988.83 1974.50 2002.15 2026.40 2030.84 1864.08 1706.98 1616.00 1709.38 1856.87 1994.66 2066.79 2136.64 2210.59 2197.13 2178.97 2138.80 2142.94 2148.30
2147.30 2136.55 2139.29 2156.42 2141.65 2126.94 2111.07 2112.41 2102.54 2084.69 2069.88 2052.79 2033.01 1964.62 1900.58 1841.33 1866.29 1890.80 1921.06 1980.01 2041.03 2103.67 2110.10 2117.12
2122.42 2104.55 2090.76 2077.09 2056.08 2037.37 2019.67 2048.64 2079.70 2112.23 2078.53 2043.19 2004.17 1998.79 2004.82 2022.69 1962.15 1910.03 1870.64 1916.36 1963.43 2012.65 2012.82 2017.29
2023.83 2047.78 2052.88 2063.65 2034.05 2011.66 1997.85 1997.44 1989.78 1984.40 1959.33 1954.91 1962.28 1919.35 1880.88 1851.46 1811.08 1771.77 1727.04 1667.01 1578.09 1478.13 1919.33 2301.72
2597.00 2566.50 2528.98 2486.76 2508.47 2526.03 2527.76 2516.81 2499.74 2482.20 2399.28 2316.31 2235.89 2240.87 2251.00 2265.69 2173.21 2066.78 1957.70 1976.60 1995.41 1983.88 1756.80 1441.48
1457.56 1658.65 1836.07 1989.21 1915.56 1861.41 1841.61 1795.38 1738.18 1672.48 1691.66 1733.71 1779.51 1878.17 1981.39 2074.47 2076.49 2069.26 2065.00 2100.70 2139.16 2180.90 2170.79 2170.29
2180.20 2179.28 2181.35 2184.22 2184.46 2186.62 2189.33 2168.91 2145.98 2123.59 2161.51 2189.07 2205.85 2203.49 2207.00 2197.21 2196.70 2175.55 2156.81 2155.88 2153.06 2149.25 2186.98 2228.46
2272.84 2272.56 2278.66 2290.60 2261.16 2236.18 2212.69 2131.81 2075.68 2053.54 1969.71 2012.49 2113.00 2045.17 1984.89 1940.25 1909.02 1873.56 1847.85 1819.37 1840.77 1913.40 1851.52 1832.37
1868.38 1868.50 1939.09 2056.71 2072.44 2125.07 2201.01 2129.31 2047.26 1954.53 2047.65 2162.63 2247.86 2256.13 2270.45 2292.06 2237.45 2161.80 2073.70 2073.74 2080.53 2087.30 1975.69 1860.33
1803.17 1775.97 1952.35 2175.97 2185.44 2222.78 2249.25 2326.69 2400.43 2470.36 2303.96 2118.38 1902.29 1667.83 1533.35 1540.60 1420.75 1311.33 1354.40 1364.52 1804.39 2088.84 2114.13 2151.60
2198.77 2120.92 1978.04 1885.68 1903.55 1924.71 1950.92 1766.15 1527.89 1241.75 1438.49 1615.49 1736.22 1759.50 1786.11 1818.61 1885.32 1963.28 2013.29 2067.89 2121.72 2175.27 2210.70 2246.42
2278.10 2273.48 2276.10 2284.91 2280.87 2276.96 2273.38 2354.48 2415.54 2461.19 2487.94 2510.79 2528.88 2464.83 2403.47 2345.87 2310.48 2252.50 2185.20 2177.50 2171.60 2168.41 2181.13 2193.91
2206.79 2197.10 2187.31 2177.56 2161.28 2143.56 2125.33 2077.04 2020.49 1957.70 1573.87 1074.78 950.53 1812.42 2207.99 2500.18 2619.40 2737.05 2854.15 2895.71 2939.78 2988.13 2890.64 2792.47
2700.87 2747.33 2793.70 2838.82 2846.94 2856.69 2866.32 2885.70 2899.84 2910.93 2904.23 2881.93 2863.10 2841.04 2822.33 2808.89 2743.01 2671.84 2597.79 2490.13 2362.91 2211.95 2214.06 2222.14
2236.30 2245.26 2260.93 2283.55 2275.88 2271.11 2267.41 2226.53 2196.22 2180.43 2176.92 2173.62 2169.14 2053.36 1924.90 1846.29 1810.68 1898.71 2065.09 2138.37 2213.16 2288.79 2293.23 2301.71
2315.65 2319.65 2324.53 2331.27 2335.96 2341.00 2344.82 2337.96 2318.69 2292.61 2322.00 2341.01 2351.38 2300.89 2257.25 2220.47 2191.64 2162.39 2136.34 2163.52 2190.30 2216.71 2215.26 2208.23
2199.85 2182.08 2163.20 2166.59 2134.44 2111.14 2101.08 1913.70 1657.28 1340.68 1737.53 2027.71 2206.84 2222.54 2232.56 2220.33 2162.21 2090.85 2003.36 1850.78 1852.40 2036.31 2077.85 2180.73
2308.78 2329.45 2346.01 2365.55 2374.67 2383.26 2392.70 2388.74 2386.46 2386.16 2292.06 2172.04 2074.53 2124.72 2172.95 2217.47 2226.14 2239.43 2259.35 2267.30 2232.56 2199.86 2262.06 2342.46
2404.20 2430.79 2443.70 2460.63 2479.18 2505.53 2538.83 2587.15 2639.04 2695.04 2693.60 2682.74 2662.31 2647.26 2632.82 2610.16 2688.10 2767.76 2848.58 2881.99 2912.30 2942.61 2933.27 2922.90
2913.55 2815.22 2705.17 2578.40 2503.53 2422.76 2335.77 2267.22 2185.74 2101.70 1899.10 1666.18 1422.28 1402.97 1397.13 1460.99 1448.32 1569.98 1730.95 1907.18 2061.64 2200.25 2255.55 2311.87
2350.92 2354.01 2357.73 2360.30 2367.48 2374.40 2372.60 2376.12 2369.64 2359.43 2359.13 2366.45 2377.35 2335.96 2299.07 2269.02 2238.88 2218.51 2185.33 2135.67 2079.84 2017.46 1420.27 1176.71
1790.38 2022.07 2207.05 2364.49 2365.90 2368.25 2372.01 2362.98 2343.19 2320.01 2231.14 2153.70 2073.98 1906.61 1712.49 1472.33 1623.91 1822.42 2001.78 2057.06 2150.72 2249.36 2252.94 2258.08
2263.13 2242.52 2221.94 2198.13 2209.03 2190.92 2175.49 2215.30 2243.84 2262.43 2320.95 2371.44 2410.66 2399.51 2392.05 2388.52 2338.52 2281.77 2204.33 2259.23 2302.11 2346.28 2330.95 2316.98
2305.80 2283.23 2260.72 2240.46 2233.71 2226.69 2221.48 2241.07 2274.74 2315.16 2258.90 2202.20 2140.20 2031.24 1921.19 1822.04 1834.33 1882.04 1986.64 2046.92 2106.65 2153.52 2141.63 2142.46
2157.58 2071.41 1973.58 1857.28 1714.76 1616.76 1513.49 1640.14 1778.11 1748.50 1651.92 1573.39 1416.09 1542.57 1646.08 1739.47 1798.41 1863.51 1927.47 1961.17 2000.87 2047.00 2011.63 2013.62
2058.67 2056.06 2082.54 2133.11 2153.48 2175.29 2199.35 2257.06 2306.45 2349.36 2392.14 2426.77 2454.23 2439.88 2429.23 2424.30 2324.88 2212.67 2089.63 2121.13 2155.56 2194.43 2225.24 2255.89
2285.85 2196.54 2117.01 2059.20 1941.09 1825.55 1720.69 1607.70 1974.22 2236.61 2399.65 2544.10 2677.13 2671.46 2666.10 2666.79 2684.22 2702.40 2720.20 2702.95 2685.62 2668.82 2634.57 2597.54
2559.57 2532.42 2506.87 2484.23 2471.31 2454.89 2430.52 2420.54 2399.53 2370.84 2304.57 2237.51 2163.58 2099.65 2036.18 1966.64 1943.16 1856.82 1755.91 1640.29 1498.67 1318.80 1166.86 1170.26
1359.42 1598.61 1771.06 1914.32 1887.34 1882.06 1902.32 1943.77 1973.16 1996.14 2003.90 1992.20 1977.75 1928.82 1866.37 1821.87 1874.70 1972.17 2078.62 2104.32 2130.85 2159.01 2180.08 2192.14
2208.66 2198.85 2190.87 2183.31 2172.75 2160.45 2146.95 2235.20 2302.25 2353.88 2362.76 2366.41 2364.33 2348.04 2339.40 2338.96 2283.23 2220.34 2146.66 2227.44 2305.32 2380.51 2421.18 2468.88
2520.50 2482.92 2442.86 2400.58 2342.06 2280.58 2216.84 2089.05 2020.54 2046.75 2139.15 2449.34 2731.85 2858.49 2983.67 3090.98 3095.47 3099.80 3104.04 3095.59 3086.03 3076.27 3064.63 3052.72
3040.95 3035.53 3029.40 3026.55 2966.16 2900.41 2831.19 2795.58 2752.47 2706.45 2636.74 2565.39 2489.96 2356.81 2226.82 2112.39 2117.79 2128.49 2143.82 1967.88 1731.63 1359.05 1614.29 1843.84
2114.04 2170.94 2232.11 2240.74 2294.27 2294.94 2295.16 2400.61 2487.53 2560.90 2605.14 2645.52 2688.98 2680.29 2676.38 2677.62 2613.50 2545.83 2473.60 2376.81 2265.74 2139.92 2117.22 2094.36
2074.27 1964.31 1841.29 1732.90 1522.87 1400.09 1422.34 1989.63 2290.50 2499.52 2521.14 2570.55 2633.53 2604.82 2580.89 2563.32 2471.29 2364.31 2234.97 2230.34 2232.16 2217.39 2203.24 2188.64
2174.14 2148.58 2127.15 2109.22 2061.88 1979.81 1891.65 1835.62 1719.51 1588.96 1418.84 1375.28 1358.00 1054.20 1129.85 1397.75 1745.38 1992.63 2192.64 2225.57 2257.52 2281.73 2279.76 2284.00
2293.39 2226.47 2169.28 2133.38 2091.57 2048.86 2005.45 2031.36 2056.58 2076.98 2161.08 2225.00 2272.74 2277.25 2287.95 2304.56 2288.51 2272.55 2244.85 2268.87 2284.90 2302.09 2300.18 2300.04
2304.47 2291.53 2280.56 2272.44 2254.99 2250.63 2259.22 2178.99 2156.63 2194.29 2050.47 2059.86 2168.79 2198.66 2230.22 2266.36 2245.83 2204.01 2143.98 2135.31 2131.16 2132.03 2016.48 1884.89
1739.37 1645.00 1818.99 1974.61 1926.18 1876.65 1825.86 1824.63 1813.75 1797.08 1857.72 1905.76 1943.19 1895.13 1853.38 1820.89 1800.71 1807.54 1807.97 1870.91 1934.53 1998.41 2066.74 2137.51
2189.56 2139.67 2099.46 2072.53 2050.10 2026.18 2003.48 1886.10 1757.23 1629.60 1839.01 1975.53 2071.75 2131.96 2188.44 2242.91 2222.03 2203.00 2180.29 2220.23 2255.32 2290.30 2291.91 2300.27
2313.13 2287.57 2261.04 2232.83 2214.28 2194.80 2174.67 2257.83 2324.63 2378.49 2465.60 2537.72 2585.17 2548.24 2513.17 2469.14 2440.06 2406.04 2370.46 2419.17 2466.89 2514.52 2529.93 2531.21
2523.61 2472.92 2418.45 2359.08 2321.55 2287.35 2258.47 2283.68 2300.67 2311.05 2328.27 2341.29 2351.77 2312.20 2276.11 2243.06 2179.38 2108.48 2002.54 1998.39 2008.52 2035.77 2007.54 2022.07
2061.59 1861.07 1753.21 1679.52 1954.75 2333.88 2551.21 2495.86 2433.55 2366.68 2292.96 2229.91 2177.10 2091.45 2012.50 1945.33 1758.43 1659.59 1776.88 1670.45 1669.94 1793.36 1892.64 2029.23
2168.28 2161.77 2181.48 2224.33 2225.10 2236.81 2260.20 2191.55 2134.27 2094.53 2115.99 2181.21 2258.22 2229.14 2204.53 2186.80 2142.68 2090.32 2024.53 1908.11 1769.87 1608.50 1611.16 1678.29
1776.91 1922.10 2064.52 2197.73 2179.75 2179.95 2198.63 2159.19 2115.30 2066.08 2042.19 2037.41 2042.04 2104.17 2165.29 2225.33 2222.84 2220.82 2196.27 2242.21 2269.79 2297.20 2314.32 2330.60
2347.41 2366.25 2386.39 2408.03 2401.76 2394.74 2388.37 2371.96 2355.80 2340.02 2295.50 2267.81 2250.11 2228.98 2211.62 2200.18 2164.72 2133.97 2108.36 2112.51 2126.55 2154.66 2205.30 2256.52
2309.35 2313.49 2317.33 2323.31 2314.79 2306.27 2296.96 2325.13 2355.26 2384.34 2414.04 2445.96 2476.68 2506.78 2543.09 2585.07 2509.13 2413.89 2301.00 2266.05 2245.18 2250.41 2216.04 2204.16
2224.51 2212.91 2230.96 2278.58 2334.37 2382.78 2441.98 2500.65 2561.79 2622.75 2552.33 2478.13 2419.26 2402.17 2362.41 2333.56 2353.05 2368.15 2336.27 2420.37 2481.04 2525.28 2532.70 2515.98
2495.07 2472.39 2410.10 2301.74 2215.80 2143.24 1979.57 2096.44 2213.37 2316.65 2375.89 2415.27 2439.88 2379.54 2303.64 2244.54 2275.37 2322.69 2236.95 2201.96 2164.63 2123.23 2195.23 2246.55
2292.17 2239.67 2230.52 2265.05 2203.78 2144.45 2094.38 2059.01 2020.11 1971.10 2169.63 2315.22 2416.23 2505.62 2582.79 2648.75 2630.11 2609.61 2577.30 2575.39 2567.83 2561.09 2545.47 2536.08
2529.99 2491.78 2446.16 2396.61 2344.33 2299.39 2264.19 2237.42 2214.27 2194.87 2350.27 2461.92 2556.36 2546.40 2543.43 2549.17 2471.37 2368.90 2240.23 2253.02 2268.53 2280.95 2280.47 2279.84
2279.80 2256.33 2249.03 2263.01 2248.34 2240.61 2244.63 2207.37 2162.93 2109.52 2158.25 2199.09 2235.81 2213.96 2207.52 2217.02 2185.13 2168.75 2171.08 2151.43 2130.55 2088.05 2048.83 1986.23
1868.76 1773.91 1668.24 1556.48 1659.40 1751.76 1833.51 1807.33 1727.26 1627.53 1284.68 1482.13 1722.04 1766.03 1826.19 1892.24 1918.79 1989.50 2086.01 2160.58 2231.79 2288.71 2297.95 2305.63
2323.29 2315.67 2313.40 2315.93 2316.35 2317.13 2319.06 2320.46 2328.58 2336.08 2316.45 2315.91 2326.24 2270.29 2248.55 2261.22 2219.28 2207.12 2220.82 2221.75 2232.36 2254.87 2245.54 2232.31
2209.49 2212.80 2216.55 2219.89 2127.95 2026.06 1909.47 1796.70 1670.82 1534.55 1463.63 1589.57 1725.71 1821.29 1914.15 1988.15 2017.74 2053.17 2088.80 2110.68 2134.46 2160.36 2198.87 2235.57
2266.62 2252.60 2243.27 2239.34 2217.92 2203.84 2197.00 2233.14 2267.45 2294.42 2286.79 2276.39 2261.92 2270.98 2299.20 2336.55 2288.15 2227.98 2152.33 2160.09 2164.92 2167.88 2178.42 2191.50
2207.96 2164.38 2187.01 2274.47 2262.13 2294.53 2341.67 2380.92 2413.19 2437.32 2390.69 2348.18 2308.57 2281.15 2259.97 2244.66 2208.80 2170.09 2123.49 2129.22 2143.34 2166.31 2119.73 2042.47
1971.08 2007.14 2043.11 2080.99 2062.00 2045.93 2035.04 1870.40 1679.15 1502.51 1506.50 1636.16 1755.88 1906.61 2029.40 2133.30 2151.73 2173.04 2159.42 2176.06 2197.28 2222.17 2228.59 2234.76
2255.21 2264.90 2275.07 2286.39 2305.08 2328.62 2357.05 2413.84 2461.24 2495.75 2487.14 2475.38 2458.29 2419.40 2386.16 2354.95 2297.13 2233.24 2161.53 2229.63 2273.78 2318.12 2330.38 2344.55
2359.52 2332.47 2305.12 2280.00 2266.26 2251.87 2236.41 2230.83 2221.75 2201.38 2076.16 1987.63 1951.08 1930.30 1924.35 1921.03 2024.50 2140.29 2296.19 2464.76 2616.65 2733.67 2736.93 2756.99
2790.71 2787.80 2761.86 2735.53 2775.09 2814.40 2852.84 2750.19 2633.33 2491.28 2453.81 2416.77 2374.81 2250.88 2150.10 2085.66 2020.56 1963.73 1923.67 1759.64 1947.47 2215.16 2211.55 2210.84
2212.86 2104.35 1986.55 1869.92 1988.71 2094.78 2190.56 2139.96 2083.33 2012.14 2090.11 2153.01 2202.36 2233.51 2267.79 2304.99 2291.55 2280.55 2247.39 2269.38 2293.00 2318.49 2338.10 2351.73
2358.41 2346.70 2334.76 2323.26 2300.55 2281.02 2263.72 2305.19 2340.97 2365.72 2356.53 2362.72 2376.77 2327.90 2283.78 2244.65 2238.29 2228.26 2192.77 2225.32 2257.93 2285.69 2278.54 2280.66
2293.77 2293.85 2298.60 2307.53 2315.66 2324.75 2334.24 2344.38 2352.64 2353.74 2351.77 2401.42 2468.21 2443.49 2423.47 2407.29 2355.70 2296.28 2221.63 2147.78 2080.82 2035.68 2017.68 2004.17
1999.46 1949.67 1899.80 1852.61 1896.82 1976.41 2073.36 2086.92 2097.54 2097.04 2030.05 1969.61 1917.08 1896.66 1960.71 2063.87 2001.01 1920.74 1819.39 1899.19 2037.76 2188.64 2208.72 2238.82
2276.60 2279.20 2282.76 2287.67 2293.57 2301.74 2313.03 2301.78 2285.60 2259.13 2210.72 2174.37 2146.34 2130.93 2127.40 2136.29 2050.47 1955.97 1863.53 1620.56 1814.90 2073.43 2039.53 2001.28
1960.11 1761.67 1659.90 1827.79 1960.71 2093.67 2223.34 2293.03 2360.69 2420.37 2415.46 2417.87 2428.62 2470.93 2515.22 2560.43 2510.48 2455.97 2392.51 2408.71 2385.97 2368.60 2494.72 2613.43
2726.35 2691.22 2654.56 2617.66 2576.56 2533.29 2488.60 2509.52 2526.38 2533.26 2518.67 2503.48 2489.45 2392.01 2301.12 2221.46 2194.57 2164.30 2127.27 2012.98 2009.16 2121.89 2193.11 2262.78
2330.28 2346.97 2346.21 2348.61 2343.11 2341.13 2342.38 2325.29 2305.34 2253.52 2235.66 2219.62 2204.53 2166.54 2131.81 2084.79 1960.22 1781.01 1580.73 1749.54 1914.80 2061.79 2114.66 2171.71
2231.88 2201.05 2172.05 2145.54 2195.81 2242.81 2288.19 2220.95 2160.43 2106.57 2250.64 2363.58 2452.78 2495.03 2547.67 2606.07 2534.51 2455.23 2375.03 2371.53 2367.93 2362.05 2334.66 2306.72
2279.45 2259.94 2240.71 2220.90 2215.18 2212.05 2211.75 2212.71 2210.10 2199.95 2195.56 2194.46 2188.12 2111.57 2026.99 1993.32 1973.99 1978.22 1915.81 2008.32 2020.79 2061.91 2112.51 2046.26
2004.75 2025.32 2150.07 2312.64 2335.48 2341.76 2329.40 2284.30 2179.35 2056.19 2018.12 2018.41 1979.66 2042.82 2107.03 2170.54 2081.47 1975.51 1839.67 1588.46 1466.02 1735.29 1817.37 1832.92
1789.69 1623.10 1539.83 1663.37 1879.33 2051.48 2198.90 2109.09 2009.37 1887.33 1906.78 1920.79 1928.64 1764.05 1584.89 1405.25 1153.69 1497.92 1770.74 1906.71 2066.47 2223.76 2213.11 2209.33
2214.43 2196.44 2185.85 2184.23 2188.65 2195.53 2204.08 2218.42 2228.67 2227.18 2100.61 1971.94 1840.19 1732.96 1744.61 1845.81 1943.91 2026.80 2112.69 2158.78 2231.99 2321.25 2327.86 2335.31
2341.79 2347.87 2355.12 2362.81 2342.72 2304.35 2265.14 2276.68 2284.63 2279.58 2240.13 2199.36 2156.75 2150.82 2149.83 2153.06 2171.92 2206.46 2222.70 2263.14 2294.82 2315.21 2307.92 2308.56
2318.59 2314.41 2312.36 2312.84 2297.11 2286.43 2284.40 2275.87 2266.28 2243.68 2191.69 2203.77 2241.82 2178.66 2113.40 2050.84 1964.85 1863.20 1732.24 1755.06 1879.21 1946.68 1937.09 1943.14
1965.14 1914.41 1864.78 1815.43 1618.05 1321.75 1264.50 1610.28 1905.96 2100.22 2003.91 1904.31 1802.57 1724.33 1657.07 1607.22 1758.00 1892.42 1997.70 2018.55 2056.41 2110.53 2117.44 2128.46
2144.95 2133.26 2119.99 2108.01 2141.87 2183.00 2209.53 2272.76 2334.78 2382.45 2412.30 2482.60 2552.28 2563.66 2578.76 2595.91 2529.81 2463.16 2396.79 2399.21 2400.37 2401.35 2444.80 2492.82
2543.93 2584.33 2623.51 2660.75 2654.84 2649.12 2637.09 2590.25 2542.13 2493.52 2430.36 2539.68 2685.14 2676.73 2677.47 2690.63 2606.75 2510.04 2392.44 2361.37 2325.53 2266.87 2268.00 2268.08
2269.50 2255.66 2221.59 2183.59 2202.38 2231.56 2238.96 2277.91 2268.50 2257.11 2459.58 2623.54 2760.09 2730.80 2705.71 2680.93 2552.09 2390.78 2191.78 2207.08 2222.37 2227.37 2145.07 2051.19
1946.06 2081.43 2204.11 2315.37 2309.33 2313.30 2325.83 2278.89 2234.72 2186.76 2060.68 1981.51 1966.31 1807.37 1624.63 1429.10 1650.13 1825.52 1972.59 1981.90 1966.62 1935.13 1781.64 1613.19
1523.64 1436.97 1370.56 1363.32 1501.96 1656.10 1695.98 1651.68 1533.94 1512.05 1528.55 1591.82 1665.91 1799.85 1929.72 2044.16 2072.64 2106.86 2113.09 2130.66 2148.15 2166.02 2188.95 2176.57
