1205.66 1214.81 1452.63 1652.73 1756.36 1840.57 1925.27 1861.43 1819.34 1789.06 2077.47 2262.24 2398.61 2368.11 2324.04 2287.51 2253.47 2186.21 2100.77 2147.48 2205.77 2269.95 2302.32 2333.71
2364.92 2273.94 2176.73 2075.19 2097.82 2122.02 2147.45 2238.20 2319.97 2354.86 2097.52 1572.88 1679.27 1725.54 1983.68 2222.91 2110.51 1996.02 1781.64 1816.03 1770.04 1776.38 1761.72 1786.26
1735.87 1480.72 1370.15 1627.04 1597.83 1719.38 1836.24 1831.38 1982.34 2162.48 2350.95 2519.38 2657.30 2589.70 2518.17 2442.92 2357.52 2262.40 2124.60 2107.76 2080.96 2078.65 2045.55 2011.21
1976.58 2016.96 2098.37 2175.90 2191.61 2192.34 2202.47 2214.70 2219.83 2215.23 2218.55 2249.18 2292.54 2212.34 2138.71 2076.15 1897.28 1718.05 1708.29 1698.61 1769.68 1884.74 1792.67 1703.89
1639.22 1633.84 1652.36 1692.07 1556.91 1380.43 1222.32 1233.64 1313.39 1367.73 1602.51 1758.94 1868.91 1927.17 1987.16 2048.73 2052.06 2066.91 2095.59 2040.78 1979.87 1895.61 1912.59 1929.00
1947.57 1893.25 1884.01 1926.60 1939.11 1952.53 1967.96 1859.20 1735.20 1591.73 1848.55 2018.38 2137.93 2157.31 2181.23 2205.40 2167.20 2120.35 2060.42 2110.09 2160.76 2209.67 2209.98 2218.17
2236.57 2169.65 2098.80 2024.11 1969.81 1911.69 1848.99 1852.68 1849.09 1833.63 1943.48 2036.94 2113.62 2143.72 2176.18 2212.59 2151.53 2086.53 2016.15 2064.50 2112.66 2160.37 2121.17 2078.31
2034.78 1994.02 1950.56 1903.97 1899.82 1898.76 1897.76 1723.42 1477.64 1072.10 1360.64 1551.95 1657.48 1374.14 953.85 1354.27 1340.85 1572.40 1803.64 1808.50 1864.85 1990.59 2046.85 2101.46
2156.18 2204.63 2253.59 2302.88 2369.51 2433.03 2496.57 2536.33 2563.79 2582.41 2586.63 2592.81 2603.09 2554.99 2506.07 2462.50 2386.54 2287.54 2164.57 2129.19 2092.06 2042.37 2019.52 1997.21
1972.38 2019.00 2065.05 2113.35 2081.80 2048.00 2004.07 2060.92 2112.08 2157.13 2127.99 2087.73 2047.30 1953.02 1887.61 1874.53 1916.34 1952.86 1990.34 1974.05 1958.86 1944.05 1942.92 1922.28
1904.46 1965.98 2023.91 2078.16 2083.42 2088.00 2092.43 2140.31 2181.01 2214.95 2257.90 2312.63 2373.72 2378.74 2385.40 2385.70 2379.84 2361.97 2342.58 2364.48 2361.12 2361.70 2335.63 2312.19
2292.58 2160.60 2002.83 1801.79 1829.77 1862.26 1900.24 1841.64 1861.88 1936.62 1927.90 2174.91 2394.08 2358.53 2324.71 2299.82 2251.31 2192.46 2116.00 2129.19 2177.82 2251.59 2294.43 2336.68
2380.50 2376.46 2372.02 2370.28 2354.81 2337.67 2311.83 2383.65 2436.72 2480.86 2470.87 2461.86 2453.81 2392.17 2331.95 2273.28 2225.61 2177.23 2124.64 2111.41 2104.94 2103.48 2181.45 2231.07
2280.31 2256.50 2232.20 2205.12 2249.81 2292.90 2333.52 2339.61 2344.22 2346.61 2275.28 2200.65 2119.09 2039.88 1958.31 1870.71 1799.94 1733.97 1677.18 1680.46 1695.76 1692.75 1687.31 1683.17
1678.16 1707.83 1769.98 1845.70 1873.58 1902.14 1929.77 1967.22 1999.04 2027.48 2007.77 1990.40 1973.81 1827.81 1766.21 1845.53 1763.20 1670.29 1562.32 1671.75 1775.57 1855.86 1863.63 1869.10
1863.86 1811.23 1755.42 1699.06 1841.05 1960.15 2063.16 2092.81 2118.45 2141.55 2016.91 1876.16 1709.53 1772.03 1888.21 2011.06 1971.20 1937.17 1911.39 1892.88 1885.16 1888.21 1911.38 1939.19
1973.78 1927.67 1878.77 1827.14 1900.93 1983.28 2068.72 2045.41 2005.98 1958.42 2041.21 2104.98 2128.08 2153.74 2192.55 2239.41 2178.72 2111.59 2036.53 2017.47 1997.37 1975.98 2015.56 2044.23
2072.47 2030.32 1997.23 1975.71 1950.95 1924.25 1896.83 1975.51 2034.96 2088.82 2129.00 2133.81 2139.27 2268.96 2383.88 2485.40 2485.96 2484.43 2479.84 2485.08 2491.03 2499.22 2488.14 2477.92
2471.27 2466.37 2471.29 2484.07 2429.09 2437.88 2509.80 2570.16 2733.26 2940.83 2945.38 2953.70 2967.00 2946.62 2928.77 2914.86 2877.94 2841.73 2802.86 2783.69 2766.83 2753.57 2688.14 2612.21
2530.58 2508.69 2492.27 2484.40 2464.26 2449.18 2440.97 2428.84 2412.83 2391.84 2363.92 2336.67 2310.18 2270.99 2239.83 2245.77 2177.46 2113.28 2040.33 1810.55 1621.38 1818.87 1722.41 1639.48
1602.32 1784.38 1901.21 2006.18 2038.40 2072.43 2106.74 2074.24 2033.33 1982.91 2084.56 2234.94 2360.45 2427.37 2491.48 2553.25 2525.84 2497.35 2464.84 2468.04 2467.22 2468.71 2479.91 2493.43
2506.89 2500.76 2497.77 2494.60 2512.50 2529.97 2549.36 2561.09 2570.50 2576.84 2622.50 2662.91 2688.86 2688.56 2693.35 2703.12 2653.16 2595.71 2529.93 2422.10 2295.07 2141.68 1930.81 1714.91
1718.62 1991.94 2448.73 2785.87 2817.07 2845.99 2866.57 2804.48 2740.65 2681.06 2722.99 2760.63 2788.30 2714.91 2658.37 2615.00 2521.85 2421.06 2308.70 2220.29 2118.38 1996.77 1905.52 1799.88
1676.82 1553.46 1633.84 1809.27 1882.17 1961.05 2041.32 1998.89 1950.87 1892.10 1871.59 1851.53 1837.27 1924.30 2042.90 2164.79 2182.52 2202.31 2181.70 2046.53 1900.41 1781.79 1878.32 1945.41
2020.90 2093.35 2161.92 2217.39 2214.14 2209.94 2206.80 2135.46 2043.84 1933.45 1945.40 2074.08 2209.02 2247.23 2286.37 2327.21 2291.41 2252.17 2207.61 2181.72 2153.86 2123.20 2084.90 2061.79
2039.84 2049.46 2060.49 2071.61 2047.45 2028.96 2014.03 2083.32 2129.88 2151.58 2166.67 2183.44 2201.31 2184.40 2212.80 2284.65 2209.65 2127.38 2037.59 1990.03 1952.03 1926.62 1790.49 1623.03
1415.66 1475.34 1725.72 1916.07 1820.82 1716.17 1605.54 1478.74 1311.52 1123.82 1255.50 1530.89 1682.06 1494.31 1316.16 1240.36 1339.47 1459.48 1574.56 1372.41 1685.52 1973.48 2019.69 2064.31
2111.85 2104.06 2095.54 2082.09 2078.73 2074.38 2069.13 2038.30 2000.14 1956.05 2092.41 2178.92 2243.41 2239.74 2241.50 2239.99 2163.46 2063.60 1936.45 1847.00 1742.64 1613.02 1955.53 2530.31
2922.37 2931.04 2941.04 2940.16 2931.80 2922.70 2915.60 2884.55 2846.76 2802.70 2759.62 2710.48 2661.89 2621.46 2583.45 2547.32 2450.49 2339.89 2210.00 2161.52 2107.85 2048.82 2035.19 2024.02
2014.93 2063.81 2095.51 2127.10 2186.46 2242.77 2296.27 2337.65 2369.25 2386.53 2370.57 2358.81 2351.61 2322.98 2303.23 2292.95 2276.36 2254.85 2232.51 2181.73 2128.10 2069.42 2071.05 2082.43
2100.54 2092.31 2084.94 2076.63 2064.99 2052.93 2042.61 2006.46 1966.24 1924.01 1962.68 1999.06 2027.25 2102.56 2190.38 2279.73 2230.33 2182.74 2144.16 2128.84 2114.68 2103.74 2044.12 1983.63
1923.38 1908.74 1907.81 1921.63 1886.86 1856.72 1834.59 1825.26 1816.17 1806.55 1841.12 1894.47 1955.48 1856.87 1712.73 1544.76 1699.14 1844.90 1979.94 2051.34 2118.39 2182.39 2131.14 2100.57
2095.88 2048.07 1998.70 1947.00 1958.79 1984.61 2021.18 2021.67 2020.10 2018.17 2062.29 2137.54 2212.47 2172.58 2127.92 2091.94 2057.42 2020.62 1980.90 2041.47 2100.31 2157.36 2125.70 2094.13
2066.22 2014.11 1959.46 1903.50 1913.28 1927.09 1844.67 1835.07 1819.46 1797.70 1909.27 2061.27 2176.39 2232.60 2255.18 2277.53 2271.71 2267.78 2268.48 2240.23 2213.86 2191.62 2167.05 2147.00
2132.00 2081.76 2028.11 1971.05 1954.04 1937.85 1922.47 1873.65 1821.05 1770.49 1795.78 1836.62 1883.69 1946.80 2010.28 2076.70 2090.92 2110.32 2137.37 2150.01 2161.63 2172.40 2132.09 2088.01
2042.33 1991.39 1935.84 1875.75 1871.60 1866.43 1861.61 1906.70 1949.96 1989.75 2042.28 2092.54 2137.13 2217.69 2288.65 2360.72 2362.60 2364.25 2361.28 2331.78 2299.53 2263.44 2233.01 2201.61
2168.48 2161.08 2154.86 2148.62 2166.86 2185.07 2202.56 2198.31 2186.74 2170.01 2271.15 2353.98 2423.22 2426.53 2432.51 2444.44 2434.00 2421.35 2409.47 2419.16 2419.92 2419.73 2410.73 2401.21
2391.98 2332.41 2266.72 2195.27 2158.02 2117.98 2077.04 2079.63 2076.50 2072.74 1949.73 1859.48 1831.23 1637.93 1617.92 1796.33 2111.81 2413.72 2677.67 2712.52 2749.62 2787.74 2759.90 2732.35
2709.53 2719.04 2732.72 2751.80 2771.12 2790.70 2805.66 2823.12 2840.97 2859.17 2826.12 2784.17 2742.67 2746.80 2753.66 2755.70 2713.20 2671.43 2632.06 2586.09 2538.99 2490.87 2509.96 2531.37
2554.62 2535.65 2516.65 2497.97 2526.29 2555.92 2585.31 2579.33 2571.13 2562.09 2521.15 2467.41 2410.62 2394.28 2379.33 2366.15 2362.79 2360.54 2357.96 2334.23 2310.13 2279.32 2269.67 2264.42
2264.24 2243.75 2223.09 2202.48 2173.33 2150.69 2133.54 2077.21 2057.61 2078.39 2038.22 2009.99 1990.81 1989.95 2010.37 2046.44 1991.11 1948.30 1928.39 1934.12 1940.59 1949.59 1942.90 1936.00
1930.37 1932.63 1940.16 1951.85 1981.41 2016.54 2056.33 2067.88 2072.88 2071.58 2152.40 2224.12 2297.47 2335.84 2373.11 2414.53 2331.25 2237.55 2131.96 2135.04 2149.90 2177.07 2141.71 2109.71
2035.97 2009.38 1982.37 1958.82 2031.09 2312.96 2570.99 2552.47 2535.48 2526.25 2537.14 2552.30 2567.84 2497.41 2426.58 2362.80 2272.87 2176.70 2086.61 2122.48 2160.35 2201.30 2161.86 2120.75
2077.25 2017.30 2004.18 2039.57 1925.80 1783.11 1626.35 1538.63 1427.23 1300.43 1507.04 1720.99 1869.03 1989.16 2090.62 2185.31 2193.10 2205.59 2222.30 2287.73 2349.10 2409.40 2352.19 2294.58
2239.39 2218.79 2199.22 2180.70 2179.58 2180.20 2179.22 2176.60 2162.85 2142.79 2330.20 2474.60 2587.17 2547.38 2510.95 2483.64 2460.33 2441.12 2431.12 2397.76 2361.95 2328.60 2302.40 2276.54
2252.19 2135.26 2024.13 1947.14 1975.97 2005.78 2034.53 2001.49 1971.60 1947.99 1998.30 2040.88 2073.48 2173.54 2264.63 2355.05 2315.08 2269.79 2221.76 2166.72 2096.16 1996.83 1998.19 1999.44
2000.98 1996.61 1995.85 1999.49 1862.13 1786.42 1788.26 1880.15 1906.87 1905.34 1848.45 1790.75 1697.87 1780.05 1852.55 1926.50 1892.89 1857.45 1826.39 1833.84 1868.23 1928.61 1934.02 1939.86
1946.30 1932.60 1923.81 1921.56 1918.84 1927.17 1944.05 1747.21 1465.86 1285.76 1952.55 2304.59 2540.46 2564.10 2600.13 2652.50 2564.45 2460.54 2339.96 2345.05 2347.79 2350.54 2358.59 2363.27
2375.95 2421.56 2468.83 2518.03 2536.19 2554.79 2572.60 2648.21 2713.49 2771.25 2700.56 2631.65 2568.95 2561.45 2556.13 2561.56 2526.65 2489.93 2452.09 2487.42 2523.14 2560.46 2547.82 2535.99
2524.80 2572.03 2618.18 2662.23 2632.48 2601.29 2567.65 2545.78 2524.78 2505.39 2458.61 2413.86 2353.13 2273.47 2187.83 2094.88 1973.85 1842.59 1717.31 1835.31 1947.08 2055.37 2089.91 2158.04
2149.50 1992.48 1683.95 1347.22 1686.81 2047.70 2301.97 2324.15 2382.53 2458.15 2335.97 2223.38 2123.75 2013.12 1894.77 1773.33 1800.25 1879.49 1985.60 1903.77 1806.89 1693.50 1823.38 1941.89
2047.52 2134.30 2213.21 2282.94 2258.52 2239.24 2225.31 2201.91 2171.83 2139.46 2130.12 2125.55 2130.28 2193.40 2253.56 2309.12 2233.49 2154.45 2075.42 2004.79 1934.84 1876.61 1847.47 1806.03
1726.43 1714.48 1706.67 1705.83 1809.76 1909.93 2003.80 2068.00 2062.14 2049.35 1789.82 1646.54 1783.27 1844.42 1911.30 1973.74 1975.91 1986.00 2008.60 2045.57 2083.43 2119.56 2073.65 2020.11
1963.30 1967.81 1973.37 1977.17 2002.41 2027.24 2049.30 2011.06 2052.02 2139.20 2029.07 2013.78 2081.10 2126.39 2175.00 2230.97 2194.55 2138.05 2088.24 2091.15 2088.66 2087.74 2079.21 2069.45
2060.44 2063.88 2098.87 2161.19 2246.88 2424.02 2610.71 2576.64 2532.44 2486.50 2468.24 2450.10 2431.38 2358.49 2285.53 2215.91 2183.96 2150.09 2116.97 2131.63 2137.54 2139.72 2083.34 2030.65
1985.69 2068.19 2144.63 2217.49 2179.98 2139.47 2096.95 2193.07 2267.29 2331.37 2286.78 2287.15 2334.81 2323.70 2309.02 2305.89 2264.20 2225.51 2191.87 2197.22 2155.05 2109.08 2110.36 2112.37
2112.65 2019.14 1919.91 1820.83 1862.07 1952.84 2058.79 2047.42 2073.89 2131.28 2041.91 1952.95 1868.26 1929.26 2021.81 2123.32 1935.10 1698.76 1516.11 1504.08 1841.01 2102.05 2100.90 2102.56
2108.50 2107.70 2107.23 2106.74 2070.93 2034.87 1991.86 1887.80 1759.63 1606.04 1526.48 1591.65 1699.76 1855.74 1991.77 2113.17 2153.51 2195.25 2237.39 2171.10 2092.70 2003.79 1948.06 1889.51
1832.00 1830.00 1833.29 1840.80 1743.75 1614.57 1466.38 1493.14 1534.13 1558.35 1033.62 1499.11 1759.26 1656.21 1614.21 1581.72 1528.66 1519.55 1575.69 1540.08 1507.82 1494.27 1568.25 1735.27
1897.33 1791.03 1690.42 1630.42 1717.94 1803.08 1889.45 1770.40 1640.77 1525.61 1741.65 1867.74 1938.43 2094.54 2243.93 2383.48 2331.15 2247.37 2156.20 2112.27 2060.70 1965.24 1889.62 1807.04
1722.68 1703.51 1649.83 1608.92 1143.03 1651.57 1989.29 1827.31 1625.67 1367.55 1565.60 1707.16 1814.17 1886.01 1955.08 2023.99 2130.28 2234.61 2314.19 2243.38 2159.01 2061.63 2100.73 2131.44
2131.08 2009.86 1867.43 1691.02 1605.46 1506.15 1393.89 1200.11 1500.23 1712.10 1909.98 2057.98 2185.41 2406.90 2593.30 2770.47 2774.98 2781.89 2794.42 2769.55 2741.55 2712.02 2739.42 2766.04
2795.29 2761.44 2725.91 2687.58 2716.84 2747.06 2775.22 2823.66 2868.15 2912.83 2889.86 2867.26 2851.22 2801.28 2747.82 2694.93 2669.27 2643.65 2619.83 2584.96 2549.18 2513.28 2494.04 2474.02
2455.85 2466.86 2476.82 2478.54 2474.72 2477.76 2485.90 2540.40 2580.17 2613.31 2637.85 2667.63 2698.72 2584.67 2493.44 2449.83 2446.86 2447.57 2453.84 2402.54 2323.70 2219.62 2171.50 2133.13
2111.95 2136.04 2168.30 2203.54 2171.22 2145.91 2130.25 2171.36 2202.11 2218.03 2136.00 2081.40 2059.02 2038.80 2051.57 2106.13 2079.11 2065.19 2069.23 2012.71 1947.98 1877.30 1775.65 1655.55
1507.24 1504.42 1528.67 1567.32 1634.67 1694.79 1749.50 1552.06 1317.37 1312.39 1484.30 1638.82 1756.05 1911.01 2033.60 2136.60 2100.00 2062.77 2030.04 2038.85 2050.12 2034.99 2023.93 2016.19
2012.98 2022.97 2032.47 2042.53 2047.00 2051.36 2056.30 2134.04 2189.29 2228.89 2231.54 2232.78 2233.51 2276.26 2324.64 2380.26 2390.29 2400.49 2414.81 2401.82 2383.45 2363.47 2380.86 2397.89
2415.25 2440.74 2466.06 2490.56 2420.91 2347.47 2269.16 2211.45 2148.87 2076.43 2120.03 2161.19 2200.13 2190.90 2192.89 2201.34 2086.35 1954.71 1811.36 1833.70 1851.33 1848.89 1807.94 1746.04
1668.52 1593.16 1489.89 1487.79 1686.66 1859.67 2000.52 2022.31 2038.89 2051.98 1975.13 1922.15 1896.08 1967.64 2052.77 2145.28 2133.40 2123.79 2117.04 2082.40 2030.61 1969.01 1914.96 1882.20
1864.82 1895.08 1909.94 1924.11 1918.00 1912.18 1905.34 1858.53 1797.31 1733.37 1726.87 1728.93 1734.81 1845.09 1945.01 2039.31 2016.80 2001.66 2001.31 2004.46 1977.23 1944.95 2018.31 2087.47
2153.13 2146.60 2141.02 2136.74 2071.62 1998.64 1915.75 2075.06 2190.55 2269.11 2221.12 2198.65 2198.88 2279.68 2355.67 2430.34 2396.98 2362.82 2332.57 2387.81 2438.81 2490.10 2488.72 2483.55
2480.89 2483.05 2476.57 2451.88 2461.15 2481.87 2510.16 2533.02 2523.58 2533.32 2457.61 2385.05 2309.25 2287.30 2269.87 2260.30 2215.52 2170.89 2132.46 2170.23 2204.37 2239.68 2200.57 2157.83
2112.90 2163.50 2211.82 2258.15 2116.23 1981.64 1906.23 1615.27 1784.23 2022.04 2189.99 2326.85 2445.99 2450.73 2457.97 2468.48 2449.94 2430.90 2415.83 2400.44 2376.91 2350.21 2418.98 2485.38
2551.31 2565.85 2580.44 2595.58 2631.12 2667.15 2701.76 2694.25 2679.87 2668.10 2627.62 2588.99 2560.31 2537.70 2515.26 2493.31 2446.56 2396.86 2344.99 2237.86 2096.36 1923.40 2022.86 2107.36
2169.69 2202.02 2233.02 2248.63 2331.27 2409.30 2482.76 2502.44 2503.36 2489.34 2392.45 2300.69 2240.95 2214.72 2190.98 2173.83 2109.86 2043.12 1973.76 1899.92 1846.95 1833.09 1851.72 1874.86
1907.55 1898.51 1890.06 1881.91 1936.41 2000.02 2068.97 2102.67 2127.73 2148.51 2145.16 2162.72 2195.23 2166.10 2138.65 2113.18 2103.75 2094.91 2077.48 1987.08 1872.83 1727.79 1753.75 1760.26
1759.71 1774.32 1793.96 1815.69 1946.65 2063.73 2169.49 2176.98 2181.06 2183.17 2138.90 2110.41 2096.50 2147.49 2203.88 2263.41 2210.24 2151.52 2092.23 2049.42 2004.53 1959.42 1869.44 1782.02
1713.33 1853.98 1970.75 2080.01 2068.78 2060.06 2051.73 2096.14 2146.83 2196.97 2172.52 2178.74 2205.42 2208.51 2215.34 2223.71 2151.22 2069.46 1976.65 1949.10 1909.70 1871.12 1868.50 1865.98
1862.33 1786.17 1695.76 1585.72 1601.38 1626.44 1664.72 1556.24 1538.01 1609.56 1625.86 1608.80 1586.27 1411.71 1179.97 1092.35 1188.68 1425.28 1613.00 1697.84 1770.64 1844.60 1798.13 1760.48
1740.39 1800.94 1859.18 1914.80 1846.64 1784.98 1734.58 1748.49 1753.31 1753.40 1604.25 1435.41 1235.83 999.14 942.71 1204.40 1272.77 1294.32 1289.75 1384.68 1662.58 1885.82 1896.24 1905.12
1920.32 1809.55 1675.73 1509.59 1453.87 1435.59 1470.12 1346.26 1316.08 1376.94 1078.33 1381.96 1621.26 1739.01 1846.43 1948.01 1975.32 2004.57 2041.16 2065.08 2086.67 2082.11 2076.33 2055.57
2030.15 1992.82 1966.03 1953.29 1932.51 1927.75 1952.14 1980.08 2065.92 2145.00 2192.03 2238.66 2283.91 2359.81 2432.57 2505.56 2476.64 2444.32 2413.57 2390.39 2359.34 2323.65 2258.91 2192.25
2127.49 2077.83 2037.10 2009.69 1982.90 1965.84 1959.11 2017.39 2087.30 2147.88 2159.21 2168.02 2179.98 2205.64 2233.86 2266.10 2269.20 2271.62 2279.65 2274.38 2262.22 2249.25 2199.05 2147.59
2095.16 2066.81 2039.12 2011.17 1954.59 1915.63 1905.34 1816.30 1724.31 1630.55 1582.02 1539.38 1526.03 1242.42 911.96 1391.94 1491.43 1582.50 1670.78 1708.39 1711.81 1693.73 1882.76 2137.03
2362.54 2397.12 2406.30 2387.45 2356.64 2322.51 2286.25 2298.15 2322.09 2351.72 2276.94 2202.57 2131.55 2122.14 2116.24 2116.89 2071.51 2023.29 1975.69 1996.10 2024.70 2058.31 2002.20 1941.43
1873.97 1927.11 1982.52 2039.42 2072.31 2104.03 2135.78 2203.10 2256.74 2296.46 2224.68 2125.02 2021.32 2057.43 2098.77 2146.29 2140.43 2150.90 2186.04 2165.24 2133.82 2098.01 2085.86 2071.86
2065.57 2042.41 2029.13 2008.83 2011.17 2003.99 1992.20 2035.09 2102.47 2165.23 2250.11 2323.11 2390.37 2411.66 2432.39 2456.83 2436.89 2414.70 2393.87 2281.71 2146.59 2009.50 2011.97 2027.81
2056.59 2113.81 2169.86 2214.86 2205.70 2200.82 2197.26 2092.92 1975.50 1852.16 2087.11 2261.74 2387.65 2424.68 2463.25 2508.19 2469.58 2428.26 2389.16 2384.35 2370.70 2354.40 2317.70 2276.52
2235.25 2172.03 2103.58 2032.51 1993.18 1979.39 1991.63 1991.14 2005.07 2020.61 1755.46 1440.17 1353.58 1665.65 1950.79 2174.19 2330.55 2481.05 2628.47 2691.67 2751.95 2811.66 2840.79 2871.02
2903.25 2868.34 2826.92 2781.52 2799.59 2808.68 2819.60 2831.49 2840.76 2840.34 2770.02 2704.32 2648.32 2622.02 2602.38 2592.05 2569.84 2549.68 2535.47 2453.76 2357.98 2257.20 2204.65 2159.90
2127.45 2132.00 2142.06 2155.99 2209.36 2251.55 2291.50 2318.27 2341.40 2367.85 2295.40 2234.39 2193.12 2207.23 2222.89 2205.18 2146.46 2087.81 2032.93 2028.87 2018.71 2010.09 2043.41 2075.24
2108.55 2132.93 2156.63 2181.35 2171.92 2159.08 2146.38 2045.81 1938.26 1819.37 1620.97 1505.70 1555.12 1756.56 1917.42 2055.70 2075.99 2128.94 2207.69 2146.38 2063.44 1961.47 1942.11 1892.27
1825.86 1854.64 1887.69 1919.95 1900.83 1884.45 1869.63 2046.61 2184.92 2296.30 2345.85 2426.98 2520.12 2538.32 2558.04 2580.02 2541.85 2490.32 2437.04 2492.29 2547.23 2605.75 2543.64 2477.39
2385.01 2371.47 2347.16 2318.54 2244.77 2161.58 2070.66 2009.15 1965.62 1937.23 1991.05 2051.88 2104.30 2093.25 2096.31 2122.23 2043.80 1961.80 1884.26 1890.70 1886.61 1880.56 1870.70 1857.13
1837.08 1822.71 1810.40 1798.16 1694.86 1569.33 1410.73 1068.45 1388.13 1586.77 1650.96 1758.97 1861.29 1888.74 1962.11 2065.36 2084.75 2105.53 2129.29 2134.28 2133.78 2137.13 2094.20 2047.97
2001.55 1981.97 1966.28 1955.13 1965.61 1976.42 1982.81 2030.45 2069.35 2093.42 2103.90 2129.76 2167.14 2187.53 2210.17 2224.45 2233.05 2248.42 2272.13 2235.58 2194.43 2159.91 2073.44 1969.93
1844.72 1915.34 1980.05 2039.66 2039.40 2072.04 2120.47 2114.08 2117.35 2142.98 2022.32 2004.14 2094.96 2133.55 2173.98 2196.36 2207.89 2224.34 2245.72 2159.96 2102.86 2109.62 2046.16 1993.40
1975.35 2014.41 2045.68 2079.81 2090.17 2109.39 2134.47 2150.43 2164.58 2173.02 2174.95 2176.44 2177.99 2153.77 2138.24 2134.04 2110.68 2086.42 2063.41 2041.48 2007.17 1966.60 1973.19 1998.06
2035.16 1970.75 1894.06 1810.55 1739.50 1736.35 1804.40 1706.75 1635.12 1586.51 1314.64 1391.77 1604.46 1622.79 1646.72 1677.74 1639.80 1607.12 1590.77 1621.58 1748.67 1918.63 1921.24 1923.70
1925.85 1950.42 1986.15 2030.73 2051.41 2071.39 2089.83 2118.36 2136.78 2141.20 2176.53 2217.85 2259.85 2299.59 2343.64 2394.94 2404.56 2416.70 2434.86 2486.89 2532.00 2569.40 2539.50 2507.87
2475.23 2485.46 2496.55 2507.69 2482.99 2457.53 2430.44 2336.55 2242.43 2146.45 1855.62 1500.53 1464.44 1166.77 1449.85 1856.95 1825.01 1797.64 1779.82 1734.24 1754.26 1861.38 1845.33 1938.77
2100.90 2086.23 2071.26 2058.37 2069.50 2087.00 2109.47 2176.78 2229.65 2279.86 2293.51 2313.88 2302.26 2340.72 2389.87 2440.99 2428.71 2413.15 2399.21 2367.76 2326.13 2279.80 2251.41 2222.23
2192.90 2193.34 2199.68 2212.52 2215.20 2220.44 2226.57 2202.01 2229.29 2278.99 2208.13 2310.32 2482.13 2351.65 2333.93 2478.21 2416.11 2339.81 2247.88 2378.06 2498.05 2616.99 2682.40 2744.98
2790.60 2785.64 2789.43 2802.39 2728.39 2650.61 2572.29 2556.31 2538.37 2515.15 2493.86 2476.38 2462.62 2366.59 2267.72 2169.02 2076.15 1968.41 1843.27 1362.21 1408.28 1909.66 1910.80 1926.74
1958.43 1957.40 1963.68 1976.31 1961.95 1954.83 1945.95 1993.75 2068.42 2134.75 2186.48 2231.79 2273.21 2291.11 2315.40 2348.28 2343.97 2341.31 2344.24 2336.27 2316.63 2287.56 2278.16 2271.96
2268.99 2260.34 2252.54 2246.06 2210.66 2174.10 2133.75 2270.01 2367.95 2434.25 2424.64 2417.51 2416.82 2448.86 2484.98 2527.27 2508.77 2492.07 2469.20 2460.91 2443.60 2426.44 2413.28 2412.97
2423.81 2418.68 2413.87 2409.32 2381.62 2353.48 2323.42 2377.94 2420.97 2454.54 2471.53 2483.26 2489.40 2517.33 2548.00 2585.26 2560.50 2535.93 2514.53 2489.55 2453.88 2399.57 2472.01 2542.90
2610.92 2227.07 1488.97 1945.23 1608.26 1131.14 1559.42 1599.80 1716.74 1819.75 1810.69 1940.68 2085.58 2164.23 2269.25 2386.24 2455.29 2528.46 2587.41 2521.70 2432.78 2325.31 2210.01 2109.63
2064.44 2088.23 2118.05 2153.21 2164.06 2183.78 2209.79 2254.16 2365.91 2475.82 2519.83 2561.54 2601.99 2568.40 2537.78 2514.59 2462.27 2405.40 2344.39 2278.60 2186.37 2065.89 2006.43 1941.30
1868.64 1846.42 1827.06 1813.32 1768.37 1721.27 1669.18 1582.62 1513.44 1457.14 1019.86 1415.65 1657.68 1664.74 1693.94 1749.29 1746.19 1750.91 1766.11 1902.51 2026.20 2105.22 2094.34 2074.82
2036.45 2013.38 2003.54 2011.67 2008.24 2005.18 2000.78 2182.20 2312.90 2399.74 2400.38 2404.09 2410.78 2430.24 2452.36 2480.49 2477.49 2475.24 2477.13 2440.20 2385.92 2309.05 2263.01 2213.50
2159.04 2142.20 2126.28 2109.81 2085.46 2061.02 2038.67 2097.01 2160.01 2209.96 2270.99 2312.33 2354.20 2367.95 2385.00 2408.99 2405.34 2402.61 2401.89 2339.56 2263.08 2185.80 2205.61 2210.84
2209.79 2222.76 2237.86 2253.13 2189.12 2124.92 2061.04 2133.17 2189.65 2236.68 2281.78 2319.91 2357.58 2381.14 2404.51 2422.81 2374.18 2320.61 2262.08 2184.25 2084.55 1978.95 2004.11 2033.86
2067.21 2111.05 2124.88 2142.64 2133.29 2126.13 2119.33 2113.48 2112.16 2108.71 2028.89 2023.43 2074.34 2201.25 2312.62 2416.02 2374.56 2329.43 2277.79 2143.67 1959.34 1694.54 1591.05 1702.09
1899.90 1881.86 1903.94 1969.18 1988.78 2051.95 2103.38 2107.10 2109.51 2106.06 2053.24 2003.76 1957.96 1966.79 1977.85 1995.81 1972.61 1949.18 1926.26 1918.43 1902.58 1892.77 1810.82 1716.12
1604.74 1616.34 1641.02 1674.96 1712.50 1746.90 1776.91 1716.18 1701.18 1710.91 1765.03 1841.50 1920.25 1823.79 1731.37 1657.76 1673.10 1719.26 1794.81 1848.62 1915.93 2004.04 1969.28 1922.68
1876.40 1861.15 1847.30 1814.50 1838.64 1864.50 1888.83 2018.67 2106.06 2161.32 2262.71 2340.59 2407.48 2397.26 2392.07 2396.24 2369.12 2338.57 2298.46 2283.91 2259.30 2236.74 2187.30 2134.35
2075.63 2070.16 2061.31 2052.43 2051.67 2054.93 2058.46 2105.27 2125.87 2127.50 2197.01 2275.29 2351.78 2353.07 2360.32 2375.48 2345.86 2313.48 2281.22 2267.15 2238.87 2207.37 2151.94 2092.74
2033.15 2010.67 1986.88 1962.67 1968.25 1981.62 1996.74 2050.43 2096.57 2128.85 2198.65 2261.64 2317.89 2332.22 2349.64 2371.83 2337.97 2307.12 2285.26 2285.26 2273.94 2260.44 2255.67 2251.20
2246.35 2255.78 2266.03 2276.89 2296.26 2314.99 2329.39 2376.38 2410.85 2421.51 2449.76 2479.87 2511.01 2508.57 2508.80 2515.79 2483.25 2447.48 2409.58 2396.54 2368.67 2337.87 2309.27 2279.52
2249.40 2270.38 2274.93 2277.93 2268.22 2257.84 2243.68 2304.64 2349.46 2374.33 2408.79 2443.90 2473.24 2476.16 2484.04 2499.29 2483.00 2465.75 2450.18 2411.03 2349.46 2272.01 2269.36 2268.71
2271.91 2225.02 2175.28 2121.04 1955.67 1666.38 1701.01 1755.84 1884.57 2019.21 2096.40 2182.34 2265.06 2315.86 2369.06 2424.56 2368.83 2302.79 2232.81 2135.35 2011.58 1876.40 1872.29 1868.79
1866.63 1897.22 1927.69 1958.72 1962.17 1972.53 1985.59 2013.45 2068.30 2136.37 2133.88 2162.37 2217.33 2230.94 2238.39 2233.41 2242.30 2252.42 2263.83 2201.31 2132.70 2076.18 1894.59 1744.67
1715.93 1663.72 1580.85 1515.39 1521.32 1545.70 1579.06 1469.71 1515.90 1628.47 1737.07 1844.67 1937.54 1825.54 1742.42 1713.41 1755.59 1807.50 1869.34 1856.22 1827.72 1803.37 1758.33 1686.06
1596.88 1691.45 1777.34 1857.00 1898.69 1944.22 1986.61 1966.39 1984.51 2010.07 1977.98 2018.25 2064.54 2040.24 2026.60 2026.39 1999.51 1973.70 1954.71 1945.05 1917.76 1886.76 1876.74 1862.85
1848.73 1793.63 1742.32 1701.23 1845.68 1999.01 2132.73 2107.42 2091.34 2061.60 1951.20 1940.54 2012.94 2022.16 2037.27 2063.66 2051.65 2048.80 2059.54 2038.11 2001.41 1958.17 1919.95 1879.69
1839.55 1854.86 1871.46 1888.01 1884.98 1890.77 1898.94 1989.93 2107.54 2218.74 2226.06 2235.63 2243.01 2252.45 2265.89 2295.82 2247.17 2194.02 2137.36 2117.99 2118.43 2145.00 2124.87 2102.80
2102.18 2106.50 2122.04 2148.76 2183.79 2219.67 2250.78 2227.89 2203.52 2168.18 2192.47 2216.55 2236.72 2251.01 2269.43 2309.89 2289.96 2281.05 2286.62 2304.34 2292.10 2277.20 2227.26 2184.52
2155.63 2088.56 2027.63 1980.46 1871.57 1759.31 1660.42 1599.29 1555.48 1522.34 1480.49 1431.59 1415.69 1480.39 1705.73 1929.14 1929.03 1929.37 1932.78 2012.61 2071.36 2103.72 2147.74 2156.33
2166.08 2196.82 2227.07 2258.65 2224.71 2193.81 2164.15 2115.41 2069.40 2021.54 1937.34 1858.80 1769.66 1827.38 1883.51 1940.41 1916.56 1893.30 1869.62 1815.05 1738.25 1647.03 1671.44 1702.75
1739.04 1737.28 1737.55 1741.20 1619.07 1470.60 1372.57 1549.73 1675.44 1727.58 1709.33 1694.63 1694.82 1398.11 1101.04 1577.09 1622.54 1722.46 1957.06 1936.03 1919.36 1926.27 1928.99 1931.22
1934.76 1928.23 1922.37 1918.25 1912.26 1906.04 1885.26 1952.65 2021.48 2076.73 2051.62 2033.61 2017.98 1942.53 1875.89 1824.77 1845.70 1878.78 1924.42 1952.98 1967.10 1972.58 1931.08 1886.56
1839.03 1871.48 1913.95 1963.03 1954.91 1951.88 1945.84 1998.07 2054.36 2098.17 2072.41 2043.60 2018.15 2024.90 2036.83 2058.19 2044.14 2034.63 2031.06 2002.11 1955.11 1898.61 1858.89 1817.50
1775.98 1817.28 1854.68 1878.04 1863.73 1861.58 1864.51 1793.23 1766.14 1768.20 1700.24 1638.12 1610.87 1770.51 1903.81 2029.09 2023.30 2023.13 2031.76 2003.16 1959.20 1909.08 1838.66 1773.48
1726.39 1754.45 1808.94 1878.51 1879.81 1882.85 1876.83 1831.80 1829.17 1844.28 1767.44 1720.74 1719.18 1784.59 1850.83 1925.90 1941.64 1948.64 1957.69 1945.24 1911.39 1861.96 1821.90 1777.50
1728.39 1593.01 1435.97 1406.08 1621.18 1781.99 1904.23 1877.00 1881.98 1895.88 1927.76 1973.12 2040.26 2111.24 2178.73 2241.96 2249.77 2259.05 2272.17 2246.72 2205.55 2157.70 2092.96 2024.07
1953.98 1947.96 1943.47 1926.68 1908.28 1895.77 1883.03 2056.44 2185.23 2272.37 2289.87 2309.71 2327.53 2359.56 2396.00 2439.37 2429.05 2419.36 2412.03 2406.95 2393.09 2372.59 2345.21 2319.05
2295.74 2283.64 2270.78 2256.62 2269.47 2282.83 2289.02 2358.01 2406.23 2439.39 2449.42 2462.22 2478.43 2486.49 2498.42 2514.82 2506.97 2499.53 2491.61 2423.13 2330.23 2215.04 2189.27 2161.94
2134.17 2061.58 1982.71 1896.25 1915.09 1934.87 1947.82 1975.17 2003.14 2021.58 2016.31 2014.14 2001.49 2037.77 2082.99 2139.94 2152.25 2164.80 2182.06 2171.91 2151.39 2131.23 2108.78 2085.87
2062.79 2074.24 2085.16 2096.95 2146.86 2194.76 2234.29 2265.15 2281.82 2291.14 2330.41 2369.91 2408.25 2435.87 2466.91 2504.32 2497.98 2491.40 2486.24 2505.07 2494.61 2481.62 2479.31 2484.06
2495.52 2516.83 2538.31 2559.71 2538.95 2518.80 2492.16 2486.57 2478.37 2453.20 2438.57 2421.98 2409.04 2354.91 2301.65 2254.01 2249.78 2252.00 2263.67 2230.95 2185.14 2135.90 2159.41 2182.01
2205.76 2209.74 2214.19 2220.25 2221.98 2226.03 2224.95 2285.36 2331.00 2358.21 2381.73 2406.63 2427.77 2439.59 2455.93 2479.17 2470.38 2460.48 2452.93 2444.06 2422.20 2394.19 2389.77 2386.48
2384.05 2402.68 2421.64 2442.02 2414.65 2386.46 2350.94 2349.96 2337.48 2300.71 2323.07 2347.83 2371.66 2377.15 2387.47 2405.48 2405.50 2406.58 2410.01 2380.17 2335.42 2281.84 2240.63 2195.98
2148.60 2174.95 2201.88 2229.30 2209.66 2177.37 2134.97 2184.66 2215.06 2220.21 2267.30 2313.18 2355.92 2356.49 2361.46 2373.23 2332.57 2288.66 2241.99 2236.31 2218.58 2196.18 2178.64 2163.93
2145.56 2123.85 2102.33 2080.67 2069.26 2058.80 2037.00 2085.51 2128.38 2155.06 2194.39 2234.39 2273.05 2302.44 2335.49 2375.11 2335.75 2292.68 2247.08 2207.48 2152.76 2094.32 2082.66 2070.76
2061.13 2049.68 2038.77 2028.41 2034.77 2028.33 1998.86 2021.04 2032.68 2028.56 2062.25 2097.15 2128.42 2157.33 2192.16 2234.69 2224.70 2214.46 2204.92 2180.94 2140.77 2074.52 2083.97 2093.87
2106.42 2062.66 2016.61 1965.88 1903.36 1835.85 1752.39 1896.20 2008.40 2088.84 2160.40 2217.77 2271.59 2303.76 2344.77 2387.49 2377.97 2369.07 2361.96 2341.13 2304.19 2252.60 2249.13 2246.37
2244.13 2256.32 2268.06 2280.53 2272.25 2254.30 2227.74 2290.57 2337.46 2364.63 2360.25 2360.20 2361.72 2373.74 2390.08 2413.15 2399.08 2385.04 2371.06 2368.71 2350.41 2331.51 2296.68 2263.71
2232.65 2230.05 2227.93 2226.32 2235.25 2244.20 2246.98 2276.59 2285.53 2282.60 2341.45 2399.14 2453.78 2448.29 2446.61 2449.37 2408.74 2364.50 2317.38 2241.70 2145.26 2043.54 2045.38 2042.15
2038.67 2018.99 2000.45 1979.79 1904.29 1823.20 1728.82 1754.47 1784.03 1796.93 1787.34 1779.01 1772.92 1877.76 1994.39 2120.91 2089.68 2060.55 2038.94 1969.87 1879.00 1775.27 1775.81 1777.68
1782.62 1701.53 1607.09 1492.75 1586.56 1719.65 1843.77 1759.68 1671.23 1565.11 1476.11 1387.83 1298.88 1363.21 1423.98 1504.80 1566.98 1629.68 1691.96 1735.05 1771.24 1809.58 1780.58 1754.98
1738.68 1648.60 1553.14 1470.76 1531.26 1591.58 1636.81 1597.39 1556.22 1507.37 1397.05 1343.33 1341.36 1559.94 1729.29 1876.01 1919.49 1965.36 2014.78 1991.47 1947.31 1888.73 1829.75 1766.68
1700.08 1614.97 1515.42 1396.75 1498.26 1604.72 1691.17 1483.13 1284.51 1230.22 1367.74 1509.25 1610.27 1723.23 1830.72 1934.89 1978.60 2023.78 2072.53 2040.23 1982.75 1906.97 1879.99 1855.94
1837.40 1695.47 1519.56 1310.87 1422.77 1574.03 1693.74 1629.22 1613.85 1624.72 1650.91 1690.52 1736.33 1865.52 1982.05 2085.19 2089.81 2095.49 2103.53 2060.64 1994.38 1898.94 1866.56 1826.46
1787.78 1712.80 1602.93 1481.87 1592.12 1685.04 1756.10 1763.97 1824.57 1877.69 2010.39 2117.02 2200.31 2231.18 2267.98 2319.66 2212.09 2088.98 1953.07 1866.22 1749.66 1602.91 1649.81 1700.28
1735.33 1708.42 1661.13 1613.28 1465.21 1482.53 1279.17 1024.69 1233.35 1443.16 1489.10 1197.02 1621.66 1590.56 1568.53 1536.08 1577.16 1621.07 1663.30 1688.46 1707.16 1722.64 1731.33 1739.72
1750.28 1700.80 1690.36 1726.63 1647.28 1664.26 1703.98 1541.61 1363.64 1323.24 1320.63 1366.43 1410.67 1633.68 1810.48 1970.55 1951.25 1931.93 1917.98 1982.17 2035.60 2085.23 2033.53 1991.55
1965.92 1924.47 1886.16 1854.26 1823.42 1802.74 1787.91 1801.96 1818.73 1829.37 1847.71 1872.11 1885.43 1864.96 1861.70 1876.83 1840.90 1808.71 1785.30 1668.90 1531.19 1467.78 1493.64 1529.29
1570.80 1606.68 1641.89 1678.70 1716.10 1717.91 1709.49 1701.61 1689.88 1671.46 1602.93 1561.76 1577.77 1611.44 1650.60 1696.93 1636.17 1596.94 1602.75 1453.15 1310.61 1408.57 1182.56 1008.99
1311.99 1364.24 1429.18 1496.22 1271.23 1512.20 1754.18 1627.37 1491.29 1335.30 1235.39 1255.75 1262.12 1381.44 1491.04 1595.11 1626.99 1661.13 1699.20 1706.81 1700.76 1688.92 1565.14 1455.81
1304.17 1496.98 1669.71 1813.75 1844.50 1876.28 1902.47 1994.39 2075.68 2147.27 2190.76 2233.63 2260.16 2208.17 2159.78 2119.37 2127.71 2137.03 2146.75 2112.70 2050.63 1969.17 1983.98 1999.18
2015.06 1994.36 1975.29 1959.52 1975.78 1991.23 2000.90 2003.60 2007.29 2010.01 1926.98 1826.05 1712.11 1635.54 1565.09 1516.22 1482.81 1450.64 1422.44 1573.27 1692.13 1800.72 1690.31 1554.46
1382.00 1477.98 1561.22 1636.08 1687.92 1737.76 1778.78 1743.52 1696.48 1608.59 1619.59 1618.94 1609.25 1537.65 1530.33 1587.06 1587.69 1621.00 1686.70 1599.54 1515.70 1511.06 1450.18 1376.23
1288.21 1147.33 1056.12 1186.87 1394.33 1546.92 1656.83 1642.54 1675.18 1714.99 1654.61 1620.55 1597.19 1510.08 1425.27 1346.93 1428.90 1545.43 1657.07 1718.80 1795.22 1885.42 1852.58 1816.96
1771.25 1754.05 1734.88 1715.21 1696.25 1661.65 1621.26 1709.33 1785.17 1866.05 1907.46 1952.06 1985.90 2070.25 2154.29 2235.44 2240.44 2246.60 2253.41 2206.04 2135.24 2045.23 2027.64 2012.63
1999.88 2021.61 2048.16 2078.14 2075.05 2072.84 2060.69 2146.44 2213.37 2256.26 2262.50 2273.92 2286.01 2317.52 2355.13 2388.14 2408.03 2429.15 2450.93 2401.76 2329.67 2238.48 2253.74 2269.83
2286.07 2276.64 2267.39 2255.23 2253.35 2251.42 2242.07 2262.24 2276.89 2289.33 2260.61 2236.03 2204.87 2220.27 2247.61 2295.35 2290.25 2284.30 2279.22 2240.77 2193.57 2132.52 2101.19 2074.33
2057.39 1987.04 1924.30 1880.85 1840.77 1798.03 1743.83 1730.61 1729.86 1711.72 1429.63 1019.12 1096.78 1031.15 1172.00 1293.84 964.54 1471.80 1771.30 1806.08 1842.96 1875.54 1871.38 1872.02
1881.32 1842.62 1800.48 1730.58 1677.21 1588.29 1479.06 1489.17 1519.29 1549.20 1588.59 1657.13 1712.68 1846.55 1944.35 2040.02 2045.40 2051.71 2060.59 2048.02 2016.71 1976.21 1953.66 1930.81
1909.60 1887.01 1863.14 1832.38 1784.99 1724.92 1647.44 1755.55 1831.01 1879.37 1958.89 2030.30 2080.97 2124.26 2176.99 2238.16 2245.46 2253.29 2262.21 2255.84 2234.38 2203.29 2175.84 2148.13
2120.82 2103.56 2087.99 2074.01 2076.41 2079.94 2073.21 2104.72 2124.78 2131.90 2160.20 2191.33 2210.97 2224.20 2243.17 2269.49 2268.94 2266.19 2258.05 2218.04 2157.39 2075.34 2089.25 2094.33
2100.03 2062.32 2023.15 1982.35 1985.78 2001.12 2016.75 2098.09 2163.59 2204.86 2219.20 2237.43 2248.53 2276.33 2309.95 2348.22 2334.70 2310.63 2280.14 2255.70 2218.34 2171.77 2167.83 2164.17
2160.49 2152.15 2143.69 2135.15 2122.78 2110.69 2089.84 2150.69 2197.58 2222.37 2266.73 2311.82 2352.21 2341.48 2335.38 2328.64 2334.62 2343.18 2355.36 2336.99 2306.49 2258.60 2234.99 2209.98
2183.12 2195.56 2208.20 2221.36 2187.55 2152.28 2105.81 2192.59 2260.33 2312.34 2315.20 2316.37 2321.78 2325.44 2335.58 2340.40 2349.35 2359.94 2371.41 2350.78 2318.16 2272.99 2248.96 2225.51
2201.59 2188.34 2178.98 2174.67 1947.64 1508.98 1452.58 1781.36 2001.11 2136.58 2182.41 2238.34 2285.88 2287.32 2309.15 2351.91 2222.30 2094.25 1999.62 1882.71 1733.70 1587.62 1669.54 1756.69
1827.21 1813.87 1801.76 1806.02 1797.50 1791.39 1778.70 1872.76 1957.15 1987.87 1925.55 1858.48 1790.33 1872.58 1956.03 2039.25 2000.28 1967.10 1941.02 1907.62 1862.46 1807.70 1819.95 1816.01
1819.64 1819.07 1818.07 1817.67 1805.26 1797.57 1786.55 1882.58 1960.10 2015.76 2046.44 2066.05 2084.70 2059.83 2043.09 2029.07 2014.39 2000.02 1988.19 1948.44 1899.20 1847.76 1830.94 1811.76
1791.82 1802.27 1812.93 1825.10 1771.35 1714.24 1642.20 1587.26 1538.39 1488.51 1595.89 1693.42 1785.08 1814.05 1851.08 1894.16 1906.82 1921.25 1937.47 1922.62 1895.59 1861.42 1844.96 1829.02
1813.57 1780.06 1744.45 1706.74 1596.94 1468.39 1311.39 1402.66 1479.98 1530.76 1558.51 1588.77 1608.58 1662.56 1723.76 1790.09 1789.59 1789.55 1794.81 1836.73 1871.49 1905.01 1894.69 1884.46
1875.17 1820.99 1750.96 1661.21 1579.11 1501.95 1437.98 1565.23 1652.39 1680.70 1603.11 1542.04 1497.05 1543.06 1676.87 1840.08 1906.15 1974.68 2043.56 2007.92 1952.10 1885.55 1860.76 1838.51
1819.12 1695.99 1552.30 1394.88 1202.74 1042.36 1207.25 1407.46 1502.27 1556.26 1413.78 1352.46 1383.99 1578.26 1732.06 1877.24 1984.65 2087.63 2187.28 2154.31 2112.40 2067.47 2022.27 1971.43
1917.62 1826.50 1720.44 1592.70 1535.88 1529.47 1562.68 1660.26 1819.50 1942.03 1934.94 1934.22 1938.08 1968.61 2017.83 2078.26 2110.37 2145.26 2184.31 2141.55 2077.34 1990.71 1936.95 1878.85
1814.79 1798.56 1771.98 1748.78 1660.11 1671.17 1738.80 1650.74 1663.86 1724.73 1819.39 1916.89 2017.72 2120.80 2218.39 2311.79 2261.29 2206.25 2145.45 2045.78 1915.52 1750.37 1764.54 1777.83
1791.25 1754.07 1729.91 1716.62 1770.16 1830.33 1882.88 1899.04 1977.27 2081.18 2108.19 2137.25 2141.89 2172.84 2202.93 2218.79 2192.62 2167.25 2145.76 2141.07 2129.28 2113.55 2058.28 2000.36
1941.24 1922.27 1902.74 1881.45 1858.08 1841.47 1813.79 1935.94 2032.58 2106.32 2144.37 2181.24 2213.10 2219.82 2232.05 2259.90 2222.66 2185.63 2148.19 2112.72 2059.62 1990.33 1971.18 1954.34
1912.03 1904.25 1896.07 1888.17 1910.52 1931.76 1944.92 1961.51 1982.19 1994.39 2031.09 2066.96 2093.49 2107.43 2127.17 2152.53 2148.38 2147.17 2151.75 2105.69 2035.41 1941.25 1922.56 1902.53
1880.96 1844.78 1808.55 1774.43 1691.68 1639.05 1630.24 1461.41 1387.11 1419.86 1483.87 1550.41 1601.57 1721.27 1828.49 1927.15 1984.12 2043.84 2108.14 2063.03 1993.33 1900.06 1886.32 1872.48
1858.10 1833.68 1807.75 1782.84 1586.33 1301.96 1176.90 1251.35 1588.95 1765.66 1741.75 1783.43 1823.84 1893.08 1973.71 2062.13 2080.70 2102.60 2130.38 2072.56 1992.25 1901.14 1879.49 1855.95
1831.68 1800.12 1768.57 1728.40 1655.94 1570.42 1472.10 1676.85 1828.29 1930.16 1927.77 1930.53 1945.30 1978.96 2034.41 2107.81 2109.52 2114.12 2122.05 2122.75 2112.55 2097.45 2048.89 1996.94
1941.66 1963.44 1985.10 2007.18 1932.11 1848.58 1743.65 1882.52 1984.57 2054.30 1999.78 1958.85 1922.49 1961.17 2007.61 2061.07 2101.25 2143.86 2192.02 2159.00 2104.65 2029.30 2012.13 1999.09
1989.35 1943.55 1891.74 1840.25 1747.15 1653.15 1559.57 1642.48 1724.70 1781.28 1649.54 1510.47 1344.84 1398.30 1488.63 1589.68 1650.78 1714.69 1783.98 1797.65 1808.67 1829.45 1801.53 1775.73
1756.16 1741.85 1749.37 1783.88 1752.04 1721.36 1685.31 1739.79 1785.45 1815.89 1677.51 1726.75 1876.81 1854.33 1840.90 1838.98 1869.08 1891.75 1909.90 1888.51 1815.42 1706.42 1720.69 1783.01
1874.51 1881.41 1890.05 1896.86 1875.13 1854.25 1827.79 1868.02 1920.21 1956.70 1902.23 1858.77 1820.14 1796.97 1785.86 1788.61 1815.27 1846.89 1883.86 1911.60 1926.42 1933.23 1924.17 1903.82
1880.79 1825.25 1766.56 1704.99 1764.00 1816.58 1814.99 1820.31 1818.84 1804.82 1841.23 1875.19 1915.60 1864.51 1826.42 1819.31 1867.08 1927.67 1998.52 1949.61 1884.41 1793.23 1683.00 1525.98
1321.14 1390.33 1453.14 1511.85 1566.25 1611.87 1639.11 1556.04 1483.94 1452.59 1383.74 1357.60 1368.80 1370.81 1411.02 1487.38 1593.22 1721.03 1864.27 1836.22 1791.84 1733.53 1792.07 1859.00
1928.36 1921.22 1916.58 1914.38 1848.05 1765.82 1670.90 1805.06 1909.59 1985.11 2025.76 2064.74 2091.08 2135.65 2181.99 2203.11 2233.76 2267.88 2306.47 2271.21 2214.16 2137.29 2116.38 2083.29
2040.07 2016.34 1991.54 1966.60 1913.08 1862.52 1798.83 1949.66 2050.62 2114.03 2127.22 2142.32 2162.02 2191.45 2224.21 2257.15 2279.45 2304.60 2333.49 2297.14 2240.99 2167.48 2108.03 2039.48
1958.64 1924.53 1887.03 1847.95 1824.29 1800.15 1766.53 1862.90 1926.81 1962.58 2027.21 2088.58 2144.93 2181.79 2219.75 2263.39 2266.20 2270.84 2277.20 2235.50 2173.64 2094.37 2066.19 2035.09
1983.31 1960.94 1938.61 1915.50 1886.92 1858.73 1822.20 1942.93 2040.20 2107.95 2122.48 2143.47 2169.34 2201.10 2235.60 2265.33 2280.63 2298.21 2320.51 2276.60 2209.48 2121.69 2080.01 2035.43
1988.43 1966.07 1939.25 1907.35 1875.12 1841.22 1797.30 1916.77 1996.56 2048.53 2073.06 2103.43 2141.28 2181.97 2228.11 2273.24 2290.47 2310.38 2333.66 2293.75 2231.87 2150.98 2100.42 2051.18
2009.70 1950.88 1885.48 1813.24 1779.15 1756.54 1734.78 1825.57 1895.75 1941.86 1980.59 2017.28 2054.28 2117.90 2183.73 2256.01 2278.32 2304.18 2334.38 2276.36 2191.77 2081.82 2071.35 2062.27
2051.75 1990.92 1924.48 1850.78 1725.39 1582.75 1524.45 1581.32 1658.35 1711.65 1799.93 1872.54 1933.70 2024.35 2110.70 2198.02 2201.64 2207.17 2215.80 2149.98 2056.91 1936.14 1951.92 1969.88
1987.95 1908.14 1819.22 1727.92 1508.69 1454.42 1704.51 1306.21 1092.42 1410.02 1438.89 1465.26 1524.90 1550.48 1606.73 1695.69 1801.06 1907.62 2012.80 2014.16 2009.22 2006.95 1966.22 1927.55
1893.52 1814.25 1731.43 1649.18 1558.20 1421.94 1234.61 1357.02 1653.99 1851.86 1872.57 1894.89 1900.16 1896.50 1941.34 2001.06 1984.61 1972.71 1965.26 1930.97 1872.51 1798.46 1824.41 1848.47
1855.46 1854.10 1856.77 1858.63 1902.96 1947.90 1988.19 2059.04 2116.12 2154.65 2102.16 2051.86 1986.39 2025.17 2052.91 2084.46 2070.29 2064.88 2072.11 2066.15 2039.18 1998.91 1984.83 1979.76
1986.65 1987.10 1990.29 1998.16 1986.58 1974.81 1957.06 1960.48 1960.96 1944.00 1884.93 1831.24 1771.47 1786.81 1803.63 1825.65 1838.35 1866.15 1911.43 1930.49 1936.41 1940.35 1875.72 1802.41
1760.09 1785.88 1813.81 1841.36 1846.82 1856.90 1865.34 1830.99 1806.05 1777.15 1691.17 1635.51 1607.76 1701.43 1790.75 1883.71 1957.67 2034.73 2115.66 2128.26 2126.78 2089.33 2024.20 1947.76
1844.49 1799.42 1753.87 1707.52 1636.56 1556.52 1455.43 1459.09 1498.08 1532.67 1696.04 1819.06 1931.68 2021.26 2105.42 2189.57 2213.62 2240.24 2269.27 2204.41 2116.83 2008.86 1972.71 1929.84
1869.88 1858.30 1847.96 1832.76 1805.76 1786.97 1772.31 1861.23 1948.81 2019.57 2022.46 2030.45 2054.87 2126.49 2191.54 2227.25 2235.21 2233.13 2233.76 2218.77 2188.20 2149.46 2081.75 2003.27
1913.36 1907.32 1899.81 1893.51 1852.95 1820.23 1791.05 1821.79 1899.65 1971.09 1981.76 1996.10 2025.43 2051.90 2071.82 2089.79 2096.70 2110.42 2130.41 2120.71 2096.21 2064.23 2051.69 2047.61
2031.31 2006.70 1981.93 1957.86 1910.51 1858.77 1796.95 1851.43 1887.96 1903.54 1860.87 1828.46 1807.26 1764.20 1773.47 1842.96 1904.47 1969.55 2037.74 2054.51 2055.46 2045.89 2014.65 1998.88
2005.18 1969.00 1932.46 1898.52 1814.00 1693.15 1547.28 1567.85 1580.75 1578.49 1624.81 1664.89 1687.66 1752.35 1842.45 1938.73 1996.20 2051.45 2122.60 2086.93 2032.89 1964.13 1919.69 1874.48
1832.35 1808.58 1784.85 1761.12 1705.69 1634.72 1573.10 1562.47 1556.44 1542.47 1556.34 1591.07 1654.93 1760.19 1857.83 1946.89 1972.22 1998.45 2028.21 2012.81 1985.58 1959.28 1908.40 1852.78
1793.42 1687.23 1584.83 1524.54 1553.63 1607.47 1666.84 1549.52 1432.91 1310.62 1476.38 1596.75 1674.13 1674.99 1679.87 1690.68 1711.95 1741.66 1783.10 1801.64 1831.94 1890.27 1864.85 1841.84
1786.78 1779.11 1730.75 1682.04 1611.79 1571.12 1572.42 1549.23 1526.41 1492.79 1473.22 1485.21 1512.76 1571.72 1630.32 1701.00 1843.02 1976.83 2104.62 2088.69 2062.26 2036.52 1987.48 1927.78
1858.36 1810.41 1756.42 1692.53 1656.96 1606.77 1549.39 1475.07 1597.99 1694.91 1580.80 1489.02 1433.03 1483.30 1617.14 1757.22 1818.73 1879.96 1941.64 1940.03 1927.82 1912.23 1856.83 1823.68
1822.87 1792.15 1753.18 1671.42 1606.38 1519.98 1384.63 1437.03 1487.49 1528.54 1552.85 1602.88 1672.67 1826.65 1955.99 2071.93 2100.88 2134.64 2174.85 2104.84 2010.71 1898.07 1878.72 1859.36
1817.49 1762.27 1706.29 1648.80 1562.32 1462.26 1387.46 1331.39 1393.48 1459.47 1475.06 1603.24 1750.76 1791.07 1846.21 1913.99 1968.92 2025.00 2082.87 2092.09 2097.15 2101.02 2077.21 2054.71
2035.72 2018.59 2001.10 1984.16 1901.89 1809.80 1699.57 1796.48 1862.56 1899.64 1906.90 1916.69 1915.93 1953.23 1999.28 2053.65 2109.26 2166.13 2227.88 2218.98 2191.82 2144.67 2112.70 2078.84
2042.59 2024.51 2003.13 1980.09 1912.19 1838.82 1757.18 1850.50 1907.58 1935.77 1975.45 2014.78 2055.51 2063.88 2074.65 2078.65 2103.18 2131.05 2165.25 2172.70 2163.98 2151.30 2132.88 2112.22
2089.84 2043.28 1966.54 1884.01 1854.96 1826.34 1791.76 1948.48 2050.76 2109.09 2107.78 2096.22 2077.79 2058.03 2043.53 2035.98 2085.01 2135.32 2191.04 2184.90 2158.46 2110.20 2075.41 2036.26
1990.70 1967.62 1946.00 1924.63 1843.77 1762.55 1682.33 1783.39 1862.50 1899.78 1906.72 1915.74 1913.36 1923.50 1944.79 1975.92 2014.66 2055.19 2099.85 2116.30 2115.02 2107.82 2077.47 2046.08
2014.32 1945.35 1867.57 1781.97 1711.89 1673.66 1680.47 1737.30 1848.03 1935.07 1924.47 1914.11 1903.71 1899.60 1904.49 1924.61 2000.31 2077.31 2157.04 2165.61 2160.72 2155.39 2120.76 2077.53
2031.49 1987.39 1940.38 1889.37 1833.97 1775.93 1701.49 1830.21 1922.34 1978.04 1941.74 1911.01 1874.60 1876.87 1901.20 1942.26 2017.19 2092.16 2171.09 2175.59 2165.62 2152.13 2110.77 2064.99
2014.13 1944.88 1862.98 1769.09 1672.81 1573.28 1459.37 1560.46 1673.23 1739.70 1627.55 1523.98 1423.17 1371.00 1454.59 1604.61 1778.74 1932.25 2075.07 2110.32 2146.80 2196.58 2112.62 2011.58
1895.63 1839.64 1777.81 1709.75 1618.28 1512.50 1391.41 1480.26 1599.26 1698.76 1442.76 1059.07 1222.84 1356.81 1463.91 1566.96 1618.98 1671.81 1730.09 1729.83 1731.16 1754.62 1748.95 1757.30
1781.46 1669.98 1551.46 1450.42 1387.86 1328.11 1223.46 1218.87 1399.66 1533.17 1275.56 950.47 952.82 1052.12 1172.97 1280.20 1424.29 1542.07 1650.81 1771.92 1851.61 1931.75 1893.41 1859.51
1833.87 1788.31 1748.18 1720.40 1675.94 1627.63 1572.01 1522.83 1493.44 1470.65 1463.27 1494.87 1550.54 1682.23 1796.88 1902.39 1973.92 2044.93 2119.94 2120.88 2114.97 2116.74 2054.23 1982.93
1902.63 1894.85 1886.71 1877.84 1840.93 1803.19 1746.51 1844.57 1929.80 1982.02 1987.65 2005.57 2037.90 2083.27 2130.03 2176.68 2204.45 2233.76 2265.81 2244.18 2208.20 2170.07 2136.84 2100.20
2061.80 2045.02 2020.81 1994.26 1953.69 1911.56 1863.48 2004.42 2105.64 2178.89 2187.05 2198.36 2210.08 2232.29 2257.68 2278.00 2282.06 2287.14 2296.81 2237.61 2151.85 2047.50 1986.59 1916.17
1833.41 1814.44 1793.60 1771.98 1733.22 1674.95 1613.60 1755.60 1889.23 1986.31 1961.98 1945.99 1934.22 1987.20 2040.30 2091.75 2105.36 2120.58 2140.77 2077.88 1988.58 1885.58 1853.98 1824.13
1786.75 1710.44 1619.01 1502.71 1449.13 1504.72 1617.58 1554.41 1583.00 1647.62 1615.43 1605.50 1633.40 1760.45 1878.96 1976.62 1999.54 2013.05 2019.71 1994.16 1951.51 1906.91 1867.25 1823.93
1776.25 1744.55 1718.45 1699.84 1693.05 1683.29 1671.91 1650.59 1662.86 1685.15 1641.83 1637.59 1672.41 1864.41 2022.46 2161.97 2158.22 2155.60 2156.01 2085.78 1985.88 1861.04 1854.62 1847.07
1839.44 1797.30 1746.78 1690.65 1640.80 1681.04 1777.83 1649.59 1581.71 1587.53 1697.46 1788.73 1877.31 1974.37 2062.92 2145.62 2169.20 2190.62 2213.47 2125.23 2004.39 1853.35 1831.59 1808.55
1785.05 1768.61 1751.25 1735.38 1712.08 1711.05 1729.78 1606.07 1608.74 1694.44 1718.21 1788.18 1854.73 1942.68 2021.63 2096.21 2112.21 2130.34 2143.14 2061.95 1950.56 1808.75 1779.31 1753.68
1735.64 1679.18 1649.35 1657.93 1708.64 1757.67 1802.84 1731.73 1704.91 1674.68 1710.40 1745.64 1792.70 1783.56 1784.78 1787.86 1834.55 1881.57 1930.63 1907.63 1868.61 1823.76 1824.70 1837.45
1861.34 1847.08 1833.19 1819.81 1790.67 1759.67 1724.27 1767.78 1800.59 1822.80 1810.08 1802.58 1803.49 1896.23 1981.68 2042.34 2054.21 2067.25 2084.24 2052.12 2004.53 1951.81 1920.25 1887.13
1852.46 1879.85 1907.42 1932.94 1928.64 1929.67 1931.62 2011.10 2078.14 2124.78 2126.53 2130.57 2125.70 2145.77 2168.53 2194.96 2230.41 2267.92 2313.01 2275.62 2219.65 2151.84 2153.52 2155.07
2156.85 2116.63 2070.23 2017.96 1994.06 1969.70 1944.36 1936.83 1921.48 1895.99 1844.50 1799.46 1747.27 1838.71 1920.62 2012.32 2060.77 2105.75 2152.75 2136.55 2105.25 2069.66 1974.68 1864.01
1731.19 1722.81 1701.16 1695.32 1610.32 1530.77 1476.45 1246.06 1003.83 1085.37 1185.71 1348.28 1468.31 1546.90 1624.07 1713.71 1763.68 1816.32 1875.65 1849.95 1831.89 1845.47 1807.29 1785.97
1753.88 1689.88 1622.97 1555.06 1417.26 1305.90 1227.30 1215.01 1212.46 1201.32 1352.88 1465.18 1556.93 1652.42 1738.39 1820.90 1856.32 1893.68 1936.19 1901.97 1854.75 1811.66 1800.94 1793.07
1775.25 1738.04 1701.15 1667.45 1653.62 1674.91 1724.45 1712.90 1725.18 1731.37 1727.61 1733.97 1762.50 1838.84 1911.29 1982.07 2010.60 2040.98 2074.96 2017.31 1934.19 1831.40 1806.82 1780.98
1754.86 1654.57 1560.00 1507.25 1527.82 1556.86 1590.18 1503.76 1416.33 1319.90 1324.64 1357.67 1404.73 1559.08 1688.40 1816.59 1838.74 1880.92 1943.46 1911.54 1866.40 1820.14 1727.38 1615.30
1476.91 1197.94 1109.84 1316.60 1489.72 1624.40 1735.10 1699.28 1659.01 1609.93 1616.88 1642.58 1673.80 1698.39 1731.22 1769.99 1815.51 1860.82 1912.70 1873.07 1825.88 1803.71 1784.31 1764.17
1744.76 1623.98 1471.98 1295.23 1484.11 1657.03 1799.62 1814.09 1815.98 1805.86 1887.70 1951.59 2011.25 2013.53 2021.44 2036.59 2066.26 2097.12 2137.96 2047.95 1918.08 1703.98 1664.17 1622.32
1578.52 1614.54 1650.29 1688.31 1698.41 1725.92 1765.07 1763.87 1757.99 1729.53 1775.54 1822.76 1872.85 1929.13 1989.02 2060.69 2078.67 2095.98 2117.73 2042.89 1952.02 1863.67 1822.10 1788.16
1771.13 1791.84 1813.57 1836.47 1810.22 1800.13 1795.04 1873.91 1925.33 1957.20 1933.94 1915.74 1912.74 1962.89 2020.28 2083.23 2075.56 2069.45 2073.84 2014.44 1933.19 1848.19 1779.13 1705.95
1637.44 1619.00 1601.17 1585.88 1556.41 1553.22 1575.00 1520.16 1464.45 1402.60 1363.12 1334.76 1323.21 1400.98 1540.40 1696.40 1729.07 1763.78 1808.36 1849.60 1894.64 1949.76 1935.21 1919.65
1906.01 1874.30 1852.26 1842.66 1796.60 1745.50 1677.24 1655.95 1683.00 1711.98 1625.86 1531.90 1427.66 1430.50 1574.41 1747.40 1831.15 1911.20 1992.33 1951.73 1898.13 1835.60 1832.78 1829.47
1829.06 1758.56 1677.60 1586.85 1569.10 1590.65 1643.39 1673.48 1690.31 1689.34 1651.78 1694.26 1766.03 1875.80 1978.01 2075.07 2103.05 2129.09 2163.96 2114.71 2034.89 1923.56 1876.52 1819.72
1759.36 1669.54 1564.11 1435.68 1353.10 1448.11 1598.51 1527.90 1565.80 1625.41 1785.97 1899.51 1982.71 2014.91 2055.59 2103.31 2115.92 2125.72 2143.28 2100.42 2035.46 1952.94 1918.34 1879.70
1834.34 1791.32 1740.53 1700.69 1624.56 1573.87 1568.41 1561.50 1610.33 1658.49 1791.09 1894.12 1979.95 2049.79 2118.98 2188.87 2218.68 2248.82 2286.16 2205.22 2094.99 1950.57 1901.83 1847.01
1786.53 1780.57 1787.79 1799.53 1799.71 1806.85 1819.63 1816.11 1843.30 1879.96 1903.18 1924.24 1964.14 2067.73 2166.30 2264.96 2244.81 2222.38 2201.76 2150.68 2089.39 2024.55 1995.08 1943.16
1888.35 1874.90 1861.33 1846.76 1796.79 1762.48 1745.87 1738.57 1779.73 1793.95 1820.15 1848.69 1890.05 2002.53 2106.01 2191.37 2187.10 2178.60 2172.71 2063.63 1927.92 1747.10 1735.61 1756.04
1801.83 1799.94 1798.96 1801.05 1784.55 1792.04 1821.19 1775.04 1737.10 1699.41 1791.77 1883.96 1988.83 2008.60 2028.60 2045.26 2071.65 2091.97 2119.01 2036.62 1932.09 1812.36 1710.51 1620.20
1589.59 1632.99 1675.53 1715.62 1741.74 1772.38 1804.03 1794.50 1787.95 1784.56 1816.15 1859.07 1930.16 1921.60 1915.09 1916.09 1862.56 1806.12 1751.66 1649.69 1581.62 1623.06 1527.78 1408.85
1249.08 1260.84 1308.82 1373.89 1349.43 1495.79 1654.36 1647.93 1668.97 1696.64 1687.68 1760.39 1854.06 1902.97 1962.03 2035.75 2052.02 2071.23 2102.29 2030.93 1936.89 1832.64 1733.46 1623.17
1509.90 1512.85 1546.42 1603.23 1616.41 1659.97 1721.13 1749.64 1759.00 1738.26 1728.58 1756.11 1811.04 1868.69 1928.38 1991.95 1995.32 2006.57 2033.73 1957.93 1860.01 1775.91 1668.92 1547.14
1426.64 1293.50 1170.45 1196.30 1298.29 1442.67 1575.52 1726.42 1831.28 1910.40 1907.95 1957.31 2046.82 2081.36 2122.28 2170.60 2140.18 2108.17 2077.87 2059.24 2033.57 2004.36 1938.37 1865.31
1783.52 1758.79 1737.55 1723.13 1688.06 1651.80 1613.72 1716.85 1794.83 1855.94 1805.68 1802.92 1842.91 1850.95 1878.17 1925.24 1933.42 1940.54 1948.08 1795.88 1602.40 1410.58 1203.10 1135.71
1372.37 1376.95 1383.70 1357.86 1552.13 1692.75 1811.39 1749.05 1681.84 1613.72 1737.88 1851.97 1894.47 1953.53 2012.57 2086.20 2068.07 2050.01 2037.82 2020.52 2000.33 1979.04 2004.50 2033.75
2065.29 2040.92 2017.34 1995.83 1969.64 1942.07 1912.82 1944.19 1969.31 1992.37 1885.85 1802.58 1784.17 1905.74 2015.72 2112.91 2119.52 2128.09 2142.84 2113.94 2081.16 2046.89 2061.73 2078.89
2096.18 2086.49 2076.93 2067.60 2062.97 2060.46 2056.76 2070.31 2074.80 2074.42 2135.94 2192.67 2268.87 2258.55 2250.96 2240.90 2243.16 2245.15 2250.94 2216.52 2179.20 2127.08 2127.23 2128.01
2127.27 2082.48 2030.12 1977.40 2032.89 2065.44 2099.91 2077.25 2025.73 1971.07 2012.56 2051.61 2086.89 2112.69 2144.30 2183.08 2182.02 2178.72 2178.91 2118.69 2045.43 1962.29 1942.32 1912.72
1882.29 1876.87 1872.27 1869.52 1799.89 1732.25 1673.74 1745.80 1830.41 1905.10 1965.89 2021.20 2080.45 2126.88 2173.93 2218.83 2185.12 2148.63 2118.72 2041.29 1951.53 1854.56 1833.39 1815.34
1805.12 1780.71 1757.57 1734.79 1666.49 1615.72 1599.52 1485.48 1388.74 1329.85 1572.49 1738.96 1877.61 1964.48 2033.41 2109.46 2101.28 2091.02 2085.01 2007.62 1918.53 1826.32 1793.87 1760.24
1728.27 1747.58 1769.34 1772.54 1710.44 1695.29 1736.03 1653.09 1592.62 1551.37 1675.15 1770.72 1835.27 1957.63 2069.97 2176.05 2163.96 2132.27 2101.24 2033.15 1944.34 1787.82 1757.40 1726.62
1693.56 1731.17 1771.45 1812.34 1819.72 1829.22 1839.13 1818.33 1812.01 1815.28 1825.40 1843.75 1880.33 1974.79 2054.87 2134.36 2133.89 2132.41 2133.87 2062.50 1976.98 1876.83 1868.57 1858.98
1850.01 1789.67 1727.55 1665.03 1690.48 1738.89 1799.01 1680.31 1578.04 1460.59 1530.27 1590.96 1656.12 1736.68 1817.78 1901.22 1871.27 1836.08 1801.49 1832.41 1863.63 1901.13 1886.55 1854.74
1820.65 1839.97 1867.37 1895.37 1872.89 1857.21 1837.66 1848.69 1894.03 1946.77 1986.13 2020.43 2059.01 2136.05 2191.11 2232.86 2235.82 2236.67 2241.16 2200.25 2152.22 2062.66 2053.48 2045.83
2038.16 1997.45 1955.31 1910.57 1875.10 1843.86 1816.28 1944.59 2022.58 2084.83 2098.39 2115.49 2139.46 2167.57 2197.59 2221.16 2210.45 2196.97 2186.11 2196.24 2205.48 2204.69 2198.65 2195.88
2195.55 2149.89 2102.38 2052.70 2057.45 2063.56 2066.21 2049.56 2029.28 2004.16 2070.63 2130.31 2184.17 2236.69 2291.76 2352.00 2318.62 2277.69 2235.54 2203.58 2167.96 2130.62 2121.32 2113.65
2092.39 2062.71 2033.91 2005.31 2002.99 2000.62 1998.42 2020.95 2037.55 2048.67 2084.12 2129.14 2168.10 2186.18 2210.71 2238.38 2206.34 2168.05 2128.96 2047.99 1962.94 1887.54 1873.21 1866.77
1867.80 1821.60 1792.01 1787.85 1798.89 1793.37 1782.59 1865.59 1933.42 1984.97 2036.44 2079.16 2119.51 2155.82 2197.70 2241.69 2223.28 2200.52 2179.37 2137.18 2089.36 2035.68 2012.30 1987.45
1955.64 1910.72 1863.32 1813.29 1752.41 1728.63 1774.71 1740.51 1704.29 1665.82 1743.68 1823.61 1897.87 2014.42 2121.54 2223.14 2195.21 2161.28 2126.95 2070.37 2002.79 1921.96 1876.72 1826.29
1757.44 1692.03 1617.67 1533.20 1602.88 1691.83 1783.07 1801.14 1812.38 1809.18 1827.13 1870.23 1924.14 1960.22 2003.42 2055.46 2012.79 1963.39 1909.91 1870.58 1834.54 1803.93 1718.81 1598.68
1414.91 1366.91 1319.05 1272.95 1203.18 1131.96 1158.90 1378.06 1525.74 1623.05 1682.89 1755.24 1826.69 1872.38 1937.40 2013.41 1979.51 1946.71 1927.85 1866.36 1815.18 1796.35 1690.20 1547.67
1400.92 1438.01 1491.08 1547.23 1396.10 1296.42 1219.59 1392.42 1505.24 1569.30 1295.37 1199.21 1392.90 1502.75 1619.40 1733.72 1788.41 1843.13 1903.27 1885.45 1868.62 1857.15 1840.79 1822.56
1795.62 1746.78 1696.50 1642.59 1533.99 1473.98 1515.24 1479.50 1442.91 1404.98 1613.10 1758.75 1866.50 1902.31 1941.29 1990.53 2013.20 2023.28 2029.06 2007.96 1982.52 1953.37 1911.29 1860.51
1810.97 1736.10 1661.78 1592.72 1510.67 1570.24 1708.17 1835.59 1925.31 1989.93 2053.45 2117.40 2176.03 2156.75 2141.68 2132.99 2120.20 2110.77 2108.88 2090.98 2073.19 2058.85 2093.91 2128.01
2164.87 2151.31 2135.56 2120.06 2147.29 2174.96 2203.04 2204.05 2191.63 2173.54 2042.42 1912.34 1764.46 1696.77 1637.69 1591.23 1652.78 1724.89 1809.38 1840.05 1872.99 1909.47 1905.32 1902.85
1900.17 1890.44 1881.37 1872.52 1866.00 1862.67 1860.43 1867.05 1865.53 1857.85 1901.45 2003.89 2129.09 2188.55 2249.82 2310.78 2299.65 2286.60 2275.54 2241.69 2207.86 2176.39 2192.95 2210.08
2225.58 2236.83 2252.41 2272.75 2226.11 2177.28 2125.61 2189.01 2235.66 2275.65 2279.43 2287.32 2299.78 2314.14 2333.44 2352.50 2361.55 2371.27 2384.29 2334.41 2279.65 2219.04 2196.06 2171.80
2146.87 2163.07 2180.98 2203.96 2042.14 1842.06 1586.86 1350.47 1874.14 2159.99 2374.95 2577.44 2765.98 2796.18 2826.57 2861.82 2833.77 2804.81 2771.47 2750.36 2730.08 2710.12 2667.63 2625.20
2583.08 2588.69 2596.84 2606.37 2627.32 2648.36 2668.12 2647.76 2624.43 2600.63 2517.06 2433.15 2342.28 2275.24 2210.04 2144.13 2094.72 2047.66 2006.83 1934.53 1853.09 1761.89 1753.99 1744.63
1734.56 1579.36 1490.20 1574.61 1488.44 1587.61 1777.80 1835.92 1894.57 1952.33 1961.10 1971.31 1976.36 1923.80 1884.88 1861.87 1776.01 1690.29 1617.22 1671.54 1724.60 1776.92 1726.28 1671.31
1612.64 1624.86 1636.60 1649.17 1688.07 1746.25 1763.16 1690.05 1613.56 1552.09 1506.47 1451.24 1444.13 1489.27 1560.91 1616.47 1736.54 1888.72 2039.67 2034.71 2032.23 2025.09 1998.92 1972.16
1955.14 1923.93 1915.95 1931.67 1897.60 1862.91 1826.39 1895.18 1939.73 1966.00 1963.54 1970.05 1991.43 1992.02 1999.92 2021.49 2030.23 2038.40 2048.23 2081.35 2114.45 2131.42 2072.69 2013.67
1958.79 1886.81 1810.75 1731.22 1521.05 1317.10 1395.28 1811.79 2013.18 2182.06 2231.40 2286.43 2328.82 2335.23 2343.15 2346.66 2315.54 2277.12 2232.78 2209.03 2178.97 2148.84 2097.34 2040.93
1980.74 2002.04 2024.39 2047.33 2018.14 1989.30 1963.09 2068.27 2145.87 2186.38 2104.15 2050.94 2031.95 1950.29 1874.27 1814.65 1816.79 1815.34 1816.58 1797.33 1811.19 1861.96 1867.05 1874.50
1883.38 1824.58 1762.73 1698.44 1716.47 1742.42 1771.27 1803.58 1826.50 1847.79 1768.95 1753.34 1791.64 1851.57 1920.17 1995.49 1944.13 1893.78 1852.39 1861.31 1872.81 1890.81 1871.68 1843.77
1815.18 1822.93 1831.70 1839.57 1793.61 1746.55 1694.95 1648.03 1594.73 1537.03 1638.89 1802.87 1917.34 1943.48 1973.53 2012.13 2008.17 2009.53 2018.66 2022.93 2028.93 2037.06 2029.12 2025.69
2025.87 2015.99 2005.61 1995.99 1896.92 1789.30 1679.27 1760.05 1813.48 1856.35 1968.07 2064.29 2141.97 2240.56 2334.71 2428.74 2428.56 2424.51 2416.00 2408.68 2401.29 2394.77 2355.91 2316.22
2270.28 2291.56 2315.11 2337.63 2154.33 1926.22 1690.55 1299.41 1538.03 1826.41 1762.17 1780.92 1840.71 1871.52 1952.71 2055.70 2007.80 1980.02 1972.29 2034.20 2100.66 2170.39 2189.13 2214.14
2246.42 2227.16 2199.06 2170.92 2144.64 2105.66 2065.02 2124.33 2146.20 2148.68 2136.42 2127.43 2114.73 2108.33 2107.06 2112.87 2091.18 2093.88 2135.51 2092.72 2050.95 2014.73 1980.78 1946.60
1927.61 1984.96 2039.35 2089.43 2085.37 2079.84 2072.54 2000.77 1930.82 1865.34 1997.51 2147.49 2273.70 2314.59 2359.53 2409.45 2372.77 2313.35 2249.38 2223.47 2197.86 2159.59 2120.19 2076.13
2025.71 2014.68 1989.82 1967.51 1992.45 2016.90 2038.38 2098.08 2141.05 2170.43 2185.37 2213.19 2246.03 2305.03 2347.51 2387.70 2370.30 2348.49 2318.83 2219.00 2105.74 1963.11 1838.45 1779.73
1781.28 1990.52 2288.37 2550.99 2558.54 2564.96 2571.83 2555.27 2534.29 2510.85 2525.17 2541.91 2541.20 2550.38 2561.80 2573.61 2590.37 2607.25 2617.66 2639.13 2659.49 2680.20 2645.55 2609.46
2572.20 2529.53 2489.02 2452.92 2419.45 2401.67 2403.19 2429.06 2446.60 2461.29 2343.15 2222.55 2095.51 2041.80 1990.21 1939.54 1865.02 1774.83 1660.08 1404.03 1374.40 1632.54 1506.51 1376.72
1351.95 1404.14 1455.85 1508.39 1625.36 1747.28 1842.65 1817.86 1790.98 1764.11 1694.39 1755.50 1857.29 1929.76 2019.09 2115.67 2101.74 2082.95 2049.70 2006.89 1957.12 1901.31 1811.22 1706.87
1561.08 1576.09 1651.66 1720.41 1710.51 1728.92 1771.67 1858.10 1903.88 1933.66 1940.85 2037.40 2121.51 2162.68 2223.42 2298.35 2265.83 2226.16 2169.82 2166.86 2169.65 2180.19 2108.84 2033.37
1953.66 1938.76 1928.33 1920.28 1927.93 1944.69 1954.43 2002.47 2027.81 2060.98 1909.92 1788.37 1788.70 1839.71 1969.88 1945.23 1918.22 1892.70 1868.72 1924.33 1978.74 2011.45 1994.55 1977.37
1960.38 1889.18 1828.68 1786.13 1646.25 1459.28 1203.57 1186.78 1389.39 1540.27 1729.63 1882.51 2016.97 2129.55 2244.35 2362.02 2444.02 2524.54 2584.97 2673.62 2760.07 2846.35 2914.94 2965.60
3016.28 2995.83 2974.09 2951.90 2936.77 2922.95 2910.51 2897.23 2876.98 2857.85 2782.67 2711.48 2632.03 2584.90 2541.70 2497.78 2421.31 2328.72 2211.13 2209.46 2210.44 2213.39 2112.08 1995.05
1856.30 1883.04 1919.75 1952.57 1996.45 2054.48 2118.67 2087.77 2029.87 1967.60 1858.48 1822.09 1857.63 1873.00 1893.42 1915.67 1934.11 1954.48 1969.17 1961.65 2003.40 2079.90 2085.22 2090.04
2099.39 2090.43 2084.86 2085.01 2093.29 2101.36 2109.84 2155.06 2177.55 2188.66 2234.66 2284.65 2333.61 2301.74 2272.18 2246.46 2197.87 2141.71 2072.27 2025.63 1976.43 1928.35 1953.29 1971.70
1989.86 2011.27 2033.01 2056.47 2061.01 2074.03 2095.03 2012.41 1916.83 1811.82 1743.04 1834.14 1964.01 2011.15 2073.02 2143.16 2110.47 2072.73 2022.74 1989.56 1954.69 1917.28 1882.36 1848.70
1818.56 1794.26 1787.94 1795.43 1792.43 1796.14 1808.68 1813.33 1857.10 1919.21 1945.10 1977.29 2006.08 2051.20 2099.23 2141.14 2107.24 2068.27 2018.63 2019.41 2020.08 2018.26 1979.38 1938.25
1892.91 1848.42 1792.71 1751.70 1802.37 1865.94 1932.83 1860.54 1776.61 1683.89 1729.41 1778.55 1821.62 1911.77 1994.91 2078.53 2040.01 1993.39 1929.37 1912.25 1894.23 1874.71 1849.26 1822.21
1793.79 1769.63 1757.09 1761.82 1797.83 1850.81 1914.22 1875.35 1831.01 1783.34 1852.85 1997.83 2115.60 2155.79 2198.18 2244.28 2162.63 2065.34 1932.60 1975.15 2023.42 2077.07 2035.96 1991.73
1942.91 1914.64 1886.87 1858.98 1817.95 1772.28 1720.53 1699.99 1603.78 1444.87 1369.35 1291.87 1218.50 1413.46 1611.19 1796.91 1816.03 1864.63 1928.92 2216.36 2404.29 2555.68 2573.03 2589.38
2607.66 2628.74 2650.99 2665.23 2665.81 2662.11 2654.70 2678.63 2699.17 2717.41 2688.48 2654.96 2617.86 2564.77 2511.64 2458.22 2384.84 2307.92 2224.08 2182.05 2136.34 2088.95 2073.86 2060.51
2050.61 2052.41 2038.87 2020.10 2017.55 2015.46 2015.88 2029.50 2027.08 2013.99 1933.76 1860.26 1793.12 1613.74 1496.97 1571.27 1645.28 1720.01 1786.58 1721.51 1680.11 1677.09 1589.48 1509.18
1468.63 1482.93 1496.98 1512.17 1350.09 1418.20 1610.11 1573.06 1533.95 1500.68 1689.56 1857.15 1985.63 2006.02 2032.48 2066.49 2064.23 2052.32 2007.95 2041.13 2072.78 2088.79 2067.38 2048.00
2028.70 2037.68 2046.35 2053.75 2043.10 2032.95 2023.08 2055.59 2082.89 2109.34 2126.65 2142.08 2153.56 2071.51 1989.49 1879.12 1379.48 1678.05 2044.99 2485.11 2848.02 3163.21 3165.22 3164.69
3164.12 3142.92 3120.91 3098.37 3119.63 3138.23 3153.57 3145.56 3129.17 3107.67 3049.65 2984.31 2920.31 2857.99 2799.77 2746.18 2678.17 2600.36 2507.01 2501.61 2495.73 2456.98 2396.58 2331.07
2262.03 2240.70 2217.09 2190.23 2145.34 2088.13 2024.07 2066.82 2094.24 2106.00 1947.36 1774.05 1614.11 1551.54 1526.12 1549.12 1194.50 1171.63 1481.57 1591.12 1908.24 2096.59 2117.92 2144.97
2176.30 2212.32 2248.39 2283.27 2322.22 2360.89 2398.77 2403.56 2399.41 2395.70 2368.12 2345.22 2325.09 2361.23 2404.35 2451.25 2495.16 2538.48 2579.68 2559.92 2540.09 2520.72 2481.25 2440.64
2398.87 2368.94 2337.08 2306.26 2243.02 2173.22 2099.82 2226.88 2325.60 2408.39 2350.80 2293.55 2240.72 2166.82 2093.57 2021.69 2022.23 2026.38 2000.33 1972.30 1941.44 1907.95 1950.81 1994.35
2035.57 2016.05 1986.09 1956.04 1966.65 1981.48 1997.11 1988.26 1969.36 1946.02 1765.83 1564.98 1345.08 1389.28 1458.72 1536.60 1565.09 1615.15 1671.52 1699.10 1729.32 1761.63 1712.32 1662.98
1619.75 1541.53 1573.73 1689.39 1824.37 1974.41 2114.20 2027.77 1924.99 1812.91 1460.27 1258.23 1501.72 1603.43 1678.71 1725.21 1725.10 1677.45 1617.44 1549.21 1481.90 1429.95 1180.41 1124.19
1245.52 1283.37 1331.98 1389.26 1293.77 1235.42 1269.23 1306.85 1464.51 1571.33 1579.19 1629.14 1695.09 1612.81 1531.72 1446.96 1323.71 1235.15 1319.86 1155.52 1250.78 1443.07 1438.02 1466.16
1521.68 1548.78 1624.76 1717.86 1667.10 1713.65 1825.59 1779.08 1710.19 1610.27 1509.53 1475.51 1559.78 1757.12 1911.52 2041.15 2049.10 2059.95 2064.50 2078.96 2100.29 2130.48 2091.54 2049.29
2002.69 2025.82 2034.34 2041.26 2065.54 2090.64 2116.80 2133.54 2155.19 2180.90 2263.75 2352.64 2434.76 2435.87 2432.93 2432.55 2358.32 2267.61 2145.32 2176.33 2213.40 2254.73 2232.46 2207.85
2184.16 2183.30 2183.31 2182.61 2164.89 2158.83 2165.18 2155.39 2141.38 2128.03 2235.80 2329.30 2412.52 2403.86 2398.33 2400.98 2354.69 2305.81 2240.46 2235.22 2229.64 2222.91 2198.34 2176.13
2156.55 2122.12 2086.74 2050.74 2048.77 2048.79 2050.15 1975.00 1898.29 1829.75 1772.28 1782.40 1850.83 1649.73 1563.97 1576.09 1731.63 1896.40 2046.79 2183.96 2327.16 2468.70 2437.24 2402.88
2358.60 2297.65 2232.86 2166.57 2070.75 1959.27 1828.02 1925.34 2005.36 2074.60 2063.48 2057.16 2054.55 2014.41 1978.40 1946.23 1905.74 1864.88 1770.44 1791.94 1786.55 1786.28 1813.23 1864.28
1930.87 1905.71 1874.12 1840.97 1851.21 1918.71 2012.41 1921.99 1804.40 1667.23 1369.42 1456.60 1676.72 1825.50 1941.40 2044.32 2062.72 2070.21 2069.87 2078.76 2087.86 2093.72 2056.98 2016.44
1973.62 1948.69 1927.26 1909.62 1951.67 2003.57 2048.56 2048.98 2051.27 2057.00 2148.38 2226.51 2289.92 2295.82 2304.81 2318.27 2268.52 2214.41 2150.23 2191.34 2237.19 2287.51 2261.81 2240.64
2224.50 2228.46 2231.80 2235.74 2207.61 2184.06 2165.31 2219.97 2268.06 2312.02 2364.59 2409.39 2441.09 2453.78 2469.27 2488.33 2435.79 2370.75 2280.93 2264.12 2246.41 2227.21 2114.62 1982.55
1821.97 1432.62 1360.81 1731.42 2032.19 2300.68 2501.50 2569.44 2615.76 2664.01 2621.76 2582.98 2551.29 2516.51 2484.21 2454.82 2420.13 2359.71 2285.10 2298.85 2312.86 2326.27 2332.24 2342.85
2359.07 2336.75 2318.70 2308.00 2247.52 2193.80 2153.94 2141.78 2124.78 2102.78 2076.09 2087.21 2118.97 2036.80 2011.58 2053.10 1941.54 1804.12 1620.98 1704.37 1828.01 1954.92 1895.70 1843.19
1810.20 1671.40 1563.98 1585.59 1666.51 1753.00 1837.02 1907.26 1960.25 2003.70 1966.99 1963.45 1996.62 2020.43 2045.97 2075.27 2146.19 2207.26 2263.72 2287.95 2316.90 2347.68 2345.25 2337.11
2332.92 2341.76 2350.82 2360.40 2338.88 2318.19 2298.64 2329.49 2356.14 2380.38 2399.28 2416.43 2430.67 2407.06 2388.71 2377.03 2280.84 2159.56 1990.07 1952.42 1914.04 1880.27 1819.45 1750.74
1674.55 1410.83 1329.42 1626.50 1975.19 2214.64 2378.45 2353.01 2318.37 2282.59 2295.92 2311.79 2329.56 2294.26 2262.11 2236.30 2206.04 2171.43 2121.41 2096.92 2076.71 2063.53 2110.08 2166.05
2227.82 2225.88 2224.15 2222.68 2227.58 2232.93 2239.44 2260.88 2269.02 2269.57 2320.02 2365.83 2407.72 2292.11 2171.05 2039.49 1956.04 1857.37 1725.03 1533.74 1281.86 1375.85 1328.79 1370.85
1473.20 1532.97 1680.53 1826.62 1888.34 1952.51 2018.87 1885.99 1724.99 1533.19 1341.20 1736.32 1957.38 1992.12 2030.14 2072.49 2054.92 2038.48 2018.60 1908.06 1788.82 1633.09 1615.60 1568.80
1500.72 1312.41 1167.26 1339.82 1618.73 1810.78 1963.27 1962.52 1954.80 1941.15 1876.35 1815.47 1758.82 1614.68 1455.02 1286.66 1464.25 1616.58 1741.05 1678.41 1613.70 1562.65 1660.55 1725.70
1773.80 1651.78 1495.36 1282.76 1546.99 1743.28 1898.50 1904.18 1897.84 1882.63 1854.89 1930.72 2028.29 2087.33 2165.96 2251.42 2213.21 2172.29 2119.74 2110.66 2100.20 2090.38 2058.81 2024.90
1992.40 1993.45 1999.48 2012.88 2003.19 2009.24 2029.00 1995.88 1991.96 2016.19 2030.67 2159.68 2288.85 2282.84 2288.47 2304.88 2254.23 2188.48 2099.05 2149.87 2199.35 2246.01 2277.53 2310.80
2341.93 2291.83 2239.13 2183.98 2195.87 2207.80 2220.87 2217.06 2205.58 2191.01 2154.31 2120.74 2089.11 1979.10 1876.65 1793.80 1724.09 1685.71 1702.60 1739.81 1770.73 1806.26 1781.87 1756.51
1729.66 1725.53 1722.42 1720.46 1758.61 1798.42 1836.40 1817.57 1789.44 1757.00 1853.64 2029.64 2176.93 2215.57 2255.71 2298.29 2236.54 2165.54 2069.88 2087.22 2099.35 2111.72 2060.59 2004.77
1944.45 1953.50 1963.08 1972.90 1960.06 1954.94 1958.50 1928.71 1898.01 1867.14 1989.65 2079.88 2146.07 2123.68 2108.18 2100.49 2053.97 2010.22 1974.22 1958.67 1942.93 1924.34 1700.81 1630.58
1901.90 2143.59 2361.93 2555.69 2653.66 2751.30 2849.63 2827.60 2792.97 2751.29 2771.35 2790.17 2800.12 2809.80 2820.82 2831.56 2807.28 2786.53 2769.47 2764.67 2760.38 2756.93 2717.87 2664.19
2610.34 2551.89 2487.70 2418.94 2431.97 2430.01 2428.67 2487.65 2538.69 2583.00 2553.79 2526.38 2501.25 2417.73 2338.85 2266.18 2230.51 2195.88 2155.02 2156.32 2158.53 2160.75 2161.18 2162.95
2165.10 2143.18 2120.29 2096.17 2052.36 2010.74 1974.64 1959.15 1964.51 1984.04 1846.37 1775.53 1762.97 1662.85 1704.26 1825.85 1839.53 1857.88 1870.00 1837.04 1780.11 1722.34 1700.63 1671.50
1620.21 1597.41 1575.28 1553.13 1505.91 1410.71 1304.46 1380.72 1436.19 1473.94 1896.92 2144.48 2324.15 2326.48 2325.18 2328.95 2255.68 2169.38 2058.03 2015.28 1969.37 1922.49 1856.83 1782.35
1698.12 1677.86 1656.57 1636.13 1569.09 1534.38 1556.09 1378.13 1314.18 1434.91 1544.15 1662.50 1760.90 1828.10 1930.37 2040.83 2062.01 2086.61 2107.08 2092.20 2076.19 2058.37 2057.96 2064.04
2076.09 2083.38 2090.71 2098.09 2092.20 2090.17 2092.92 2099.06 2097.16 2086.14 2187.36 2291.04 2378.02 2363.14 2354.43 2352.60 2318.38 2279.12 2229.32 2259.82 2289.74 2319.47 2296.55 2272.62
2247.79 2263.09 2277.70 2292.63 2276.93 2261.31 2243.74 2170.50 2088.01 1999.26 1809.18 1650.86 1635.94 1468.24 2007.61 2349.10 2522.82 2688.15 2845.98 2837.33 2826.52 2817.73 2837.06 2856.85
2874.21 2864.36 2854.37 2845.00 2844.39 2844.01 2842.87 2853.41 2847.77 2835.80 2803.52 2773.82 2745.62 2735.72 2732.75 2736.02 2696.81 2656.64 2607.97 2530.88 2450.49 2372.73 2335.42 2295.01
2256.77 2269.15 2282.57 2295.82 2231.80 2159.64 2078.00 2019.27 1942.56 1850.78 1727.44 1623.01 1555.91 1660.26 1719.55 1768.50 1719.62 1754.98 1859.07 1735.20 1586.06 1446.58 1478.68 1526.35
1584.84 1561.35 1536.97 1513.38 1439.43 1424.69 1458.92 1618.26 1727.91 1801.45 1751.72 1764.92 1813.61 1853.81 1938.71 2055.23 2085.17 2148.03 2228.72 2210.41 2190.81 2169.42 2121.15 2083.80
2059.10 2053.10 2049.50 2047.45 2107.03 2164.37 2218.95 2260.26 2295.30 2326.98 2267.79 2207.97 2148.18 2160.85 2173.97 2187.76 2172.59 2157.08 2141.08 2130.97 2129.67 2136.37 2179.93 2222.13
2264.02 2211.20 2160.82 2109.83 1995.77 1865.56 1726.41 1817.24 1890.97 1949.53 1889.46 1823.53 1707.22 1748.20 1793.61 1839.13 1676.65 1582.31 1701.04 1598.65 1614.66 1745.18 1807.52 1871.95
1935.45 1849.98 1835.29 1908.10 1938.20 1968.22 1992.96 1976.99 1984.12 2008.80 2065.14 2124.96 2182.63 2206.48 2234.17 2264.23 2166.00 2047.27 1887.08 1823.52 1751.37 1670.36 1773.77 1880.28
1983.76 1982.98 1988.37 2000.16 1937.74 1908.17 1924.31 1842.29 1760.91 1686.78 1774.33 1839.44 1889.10 1901.69 1925.96 1956.98 1787.98 1608.92 1592.42 1374.18 1224.28 1437.30 1438.69 1437.30
1469.32 1477.57 1509.89 1559.42 1545.91 1533.98 1526.67 1542.30 1546.49 1537.49 1344.33 1239.61 1304.44 1262.86 1260.12 1356.36 1509.40 1642.12 1753.57 1873.20 1984.26 2087.55 2027.94 1946.25
1848.77 1760.05 1758.00 1851.97 1862.34 1837.25 1776.38 1611.97 1591.04 1712.61 1845.75 1943.62 2053.37 2020.13 2001.22 1995.66 1998.56 2003.47 1995.15 1988.08 1984.26 1985.01 1891.89 1806.37
1751.93 1778.37 1803.12 1831.70 1915.32 1998.31 2078.34 2018.28 1948.55 1866.69 1885.16 1924.64 1978.95 1924.54 1902.67 1917.96 1898.66 1877.68 1853.26 1878.57 1916.42 1965.63 1912.64 1858.61
1808.63 1789.18 1787.36 1806.50 1793.89 1784.71 1780.69 1866.23 1938.38 1992.77 1916.87 1913.22 1969.94 2057.05 2139.34 2222.44 2199.58 2174.60 2142.72 2158.80 2175.35 2192.20 2122.41 2046.19
1960.71 2040.40 2112.80 2180.25 2130.36 2080.80 2033.62 2089.29 2132.39 2166.20 2253.60 2337.13 2408.20 2415.51 2430.45 2444.47 2389.42 2327.88 2250.83 2179.27 2097.76 2004.31 1880.03 1760.03
1658.28 1766.31 1841.71 1910.33 1851.29 1824.95 1842.83 1726.67 1601.63 1500.29 1653.03 2044.02 2309.24 2369.36 2438.19 2488.71 2407.14 2307.48 2176.81 2103.11 2018.25 1922.21 1895.84 1886.67
1901.39 1929.75 1964.82 2006.55 1924.74 1832.07 1722.42 1644.21 1670.97 1714.88 1910.74 2068.86 2189.80 2160.18 2131.04 2106.68 2126.75 2157.31 2191.86 2136.58 2076.51 2015.15 2010.15 1985.80
1953.43 2018.16 2089.88 2162.81 2134.15 2110.88 2096.15 2089.05 2073.62 2050.58 2016.36 1988.08 1960.58 1885.28 1808.69 1737.15 1750.69 1826.02 1932.05 1851.26 1765.12 1679.28 1395.55 1324.39
