2393.81 2429.19 2463.72 2498.60 2549.11 2600.00 2650.20 2690.73 2727.69 2759.14 2736.13 2712.89 2692.19 2679.11 2660.13 2643.76 2605.13 2518.60 2410.50 2366.83 2322.40 2261.03 2211.28 2158.94
2104.96 2129.72 2157.62 2187.77 2207.24 2226.26 2236.67 2179.71 2130.79 2103.81 2062.05 2019.72 1979.25 1943.83 1907.83 1873.77 1867.39 1970.92 2113.29 2067.06 1995.64 1917.42 1935.06 1962.56
1997.51 2024.98 2052.32 2077.52 2077.62 2114.62 2180.76 2147.74 2100.27 2049.52 2088.55 2163.42 2227.07 2264.95 2305.62 2333.59 2238.70 2132.92 2008.89 2089.05 2161.44 2226.37 2199.00 2171.49
2148.50 2179.05 2211.72 2188.07 2236.21 2277.88 2299.90 2317.20 2309.26 2294.04 2291.54 2285.60 2280.15 2214.92 2141.02 2077.14 1873.34 1566.92 1286.22 1355.35 1516.18 1856.29 1983.90 2100.48
2206.41 2205.44 2214.95 2231.78 2224.84 2217.63 2211.23 2186.53 2157.66 2120.03 2043.43 1982.77 1943.89 1961.88 1986.53 2016.70 2093.17 2176.90 2259.81 2248.79 2238.08 2230.23 2243.01 2258.81
2280.11 2279.50 2285.70 2296.13 2299.59 2305.40 2311.07 2342.70 2369.61 2383.59 2412.09 2433.03 2449.85 2466.63 2479.58 2487.93 2421.08 2344.94 2250.12 2290.30 2332.38 2374.31 2350.43 2335.17
2326.76 2336.42 2349.94 2365.22 2328.41 2292.29 2258.18 2249.66 2237.74 2219.79 2143.80 2107.60 2113.64 2090.03 2071.81 2062.69 2071.80 2089.60 2110.70 2134.29 2161.14 2193.48 2204.77 2218.27
2234.82 2246.93 2259.82 2272.10 2244.47 2221.90 2207.07 2152.95 2089.56 2013.94 1928.28 2004.27 2082.90 2125.76 2216.95 2327.74 2297.83 2264.05 2222.36 2239.82 2263.21 2283.24 2276.91 2270.03
2262.30 2243.23 2222.95 2202.53 2159.41 2114.80 2068.72 2030.97 1999.59 1969.99 1827.86 1841.90 1965.52 1959.78 1984.59 2033.04 2073.50 2116.36 2144.87 2010.79 1856.18 1684.27 1708.34 1746.78
1792.67 1879.28 1992.46 2105.37 2054.92 2011.28 1975.81 2028.87 2077.36 2115.36 2190.84 2250.80 2300.64 2364.48 2424.84 2482.24 2473.52 2466.65 2455.43 2422.82 2352.44 2276.34 2242.11 2207.06
2170.61 2148.13 2123.69 2099.47 2193.13 2278.40 2357.26 2396.89 2433.81 2464.27 2455.78 2447.59 2445.58 2449.99 2453.09 2449.90 2417.01 2383.53 2346.73 2343.41 2361.27 2317.67 2273.20 2224.65
2131.68 2031.75 2038.79 2040.92 2034.18 2260.89 2502.47 2599.75 2690.62 2770.19 2771.48 2768.71 2774.66 2744.80 2718.25 2694.68 2614.12 2525.76 2423.98 2376.07 2352.53 2361.91 2300.11 2233.96
2164.27 2164.49 2163.55 2161.85 2117.71 2069.39 2022.40 2025.21 2031.94 2035.81 2086.89 2131.11 2171.18 2105.97 2042.66 1982.06 2095.12 2116.14 2144.23 2135.08 2104.75 1984.99 1977.75 1986.25
1950.40 1907.71 1861.83 1813.96 1771.97 1722.61 1693.60 1615.40 1676.80 1822.51 1775.11 1727.29 1685.73 1585.65 1500.14 1456.04 1144.83 1614.27 1906.24 1907.18 1916.29 1936.36 1988.96 2041.62
2092.89 2093.83 2107.77 2136.30 2114.66 2105.72 2107.55 2079.39 2058.57 2039.71 2114.39 2173.42 2220.73 2175.90 2145.30 2137.33 2130.04 2131.32 2139.67 2152.08 2171.10 2196.23 2196.91 2196.90
2199.71 2197.84 2200.43 2207.71 2213.03 2217.71 2216.73 2227.40 2226.77 2217.97 2273.10 2335.34 2394.66 2380.43 2372.26 2371.76 2311.97 2249.06 2183.06 2209.03 2236.46 2252.32 2251.54 2256.11
2267.40 2236.23 2227.04 2245.10 2234.23 2236.82 2254.59 2211.91 2130.86 2045.40 2009.00 2027.46 2082.09 1921.79 1770.29 1690.27 1347.26 1475.16 1621.86 1686.16 1787.37 1900.55 1946.35 2012.56
2088.41 2130.71 2172.66 2212.19 2252.18 2292.81 2331.68 2396.22 2454.13 2497.40 2502.59 2520.35 2542.65 2538.35 2537.77 2539.73 2449.61 2345.85 2221.72 2177.25 2131.13 2079.98 2058.09 2133.26
2264.93 2514.71 2813.32 3045.86 3026.51 3004.43 2979.48 2984.96 2991.74 2997.55 3016.24 3034.63 3050.61 3002.39 2962.37 2934.33 2799.69 2642.51 2453.22 2395.30 2338.34 2283.47 2256.80 2234.64
2217.49 2151.93 2091.94 2047.01 1647.48 1470.67 1957.83 1916.72 1858.12 1806.53 1792.29 1911.08 2046.19 2105.75 2221.04 2350.05 2317.73 2294.39 2281.81 2303.55 2325.17 2340.24 2344.46 2349.30
2351.14 2350.65 2345.02 2339.01 2393.08 2446.84 2500.34 2568.58 2626.33 2671.21 2707.83 2736.06 2748.44 2747.83 2748.30 2752.11 2724.30 2696.39 2665.97 2699.79 2730.44 2757.98 2763.84 2759.37
2752.95 2736.84 2712.56 2676.90 2616.68 2558.48 2503.79 2482.44 2457.66 2425.81 2323.60 2245.40 2202.97 2004.17 2021.22 1819.23 1854.15 2160.15 2449.33 2645.94 2804.69 2814.27 2798.28 2779.72
2763.30 2637.22 2492.19 2322.70 2345.04 2367.05 2391.08 2357.04 2338.23 2332.25 2375.42 2422.49 2467.34 2363.39 2255.67 2146.87 1999.87 1834.27 1696.70 1867.29 1806.84 1840.13 1922.41 2083.67
2251.46 2249.10 2248.33 2245.82 2223.57 2201.05 2184.32 2033.61 1942.83 1961.82 1937.13 1890.42 1862.12 1992.02 2123.61 2244.86 2235.66 2231.84 2235.19 2249.67 2276.97 2317.21 2318.95 2319.53
2320.12 2298.06 2278.27 2262.36 2125.15 2087.03 2181.98 2060.00 1913.82 1729.02 1740.22 1780.41 1833.12 1698.49 1594.23 1585.90 1795.91 1982.97 2060.73 2035.20 2040.83 2076.02 2061.48 2045.15
2031.77 2052.41 2067.84 2090.55 1975.43 1877.18 1843.13 1647.28 1377.46 1236.45 1158.64 1471.99 1746.55 1514.92 1191.23 1224.44 1099.70 1428.34 1665.11 1805.66 1951.16 2055.41 1848.44 1615.46
1590.08 1586.99 1611.33 1661.96 1914.59 2113.17 2280.12 2283.68 2285.84 2281.40 2216.92 2125.93 2037.04 2064.78 2093.08 2103.97 1959.21 1825.44 1799.45 1894.55 2061.23 2234.32 2264.31 2294.70
2324.97 2324.36 2324.75 2325.05 2325.04 2330.89 2347.91 2196.17 2091.27 2080.65 1785.86 1987.17 2285.94 2495.55 2693.44 2874.47 2872.28 2869.38 2811.45 2725.81 2630.37 2520.11 2446.53 2364.75
2275.86 2274.17 2272.62 2275.48 2207.80 2171.52 2178.74 1985.04 1789.52 1544.31 1623.22 1746.93 1862.71 1891.31 1923.85 1958.15 1985.60 2016.66 2047.17 2086.74 2126.72 2166.51 2165.37 2166.31
2169.92 2079.04 2036.70 2069.00 1999.22 1970.40 2001.76 1941.80 1876.16 1797.70 1988.85 2133.05 2244.90 2334.24 2417.36 2498.47 2417.81 2329.78 2237.74 2278.61 2321.51 2363.15 2347.57 2330.04
2311.00 2297.55 2283.00 2266.69 2273.84 2280.89 2287.74 2347.22 2398.71 2434.72 2453.75 2470.56 2485.29 2420.10 2339.18 2259.78 2212.31 2165.96 2123.70 2147.68 2183.96 2231.84 2222.43 2226.02
2219.61 2185.12 2154.93 2128.10 2105.31 2085.20 2070.32 2033.97 1956.21 1862.45 1971.35 2065.00 2102.63 2124.94 2150.34 2180.10 2151.37 2122.25 2092.00 2110.39 2123.91 2136.35 2129.52 2127.60
2130.08 2121.69 2113.08 2104.01 2099.23 2095.61 2091.35 2079.11 2064.37 2042.82 2124.57 2193.55 2241.12 2265.99 2261.37 2245.81 2205.27 2168.23 2140.51 2173.88 2208.69 2243.04 2311.89 2378.41
2442.29 2402.26 2360.67 2318.09 2307.59 2297.51 2289.87 2315.95 2335.74 2346.93 2361.32 2380.81 2403.64 2377.83 2354.44 2334.69 2290.50 2240.34 2186.38 2178.40 2170.29 2161.76 2162.66 2165.14
2169.90 2173.49 2178.30 2183.35 2174.73 2166.82 2161.08 2162.78 2167.04 2169.88 2135.66 2109.47 2092.33 1972.85 1848.39 1718.95 1651.60 1678.08 1806.12 1902.73 1995.48 2094.67 2086.78 2093.14
2114.60 2122.06 2123.57 2125.84 2121.06 2121.93 2130.38 2104.34 2073.14 2031.56 2075.92 2116.75 2154.69 2181.17 2198.64 2224.61 2146.24 2054.45 1936.58 1940.43 1951.41 1960.01 1978.51 1987.86
1998.79 2009.31 2021.23 2030.94 2011.79 1996.53 1985.72 1976.09 1963.18 1941.07 2009.82 2089.87 2174.60 2158.75 2150.68 2151.56 2079.37 1994.76 1899.48 1902.03 1939.83 2007.82 2070.53 2111.10
2137.12 2169.45 2217.67 2275.23 2348.12 2397.66 2537.03 2493.25 2400.67 2410.95 2399.88 2403.12 2420.32 2507.18 2606.47 2714.51 2682.55 2632.73 2580.76 2593.64 2609.20 2629.81 2579.57 2497.61
2405.60 2452.09 2502.10 2554.20 2495.11 2431.63 2363.34 2397.15 2429.42 2454.62 2368.66 2281.16 2203.03 2212.39 2236.46 2272.54 2285.55 2299.21 2307.40 2182.51 2032.92 1874.46 1963.13 2028.11
2088.18 2100.27 2113.62 2127.04 2156.05 2163.98 2174.28 2221.81 2264.28 2301.64 2296.34 2224.54 2156.18 2145.27 2136.16 2129.74 2210.33 2285.31 2356.96 2282.95 2205.19 2122.82 2202.54 2286.40
2368.78 2354.81 2341.34 2328.08 2276.37 2211.65 2147.13 2193.90 2226.56 2254.92 2188.94 2132.70 2077.06 2084.65 2107.30 2146.04 2139.72 2136.61 2142.99 2160.79 2181.46 2141.50 2152.89 2166.52
2181.25 2124.28 2062.33 1994.49 2059.49 2124.85 2190.68 2260.46 2321.15 2372.46 2370.94 2385.21 2419.28 2365.58 2315.88 2270.49 2163.63 2178.65 2306.05 2299.71 2295.71 2298.56 2260.30 2317.64
2442.10 2423.49 2534.65 2645.35 2561.38 2465.65 2353.56 2309.85 2256.82 2194.86 2163.04 2152.36 2160.79 2022.49 1871.28 1703.86 1397.96 1259.66 1494.21 1467.49 1734.28 1963.68 2029.62 2112.24
2202.30 2202.36 2204.36 2207.70 2225.61 2248.41 2275.07 2302.17 2325.91 2343.44 2424.50 2487.96 2534.59 2535.60 2538.53 2545.77 2538.84 2535.47 2541.10 2565.87 2589.72 2611.87 2612.37 2620.22
2634.95 2619.09 2604.68 2596.68 2621.16 2645.81 2671.62 2656.81 2634.93 2606.71 2548.60 2500.04 2451.46 2375.40 2303.24 2234.80 2174.09 2104.10 2029.66 1969.76 1950.42 2041.96 2006.04 1988.55
1994.18 1736.18 1541.14 1786.38 1726.54 1814.06 1912.59 1780.76 1647.65 1687.13 1862.57 1982.37 2069.71 2038.77 2056.71 2118.02 2014.40 2015.23 2165.99 2293.90 2415.10 2536.17 2484.34 2424.90
2356.42 2375.61 2396.69 2420.61 2395.84 2370.72 2346.48 2274.27 2203.40 2102.45 1891.14 1854.94 1834.73 1888.24 1950.58 2015.82 2066.77 2114.35 2087.16 2112.63 2150.04 2198.91 2157.92 2144.48
2134.96 1793.79 1718.87 1363.13 1607.66 1959.67 2206.77 2245.75 2263.33 2275.49 2377.11 2461.94 2536.04 2456.87 2392.95 2356.07 2316.97 2277.54 2229.94 2226.21 2217.96 2209.32 2254.93 2305.48
2360.25 2364.13 2363.13 2346.31 2380.41 2394.33 2411.74 2521.19 2609.54 2684.03 2631.30 2581.11 2536.94 2498.98 2468.26 2446.66 2471.16 2496.29 2524.34 2461.77 2392.83 2322.83 2279.04 2231.77
2181.26 2225.23 2269.30 2312.82 2333.11 2361.35 2395.89 2364.95 2331.80 2297.35 2262.23 2226.44 2192.35 2074.89 1957.65 1854.92 1926.06 1931.92 1924.73 1734.54 1470.04 1282.49 1469.44 1430.07
1422.65 1397.77 1467.74 1654.96 1836.98 2002.51 2149.30 2165.48 2183.01 2201.97 2129.45 2058.57 1991.40 1982.96 1987.22 2000.61 1808.70 1757.42 1945.21 2054.29 2178.22 2295.65 2288.28 2280.79
2273.94 2256.00 2247.40 2246.20 2213.69 2179.06 2142.33 2142.55 2137.27 2131.82 2268.06 2384.72 2479.71 2517.39 2555.30 2589.13 2563.33 2537.86 2515.19 2468.98 2401.47 2315.88 2304.65 2241.14
2154.98 2149.74 2150.26 2153.74 2238.55 2242.08 2209.45 1945.62 1715.17 1784.36 1778.76 1852.83 1944.38 2038.98 2126.00 2199.64 2260.63 2297.10 2334.76 2267.53 2189.74 2106.86 2116.01 2121.94
2127.59 2162.41 2219.67 2287.60 2197.47 2212.17 2313.02 2421.16 2575.72 2730.09 2750.73 2771.00 2793.75 2783.90 2776.76 2772.75 2724.45 2677.56 2640.20 2544.35 2426.68 2304.44 2288.61 2273.14
2261.74 2215.53 2164.98 2111.17 2026.90 1928.40 1812.98 1726.86 1630.04 1531.22 1611.71 1925.93 2143.12 2066.36 1942.35 1829.46 1902.42 1973.48 2048.43 2100.10 2149.63 2199.61 2190.46 2184.28
2182.56 2223.11 2261.59 2284.67 2251.61 2216.21 2179.43 2176.97 2185.47 2181.08 2341.35 2467.23 2568.09 2549.39 2533.20 2519.32 2436.60 2342.99 2242.50 2262.11 2277.75 2294.04 2279.94 2266.66
2254.39 2246.55 2243.62 2246.52 2219.04 2193.91 2173.49 2141.02 2100.76 2053.89 2050.66 2046.62 2048.37 2114.93 2189.64 2228.50 2234.56 2244.47 2263.42 2249.08 2223.51 2189.47 2191.35 2204.21
2225.48 2206.15 2187.19 2169.82 2154.46 2137.81 2122.07 2062.67 2031.32 1992.28 1830.50 1666.72 1530.03 1555.37 1573.54 1672.67 1644.80 1563.99 1477.69 1663.17 1965.40 2215.88 2259.59 2304.95
2354.26 2372.29 2400.96 2441.25 2484.70 2532.92 2583.05 2536.94 2484.12 2432.47 2307.02 2173.32 2029.25 2028.86 2118.15 2221.70 2142.49 2063.32 2000.52 1936.58 1863.27 1789.35 1890.22 2009.28
2125.70 2186.93 2177.18 2162.03 2182.25 2201.47 2224.14 2163.34 2107.50 2064.62 1851.32 1592.10 1238.98 1573.19 1745.78 1842.02 1797.20 1765.31 1691.10 1841.98 1986.19 2144.12 2181.04 2216.22
2251.90 2277.49 2306.89 2333.99 2337.21 2342.28 2332.53 2302.54 2240.52 2176.86 2026.43 1860.51 1680.79 1726.38 1796.52 1871.45 2053.26 2224.81 2367.13 2385.79 2411.40 2443.28 2393.24 2342.37
2290.74 2288.56 2317.08 2370.59 2510.08 2641.18 2765.90 2797.27 2822.49 2848.64 2880.07 2905.70 2931.48 2937.53 2936.50 2934.40 2922.27 2909.66 2900.22 2854.52 2801.46 2744.82 2764.03 2789.48
2820.90 2823.23 2826.54 2827.83 2837.11 2848.45 2840.69 2797.25 2753.30 2715.92 2706.19 2695.21 2685.12 2650.02 2625.82 2608.39 2596.27 2585.86 2572.46 2480.87 2360.97 2216.61 2162.55 2104.14
2040.05 2022.22 2011.16 2013.56 1946.55 1948.56 2019.10 2037.71 2045.06 2048.15 2094.34 2152.16 2214.19 2085.40 2027.77 2072.72 2083.66 2080.01 2114.30 2052.59 1978.13 1897.04 1537.20 1359.19
1803.34 1541.37 1404.78 1685.16 1739.12 1869.82 2008.89 2063.98 2101.60 2129.77 2306.45 2445.02 2559.71 2566.74 2576.65 2593.87 2588.46 2579.11 2575.07 2528.46 2468.20 2399.65 2386.08 2378.90
2378.28 2380.58 2383.75 2387.04 2377.51 2365.53 2354.86 2423.01 2477.79 2524.68 2412.31 2299.39 2188.13 2193.65 2217.94 2252.26 2227.47 2203.67 2182.27 2255.06 2298.07 2344.24 2372.87 2408.36
2451.77 2460.29 2469.18 2453.30 2396.91 2337.85 2263.45 2041.69 1723.05 1242.15 1340.61 1410.92 1468.49 1491.28 1742.51 1951.77 1994.59 2027.76 2037.40 2077.33 2111.85 2147.73 2191.71 2248.37
2313.83 2250.46 2149.04 2037.65 2194.54 2262.83 2308.17 2350.32 2485.57 2647.46 2631.18 2616.87 2603.16 2515.46 2420.97 2324.71 2199.09 2042.48 1836.62 1676.89 1566.26 1675.33 1782.69 1911.73
2040.49 2051.96 2040.82 2062.83 2070.71 2116.87 2210.12 2184.80 2160.39 2149.34 2255.88 2350.12 2423.48 2445.49 2429.45 2426.33 2432.78 2446.91 2472.11 2366.61 2237.72 2081.11 2125.56 2171.10
2217.85 2220.94 2225.91 2231.81 2205.91 2180.17 2153.99 2188.89 2219.96 2250.67 2231.69 2218.12 2213.64 2220.28 2234.77 2258.35 2280.21 2297.79 2304.33 2266.03 2194.15 2120.14 2130.09 2148.91
2176.31 2140.41 2107.08 2077.35 2095.92 2114.74 2136.41 2230.89 2306.63 2369.17 2338.02 2327.59 2333.42 2412.73 2474.93 2520.32 2535.28 2551.95 2570.72 2627.64 2677.35 2727.64 2768.49 2795.46
2769.51 2682.45 2600.22 2531.44 2551.42 2652.56 2708.27 2659.94 2609.19 2558.51 2615.88 2667.01 2716.66 2710.02 2720.94 2747.37 2693.69 2637.64 2581.20 2521.31 2447.05 2358.75 2394.29 2437.28
2487.15 2483.42 2498.03 2531.09 2548.45 2484.76 2415.77 2337.65 2259.88 2195.53 2288.47 2401.59 2516.46 2451.16 2385.67 2320.91 2263.62 2206.03 2152.93 2191.84 2219.98 2243.59 2254.86 2266.92
2279.60 2299.48 2332.47 2375.58 2347.79 2315.59 2284.65 2286.92 2278.26 2266.68 2299.53 2336.50 2377.19 2323.52 2272.36 2226.16 2198.42 2177.93 2167.66 2155.88 2135.33 2095.71 2074.23 2030.88
1988.34 2016.38 2064.02 2129.39 2155.64 2180.62 2207.36 1988.71 1697.40 1241.54 1429.60 1646.67 1801.74 1779.96 1777.01 1787.67 1815.61 1844.47 1857.68 1880.66 1876.21 1870.49 1845.98 1820.57
1794.88 1701.86 1620.93 1584.66 1591.14 1645.61 1730.09 1615.18 1443.84 1182.63 1562.14 1805.77 1956.67 1876.88 1778.14 1673.87 1815.86 1943.28 2060.23 2051.95 2032.07 2008.31 2042.46 2077.11
2113.96 2017.96 1910.38 1788.45 1719.62 1593.46 1451.31 1377.40 1318.64 1283.87 1212.01 1345.33 1480.60 1691.57 1853.77 1991.96 2037.10 2085.79 2142.02 2137.97 2133.84 2139.96 2098.38 2072.75
2069.95 2054.90 2040.78 2024.71 1953.76 1886.88 1828.90 1799.32 1777.30 1767.50 2003.81 2171.59 2302.27 2291.80 2284.98 2284.31 2308.25 2335.68 2365.23 2288.28 2190.02 2072.89 2089.45 2108.71
2133.60 2116.97 2108.68 2109.28 1951.95 1727.42 1403.45 1300.43 1403.37 1542.28 1711.23 1835.95 1948.01 1982.02 2033.34 2078.80 2008.79 1931.79 1849.60 1807.06 1770.21 1758.13 1586.31 1703.41
1629.25 1315.74 1447.67 1743.64 1854.31 1954.91 2046.23 1993.49 1930.43 1862.75 1791.48 1714.48 1643.01 1503.46 1307.74 1074.86 1119.09 1220.44 1341.06 1644.06 1876.90 2068.18 2055.34 2043.84
2035.55 2093.40 2151.53 2208.21 2164.59 2118.71 2070.20 1987.85 1896.87 1798.21 1967.00 2088.91 2185.14 2233.91 2283.56 2330.59 2382.03 2438.82 2503.70 2479.45 2445.32 2403.48 2390.31 2382.21
2381.95 2371.65 2364.20 2360.02 2331.32 2301.30 2268.78 2305.22 2319.43 2328.12 2231.93 2154.53 2102.39 2077.25 2055.98 2040.75 2012.28 1986.97 1970.40 1952.86 1936.26 1931.12 1985.32 2036.64
2089.52 2099.81 2112.99 2128.84 2135.61 2120.23 2098.70 2163.45 2185.54 2188.28 2110.94 2049.63 2010.65 1880.99 1742.20 1592.07 1567.73 1546.00 1529.75 1224.69 1399.08 1647.34 1621.28 1676.41
1792.43 1937.71 2064.68 2179.80 2182.60 2176.95 2175.34 2257.10 2320.37 2371.77 2321.53 2273.03 2229.73 2237.80 2250.58 2267.65 2256.19 2250.47 2253.51 2234.96 2202.99 2163.97 2164.68 2164.76
2164.67 2153.33 2148.39 2151.25 2114.88 2078.94 2045.22 1981.20 1900.13 1781.94 1751.05 1721.97 1745.48 1802.52 1868.26 1936.10 2001.26 2071.05 2145.75 2165.70 2179.09 2193.03 2188.34 2191.87
2203.10 2200.75 2198.28 2196.79 2199.77 2197.87 2192.84 2274.57 2330.24 2377.58 2392.25 2404.33 2423.39 2413.41 2401.42 2385.65 2384.88 2386.35 2394.80 2382.85 2360.96 2336.04 2337.76 2340.81
2345.01 2308.22 2270.21 2228.78 2214.17 2198.99 2183.47 2274.52 2346.41 2406.41 2404.66 2399.00 2393.95 2364.51 2341.92 2324.88 2334.49 2346.13 2361.09 2354.36 2335.03 2312.19 2332.40 2349.34
2343.80 2295.44 2243.22 2184.65 2167.74 2154.91 2105.89 2258.81 2368.69 2453.24 2405.93 2360.33 2317.22 2221.08 2125.33 2029.79 2017.11 2008.86 2008.44 2107.39 2209.49 2319.53 2346.74 2385.41
2434.90 2346.31 2270.10 2225.81 1853.09 1843.86 2218.66 2496.79 2735.79 2941.03 2936.33 2932.84 2930.30 2899.81 2872.70 2848.12 2826.15 2801.61 2779.33 2718.19 2643.35 2560.44 2476.64 2385.01
2281.21 2319.10 2366.91 2423.83 2391.31 2357.99 2327.40 2346.76 2358.82 2369.72 2361.33 2352.08 2348.88 2355.66 2368.44 2388.79 2412.88 2428.66 2453.98 2375.38 2277.54 2162.32 2146.08 2127.62
2103.46 2051.43 1994.67 1934.46 1893.92 1839.64 1773.41 1562.98 1187.82 1149.87 1424.92 1603.15 1701.85 1635.92 1681.17 1796.80 1892.55 1984.48 2073.66 2108.13 2146.00 2195.53 2228.96 2263.97
2297.43 2302.45 2311.32 2322.64 2296.95 2279.52 2272.50 2262.95 2251.44 2242.98 2193.15 2182.24 2194.62 2227.30 2260.17 2295.84 2307.05 2335.86 2384.52 2376.88 2351.07 2320.46 2302.67 2289.50
2281.13 2283.69 2285.87 2288.33 2266.50 2244.60 2222.38 2268.05 2300.98 2330.05 2386.66 2436.41 2475.05 2480.89 2472.98 2459.29 2451.14 2450.09 2457.18 2486.39 2507.51 2530.24 2542.91 2576.49
2629.44 2579.27 2527.95 2477.34 2379.02 2278.42 2147.01 2136.85 2122.80 2126.23 2037.49 2028.11 2073.87 1977.38 1884.18 1803.51 1778.89 1786.20 1800.24 1872.91 1963.66 2071.68 2041.30 2015.96
2001.63 1992.60 1987.47 1988.93 2025.46 2060.68 2097.22 2024.58 1937.42 1846.64 1896.48 1959.06 2006.37 2040.17 2074.76 2112.86 2121.03 2131.91 2146.93 2157.15 2162.09 2173.41 2115.78 2055.37
1989.47 2040.81 2088.53 2109.46 1983.63 1836.71 1663.30 1782.20 1665.66 1460.81 1764.92 1947.54 2059.44 2004.38 1956.00 1919.30 1982.84 2045.18 2108.87 2114.40 2113.31 2083.88 2047.95 2020.88
2006.49 1978.76 1950.15 1923.42 1850.94 1771.05 1688.11 1607.72 1545.17 1507.02 1334.65 1470.40 1514.75 1453.56 1476.62 1572.30 1609.33 1676.23 1759.39 1744.95 1728.59 1727.55 1800.91 1875.63
1952.63 1729.45 1442.20 1526.10 1714.37 1907.80 2063.79 1989.02 1916.85 1846.15 1814.61 1840.43 1899.06 1886.06 1877.10 1877.43 1761.81 1617.38 1413.26 1455.41 1655.20 1769.10 1614.92 1426.25
1347.05 1517.93 1655.97 1776.90 1839.89 1902.03 1964.56 1857.36 1752.86 1658.39 1824.57 1945.12 2039.50 2076.54 2113.11 2154.13 2159.86 2167.04 2177.86 2209.55 2230.02 2243.04 2270.55 2299.53
2330.64 2314.56 2298.03 2281.64 2269.75 2259.00 2244.59 2283.26 2309.63 2327.07 2311.62 2294.73 2277.24 2293.65 2309.65 2322.38 2287.38 2249.05 2209.62 2255.14 2284.94 2304.60 2230.02 2187.63
2201.97 2207.53 2177.75 2146.42 2120.16 2146.02 2221.59 2205.43 2207.75 2223.44 2288.84 2355.11 2424.42 2354.32 2285.74 2177.98 1955.74 1692.71 1644.47 1874.38 2078.78 2268.80 2245.22 2226.32
2214.37 2227.15 2240.78 2254.54 2258.15 2264.36 2273.78 2344.17 2396.88 2434.81 2485.89 2522.87 2560.22 2548.16 2538.59 2535.29 2567.19 2601.12 2636.11 2525.28 2393.23 2263.57 2261.81 2260.00
2258.40 2381.46 2491.10 2589.31 2627.23 2670.26 2717.22 2689.95 2643.59 2551.62 2463.51 2334.49 2378.63 2459.21 2534.96 2607.91 2607.88 2621.46 2649.82 2802.94 2885.38 2878.41 2793.99 2702.84
2604.36 2500.39 2394.12 2296.04 2262.57 2258.15 2285.76 2191.31 2091.00 1984.15 1979.40 1983.04 1994.90 1969.20 1984.80 2044.27 1993.84 1999.16 2066.18 2100.63 2165.45 2260.23 2282.09 2304.17
2324.64 2313.81 2306.30 2303.14 2301.59 2304.03 2302.95 2322.20 2345.57 2367.40 2391.41 2411.84 2430.11 2410.63 2392.02 2381.29 2365.99 2350.22 2339.00 2339.41 2324.82 2300.40 2344.44 2392.61
2443.40 2396.16 2344.13 2286.09 2286.76 2287.41 2286.06 2331.48 2367.46 2395.00 2413.14 2429.38 2445.12 2429.61 2398.67 2376.90 2387.44 2399.24 2411.76 2438.92 2455.75 2472.85 2440.40 2394.04
2360.33 2350.40 2336.45 2287.54 2260.31 2214.22 2147.83 2223.34 2286.28 2325.74 2255.10 2199.87 2160.70 2081.88 2003.92 1931.32 1942.19 1956.56 1975.41 1958.10 1929.22 1894.88 1959.70 2021.81
2085.80 2061.05 1987.23 1977.63 1897.14 1893.50 1979.76 2342.19 2597.74 2790.02 2742.51 2669.03 2587.15 2610.14 2634.42 2662.28 2594.39 2523.10 2451.93 2373.26 2270.52 2151.88 2206.33 2262.97
2311.37 2315.74 2307.97 2304.59 2310.25 2317.76 2326.72 2343.72 2375.79 2411.02 2408.03 2409.56 2414.78 2363.09 2312.29 2264.23 2177.37 2080.89 1974.92 1790.28 1576.30 1634.29 1341.79 1543.99
1897.27 1900.08 1904.61 1907.55 1910.72 1920.69 1939.34 1931.96 1926.96 1918.50 2001.61 2070.72 2124.91 2139.26 2157.08 2180.73 2175.41 2172.07 2171.10 2201.45 2221.71 2241.63 2244.63 2249.37
2254.93 2257.40 2261.80 2265.22 2249.48 2233.44 2215.96 2255.26 2286.96 2306.70 2342.95 2373.02 2395.95 2378.77 2346.30 2322.06 2302.88 2286.31 2276.49 2304.40 2320.83 2331.31 2337.04 2343.48
2351.69 2349.75 2321.71 2292.48 2245.02 2195.97 2115.29 2163.21 2176.80 2179.64 2013.09 1855.61 1741.54 1817.58 1885.34 1955.12 1995.01 2037.31 2080.43 2066.36 2038.25 2003.77 2054.49 2106.97
2162.91 2018.51 1847.16 1668.20 1680.70 1718.65 1770.28 1718.18 1728.34 1779.50 1760.38 1749.07 1748.55 1724.96 1712.61 1712.91 1849.41 1865.90 1918.49 1766.08 1545.36 1163.09 1458.20 1746.70
1961.50 1965.28 1932.88 1674.08 1407.90 1359.53 1641.97 1603.38 1670.98 1785.35 1577.14 1460.77 1508.59 1667.80 1768.44 1863.66 1903.16 1945.32 1988.80 1959.12 1924.35 1897.13 1913.69 1929.19
1951.94 1992.10 2031.29 2070.29 2047.17 2026.21 2008.99 2048.39 2038.64 2027.07 1919.21 1924.57 2004.84 2055.59 2108.45 2164.30 2107.68 2030.35 1943.18 1963.48 1972.59 1980.87 2002.08 2027.99
2056.55 2082.55 2122.69 2177.89 2143.64 2130.73 2148.37 2092.25 2039.06 1987.53 1964.77 1994.17 1985.15 2007.56 2037.30 2073.98 2049.26 2025.71 2009.49 2066.34 2120.93 2181.19 2180.20 2185.46
2197.46 2198.01 2199.13 2198.50 2186.27 2184.52 2190.14 2225.76 2253.88 2271.92 2298.35 2322.19 2342.83 2290.37 2177.09 2062.31 1912.93 1749.30 1639.54 1730.31 1880.78 2033.71 2030.45 2024.63
2015.96 2023.77 2030.49 2039.93 2040.03 2043.23 2047.52 2015.81 1993.25 1966.33 2022.73 2104.48 2186.46 2231.70 2275.88 2323.01 2335.36 2349.56 2367.00 2380.18 2383.04 2380.88 2412.86 2449.39
2488.65 2459.85 2429.21 2397.45 2352.07 2303.68 2250.59 2258.34 2262.38 2259.62 2212.42 2150.50 2096.63 2089.18 2112.12 2166.19 2127.03 2089.36 2052.43 2031.70 2005.46 1985.81 1997.98 2013.29
2031.16 2046.52 2064.25 2085.63 2094.60 2102.92 2108.01 2175.26 2251.84 2323.52 2356.67 2387.88 2425.61 2415.69 2398.83 2394.53 2364.50 2332.18 2298.45 2281.17 2255.07 2226.27 2238.47 2239.06
2205.19 2178.10 2106.77 2026.61 1989.10 1955.89 1929.37 1851.68 1773.50 1687.33 1410.27 1370.31 1570.71 1601.60 1694.37 1818.48 1939.49 2061.63 2185.25 2113.48 2029.63 1941.85 2007.88 2055.57
1932.06 1999.26 2064.61 2133.20 2144.11 2179.41 2182.87 1872.03 1713.62 1617.41 1692.10 1758.29 1801.05 1898.96 1986.91 2057.57 2101.08 2147.90 2200.17 2169.46 2121.46 2059.92 2045.38 2038.44
2043.94 2007.85 1993.28 2001.70 1990.41 1985.01 1984.31 1950.48 1921.88 1899.12 1896.74 1906.90 1924.68 1896.06 1912.85 1941.41 1930.85 1921.82 1917.12 1934.88 1999.74 2100.57 2001.69 1899.35
1812.90 1800.37 1787.01 1775.73 1816.16 1877.97 1951.07 2014.00 2068.83 2112.21 2041.98 1976.62 1910.70 1904.51 1927.27 1971.90 1931.09 1899.92 1887.06 1912.18 1929.08 1944.38 1952.85 1970.52
1998.90 2017.11 2037.39 2041.13 2026.36 2017.37 2010.32 2039.40 2087.17 2131.59 2178.44 2183.65 2186.79 2173.86 2167.53 2166.64 2186.54 2211.05 2243.07 2219.76 2179.67 2126.01 2184.24 2245.33
2308.76 2305.05 2304.57 2308.10 2254.69 2195.79 2128.29 2118.78 2106.48 2083.08 2072.04 2058.80 2019.90 2049.23 2058.28 2068.97 2097.93 2138.75 2191.27 2178.59 2150.87 2109.97 2098.66 2091.42
2086.63 2068.05 2048.41 2030.48 1987.91 1956.88 1939.35 1955.06 2002.11 2052.74 2130.82 2197.16 2230.12 2233.88 2245.31 2264.33 2330.15 2395.94 2463.57 2467.82 2458.03 2448.22 2465.30 2482.34
2498.73 2393.61 2286.24 2185.19 2112.15 2031.21 1940.94 1918.87 1897.27 1859.14 1990.18 2110.58 2213.81 2149.37 2090.37 2050.82 2022.68 1999.27 1985.52 2048.07 2054.70 2034.57 2022.53 1884.06
1717.92 1439.13 1596.11 1886.49 1716.69 1937.51 2207.76 2311.16 2414.30 2509.99 2534.74 2561.36 2590.43 2562.31 2531.78 2502.77 2502.09 2502.96 2505.02 2460.00 2398.58 2324.59 2365.58 2386.19
2400.71 2403.18 2406.31 2408.97 2415.51 2422.76 2426.57 2406.30 2384.67 2369.16 2338.78 2318.13 2309.56 2306.24 2305.98 2313.86 2273.96 2233.38 2194.38 2167.15 2075.59 2006.96 2019.82 2055.38
2073.84 2044.14 1987.90 1921.71 1989.07 2025.83 2060.76 2050.92 2055.46 2061.31 2001.85 1954.22 1868.52 1784.57 1763.33 1804.69 1825.00 1851.40 1883.21 1923.34 1997.87 1942.18 1930.66 1920.39
1916.33 1824.26 1728.34 1649.60 1718.43 1842.04 1965.65 1829.03 1673.11 1499.99 1294.83 1022.07 888.14 1261.13 1492.89 1663.66 1626.23 1579.05 1595.12 1570.38 1560.68 1586.23 1636.83 1700.81
1772.75 1836.38 1936.68 2048.66 2067.91 2088.20 2102.85 2010.16 1922.11 1832.27 1806.63 1799.89 1808.00 1805.08 1831.15 1880.04 1912.54 1950.42 1995.90 2008.02 2021.07 2044.03 2024.40 2009.04
2000.11 1959.75 1921.06 1886.96 1781.26 1665.22 1532.95 1578.30 1612.82 1632.74 1676.04 1727.69 1780.35 1593.74 1536.77 1677.19 1816.08 1940.88 2058.13 2060.21 2062.58 2075.10 2050.84 2037.01
2036.20 2022.54 2008.33 1995.10 1986.94 1988.79 1991.55 1919.26 1854.57 1768.00 1662.47 1578.50 1526.74 1504.36 1515.49 1558.65 1684.91 1808.41 1903.67 1961.96 2016.89 2076.08 2072.92 2073.26
2078.43 2073.24 2073.30 2078.16 2065.39 2052.43 2033.88 2068.02 2098.40 2119.00 2095.43 2070.87 2041.47 2007.23 1985.76 1976.69 2038.66 2109.24 2187.79 2179.64 2159.02 2127.85 2134.39 2141.31
2152.51 2191.09 2236.38 2285.83 2278.79 2273.16 2250.29 2290.99 2323.70 2344.32 2340.51 2336.86 2332.96 2325.69 2324.63 2312.60 2302.60 2293.84 2288.99 2320.79 2353.64 2390.56 2419.37 2452.43
2478.42 2469.76 2461.84 2455.07 2426.24 2395.86 2360.62 2406.38 2453.43 2485.39 2448.96 2398.62 2329.30 2262.77 2201.51 2146.79 2149.39 2096.83 2057.42 2073.62 2078.80 2081.52 2080.81 2080.30
2079.82 2062.79 2049.12 2041.19 1941.26 1865.24 1754.69 1653.11 1653.11 1713.47 1823.47 1930.29 2028.51 2040.31 2071.20 2106.53 2129.95 2148.28 2179.04 2166.13 2146.26 2122.53 2104.37 2085.50
2062.97 2069.26 2075.29 2082.62 2116.45 2151.71 2156.71 2195.47 2260.64 2325.68 2361.90 2419.11 2469.07 2459.82 2455.78 2456.81 2511.91 2568.99 2629.02 2586.67 2528.67 2452.11 2511.36 2574.65
2638.98 2562.37 2514.38 2508.28 2476.90 2412.65 2344.29 2343.56 2394.95 2472.16 2473.04 2478.14 2486.67 2473.07 2472.22 2481.87 2406.73 2332.15 2262.79 2234.50 2218.31 2227.27 2234.61 2242.77
2251.08 2246.02 2241.33 2234.42 2205.87 2179.18 2146.34 2081.10 2011.82 1940.37 1951.32 1971.17 1994.98 1986.27 1991.06 2008.44 2048.66 2094.76 2143.56 2132.42 2113.13 2086.76 2113.42 2140.36
2166.48 2197.69 2233.86 2273.42 2313.36 2352.39 2372.69 2374.76 2372.53 2358.89 2352.48 2346.91 2340.69 2354.94 2382.14 2419.30 2457.53 2489.97 2525.54 2532.29 2531.68 2524.94 2526.22 2530.92
2540.61 2528.87 2515.56 2500.65 2432.86 2351.13 2224.66 2267.12 2301.64 2323.85 2330.47 2335.96 2342.57 2349.45 2368.36 2398.09 2417.99 2421.64 2430.23 2405.80 2368.89 2319.85 2307.71 2295.66
2287.14 2238.85 2188.92 2137.63 2141.22 2144.49 2142.36 2187.69 2229.68 2261.23 2294.10 2326.63 2344.68 2321.71 2302.77 2291.03 2319.33 2355.77 2401.76 2379.45 2345.40 2277.17 2304.87 2316.29
2328.48 2278.70 2226.05 2171.83 2174.03 2176.73 2173.76 2189.17 2201.10 2204.39 2236.49 2264.94 2303.28 2275.37 2259.66 2271.74 2261.49 2255.65 2250.20 2262.30 2267.64 2267.67 2257.94 2253.57
2257.74 2263.98 2272.08 2282.86 2253.56 2223.94 2186.15 2172.56 2157.89 2137.41 2198.58 2255.73 2266.42 2242.58 2226.38 2217.82 2241.97 2273.98 2306.71 2311.06 2307.56 2292.14 2317.24 2340.92
2368.62 2356.69 2345.21 2332.82 2302.62 2268.19 2226.90 2278.71 2326.55 2368.07 2312.32 2265.23 2239.49 2159.30 2072.20 1971.91 1986.08 2012.62 2051.68 2045.79 2027.52 1992.05 2070.02 2143.07
2212.73 2182.02 2152.69 2125.19 2030.99 1935.73 1841.00 1905.48 1958.13 2018.98 1813.35 1540.15 1094.33 1321.53 1557.23 1583.73 1419.50 1250.83 1304.72 1615.83 1850.96 2020.85 2027.44 2032.29
2032.40 2008.21 1983.59 1958.54 1961.15 1969.34 1960.25 1958.60 1957.13 1946.78 1941.58 1936.99 1934.58 1934.43 1960.95 2007.74 2058.32 2118.55 2166.75 2135.44 2091.88 2038.37 2039.99 2041.05
2031.76 1961.89 1932.47 1953.26 1827.86 1743.23 1752.20 1747.64 1688.30 1619.63 1636.60 1687.79 1747.27 1747.81 1756.24 1770.46 1786.89 1807.03 1829.28 1877.42 1918.96 1952.34 1950.64 1951.39
1950.08 1936.57 1927.77 1925.46 1903.15 1881.33 1849.73 1781.20 1710.76 1630.96 1574.21 1596.59 1656.73 1610.44 1580.50 1572.33 1676.78 1786.42 1893.15 1900.92 1904.72 1871.70 1941.89 1979.42
2020.29 2006.74 1926.37 1650.44 1702.82 1716.25 1596.69 1451.04 1267.52 1046.63 882.69 1122.81 1289.42 1178.72 1327.74 1504.09 1669.22 1814.08 1943.24 1968.40 1974.25 1970.39 1964.17 1949.11
1917.72 1894.88 1860.58 1825.74 1815.13 1812.38 1813.30 1758.06 1751.01 1768.63 1717.63 1669.63 1625.04 1630.93 1672.07 1730.96 1710.93 1694.93 1682.21 1792.87 1896.36 1991.23 1976.19 1963.82
1955.27 1958.09 1985.63 2035.26 2009.28 1981.53 1943.10 1913.18 1891.98 1871.34 1778.74 1696.76 1630.13 1666.62 1766.59 1874.09 1918.96 1965.03 2011.48 2017.04 2012.90 1998.50 1970.87 1945.85
1925.35 1912.47 1899.75 1887.35 1910.42 1891.59 1866.00 1863.84 1825.38 1757.38 1750.09 1748.05 1745.53 1823.62 1897.87 1963.92 1977.31 1998.61 2009.61 1995.98 1973.55 1946.84 1794.08 1624.51
1507.53 1318.39 1205.37 1389.55 1258.73 1203.72 1291.92 1093.35 1428.51 1612.59 1390.03 1258.75 1375.99 1392.05 1414.79 1469.08 1389.73 1385.21 1475.94 1710.44 1896.40 2008.49 2002.20 2002.17
2009.65 1992.80 1995.11 2021.24 2008.96 1997.73 1979.39 1988.10 2024.33 2054.32 2039.79 2014.77 1992.44 1951.88 1928.01 1922.92 1884.55 1849.70 1816.00 1839.81 1887.90 1927.21 1818.66 1685.42
1517.14 1435.37 1390.20 1420.15 1112.20 1293.66 1418.36 1315.66 1221.25 1102.30 1138.35 940.08 813.80 1091.64 1316.63 1377.81 1429.01 1572.27 1732.02 1809.42 1897.49 1983.65 1981.05 1979.76
1979.40 1979.49 1975.83 1974.62 1962.66 1950.50 1932.68 1959.73 1988.78 2011.31 1787.50 1558.39 1666.78 1851.18 1948.17 2066.80 2057.57 2051.75 2051.03 2028.78 2043.73 2107.71 2218.39 2337.62
2460.11 2483.91 2507.59 2531.38 2510.72 2489.34 2463.51 2462.08 2454.78 2437.74 2377.72 2311.03 2246.70 2247.33 2246.41 2239.45 2226.92 2216.58 2205.08 2158.34 2093.22 2003.70 2008.27 2012.62
2019.62 2018.33 2016.86 2014.53 1860.58 1665.66 1362.23 1324.52 1504.06 1552.48 1540.47 1589.05 1656.37 1621.69 1590.27 1555.06 1711.52 1848.07 1967.18 1956.02 1952.91 1965.05 1976.61 1991.57
2011.18 2040.03 2070.55 2074.89 1985.58 1901.84 1836.03 1539.57 1403.32 1583.18 1544.51 1700.82 1860.10 1922.98 2032.97 2156.29 2145.80 2146.05 2158.36 2146.07 2122.63 2062.50 2023.63 1981.29
1935.76 1912.20 1886.73 1862.50 1583.83 1118.65 1522.38 1469.73 1331.05 1176.71 1318.82 1573.33 1748.84 1736.32 1731.07 1732.80 1860.42 1981.28 2094.00 2109.00 2120.15 2125.60 2126.80 2128.02
2129.15 2115.25 2101.38 2086.84 2081.55 2075.87 2057.38 2135.93 2196.51 2238.47 2240.66 2254.11 2270.54 2250.63 2242.83 2244.57 2227.38 2215.97 2209.33 2198.11 2175.81 2137.14 2172.49 2208.07
2244.17 2267.90 2291.57 2317.22 2321.87 2326.77 2325.46 2327.11 2323.57 2300.51 2263.95 2227.49 2190.03 2136.63 2088.35 2044.45 2041.69 2046.80 2059.21 2073.43 2085.95 2095.93 2121.93 2174.96
2243.66 2239.65 2234.99 2231.88 2197.20 2167.51 2139.61 2051.01 1968.83 1890.31 1845.41 1805.18 1795.30 1709.85 1701.73 1754.18 1813.85 1883.45 1962.49 1945.12 1973.82 1918.54 1869.42 1859.21
1852.74 1607.69 1164.72 1420.02 1406.92 1493.66 1602.86 1503.85 1430.49 1387.24 1433.73 1476.22 1491.75 1400.69 1409.77 1502.96 1522.58 1566.78 1616.19 1611.71 1629.91 1674.68 1675.12 1675.25
1675.55 1678.81 1682.85 1683.50 1559.91 1277.05 1320.55 1554.72 1519.63 1550.26 1638.80 1706.67 1757.40 1714.59 1682.25 1661.69 1660.75 1702.20 1773.56 1843.39 1914.56 1981.80 2026.10 2055.91
2083.48 2118.88 2169.22 2227.84 2215.67 2208.04 2201.71 2167.86 2138.35 2108.39 1990.31 1870.25 1746.38 1624.74 1491.45 1335.53 1361.85 1401.71 1449.79 1249.43 1444.01 1601.20 1572.95 1593.03
1665.58 1648.70 1650.04 1668.61 1728.62 1804.01 1877.33 1859.25 1887.22 1940.34 1922.14 1908.98 1896.90 1899.57 1911.48 1929.01 1939.28 1953.13 1969.66 1998.26 2034.39 2069.31 2109.32 2153.45
2201.37 2218.68 2237.51 2257.89 2255.34 2253.51 2244.47 2243.52 2238.60 2223.07 2198.53 2174.35 2148.34 2124.19 2105.46 2092.05 2092.56 2100.03 2114.39 2138.59 2155.02 2160.15 2191.60 2225.22
2262.78 2291.22 2320.66 2328.79 2312.95 2296.57 2273.19 2288.45 2285.88 2279.14 2274.21 2269.89 2268.14 2222.60 2183.83 2148.52 2175.82 2209.68 2245.19 2242.07 2231.60 2213.70 2267.77 2314.04
2359.68 2373.17 2385.05 2380.13 2347.16 2314.31 2275.25 2296.59 2328.46 2358.29 2233.60 2112.07 1998.96 1938.76 1881.45 1833.50 1792.34 1758.21 1736.32 1401.24 1563.66 1133.01 1395.08 1609.76
1786.21 1715.96 1638.02 1555.92 1577.17 1629.19 1692.58 1547.89 1590.69 1718.18 1790.64 1853.16 1902.32 1899.22 1915.18 1943.10 2008.46 2074.40 2111.17 2042.11 1960.65 1871.50 1882.79 1887.09
1893.95 1889.57 1899.68 1923.88 1865.48 1808.26 1751.77 1761.41 1766.12 1762.69 1806.15 1842.30 1870.89 1916.30 1968.10 2022.41 2060.03 2101.07 2122.17 2110.43 2086.38 2046.43 2038.87 2032.49
2029.54 2015.11 2001.02 1985.39 1965.09 1941.47 1907.03 1983.99 2022.72 2047.99 2045.90 2045.69 2044.97 2055.55 2080.83 2119.67 2133.25 2152.19 2171.61 2134.18 2080.14 2005.50 2003.50 2009.05
2023.60 2003.50 1981.25 1958.39 1929.24 1910.66 1895.50 1975.20 2034.76 2075.15 2054.77 2036.83 2014.97 1969.20 1932.63 1907.47 1966.94 2021.06 2051.68 2040.76 2018.74 1971.29 1970.11 1969.02
1973.33 1984.87 1996.42 2008.06 1973.90 1953.97 1943.81 1998.37 2041.86 2069.85 1991.01 1918.01 1849.09 1774.86 1747.88 1776.84 1806.77 1842.08 1880.56 1910.75 1935.93 1951.63 1961.00 1972.68
1989.90 1969.44 1948.23 1925.64 1885.80 1874.84 1889.85 1844.88 1802.24 1753.55 1648.19 1559.49 1500.46 1343.26 1148.70 857.10 976.83 1231.44 1380.86 1588.47 1758.31 1900.17 1923.70 1951.36
1982.66 1981.23 1990.43 1964.84 1932.05 1895.44 1846.78 1795.17 1738.64 1671.56 1538.64 1399.89 1243.35 1414.95 1579.34 1720.60 1829.97 1934.26 2033.98 2018.98 1994.02 1960.36 1942.38 1923.30
1902.47 1890.11 1876.94 1862.75 1894.91 1934.04 1934.44 1882.76 1913.24 1980.80 1875.36 1766.81 1659.26 1676.37 1739.69 1824.13 1946.92 2024.16 2103.00 2088.04 2062.67 1998.92 2010.74 2031.07
2058.98 2046.09 2032.80 2019.10 2015.44 2011.38 1999.48 1988.85 1994.93 2003.78 1928.86 1857.27 1787.34 1789.83 1770.64 1786.14 1887.21 1988.54 2090.58 2091.66 2083.10 2059.45 2105.26 2110.66
2106.11 2066.27 2023.40 1975.60 1952.91 1928.34 1896.24 1936.63 1966.28 1982.85 1961.29 1942.20 1925.80 1924.31 1931.22 1949.56 2032.39 2115.47 2197.14 2194.59 2159.10 2051.39 2052.40 2059.35
2072.62 2049.89 2033.92 2025.11 2018.69 2013.50 1998.34 2031.97 2067.11 2090.66 2036.81 1992.71 1957.31 1973.58 1993.21 2014.83 2056.43 2100.03 2146.62 2108.20 2056.97 1989.36 2003.87 2022.43
2047.98 2040.32 2034.19 2030.02 2076.05 2105.60 2118.42 2136.33 2150.19 2156.20 2079.71 2004.47 1931.62 1896.88 1877.08 1872.62 1924.69 1981.55 2043.55 2021.91 1994.33 1961.04 1958.73 1967.53
1988.57 1992.91 1996.90 1984.72 1949.34 1911.78 1862.91 1865.18 1895.45 1930.72 1687.92 1388.94 1196.78 1142.39 1287.56 1369.60 1243.91 1136.43 1213.55 1464.59 1656.20 1813.09 1826.00 1844.15
1867.16 1803.59 1752.17 1724.75 1730.03 1734.55 1784.14 1634.30 1507.58 1441.89 1400.90 1364.97 1338.33 1249.78 1132.83 1212.93 1545.00 1767.26 1913.34 1902.60 1867.17 1812.09 1810.63 1810.76
1813.16 1817.32 1822.16 1831.46 1806.53 1792.25 1785.39 1768.96 1760.24 1753.07 1685.20 1613.64 1565.46 1575.66 1603.75 1700.85 1699.76 1726.30 1776.19 1833.07 1885.21 1932.53 1952.06 1973.16
1987.91 2000.36 2017.79 2038.03 2012.12 1985.72 1950.64 1974.37 2011.60 2042.45 1939.82 1839.31 1740.34 1713.04 1684.66 1693.42 1765.02 1840.24 1917.77 1948.82 1972.33 1981.83 1995.16 2007.16
2011.22 2005.08 1991.60 1977.06 1957.59 1938.58 1913.94 1865.10 1827.63 1793.85 1608.89 1365.96 1063.61 1256.75 1438.19 1584.41 1608.57 1642.68 1679.57 1737.61 1788.13 1835.31 1842.40 1846.51
1856.02 1857.17 1869.60 1893.99 1871.62 1865.64 1869.62 1854.53 1855.10 1858.99 1921.64 1973.42 2017.00 1975.38 1938.31 1903.74 1901.09 1886.16 1873.37 1871.89 1858.82 1833.20 1793.71 1770.13
1770.00 1829.64 1889.08 1945.66 1931.16 1918.71 1903.34 1849.67 1797.58 1741.93 1769.16 1796.30 1812.74 1854.31 1897.38 1939.26 1944.15 1953.32 1966.83 1955.57 1931.53 1888.43 1871.12 1851.14
1830.47 1816.52 1798.46 1777.96 1793.06 1864.21 1906.04 1878.48 1853.21 1823.18 1872.76 1912.43 1963.40 1981.92 2020.24 2070.41 2075.65 2079.17 2092.76 2039.96 1965.63 1848.37 1865.66 1882.72
1902.39 1897.70 1892.82 1886.61 1797.63 1727.64 1700.15 1576.05 1384.21 1348.29 1553.24 1737.59 1880.27 1923.62 1969.07 2015.46 2016.12 2006.14 2002.92 1969.37 1924.71 1870.80 1849.31 1825.08
1802.86 1791.24 1779.24 1769.82 1526.72 1318.60 1556.50 1516.96 1503.60 1498.76 1456.49 1416.35 1383.35 1267.55 1147.84 992.39 947.17 1097.16 1294.02 1461.78 1623.79 1766.57 1797.91 1839.57
1887.02 1905.51 1932.91 1969.59 1976.98 1984.83 1980.27 2000.01 2036.52 2066.55 1976.99 1890.14 1805.03 1756.89 1718.57 1712.96 1777.08 1853.09 1936.64 1958.56 1972.94 1957.52 1963.77 1969.53
1975.47 1991.02 2015.76 2048.80 2085.79 2113.80 2133.72 2176.02 2208.85 2228.87 2153.47 2079.39 2006.04 1977.03 1958.65 1948.44 1988.79 2034.56 2086.21 2065.46 2030.92 1977.21 2053.33 2127.10
2198.55 2200.95 2159.16 2105.98 2100.60 2093.93 2083.03 2147.08 2201.05 2236.11 2179.23 2125.42 2073.78 2044.52 2022.69 2005.39 2037.34 2076.66 2122.99 2106.38 2075.90 2012.47 2016.50 2020.73
2023.49 2014.04 2013.02 2022.85 2034.66 2047.77 2058.76 2116.92 2162.48 2192.42 2124.58 2060.01 2000.04 1988.52 1984.30 1985.38 2004.08 2023.42 2047.92 2046.38 2040.75 2030.54 2034.50 2037.94
2043.12 2060.08 2080.18 2088.52 2074.01 2059.64 2040.04 2096.96 2141.64 2170.76 2099.01 2030.77 1965.77 1939.57 1917.97 1899.71 1918.95 1946.42 1983.87 2006.30 2023.24 2030.24 2030.77 2026.55
2026.54 2024.12 2025.81 2033.50 2027.64 2020.62 2009.63 2009.46 2013.23 2010.83 1897.17 1781.50 1664.64 1620.92 1609.79 1630.03 1704.71 1784.36 1850.04 1900.34 1942.61 1977.15 1960.40 1943.05
1925.30 1870.04 1806.93 1736.11 1673.39 1636.68 1635.61 1448.37 1518.48 1698.49 1674.09 1800.61 1950.31 1977.60 2014.15 2054.48 2105.64 2161.54 2222.10 2198.61 2156.92 2095.81 2076.83 2057.08
2036.72 2022.60 2011.65 2002.06 1993.06 1982.39 1967.15 2040.98 2101.96 2144.09 2113.72 2085.59 2060.16 2068.85 2079.58 2092.11 2083.63 2076.91 2072.89 2072.18 2058.58 2015.49 2035.54 2058.41
2080.07 2058.83 2039.85 2023.65 1949.65 1875.90 1815.83 1689.52 1577.00 1495.80 1538.06 1574.48 1607.12 1594.89 1618.91 1668.31 1642.31 1629.11 1587.98 1680.08 1758.54 1798.26 1793.68 1790.97
1773.39 1730.46 1726.83 1767.47 1757.07 1749.00 1741.86 1735.34 1725.70 1707.53 1596.03 1580.14 1537.06 1627.42 1712.04 1790.84 1832.30 1875.52 1921.83 1979.42 2025.99 2067.06 2043.90 2017.85
1989.51 1970.19 1943.31 1934.23 1920.64 1905.92 1888.95 1862.00 1837.21 1804.58 1714.91 1626.48 1544.32 1591.47 1667.82 1752.19 1776.09 1790.88 1811.50 1878.64 1945.33 2009.35 1963.72 1892.65
1817.56 1791.85 1764.72 1740.91 1671.66 1601.82 1536.85 1618.74 1678.49 1705.46 1576.83 1470.58 1410.56 1419.91 1437.28 1458.99 1560.72 1659.60 1756.32 1831.77 1898.50 1959.59 1940.72 1940.01
1942.12 1929.87 1927.80 1912.72 1893.74 1892.98 1907.64 1910.37 1976.66 2053.27 1987.95 1927.82 1876.04 1856.25 1840.23 1834.85 1861.91 1900.35 1949.74 1918.03 1877.12 1835.82 1834.89 1836.51
1842.27 1845.07 1861.06 1891.54 1914.40 1940.98 1966.54 1908.90 1877.47 1859.45 1791.32 1730.30 1656.13 1450.18 1224.08 1211.19 1287.86 1361.19 1429.01 1587.99 1723.87 1849.19 1767.86 1675.45
1574.73 1549.03 1557.30 1602.83 1634.67 1668.49 1697.30 1497.85 1248.52 925.18 1133.10 1326.83 1299.19 1221.21 1291.84 1429.33 1606.57 1781.85 1942.59 1959.57 1964.56 1953.95 1945.86 1937.83
1931.59 1934.98 1939.50 1942.59 1923.39 1904.50 1880.72 1771.11 1662.91 1546.88 1567.56 1584.43 1600.49 1628.38 1665.22 1707.95 1769.73 1831.40 1899.44 1919.83 1930.14 1932.05 1940.77 1943.82
1947.87 1946.85 1948.70 1954.49 1936.74 1917.82 1895.76 1852.45 1837.75 1832.74 1761.28 1702.06 1634.34 1615.00 1640.37 1698.31 1742.15 1788.38 1838.26 1864.96 1883.73 1898.94 1914.80 1933.08
1947.64 1953.24 1960.77 1969.56 1952.47 1934.69 1913.81 1867.95 1863.60 1876.40 1792.80 1712.00 1636.66 1613.60 1612.29 1633.76 1651.11 1674.43 1708.27 1780.01 1842.54 1899.81 1920.71 1941.39
1955.74 1948.53 1945.91 1953.08 1958.44 1969.60 1975.10 2017.02 2050.19 2068.47 2026.08 1980.36 1937.42 1851.00 1738.13 1650.61 1485.98 1333.84 1403.60 1517.00 1708.17 1892.75 1952.76 2014.47
2074.52 2050.79 2011.33 1969.15 1950.61 1917.11 1870.29 1768.12 1650.37 1489.23 1459.03 1361.15 1399.13 1598.37 1757.18 1889.36 1954.42 2024.00 2100.33 2054.23 1985.75 1896.57 1884.24 1869.92
1858.54 1877.13 1894.77 1891.47 1829.94 1760.88 1682.89 1541.57 1442.65 1410.10 1224.72 913.39 776.23 1154.13 1398.57 1574.20 1657.05 1735.41 1816.26 1825.80 1823.05 1816.81 1827.83 1842.87
1852.12 1841.65 1833.92 1826.82 1787.98 1701.67 1623.55 1473.41 1344.21 1270.73 1020.75 1092.83 1254.26 1340.12 1436.39 1531.47 1614.45 1678.45 1733.31 1769.96 1801.54 1825.86 1843.32 1858.65
1875.85 1853.79 1853.13 1878.27 1881.19 1895.19 1916.23 1918.13 1924.28 1928.72 1811.71 1692.41 1568.56 1516.54 1499.34 1523.52 1601.73 1680.30 1762.66 1800.66 1829.37 1853.91 1874.70 1891.11
1902.70 1901.30 1912.72 1931.99 1935.13 1939.54 1936.09 1972.84 2018.96 2057.95 1898.67 1725.50 1530.40 1498.57 1503.06 1541.98 1617.66 1695.13 1778.30 1806.73 1829.30 1850.45 1857.97 1867.30
1876.14 1856.60 1840.40 1830.87 1842.52 1878.00 1931.05 1981.17 2028.83 2064.74 1911.08 1747.97 1572.34 1555.72 1591.24 1664.35 1746.88 1821.92 1897.04 1900.03 1889.11 1860.37 1869.98 1880.44
1891.35 1881.17 1893.17 1928.65 1947.49 1967.94 1990.12 2017.94 2051.75 2080.22 1962.12 1844.46 1728.29 1582.98 1508.74 1561.26 1619.96 1668.47 1720.14 1782.06 1837.94 1891.62 1896.99 1901.91
1907.95 1922.87 1941.83 1960.21 1961.36 1969.82 1982.99 2008.83 2036.39 2055.18 1947.80 1841.20 1737.41 1673.07 1616.92 1579.62 1639.77 1703.95 1778.17 1826.38 1866.33 1897.48 1911.57 1925.80
1938.92 1945.76 1953.18 1961.97 1966.94 1966.26 1966.83 2003.18 2036.74 2059.61 1957.06 1856.52 1756.34 1708.24 1684.81 1693.85 1730.37 1768.07 1814.03 1847.21 1868.06 1891.23 1901.18 1910.29
1920.92 1921.35 1931.37 1949.91 1942.76 1936.67 1916.25 1863.44 1810.81 1749.27 1480.79 1179.45 1203.63 1380.77 1527.23 1635.85 1661.09 1688.25 1719.98 1762.30 1795.30 1817.47 1831.22 1846.44
1863.45 1861.03 1858.76 1855.40 1849.62 1842.06 1833.37 1722.55 1628.56 1550.32 1592.11 1658.37 1724.43 1734.81 1750.65 1771.60 1771.94 1793.56 1844.44 1859.95 1860.92 1842.14 1856.15 1871.28
1886.92 1880.37 1873.61 1868.58 1873.02 1878.69 1883.05 1866.03 1847.71 1823.93 1760.15 1698.63 1638.94 1612.61 1592.83 1584.83 1641.52 1699.00 1763.21 1814.67 1856.86 1896.92 1903.61 1918.61
1942.41 1942.74 1941.07 1942.78 1933.40 1923.42 1914.25 1896.20 1887.50 1863.68 1766.64 1671.99 1577.74 1544.80 1552.80 1599.10 1707.09 1807.58 1908.23 1917.53 1908.34 1887.60 1934.82 1970.21
2006.71 2005.01 2007.49 2015.38 2014.42 2023.00 2040.15 2048.70 2060.98 2061.79 1956.22 1850.32 1743.52 1711.51 1700.05 1715.08 1794.71 1879.55 1972.77 1964.74 1940.56 1902.22 1918.00 1934.11
1949.11 1982.05 2023.09 2075.73 2091.25 2112.08 2136.15 2161.46 2181.56 2177.80 2067.29 1962.55 1863.16 1863.18 1877.79 1908.47 1940.09 1973.45 2015.14 1995.03 1953.90 1889.98 1906.08 1923.00
1941.62 1938.52 1935.79 1933.72 1927.36 1921.30 1918.49 1910.95 1916.92 1915.97 1747.42 1574.59 1407.94 1454.49 1530.11 1618.98 1713.05 1801.88 1890.52 1900.05 1893.59 1865.01 1899.41 1925.00
1955.66 1949.94 1956.86 1962.42 1946.29 1928.59 1907.49 1866.83 1833.79 1799.83 1687.09 1629.03 1589.83 1621.03 1654.95 1696.85 1766.84 1836.33 1912.08 1902.11 1872.05 1825.06 1840.90 1858.54
1879.04 1883.02 1888.56 1896.31 1871.42 1879.48 1920.65 1857.94 1823.83 1807.90 1664.05 1563.36 1506.54 1513.24 1544.42 1595.03 1707.15 1816.94 1928.00 1903.04 1865.31 1822.85 1822.99 1827.81
1843.17 1834.41 1849.44 1888.58 1895.81 1911.27 1926.73 1911.47 1932.44 1967.18 1820.87 1677.57 1551.29 1479.58 1448.79 1495.01 1597.10 1693.87 1791.08 1803.94 1808.76 1815.26 1833.84 1856.02
1882.01 1913.61 1952.36 1999.53 1978.80 1953.97 1927.25 1953.71 1978.30 1991.70 1828.66 1674.98 1564.04 1569.69 1562.39 1600.19 1690.21 1778.17 1868.61 1881.91 1884.46 1886.46 1906.32 1926.51
1949.13 1929.06 1892.60 1853.35 1844.13 1833.31 1820.22 1776.17 1733.19 1687.82 1576.28 1507.59 1517.02 1647.46 1716.79 1781.31 1830.64 1883.07 1940.30 1910.15 1867.60 1823.08 1856.54 1882.78
1872.43 1872.92 1873.99 1846.35 1865.02 1883.09 1900.76 1864.60 1850.73 1842.15 1825.98 1811.66 1796.94 1826.91 1873.58 1930.52 1945.21 1955.79 1975.25 1948.03 1910.12 1869.22 1909.13 1942.39
1979.66 1974.30 1953.86 1933.74 1939.54 1944.11 1947.98 2014.37 2058.63 2085.34 2021.94 1959.58 1897.23 1884.53 1875.51 1872.23 1916.69 1962.87 2007.86 1989.73 1958.23 1929.20 1961.87 1986.56
2004.22 1993.51 1980.60 1966.75 1885.30 1793.50 1693.02 1879.60 1950.71 2047.90 2009.31 1997.07 2000.61 1811.12 1576.82 1226.38 915.30 1266.82 1543.06 1595.62 1677.11 1780.35 1812.57 1843.98
1877.00 1882.89 1887.29 1888.35 1854.71 1822.47 1792.72 1794.71 1800.85 1805.78 1677.25 1549.51 1414.46 1444.99 1472.30 1512.52 1610.78 1700.73 1789.77 1833.41 1865.71 1899.89 1894.98 1894.48
1892.71 1888.76 1892.00 1902.54 1903.31 1916.20 1937.99 1955.10 1973.66 1980.50 1933.90 1891.84 1852.48 1818.56 1800.51 1802.20 1830.24 1864.40 1911.26 1917.97 1914.21 1910.78 1920.90 1932.21
1943.35 1942.25 1943.36 1944.65 1939.25 1935.54 1931.07 1910.13 1899.50 1886.60 1780.79 1676.38 1583.93 1354.46 1388.03 1624.28 1748.86 1871.17 1995.70 1985.19 1958.09 1922.71 1933.20 1945.19
1956.54 1938.61 1915.13 1889.49 1882.58 1877.35 1857.56 1696.19 1608.91 1616.07 1489.70 1315.62 1174.23 1322.83 1494.03 1641.82 1750.34 1850.35 1951.09 1945.05 1931.00 1924.83 1919.82 1914.15
1911.18 1895.53 1878.50 1830.71 1833.75 1840.06 1843.71 1740.97 1657.02 1600.42 1515.55 1443.59 1355.42 1487.98 1600.79 1701.16 1758.71 1837.78 1932.86 1934.95 1923.05 1879.35 1893.29 1907.52
1921.82 1923.21 1923.79 1921.20 1903.68 1884.48 1863.83 1738.29 1607.44 1474.13 1564.05 1632.57 1696.79 1734.96 1773.39 1816.97 1878.69 1940.25 2007.61 1988.66 1953.91 1917.43 1919.89 1912.19
1903.61 1874.78 1841.29 1806.81 1781.26 1754.22 1723.18 1654.00 1605.59 1579.94 1485.85 1446.75 1458.70 1576.48 1678.57 1776.09 1800.49 1827.12 1859.14 1864.35 1859.57 1859.72 1788.91 1698.20
1592.87 1636.66 1698.17 1768.17 1577.44 1300.09 1146.35 1134.00 1191.58 1244.44 1450.49 1553.27 1672.82 1728.55 1781.95 1839.71 1867.80 1898.30 1937.12 1924.09 1872.97 1811.69 1726.83 1625.84
1502.20 1441.79 1373.23 1295.28 1049.72 1304.99 1536.87 1358.12 1152.86 1060.39 1092.90 1225.83 1335.13 1319.10 1308.63 1305.30 1432.56 1545.03 1654.10 1689.19 1723.46 1771.60 1707.17 1632.40
1539.30 1455.74 1389.62 1372.64 1384.11 1394.94 1404.87 1539.10 1629.03 1685.19 1405.23 1127.06 1292.70 1381.82 1483.30 1587.06 1640.72 1701.16 1772.99 1789.35 1798.98 1815.42 1792.50 1769.14
1747.11 1732.90 1718.49 1710.82 1606.60 1486.39 1347.84 1346.03 1412.05 1475.75 1459.19 1442.86 1428.11 1505.51 1568.57 1626.80 1767.30 1898.22 2017.98 2007.32 1973.70 1931.28 1939.61 1948.24
1957.77 1970.75 1986.93 2007.75 2011.07 2019.14 2029.59 2083.07 2109.57 2125.90 2131.53 2134.78 2130.07 2138.03 2151.04 2171.51 2178.23 2185.72 2199.23 2149.97 2077.57 1987.46 2009.38 2025.33
2045.27 2050.99 2055.26 2061.48 2056.27 2055.16 2057.43 2065.56 2079.01 2090.87 2083.62 2074.09 2062.84 2086.56 2117.44 2158.19 2183.32 2210.16 2236.61 2171.93 2079.68 1959.91 2008.02 2046.97
2058.82 2084.39 2110.21 2137.81 2126.52 2113.84 2099.76 2111.36 2118.88 2118.69 2061.82 2009.55 1961.33 1998.18 2043.68 2080.02 2130.26 2181.59 2235.38 2238.81 2236.38 2234.30 2239.04 2246.42
2261.18 2229.48 2196.56 2165.59 2133.00 2098.27 2060.55 2141.69 2218.01 2290.63 2245.96 2196.30 2137.34 2109.05 2089.29 2083.31 2106.81 2138.35 2179.55 2152.29 2075.38 1984.22 2058.57 2083.44
2078.92 2064.60 2048.99 2032.83 2020.65 2007.30 1992.42 2048.24 2097.74 2135.90 2130.45 2124.43 2114.30 2092.31 2074.21 2064.32 2083.50 2110.76 2138.61 2083.35 2005.61 1910.38 1932.39 1954.34
1977.12 1966.71 1955.35 1944.23 1920.36 1914.60 1915.28 1834.76 1729.46 1614.11 1547.03 1409.60 1351.12 1334.23 1394.23 1553.15 1714.15 1852.91 1981.47 1970.71 1947.55 1920.24 1918.34 1927.76
1944.39 1943.80 1939.84 1942.19 1929.49 1916.64 1901.34 1847.51 1770.23 1678.52 1629.19 1581.95 1539.83 1527.29 1527.44 1549.62 1652.62 1754.74 1861.24 1875.43 1884.20 1895.42 1901.96 1909.22
1915.83 1926.61 1937.04 1932.83 1864.10 1787.18 1697.41 1553.32 1409.55 1294.46 1387.80 1532.69 1649.46 1629.71 1627.40 1649.81 1733.49 1817.32 1906.05 1906.70 1897.58 1888.13 1892.12 1900.63
1915.40 1920.46 1919.68 1920.34 1860.15 1797.39 1733.82 1560.58 1348.65 1059.03 1413.27 1546.30 1624.01 1708.32 1796.62 1895.71 1946.92 1999.81 2058.47 2017.87 1963.10 1899.72 1904.76 1910.02
1915.12 1903.72 1875.85 1827.61 1854.69 1884.75 1916.56 1911.45 1902.18 1886.69 1801.32 1717.00 1570.77 1621.13 1723.69 1843.59 1934.59 2023.87 2115.04 2050.95 1968.83 1870.38 1900.14 1930.53
1965.49 1969.13 1966.27 1931.53 1917.18 1902.73 1884.94 1809.79 1727.90 1641.18 1629.63 1555.39 1497.02 1525.02 1576.97 1644.68 1755.78 1863.69 1973.14 1969.74 1959.30 1913.03 1918.13 1923.31
1930.47 1917.75 1905.95 1896.32 1826.96 1760.23 1706.81 1712.25 1695.31 1643.34 1623.03 1614.18 1597.08 1687.86 1783.95 1883.84 1900.69 1950.30 2004.04 1989.08 1962.43 1932.24 1921.68 1908.98
1894.98 1869.76 1852.15 1842.28 1784.27 1771.95 1812.05 1923.66 2007.49 2068.63 2005.56 1942.59 1896.81 1917.79 1963.35 2027.85 2097.87 2166.67 2236.96 2279.29 2320.06 2363.74 2383.37 2408.54
2383.29 2350.42 2313.25 2273.10 2241.23 2208.62 2176.46 2243.03 2289.35 2321.69 2287.71 2255.50 2225.83 2206.93 2194.45 2202.17 2257.13 2310.00 2361.75 2389.72 2408.87 2410.02 2400.77 2395.57
2393.40 2354.39 2312.13 2266.95 2230.08 2188.87 2145.92 2214.87 2271.58 2319.13 2221.65 2126.94 2035.90 1993.05 1940.80 1879.46 1829.34 1784.05 1751.14 1759.11 1783.28 1829.39 1844.49 1857.45
1870.54 1929.14 1996.44 2032.98 2000.40 1970.00 1946.21 1964.11 1962.61 1953.54 1848.37 1742.49 1623.19 1576.89 1532.22 1575.72 1661.49 1746.31 1831.83 1833.08 1832.51 1835.20 1819.84 1808.98
1806.09 1825.75 1852.34 1889.59 1887.18 1899.79 1909.48 1986.27 2047.79 2096.09 2055.08 2015.32 1979.78 1948.87 1914.80 1900.36 1843.08 1787.68 1747.64 1784.19 1817.06 1844.71 1884.07 1921.40
1965.53 1985.97 2010.19 2039.05 2025.41 2010.28 1994.67 2025.61 2052.38 2068.76 1996.57 1908.77 1821.44 1780.31 1771.74 1803.90 1819.08 1818.26 1828.81 1860.50 1888.52 1918.71 1933.88 1949.64
1967.05 1975.57 1976.43 1980.79 1968.25 1954.39 1939.01 1971.10 1996.04 2012.35 1900.83 1791.67 1685.96 1743.84 1803.41 1869.42 1889.79 1921.58 1922.37 1934.27 1941.49 1944.19 1954.71 1966.89
1980.81 1991.61 2004.80 2021.67 2017.67 2011.92 2005.54 2037.56 2058.74 2069.23 2027.67 1986.33 1944.92 1931.82 1925.91 1891.87 1889.58 1889.77 1900.00 1920.31 1943.31 1973.40 2053.76 2130.44
2203.91 2218.45 2237.49 2259.62 2189.05 2110.31 2003.74 2063.65 2096.25 2117.80 2089.10 2060.07 2032.20 2036.89 2055.79 2095.17 2100.23 2106.90 2117.76 2126.77 2133.32 2142.71 2171.55 2203.88
2239.73 2239.50 2238.87 2238.38 2238.41 2231.40 2205.23 2229.28 2243.21 2248.99 2216.51 2187.28 2157.69 2134.91 2124.62 2132.19 2154.64 2175.93 2200.59 2169.67 2132.84 2095.29 2128.62 2166.44
2209.54 2224.64 2240.68 2258.24 2227.27 2185.53 2144.64 2185.53 2212.04 2226.63 2234.81 2239.18 2231.50 2226.60 2217.78 2217.51 2199.54 2178.44 2154.09 2114.55 2047.71 1980.49 1978.32 1976.80
1978.31 2077.04 2168.63 2256.54 2232.97 2198.17 2159.68 2197.37 2222.79 2237.32 2212.96 2193.88 2178.15 2157.28 2143.61 2122.53 2112.07 2105.24 2112.39 2094.45 2077.59 2068.05 2076.64 2085.32
2095.30 2133.61 2147.46 2152.44 2147.37 2142.41 2137.85 2189.15 2226.46 2252.08 2205.00 2160.97 2120.23 2068.04 2013.00 1964.57 1937.22 1907.93 1890.50 1910.90 1929.25 1951.47 1956.36 1958.28
1960.86 1958.93 1964.31 1977.50 1972.52 1967.65 1964.31 1910.66 1849.98 1781.97 1649.74 1443.22 1179.98 1451.61 1712.03 1806.44 1858.74 1928.94 2016.26 2039.83 2071.51 2112.51 2105.58 2100.23
2096.88 2021.97 1935.36 1834.32 1841.96 1851.42 1864.92 1873.76 1876.76 1878.06 1824.64 1769.26 1752.55 1675.51 1601.88 1537.95 1656.62 1763.25 1866.03 1836.66 1802.25 1762.63 1788.34 1821.80
1861.96 1850.31 1854.21 1874.28 1887.34 1903.43 1922.60 1842.50 1777.73 1743.23 1760.16 1775.15 1787.72 1757.55 1738.60 1729.98 1720.81 1716.27 1729.58 1739.86 1756.20 1780.62 1844.39 1904.94
1958.11 1938.76 1925.59 1918.83 1920.25 1926.90 1938.57 1911.96 1867.76 1821.76 1840.13 1823.72 1793.61 1641.22 1459.63 1229.11 842.93 1381.81 1680.42 1918.39 2127.17 2316.10 2415.50 2514.57
2608.90 2554.42 2495.74 2436.70 2432.56 2427.77 2423.60 2443.46 2456.91 2465.19 2399.71 2352.15 2321.86 2255.51 2192.59 2132.37 2069.57 1997.19 1921.12 1988.27 2059.57 2133.18 2089.81 2046.69
2006.52 1977.47 1960.82 1957.53 1951.66 1953.08 1961.99 1923.50 1879.03 1831.06 1895.30 1916.78 1933.86 1959.98 1992.79 2023.93 1994.79 1963.14 1937.40 1971.07 2013.36 2064.40 2078.84 2093.82
2104.19 2109.91 2112.09 2117.44 2123.26 2129.53 2134.74 2166.19 2192.55 2212.04 2270.47 2340.21 2402.93 2378.76 2353.70 2326.63 2299.35 2269.15 2242.09 2270.12 2295.86 2302.30 2339.93 2359.48
2379.58 2394.57 2410.53 2426.83 2421.21 2413.19 2406.30 2433.39 2446.43 2451.08 2403.01 2361.40 2324.28 2242.13 2165.09 2092.46 1929.96 1712.57 1455.21 1717.73 1286.42 1626.70 2065.32 2413.56
2711.96 2780.97 2853.92 2894.05 2908.90 2924.09 2940.00 2899.26 2843.54 2767.75 2695.79 2629.49 2567.53 2566.64 2563.86 2522.82 2439.70 2343.46 2231.75 2188.65 2141.35 2091.24 2048.29 2001.44
1951.34 1738.36 1475.48 1536.39 1606.15 1707.71 1668.52 1653.94 1630.52 1600.31 1275.40 1238.10 1488.34 1595.70 1751.97 1893.78 1926.07 1971.15 2032.11 2073.87 2116.66 2153.95 2126.33 2097.24
2066.20 2022.61 1981.04 1946.30 1976.14 2011.65 2050.34 2063.56 2070.98 2040.04 2003.14 1967.20 1928.07 1880.24 1852.03 1845.79 1895.18 1943.32 1996.52 2041.10 2076.86 2114.17 2112.09 2108.17
2104.65 2087.96 2072.55 2057.49 2051.80 2047.26 2039.61 2051.01 2021.35 1995.05 2012.95 2025.87 2033.95 2082.94 2103.60 2127.73 2125.83 2136.47 2167.47 2169.08 2115.73 2061.44 2054.49 2045.50
2035.37 2017.30 2001.46 1957.43 1941.42 1930.69 1924.86 1946.47 1968.37 1990.92 1917.65 1865.42 1832.66 1805.53 1784.75 1773.21 1649.40 1541.63 1579.94 1900.02 2158.57 2377.35 2461.56 2545.47
2596.30 2553.56 2505.91 2457.42 2394.82 2323.50 2246.56 2281.53 2304.68 2325.15 2264.45 2206.37 2150.48 2121.59 2114.67 2126.67 2052.56 1957.61 1837.50 1772.00 1717.32 1692.93 1568.73 1582.02
1537.18 1706.16 1860.06 1998.21 1910.27 1842.41 1817.35 1767.51 1714.78 1667.84 1744.35 1798.56 1831.64 1885.19 1941.20 1993.78 2036.91 2074.61 2114.45 2133.72 2156.45 2182.28 2191.90 2200.44
2208.98 2177.56 2147.41 2117.78 2129.53 2148.61 2175.33 2118.03 2050.41 1978.02 2061.95 2124.00 2161.99 2188.52 2220.00 2253.94 2230.79 2202.21 2172.82 2169.67 2164.84 2155.82 2165.66 2188.80
2222.78 2211.26 2198.09 2188.43 2157.02 2124.15 2092.25 2036.54 2055.18 2121.41 2031.32 2087.86 2212.88 2148.83 2095.88 2055.00 2032.38 2006.28 1981.60 1987.10 1960.68 1937.89 1917.33 1906.24
1905.97 1920.09 1860.96 1833.34 1753.86 1829.01 1985.01 1980.58 1964.54 1940.19 2056.10 2166.39 2250.79 2231.94 2225.46 2231.31 2174.36 2101.53 2006.93 2022.11 2037.62 2053.89 1973.11 2065.11
2212.66 2007.60 2011.18 2267.15 2245.47 2242.71 2220.39 2040.22 1811.64 1502.37 1645.32 1762.64 1858.70 1596.82 1479.66 1467.08 1435.28 1478.83 1347.78 1433.36 1816.79 1904.48 1886.06 1891.66
1896.54 1807.66 1847.25 2005.57 2002.17 1981.29 1980.14 1696.53 1219.62 1359.33 1089.52 1036.96 1226.85 1319.55 1404.35 1484.67 1666.07 1826.15 1959.51 2057.24 2150.57 2222.74 2237.48 2253.69
2270.80 2266.57 2270.07 2281.33 2277.38 2273.25 2268.34 2310.75 2338.54 2357.40 2407.10 2425.58 2410.86 2327.62 2253.30 2187.99 2126.62 2057.67 1992.24 1972.58 1967.31 1976.51 1950.05 1924.14
1897.58 1849.45 1804.75 1773.51 1766.02 1910.12 1945.16 1826.45 1782.20 1850.07 1867.89 1936.97 2046.47 2268.83 2468.02 2646.71 2655.17 2664.15 2672.79 2695.70 2723.05 2749.53 2689.11 2620.90
2554.01 2631.94 2705.96 2774.90 2807.17 2839.17 2840.28 2831.88 2820.53 2808.82 2819.54 2831.45 2840.74 2841.19 2836.22 2834.58 2785.42 2733.09 2676.46 2574.99 2463.45 2339.42 2319.89 2301.57
2284.02 2287.17 2295.26 2307.24 2309.25 2311.35 2314.96 2284.98 2258.18 2240.62 2183.52 2127.55 2071.32 1958.14 1825.76 1734.59 1768.72 1897.13 2060.81 2112.39 2173.88 2237.78 2243.44 2252.40
2265.03 2266.62 2269.84 2277.38 2286.63 2295.28 2305.05 2289.97 2257.56 2220.55 2209.11 2197.75 2173.50 2058.00 1950.92 1860.16 1778.23 1800.03 1953.89 1978.46 2009.10 2037.12 2041.48 2067.16
2032.80 2016.04 2000.03 1988.13 1909.88 1833.38 1765.00 1543.06 1478.03 1639.62 1043.76 1472.51 1644.75 1543.22 1467.08 1445.85 1754.25 1522.87 1529.10 1837.93 2077.57 2280.82 2356.18 2433.35
2452.12 2445.15 2440.05 2416.78 2392.98 2372.71 2356.30 2343.33 2326.85 2312.59 2225.29 2151.24 2093.33 2150.69 2208.30 2264.62 2287.24 2314.28 2343.79 2403.07 2464.03 2526.20 2552.60 2583.84
2621.41 2608.00 2599.35 2597.64 2605.35 2620.00 2641.55 2669.48 2692.85 2716.18 2707.82 2708.57 2700.25 2715.54 2725.80 2736.51 2787.57 2835.80 2869.39 2910.87 2952.43 2995.04 2949.24 2901.85
2853.34 2724.04 2576.71 2409.68 2362.10 2336.86 2342.18 2306.99 2262.81 2218.59 2153.20 2091.62 2003.67 1904.10 1814.29 1735.84 1367.93 1379.75 1826.13 1933.87 2056.01 2177.33 2224.03 2268.99
2313.38 2300.93 2290.31 2282.62 2307.55 2338.60 2373.55 2310.82 2245.73 2182.80 2260.19 2318.43 2355.09 2335.91 2270.61 2211.25 1977.75 1645.56 1686.53 1837.91 2008.59 1964.02 1825.75 1891.61
2087.94 2125.65 2189.75 2269.65 2299.33 2327.95 2323.84 2216.14 2101.65 1992.83 1873.61 1810.84 1819.48 1693.86 1569.33 1482.37 1630.46 1844.93 1984.82 1984.19 2012.31 2068.01 2072.47 2079.40
2085.87 2072.77 2076.68 2096.18 2136.83 2175.63 2214.98 2197.91 2176.51 2156.43 2268.59 2350.10 2405.78 2409.46 2416.70 2418.29 2362.63 2299.23 2228.74 2245.94 2263.93 2280.21 2272.70 2260.75
2245.73 2245.70 2247.46 2243.79 2241.33 2234.80 2226.55 2147.17 2048.99 1962.77 1936.81 1918.33 1898.11 1744.18 1585.74 1453.67 1443.73 1570.02 1738.11 1900.98 1982.24 2040.13 2001.25 1975.64
1967.38 1972.90 1989.23 2016.15 2027.62 2039.40 2052.15 2031.11 2001.18 1967.39 2002.19 2063.54 2136.52 2114.85 2097.30 2085.23 2028.91 1967.39 1898.12 1889.24 1886.63 1851.69 1869.01 1895.51
1930.16 1910.98 1899.45 1895.79 1916.95 1946.25 1983.03 1858.18 1752.83 1710.42 1930.72 2088.89 2209.88 2209.73 2213.55 2217.97 2101.29 2005.11 1989.55 1964.33 1944.61 1932.08 1981.34 2026.38
2067.82 1927.38 1811.37 1739.75 1570.85 1357.38 1283.28 1945.90 2360.80 2660.84 2713.22 2765.73 2780.44 2761.15 2731.60 2686.44 2678.80 2671.40 2664.29 2643.93 2602.14 2559.53 2526.42 2492.54
2458.32 2438.62 2416.99 2396.02 2350.28 2302.85 2254.96 2220.45 2180.26 2137.00 1999.72 1854.39 1699.88 1528.48 1299.81 1114.44 1211.29 1409.31 1562.61 1612.66 1497.98 1395.71 1330.00 1667.43
1901.79 1933.00 1963.65 1997.81 2043.37 2090.92 2138.60 2080.21 2026.95 1992.22 2029.10 2059.84 2084.41 2075.94 2085.43 2108.89 2103.95 2134.51 2196.20 2202.74 2207.31 2210.64 2208.80 2208.42
2209.44 2206.34 2207.98 2214.64 2194.86 2173.52 2151.89 2134.81 2108.80 2079.18 2148.50 2204.07 2247.27 2286.35 2302.46 2322.77 2268.18 2212.36 2152.44 2201.95 2250.90 2299.16 2282.40 2272.72
2270.02 2217.52 2166.35 2114.70 1897.39 1684.74 1727.46 1561.82 1671.13 2006.17 2396.62 2698.84 2960.47 3040.43 3121.02 3172.80 3144.34 3114.14 3079.87 3058.61 3036.88 3015.08 2988.59 2961.47
2936.26 2865.64 2788.68 2704.97 2635.03 2559.18 2476.80 2501.60 2516.44 2528.14 2339.58 2124.38 1866.16 1745.25 1670.88 1675.95 1690.67 1750.09 1827.59 1814.90 1688.41 1398.85 1400.01 1776.87
2020.48 2110.55 2192.42 2266.24 2280.18 2292.48 2304.46 2327.85 2356.73 2390.13 2410.39 2475.13 2548.04 2554.55 2567.69 2582.51 2508.27 2425.20 2314.90 2266.45 2213.00 2163.15 2127.40 2103.81
2095.81 1731.96 1652.84 1890.15 1718.20 1528.07 1479.31 1881.80 2161.28 2362.56 2384.49 2442.01 2516.27 2471.09 2429.96 2393.11 2341.75 2288.22 2227.13 2133.60 2001.68 1852.16 1750.02 1648.74
1579.66 1560.13 1562.54 1591.48 1596.75 1604.89 1425.77 1539.67 1615.96 1672.58 1596.82 1526.32 1462.95 1317.63 1381.29 1553.48 1733.15 1921.04 2087.41 2077.20 2074.22 2079.57 2064.06 2052.62
2041.47 1982.09 1921.20 1863.10 1913.50 1967.15 2025.09 2040.74 2046.57 2043.09 2091.72 2130.19 2159.86 2195.27 2236.17 2280.13 2275.60 2270.21 2260.40 2272.01 2284.74 2293.70 2286.26 2277.64
2268.83 2251.90 2236.46 2220.31 2169.05 2112.53 2106.65 1971.67 1921.83 1892.76 1764.62 1970.24 2183.63 2169.54 2162.60 2163.91 2172.42 2185.60 2195.34 2096.86 2014.50 2023.93 1962.65 1941.16
1973.74 2059.37 2079.51 2122.85 2029.98 1922.83 1801.20 1771.37 1729.99 1682.06 1803.81 1906.92 1991.93 1978.21 1968.64 1965.02 1964.70 1978.54 1994.64 1958.44 1918.98 1876.01 1928.95 1988.11
2049.34 2010.26 1970.38 1919.70 1960.71 2000.64 2037.93 1855.61 1623.37 1348.48 1618.36 1793.06 1916.20 2004.83 2086.32 2162.56 2174.13 2188.33 2198.17 2215.76 2233.05 2250.69 2240.53 2238.59
2246.58 2242.27 2239.82 2235.51 2253.32 2272.57 2289.70 2315.16 2330.76 2341.89 2434.08 2509.87 2564.57 2526.12 2487.90 2457.73 2407.30 2355.12 2298.61 2300.91 2306.36 2312.54 2352.34 2392.30
2433.84 2364.44 2288.20 2203.10 2159.43 2124.25 2102.12 2073.41 2039.52 2000.22 1975.77 1960.47 1961.91 1809.12 1708.64 1729.08 1835.86 1984.89 1999.77 1961.78 1918.97 1871.36 1785.90 1687.57
1572.55 1680.82 1932.44 2156.72 2292.57 2452.98 2617.78 2588.75 2554.88 2499.23 2437.72 2377.11 2318.48 2223.04 2129.06 2041.12 1841.44 1573.91 1499.30 1523.07 1638.01 1770.10 1933.65 1988.77
2036.57 1947.74 1845.85 1725.61 1591.93 1553.16 1666.32 1823.92 1837.82 1747.86 1687.78 1683.38 1723.64 1878.56 1979.41 2036.54 1977.28 1921.95 1873.60 1674.11 1369.48 1304.05 1401.57 1763.66
2003.30 2084.30 2163.76 2239.74 2212.01 2188.04 2167.31 2153.01 2132.34 2108.77 2043.42 1983.80 1929.25 1983.42 2040.57 2098.68 2120.51 2163.30 2220.23 2220.16 2219.83 2219.43 2235.45 2252.11
2270.84 2267.70 2273.06 2286.09 2290.59 2296.03 2304.64 2287.22 2274.78 2268.14 2189.51 2139.96 2121.36 2073.28 2029.67 1995.08 1849.62 1686.51 1621.47 1692.99 1792.52 1898.54 2015.37 2119.47
2215.80 2195.57 2207.50 2244.03 2237.72 2235.85 2235.04 2224.97 2208.14 2186.48 2140.45 2106.67 2086.03 2191.28 2288.41 2377.34 2344.62 2308.57 2265.55 2261.74 2299.60 2378.77 2374.38 2352.28
2305.87 2277.24 2289.67 2349.28 2331.32 2313.95 2297.04 2341.85 2378.89 2407.12 2338.18 2288.43 2255.42 2229.24 2209.37 2204.12 2209.70 2217.28 2221.69 2248.43 2276.16 2302.51 2274.39 2246.25
2216.67 2171.41 2153.93 2169.11 2211.03 2187.28 2189.36 2222.28 2252.55 2280.23 2337.23 2419.58 2504.35 2424.03 2343.58 2257.50 2208.45 2140.11 2061.35 2024.24 2033.51 2051.32 1989.71 1959.34
1969.07 2011.48 2000.10 1987.04 1927.72 1865.78 1796.75 1840.14 1884.90 1928.92 1965.56 2012.33 2060.97 2245.35 2395.91 2507.75 2480.26 2440.74 2393.24 2376.82 2370.67 2376.78 2372.01 2382.65
2408.40 2326.24 2237.34 2144.03 2146.49 2149.51 2144.66 2158.16 2176.96 2201.16 2342.36 2477.39 2601.35 2617.77 2636.79 2661.74 2554.29 2420.42 2238.23 2284.11 2353.99 2407.49 2398.41 2390.71
2386.08 2369.39 2350.72 2331.22 2318.85 2313.87 2317.50 2295.13 2274.51 2256.29 2267.05 2337.24 2429.44 2410.94 2401.28 2397.93 2367.29 2332.94 2284.27 2231.89 2176.37 2115.33 2090.46 2065.57
2037.89 1934.75 1813.62 1664.37 1609.58 1649.48 1751.91 1663.53 1567.89 1487.34 1150.00 1460.34 1430.94 1186.10 1076.92 1338.34 1610.93 1897.40 2122.39 2138.49 2174.68 2225.73 2251.60 2276.86
2303.49 2292.66 2281.29 2268.49 2283.65 2297.94 2308.54 2254.15 2193.71 2133.40 2013.51 1948.25 1947.73 1887.99 1968.26 2115.44 2149.93 2190.36 2199.04 2122.55 2057.04 2018.44 1979.57 1937.90
1895.36 1902.69 1909.30 1920.15 1921.95 1975.81 2041.26 1914.15 1757.67 1556.42 1231.71 1346.38 1572.33 1732.92 1858.41 1964.43 1942.33 1918.14 1884.99 1969.83 2062.44 2159.85 2191.28 2221.25
2247.86 2222.56 2195.72 2168.37 2181.42 2193.50 2206.63 2211.03 2212.47 2211.62 2236.99 2264.29 2268.66 2225.56 2183.63 2139.44 2125.94 2109.06 2083.27 2102.60 2122.16 2142.79 2124.90 2136.31
2178.45 2141.99 2259.53 2437.97 2452.13 2466.88 2481.23 2511.96 2537.04 2554.59 2503.19 2452.50 2405.10 2384.82 2373.10 2366.25 2311.95 2253.87 2185.26 2181.33 2178.50 2173.06 2072.12 1955.29
1820.20 1868.71 1913.66 1959.82 1932.59 1904.21 1873.36 1694.69 1445.27 1176.20 1269.53 1306.46 1568.72 1746.16 1902.72 2032.27 2087.02 2147.22 2206.59 2219.58 2234.45 2247.66 2251.47 2258.08
2263.89 2258.92 2258.24 2260.07 2282.28 2299.04 2322.46 2354.80 2378.63 2380.03 2383.27 2384.50 2376.42 2372.94 2371.03 2369.57 2325.71 2275.48 2211.16 2219.40 2228.80 2239.89 2241.41 2249.02
2263.71 2263.86 2274.65 2296.54 2287.72 2278.17 2267.89 2302.21 2327.84 2343.39 2284.91 2250.10 2243.76 2201.90 2183.54 2250.56 2283.96 2363.14 2433.60 2447.79 2416.40 2377.80 2477.85 2570.08
2658.24 2624.94 2592.29 2558.89 2539.58 2522.04 2507.00 2351.79 2192.87 2060.92 2000.84 2006.93 2064.45 1896.73 1722.21 1586.22 1724.75 1856.33 1817.52 1853.46 1920.50 2006.24 1990.64 1993.35
2013.95 1923.62 1827.56 1724.42 1790.16 1898.50 2014.12 1966.42 1920.38 1872.90 2052.33 2191.79 2300.07 2312.92 2330.59 2350.55 2332.04 2318.17 2303.31 2319.97 2336.80 2349.08 2352.13 2355.86
2360.57 2354.08 2347.37 2341.96 2309.14 2278.14 2248.04 2267.23 2278.49 2280.76 2284.45 2292.51 2302.75 2299.65 2308.16 2254.64 2237.47 2225.88 2214.52 2220.24 2225.11 2226.45 2175.75 2120.57
2060.59 1899.12 1759.03 1759.25 1859.97 1962.23 2058.02 2042.96 2032.13 1996.09 1957.37 2032.68 2094.20 2089.63 2043.78 2008.47 1943.95 1874.35 1795.61 1710.74 1622.29 1545.67 1634.79 1737.80
1838.44 1770.32 1695.40 1610.92 1581.77 1542.02 1196.44 1193.19 1430.49 1674.82 1747.63 1839.49 1924.56 2014.33 2107.03 2160.12 2142.23 2143.64 2162.02 2185.54 2208.31 2226.32 2234.22 2231.02
2226.23 2189.21 2154.21 2126.30 2031.11 1948.53 1907.50 1615.69 1478.53 1734.01 1746.20 1755.98 1758.95 1564.73 1359.33 1460.33 1745.97 2006.79 2202.03 2237.54 2253.45 2270.59 2264.29 2257.00
2250.71 2233.91 2219.64 2206.35 2253.34 2315.53 2380.43 2467.80 2546.76 2614.48 2614.64 2615.69 2617.28 2663.57 2710.51 2757.88 2709.22 2657.40 2592.14 2571.29 2551.95 2535.77 2474.41 2407.81
2339.34 2366.30 2391.39 2418.00 2382.90 2344.56 2302.93 2268.92 2241.69 2217.14 2211.46 2207.47 2204.94 2245.42 2301.05 2361.05 2295.09 2203.73 2038.48 2015.50 2064.99 2166.54 2206.79 2258.36
2317.06 2324.20 2334.44 2348.98 2351.42 2354.60 2358.89 2294.45 2224.78 2142.57 2089.60 2038.42 1992.71 1955.57 1926.97 1899.65 1760.93 1684.87 1781.98 1902.25 2008.75 2108.84 2134.60 2161.48
2187.77 2158.72 2129.11 2102.24 2160.77 2219.38 2275.02 2215.06 2152.41 2086.14 2117.25 2142.38 2162.65 2266.66 2369.00 2463.81 2410.53 2367.86 2342.52 2350.48 2359.16 2365.10 2342.11 2317.95
2292.44 2273.00 2252.95 2226.00 2212.73 2201.10 2186.62 2186.67 2185.67 2176.59 2257.93 2329.61 2383.66 2339.76 2259.78 2181.07 2185.98 2195.39 2202.51 2173.14 2144.53 2114.98 2093.44 2071.81
2050.26 1789.12 1487.53 1710.72 1635.63 1602.23 1855.86 1823.39 1802.66 1785.17 1655.20 1658.02 1607.33 1603.46 1622.10 1658.28 1535.16 1506.90 1639.17 1791.60 1951.51 2079.37 1996.96 1905.27
1796.42 1581.10 1259.54 1366.57 1625.72 1812.97 1963.02 1774.23 1556.30 1467.61 1573.81 1654.37 1718.37 1730.73 1748.16 1768.03 1753.44 1746.35 1737.52 1847.61 1956.71 2060.55 2054.56 2054.77
2063.99 2042.92 2024.34 2004.51 2012.94 2019.74 2029.36 2046.67 2058.39 2057.66 1950.78 1845.21 1740.23 1842.82 1957.33 2043.26 2092.33 2157.89 2229.79 2249.23 2263.91 2282.53 2272.87 2263.82
2253.04 2262.31 2272.33 2282.03 2253.12 2239.60 2242.88 2244.40 2246.05 2239.37 2179.36 2138.89 2114.27 2135.30 2143.83 2154.50 2180.47 2215.02 2254.46 2267.76 2282.13 2298.40 2297.14 2298.77
2309.60 2312.37 2314.72 2319.15 2313.77 2309.57 2309.40 2275.34 2237.96 2189.99 2162.00 2136.07 2111.46 2064.39 2020.07 1977.91 1966.01 2024.22 2124.89 2151.04 2170.48 2196.42 2194.64 2192.24
2190.56 2183.17 2181.90 2185.44 2111.48 2032.94 1951.16 1969.52 1986.59 1953.48 1727.90 1458.58 1242.36 1357.86 1733.36 1896.24 1943.54 2000.02 2056.61 2077.93 2102.48 2127.50 2108.48 2097.47
2093.16 2074.36 2054.62 2033.80 2081.36 2131.00 2177.35 2217.27 2253.47 2280.28 2283.71 2311.91 2353.07 2383.39 2415.60 2437.59 2384.23 2333.63 2286.01 2266.85 2246.21 2223.65 2239.97 2274.85
2324.28 2419.08 2458.52 2497.08 2504.31 2511.91 2506.74 2439.36 2370.44 2295.74 2260.88 2266.28 2312.84 2435.83 2520.12 2602.05 2506.32 2394.39 2256.98 2254.75 2254.39 2256.68 2276.39 2302.01
2332.41 2268.58 2197.97 2114.95 2162.33 2210.80 2190.20 2120.12 1966.14 1800.38 2076.36 2297.61 2453.44 2456.90 2481.16 2513.73 2436.99 2344.69 2230.03 2233.56 2250.89 2287.73 2302.45 2316.24
2330.12 2335.97 2342.01 2348.09 2338.73 2339.43 2351.37 2350.12 2328.58 2296.44 2226.54 2160.75 2099.46 2151.42 2207.17 2263.46 2174.41 2082.43 1988.53 1953.03 1918.60 1886.42 1941.80 1992.39
2034.33 1999.68 1956.88 1909.09 1982.86 2049.82 2113.74 2060.41 2001.71 1929.21 1902.61 1868.34 1837.08 1820.44 1847.21 1901.11 1956.76 2026.84 2104.80 2135.71 2181.05 2235.63 2267.31 2298.33
