1268.44 1596.69 1867.29 2052.94 2128.57 2183.83 2234.69 2342.67 2438.84 2520.46 2538.44 2561.39 2587.18 2607.32 2633.42 2664.85 2591.48 2508.86 2406.24 2415.13 2425.63 2435.57 2457.92 2482.48
2507.64 2507.28 2507.42 2506.61 2461.00 2418.61 2379.50 2384.27 2406.25 2442.12 2414.96 2400.16 2399.12 2384.33 2370.65 2358.70 2346.37 2349.54 2365.22 2247.56 2135.37 2047.94 1993.85 1955.26
1925.48 1930.90 1949.27 1989.63 2020.59 1968.02 1917.95 1744.19 1727.65 2102.36 2189.63 2273.06 2351.62 2375.44 2404.29 2430.74 2392.95 2333.03 2262.89 2355.37 2430.33 2485.49 2501.42 2474.40
2453.45 2427.34 2419.61 2369.67 2449.25 2529.68 2587.69 2506.14 2447.07 2418.39 2434.24 2450.37 2464.89 2359.73 2256.06 2157.48 2067.47 1963.70 1832.03 1697.15 1751.76 2054.76 2092.47 2131.42
2171.85 2169.24 2166.89 2165.54 2176.61 2189.41 2203.42 2104.21 1991.32 1854.21 1875.01 1900.27 1924.87 1990.23 2054.94 2119.95 2148.76 2195.96 2254.57 2246.54 2239.10 2231.80 2225.96 2221.00
2216.26 2210.07 2204.23 2200.68 2203.18 2206.68 2210.36 2220.28 2225.99 2224.43 2285.47 2339.88 2385.51 2394.63 2406.88 2422.04 2361.08 2290.01 2199.01 2283.34 2364.38 2441.42 2474.20 2506.06
2534.62 2496.22 2457.28 2415.54 2452.02 2475.11 2491.64 2510.76 2504.56 2499.68 2406.37 2329.24 2267.55 2222.01 2178.47 2138.41 2113.10 2086.68 2055.08 2025.00 2017.45 2037.60 2060.58 2084.49
2107.85 2109.15 2110.97 2114.12 2056.84 1994.23 1927.46 1836.34 1759.80 1717.61 1683.30 1813.28 1910.15 1931.72 1991.01 2056.25 2091.93 2128.83 2161.75 2235.85 2308.81 2381.06 2431.06 2480.89
2531.46 2476.41 2417.51 2354.92 2323.66 2290.22 2253.33 2269.14 2283.70 2295.88 2301.21 2340.10 2393.34 2350.95 2313.51 2283.42 2270.12 2257.68 2211.40 2191.90 2184.28 2188.93 2131.78 2068.70
2003.09 1973.53 1978.70 2037.05 1954.78 1871.73 1792.20 1696.13 1665.37 1710.02 1771.35 1869.29 1904.67 1971.83 2050.13 2132.96 2102.80 2072.98 2041.38 2026.22 2016.12 2013.35 2042.04 2073.51
2108.21 2151.68 2197.90 2244.67 2287.88 2330.77 2371.98 2377.90 2383.40 2369.51 2401.16 2419.56 2432.75 2426.60 2420.02 2414.54 2422.00 2431.96 2441.48 2376.97 2311.53 2246.83 2205.91 2160.48
2119.83 2189.99 2263.29 2330.86 2322.81 2306.90 2295.56 2184.70 2238.11 2392.47 2516.02 2657.38 2784.97 2766.19 2747.38 2732.37 2670.06 2601.42 2521.95 2496.32 2494.44 2505.56 2512.42 2505.99
2500.42 2458.89 2416.03 2374.89 2327.48 2275.90 2224.92 2361.10 2475.40 2564.98 2521.63 2484.21 2453.64 2432.50 2401.08 2373.96 2328.94 2286.72 2242.13 2231.96 2223.53 2214.42 2209.27 2204.04
2199.61 2163.60 2123.53 2078.10 2125.52 2170.88 2208.94 2226.88 2242.00 2249.88 2215.75 2171.72 2128.25 2096.84 2070.15 2046.54 1937.13 1814.73 1639.41 1677.02 1696.88 1737.38 1560.02 1306.34
1226.80 1567.05 1787.83 1951.13 1919.78 1878.85 1830.12 1767.77 1709.80 1658.25 1827.38 1971.58 2091.11 2086.78 2090.86 2104.41 2099.22 2096.62 2092.95 2034.39 1970.63 1905.63 1967.10 2026.87
2085.68 2104.34 2122.67 2143.25 2169.81 2201.37 2236.95 2225.41 2209.69 2186.84 2175.38 2201.53 2237.12 2297.62 2363.75 2428.48 2443.21 2461.22 2480.52 2495.39 2510.45 2526.47 2491.38 2458.30
2429.67 2396.71 2367.83 2326.87 2356.65 2387.53 2419.93 2364.67 2314.35 2270.40 2202.21 2193.97 2231.91 2232.72 2246.50 2261.07 2125.06 1965.14 1806.46 1809.60 1816.18 1827.32 1705.05 1555.47
1369.90 1174.59 1305.51 1176.78 1671.99 1975.99 2198.71 2240.80 2271.58 2294.64 2360.98 2414.70 2452.31 2484.96 2529.24 2578.96 2585.98 2601.87 2623.25 2621.16 2621.85 2625.30 2610.81 2604.74
2604.95 2495.14 2372.63 2232.22 2225.96 2696.02 3083.99 3115.13 3142.31 3160.47 3175.86 3194.50 3205.29 3169.11 3134.72 3101.94 3068.29 3033.82 2996.29 2970.19 2944.63 2920.96 2877.71 2830.91
2783.04 2724.65 2663.36 2582.55 2536.87 2487.10 2431.81 2406.55 2375.39 2336.98 2251.82 2164.01 2074.36 1857.70 1579.75 1395.33 1390.35 1562.18 1718.10 1930.15 2105.30 2256.90 2285.73 2321.12
2362.21 2333.79 2306.82 2280.11 2313.40 2345.54 2370.99 2471.04 2539.41 2591.18 2640.41 2679.76 2709.40 2727.89 2748.01 2768.67 2738.97 2709.11 2670.68 2730.45 2782.50 2832.26 2806.20 2780.95
2755.75 2727.70 2699.01 2668.56 2689.37 2709.85 2729.92 2726.57 2719.21 2708.91 2678.35 2647.94 2621.32 2631.61 2643.00 2648.04 2569.14 2472.11 2329.35 2169.48 1977.24 1770.85 2050.55 2633.11
3032.54 3005.22 2955.67 2891.21 2892.33 2893.84 2881.00 2898.08 2911.48 2922.67 2917.61 2912.36 2901.30 2823.47 2742.74 2667.49 2574.04 2466.16 2338.00 2273.36 2204.26 2133.66 1993.83 1860.23
1684.87 1671.85 1785.61 1934.69 1968.14 2023.95 2090.53 1983.02 1854.38 1694.54 1789.73 1866.61 1926.88 1868.55 1828.32 1814.76 1910.68 2026.99 2147.88 1993.06 1903.46 1974.81 2083.90 2191.19
2293.49 2278.64 2265.76 2258.38 2169.90 2142.46 2194.27 2120.70 2036.71 1938.00 1903.90 1974.07 2085.77 2128.05 2140.95 2160.18 2142.78 2123.18 2070.77 2077.87 2084.74 2087.48 2047.89 2008.30
1967.93 1911.90 1863.63 1822.74 1720.89 1605.76 1475.54 1453.47 1460.51 1489.28 1624.76 1810.25 1994.26 1945.52 1948.72 1995.42 2043.71 2092.33 2115.61 2138.68 2160.85 2181.91 2102.43 2043.17
2020.68 2027.38 2045.99 2074.45 1895.83 1793.58 1887.34 1734.27 1547.10 1369.22 1718.48 2009.80 2163.35 2123.24 2100.99 2098.28 2057.03 2010.70 1954.77 1731.49 1603.46 1792.87 1965.83 2130.68
2280.80 2270.21 2261.41 2252.74 2267.64 2285.78 2307.24 2291.88 2273.42 2247.03 2253.18 2262.91 2272.18 2151.40 2109.57 2167.25 2030.83 2188.44 2477.73 2684.22 2872.25 3009.55 2998.19 2983.75
2970.11 2943.66 2915.70 2890.77 2791.40 2683.54 2569.47 2535.04 2494.12 2447.43 2365.34 2281.90 2196.80 2147.23 2099.59 2055.83 2004.51 1969.56 1957.36 1895.73 1992.82 2103.64 2061.82 2027.63
2008.98 1875.12 1693.97 1585.12 1695.63 1803.08 1903.74 1842.03 1769.41 1689.97 1841.38 1972.09 2079.47 2159.97 2251.08 2343.63 2302.97 2254.06 2194.80 2187.42 2179.38 2170.85 2160.06 2149.88
2133.36 2136.40 2134.24 2131.73 2159.82 2186.38 2210.15 2267.91 2318.07 2357.11 2393.22 2425.87 2454.68 2433.33 2417.14 2404.68 2402.49 2401.33 2401.85 2400.15 2397.59 2395.55 2365.05 2333.46
2302.73 2207.61 2108.34 2019.95 2024.34 2006.59 1995.21 1922.72 1840.87 1693.84 1778.23 1903.22 2016.56 1972.65 1938.31 1918.61 1970.75 2012.89 2055.50 2067.98 2079.86 2088.67 2115.71 2147.83
2182.10 2137.84 2092.54 2045.22 2023.11 1985.26 1946.40 1946.67 1940.61 1906.62 2059.49 2181.38 2289.64 2301.72 2316.27 2328.40 2260.96 2187.65 2107.56 2137.65 2169.49 2205.60 2288.33 2362.40
2427.56 2422.78 2419.48 2416.99 2411.19 2383.75 2352.89 2332.89 2307.89 2276.36 2326.75 2367.27 2398.00 2393.86 2386.59 2381.81 2370.65 2365.28 2366.24 2384.37 2404.23 2427.06 2425.68 2426.09
2431.16 2420.86 2409.92 2399.03 2380.84 2362.63 2343.59 2334.17 2319.37 2296.30 2243.53 2206.37 2190.20 2116.51 2045.93 1981.35 1932.76 1918.62 1958.21 1978.36 2009.90 2050.44 2061.52 2073.77
2088.12 2077.17 2068.65 2064.76 2088.54 2111.45 2135.93 2140.65 2138.82 2131.23 2145.53 2166.61 2189.18 2217.98 2247.44 2280.57 2248.56 2218.68 2194.28 2267.32 2339.14 2409.53 2401.60 2398.07
2399.66 2373.53 2345.56 2317.41 2297.24 2277.65 2258.09 2252.76 2242.05 2227.85 2252.88 2290.18 2330.80 2317.62 2307.79 2303.05 2263.39 2224.28 2187.99 2306.31 2416.59 2521.40 2560.50 2600.78
2642.23 2627.24 2612.02 2597.13 2594.97 2596.86 2596.89 2398.13 2222.10 2188.89 2185.28 2277.05 2361.86 2402.01 2531.25 2719.93 2773.27 2796.60 2808.95 2792.63 2775.86 2749.45 2768.64 2776.31
2787.58 2758.21 2738.91 2732.64 2714.20 2698.43 2683.07 2731.66 2779.12 2822.35 2739.99 2658.01 2576.77 2569.32 2565.57 2568.63 2502.48 2436.91 2375.72 2342.36 2311.16 2282.96 2275.52 2271.73
2272.80 2281.97 2291.47 2300.89 2383.31 2479.64 2580.99 2548.48 2514.47 2480.05 2347.29 2192.13 2005.16 2082.81 2156.11 2223.55 2190.35 2177.39 2186.02 2124.03 2060.15 1992.87 1965.95 1945.83
1935.19 2027.81 2123.18 2179.25 2093.20 1998.58 1894.45 2024.72 2148.89 2259.39 2147.85 2050.49 1960.18 1920.44 1918.91 1950.11 1965.60 1985.05 2008.28 1996.59 1978.97 1962.45 1965.06 1969.18
1971.82 2053.67 2130.69 2203.52 2201.99 2209.78 2199.69 2247.92 2287.26 2322.42 2315.05 2312.35 2323.54 2240.43 2148.14 2037.81 1883.54 1684.83 1388.99 1626.68 1798.24 1938.89 2067.62 2192.82
2313.85 2170.00 2211.70 2400.59 2505.61 2715.55 2898.40 2864.40 2831.31 2804.54 2743.90 2684.17 2615.16 2537.52 2461.40 2390.26 2301.97 2197.55 2099.40 2058.84 2019.80 1983.98 1887.32 1833.20
1858.68 1707.93 1493.01 1227.05 1480.37 1737.99 1926.17 1985.34 2030.08 2064.65 2205.36 2331.26 2436.98 2464.13 2492.64 2523.87 2479.92 2428.08 2370.39 2447.09 2520.74 2591.55 2615.55 2644.02
2675.49 2670.54 2667.16 2665.54 2683.58 2701.03 2720.43 2732.19 2735.52 2733.04 2742.01 2758.70 2778.38 2724.68 2673.01 2627.24 2561.35 2490.62 2418.24 2375.24 2326.53 2271.10 2311.22 2350.28
2388.03 2378.01 2375.44 2380.31 2346.55 2311.88 2276.35 2318.46 2350.64 2375.40 2351.95 2343.66 2345.44 2266.12 2190.72 2121.75 1969.20 1795.00 1675.93 1311.56 1478.21 1843.58 1962.21 2072.27
2176.23 2245.84 2290.88 2281.03 2303.36 2326.41 2353.14 2322.05 2299.03 2287.59 2187.70 2100.63 2046.38 2021.10 2013.97 2017.24 2028.42 2016.55 2008.96 1938.03 1916.37 1963.90 1950.30 1938.24
1925.84 1857.97 1818.27 1745.36 1358.88 1639.29 1958.41 2071.48 2285.55 2495.64 2530.32 2561.92 2594.33 2562.00 2535.08 2517.76 2476.11 2432.13 2387.78 2379.58 2367.69 2355.43 2411.02 2496.66
2598.54 2575.06 2553.16 2534.35 2555.58 2578.93 2602.37 2624.11 2639.02 2653.39 2604.50 2560.58 2524.03 2508.12 2495.45 2486.97 2459.76 2431.98 2408.65 2388.29 2364.60 2340.41 2355.78 2389.11
2435.13 2466.77 2500.97 2533.63 2541.12 2550.11 2559.79 2512.54 2463.50 2415.17 2365.78 2319.18 2275.06 2176.62 2046.26 1861.44 1919.29 1983.06 2146.29 2173.11 2232.98 2314.22 2101.18 1840.13
1811.53 1752.39 2048.43 2314.07 2343.13 2372.19 2402.18 2323.68 2233.98 2143.32 1878.23 1602.05 1579.58 1594.40 1625.93 1673.21 1368.54 1512.20 1901.01 1832.91 1766.43 1720.53 1829.48 1931.43
1996.91 2100.11 2178.94 2246.33 2169.29 2095.64 2026.81 2057.69 2082.52 2099.42 2303.42 2462.47 2594.72 2545.90 2497.21 2445.20 2447.68 2452.44 2460.26 2420.46 2351.35 2265.96 2213.90 2162.58
2113.14 2023.28 1946.90 1850.27 1997.41 2124.05 2237.12 2271.20 2320.75 2383.43 2271.16 2131.80 1977.05 2031.95 2084.66 2132.59 2095.49 2071.51 2066.98 2072.23 2084.11 2107.97 2076.92 2025.96
1982.91 2006.44 2086.75 2189.97 2207.79 2231.45 2255.67 2214.63 2209.80 2235.00 2296.16 2418.80 2555.76 2544.10 2540.65 2549.40 2525.54 2498.90 2471.86 2453.56 2432.42 2412.43 2387.99 2365.88
2395.73 2417.46 2477.61 2565.67 2561.85 2552.24 2544.85 2525.31 2499.14 2473.18 2401.91 2359.38 2349.28 2235.44 2117.12 1994.75 2012.15 2032.22 2056.30 2056.10 2054.99 2060.90 1994.36 1969.85
2000.90 2057.98 2129.92 2211.56 2212.99 2214.51 2213.33 2242.41 2268.96 2287.55 2336.27 2359.63 2382.73 2431.82 2482.31 2534.31 2453.00 2337.75 2205.91 2280.44 2354.62 2430.12 2350.50 2261.15
2156.42 2115.31 2073.48 2026.56 2001.98 1990.90 1992.18 2041.08 2080.80 2109.73 2140.48 2161.62 2181.78 2221.79 2264.04 2315.40 2319.97 2325.14 2325.59 2339.22 2346.53 2354.16 2353.47 2355.85
2363.07 2256.73 2144.85 2035.64 2029.90 2022.59 2012.07 1950.20 1876.65 1792.01 1583.42 1340.09 1146.49 1442.01 1667.81 1840.48 1902.54 1962.28 2022.03 1945.07 1782.25 1554.20 1086.54 1220.24
1543.52 1678.47 1795.27 1899.19 2029.62 2156.76 2275.50 2403.18 2520.51 2632.50 2591.77 2551.41 2507.30 2470.51 2435.33 2403.09 2230.64 1947.68 1522.87 1713.78 1910.78 2082.21 2072.73 2065.93
2063.98 1932.53 1863.23 1934.34 1913.41 1906.07 1915.85 1831.67 1729.59 1611.19 1750.55 1930.25 2072.70 2085.17 2098.81 2112.47 2085.21 2059.79 2039.09 1895.73 1838.67 1947.98 1941.60 1939.08
1936.97 1945.07 1959.29 1956.38 1941.49 1943.47 1963.85 1956.72 1950.24 1945.41 1889.03 1876.97 1905.30 1855.27 1781.86 1686.08 1697.99 1727.41 1772.40 1800.17 1848.29 1913.24 1886.82 1848.99
1819.92 1742.03 1672.65 1629.34 1777.25 1942.71 2097.61 2385.70 2617.20 2783.05 2823.85 2863.76 2902.88 2905.53 2907.74 2909.11 2896.95 2888.02 2883.28 2854.66 2822.73 2790.79 2804.99 2821.74
2840.73 2814.54 2787.40 2758.94 2817.09 2872.63 2927.26 2919.80 2908.77 2896.34 2857.10 2819.40 2783.25 2750.44 2720.81 2691.05 2656.88 2622.91 2585.87 2516.84 2433.83 2344.45 2329.30 2313.04
2297.00 2326.21 2354.90 2362.66 2356.98 2352.26 2347.59 2430.94 2501.59 2563.92 2547.82 2536.94 2529.83 2474.29 2424.67 2384.69 2293.15 2198.42 2114.47 2159.01 2234.11 2332.26 2311.90 2299.37
2295.76 2262.41 2242.06 2235.43 2137.61 2027.54 1900.68 1727.42 1672.23 1771.49 1884.77 2114.47 2313.17 2328.19 2339.30 2353.86 2326.48 2301.24 2280.20 2317.00 2349.45 2379.58 2382.85 2391.58
2404.19 2381.57 2366.70 2339.64 2324.72 2310.23 2294.38 2340.47 2376.56 2406.18 2441.96 2480.14 2511.60 2520.24 2530.62 2534.85 2510.19 2482.96 2455.15 2448.87 2434.96 2420.65 2463.02 2512.28
2568.18 2572.02 2575.98 2580.14 2570.79 2561.63 2550.99 2497.40 2433.93 2366.40 2294.16 2229.17 2169.95 2155.96 2155.54 2166.92 2146.94 2136.67 2141.31 2241.11 2333.34 2423.28 2446.96 2471.17
2496.36 2527.07 2557.98 2587.15 2624.22 2661.19 2697.49 2656.27 2624.61 2613.88 2527.86 2489.62 2488.60 2404.59 2319.67 2245.74 2145.17 2031.95 1923.08 1840.47 1744.02 1651.17 1592.04 1626.45
1648.14 1701.72 1809.08 1929.91 1987.80 2048.57 2108.26 2107.23 2100.38 2088.36 2104.70 2118.01 2125.69 2149.11 2175.59 2206.42 2204.20 2214.70 2240.13 2242.57 2241.19 2236.87 2264.19 2296.10
2331.77 2284.63 2239.20 2199.32 2190.68 2224.61 2291.48 2351.64 2403.50 2452.84 2416.15 2388.80 2369.02 2335.89 2300.29 2270.14 2275.46 2284.68 2299.83 2262.73 2229.27 2207.20 2256.52 2304.93
2353.41 2295.99 2234.04 2166.37 2194.92 2224.83 2254.28 2266.55 2286.84 2315.65 2310.16 2337.19 2380.43 2383.95 2379.38 2381.46 2376.52 2372.37 2371.24 2410.24 2445.65 2482.21 2575.66 2663.79
2747.44 2837.31 2926.02 3011.24 2974.45 2941.20 2910.84 2750.64 2549.26 2204.10 2228.46 2261.22 2279.00 2340.71 2415.01 2487.59 2460.44 2437.82 2423.24 2416.45 2404.07 2388.68 2446.31 2501.55
2552.80 2496.30 2459.79 2448.47 2340.23 2334.33 2450.84 2448.61 2441.15 2434.00 2490.57 2580.29 2672.52 2638.02 2615.43 2588.00 2508.25 2418.06 2319.15 2298.57 2272.69 2248.38 2234.82 2220.64
2205.75 2222.08 2238.70 2254.56 2318.24 2381.34 2444.67 2543.28 2622.68 2691.21 2663.55 2643.47 2630.89 2568.00 2509.60 2456.38 2395.63 2329.23 2257.53 2244.30 2242.68 2265.69 2271.50 2277.38
2283.59 2329.94 2375.25 2418.86 2409.90 2404.25 2399.80 2349.03 2302.25 2263.26 2220.39 2193.34 2179.44 2121.86 2074.43 2039.15 1977.28 1910.60 1840.60 1913.55 2000.28 2094.93 2066.54 2053.87
2059.26 2072.57 2092.52 2120.52 2089.57 2058.05 2025.18 1973.62 1911.20 1845.57 1880.33 1959.10 2045.70 1979.63 1923.35 1881.33 1859.25 1847.17 1851.11 1758.38 1684.60 1686.79 1707.55 1793.83
1909.74 1913.02 1925.90 1948.25 2000.05 2073.49 2157.43 2010.72 1839.52 1642.58 1557.36 1708.58 1876.42 1908.15 1943.39 1978.99 1961.16 1946.62 1941.39 1895.91 1839.11 1774.52 1711.52 1606.65
1490.21 1677.97 1872.60 2039.31 1932.25 1828.98 1657.26 1732.88 1802.52 1846.68 1881.56 1938.62 1986.73 2020.41 2056.29 2065.43 2024.25 1979.01 1934.81 2013.54 2083.54 2131.48 2124.85 2121.38
2117.68 2074.28 2037.76 2001.65 1899.15 1780.51 1636.41 1541.39 1668.65 1821.00 1883.14 1922.19 1957.32 1877.79 1795.81 1718.50 1691.06 1663.75 1641.52 1662.98 1706.62 1776.17 1753.93 1740.66
1739.93 1794.45 1847.07 1898.43 1894.10 1887.72 1882.87 1704.93 1588.98 1628.24 1627.27 1625.52 1628.18 1577.29 1579.46 1633.66 1627.24 1620.68 1622.20 1462.79 1292.87 1366.99 1302.09 1209.66
1146.09 1407.57 1596.45 1810.60 1758.05 1726.28 1697.48 1618.36 1516.08 1430.90 1510.64 1626.81 1725.33 1785.60 1845.99 1906.62 1934.59 1964.90 2002.11 2072.40 2139.28 2209.07 2217.61 2228.38
2242.02 2228.40 2215.99 2201.40 2218.37 2238.11 2231.27 2255.48 2248.49 2238.34 2262.95 2302.40 2339.07 2350.04 2366.20 2392.43 2416.10 2441.61 2471.55 2479.99 2483.17 2485.59 2482.73 2481.11
2482.63 2436.47 2389.79 2341.80 2305.88 2268.95 2221.93 2269.77 2303.04 2328.59 2287.92 2254.10 2224.92 2174.85 2129.04 2086.80 2087.93 2093.48 2110.40 2118.55 2120.63 2121.90 2152.51 2191.44
2237.11 2111.85 1989.82 1914.27 1737.97 1655.13 1709.76 1812.70 1913.45 2000.11 2033.31 2086.36 2144.18 2248.75 2338.27 2410.78 2388.19 2362.44 2339.16 2334.93 2328.39 2326.82 2334.36 2342.35
2352.08 2337.98 2323.10 2308.09 2252.10 2189.81 2120.58 2093.72 2096.91 2118.87 2019.34 1860.59 1751.28 1804.60 1933.51 2022.62 1995.33 1967.91 1945.61 1905.54 1913.60 1986.57 2020.11 2062.01
2112.70 2109.98 2106.91 2105.85 2127.29 2149.95 2172.70 2220.44 2261.73 2282.32 2227.17 2179.41 2140.79 2152.73 2168.39 2185.64 2143.12 2096.68 2051.83 2107.62 2157.82 2208.16 2249.52 2290.79
2332.94 2305.76 2278.43 2248.84 2211.64 2171.38 2128.99 2243.68 2332.79 2394.55 2402.53 2409.11 2417.88 2426.12 2438.03 2452.02 2452.09 2452.58 2456.45 2459.22 2453.07 2446.35 2467.37 2489.24
2512.17 2451.01 2383.60 2309.05 2280.45 2259.05 2242.94 2290.91 2338.82 2378.51 2404.88 2431.96 2446.95 2493.32 2541.78 2589.79 2577.34 2564.98 2557.52 2557.45 2549.73 2542.15 2577.44 2612.66
2647.73 2585.06 2518.57 2447.95 2386.62 2321.71 2250.19 1994.08 1939.05 2066.96 2260.47 2544.75 2805.46 2798.65 2778.08 2748.75 2784.43 2822.55 2865.07 2872.65 2873.55 2873.86 2840.52 2808.03
2776.78 2760.23 2745.55 2732.70 2709.74 2687.08 2664.61 2680.45 2693.49 2704.85 2649.58 2596.57 2544.99 2506.28 2478.86 2460.27 2431.64 2406.86 2389.97 2320.74 2242.64 2170.61 2121.62 2071.35
2021.14 1981.49 1993.12 2052.77 1962.79 1878.82 1816.29 1787.61 1763.82 1746.71 1804.70 1860.72 1883.68 1911.65 1951.34 1986.80 1988.72 1994.13 2001.03 1899.61 1764.71 1591.29 1713.74 1849.46
1977.92 1968.55 1997.66 2060.92 2050.98 2044.94 2041.07 1952.94 1881.12 1825.17 1645.89 1523.77 1555.35 1106.62 1467.48 1736.67 1839.43 1947.17 2056.61 2133.77 2210.46 2294.31 2278.03 2263.04
2249.61 2241.94 2233.15 2223.12 2202.26 2182.35 2109.99 2159.51 2204.77 2236.86 2309.23 2367.19 2425.86 2483.02 2536.05 2583.14 2597.54 2612.17 2627.69 2631.97 2633.32 2634.94 2640.93 2649.82
2663.14 2638.96 2613.86 2588.87 2524.91 2448.87 2364.41 2315.14 2250.71 2187.13 2100.87 2082.19 2120.94 1868.15 1513.64 1122.97 1357.14 1586.20 1771.72 1832.27 1888.57 1949.78 1860.41 1829.88
1893.01 1836.78 1783.61 1737.18 1832.98 1928.34 2013.64 2017.75 1994.08 1962.80 1980.70 1998.01 2016.44 1998.33 1995.63 2008.29 2012.39 2020.02 2027.80 2035.12 2008.20 1971.11 1972.50 1979.42
1996.92 2090.70 2177.65 2261.89 2219.06 2173.19 2122.64 2167.78 2196.71 2223.19 2119.87 2120.53 2158.44 2121.32 2120.84 2131.86 2149.61 2148.80 2155.95 2123.11 2085.63 2048.04 2046.38 2053.75
2070.50 2056.61 2045.32 2016.70 1929.62 1843.73 1767.25 1708.18 1639.38 1580.09 1573.04 1641.18 1737.18 1730.90 1751.03 1837.80 1883.63 1937.94 1956.30 1881.58 1822.62 1815.50 1757.88 1812.19
1937.82 2021.53 2097.44 2169.24 2140.91 2112.48 2084.56 2119.60 2148.37 2167.80 2156.78 2147.22 2136.97 2130.85 2127.77 2130.65 2123.11 2116.98 2112.94 2119.17 2118.49 2120.21 2126.52 2132.79
2140.26 2068.14 1966.44 1866.20 1846.00 1825.31 1803.39 1660.72 1541.07 1482.26 1440.55 1462.34 1463.47 1398.19 1370.36 1395.43 1421.94 1490.62 1586.81 1814.28 1996.11 2150.67 2160.44 2163.15
2165.57 2223.26 2283.30 2344.66 2346.30 2347.99 2350.50 2379.03 2396.81 2386.39 2404.29 2419.62 2440.30 2470.56 2503.14 2538.76 2554.34 2572.12 2594.51 2638.84 2676.18 2714.82 2691.57 2666.83
2641.23 2610.85 2578.75 2544.60 2430.44 2294.03 2123.77 2068.95 2051.35 2018.55 1872.27 2032.73 2241.60 2188.72 2161.76 2167.81 2049.61 1916.22 1824.49 1843.69 1850.79 1858.40 1896.24 1933.91
1971.78 2014.73 2056.57 2098.36 2126.03 2182.93 2259.44 2321.55 2364.11 2389.82 2383.36 2378.32 2375.36 2381.11 2399.89 2430.69 2415.62 2404.06 2396.08 2329.41 2267.60 2233.94 2272.92 2311.61
2349.01 2443.26 2529.87 2611.47 2673.23 2735.18 2779.18 2752.32 2724.07 2695.71 2482.83 2279.97 2161.13 1487.73 1565.73 2057.14 1948.48 1932.69 2027.75 2270.88 2501.63 2713.56 2785.63 2864.40
2947.41 2966.53 2982.44 2987.43 2912.08 2832.13 2749.84 2710.49 2674.09 2637.51 2582.69 2531.81 2485.90 2400.74 2325.25 2263.84 2096.28 1894.88 1686.21 1499.55 1907.08 2240.38 2262.58 2283.98
2306.15 2323.28 2340.89 2360.07 2357.11 2353.23 2349.28 2363.67 2384.01 2388.72 2423.08 2458.30 2493.36 2466.84 2446.84 2432.64 2396.79 2360.24 2325.59 2345.57 2354.35 2363.08 2421.54 2484.97
2550.55 2508.03 2462.26 2412.83 2376.17 2337.33 2294.54 2373.97 2433.33 2473.63 2445.93 2421.53 2401.41 2416.16 2439.37 2470.60 2480.00 2490.86 2502.94 2514.06 2515.75 2516.54 2561.46 2605.56
2648.50 2589.67 2526.38 2457.99 2383.73 2304.03 2216.53 2316.00 2396.85 2461.60 2419.32 2379.13 2339.53 2421.55 2498.56 2567.88 2559.23 2550.33 2543.06 2536.71 2521.49 2504.28 2429.13 2332.34
2239.36 2195.12 2148.68 2101.00 2074.23 2046.29 2014.58 1810.22 1646.25 1688.33 2039.95 2360.73 2596.89 2613.38 2631.42 2627.29 2642.82 2660.97 2681.77 2555.11 2387.61 2184.30 2150.21 2137.56
2151.86 2199.07 2251.95 2309.09 2347.39 2389.31 2432.79 2507.08 2562.75 2578.66 2607.04 2639.36 2674.27 2640.91 2609.88 2582.34 2516.14 2443.01 2362.03 2349.67 2321.48 2266.17 2194.38 2098.25
2010.55 1930.20 1846.21 1763.38 1699.76 1634.27 1568.07 1453.94 1403.30 1342.93 1594.27 1778.61 1915.76 1910.20 1918.69 1941.81 1890.58 1839.52 1794.85 1952.45 2094.23 2228.63 2227.51 2227.39
2226.98 2261.44 2295.29 2329.16 2312.40 2295.59 2275.58 2307.99 2339.24 2352.36 2353.50 2355.05 2356.39 2365.45 2378.50 2394.52 2408.64 2425.76 2449.02 2447.59 2434.30 2418.91 2425.42 2433.41
2445.18 2427.42 2411.08 2395.51 2352.53 2302.38 2242.70 2278.19 2298.97 2310.59 2281.61 2255.09 2232.46 2251.52 2273.34 2299.94 2296.98 2295.67 2295.27 2300.36 2290.62 2279.68 2284.00 2289.29
2294.31 2280.20 2268.25 2258.28 2228.22 2198.97 2165.07 2149.31 2137.02 2126.11 2169.77 2212.67 2283.39 2259.42 2242.52 2233.44 2185.14 2137.22 2092.81 2072.97 2040.57 2007.00 1990.57 1975.66
1962.13 1915.83 1872.38 1835.96 1335.16 1674.99 2024.20 1916.13 1794.72 1683.33 1686.97 1703.03 1738.04 1810.45 1880.89 1948.37 1919.00 1834.83 1755.63 1840.26 1918.99 1996.00 1984.97 1985.96
2002.34 2037.12 2068.92 2063.57 2086.26 2102.16 2105.90 2113.05 2120.67 2122.04 2121.60 2124.48 2128.34 2123.16 2127.99 2141.06 2084.33 2020.60 1951.90 1992.23 2022.85 2053.65 2035.73 2053.75
2073.31 2073.85 2087.37 2113.58 2090.51 2132.25 2231.86 2222.30 2214.18 2241.68 2176.54 2121.05 2077.11 2028.46 1985.99 1949.40 1911.29 1877.49 1851.22 1961.95 2061.38 2160.86 2156.01 2151.30
2140.13 2148.25 2149.95 2165.55 2143.47 2139.43 2124.90 2170.82 2210.04 2232.19 2264.21 2308.92 2357.54 2356.34 2360.90 2371.46 2335.52 2296.14 2258.26 2224.35 2181.01 2143.19 2128.26 2117.78
2110.71 2097.88 2085.97 2075.86 2068.37 2069.06 2072.93 2051.53 2031.73 1999.07 2064.02 2134.14 2200.34 2197.29 2202.06 2214.10 2218.25 2224.11 2234.24 2288.78 2334.37 2381.64 2383.03 2386.06
2390.84 2354.38 2314.92 2273.76 2266.01 2239.63 2207.44 2229.35 2240.42 2223.79 2249.54 2280.52 2315.71 2291.93 2272.23 2256.09 2200.50 2160.19 2147.99 2206.70 2255.87 2306.34 2296.91 2286.42
2277.69 2283.47 2289.52 2296.07 2288.58 2281.87 2270.64 2311.89 2352.57 2384.36 2433.49 2478.11 2519.33 2522.47 2528.76 2538.97 2511.57 2481.91 2450.72 2446.29 2431.16 2415.31 2411.86 2409.82
2410.23 2406.97 2403.52 2400.31 2369.72 2337.20 2301.76 2336.20 2364.71 2383.52 2349.35 2317.17 2288.79 2321.84 2363.71 2408.68 2393.55 2373.10 2353.06 2343.15 2322.45 2298.47 2317.25 2335.57
2352.10 2028.06 1426.16 1732.08 1381.90 1725.89 2047.24 2011.47 1997.45 1992.19 1922.04 1856.68 1796.81 1778.17 1764.66 1770.93 1739.29 1703.95 1668.24 1842.12 1988.71 2122.73 2054.51 1979.58
1899.12 1893.53 1899.01 1903.92 1839.94 1833.28 1825.62 1869.64 1881.71 1910.12 1923.78 1977.30 2040.52 2106.16 2169.38 2228.47 2204.02 2176.64 2152.25 2024.24 1893.65 1831.45 1741.93 1648.43
1484.19 1387.00 1573.02 1777.95 1819.74 1843.49 1885.22 2015.79 2151.32 2266.17 2248.23 2233.45 2219.47 2153.61 2088.56 2021.90 1972.90 1922.54 1869.73 1827.49 1776.58 1744.72 1728.34 1750.20
1750.50 1837.94 1869.66 1901.36 1926.28 1966.59 2013.70 2075.89 2124.60 2140.67 2069.06 1998.02 1943.29 1936.76 1936.17 1940.61 1951.18 1974.48 2012.58 2045.96 2066.03 2083.99 2091.34 2098.88
2108.32 2083.04 2057.40 2034.90 2038.61 2047.95 2059.99 2014.96 1966.84 1910.73 1957.11 1996.14 2041.92 2005.11 1974.95 1950.83 1920.86 1906.64 1916.33 1979.56 2029.35 2079.58 2076.25 2076.21
2081.80 2053.25 2024.65 1996.88 1952.22 1921.16 1912.19 1851.95 1816.09 1789.61 1969.22 2109.52 2239.81 2283.27 2329.07 2377.66 2370.60 2364.90 2360.77 2320.52 2263.09 2195.26 2166.30 2133.31
2097.90 2130.55 2163.99 2197.58 2166.63 2108.55 2039.00 2130.67 2203.57 2244.26 2135.94 2038.82 1956.38 1939.73 1935.12 1940.00 2044.90 2147.83 2245.74 2229.75 2199.52 2163.69 2193.78 2226.41
2260.47 2199.59 2107.16 2005.42 1993.20 1981.89 1965.94 1602.54 1269.55 1631.07 1849.18 2017.11 2150.85 2197.77 2258.70 2340.95 2319.56 2297.17 2273.97 2362.10 2443.35 2525.27 2539.32 2554.67
2571.79 2562.15 2551.40 2540.18 2537.43 2534.81 2528.06 2488.49 2449.25 2406.06 2358.73 2317.99 2287.38 2226.78 2200.23 2207.84 2179.20 2152.55 2126.72 2056.78 2016.03 2035.57 1923.75 1797.09
1651.77 1814.89 1914.11 1984.13 1951.35 1923.72 1869.71 1855.35 1849.82 1859.15 1711.60 1539.72 1354.94 1487.98 1601.13 1673.19 1490.48 1478.54 1682.83 1557.50 1746.53 1966.24 1934.60 1874.31
1820.25 1887.83 1959.09 2030.17 2024.62 2026.17 2047.35 2036.57 2029.33 2024.62 2059.43 2090.89 2117.91 2058.76 2004.63 1951.45 1919.00 1891.84 1872.30 1893.84 1902.92 1909.35 1781.97 1621.72
1399.81 1274.44 1607.87 1813.45 1736.64 1651.62 1541.92 1497.15 1389.89 1287.89 1442.72 1559.10 1650.60 1665.00 1695.24 1738.55 1758.13 1781.00 1806.01 1826.02 1845.70 1877.43 1856.03 1849.92
1863.68 1870.48 1893.07 1930.21 1870.02 1817.16 1765.03 1618.56 1509.55 1471.27 1397.45 1408.35 1490.91 1225.22 1303.50 1654.19 1782.24 1915.60 2044.23 2033.80 2025.75 2026.79 1962.53 1900.61
1843.68 1832.87 1820.81 1811.15 1772.48 1741.46 1714.77 1703.73 1690.79 1668.71 1708.68 1747.98 1796.90 1806.96 1819.69 1827.41 1783.75 1750.25 1735.18 1844.30 1940.49 2031.79 1991.46 1953.25
1918.33 1891.13 1862.72 1834.50 1802.97 1775.06 1749.51 1796.30 1839.82 1873.68 1946.30 2007.86 2064.06 2086.18 2115.01 2141.20 2136.59 2137.09 2143.57 2181.70 2208.09 2234.72 2231.45 2232.43
2240.13 2231.00 2222.27 2213.62 2194.90 2180.80 2141.58 2243.52 2309.64 2348.60 2362.51 2378.20 2393.33 2408.07 2427.95 2453.45 2450.16 2446.22 2443.05 2461.90 2474.12 2487.65 2490.08 2492.96
2495.44 2477.53 2459.21 2441.08 2454.96 2469.24 2478.18 2468.21 2455.99 2443.70 2424.90 2415.05 2416.45 2436.21 2446.26 2469.45 2442.89 2385.79 2323.75 2240.81 2144.28 2039.54 2138.03 2230.79
2290.59 2243.67 2189.87 2122.29 2046.58 1966.09 1872.06 1645.28 1474.92 1449.05 1292.20 1481.77 1677.54 1727.70 1823.77 1931.10 1940.88 1955.05 1974.90 1986.94 1994.73 2005.95 1930.15 1892.71
1911.79 1970.13 2034.48 2102.24 2122.35 2144.83 2162.13 2234.31 2299.62 2352.25 2398.37 2444.02 2487.10 2494.20 2505.59 2521.59 2542.11 2563.82 2587.71 2588.64 2580.58 2568.94 2583.68 2598.54
2613.67 2615.05 2617.19 2620.10 2555.46 2484.96 2402.56 2388.06 2373.55 2359.80 2330.93 2347.95 2391.48 2282.11 2172.04 2061.99 2011.27 1968.33 1939.28 1881.05 1835.01 1838.32 1925.39 2009.15
2090.26 2118.28 2144.59 2170.44 2174.59 2179.20 2176.76 2220.79 2254.13 2274.50 2297.99 2322.13 2347.14 2390.50 2436.11 2483.59 2465.20 2446.97 2428.68 2399.24 2355.00 2299.71 2354.42 2408.86
2463.57 2469.53 2476.01 2483.47 2449.57 2415.69 2373.63 2377.30 2377.29 2370.70 2373.42 2377.71 2381.46 2366.44 2356.38 2351.48 2367.25 2385.32 2405.80 2409.97 2403.59 2393.77 2359.93 2324.54
2288.47 2285.12 2281.89 2278.61 2237.44 2194.65 2142.08 2167.01 2186.45 2197.08 2251.59 2301.44 2346.37 2341.65 2344.02 2353.42 2322.22 2289.72 2256.68 2273.38 2277.75 2277.69 2231.79 2182.19
2129.88 2076.98 2030.93 1996.72 2032.74 2065.98 2090.44 2120.95 2170.43 2213.40 2233.85 2262.71 2298.25 2248.90 2222.26 2218.19 2209.02 2201.66 2200.09 2200.08 2189.44 2173.74 2173.35 2173.28
2175.76 2123.83 2066.91 2007.37 2004.15 1998.48 1971.13 2023.35 2047.33 2050.46 2075.57 2107.40 2141.13 2131.47 2136.35 2154.27 2142.72 2134.71 2131.63 2157.30 2172.05 2183.00 2167.29 2155.52
2150.27 2167.73 2188.79 2211.75 2186.17 2145.92 2077.21 2108.74 2130.42 2110.52 2159.35 2246.47 2350.55 2339.37 2343.22 2365.38 2374.33 2389.83 2411.53 2397.02 2373.27 2346.18 2344.99 2343.01
2342.72 2347.28 2352.26 2357.87 2380.61 2402.30 2416.25 2418.32 2417.85 2415.53 2412.73 2412.50 2410.41 2409.29 2416.09 2430.78 2413.66 2396.16 2378.97 2404.70 2422.43 2438.17 2401.97 2363.73
2324.65 2299.58 2275.53 2251.92 2230.18 2208.74 2178.48 2178.96 2176.30 2168.08 2217.65 2263.95 2319.68 2282.14 2246.40 2208.16 2185.42 2167.86 2157.48 2131.56 2055.59 1920.80 1876.47 1778.51
1588.38 1640.55 1702.72 1718.07 1744.22 1738.58 1745.34 1548.48 1570.95 1655.22 1622.71 1666.86 1747.51 1740.06 1840.06 1981.32 1992.42 2009.30 2032.67 2011.18 1980.70 1950.65 1947.17 1961.15
1994.21 1974.23 1952.47 1928.76 1917.82 1907.36 1888.11 1882.66 1886.53 1888.85 1700.12 1476.78 1249.61 1164.43 1097.57 1251.03 1418.67 1544.49 1648.84 1673.44 1688.75 1703.85 1697.13 1695.65
1697.30 1671.60 1665.40 1678.48 1633.02 1596.67 1565.71 1535.02 1499.55 1455.64 1334.30 1244.09 1211.04 1200.30 1204.08 1219.05 1357.52 1527.16 1689.35 1763.86 1826.95 1883.84 1887.22 1897.83
1916.75 1849.98 1778.09 1702.52 1713.18 1734.80 1757.81 1547.88 1327.52 1306.68 1294.76 1169.72 1057.36 766.18 1096.66 1281.51 1529.39 1718.05 1878.40 1895.41 1907.49 1919.61 1888.99 1857.68
1824.80 1838.22 1847.73 1868.54 1831.44 1782.43 1719.34 1703.42 1685.74 1663.04 1676.60 1688.70 1707.71 1772.59 1838.34 1900.37 1888.22 1878.05 1872.64 1899.94 1917.50 1930.60 1912.08 1892.11
1872.36 1872.62 1884.54 1911.45 1861.50 1811.98 1755.27 1718.30 1681.64 1645.04 1630.51 1645.05 1684.50 1769.52 1854.12 1953.27 1953.72 1967.44 1997.70 2007.81 2017.01 2032.42 2001.51 1970.60
1942.42 1911.61 1874.51 1799.94 1776.69 1721.12 1679.81 1707.94 1714.27 1701.95 1596.74 1617.60 1732.25 1830.10 1920.93 1969.98 1943.38 1926.98 1925.65 1926.53 1919.34 1909.88 1912.42 1919.09
1931.27 1594.29 1061.17 1662.18 1657.86 1652.75 1621.90 1630.02 1649.50 1670.31 1550.54 1546.15 1630.38 1622.28 1664.95 1745.47 1657.84 1592.49 1550.55 1444.82 1294.75 1139.45 1400.45 1643.01
1830.30 1864.04 1897.44 1933.36 1934.62 1936.47 1929.54 1972.30 2010.37 2043.14 2040.50 2042.08 2048.49 2001.71 1981.31 1993.99 2014.43 2042.37 2080.34 2037.59 1980.37 1908.11 1904.12 1900.33
1885.51 1817.32 1743.63 1669.67 1694.19 1745.96 1800.67 1683.89 1555.00 1412.33 1543.17 1641.40 1695.06 1752.74 1799.61 1850.18 1801.63 1784.82 1808.78 1759.24 1737.54 1783.26 1755.21 1751.68
1775.99 1690.16 1596.39 1503.08 1499.58 1499.06 1484.84 1505.68 1607.97 1698.90 1622.22 1562.74 1528.73 1489.50 1635.64 1744.39 1733.27 1723.00 1679.71 1734.15 1836.08 1966.57 1996.63 2036.68
2084.54 2143.48 2200.69 2255.43 2291.25 2323.21 2348.12 2397.72 2442.83 2484.08 2456.98 2431.46 2393.65 2349.24 2311.83 2278.68 2282.66 2288.64 2297.57 2244.03 2168.45 2072.69 2063.71 2054.46
2046.12 2035.57 2033.31 2039.37 2065.37 2098.23 2127.45 1960.27 1875.17 1902.15 1795.29 1699.20 1605.09 1471.16 1424.30 1549.50 1562.70 1606.87 1678.52 1738.69 1791.43 1840.37 1831.37 1846.14
1886.00 1919.28 1960.36 2007.66 1927.22 1836.49 1719.42 1541.51 1355.94 1219.53 1013.11 1060.60 1326.27 1371.44 1474.36 1586.57 1585.91 1611.34 1665.36 1716.69 1758.04 1791.79 1861.74 1928.88
1995.72 2008.86 2013.53 2021.10 1997.11 1974.98 1945.13 1922.81 1902.47 1881.36 1876.28 1882.94 1898.41 1851.64 1808.35 1768.01 1763.28 1793.34 1859.94 1867.90 1873.91 1883.96 1921.09 1960.29
1999.81 2008.98 2019.12 2028.74 2042.61 2057.68 2062.06 2078.42 2075.69 2075.84 2049.87 2066.75 2096.20 2128.39 2162.13 2199.23 2214.86 2232.48 2253.95 2274.88 2286.09 2294.58 2289.40 2283.10
2276.88 2272.59 2269.50 2267.02 2251.07 2236.73 2214.33 2241.81 2265.45 2281.87 2288.73 2295.21 2301.58 2307.48 2324.48 2352.00 2353.19 2354.76 2359.86 2368.38 2368.79 2364.97 2390.34 2416.49
2442.26 2440.39 2438.26 2434.69 2338.66 2233.31 2109.35 2092.14 2075.47 2063.56 2051.55 2046.85 2039.96 2126.05 2187.34 2241.93 2258.90 2233.21 2208.21 2187.78 2162.63 2125.51 2130.25 2125.57
2122.31 2078.26 2044.13 2027.00 2023.97 2031.04 2039.06 2002.77 1960.49 1892.64 1880.62 1888.76 1900.78 1849.18 1803.12 1759.36 1718.42 1688.11 1680.79 1753.77 1857.26 1964.43 1962.85 1965.99
1960.37 1949.86 1939.38 1924.67 1875.12 1833.99 1797.45 1747.22 1764.00 1813.79 1764.98 1724.75 1692.87 1619.47 1552.67 1497.17 1352.77 1277.32 1404.59 1617.24 1787.58 1932.09 1939.72 1950.44
1962.47 2066.35 2170.43 2268.32 2214.65 2174.85 2147.38 2147.63 2144.71 2130.53 2139.13 2146.60 2152.95 2161.25 2176.38 2197.42 2178.30 2159.09 2141.96 2182.75 2217.64 2246.90 2254.33 2272.92
2301.01 2223.99 2135.85 2038.49 2043.58 2052.66 2058.54 2093.31 2124.41 2144.87 2136.26 2129.80 2124.80 2108.96 2105.45 2112.71 2118.55 2127.59 2142.75 2153.07 2156.41 2157.37 2200.83 2244.71
2288.80 2285.75 2283.47 2281.88 2267.19 2254.30 2232.16 2224.91 2214.40 2197.61 2204.96 2212.03 2216.97 2222.72 2235.84 2255.68 2263.69 2273.48 2289.28 2271.66 2240.52 2196.15 2212.01 2230.43
2249.67 2233.31 2216.30 2199.25 2187.49 2177.85 2160.68 2218.06 2264.25 2300.62 2287.62 2279.99 2277.83 2240.00 2213.64 2208.55 2236.20 2267.98 2304.63 2287.12 2258.45 2222.60 2226.21 2230.25
2234.21 2261.84 2290.17 2319.36 2299.54 2278.50 2247.86 2296.30 2342.29 2379.94 2360.11 2342.11 2325.54 2283.68 2245.48 2223.17 2267.59 2320.34 2380.25 2449.34 2511.92 2564.96 2347.35 2046.05
1547.37 1801.89 1983.89 1879.11 2062.26 2210.23 2235.47 2185.42 2134.01 2010.64 2074.62 2074.86 2080.70 2120.22 2162.52 2201.79 2190.89 2180.91 2172.57 2118.30 2041.65 1922.23 1928.78 1937.05
1942.05 1942.61 1946.16 1952.53 1984.99 2019.58 2044.25 1985.31 1932.84 1875.06 1841.34 1815.66 1806.11 1881.98 1955.79 2027.54 2037.49 2049.53 2066.56 2056.56 2035.35 2007.76 2003.86 1998.87
1993.99 1998.33 2001.03 2003.60 1947.38 1886.36 1809.93 1857.20 1892.78 1929.01 1975.90 2023.05 2067.84 2056.53 2057.52 2063.49 2055.74 2048.11 2045.97 2022.83 1987.08 1936.02 1931.69 1929.20
1928.72 1911.91 1895.89 1878.80 1830.82 1784.11 1731.11 1678.17 1642.54 1616.15 1639.55 1661.84 1681.72 1654.40 1668.69 1727.44 1820.92 1911.52 2002.60 1991.60 1968.23 1931.66 1938.90 1945.25
1954.46 1934.22 1914.99 1896.70 1861.27 1834.16 1807.97 1820.22 1842.83 1864.07 1821.62 1786.17 1755.90 1706.11 1686.99 1700.59 1698.43 1704.03 1723.70 1772.53 1814.69 1852.46 1888.01 1922.17
1957.34 1930.64 1910.58 1897.85 1810.32 1709.31 1577.60 1597.14 1651.55 1707.31 1607.49 1505.40 1395.52 1122.37 1014.27 1238.67 1423.61 1604.65 1774.37 1909.30 1973.77 2058.37 1993.31 1924.69
1859.92 1823.97 1797.38 1789.58 1702.14 1611.42 1519.62 1587.74 1644.10 1692.73 1673.55 1663.75 1662.54 1656.57 1672.79 1743.37 1826.59 1906.88 1984.20 1964.11 1923.57 1855.64 1869.77 1884.76
1883.05 1870.60 1845.39 1831.38 1865.82 1899.05 1925.78 1896.71 1892.67 1895.76 1880.69 1869.60 1862.71 1827.58 1843.33 1904.64 1971.00 2036.23 2092.66 2077.41 2046.61 2004.78 2009.29 2021.92
2047.09 2005.22 1958.89 1907.76 1879.94 1833.15 1798.69 1803.17 1816.91 1823.98 1828.09 1827.64 1817.00 1934.80 2034.22 2127.73 2166.32 2185.22 2206.15 2210.06 2214.34 2225.09 2150.41 2062.20
1960.21 1959.41 1968.93 1953.70 1966.94 1981.98 1987.48 2008.88 2031.40 2041.28 2053.94 2066.47 2098.53 2163.17 2229.89 2298.70 2315.06 2333.54 2354.67 2261.25 2142.88 2002.36 2032.00 2060.81
2079.09 2087.99 2085.22 2080.61 2100.19 2119.49 2130.83 2103.79 2079.83 2053.21 2080.79 2106.77 2134.07 2152.25 2174.44 2197.34 2175.39 2156.84 2142.96 2112.30 2063.18 1995.47 2030.37 2066.43
2102.58 2104.37 2106.20 2110.16 2105.25 2103.40 2092.77 2056.24 2034.08 2016.96 2058.02 2096.75 2135.09 2089.10 2047.94 2009.87 2008.57 2023.70 2058.52 2046.43 2021.26 1986.35 2008.78 2036.46
2070.37 2026.18 1979.31 1931.58 1878.75 1823.32 1751.24 1678.28 1661.05 1675.64 1696.56 1723.13 1751.79 1785.36 1824.29 1865.45 1811.82 1777.17 1776.17 1842.63 1914.99 1991.04 1968.91 1945.78
1923.55 1922.15 1926.20 1935.55 1906.55 1888.54 1875.11 1878.56 1888.20 1894.02 1854.80 1828.91 1816.34 1750.24 1705.75 1684.24 1746.28 1831.74 1931.05 1946.55 1951.28 1947.71 1957.05 1966.43
1976.88 1962.81 1948.97 1935.56 1908.04 1877.90 1837.12 1802.75 1787.31 1777.77 1787.14 1808.11 1836.66 1830.94 1842.17 1870.29 1868.27 1869.76 1874.37 1927.54 1975.14 2017.59 2066.20 2108.65
2154.29 2169.06 2186.06 2207.77 2147.52 2083.00 2006.77 2005.14 2022.28 2043.45 1980.07 1924.35 1877.40 1904.17 1944.53 1982.33 2006.11 2031.10 2056.46 2043.31 2015.35 1973.47 2016.36 2060.84
2107.67 2055.16 1999.48 1944.06 1902.26 1861.75 1811.10 1762.12 1731.70 1711.27 1515.91 1372.58 1322.45 1455.40 1571.05 1657.74 1656.18 1659.42 1668.94 1631.87 1578.91 1505.89 1530.95 1556.14
1582.45 1498.78 1550.33 1656.23 1752.74 1827.39 1877.89 1909.13 1931.75 1944.44 1956.67 1982.95 2018.79 1979.75 1945.01 1912.13 1881.97 1850.82 1819.96 1821.76 1820.28 1825.02 1855.61 1903.85
1965.50 1957.19 1949.43 1943.20 1932.84 1920.95 1899.66 1924.24 1943.21 1950.35 1908.24 1869.81 1839.29 1869.03 1907.73 1949.99 1943.20 1939.10 1937.95 1951.97 1961.38 1970.42 1948.11 1937.65
1938.97 1952.67 1961.13 1954.15 1996.95 2036.92 2058.70 1999.59 1958.42 1925.02 1966.02 2009.31 2055.70 2111.08 2162.01 2219.53 2224.55 2230.49 2239.42 2159.93 2063.66 1956.28 1986.31 2016.40
2041.75 1989.06 1935.67 1884.03 1880.85 1881.18 1878.93 1955.12 2014.68 2066.72 2003.61 1955.56 1932.40 1932.23 1935.40 1921.75 1933.26 1950.72 1974.84 1928.78 1865.65 1792.77 1731.13 1672.81
1570.64 1568.18 1512.96 1460.73 1509.43 1279.07 1423.56 1344.98 1263.09 1176.19 1218.53 1428.71 1569.44 1630.54 1694.78 1759.65 1812.87 1868.63 1927.12 1944.24 1966.94 2000.72 2065.22 2137.08
2212.30 2245.48 2284.25 2327.41 2305.37 2281.89 2250.49 2250.02 2249.70 2244.64 2172.63 2104.26 2039.56 1988.78 1953.62 1933.23 1966.68 2010.94 2065.40 2102.96 2133.06 2160.53 2177.49 2199.75
2227.65 2223.77 2223.12 2226.38 2193.13 2158.51 2113.10 2122.52 2126.00 2120.97 2121.39 2124.65 2132.04 2119.51 2122.33 2139.78 2174.71 2213.98 2258.71 2225.82 2176.13 2111.30 2140.54 2171.76
2205.78 2159.04 2108.86 2057.33 2054.36 2056.39 2043.18 2101.65 2147.49 2181.10 2172.20 2164.89 2161.44 2145.55 2136.81 2136.91 2161.81 2190.22 2223.10 2216.53 2197.93 2171.75 2183.13 2197.43
2214.73 2208.78 2209.49 2218.28 2214.46 2210.86 2199.00 2182.40 2160.92 2132.99 2095.08 2062.89 2037.64 2068.86 2105.69 2146.32 2180.76 2217.20 2256.92 2245.39 2221.29 2188.13 2186.15 2186.87
2192.76 2197.80 2205.70 2216.90 2201.89 2186.10 2160.10 2160.87 2154.01 2139.24 2102.37 2068.03 2037.65 2031.25 2034.54 2044.46 2073.83 2108.06 2149.04 2166.90 2173.83 2174.90 2190.48 2210.90
2237.07 2197.12 2154.78 2110.03 2049.50 1984.12 1904.44 1912.78 1924.97 1931.38 1855.91 1782.43 1714.36 1716.28 1737.76 1771.68 1829.50 1892.35 1960.19 1981.50 1989.46 1988.09 1990.40 1994.36
2000.69 1963.60 1928.25 1898.83 1877.70 1856.07 1827.33 1707.01 1736.46 1823.86 1692.48 1525.49 1448.91 1503.92 1633.93 1778.40 1855.55 1921.54 1977.47 1971.11 1952.72 1925.62 1946.30 1967.77
1991.04 1972.19 1952.03 1931.65 1941.34 1952.20 1957.84 2023.85 2086.62 2137.02 2082.97 2034.52 1991.76 1991.79 1997.66 2007.51 2012.79 2036.17 2080.45 2043.81 1983.52 1903.12 1921.14 1943.59
1970.52 1967.46 1970.58 1983.11 1963.13 1945.26 1922.31 1834.44 1843.28 1899.80 1866.44 1836.64 1811.55 1823.68 1839.61 1856.54 1821.46 1788.69 1761.20 1793.12 1841.69 1916.21 1890.43 1865.04
1839.68 1789.04 1734.96 1678.32 1558.95 1427.81 1317.31 1416.95 1500.95 1558.19 1668.75 1763.65 1845.84 1868.30 1896.60 1926.55 1940.36 1962.45 1992.96 1989.96 1995.19 2024.82 1893.41 1737.03
1556.04 1527.69 1498.04 1469.89 1557.06 1634.98 1698.91 1709.95 1725.41 1732.99 1647.20 1546.81 1450.00 1585.29 1699.74 1796.19 1860.48 1914.39 1972.48 1975.55 1969.91 1964.34 1938.51 1912.58
1888.57 1895.15 1903.07 1912.03 1898.68 1887.13 1869.47 1887.47 1881.61 1864.77 1836.03 1811.80 1792.45 1844.68 1898.87 1955.84 2006.72 2059.71 2108.29 2090.29 2058.92 2014.85 2041.99 2070.13
2101.03 2090.65 2079.40 2069.23 2058.36 2046.95 2015.71 2013.32 2022.91 2040.64 1983.38 1931.04 1897.50 1936.10 1987.10 2050.26 2110.67 2176.22 2240.90 2219.36 2188.54 2151.25 2153.02 2154.38
2158.22 2157.51 2158.04 2162.17 2135.62 2107.11 2070.87 2040.26 2056.45 2088.28 2024.78 1964.81 1911.88 1837.71 1765.85 1713.33 1677.85 1678.89 1727.33 1844.42 1952.94 2028.09 2058.72 2070.30
2094.24 2086.80 2097.36 2125.71 2115.52 2106.94 2095.38 2085.71 2077.90 2063.37 1949.32 1838.52 1702.20 1452.59 1150.44 1215.98 1448.46 1646.93 1822.33 1872.81 1901.04 1934.63 1909.71 1892.86
1888.29 1889.10 1890.98 1894.15 1903.16 1912.50 1915.00 1857.75 1813.62 1774.46 1764.93 1770.02 1784.85 1785.37 1808.14 1855.00 1908.03 1962.89 2013.65 2000.93 1969.37 1923.53 1912.11 1902.64
1896.72 1890.98 1889.93 1892.88 1870.39 1845.96 1815.33 1764.23 1716.81 1664.28 1660.49 1654.25 1685.56 1718.57 1760.47 1807.37 1867.40 1927.74 1991.24 1980.77 1952.87 1911.71 1893.17 1873.25
1849.07 1824.27 1796.49 1767.14 1749.00 1727.50 1698.73 1710.43 1726.56 1738.20 1706.52 1705.14 1720.48 1716.50 1729.28 1754.73 1765.38 1771.26 1780.83 1824.73 1863.82 1906.55 1901.16 1893.96
1886.16 1845.49 1804.85 1763.86 1815.51 1866.36 1911.80 1912.45 1908.63 1898.84 1853.20 1820.69 1800.13 1767.05 1736.40 1664.24 1727.08 1800.73 1869.55 1901.50 1927.31 1956.39 1992.54 1982.60
1960.80 1923.41 1882.26 1837.32 1755.29 1669.57 1582.10 1345.45 1280.87 1440.79 1455.67 1476.16 1497.25 1077.07 1166.43 1529.39 1667.10 1795.52 1915.01 1885.40 1848.25 1809.51 1752.97 1707.45
1690.55 1712.02 1734.09 1756.86 1718.28 1676.84 1624.92 1497.89 1411.69 1380.66 1226.00 1248.66 1332.44 1546.86 1710.87 1833.03 1893.70 1954.20 2015.54 1988.91 1955.47 1926.77 1882.83 1838.23
1796.89 1790.85 1785.02 1779.25 1769.37 1760.76 1748.93 1689.21 1661.64 1649.92 1508.49 1396.04 1349.13 1301.79 1308.72 1372.53 1506.92 1635.38 1755.42 1778.05 1795.81 1819.10 1875.45 1930.39
1984.00 1974.33 1994.04 2041.31 2038.19 2037.89 2038.79 2009.18 1982.34 1949.78 1854.22 1763.58 1677.22 1659.01 1659.48 1673.31 1731.51 1794.23 1862.90 1922.96 1975.74 2029.36 2030.45 2036.44
2049.93 2077.50 2112.86 2155.72 2138.29 2120.04 2096.08 2079.10 2068.83 2054.18 1966.18 1880.39 1795.45 1742.84 1703.65 1684.00 1770.26 1860.39 1955.13 1994.35 2025.58 2059.79 2064.22 2076.22
2096.21 2097.98 2116.31 2151.18 2144.50 2138.42 2128.47 2146.89 2160.42 2164.02 2093.82 2027.21 1959.82 1860.41 1773.56 1710.30 1748.41 1793.85 1848.61 1923.70 1993.36 2066.98 2051.36 2043.79
2048.27 2058.06 2083.89 2124.16 2073.06 2016.54 1949.23 2005.62 2052.30 2080.38 2015.35 1954.27 1893.99 1786.79 1716.00 1702.72 1707.23 1714.45 1728.27 1825.91 1876.19 1930.86 2003.83 2044.07
2061.68 2052.50 2051.83 2062.51 2035.03 2005.23 1970.23 1973.31 1990.40 2002.30 1903.87 1809.21 1716.19 1660.41 1623.68 1611.02 1699.20 1794.65 1885.48 1946.54 1983.70 2019.57 2037.67 2072.38
2122.09 2085.91 2050.54 2019.45 1984.57 1944.71 1898.61 1956.14 2002.94 2030.17 1947.41 1868.58 1790.37 1735.09 1719.73 1729.35 1794.69 1861.22 1924.63 1966.21 1997.26 2028.68 2054.12 2091.97
2140.32 2139.00 2146.04 2162.62 2079.77 1982.59 1861.63 1809.60 1772.99 1739.16 1453.38 1128.50 1162.05 1099.57 1394.19 1617.19 1691.70 1770.99 1839.27 1829.11 1811.49 1802.98 1785.50 1765.71
1744.19 1769.76 1799.15 1833.41 1838.28 1844.45 1849.56 1565.50 1259.57 1322.45 913.14 1156.55 1457.85 1535.84 1615.46 1708.77 1750.17 1808.28 1879.65 1854.87 1825.43 1810.32 1808.74 1809.70
1813.17 1780.68 1748.30 1716.51 1723.16 1731.41 1733.83 1730.87 1688.61 1650.69 1679.40 1730.64 1791.88 1764.29 1744.83 1728.98 1786.52 1849.18 1918.03 1957.37 1972.38 1950.36 1930.91 1910.73
1892.72 1882.94 1872.29 1860.14 1859.44 1859.89 1858.63 1859.54 1864.83 1859.93 1788.69 1717.23 1652.24 1649.51 1676.86 1727.80 1864.60 1989.82 2110.97 2129.15 2107.12 2079.14 2110.73 2148.39
2192.70 2172.75 2154.38 2141.41 2100.07 2055.24 2004.00 1982.60 1968.16 1950.01 1895.96 1853.10 1818.00 1821.54 1835.33 1850.95 1943.93 2037.67 2132.76 2175.61 2194.64 2214.78 2235.62 2262.89
2298.47 2293.95 2292.92 2297.68 2283.93 2269.99 2254.94 2255.14 2253.80 2242.65 2135.53 2030.82 1928.12 1922.83 1932.58 1956.28 2001.01 2048.24 2100.01 2142.06 2174.17 2207.86 2183.56 2156.99
2129.45 2101.17 2068.42 2033.10 1987.97 1937.33 1876.55 1875.27 1894.39 1908.33 1845.86 1789.14 1736.99 1730.22 1767.81 1833.80 1908.75 1986.04 2068.48 2037.75 1989.03 1933.98 1933.63 1940.09
1956.69 1923.51 1890.81 1861.52 1861.46 1870.29 1888.38 1791.08 1740.80 1724.53 1577.84 1516.16 1553.31 1615.47 1676.92 1744.37 1816.82 1888.86 1956.02 1955.40 1939.71 1928.21 1919.72 1907.31
1893.88 1865.51 1834.71 1805.00 1806.64 1809.91 1812.05 1722.23 1670.38 1648.29 1522.48 1523.60 1619.14 1663.57 1708.35 1758.16 1882.33 1994.44 2102.69 2070.01 2023.49 1977.60 1997.78 2022.53
2052.73 2029.80 2015.56 2013.88 1975.90 1938.39 1902.76 1842.95 1832.03 1846.03 1750.78 1682.31 1644.69 1682.86 1754.41 1849.11 1962.63 2068.36 2171.90 2165.60 2150.14 2135.18 2125.95 2120.48
2122.71 2083.39 2037.96 1987.93 1959.03 1926.99 1891.22 1887.28 1872.75 1847.11 1787.54 1789.33 1835.75 1937.30 2032.69 2122.55 2153.22 2188.02 2230.47 2174.49 2094.45 1999.15 1957.32 1908.61
1854.98 1838.19 1822.78 1808.17 1831.74 1840.06 1846.84 1834.48 1828.31 1814.63 1771.79 1784.68 1841.07 1866.53 1897.40 1937.63 1962.04 1988.20 2019.00 2012.64 1998.57 1987.03 1986.88 1990.82
1991.89 1975.77 1954.03 1934.90 1945.99 1947.75 1948.15 1947.08 1953.00 1954.57 1936.12 1920.19 1899.49 1972.39 2047.16 2122.01 2154.55 2177.99 2206.27 2167.65 2113.52 2054.09 2064.91 2076.87
2057.37 2077.37 2094.30 2097.95 2110.35 2125.46 2140.62 2144.53 2147.41 2138.93 2098.86 2060.82 2022.36 2016.06 2016.56 2024.04 2066.67 2111.19 2161.63 2181.81 2193.14 2207.35 2239.97 2280.04
2329.73 2304.40 2276.36 2246.98 2182.30 2112.08 2034.21 1896.87 1780.51 1711.78 1614.37 1530.39 1463.71 1294.36 1169.66 1205.22 1294.28 1386.71 1480.72 1119.37 1279.52 1646.67 1678.53 1724.57
1780.80 1774.03 1791.17 1829.45 1759.38 1713.92 1710.67 1464.77 1099.91 1101.60 1157.98 768.68 1098.09 1361.66 1551.27 1699.00 1757.68 1822.44 1896.85 1905.19 1906.64 1912.46 1909.82 1866.09
1815.74 1806.55 1797.62 1791.83 1793.68 1795.98 1798.11 1755.00 1724.65 1698.64 1703.23 1710.77 1720.73 1752.65 1800.78 1870.21 1891.53 1914.64 1927.90 1951.12 1965.23 1981.08 1956.55 1930.42
1903.38 1881.78 1858.44 1834.54 1835.81 1838.01 1838.78 1824.72 1811.42 1789.12 1711.20 1636.71 1574.98 1628.94 1712.91 1812.61 1870.39 1900.56 1935.61 1925.95 1905.45 1882.89 1872.27 1860.53
1849.61 1835.84 1822.11 1808.13 1759.87 1717.95 1688.10 1778.01 1851.81 1923.31 1646.81 1220.24 1118.04 1396.66 1563.08 1690.25 1726.74 1786.44 1862.68 1857.89 1841.88 1822.94 1797.09 1770.50
1744.11 1738.63 1741.22 1755.74 1760.87 1767.82 1773.49 1679.70 1580.18 1418.15 1399.68 1423.84 1462.58 1571.35 1667.62 1756.29 1794.10 1837.22 1896.09 1894.94 1878.95 1858.04 1849.53 1843.47
1841.55 1783.32 1732.03 1697.49 1704.61 1751.37 1823.80 1714.10 1611.72 1514.66 1660.68 1770.73 1858.22 1864.36 1875.71 1892.26 1936.08 1980.10 2033.56 1967.94 1870.61 1739.80 1702.29 1671.26
1655.45 1690.91 1725.32 1760.81 1756.36 1758.18 1765.58 1647.78 1547.86 1469.71 1562.96 1635.79 1695.62 1779.70 1863.07 1945.07 1932.75 1920.63 1919.91 1864.72 1791.95 1722.61 1650.31 1588.18
1555.47 1607.57 1686.59 1773.54 1680.79 1677.92 1770.55 1701.36 1652.00 1613.60 1739.31 1836.67 1917.55 1963.10 2019.96 2084.30 2069.59 2051.44 2037.55 1969.92 1873.52 1746.10 1707.31 1714.59
1771.97 1770.44 1768.29 1766.18 1768.28 1784.46 1809.92 1733.92 1674.59 1624.54 1664.13 1710.36 1756.52 1764.35 1779.60 1800.97 1831.80 1862.92 1902.72 1872.97 1828.49 1778.05 1805.47 1845.06
1894.27 1895.56 1897.15 1894.24 1897.91 1897.74 1896.95 1833.19 1767.90 1697.27 1702.52 1717.79 1734.06 1626.24 1531.50 1470.50 1454.48 1456.08 1495.51 1550.56 1605.72 1668.84 1687.36 1707.25
1728.44 1750.81 1779.27 1814.02 1788.52 1783.46 1799.83 1775.62 1798.76 1830.85 1752.99 1677.83 1607.63 1625.77 1660.80 1709.40 1773.68 1846.67 1935.74 1947.22 1949.77 1953.49 1982.63 2013.54
2046.55 2021.26 1996.23 1973.83 1975.91 1979.05 1982.32 1955.40 1933.15 1907.35 1941.02 1969.02 1992.11 1993.78 2018.35 2061.10 2059.73 2058.18 2066.23 2062.72 2048.30 2030.94 2009.15 1994.16
1991.78 1969.18 1944.43 1919.35 1906.33 1900.99 1901.86 1838.54 1806.82 1791.77 1808.91 1824.81 1843.05 1889.64 1950.57 2028.73 2073.65 2118.39 2169.76 2152.94 2125.83 2095.56 2091.04 2089.29
2092.05 2078.80 2063.70 2049.44 2006.16 1966.24 1930.72 1858.18 1785.62 1709.06 1769.45 1820.86 1872.02 1951.82 2029.18 2113.87 2156.44 2197.72 2243.93 2230.43 2198.56 2169.46 2120.53 2070.65
2026.96 2014.05 2001.25 1988.15 1949.13 1909.35 1858.68 1893.12 1939.26 1990.09 1930.88 1874.54 1832.42 1853.20 1895.61 1972.39 2014.60 2059.51 2108.85 2090.19 2071.30 2059.51 2064.14 2072.39
2058.22 2035.90 1978.52 1919.52 1935.15 1931.81 1903.21 1880.48 1862.68 1830.31 1907.41 1970.74 2033.23 2026.82 2021.96 2021.07 2073.69 2129.53 2188.09 2131.96 2058.57 1971.66 1949.14 1922.58
1895.04 1895.11 1894.77 1887.65 1841.05 1780.26 1710.61 1464.39 1108.68 987.72 1261.26 1480.55 1630.87 1683.02 1733.80 1787.71 1848.85 1909.07 1979.34 1948.19 1901.80 1845.60 1825.05 1802.56
1777.98 1712.47 1681.15 1704.90 1790.53 1872.67 1936.37 1885.02 1857.61 1842.78 1758.01 1682.16 1616.71 1705.87 1788.92 1869.31 1936.45 2005.52 2083.61 2038.27 1973.00 1889.85 1845.39 1798.50
1752.41 1695.70 1639.84 1595.16 1567.72 1571.80 1609.73 1512.51 1427.69 1352.29 1531.52 1676.55 1791.10 1837.99 1885.03 1933.49 1963.28 1992.93 2030.86 1989.56 1933.49 1866.33 1834.29 1798.17
1760.99 1695.33 1637.01 1601.29 1621.36 1655.51 1696.27 1667.16 1632.25 1587.78 1682.03 1813.50 1934.31 1974.14 2018.48 2069.48 2084.80 2091.97 2098.84 2044.79 1975.43 1891.46 1895.63 1906.28
1923.86 1884.50 1841.72 1797.20 1810.11 1840.12 1882.38 1956.50 2014.19 2057.71 2049.12 2043.90 2047.43 2105.07 2164.66 2228.85 2240.66 2252.64 2268.32 2179.20 2068.51 1935.64 1910.14 1883.59
1858.90 1884.60 1909.70 1933.67 1938.82 1931.72 1912.38 1910.14 1904.22 1897.49 1846.65 1801.75 1756.04 1757.32 1761.34 1752.29 1817.36 1879.61 1946.41 1911.94 1836.66 1742.92 1747.57 1757.67
1773.90 1827.56 1836.52 1849.96 1845.23 1839.85 1835.60 1815.43 1790.31 1761.53 1677.83 1607.36 1548.88 1729.15 1870.92 1994.30 2055.90 2106.56 2157.76 2179.91 2199.82 2222.20 2237.93 2260.70
2289.40 2277.96 2266.76 2254.59 2245.09 2236.25 2226.23 2206.58 2187.74 2161.92 2193.63 2222.38 2254.78 2277.89 2308.91 2349.83 2352.20 2353.59 2357.42 2334.10 2305.43 2275.07 2255.32 2234.04
2210.47 2188.56 2165.68 2138.70 2156.42 2175.70 2195.05 2211.03 2225.70 2239.44 2210.66 2183.99 2160.02 2188.10 2223.29 2263.15 2293.76 2320.97 2351.91 2312.62 2267.14 2217.66 2230.69 2244.96
2252.25 2191.31 2108.70 2012.40 2001.27 1984.77 1952.14 2027.44 2101.78 2160.67 2108.79 2054.28 2006.44 2024.57 2049.76 2087.74 2124.31 2162.76 2206.40 2218.27 2228.16 2232.90 2182.65 2127.53
2071.40 2037.76 1963.93 1879.32 1872.77 1865.58 1858.03 1803.24 1750.50 1696.24 1685.68 1685.98 1695.61 1744.04 1807.71 1886.92 1957.34 2025.69 2096.35 2080.30 2068.07 2065.95 2057.72 2049.58
2044.58 1994.93 1938.72 1875.23 1873.52 1871.20 1868.31 1901.07 1950.84 1995.08 1971.49 1950.10 1939.85 1962.71 2000.31 2052.08 2062.49 2072.43 2087.99 2085.56 2079.61 2074.96 2086.97 2096.93
2077.36 2091.69 2096.79 2074.57 2045.13 2019.07 1999.13 1964.56 1951.20 1947.79 1912.07 1879.16 1848.42 1816.56 1812.78 1838.22 1884.06 1930.93 1983.82 2027.33 2069.45 2112.14 2124.83 2141.53
2163.71 2132.40 2099.58 2065.87 2006.60 1943.77 1873.43 1802.23 1746.89 1704.44 1555.94 1418.02 1324.97 1466.91 1589.90 1702.54 1774.41 1844.59 1913.27 1942.68 1966.26 1995.56 1989.67 1989.21
1995.80 2018.14 2040.60 2064.41 2041.02 2017.99 1996.32 2022.80 2030.69 2026.17 2005.96 1983.29 1962.27 1993.77 2035.32 2085.99 2149.26 2213.36 2281.60 2301.14 2318.86 2338.11 2326.03 2312.71
2299.56 2256.83 2210.41 2160.18 2103.78 2045.64 1969.77 2056.59 2113.62 2137.63 2086.18 2039.94 2009.17 2075.48 2150.09 2240.62 2263.16 2285.98 2312.10 2315.55 2316.82 2319.25 2292.95 2264.60
2235.58 2218.07 2200.82 2182.98 2144.59 2093.80 2034.36 2091.68 2131.61 2147.03 2094.31 2056.13 2009.57 2053.18 2106.14 2172.13 2214.42 2251.97 2294.45 2263.42 2223.00 2177.43 2167.03 2156.84
2148.39 2138.97 2129.67 2120.18 2105.23 2089.92 2072.62 2129.47 2167.35 2183.73 2179.30 2177.86 2180.15 2150.82 2124.93 2108.77 2092.17 2068.81 2043.77 2068.33 2094.52 2124.00 2154.95 2188.58
2204.19 2177.18 2142.77 2094.13 2064.61 2034.93 2005.16 2071.88 2114.45 2136.70 2141.67 2148.07 2155.29 2188.71 2227.28 2267.00 2297.23 2322.48 2352.69 2289.20 2208.90 2111.35 2064.98 2012.14
1950.74 1936.35 1925.22 1920.10 1925.46 1935.89 1949.71 1981.88 2001.24 2001.57 1990.42 1982.32 1975.62 1994.33 2023.24 2061.32 2062.95 2066.73 2080.15 2047.92 2006.55 1957.24 1936.56 1914.50
1892.27 1884.22 1884.07 1893.18 1831.89 1763.72 1686.46 1537.94 1364.19 1145.81 1289.73 1390.07 1469.45 1557.35 1696.89 1845.23 1909.33 1967.87 2012.70 2020.86 1997.82 1975.00 1905.18 1831.04
1759.43 1709.52 1737.67 1821.62 1827.16 1837.00 1850.45 1870.25 1927.42 1991.02 1919.11 1883.44 1874.36 1866.23 1863.44 1872.63 1895.84 1903.97 1916.67 1895.37 1870.43 1841.54 1853.06 1864.98
1880.32 1851.23 1821.12 1789.59 1762.42 1731.93 1701.79 1576.16 1425.29 1233.57 1297.02 1383.72 1431.09 1506.26 1566.20 1630.66 1672.00 1715.37 1767.23 1812.39 1861.35 1906.67 1904.44 1903.41
1902.31 1889.16 1882.85 1887.14 1887.72 1888.81 1891.32 1870.14 1861.54 1856.82 1794.62 1758.49 1744.50 1667.07 1613.47 1596.68 1646.16 1700.40 1756.73 1789.85 1818.87 1847.40 1624.62 1328.52
1258.84 1487.04 1874.26 2139.14 2237.93 2331.59 2421.67 2467.21 2506.13 2555.33 2470.82 2388.61 2305.57 2279.07 2257.29 2233.82 2217.11 2207.86 2213.73 2178.08 2136.93 2094.77 2094.08 2104.54
2125.67 2105.96 2087.10 2068.87 2058.79 2047.74 2036.55 2063.10 2076.81 2079.29 2013.30 1951.61 1891.43 1893.46 1901.61 1918.00 1948.99 1978.38 2002.34 2010.59 2034.75 2086.64 2090.30 2093.37
2096.31 2084.09 2071.45 2057.53 2038.79 2024.13 2010.36 2013.98 2023.74 2029.89 2004.35 2056.75 2132.24 2190.10 2249.19 2312.35 2321.15 2329.16 2337.77 2375.32 2412.28 2451.93 2428.68 2403.75
2376.78 2348.47 2317.50 2283.23 2320.68 2356.10 2389.15 2407.63 2420.99 2426.17 2406.81 2390.29 2378.35 2372.86 2369.54 2363.79 2387.61 2416.03 2452.04 2468.16 2484.61 2504.48 2407.94 2294.50
2154.69 1796.43 1574.90 1821.34 2088.36 2392.75 2665.93 2789.49 2909.41 3014.66 2938.87 2858.11 2772.54 2748.79 2732.32 2707.55 2627.33 2543.65 2459.18 2463.51 2467.91 2474.58 2489.02 2505.00
2522.32 2486.69 2453.70 2422.34 2399.38 2378.26 2358.54 2347.33 2340.86 2332.99 2174.55 2004.05 1825.02 1639.88 1404.89 1129.22 1199.56 1483.60 1697.14 1720.25 1752.10 1768.75 1790.61 1797.58
1808.52 1882.68 1951.54 2015.81 1851.35 1644.72 1459.93 1617.20 1777.74 1903.70 1941.24 1978.75 1995.20 1997.74 2011.02 2027.70 2014.62 2000.50 1987.87 1996.26 2008.33 2025.87 1991.72 1956.44
1918.38 1883.96 1848.80 1810.52 1780.24 1753.31 1731.77 1828.09 1910.55 1983.95 1999.36 2006.90 2012.63 2034.27 2058.31 2082.27 2138.53 2196.17 2253.46 2244.66 2237.53 2234.43 2221.98 2212.10
2203.40 2127.93 2036.85 1936.13 1919.37 1903.57 1890.59 1970.38 2033.13 2081.48 2035.96 2003.84 1991.80 1918.88 1849.78 1784.65 1741.09 1709.64 1706.80 1704.76 1725.73 1768.03 1340.71 1381.73
1742.40 2037.02 2272.22 2471.47 2536.97 2586.38 2639.03 2626.64 2608.99 2591.55 2539.39 2484.96 2418.68 2416.78 2399.43 2383.33 2314.72 2231.91 2120.75 2129.38 2123.48 2119.19 2031.01 1929.98
1811.15 1814.29 1819.31 1823.04 1884.27 1943.26 1999.14 1804.03 1660.11 1670.70 1775.94 1857.92 1923.78 1846.35 1770.95 1697.81 1779.47 1859.42 1938.19 1983.82 2029.14 2073.75 2079.38 2085.12
2077.93 2047.89 2038.41 2054.10 2044.17 2043.80 2053.13 1963.34 1864.91 1757.00 1757.06 1853.51 1891.25 1966.51 2036.86 2104.67 2094.63 2080.74 2042.35 2065.92 2073.94 2081.46 2098.85 2116.53
2132.61 2096.22 2058.48 2021.44 2055.97 2088.39 2122.77 2101.52 2096.96 2104.50 2088.98 2113.72 2158.63 2063.03 1969.48 1878.30 1844.88 1803.12 1752.01 1758.77 1821.33 1920.53 1944.30 1975.40
2013.84 1991.74 1967.86 1945.08 1782.26 1593.18 1473.40 1182.64 1548.34 1737.68 1797.87 1964.21 2089.14 2138.62 2187.70 2237.65 2234.07 2234.72 2239.14 2335.10 2427.71 2518.81 2529.20 2549.36
2558.85 2514.45 2451.62 2391.62 2183.07 2001.98 1943.12 2010.48 2265.01 2485.93 2462.23 2443.47 2431.46 2310.74 2180.67 2038.59 2082.47 2126.29 2168.14 2158.26 2173.92 2218.39 2157.05 2092.27
2024.67 1929.34 1818.03 1687.14 1598.66 1512.12 1417.39 1572.06 1694.93 1783.38 1758.36 1750.13 1754.84 1728.91 1708.96 1697.33 1618.73 1572.61 1760.48 1869.80 1991.59 2115.04 2150.07 2185.13
2220.15 2221.44 2221.91 2223.14 2219.66 2215.60 2212.87 2192.20 2166.32 2129.78 2275.84 2385.98 2462.62 2470.24 2477.04 2489.01 2434.56 2368.25 2292.04 2318.41 2344.63 2368.74 2326.01 2280.81
2235.88 2245.35 2254.46 2263.36 2290.08 2316.72 2338.69 2362.05 2371.05 2372.97 2327.09 2286.70 2253.26 2188.49 2124.59 2056.42 1999.17 1910.36 1803.65 1529.06 1612.17 2032.84 2020.81 2015.89
2017.90 1988.56 1960.99 1940.96 2089.15 2215.99 2327.67 2397.08 2473.06 2556.76 2536.15 2519.30 2500.76 2534.37 2571.18 2610.44 2614.63 2618.89 2621.29 2690.17 2757.95 2822.33 2774.43 2717.91
2660.72 2584.04 2513.01 2471.77 2471.44 2472.89 2478.15 2506.67 2534.37 2545.83 2443.21 2341.22 2235.71 2161.91 2088.45 2014.25 1876.58 1704.94 1516.09 1274.06 1643.33 1930.98 1998.39 2065.47
2130.11 2134.18 2137.78 2141.65 2159.08 2179.98 2204.60 2200.57 2184.67 2162.73 2163.31 2165.46 2167.57 2136.99 2115.88 2106.16 2131.88 2157.24 2179.80 2173.44 2165.02 2156.51 2142.91 2128.64
2113.30 2100.38 2088.17 2076.89 1947.18 1835.84 1834.29 1836.03 1817.29 1776.86 1907.47 2024.38 2121.10 2150.24 2181.81 2216.63 2147.27 2064.31 1964.46 2007.69 2059.36 2115.33 2031.68 1954.19
1894.88 1868.31 1859.86 1872.55 1961.99 2054.25 2132.70 2131.82 2125.05 2123.54 2027.74 2004.20 1996.96 1993.54 1953.13 1917.88 1873.18 1821.37 1756.18 1598.23 1394.58 1263.39 1757.74 2014.70
2191.69 2254.89 2328.35 2407.18 2469.95 2532.08 2593.96 2626.49 2655.61 2688.79 2662.80 2638.26 2617.36 2658.36 2699.92 2741.76 2749.72 2759.03 2766.42 2850.62 2925.13 2995.38 3036.86 3077.67
3121.21 3058.88 2991.62 2922.67 2844.60 2759.47 2667.43 2694.46 2714.64 2731.62 2636.53 2540.64 2443.93 2480.56 2519.36 2561.69 2495.06 2414.15 2310.73 2160.30 1951.40 1680.97 1755.71 1828.92
1927.28 1668.41 1396.25 1662.05 1950.91 2164.44 2330.61 2273.25 2207.70 2139.38 2155.02 2166.83 2158.08 2165.26 2176.58 2192.31 2227.00 2262.87 2279.05 2181.71 2067.39 1912.60 1693.95 1627.92
1782.67 1778.01 1813.73 1882.55 2025.71 2156.97 2277.43 2308.23 2325.48 2333.85 2243.71 2189.75 2173.61 2165.26 2160.89 2162.89 2121.43 2070.77 2001.22 1905.49 1793.83 1666.27 1683.45 1700.67
1718.83 1556.96 1331.44 1209.73 1482.74 1671.27 1832.09 1878.17 1906.56 1926.97 2074.85 2186.30 2276.05 2298.38 2322.45 2347.56 2324.64 2296.13 2251.94 2263.56 2271.69 2279.94 2249.38 2217.24
2182.43 2177.05 2171.63 2166.86 2195.70 2224.63 2252.82 2248.34 2218.29 2175.42 2268.15 2343.02 2384.15 2375.15 2369.87 2369.36 2295.76 2211.26 2110.24 2085.31 2066.04 2053.33 2031.45 2010.27
1989.22 1892.99 1781.62 1704.59 1736.38 1755.85 1774.89 1613.76 1464.95 1436.66 1545.60 1653.34 1740.67 1721.42 1708.86 1706.58 1739.53 1777.90 1813.49 1839.37 1869.59 1902.72 1892.21 1896.55
1947.81 1968.81 1993.57 2025.78 2043.86 2062.05 2079.73 2091.76 2096.52 2093.93 2152.64 2207.07 2236.09 2246.99 2261.85 2281.96 2222.90 2156.95 2079.69 2146.19 2210.55 2262.74 2233.41 2204.75
2178.93 2109.53 2030.22 1932.21 1857.54 1789.61 1736.66 1459.53 1433.36 1795.78 1992.26 2153.85 2291.57 2411.90 2525.99 2637.09 2623.75 2605.80 2581.95 2617.31 2654.49 2693.32 2673.34 2659.46
2652.56 2636.58 2621.39 2608.86 2599.92 2590.07 2580.44 2609.58 2633.21 2658.33 2573.94 2486.43 2395.35 2351.84 2310.62 2269.57 2191.68 2104.72 2000.29 2015.98 2040.18 2074.56 2052.39 2028.14
2005.24 1870.74 1756.30 1732.33 1665.76 1592.25 1591.67 1558.03 1629.48 1660.85 1742.04 1808.46 1862.13 1882.06 1930.61 1995.19 2055.74 2133.22 2215.25 2211.38 2206.95 2203.02 2197.50 2192.13
2186.21 2182.69 2178.03 2174.34 2171.38 2172.13 2175.38 2153.50 2130.30 2107.99 2159.33 2199.78 2231.02 2256.24 2290.88 2334.82 2312.14 2287.75 2251.85 2311.50 2369.35 2423.01 2441.53 2462.43
2482.82 2447.82 2412.84 2374.39 2334.56 2295.76 2259.38 2234.81 2211.87 2185.72 1998.01 1930.47 2046.17 2123.97 2477.01 2812.70 2942.26 3055.55 3144.42 3162.92 3182.55 3204.18 3197.77 3191.58
3186.05 3156.44 3125.97 3096.95 3078.69 3059.74 3041.97 3021.47 2994.44 2968.34 2900.36 2832.10 2766.03 2719.67 2675.78 2633.80 2550.36 2451.18 2323.29 2321.91 2321.73 2323.48 2273.87 2221.09
2168.04 1917.45 1815.36 2031.36 2116.33 2123.90 2156.26 2145.53 2089.78 1962.19 2069.41 2205.13 2331.94 2334.43 2340.37 2352.60 2288.32 2171.37 2024.55 2059.43 2107.42 2163.28 2173.07 2182.54
2191.89 2128.81 2060.14 1986.93 1900.64 1806.34 1703.90 1535.73 1616.05 1939.12 2006.48 2070.68 2128.71 2078.26 2034.51 1991.00 2026.49 2071.80 2122.26 2149.24 2190.98 2226.64 2246.72 2268.44
2276.72 2278.53 2279.14 2281.47 2271.44 2231.42 2187.58 2161.41 2095.38 2007.02 2055.72 2094.61 2127.76 2108.84 2099.11 2100.49 2077.62 2049.89 2009.08 1910.61 1798.10 1668.79 1624.08 1593.71
1591.60 1676.34 1752.66 1822.63 1827.58 1867.59 1932.72 1881.25 1842.79 1832.92 1790.66 1788.47 1817.48 1840.42 1883.54 1938.52 2051.79 2147.35 2227.96 2250.83 2273.57 2285.96 2273.10 2258.15
2242.02 2199.63 2160.21 2117.80 2133.16 2136.79 2141.48 2102.75 2054.83 2000.02 2029.48 2056.26 2118.64 2036.95 1958.26 1886.56 1878.53 1887.18 1898.64 1932.19 1966.10 1989.01 1989.75 1993.47
2018.31 2017.49 2017.31 2021.12 1924.24 1817.78 1701.58 1659.66 1603.39 1539.89 1617.22 1708.20 1791.31 1767.33 1746.72 1733.64 1703.42 1662.98 1674.48 1778.29 1883.44 1982.96 1986.94 1992.56
1998.62 1948.42 1897.71 1850.55 1874.89 1901.14 1927.43 1796.14 1632.30 1426.52 1489.89 1545.47 1591.84 1794.53 1950.53 2082.72 2125.56 2169.31 2204.96 2239.71 2274.49 2314.04 2289.73 2266.33
2245.30 2237.62 2231.62 2227.13 2258.18 2292.25 2328.56 2340.51 2345.27 2340.09 2414.57 2481.16 2535.09 2546.91 2560.75 2577.68 2563.90 2549.31 2526.77 2540.45 2554.98 2568.27 2564.83 2561.52
2557.64 2521.09 2483.12 2444.08 2434.38 2427.63 2423.38 2417.06 2406.71 2393.60 2343.81 2297.02 2254.42 2252.88 2255.68 2262.10 2232.25 2204.94 2178.16 2202.26 2227.48 2253.68 2244.14 2233.72
2226.15 2196.37 2172.01 2153.30 2089.18 2020.53 1947.58 1363.77 1602.79 1965.02 2136.74 2294.68 2427.59 2433.93 2431.15 2424.79 2387.71 2350.82 2311.11 2290.88 2267.35 2243.73 2231.84 2195.51
2159.67 2152.03 2143.96 2138.53 1969.76 1897.45 2006.84 1963.61 2135.65 2330.47 2340.01 2350.63 2362.84 2314.39 2272.89 2242.04 2120.21 1969.70 1786.80 1848.48 1952.94 2072.11 1919.36 1727.13
1461.55 1521.79 1726.74 1908.76 1915.09 1923.14 1930.91 1878.32 1812.80 1739.08 1835.67 1922.54 1993.75 2056.13 2117.44 2178.61 2184.53 2209.30 2248.18 2244.34 2243.72 2246.44 2261.55 2276.80
2292.75 2350.45 2408.05 2464.54 2473.04 2481.75 2490.35 2511.47 2522.95 2527.10 2489.36 2453.58 2419.59 2376.64 2338.17 2307.16 2272.43 2235.34 2188.98 2197.35 2207.65 2218.60 2282.18 2343.60
2402.25 2410.84 2420.56 2432.07 2434.42 2436.72 2437.57 2441.61 2441.24 2439.96 2458.12 2471.70 2465.38 2444.94 2429.41 2412.98 2317.53 2206.26 2063.55 2064.31 2069.99 2082.77 1874.26 2006.53
2214.79 2301.14 2427.84 2573.14 2555.08 2532.95 2497.15 2505.15 2507.09 2507.02 2472.25 2442.19 2420.10 2390.79 2364.95 2348.95 2340.12 2335.56 2331.30 2313.45 2294.99 2275.83 2264.45 2262.64
2270.60 2305.77 2349.02 2399.01 2378.14 2398.09 2410.03 2347.60 2289.14 2243.39 2276.51 2299.30 2308.44 2243.77 2153.05 2055.18 2040.23 2028.27 2011.51 2115.31 2224.49 2329.25 2317.99 2312.10
2316.32 2274.44 2233.51 2182.25 2166.55 2152.43 2158.27 2149.77 2137.64 2120.27 2061.44 2012.59 1973.81 2064.25 2158.13 2249.91 2268.03 2291.62 2314.43 2409.81 2498.89 2583.92 2548.10 2518.05
2497.04 2487.38 2478.72 2472.36 2454.49 2436.78 2419.10 2394.58 2374.24 2352.49 2326.76 2319.75 2338.76 2326.00 2327.52 2372.08 2309.35 2230.59 2121.91 2157.38 2195.62 2238.10 2281.66 2301.33
2328.63 2314.23 2327.24 2357.70 2377.86 2388.68 2401.81 2385.73 2374.88 2371.86 2451.40 2521.04 2581.79 2583.21 2590.14 2601.38 2526.63 2434.96 2310.81 2310.73 2313.05 2306.38 2305.92 2304.72
2302.27 2296.71 2290.97 2286.31 2294.64 2304.56 2314.31 2349.97 2367.99 2369.90 2336.73 2308.12 2282.08 2215.99 2153.62 2090.57 2037.76 1981.69 1903.09 1645.24 1298.94 1533.50 1721.62 1876.75
1997.89 2043.42 2092.26 2142.75 2190.74 2237.33 2282.61 2236.61 2180.56 2118.56 2162.81 2228.07 2298.07 2243.43 2217.63 2219.46 2121.70 1994.81 1813.44 1754.16 1773.44 1755.78 1765.57 1900.29
2069.39 2124.12 2178.90 2229.62 2201.06 2156.86 2102.43 2012.61 1906.35 1781.73 1672.42 1603.66 1585.61 1498.40 1410.12 1370.45 1350.42 1390.62 1455.60 1279.96 1290.62 1499.76 1760.26 1997.36
2197.12 2132.58 2088.53 2080.92 2116.69 2155.72 2195.94 2145.38 2059.44 1954.21 2100.23 2261.01 2342.81 2407.35 2471.69 2502.63 2436.13 2357.97 2257.13 2292.69 2328.38 2364.00 2388.31 2413.00
2441.29 2371.14 2312.88 2277.27 2171.62 2141.42 2212.51 2329.57 2495.83 2635.28 2589.16 2551.06 2514.47 2530.83 2551.60 2577.02 2537.90 2489.53 2423.93 2419.63 2411.26 2397.72 2346.46 2288.34
2222.90 2199.67 2174.77 2148.79 2158.18 2167.70 2177.40 2121.07 2053.32 1975.67 1854.07 1725.97 1587.61 1307.87 1215.26 1484.04 1634.89 1769.34 1882.15 1985.05 2081.14 2172.23 2190.13 2210.31
2205.81 2219.27 2233.16 2246.99 2312.50 2379.10 2445.31 2434.08 2411.41 2381.84 2442.35 2485.23 2518.52 2558.39 2588.68 2609.96 2550.80 2483.31 2396.77 2399.67 2403.38 2408.20 2428.64 2449.78
2469.96 2481.07 2494.18 2509.69 2470.83 2431.36 2390.22 2389.13 2383.70 2372.27 2284.55 2206.74 2126.71 1860.42 1800.21 2032.56 2057.39 2110.30 2184.35 2362.10 2516.27 2643.79 2702.34 2762.19
2820.14 2834.82 2849.66 2865.33 2855.51 2846.06 2836.39 2792.26 2744.73 2694.07 2623.69 2557.36 2498.23 2483.10 2480.15 2486.05 2391.60 2287.09 2165.13 2176.85 2188.82 2205.27 2155.95 2103.47
2047.06 2108.28 2176.23 2247.31 2209.75 2174.31 2138.88 2057.65 1998.42 1973.10 1942.70 1952.64 1985.02 1940.91 1902.68 1867.72 2007.86 2139.39 2255.32 2239.78 2224.81 2210.02 2225.98 2253.94
2292.92 2293.70 2294.97 2297.56 2255.01 2210.45 2162.68 2108.66 2040.27 1940.48 1981.92 2060.89 2132.18 2115.31 2080.98 2050.34 2091.33 2133.24 2167.36 2188.91 2211.43 2233.32 2218.49 2203.82
2189.87 2224.09 2257.55 2291.78 2275.20 2264.91 2263.39 2275.49 2282.94 2284.13 2244.51 2265.20 2317.83 2248.63 2179.88 2112.02 2010.37 1965.83 2023.78 2027.01 1996.93 1971.84 1906.43 1839.63
1777.25 1744.83 1708.21 1672.69 1685.41 1732.54 1801.44 1652.80 1453.06 1179.58 1144.10 1241.71 1418.13 1629.31 1790.94 1922.10 1957.91 2019.68 2093.21 2088.90 2085.62 2087.13 2121.13 2154.67
2188.19 2190.03 2194.46 2203.04 2234.66 2265.96 2298.09 2316.86 2359.80 2410.79 2349.11 2290.22 2230.40 2212.35 2204.87 2206.21 2099.70 1959.48 1750.71 1662.37 1634.45 1701.57 1620.35 1624.22
1718.80 1702.42 1711.23 1741.17 1699.54 1791.82 1935.11 2101.72 2233.96 2346.08 2483.64 2607.81 2718.30 2739.34 2763.43 2781.33 2784.40 2787.81 2786.66 2801.55 2797.77 2792.07 2842.38 2891.93
2941.30 2929.63 2917.75 2907.30 2898.57 2886.51 2867.76 2878.15 2883.43 2883.37 2830.33 2781.41 2736.59 2733.84 2737.08 2743.35 2629.05 2489.93 2304.02 2294.72 2300.87 2323.94 2279.90 2239.41
2204.00 2177.38 2150.82 2125.96 1936.55 1893.09 2057.92 2004.96 1940.54 1862.98 1932.68 2013.19 2087.45 2052.00 2047.27 2071.07 1934.28 1759.50 1508.46 1434.69 1444.48 1603.68 1730.03 1879.29
2018.58 2055.74 2092.83 2129.64 2200.03 2268.68 2333.13 2211.59 2077.93 1931.11 2005.74 2062.78 2116.69 2162.93 2211.49 2259.44 2242.75 2267.23 2330.48 2341.17 2351.74 2360.91 2331.97 2301.80
2268.26 2241.05 2202.21 2146.82 2114.84 2098.93 2066.11 2069.79 2071.06 2065.23 2103.75 2133.76 2144.50 2061.97 1954.88 1846.49 1917.03 1986.22 2051.17 2000.22 1928.85 1846.37 1887.62 1958.88
2043.72 1983.67 1930.13 1890.95 1783.72 1748.20 1755.07 1772.94 1803.35 1808.49 1204.37 1588.80 1864.06 1868.82 1895.87 1938.62 1956.65 1985.67 2014.09 1958.33 1897.08 1840.21 1788.61 1831.10
1939.35 1997.37 2002.56 2046.39 2009.11 1976.33 1952.28 1928.87 1950.03 2002.89 1990.16 1989.16 1985.71 1933.02 1877.60 1831.38 1904.03 1986.34 2062.81 1943.69 1805.02 1645.30 1778.21 1902.11
2015.87 1978.20 1944.25 1912.78 1767.13 1638.25 1628.50 1377.85 1281.66 1393.80 1596.24 1730.34 1826.25 1786.00 1740.24 1700.42 1441.97 1409.49 1751.70 1820.78 1872.69 1928.21 1932.60 1936.02
1940.78 1914.38 1887.88 1856.61 1899.25 1943.79 1988.11 1920.81 1841.54 1742.76 1845.81 1919.65 1973.15 1958.16 1949.74 1945.74 2029.59 2099.08 2162.89 2211.40 2257.47 2285.69 2275.17 2264.77
2255.49 2235.12 2222.72 2221.40 2217.06 2211.58 2206.00 2212.91 2202.27 2210.41 2204.51 2206.03 2209.03 2177.38 2142.15 2111.24 2120.45 2143.92 2175.71 2172.90 2170.52 2167.92 2147.78 2127.19
2106.83 2103.63 2100.65 2098.27 2052.43 1992.61 1933.81 1970.04 1998.86 2014.13 2048.03 2074.73 2093.67 1960.80 1814.03 1633.08 1618.12 1606.20 1586.36 1693.25 1823.64 1946.90 1936.20 1934.89
1916.65 1895.68 1874.58 1854.27 1851.99 1849.56 1847.22 1840.24 1828.18 1807.52 1847.30 1882.37 1904.47 1965.06 2031.47 2096.32 2093.48 2097.72 2105.99 2153.43 2178.03 2205.48 2222.18 2240.04
2246.61 2286.70 2325.01 2362.86 2384.89 2407.10 2427.55 2475.83 2516.64 2549.26 2567.97 2587.81 2591.45 2607.96 2632.84 2659.34 2575.35 2491.71 2401.00 2267.28 2114.60 1962.84 1955.60 1946.72
1943.02 1810.19 1631.35 1394.88 1270.78 1222.09 1314.29 1722.07 1970.62 2154.15 2201.32 2246.57 2278.52 2324.73 2393.46 2468.98 2435.16 2396.97 2346.66 2313.91 2279.74 2243.23 2162.39 2074.04
1976.55 1987.56 2026.46 2086.24 2088.17 2091.08 2094.73 2107.82 2156.82 2218.84 2256.51 2304.51 2366.04 2367.74 2377.25 2392.56 2360.94 2325.54 2279.05 2258.72 2238.51 2217.75 2219.33 2228.53
2245.38 2215.74 2184.58 2143.18 2100.37 2065.07 2039.99 1993.30 1954.24 1920.51 1976.84 1998.89 2016.29 1909.96 1805.57 1713.01 1554.46 1637.68 1703.72 1764.31 1911.74 2065.56 2104.97 2146.35
