1883.11 1874.64 1868.42 1864.79 1888.25 1911.98 1936.40 1947.47 1957.97 1963.07 1942.75 1922.78 1899.08 1885.20 1873.32 1864.05 1856.50 1851.32 1843.00 1775.43 1704.82 1634.71 1608.71 1577.83
1545.13 1576.76 1608.91 1640.97 1647.67 1654.15 1660.56 1614.85 1573.83 1541.91 1442.21 1327.01 1097.50 1142.79 1120.33 1119.29 1250.73 1374.78 1480.22 1486.19 1492.81 1499.34 1446.63 1400.81
1400.75 1443.78 1483.73 1521.21 1457.25 1466.27 1513.80 1501.08 1488.10 1470.78 1523.85 1598.99 1675.01 1677.94 1683.81 1688.97 1597.10 1490.51 1368.59 1364.57 1409.56 1481.98 1468.88 1454.58
1441.45 1505.65 1565.29 1620.96 1610.89 1602.42 1597.29 1597.04 1595.13 1587.43 1575.29 1561.78 1548.52 1510.87 1478.49 1451.87 1388.70 1311.54 1212.68 1318.41 1414.10 1500.61 1548.46 1594.57
1639.28 1648.55 1658.44 1667.92 1656.64 1645.97 1636.70 1603.98 1570.05 1530.98 1503.43 1479.51 1459.54 1464.09 1471.52 1481.51 1500.89 1526.38 1556.19 1573.41 1591.77 1611.05 1618.04 1629.24
1644.34 1644.80 1644.69 1644.87 1660.53 1675.36 1689.48 1732.53 1769.99 1797.59 1789.89 1779.73 1767.91 1750.30 1736.08 1725.19 1684.48 1638.95 1586.22 1631.26 1678.59 1725.91 1735.45 1754.22
1778.77 1772.91 1769.02 1767.13 1725.79 1684.83 1648.87 1626.29 1601.94 1571.56 1551.52 1531.88 1515.03 1521.56 1531.84 1545.59 1539.33 1534.43 1531.16 1542.01 1557.22 1577.57 1578.64 1580.49
1584.48 1583.52 1583.13 1582.30 1585.30 1588.41 1593.18 1525.26 1454.40 1377.60 1323.13 1388.51 1472.25 1511.82 1583.81 1667.35 1650.46 1632.96 1614.41 1653.44 1680.30 1696.52 1692.91 1689.32
1685.70 1673.53 1661.09 1649.23 1597.56 1539.53 1472.69 1454.04 1437.02 1418.23 1388.10 1403.70 1449.65 1447.25 1468.55 1506.43 1477.36 1447.87 1415.73 1412.67 1418.65 1431.72 1433.06 1435.56
1438.62 1437.56 1436.25 1438.05 1437.99 1444.87 1456.51 1559.25 1646.73 1720.06 1721.14 1722.87 1724.28 1727.68 1737.53 1752.44 1741.31 1730.46 1719.79 1702.72 1687.69 1674.84 1661.48 1648.78
1636.69 1602.43 1566.82 1527.82 1572.78 1616.92 1659.92 1699.21 1734.83 1765.86 1744.91 1725.04 1710.71 1711.18 1713.17 1713.23 1694.51 1676.80 1660.18 1683.93 1719.26 1764.14 1710.93 1659.33
1612.17 1556.83 1558.76 1620.09 1691.63 1767.75 1844.38 1868.32 1892.29 1911.35 1918.15 1929.27 1945.03 1909.93 1875.20 1840.57 1766.06 1679.90 1575.44 1554.26 1556.85 1591.75 1568.33 1544.66
1521.37 1515.48 1510.53 1505.05 1476.82 1453.56 1436.34 1442.78 1449.70 1449.61 1468.85 1484.86 1500.32 1453.33 1411.91 1377.57 1436.80 1496.01 1552.36 1498.82 1444.37 1388.89 1383.43 1382.63
1386.99 1365.89 1345.40 1324.50 1286.20 1245.56 1203.51 1179.95 1209.38 1265.20 1299.72 1341.81 1359.63 1273.92 1180.52 1078.68 1209.29 1326.39 1429.93 1455.11 1490.99 1522.25 1534.75 1547.26
1561.04 1542.23 1523.08 1502.36 1515.16 1526.93 1531.71 1547.26 1564.58 1578.69 1604.25 1625.92 1643.91 1594.11 1545.89 1497.41 1489.18 1489.71 1499.67 1529.73 1559.39 1589.48 1594.99 1604.39
1617.17 1621.60 1625.30 1630.22 1630.34 1629.71 1630.01 1660.70 1688.22 1708.07 1711.69 1712.11 1710.39 1687.92 1667.85 1651.06 1609.18 1563.52 1514.91 1532.29 1550.38 1568.09 1574.88 1584.44
1597.50 1593.49 1586.88 1586.68 1600.32 1608.79 1620.68 1551.31 1477.56 1393.85 1366.66 1377.28 1412.27 1300.11 1180.24 1080.32 907.46 1152.96 1409.33 1462.58 1510.82 1559.30 1563.45 1577.39
1599.16 1610.89 1625.18 1641.00 1703.42 1763.58 1820.86 1832.09 1841.67 1846.35 1866.52 1881.01 1890.55 1868.33 1854.47 1848.64 1793.99 1732.37 1661.98 1650.75 1648.64 1657.09 1701.99 1788.13
1891.72 1963.41 2047.60 2132.26 2109.99 2086.32 2062.30 2047.41 2033.94 2021.46 2045.02 2065.13 2083.80 2048.87 2016.67 1986.98 1887.87 1769.28 1621.84 1584.01 1551.95 1530.93 1520.29 1521.18
1536.28 1507.71 1486.93 1474.84 1296.80 1083.12 1166.95 1308.75 1414.46 1495.19 1562.94 1616.55 1659.71 1655.13 1662.11 1678.57 1646.72 1611.58 1572.24 1605.59 1639.94 1673.65 1669.68 1675.81
1691.71 1700.26 1712.26 1726.96 1789.73 1852.30 1913.38 1929.05 1942.20 1949.26 1945.86 1939.62 1930.61 1921.62 1914.68 1910.18 1893.82 1877.34 1861.22 1894.86 1928.51 1961.35 1971.57 1981.80
1992.29 1981.91 1971.64 1961.36 1938.87 1919.53 1904.05 1873.68 1841.46 1804.23 1725.02 1651.64 1589.96 1447.74 1521.30 1643.79 1710.58 1821.94 1953.31 1979.74 1990.58 1999.26 1984.48 1969.09
1953.75 1869.98 1776.31 1672.77 1655.08 1638.79 1624.43 1601.23 1585.53 1572.53 1578.13 1584.33 1592.13 1555.68 1528.04 1510.37 1454.24 1401.05 1361.89 1406.99 1499.75 1606.72 1626.02 1644.56
1662.97 1636.72 1609.74 1581.55 1555.63 1529.00 1501.42 1391.70 1256.58 1069.96 1056.74 1178.38 1437.69 1511.51 1595.56 1678.58 1681.74 1684.91 1688.68 1694.97 1698.17 1689.45 1671.22 1651.23
1631.04 1621.93 1615.29 1611.27 1512.63 1475.10 1529.65 1458.28 1392.92 1343.34 1331.55 1335.75 1350.22 1232.07 1088.81 899.64 977.65 1035.13 1325.13 1426.17 1516.00 1583.09 1539.55 1494.41
1446.36 1441.98 1445.89 1456.44 1414.92 1378.44 1354.91 1290.43 1219.53 1136.03 917.33 1148.51 1319.20 1194.91 1066.48 1004.05 838.15 892.41 812.62 1121.94 1346.55 1511.03 1449.77 1399.81
1378.54 1328.12 1354.75 1444.02 1496.74 1549.79 1602.87 1581.54 1566.19 1552.34 1491.33 1429.76 1395.99 1403.03 1414.43 1429.18 1402.82 1425.24 1497.18 1534.16 1572.07 1607.77 1624.18 1640.52
1657.08 1651.15 1644.65 1638.73 1653.25 1675.94 1704.86 1643.89 1604.51 1593.07 1505.79 1780.87 2016.68 2043.51 2072.21 2099.03 2073.37 2045.33 2015.99 1966.54 1911.80 1849.15 1804.31 1755.20
1703.61 1689.83 1675.71 1663.72 1599.91 1551.50 1534.97 1477.40 1463.15 1489.46 1506.61 1539.47 1582.94 1596.41 1611.93 1627.10 1614.35 1606.82 1606.59 1599.28 1591.17 1582.86 1577.84 1573.94
1569.56 1495.96 1455.31 1468.36 1423.74 1404.79 1419.42 1406.44 1396.84 1385.15 1461.46 1524.08 1574.52 1643.46 1708.74 1769.78 1715.06 1655.63 1592.31 1620.02 1647.63 1676.22 1671.17 1665.88
1661.70 1658.94 1657.05 1656.12 1686.22 1714.71 1741.68 1780.07 1813.91 1840.33 1819.60 1796.80 1773.18 1706.95 1641.23 1575.88 1540.67 1504.19 1467.64 1503.79 1548.19 1598.31 1604.13 1612.02
1623.97 1606.89 1589.95 1573.54 1559.29 1548.33 1541.04 1529.43 1516.44 1497.80 1511.25 1522.93 1532.39 1518.04 1514.97 1523.06 1497.26 1471.70 1449.28 1471.78 1495.23 1517.26 1521.26 1528.80
1537.74 1524.26 1511.78 1499.46 1508.40 1516.84 1526.11 1534.31 1542.40 1548.61 1568.79 1590.85 1609.38 1584.36 1561.16 1542.31 1499.54 1458.43 1427.20 1474.25 1521.10 1569.94 1591.43 1613.95
1637.46 1629.64 1623.43 1619.11 1623.16 1629.68 1639.12 1659.71 1681.73 1699.91 1711.06 1719.43 1711.61 1696.92 1685.75 1679.91 1659.36 1638.35 1619.15 1626.91 1633.81 1640.94 1642.50 1643.88
1645.91 1638.19 1623.68 1604.43 1596.34 1588.28 1581.31 1587.81 1591.93 1588.27 1554.92 1521.79 1489.30 1451.26 1421.40 1403.20 1393.47 1384.55 1379.13 1421.21 1462.86 1505.35 1512.69 1520.58
1529.90 1526.43 1528.45 1536.27 1549.43 1563.67 1577.68 1592.64 1606.36 1614.19 1598.80 1583.31 1573.00 1580.21 1592.23 1611.15 1545.84 1469.93 1380.67 1395.88 1409.65 1425.39 1453.32 1481.65
1507.29 1479.34 1449.27 1423.48 1457.55 1464.21 1475.78 1471.95 1465.51 1457.31 1504.63 1559.90 1613.79 1657.84 1701.61 1746.20 1716.75 1685.15 1653.08 1637.59 1621.88 1606.15 1635.25 1665.12
1696.69 1714.07 1752.82 1808.89 1840.04 1881.26 1931.84 1870.24 1806.39 1748.13 1736.91 1727.30 1717.08 1686.01 1667.99 1665.30 1609.84 1557.82 1501.74 1581.12 1682.81 1792.46 1821.90 1850.98
1849.75 1868.73 1889.25 1909.35 1855.25 1796.49 1731.21 1738.85 1745.08 1749.66 1673.40 1592.89 1507.70 1557.12 1608.80 1658.89 1643.75 1631.26 1622.50 1576.08 1529.09 1482.87 1500.61 1518.90
1537.04 1543.86 1552.29 1563.29 1566.29 1568.69 1571.85 1576.61 1582.43 1588.84 1639.47 1690.00 1740.22 1706.73 1672.72 1636.30 1632.29 1630.20 1632.15 1595.66 1565.09 1545.06 1583.15 1619.53
1655.53 1622.01 1585.51 1547.70 1524.13 1520.44 1538.22 1552.51 1564.18 1573.68 1531.18 1521.82 1541.55 1433.65 1364.72 1373.47 1398.94 1422.20 1446.34 1491.08 1533.33 1574.41 1602.25 1630.30
1657.62 1658.26 1659.09 1660.47 1645.57 1651.11 1675.82 1728.16 1774.42 1814.95 1817.22 1812.58 1805.34 1785.03 1771.43 1759.55 1764.39 1773.31 1780.84 1716.10 1654.03 1607.40 1649.79 1773.87
1912.80 1871.06 1840.19 1828.05 1763.59 1688.86 1601.03 1542.67 1479.02 1409.48 1400.60 1396.25 1395.61 1277.69 1134.73 938.57 734.21 985.62 1240.14 1383.59 1501.88 1602.88 1608.90 1626.77
1655.63 1659.86 1665.67 1674.93 1674.21 1676.60 1681.52 1753.82 1812.28 1858.14 1860.41 1859.59 1856.19 1852.93 1850.96 1852.21 1845.65 1839.66 1836.03 1851.19 1865.37 1880.86 1902.05 1926.35
1951.80 1938.81 1924.92 1912.47 1918.55 1926.61 1936.41 1915.63 1892.06 1863.73 1809.53 1755.73 1702.92 1664.55 1628.80 1597.43 1554.02 1503.66 1447.81 1460.86 1486.68 1525.51 1533.48 1541.84
1551.34 1549.80 1549.72 1551.22 1507.49 1494.96 1519.84 1542.86 1583.73 1629.24 1657.48 1680.37 1697.70 1675.44 1674.23 1693.01 1577.57 1443.04 1334.67 1313.48 1280.53 1276.99 1247.03 1224.12
1216.60 1364.30 1493.51 1609.76 1600.51 1591.19 1580.11 1533.08 1493.78 1446.97 1318.04 1331.04 1431.43 1437.44 1451.21 1468.34 1470.56 1486.94 1519.72 1586.25 1652.26 1705.38 1691.38 1668.54
1653.49 1600.37 1563.24 1556.73 1522.61 1513.38 1535.37 1534.74 1542.56 1556.89 1609.14 1657.75 1702.35 1642.00 1583.91 1558.06 1580.04 1616.77 1657.37 1641.06 1621.93 1602.08 1618.10 1635.94
1655.98 1686.41 1716.47 1746.42 1762.37 1783.98 1809.69 1861.05 1904.22 1940.16 1899.22 1863.32 1833.76 1814.73 1802.17 1797.11 1814.55 1831.69 1850.69 1823.67 1797.98 1778.20 1773.17 1768.18
1761.40 1768.46 1775.48 1782.51 1780.34 1784.97 1787.71 1772.52 1752.95 1729.52 1689.52 1653.32 1620.96 1585.03 1555.30 1528.56 1446.30 1315.93 1130.51 1170.73 1256.38 1284.62 1167.80 1104.31
1182.42 895.83 1043.89 1286.47 1303.34 1418.52 1538.72 1627.21 1707.34 1775.57 1700.79 1629.36 1564.79 1532.70 1506.35 1486.53 1413.89 1348.94 1318.67 1409.94 1495.81 1576.71 1586.00 1595.63
1604.76 1604.23 1603.92 1602.99 1597.59 1596.72 1600.45 1659.97 1710.86 1754.35 1768.23 1782.04 1797.35 1802.00 1808.70 1814.07 1779.82 1747.81 1723.75 1683.54 1637.30 1587.92 1604.18 1624.70
1649.59 1630.06 1615.16 1603.15 1506.66 1412.86 1354.93 1241.81 1134.58 1107.81 1225.58 1350.26 1450.11 1491.81 1529.49 1563.03 1581.58 1601.88 1627.76 1586.62 1537.09 1481.13 1520.52 1560.31
1599.22 1647.96 1762.71 1889.07 1889.90 1963.08 2065.41 2074.21 2075.63 2071.82 2066.81 2062.93 2060.66 2043.27 2030.09 2021.40 1981.51 1943.36 1912.87 1805.10 1681.17 1574.39 1520.25 1484.92
1483.79 1469.82 1474.86 1499.30 1477.77 1454.61 1431.03 1391.75 1345.27 1291.11 1390.14 1492.54 1580.94 1555.16 1551.96 1571.62 1588.08 1611.03 1643.36 1634.07 1619.99 1603.98 1599.12 1597.83
1600.13 1582.24 1564.31 1544.86 1530.24 1515.92 1502.11 1554.71 1608.14 1657.49 1714.32 1760.74 1796.75 1790.53 1785.88 1783.57 1742.92 1699.12 1654.19 1650.58 1644.78 1638.83 1635.49 1638.36
1649.12 1658.98 1669.17 1680.18 1669.53 1658.65 1647.81 1666.58 1679.21 1687.25 1663.82 1646.21 1636.28 1562.95 1497.56 1458.43 1463.04 1456.45 1457.27 1485.79 1512.07 1538.74 1545.45 1559.27
1579.62 1571.30 1563.52 1555.53 1528.89 1515.48 1519.11 1457.65 1389.05 1316.93 1247.61 1189.89 1146.59 1001.64 831.94 839.23 866.72 932.28 943.95 1051.24 1321.87 1518.62 1557.45 1596.08
1635.97 1637.36 1643.45 1656.25 1682.22 1713.75 1750.64 1715.23 1671.79 1612.52 1455.59 1263.06 984.22 1187.81 1320.00 1420.64 1459.18 1496.75 1538.28 1534.40 1499.25 1462.33 1458.04 1454.90
1453.74 1434.93 1417.41 1401.51 1383.33 1366.09 1350.01 1257.93 1146.21 998.75 843.18 1067.51 1202.82 970.31 835.88 1081.52 1070.90 961.07 989.05 1127.29 1282.48 1418.88 1462.75 1512.82
1568.38 1632.86 1685.19 1702.79 1673.76 1643.98 1611.68 1584.37 1518.32 1446.01 1310.55 1258.28 1185.20 1135.15 970.97 1089.22 1354.86 1543.26 1697.07 1696.78 1687.85 1686.89 1652.81 1605.22
1539.25 1588.40 1659.95 1737.95 1774.74 1808.35 1843.36 1898.16 1940.18 1954.75 1983.53 2010.95 2036.64 2037.68 2040.88 2041.73 2052.65 2063.76 2076.55 2048.86 2018.06 1986.67 1994.63 2000.26
2006.45 2017.47 2029.08 2039.87 2029.75 2019.80 2009.89 1972.49 1933.95 1895.28 1876.85 1860.30 1845.21 1824.95 1815.73 1815.23 1798.90 1783.61 1773.00 1702.98 1616.26 1510.50 1513.09 1515.35
1518.51 1489.58 1467.34 1454.83 1376.84 1339.94 1368.72 1354.90 1335.72 1316.20 1391.01 1464.90 1529.51 1478.41 1488.19 1547.37 1569.83 1607.82 1658.70 1622.42 1589.99 1570.15 1506.67 1480.67
1504.98 1512.36 1523.11 1535.16 1528.36 1532.47 1545.55 1601.98 1644.64 1680.66 1741.28 1792.46 1838.74 1825.68 1814.92 1807.15 1816.06 1825.50 1836.48 1801.70 1764.69 1730.34 1770.23 1811.03
1853.64 1826.62 1797.38 1766.05 1752.97 1740.27 1727.76 1757.36 1777.31 1792.97 1736.94 1681.93 1626.75 1592.23 1565.84 1547.45 1542.71 1540.79 1543.17 1613.01 1677.72 1740.33 1760.66 1787.36
1819.54 1830.05 1840.61 1852.22 1809.24 1763.56 1715.05 1658.26 1593.10 1523.71 1472.38 1423.39 1376.17 1393.63 1421.83 1457.06 1456.71 1459.24 1463.77 1486.13 1508.72 1535.31 1594.73 1657.26
1719.19 1653.37 1576.30 1486.40 1626.62 1762.95 1869.91 1882.19 1897.22 1918.99 1883.20 1846.54 1811.00 1754.06 1696.66 1638.70 1555.66 1455.41 1335.03 1332.13 1366.21 1435.46 1433.00 1444.52
1467.26 1458.39 1449.86 1440.26 1330.01 1276.72 1336.22 1329.46 1428.21 1586.50 1680.39 1765.94 1837.84 1809.40 1774.18 1733.87 1740.95 1753.79 1774.14 1710.59 1634.55 1545.10 1522.90 1499.72
1474.95 1496.73 1517.57 1537.78 1520.78 1506.38 1452.79 1532.04 1588.60 1627.03 1575.64 1530.35 1493.38 1519.32 1549.35 1581.38 1589.02 1598.94 1610.51 1577.74 1543.87 1517.70 1471.71 1433.02
1407.56 1429.29 1449.83 1471.19 1461.45 1462.67 1474.52 1508.25 1531.90 1551.23 1581.98 1627.36 1674.55 1723.81 1769.26 1812.68 1824.17 1837.65 1852.92 1917.67 1978.10 2038.07 1998.44 1961.84
1930.26 1864.69 1808.70 1771.21 1820.01 1918.19 2037.70 2008.12 1980.72 1968.15 2004.07 2037.57 2069.04 2058.10 2049.46 2040.64 2013.24 1985.76 1959.73 1944.35 1924.29 1902.35 1934.19 1968.22
2003.50 1970.87 1934.68 1896.14 1862.69 1828.31 1792.97 1754.32 1713.54 1676.12 1655.63 1671.53 1712.51 1649.90 1584.47 1514.32 1497.86 1500.96 1515.21 1525.00 1530.03 1534.94 1546.21 1558.61
1572.92 1657.11 1741.46 1823.68 1766.61 1702.28 1628.96 1645.38 1653.68 1660.47 1655.93 1652.96 1651.35 1598.21 1546.04 1495.66 1486.51 1481.24 1479.91 1478.00 1476.98 1483.76 1478.26 1473.27
1469.59 1447.19 1434.30 1433.65 1459.46 1486.27 1513.85 1409.96 1291.70 1173.13 1237.39 1295.01 1345.35 1350.15 1356.40 1368.16 1371.45 1377.69 1386.47 1408.39 1425.96 1443.43 1415.18 1385.14
1351.73 1254.42 1138.06 1004.14 1065.35 1124.87 1181.26 1116.20 1053.01 1010.46 1163.81 1274.16 1359.02 1306.57 1256.26 1210.33 1313.83 1404.56 1486.60 1509.41 1525.07 1529.03 1539.08 1541.48
1542.03 1495.20 1445.90 1392.64 1305.02 1203.01 1091.74 993.07 905.80 898.90 917.55 1007.57 1088.95 1218.73 1328.11 1422.95 1472.43 1520.32 1568.67 1558.11 1547.77 1543.68 1539.57 1545.37
1561.28 1549.41 1539.56 1531.54 1531.00 1534.05 1539.62 1529.13 1511.92 1491.43 1557.36 1611.26 1656.40 1627.17 1604.91 1590.58 1617.33 1646.75 1678.50 1640.03 1590.07 1532.63 1550.91 1574.07
1601.46 1577.11 1556.86 1543.29 1498.16 1450.21 1400.57 1210.47 916.28 856.73 796.42 987.00 1115.51 1175.05 1305.05 1434.24 1400.61 1363.79 1336.22 1356.43 1371.80 1388.44 1352.26 1359.02
1408.74 1299.47 1190.56 1143.35 1152.46 1093.95 1069.47 1096.16 1126.56 1156.94 1137.22 1121.78 1087.11 1076.08 1075.30 1084.41 1115.28 1161.54 1219.05 1311.07 1399.15 1484.80 1489.48 1495.46
1500.78 1479.40 1457.44 1433.62 1413.63 1403.58 1403.11 1390.14 1371.23 1352.05 1500.98 1609.73 1693.97 1698.08 1704.53 1712.07 1736.30 1764.30 1796.43 1781.44 1759.38 1734.45 1719.46 1715.01
1722.36 1706.68 1692.34 1680.38 1676.15 1673.67 1672.56 1673.78 1672.58 1670.41 1581.53 1507.22 1457.11 1460.42 1467.12 1478.34 1444.56 1412.59 1385.89 1387.02 1386.17 1392.16 1402.57 1421.17
1445.97 1464.70 1485.27 1508.54 1518.12 1532.07 1550.12 1570.41 1583.16 1591.77 1540.68 1495.78 1457.32 1416.79 1378.13 1342.96 1336.85 1330.69 1328.58 1267.70 1185.16 1083.78 868.46 841.90
1091.79 1043.02 1258.06 1471.49 1511.60 1549.24 1556.70 1616.69 1663.41 1701.84 1668.09 1638.56 1612.11 1613.73 1616.99 1623.70 1605.74 1591.87 1586.65 1564.63 1531.53 1492.99 1498.41 1503.88
1510.58 1513.03 1518.09 1526.35 1510.37 1498.87 1491.88 1445.64 1392.13 1335.86 1353.88 1374.86 1396.68 1433.43 1470.80 1509.06 1555.18 1600.46 1647.61 1627.01 1597.42 1565.35 1576.12 1595.25
1620.68 1603.42 1585.81 1567.07 1555.85 1545.79 1533.45 1598.94 1650.00 1690.70 1699.70 1706.04 1705.60 1703.74 1703.35 1704.32 1717.99 1732.66 1750.60 1747.36 1737.66 1727.61 1735.08 1743.93
1753.37 1737.89 1722.23 1706.45 1707.24 1708.14 1709.30 1720.33 1726.50 1730.02 1704.68 1679.69 1655.09 1615.81 1580.19 1547.80 1565.24 1585.04 1607.11 1615.15 1616.62 1616.80 1655.39 1693.94
1733.57 1725.89 1719.42 1715.11 1702.05 1689.57 1677.85 1713.68 1741.41 1764.05 1696.32 1629.39 1560.77 1464.77 1365.11 1264.34 1264.07 1269.83 1286.06 1364.13 1467.51 1582.58 1616.70 1666.25
1726.62 1694.50 1675.50 1674.97 1374.70 1481.23 1810.15 1914.83 2015.91 2084.39 2079.13 2074.45 2072.54 2056.54 2041.84 2029.29 2009.78 1991.56 1974.22 1932.11 1880.03 1821.78 1748.78 1664.65
1568.21 1602.20 1640.28 1681.23 1673.32 1665.62 1661.24 1673.68 1681.69 1688.64 1674.38 1661.16 1649.41 1667.82 1688.46 1717.15 1729.35 1747.06 1771.13 1701.44 1612.39 1502.40 1466.08 1425.13
1378.78 1374.63 1370.14 1364.95 1317.61 1263.83 1205.45 1099.78 1041.06 1078.01 1220.17 1304.24 1362.08 1281.15 1192.27 1094.20 1155.47 1243.36 1334.95 1388.91 1437.23 1485.94 1551.53 1606.31
1584.62 1625.59 1666.14 1705.27 1695.94 1689.25 1686.81 1701.27 1709.68 1713.60 1700.02 1687.88 1668.86 1642.56 1631.34 1622.95 1630.01 1645.32 1669.29 1671.27 1665.05 1658.01 1667.59 1686.33
1713.32 1714.76 1715.90 1717.38 1687.70 1657.07 1624.72 1676.88 1717.22 1747.79 1754.13 1760.80 1761.09 1718.27 1677.95 1641.47 1628.71 1617.21 1609.40 1627.10 1638.91 1650.16 1692.50 1743.43
1799.75 1773.48 1746.91 1721.04 1680.74 1648.34 1629.83 1586.27 1548.98 1520.94 1483.87 1464.32 1460.90 1411.00 1368.72 1338.95 1286.33 1240.53 1219.93 1155.74 1146.26 1205.57 1239.18 1294.75
1361.65 1411.77 1432.83 1456.78 1434.80 1412.23 1387.15 1322.07 1247.95 1169.02 1268.01 1344.99 1407.49 1438.31 1471.84 1508.14 1525.51 1544.29 1565.18 1580.16 1587.21 1593.85 1634.29 1676.27
1718.90 1658.40 1591.07 1513.16 1369.76 1180.34 920.64 969.40 1052.30 1118.17 1105.02 1220.64 1331.24 1253.53 1172.17 1087.70 1078.36 1140.77 1241.03 1316.84 1386.49 1461.92 1472.06 1488.37
1510.84 1496.03 1482.07 1469.54 1451.42 1450.56 1469.67 1436.00 1397.08 1352.55 1192.12 1014.60 916.22 993.13 1087.86 1211.17 1232.53 1256.13 1281.87 1158.84 952.07 790.58 846.46 957.04
1061.42 735.52 1156.24 1374.16 1398.75 1421.96 1454.18 1366.32 1271.15 1173.80 1155.66 1189.89 1220.98 1225.79 1228.14 1226.46 1113.03 965.53 790.63 1051.51 1233.92 1371.85 1405.08 1446.77
1492.55 1484.70 1475.94 1467.34 1482.39 1500.83 1522.42 1508.69 1494.17 1479.36 1487.07 1493.88 1500.05 1496.45 1492.37 1485.39 1471.34 1457.90 1447.48 1515.54 1562.15 1607.14 1639.42 1682.33
1731.93 1721.30 1712.41 1706.52 1688.14 1671.29 1655.96 1659.22 1656.64 1648.92 1626.14 1603.06 1578.26 1604.31 1628.21 1650.69 1628.97 1605.21 1581.31 1570.65 1545.14 1511.57 1525.42 1534.31
1590.09 1607.09 1614.81 1603.40 1602.84 1602.22 1601.99 1592.22 1578.83 1564.12 1615.53 1664.87 1712.57 1689.56 1676.46 1674.44 1591.41 1497.66 1393.17 1117.92 1118.47 1085.99 1210.73 1405.21
1569.95 1580.67 1583.31 1580.87 1576.03 1571.35 1567.56 1548.07 1533.32 1509.25 1551.51 1585.19 1613.50 1613.22 1620.31 1634.28 1701.18 1775.93 1855.09 1827.04 1768.19 1706.35 1761.93 1824.49
1889.23 1862.25 1833.32 1806.99 1839.27 1871.81 1907.58 1840.18 1798.41 1739.45 1833.08 1903.34 1955.74 1930.51 1911.17 1899.54 1959.81 2016.23 2068.52 2046.60 2005.63 1962.91 1887.70 1805.76
1716.28 1648.25 1579.08 1518.01 1509.71 1521.23 1552.01 1484.75 1413.98 1339.60 1323.53 1341.33 1381.76 1447.82 1507.41 1563.61 1579.04 1586.20 1597.67 1590.10 1576.78 1566.60 1605.88 1643.92
1679.88 1682.95 1687.99 1695.33 1716.08 1739.53 1764.35 1780.19 1790.36 1795.36 1760.70 1729.26 1700.70 1679.68 1662.34 1649.49 1647.49 1647.78 1651.95 1657.44 1654.58 1649.70 1690.00 1730.96
1772.12 1767.95 1763.75 1759.06 1762.68 1765.81 1768.08 1752.61 1736.11 1719.83 1730.53 1739.29 1746.99 1718.76 1693.17 1670.86 1666.72 1663.19 1661.33 1687.03 1706.90 1727.38 1723.83 1731.53
1750.35 1735.68 1720.94 1705.35 1715.10 1724.93 1734.94 1737.18 1739.33 1740.92 1663.27 1611.28 1589.65 1548.62 1509.86 1474.24 1483.15 1493.81 1506.79 1496.58 1481.17 1466.42 1474.30 1483.08
1492.27 1502.11 1519.95 1533.74 1481.89 1630.95 1804.93 1886.37 1961.61 2014.44 1951.96 1889.12 1823.82 1839.71 1857.12 1871.50 1816.27 1756.04 1699.35 1626.84 1529.31 1386.70 1428.13 1467.06
1504.33 1531.25 1548.99 1566.06 1574.92 1584.89 1597.44 1609.97 1621.10 1628.90 1625.73 1624.10 1623.69 1578.06 1534.24 1494.33 1429.77 1356.13 1274.15 1126.75 1064.25 1168.38 1280.15 1427.66
1558.77 1560.46 1563.91 1569.36 1547.41 1524.30 1499.82 1480.10 1458.82 1432.63 1481.16 1519.03 1547.29 1566.54 1586.37 1607.60 1622.92 1639.43 1658.38 1649.58 1631.04 1607.18 1644.86 1682.82
1720.85 1718.68 1717.39 1716.99 1718.58 1720.68 1722.29 1729.02 1731.93 1729.35 1695.60 1662.45 1629.39 1578.89 1529.74 1483.77 1479.77 1481.22 1491.54 1527.73 1558.47 1589.99 1605.65 1624.12
1646.00 1633.64 1619.98 1606.11 1592.33 1579.96 1568.89 1572.76 1574.36 1572.99 1471.22 1371.56 1284.68 1288.50 1297.66 1313.68 1360.00 1411.22 1465.13 1470.21 1467.72 1463.08 1488.49 1520.42
1560.42 1446.47 1303.66 1137.92 1076.39 1079.72 912.41 1136.47 1334.00 1467.84 1399.70 1336.56 1280.71 1292.17 1324.99 1399.12 1435.53 1449.94 1454.69 1509.16 1567.71 1633.00 1706.62 1775.41
1827.63 1716.22 1586.94 1438.50 1298.10 1109.27 932.38 1029.44 1116.06 1187.46 1051.86 885.74 830.28 801.74 940.45 1135.64 1087.65 1038.71 989.58 1075.49 1152.93 1226.05 1247.71 1282.67
1325.98 1377.93 1427.09 1472.59 1485.95 1498.20 1505.70 1484.02 1472.03 1464.80 1357.46 1341.55 1403.18 1428.13 1460.37 1496.94 1463.08 1429.57 1397.49 1376.38 1344.69 1314.60 1260.74 1197.61
1123.21 1282.09 1409.03 1497.71 1485.68 1486.06 1500.54 1493.66 1485.99 1475.99 1436.61 1434.54 1462.78 1479.91 1501.49 1522.82 1530.91 1539.12 1550.69 1547.19 1543.17 1545.77 1567.06 1593.41
1624.06 1644.36 1666.92 1691.20 1698.96 1712.44 1730.06 1743.62 1752.38 1756.58 1732.11 1710.30 1686.35 1611.65 1535.44 1456.94 1396.46 1332.86 1271.28 1217.49 1308.99 1440.59 1467.68 1471.05
1482.67 1468.98 1458.31 1451.98 1441.14 1431.61 1421.62 1422.65 1421.53 1414.89 1472.60 1522.96 1565.90 1601.15 1634.68 1668.14 1675.44 1684.05 1694.75 1700.76 1698.84 1693.16 1732.57 1774.52
1818.15 1795.30 1771.27 1745.62 1727.90 1710.25 1692.60 1670.00 1647.24 1621.91 1564.31 1507.40 1460.53 1446.25 1459.10 1494.94 1481.64 1470.24 1460.47 1452.12 1436.63 1419.52 1438.76 1466.53
1502.12 1496.12 1490.79 1486.54 1484.18 1483.85 1483.74 1542.41 1592.12 1631.02 1633.72 1636.14 1644.46 1612.44 1584.86 1567.20 1540.29 1511.98 1483.19 1488.59 1495.92 1508.20 1502.99 1497.70
1495.74 1462.27 1437.12 1427.51 1425.49 1425.67 1428.38 1364.41 1298.02 1226.18 995.61 671.76 906.39 1004.40 1126.28 1237.73 1308.17 1375.17 1441.81 1444.49 1444.35 1445.71 1442.68 1453.07
1440.41 1527.72 1582.79 1639.50 1601.47 1592.45 1617.33 1501.33 1386.09 1296.59 1373.27 1399.60 1433.06 1488.31 1523.48 1541.27 1578.48 1619.42 1664.00 1624.63 1571.98 1507.26 1488.91 1478.39
1477.23 1468.73 1461.47 1455.21 1469.08 1483.06 1497.71 1456.23 1414.05 1373.30 1413.98 1455.00 1492.82 1416.48 1346.52 1287.79 1345.79 1419.14 1502.35 1446.82 1379.80 1303.85 1315.36 1363.36
1393.59 1365.41 1343.81 1334.59 1344.15 1366.16 1408.10 1431.97 1453.31 1468.67 1428.49 1400.41 1380.67 1404.40 1437.71 1476.68 1476.65 1484.49 1502.35 1486.87 1463.43 1434.81 1427.53 1430.69
1445.52 1438.54 1432.70 1427.43 1436.95 1446.39 1453.97 1472.08 1498.28 1524.36 1558.20 1592.94 1624.43 1601.74 1582.29 1565.03 1575.92 1593.60 1618.15 1611.42 1595.15 1572.28 1624.55 1678.90
1732.72 1739.05 1746.90 1757.09 1709.10 1655.76 1593.60 1579.65 1566.42 1551.56 1518.71 1488.50 1460.54 1476.71 1498.51 1524.84 1562.32 1600.58 1640.29 1618.84 1586.44 1544.93 1541.34 1541.09
1543.17 1520.99 1497.57 1472.29 1451.62 1431.65 1411.45 1456.61 1506.30 1549.08 1536.64 1527.96 1520.64 1516.66 1519.16 1530.72 1573.09 1615.74 1659.52 1699.73 1736.70 1774.15 1773.41 1787.80
1815.98 1787.90 1758.41 1728.49 1676.70 1620.91 1535.57 1580.23 1620.21 1648.36 1581.86 1519.80 1464.72 1448.76 1439.11 1439.79 1430.68 1421.86 1415.57 1441.90 1473.89 1508.42 1509.89 1505.69
1501.22 1279.93 1005.75 1253.30 1162.69 1430.34 1683.35 1734.46 1780.96 1821.71 1820.19 1819.96 1821.80 1816.72 1817.20 1822.23 1813.62 1806.84 1803.41 1785.61 1760.65 1731.79 1758.30 1787.97
1819.53 1825.08 1830.57 1835.86 1815.76 1795.14 1772.13 1755.12 1738.27 1723.17 1688.00 1657.82 1634.53 1591.50 1572.61 1582.77 1591.74 1605.45 1624.36 1631.16 1653.92 1660.26 1603.96 1543.34
1480.18 1474.53 1462.62 1450.14 1348.93 1233.50 1085.06 1260.73 1386.95 1453.03 1407.15 1374.94 1348.76 1329.33 1333.12 1347.04 1379.70 1444.33 1524.36 1498.12 1463.60 1415.29 1376.37 1334.21
1287.19 1232.38 1182.66 1148.32 1087.14 1084.45 1085.24 998.37 940.02 928.74 810.28 864.91 1016.38 1133.42 1227.80 1308.88 1300.45 1307.36 1332.45 1362.33 1393.98 1426.49 1419.64 1431.38
1460.42 1467.83 1475.49 1483.65 1480.79 1477.18 1472.55 1432.98 1393.51 1351.64 1336.96 1328.21 1319.31 1324.71 1353.62 1405.21 1445.19 1485.63 1527.50 1513.75 1494.55 1473.44 1474.70 1478.31
1484.04 1451.73 1416.56 1377.37 1341.74 1314.12 1297.20 1253.61 1220.78 1192.28 1190.97 1189.24 1187.89 1080.72 1087.37 1196.46 1277.99 1353.07 1423.86 1422.79 1423.62 1433.27 1428.24 1432.72
1445.68 1444.61 1445.89 1448.20 1439.63 1432.98 1424.14 1328.95 1237.48 1157.27 1063.16 991.31 965.87 950.69 966.77 992.36 1115.48 1239.37 1351.27 1383.22 1411.17 1442.54 1445.65 1452.99
1463.54 1470.68 1478.01 1486.50 1472.57 1459.26 1443.20 1468.61 1488.99 1501.46 1459.09 1417.89 1378.43 1351.43 1331.71 1319.42 1363.74 1414.06 1468.42 1485.37 1498.12 1507.74 1520.04 1540.70
1568.52 1609.82 1652.10 1694.73 1697.12 1699.88 1700.18 1715.97 1727.97 1733.98 1715.66 1698.00 1680.03 1641.78 1605.82 1572.31 1563.64 1555.08 1549.15 1544.55 1544.53 1555.04 1616.21 1674.64
1730.73 1729.45 1729.02 1729.81 1699.49 1673.58 1643.97 1675.38 1698.30 1712.62 1637.28 1573.37 1516.88 1518.19 1525.40 1537.25 1546.84 1558.39 1574.94 1554.64 1521.80 1476.54 1452.59 1426.52
1399.39 1363.23 1320.13 1273.62 1200.45 1114.48 1007.02 708.67 939.74 1097.43 1178.64 1246.72 1304.29 1308.85 1323.42 1344.96 1423.61 1497.91 1569.66 1563.37 1537.13 1502.90 1522.84 1542.33
1560.64 1547.52 1534.27 1521.35 1498.34 1474.76 1448.52 1509.55 1578.70 1639.04 1677.98 1717.65 1754.21 1740.43 1729.14 1719.32 1734.35 1748.34 1764.35 1727.42 1678.38 1615.80 1683.77 1750.69
1815.12 1714.56 1664.81 1701.21 1713.11 1724.44 1737.72 1768.79 1798.30 1824.45 1809.83 1797.28 1786.56 1792.26 1801.03 1812.29 1780.04 1748.04 1716.87 1663.66 1602.11 1540.73 1549.26 1560.36
1573.63 1574.87 1575.40 1575.93 1561.77 1547.91 1530.19 1494.94 1458.44 1416.64 1418.67 1424.10 1430.96 1390.86 1361.81 1347.24 1380.89 1426.50 1479.99 1479.11 1473.03 1463.21 1485.90 1510.86
1537.83 1590.07 1642.98 1695.75 1711.28 1727.13 1740.58 1734.45 1727.96 1719.06 1698.73 1678.86 1659.51 1659.35 1667.99 1683.83 1708.85 1734.66 1762.30 1777.15 1788.02 1795.69 1813.13 1833.70
1857.26 1846.03 1835.74 1827.34 1777.93 1724.70 1665.07 1650.93 1637.78 1621.82 1619.86 1619.81 1621.40 1627.04 1642.06 1664.86 1676.77 1691.50 1710.40 1693.85 1669.53 1636.81 1645.02 1654.44
1665.93 1635.69 1603.54 1569.57 1556.39 1544.98 1532.88 1598.47 1650.99 1690.44 1679.92 1671.75 1664.86 1648.40 1638.57 1633.83 1659.68 1689.35 1723.88 1696.13 1657.51 1607.57 1627.05 1647.49
1669.23 1653.48 1637.18 1620.83 1636.74 1652.74 1665.39 1657.02 1648.00 1637.02 1645.14 1651.87 1672.79 1655.65 1644.62 1635.52 1647.64 1659.65 1671.60 1665.97 1653.75 1635.10 1663.93 1697.63
1735.48 1725.51 1715.71 1706.84 1697.06 1686.62 1673.74 1656.54 1644.86 1635.33 1604.62 1574.18 1543.71 1528.71 1518.96 1513.72 1542.47 1576.31 1615.00 1610.02 1598.61 1580.93 1626.41 1671.06
1715.63 1701.34 1687.52 1675.67 1661.46 1648.15 1633.44 1646.07 1659.07 1674.95 1613.38 1558.78 1511.44 1455.83 1400.66 1336.62 1315.79 1308.28 1317.93 1323.45 1325.48 1320.09 1357.20 1396.45
1437.00 1449.37 1462.40 1476.58 1404.92 1327.22 1246.20 1261.00 1289.73 1323.11 1183.05 992.48 613.91 773.86 875.86 1112.87 1240.80 1352.06 1439.04 1451.38 1460.95 1469.34 1460.43 1451.19
1441.55 1430.69 1422.61 1418.76 1399.63 1383.45 1366.44 1380.70 1390.99 1394.66 1361.11 1330.67 1293.85 1347.10 1397.99 1453.80 1494.10 1540.68 1591.45 1545.18 1483.95 1406.13 1407.37 1409.52
1411.39 1350.66 1303.28 1285.42 1357.99 1432.28 1500.23 1430.44 1355.72 1268.70 1255.30 1283.99 1322.23 1305.94 1292.25 1282.00 1319.01 1355.85 1391.75 1396.55 1395.49 1388.20 1383.34 1383.28
1390.11 1391.85 1393.89 1396.18 1378.75 1360.16 1337.17 1275.98 1217.59 1159.94 1191.94 1240.62 1290.11 1256.60 1236.17 1228.13 1297.35 1366.95 1435.48 1428.03 1412.98 1390.10 1466.09 1536.00
1599.67 1536.27 1470.71 1404.79 1371.36 1337.77 1302.18 1244.20 1183.36 1115.92 1105.61 1102.74 1103.97 1150.05 1221.39 1289.98 1328.97 1371.41 1416.14 1410.57 1398.01 1376.26 1371.85 1368.11
1362.42 1313.30 1259.02 1195.86 1265.91 1346.00 1421.17 1403.43 1387.59 1367.99 1350.39 1337.59 1325.44 1311.20 1312.00 1324.44 1307.86 1290.94 1274.25 1310.43 1350.74 1392.41 1385.70 1378.81
1369.41 1381.31 1407.86 1444.08 1442.97 1447.72 1455.09 1487.56 1519.41 1529.97 1476.24 1413.44 1352.73 1335.81 1340.06 1369.09 1386.99 1405.17 1424.92 1422.67 1414.61 1399.30 1370.14 1346.17
1328.55 1345.68 1364.46 1384.68 1368.40 1353.64 1337.54 1281.03 1222.29 1142.51 1066.24 1000.01 957.79 1072.24 1162.78 1256.16 1328.09 1381.69 1424.64 1407.69 1337.69 1247.64 1237.41 1229.31
1223.00 1228.84 1261.60 1316.20 1220.95 1100.97 933.20 764.48 932.25 1059.34 1097.09 1127.17 1154.06 1231.25 1302.43 1371.38 1385.39 1401.29 1417.76 1417.79 1412.06 1401.50 1395.73 1395.29
1402.67 1377.24 1364.33 1387.06 1401.15 1411.25 1408.41 1380.01 1378.96 1395.16 1373.15 1351.66 1331.10 1293.47 1272.28 1268.61 1237.17 1208.60 1187.22 1205.02 1244.09 1299.93 1325.82 1356.51
1392.49 1355.50 1330.57 1325.38 1273.49 1239.69 1232.64 1168.22 1104.85 1036.80 983.94 931.38 877.84 943.72 1007.03 1043.38 1138.16 1221.23 1296.21 1339.42 1369.49 1395.12 1406.22 1422.47
1444.06 1447.82 1452.11 1457.13 1454.25 1451.65 1445.68 1426.89 1422.13 1424.11 1211.73 960.15 968.00 939.71 1152.76 1340.91 1424.05 1514.06 1604.84 1632.53 1656.68 1676.47 1726.03 1782.23
1843.57 1863.74 1884.23 1891.18 1861.22 1829.30 1787.47 1769.12 1747.65 1725.06 1680.24 1639.02 1601.42 1585.54 1574.01 1566.65 1548.64 1531.09 1511.37 1475.27 1430.74 1379.79 1363.06 1346.64
1329.31 1339.78 1349.74 1359.22 1271.74 1166.26 1037.32 1091.82 1197.96 1291.76 1294.68 1305.89 1310.49 1345.30 1379.07 1394.65 1448.85 1499.45 1545.55 1519.16 1483.87 1436.77 1439.23 1447.15
1461.58 1462.28 1464.29 1467.40 1398.49 1358.16 1365.02 1211.20 1037.05 904.56 1020.79 1054.78 1140.24 1283.40 1399.58 1497.36 1510.62 1528.55 1550.02 1516.15 1465.89 1396.02 1392.71 1389.22
1386.81 1396.76 1406.40 1416.84 1308.25 1220.06 1219.72 1237.99 1255.55 1266.49 1308.21 1343.95 1375.14 1393.06 1413.15 1430.72 1494.77 1553.28 1608.90 1581.18 1543.56 1492.84 1505.25 1518.35
1530.72 1558.64 1585.56 1611.66 1626.07 1646.37 1669.17 1655.01 1642.82 1629.03 1637.12 1641.90 1644.10 1621.27 1601.47 1585.77 1596.80 1610.02 1625.84 1621.70 1611.19 1591.69 1617.00 1642.66
1669.38 1687.87 1706.61 1725.78 1722.02 1719.74 1715.36 1694.57 1673.16 1648.68 1598.67 1548.97 1498.53 1439.98 1381.88 1323.93 1323.58 1331.22 1347.23 1391.05 1436.78 1484.14 1536.34 1608.33
1689.02 1693.04 1698.71 1705.32 1695.40 1685.44 1672.21 1534.28 1380.84 1211.69 1201.67 1191.50 1183.11 1069.09 1017.13 931.48 978.66 1056.12 1139.60 1266.68 1392.78 1508.60 1497.57 1475.79
1451.99 1340.30 1195.78 1010.86 937.56 899.62 923.30 957.75 937.38 896.08 811.65 736.82 678.79 766.62 844.33 910.74 946.04 987.17 1031.31 1120.99 1211.54 1293.07 1321.09 1351.12
1383.70 1377.74 1374.19 1372.54 1322.98 1270.01 1211.08 1192.46 1277.83 1370.16 1397.10 1429.30 1459.98 1446.05 1435.77 1428.94 1421.36 1414.88 1411.28 1419.80 1427.24 1432.21 1440.52 1453.20
1468.89 1500.58 1531.28 1562.14 1575.49 1590.93 1605.12 1579.27 1556.13 1532.45 1443.14 1351.81 1259.38 1200.93 1147.98 1101.85 1086.14 1071.50 1067.20 934.32 756.81 742.87 932.84 1170.51
1338.26 1302.13 1304.42 1262.50 1250.11 1333.61 1445.16 1428.52 1415.63 1402.71 1387.75 1371.53 1355.29 1332.26 1314.19 1301.65 1306.37 1311.52 1318.61 1358.07 1413.02 1477.65 1515.72 1555.84
1598.50 1635.05 1672.81 1711.50 1694.67 1678.79 1660.67 1642.03 1622.52 1599.63 1565.43 1531.37 1497.84 1472.26 1450.45 1432.06 1449.25 1470.50 1496.18 1511.42 1525.05 1534.54 1560.96 1588.80
1617.92 1620.86 1624.74 1630.09 1618.88 1607.38 1592.28 1614.47 1634.59 1649.62 1630.31 1611.20 1593.07 1564.13 1539.16 1519.35 1530.92 1545.01 1560.76 1570.70 1576.84 1578.02 1624.53 1673.86
1725.25 1706.74 1688.02 1670.60 1656.86 1644.14 1629.57 1631.46 1636.03 1639.49 1562.22 1490.92 1429.86 1368.67 1307.08 1248.29 1237.68 1235.33 1245.03 1152.40 1143.09 1249.84 1252.50 1318.23
1410.47 1418.51 1426.33 1434.52 1430.76 1427.05 1420.07 1367.12 1293.29 1242.78 1206.36 1175.34 1149.48 1202.72 1257.22 1314.87 1368.79 1421.19 1474.71 1442.01 1408.07 1376.96 1378.29 1390.90
1417.41 1440.19 1466.54 1496.48 1440.04 1377.28 1304.71 1289.76 1278.14 1265.42 1288.14 1311.17 1332.79 1354.86 1380.37 1408.62 1441.25 1473.76 1506.54 1499.90 1486.53 1462.11 1490.29 1521.18
1554.44 1520.33 1484.73 1450.18 1431.16 1411.06 1385.79 1405.70 1426.35 1441.66 1443.29 1445.54 1449.32 1451.42 1462.27 1479.46 1485.65 1494.15 1503.59 1478.64 1443.82 1392.90 1415.63 1440.98
1466.41 1453.56 1440.03 1425.93 1420.54 1418.32 1417.90 1482.30 1533.25 1570.29 1538.79 1507.25 1477.28 1446.30 1420.32 1399.17 1412.82 1427.47 1443.78 1427.02 1402.32 1366.26 1363.97 1366.60
1375.71 1394.03 1411.37 1429.41 1421.29 1414.11 1405.88 1437.29 1461.98 1477.61 1418.20 1360.65 1304.66 1251.98 1241.36 1272.12 1303.23 1334.72 1366.54 1368.08 1364.85 1353.49 1361.75 1372.77
1386.57 1383.63 1382.10 1381.53 1373.58 1373.60 1376.98 1373.01 1369.21 1361.20 1270.45 1176.49 1080.89 1036.79 1007.27 1004.06 984.92 982.06 1005.45 1064.26 1117.95 1161.91 1215.67 1266.15
1315.92 1342.33 1370.34 1396.20 1375.04 1358.13 1347.27 1268.18 1197.88 1145.29 1069.04 1023.91 1009.31 779.04 778.01 1034.22 1100.24 1177.77 1255.64 1274.20 1315.45 1364.19 1358.07 1351.63
1344.50 1349.60 1355.62 1364.41 1371.28 1383.80 1396.20 1381.69 1395.57 1421.45 1340.73 1257.67 1169.15 1173.41 1214.00 1272.88 1354.43 1430.88 1503.46 1482.74 1451.18 1405.29 1436.99 1472.71
1510.90 1503.37 1495.34 1487.60 1487.43 1486.85 1483.21 1492.13 1502.69 1509.98 1439.26 1369.03 1297.07 1252.23 1230.36 1233.97 1291.24 1352.02 1412.65 1427.96 1439.43 1442.41 1497.48 1556.62
1617.65 1590.26 1561.48 1531.80 1495.11 1458.41 1419.38 1427.99 1436.51 1441.35 1411.09 1383.25 1357.16 1352.43 1357.29 1371.32 1411.21 1452.40 1495.79 1497.37 1493.59 1483.22 1503.64 1535.15
1575.64 1537.94 1496.52 1449.82 1453.97 1460.73 1466.35 1465.03 1461.17 1452.50 1414.88 1383.73 1357.83 1365.94 1376.44 1387.80 1413.87 1442.07 1470.96 1453.12 1427.26 1389.32 1425.11 1466.06
1510.30 1496.77 1484.30 1474.83 1497.02 1518.42 1536.45 1535.73 1532.68 1525.63 1475.74 1427.57 1380.82 1359.83 1347.17 1341.72 1370.21 1401.54 1435.09 1416.25 1390.96 1354.62 1371.58 1397.57
1431.46 1444.60 1458.42 1474.69 1450.91 1425.75 1394.88 1412.30 1434.25 1453.04 1318.96 1165.94 979.00 961.51 1009.97 1088.35 1148.47 1205.33 1260.13 1272.08 1280.12 1280.13 1291.41 1302.36
1313.29 1281.81 1255.02 1236.21 1238.93 1279.87 1339.38 1276.97 1219.26 1164.45 1153.38 1146.52 1144.10 1089.42 1042.95 1017.17 1114.16 1192.38 1269.75 1269.89 1266.25 1249.54 1248.22 1256.60
1263.11 1261.16 1254.41 1262.68 1261.58 1282.17 1318.14 1289.60 1265.49 1240.87 1193.79 1148.73 1104.39 1073.84 1048.68 1042.75 1132.95 1217.45 1307.67 1333.47 1358.03 1365.73 1379.32 1392.23
1406.09 1431.38 1462.39 1496.66 1484.23 1475.02 1466.91 1477.29 1486.12 1490.19 1419.81 1356.05 1299.18 1201.23 1105.06 1003.91 1066.62 1139.32 1213.36 1278.15 1337.44 1382.44 1392.70 1404.42
1417.06 1419.08 1423.52 1430.17 1427.11 1426.50 1425.90 1400.53 1378.26 1355.03 1225.26 1076.45 890.02 819.08 899.97 1016.77 1047.03 1081.52 1118.16 1184.85 1248.85 1305.96 1309.37 1314.33
1326.38 1304.30 1285.03 1270.35 1282.21 1305.24 1332.65 1308.56 1284.09 1265.76 1320.75 1361.74 1397.15 1373.27 1354.57 1338.57 1338.81 1344.10 1353.78 1340.66 1322.47 1292.50 1241.15 1177.13
1104.30 1157.20 1206.77 1253.63 1202.51 1167.53 1175.45 1167.63 1158.86 1145.34 1201.77 1240.56 1268.66 1302.98 1339.13 1374.76 1379.49 1387.90 1399.82 1390.64 1372.29 1341.33 1333.42 1324.79
1315.87 1315.97 1323.65 1340.58 1282.28 1235.12 1214.39 1226.63 1243.84 1259.77 1319.14 1373.85 1421.01 1422.72 1433.90 1451.64 1443.71 1440.98 1443.23 1409.54 1363.55 1294.28 1303.69 1309.71
1315.41 1308.79 1301.66 1294.57 1287.14 1280.10 1270.31 1121.80 934.68 696.59 954.24 1120.23 1222.71 1255.13 1286.90 1317.80 1330.00 1346.25 1365.96 1345.86 1317.17 1276.57 1278.25 1286.92
1297.96 1293.38 1289.22 1284.96 1232.32 1216.39 1247.30 1203.96 1181.93 1173.31 1121.81 1057.10 989.62 893.43 782.96 664.96 881.10 1028.67 1145.13 1202.95 1256.36 1301.20 1307.47 1317.50
1333.99 1344.71 1355.72 1368.06 1389.50 1412.63 1432.76 1448.78 1465.56 1477.33 1423.33 1371.71 1319.51 1292.20 1283.36 1292.48 1322.09 1356.16 1393.81 1390.00 1377.86 1353.36 1361.51 1369.17
1377.41 1402.83 1434.57 1471.17 1510.39 1549.33 1586.15 1584.44 1581.06 1573.26 1516.76 1462.95 1410.81 1385.39 1367.59 1355.50 1385.87 1419.86 1455.72 1439.78 1413.85 1372.69 1421.42 1468.14
1513.39 1536.79 1561.36 1588.15 1598.74 1611.64 1625.66 1632.92 1637.28 1636.14 1588.70 1542.97 1497.86 1479.15 1465.40 1456.00 1477.19 1501.66 1528.59 1502.23 1461.94 1401.96 1416.06 1430.05
1445.57 1465.10 1485.73 1508.50 1554.01 1599.25 1642.19 1637.63 1631.82 1621.46 1572.82 1526.14 1480.37 1450.27 1425.37 1403.94 1428.15 1455.09 1484.42 1467.87 1441.22 1400.02 1415.44 1431.09
1446.98 1465.14 1486.41 1509.41 1519.24 1529.75 1540.84 1545.98 1549.05 1546.17 1493.05 1441.36 1390.63 1370.72 1355.75 1344.50 1361.25 1381.36 1405.00 1408.78 1406.24 1394.16 1406.54 1418.37
1430.05 1445.76 1468.96 1498.42 1496.75 1495.73 1492.80 1490.11 1487.01 1478.44 1402.96 1328.21 1251.74 1226.62 1218.78 1227.96 1245.18 1266.73 1290.73 1317.05 1337.73 1348.60 1309.83 1259.58
1201.74 1150.94 1091.66 1025.00 1035.48 1049.36 1063.45 928.04 878.43 1098.75 1208.87 1340.28 1446.14 1455.29 1467.34 1478.75 1512.43 1545.82 1581.02 1589.02 1591.98 1586.53 1601.74 1606.62
1607.85 1589.06 1568.11 1546.92 1509.90 1469.08 1421.70 1490.78 1545.61 1587.70 1568.20 1550.84 1534.98 1522.31 1513.63 1506.88 1489.55 1473.22 1457.28 1437.29 1409.41 1374.61 1388.43 1404.91
1425.07 1407.94 1390.53 1374.02 1319.46 1262.76 1208.02 1100.79 1021.57 1000.93 1062.47 1129.19 1187.34 1165.80 1165.00 1181.15 1162.35 1156.79 1161.40 1199.13 1235.35 1267.49 1276.24 1279.32
1282.87 1276.79 1302.39 1355.56 1354.82 1357.43 1360.26 1325.72 1291.50 1252.61 1173.61 1097.28 986.04 1047.12 1109.98 1169.79 1207.76 1246.94 1286.81 1330.94 1372.35 1409.17 1406.25 1398.43
1390.15 1369.75 1366.75 1385.62 1386.15 1392.77 1401.34 1365.02 1331.50 1295.65 1252.26 1212.54 1175.92 1139.23 1152.07 1204.19 1215.61 1229.40 1244.00 1289.36 1333.37 1375.54 1379.97 1388.57
1401.69 1382.62 1368.99 1362.11 1325.14 1297.44 1285.00 1264.45 1242.42 1215.59 1138.98 1086.92 1045.36 1058.03 1073.04 1090.54 1153.91 1214.79 1273.65 1303.24 1327.67 1347.72 1342.78 1345.38
1356.55 1316.23 1273.66 1232.59 1230.58 1238.80 1254.72 1309.75 1370.68 1427.14 1399.26 1372.80 1346.84 1332.44 1320.20 1309.85 1314.99 1329.22 1352.47 1332.08 1306.47 1275.83 1252.82 1230.60
1209.47 1220.06 1247.35 1285.79 1330.21 1373.47 1414.13 1360.91 1314.11 1271.83 1191.57 1107.31 1015.20 931.01 950.75 1041.88 1070.12 1098.43 1129.85 1189.38 1246.04 1297.31 1270.24 1236.93
1201.75 1150.10 1088.34 1015.13 1027.19 1056.54 1094.09 1100.86 1126.48 1149.80 971.89 789.20 799.79 696.17 807.50 939.54 1084.63 1201.62 1303.21 1312.05 1315.45 1314.33 1320.94 1331.07
1338.23 1322.16 1305.17 1286.50 1240.10 1199.85 1174.46 1122.45 1072.09 1019.89 1044.21 1080.29 1116.92 1122.91 1126.49 1134.20 1180.66 1229.00 1280.92 1291.16 1298.43 1304.52 1308.28 1305.05
1305.18 1312.33 1324.94 1343.36 1345.50 1348.98 1353.05 1325.88 1309.33 1296.38 1227.64 1165.47 1110.85 1094.33 1124.76 1183.60 1220.72 1258.17 1298.34 1304.20 1310.22 1318.64 1302.99 1284.85
1265.29 1284.54 1303.81 1324.78 1317.35 1319.82 1331.65 1342.82 1356.61 1364.47 1301.81 1239.88 1160.11 1129.55 1109.62 1103.39 1104.49 1113.69 1134.78 1196.08 1253.29 1307.62 1329.15 1350.91
1373.13 1370.52 1377.15 1393.69 1408.04 1423.92 1441.71 1447.94 1451.11 1446.47 1401.46 1359.51 1310.25 1243.57 1178.31 1124.38 1060.98 1025.47 1050.32 1045.54 1031.85 1026.75 1079.28 1222.37
1361.25 1358.14 1354.21 1349.93 1321.59 1295.90 1278.33 1132.15 1036.59 1062.43 1176.83 1288.02 1366.52 1337.53 1316.05 1316.21 1326.56 1350.28 1387.39 1375.57 1354.20 1316.34 1320.22 1324.94
1329.73 1329.01 1329.40 1331.22 1268.25 1205.61 1159.96 1094.56 1051.19 1027.92 880.66 730.54 722.91 621.11 868.46 1031.93 1090.01 1146.63 1195.55 1216.95 1236.03 1260.57 1272.79 1286.42
1301.73 1282.56 1262.10 1241.14 1139.64 1057.80 1075.63 1012.75 977.78 965.20 673.62 510.29 909.49 1000.18 1080.20 1148.34 1163.58 1184.58 1213.61 1228.18 1239.62 1255.11 1270.58 1276.04
1281.81 1258.40 1248.01 1256.46 1290.47 1334.65 1384.26 1382.84 1382.66 1377.34 1278.03 1172.03 1053.54 1025.58 1020.86 1041.89 1108.19 1173.64 1240.94 1259.63 1273.21 1281.89 1302.08 1318.96
1335.34 1342.57 1363.47 1395.45 1394.82 1393.66 1392.73 1421.15 1450.70 1472.88 1388.59 1302.74 1212.29 1171.21 1143.29 1135.48 1165.31 1200.78 1243.21 1261.48 1274.43 1283.68 1263.68 1241.48
1219.35 1209.62 1207.67 1216.44 1275.63 1338.65 1401.22 1412.92 1422.51 1426.55 1333.59 1238.71 1140.07 1126.16 1142.74 1183.26 1240.96 1297.95 1356.47 1345.83 1326.17 1296.95 1291.86 1285.60
1279.82 1313.39 1359.43 1412.07 1425.29 1438.47 1452.41 1453.78 1458.84 1461.59 1383.46 1305.61 1224.96 1157.19 1137.84 1172.62 1202.19 1235.26 1273.42 1289.60 1298.66 1304.93 1308.72 1313.28
1320.39 1340.28 1362.42 1388.64 1402.57 1418.03 1434.98 1462.64 1483.84 1495.66 1426.92 1360.16 1294.11 1252.91 1218.01 1192.92 1219.71 1248.47 1281.34 1301.78 1316.01 1326.17 1339.91 1355.21
1370.67 1389.23 1406.90 1425.31 1431.86 1438.66 1445.69 1461.99 1475.43 1481.86 1416.86 1354.65 1292.05 1254.64 1226.45 1210.98 1235.27 1262.04 1293.54 1303.71 1308.35 1311.41 1326.47 1344.16
1364.41 1376.49 1392.54 1413.76 1399.61 1385.97 1373.68 1353.10 1331.03 1302.71 1160.28 1017.40 925.66 1008.68 1076.69 1144.05 1155.04 1169.22 1187.80 1215.60 1239.01 1260.81 1264.74 1274.13
1289.39 1274.96 1262.50 1252.70 1222.90 1190.70 1157.58 1060.84 1013.89 1101.77 1156.78 1203.27 1241.63 1224.98 1203.87 1186.85 1185.86 1195.47 1219.57 1241.64 1259.42 1277.02 1283.07 1291.73
1303.07 1298.22 1294.33 1291.35 1265.26 1236.12 1205.84 1206.22 1204.47 1196.80 1149.71 1105.09 1049.47 1008.40 970.33 939.55 974.23 1010.47 1052.47 1142.90 1219.95 1291.31 1304.20 1328.45
1352.36 1362.41 1375.42 1392.66 1381.13 1372.09 1366.38 1315.37 1280.25 1255.39 1197.34 1141.14 1050.18 1019.75 1013.55 1033.18 1093.80 1152.85 1214.05 1244.88 1269.77 1293.58 1319.41 1344.83
1370.79 1375.78 1385.05 1402.13 1414.22 1434.12 1460.96 1495.61 1523.61 1542.68 1481.43 1423.26 1365.01 1346.07 1332.82 1327.75 1347.07 1369.56 1399.13 1402.60 1394.98 1382.21 1383.61 1384.67
1386.39 1422.90 1471.06 1526.11 1545.62 1567.55 1591.65 1575.76 1558.09 1535.61 1452.95 1372.77 1293.27 1286.20 1289.46 1302.76 1331.71 1364.88 1405.42 1398.61 1381.25 1358.79 1375.01 1392.36
1412.13 1406.73 1401.34 1396.58 1388.24 1382.78 1380.52 1360.93 1350.89 1341.20 1233.49 1126.34 1019.60 1041.99 1090.19 1148.90 1200.98 1252.55 1307.36 1318.46 1323.27 1327.46 1359.03 1394.64
1433.54 1435.46 1441.43 1452.48 1421.32 1389.39 1359.01 1360.20 1359.39 1352.33 1251.61 1171.56 1129.33 1138.50 1150.36 1167.42 1222.99 1279.24 1337.72 1329.89 1312.29 1288.77 1294.69 1305.28
1323.66 1314.48 1305.26 1298.05 1287.95 1328.57 1401.71 1395.41 1395.96 1396.89 1289.55 1179.01 1070.43 1068.84 1080.46 1105.10 1175.41 1250.94 1329.40 1318.56 1302.56 1288.42 1277.07 1269.63
1267.52 1271.84 1310.76 1372.85 1382.77 1394.27 1407.37 1422.90 1436.47 1444.63 1353.40 1261.95 1170.62 1130.81 1119.49 1140.68 1201.74 1261.52 1322.39 1309.62 1287.26 1259.61 1280.14 1312.41
1353.58 1378.80 1408.38 1440.57 1422.42 1405.25 1386.80 1409.75 1426.97 1436.70 1356.42 1274.59 1192.37 1144.36 1153.40 1213.11 1241.68 1284.14 1329.81 1325.62 1315.26 1304.22 1324.43 1346.06
1368.73 1379.22 1391.34 1405.75 1377.07 1349.49 1322.95 1310.68 1298.73 1282.42 1187.50 1103.59 1030.54 1118.03 1191.68 1263.66 1309.95 1354.81 1400.97 1389.57 1360.40 1318.09 1309.80 1305.47
1306.51 1303.35 1306.11 1315.45 1324.38 1334.77 1345.28 1354.51 1360.56 1360.67 1348.79 1339.91 1319.25 1287.39 1264.91 1255.63 1278.56 1298.22 1317.18 1331.07 1342.21 1358.73 1382.31 1409.77
1439.04 1451.41 1466.31 1483.25 1461.65 1437.97 1411.42 1425.75 1433.53 1433.15 1394.10 1356.83 1318.59 1307.46 1298.96 1294.78 1320.08 1347.43 1379.36 1386.80 1388.14 1392.52 1415.54 1439.30
1465.10 1451.30 1436.21 1419.66 1409.48 1399.32 1389.98 1229.46 1117.70 1168.69 1268.21 1369.62 1447.48 1410.88 1375.79 1343.28 1301.63 1258.99 1221.05 1236.86 1247.82 1261.31 1285.98 1317.90
1357.32 1407.36 1450.48 1492.44 1422.94 1343.04 1251.22 1271.10 1280.21 1289.41 1158.43 994.02 832.41 925.87 1001.71 1067.63 1107.99 1149.53 1193.85 1232.18 1264.35 1297.92 1303.81 1310.69
1317.21 1318.59 1328.28 1345.88 1355.85 1381.14 1416.91 1440.98 1459.16 1470.60 1431.60 1395.16 1359.30 1334.84 1322.74 1326.29 1345.87 1367.22 1393.00 1379.88 1355.76 1330.19 1340.93 1351.88
1363.65 1366.35 1372.42 1382.65 1386.29 1389.77 1393.84 1393.30 1394.94 1394.44 1322.73 1252.08 1179.51 1137.87 1166.13 1244.12 1272.60 1302.98 1338.22 1346.56 1347.55 1341.88 1345.34 1346.46
1351.28 1346.63 1341.04 1334.66 1289.99 1251.90 1225.68 1181.53 1136.64 1090.48 1040.09 993.57 946.30 912.63 938.79 1003.74 1080.74 1156.39 1233.77 1252.17 1276.09 1314.15 1335.50 1353.44
1374.32 1344.81 1311.92 1274.17 1257.44 1240.49 1223.11 1143.45 1080.06 1044.72 944.53 929.98 1001.88 1098.48 1177.08 1256.93 1274.76 1313.06 1368.49 1352.68 1326.70 1300.48 1303.25 1305.64
1308.13 1298.75 1290.73 1285.60 1262.05 1238.01 1213.02 1163.83 1138.98 1133.85 1078.40 1088.93 1140.76 1173.49 1207.66 1243.71 1289.51 1335.33 1384.34 1370.69 1349.95 1330.51 1336.39 1342.46
1349.31 1356.63 1366.13 1378.73 1354.47 1328.39 1300.16 1309.27 1321.54 1331.13 1245.06 1158.06 1071.92 1127.98 1192.24 1257.58 1292.27 1327.00 1365.65 1369.49 1364.77 1358.85 1365.18 1371.57
1377.79 1382.22 1387.20 1392.23 1355.34 1316.01 1274.89 1227.68 1177.05 1121.92 1169.88 1227.72 1284.42 1297.20 1311.79 1329.56 1347.44 1366.20 1389.10 1372.46 1346.36 1315.85 1306.43 1296.31
1286.89 1273.57 1265.29 1261.93 1276.27 1299.68 1330.12 1311.41 1288.64 1261.22 1233.68 1210.72 1195.02 1172.32 1153.39 1137.01 1193.05 1247.91 1304.60 1312.89 1312.76 1313.25 1318.80 1324.64
1330.43 1322.50 1318.50 1320.17 1331.28 1344.69 1359.48 1398.62 1427.46 1446.72 1376.27 1304.34 1229.90 1214.77 1218.98 1240.88 1284.96 1328.89 1375.53 1355.94 1325.61 1286.21 1300.24 1314.89
1328.20 1306.71 1284.47 1262.60 1243.01 1235.52 1244.18 1227.64 1220.64 1217.37 1182.82 1150.72 1121.66 1122.12 1139.12 1169.16 1257.77 1341.11 1422.55 1410.18 1388.32 1362.71 1365.75 1368.03
1371.05 1384.24 1400.88 1419.89 1425.64 1433.67 1444.36 1490.07 1525.80 1552.44 1527.92 1505.05 1483.15 1484.59 1489.86 1498.31 1506.43 1515.64 1529.03 1505.17 1469.46 1427.04 1469.39 1512.94
1556.51 1572.59 1588.95 1605.63 1594.17 1582.75 1569.93 1573.43 1576.24 1575.82 1566.58 1555.43 1543.68 1527.96 1517.37 1512.29 1527.43 1543.18 1561.88 1533.37 1493.84 1445.99 1492.89 1538.22
1582.79 1605.23 1626.91 1649.42 1644.30 1638.00 1631.21 1615.57 1597.95 1577.62 1541.14 1504.80 1470.76 1464.51 1462.76 1470.70 1495.68 1521.20 1549.14 1556.86 1560.69 1565.02 1566.98 1568.62
1571.97 1575.28 1578.05 1582.18 1600.66 1618.50 1635.56 1656.68 1677.87 1694.55 1662.70 1631.93 1604.09 1574.45 1546.86 1527.52 1525.72 1519.20 1514.64 1501.54 1460.59 1413.80 1476.98 1536.22
1594.37 1582.08 1571.15 1561.69 1530.17 1498.40 1465.42 1511.97 1548.63 1576.30 1556.70 1536.51 1516.56 1497.32 1480.44 1467.07 1471.19 1481.58 1501.50 1462.82 1409.69 1344.42 1375.14 1405.21
1435.34 1429.77 1424.19 1418.71 1402.19 1392.00 1390.55 1360.72 1326.93 1288.61 1225.84 1164.63 1110.75 1087.85 1103.14 1147.98 1232.40 1312.43 1390.92 1370.91 1343.54 1315.48 1326.68 1341.17
1359.40 1359.29 1363.67 1374.83 1361.56 1347.28 1332.46 1315.40 1297.74 1276.26 1256.14 1236.92 1222.96 1198.59 1182.40 1177.62 1221.01 1270.11 1323.42 1314.01 1296.54 1276.82 1285.31 1293.13
1301.01 1302.10 1302.37 1303.62 1287.23 1272.82 1260.12 1235.96 1210.32 1183.09 1217.94 1250.69 1281.81 1253.08 1230.92 1217.15 1248.13 1281.47 1320.03 1322.14 1318.65 1314.29 1308.01 1305.52
1308.67 1319.29 1331.59 1345.27 1311.09 1274.76 1235.82 1151.41 1066.04 993.26 1019.77 1080.45 1143.38 1147.02 1171.19 1218.72 1268.74 1318.24 1369.23 1362.68 1350.91 1329.46 1335.71 1342.63
1349.56 1330.18 1309.16 1287.10 1310.07 1333.15 1356.35 1379.46 1406.40 1431.91 1335.96 1235.58 1123.33 1119.00 1173.25 1257.41 1310.89 1364.55 1420.33 1390.71 1350.16 1302.04 1328.40 1355.90
1384.20 1383.04 1381.84 1380.77 1368.14 1357.36 1348.87 1304.87 1255.28 1200.99 1105.99 1008.35 885.65 934.29 1021.08 1101.30 1176.19 1248.40 1321.99 1330.97 1337.91 1347.82 1365.27 1384.54
1404.56 1387.13 1367.43 1345.42 1303.98 1264.06 1229.19 1197.59 1161.52 1124.75 1101.02 1078.33 1037.13 1136.13 1218.36 1285.78 1280.55 1283.05 1294.10 1298.90 1297.78 1295.71 1289.19 1281.76
1273.25 1260.51 1267.09 1293.51 1304.00 1352.49 1420.44 1449.51 1469.57 1482.22 1444.82 1409.21 1376.60 1400.81 1430.57 1472.53 1500.25 1529.70 1561.21 1607.19 1650.62 1694.95 1699.07 1706.62
1720.23 1719.96 1719.10 1718.12 1701.45 1683.56 1665.29 1677.50 1684.87 1688.30 1649.89 1612.45 1576.19 1558.37 1547.96 1547.13 1585.22 1623.90 1664.20 1692.29 1717.97 1744.79 1738.24 1734.52
1734.49 1729.66 1724.78 1719.74 1693.87 1666.36 1636.86 1651.24 1665.54 1678.14 1609.09 1542.76 1482.62 1427.81 1374.63 1325.49 1300.72 1280.45 1271.13 1259.28 1250.09 1249.26 1290.63 1331.27
1371.67 1429.34 1486.20 1541.68 1543.16 1547.77 1555.40 1530.20 1501.29 1471.51 1411.92 1350.54 1289.32 1258.91 1246.77 1241.36 1271.55 1308.26 1350.12 1307.18 1252.05 1185.86 1218.21 1249.86
1281.91 1307.88 1352.28 1407.82 1407.84 1413.01 1425.35 1478.34 1519.80 1553.61 1512.55 1473.01 1433.25 1396.93 1366.48 1345.32 1323.12 1302.60 1288.81 1299.59 1307.54 1316.85 1343.39 1373.93
1408.86 1424.84 1442.44 1461.08 1460.28 1459.41 1457.95 1464.05 1466.36 1465.25 1420.07 1375.09 1331.37 1302.17 1288.62 1292.44 1298.60 1310.59 1329.79 1333.62 1334.72 1338.27 1354.25 1370.54
1387.91 1402.85 1419.97 1438.59 1422.78 1406.43 1388.95 1410.13 1422.27 1428.39 1392.79 1358.05 1325.08 1345.71 1370.51 1399.52 1395.68 1394.51 1399.99 1390.00 1374.03 1356.56 1371.00 1385.41
1400.22 1428.29 1459.04 1491.66 1485.52 1480.26 1473.79 1507.27 1531.64 1548.26 1507.85 1468.55 1430.11 1381.19 1334.88 1292.09 1300.61 1311.18 1326.69 1343.25 1360.40 1382.76 1428.56 1472.28
1514.85 1537.10 1561.23 1587.00 1547.77 1503.95 1455.41 1486.95 1509.77 1526.17 1499.82 1473.18 1447.94 1453.55 1468.50 1491.88 1501.94 1513.40 1528.96 1547.20 1563.20 1580.10 1586.22 1595.33
1608.30 1607.86 1607.28 1606.77 1613.36 1620.42 1627.07 1639.10 1645.24 1645.66 1623.03 1602.16 1582.94 1555.20 1533.46 1518.72 1525.77 1536.47 1551.89 1534.05 1511.40 1485.62 1522.48 1561.47
1601.34 1605.04 1609.76 1615.10 1629.78 1645.98 1663.43 1650.64 1633.52 1612.87 1620.32 1625.46 1628.98 1630.40 1634.19 1641.25 1625.84 1610.34 1596.84 1581.09 1561.94 1543.05 1556.35 1570.13
1584.83 1611.48 1639.36 1668.88 1661.61 1654.61 1647.40 1646.69 1641.75 1633.24 1628.05 1626.09 1624.63 1594.43 1566.86 1541.43 1519.89 1503.88 1501.96 1484.21 1463.71 1441.43 1473.22 1504.94
1536.34 1555.61 1578.24 1603.89 1608.92 1616.33 1626.76 1630.39 1630.50 1626.69 1589.55 1553.55 1517.96 1456.11 1393.32 1329.03 1311.19 1299.45 1303.05 1317.05 1330.30 1344.57 1365.58 1388.31
1412.48 1419.55 1433.02 1451.82 1430.77 1407.40 1381.50 1374.64 1362.40 1345.26 1257.39 1168.42 1077.47 1148.75 1271.90 1388.02 1413.45 1441.18 1481.72 1483.11 1492.65 1514.04 1530.81 1548.07
1564.43 1530.11 1493.35 1447.42 1425.98 1402.42 1377.62 1355.15 1329.18 1300.39 1289.90 1288.14 1293.56 1261.89 1236.33 1216.76 1282.17 1342.64 1402.91 1373.89 1345.79 1325.27 1318.12 1313.29
1310.79 1283.53 1271.25 1280.09 1295.97 1311.73 1328.23 1290.38 1255.21 1224.96 1244.05 1262.09 1273.25 1224.51 1179.98 1141.89 1160.44 1181.32 1212.48 1229.84 1246.79 1265.17 1294.46 1323.08
1351.77 1342.63 1341.30 1349.81 1364.34 1381.42 1400.35 1399.02 1393.92 1384.92 1368.74 1353.11 1336.68 1177.41 968.10 798.47 915.73 1038.14 1148.40 1420.65 1625.95 1799.66 1844.07 1888.08
1906.54 1858.70 1806.33 1748.10 1748.38 1747.96 1749.83 1751.92 1750.13 1747.74 1705.47 1671.89 1646.11 1597.13 1549.07 1501.62 1466.73 1430.30 1398.52 1403.93 1412.83 1425.91 1409.74 1394.90
1381.95 1367.12 1362.85 1367.70 1349.23 1335.33 1326.60 1292.18 1252.56 1207.91 1294.95 1359.46 1409.18 1438.80 1468.92 1499.14 1497.46 1495.01 1495.78 1498.49 1502.01 1508.52 1515.58 1524.69
1534.27 1582.01 1626.48 1669.34 1660.11 1651.02 1640.59 1641.24 1643.00 1646.06 1676.25 1703.46 1722.83 1687.86 1655.25 1624.90 1618.77 1612.68 1610.13 1614.77 1620.49 1628.78 1656.29 1684.12
1712.31 1721.12 1729.85 1739.10 1732.72 1728.03 1725.27 1727.80 1724.72 1717.90 1686.89 1659.73 1633.66 1594.14 1556.49 1521.41 1461.31 1389.42 1308.62 1008.90 1071.56 1420.97 1685.38 1905.23
2087.04 2094.95 2101.97 2108.27 2116.82 2125.54 2134.18 2101.97 2066.02 2025.30 1970.94 1916.98 1856.88 1811.15 1772.94 1743.11 1710.71 1674.51 1637.79 1584.83 1527.92 1472.77 1449.79 1425.63
1399.59 1293.87 1157.25 961.14 933.85 947.07 995.37 972.11 960.82 960.83 1088.43 1169.15 1232.84 1349.54 1437.53 1511.18 1527.33 1546.41 1567.88 1547.42 1524.29 1499.71 1501.81 1503.28
1505.01 1482.78 1464.03 1452.08 1452.52 1453.17 1453.35 1466.40 1471.44 1470.97 1428.61 1388.51 1349.16 1315.70 1288.31 1267.60 1300.40 1332.36 1358.07 1400.07 1434.10 1470.54 1481.45 1493.11
1505.24 1494.87 1488.93 1486.78 1481.37 1478.21 1475.45 1495.68 1510.19 1523.35 1517.65 1511.75 1494.07 1523.01 1553.43 1587.75 1555.96 1524.79 1498.68 1476.61 1450.81 1426.41 1426.75 1428.00
1427.22 1423.05 1424.17 1429.95 1444.73 1464.47 1488.18 1485.97 1480.71 1475.54 1419.79 1386.58 1375.13 1328.90 1287.70 1255.06 1222.94 1214.63 1270.94 1443.47 1597.56 1736.12 1792.95 1850.26
1891.08 1860.24 1825.06 1787.06 1764.26 1740.07 1714.47 1686.32 1652.23 1616.35 1565.65 1516.79 1468.48 1457.22 1455.56 1462.32 1400.67 1323.72 1229.15 1194.44 1169.10 1159.76 1084.93 1177.20
1370.11 1397.83 1413.48 1440.59 1469.89 1514.74 1569.62 1500.26 1422.57 1338.01 1335.44 1331.69 1325.83 1311.70 1326.98 1364.24 1394.62 1425.37 1459.32 1495.75 1533.21 1571.31 1567.03 1568.85
1578.39 1570.02 1562.29 1556.21 1554.66 1553.11 1551.53 1567.81 1574.54 1576.35 1571.25 1563.27 1550.74 1544.09 1541.28 1542.45 1525.39 1507.05 1490.37 1507.16 1523.31 1539.38 1580.05 1629.47
1682.97 1645.93 1611.02 1582.77 1558.11 1544.13 1524.11 1489.12 1470.88 1489.65 1470.06 1500.31 1540.65 1485.10 1428.71 1371.32 1352.29 1338.47 1339.23 1331.04 1314.00 1307.94 1304.57 1315.10
1340.37 1371.24 1426.74 1495.02 1477.96 1492.98 1534.32 1573.24 1599.14 1615.62 1617.68 1624.45 1627.80 1621.06 1623.71 1634.37 1603.47 1565.02 1519.49 1498.36 1473.79 1445.23 1386.69 1417.01
1528.07 1517.46 1572.06 1632.63 1600.98 1569.20 1542.17 1483.17 1420.35 1358.60 1308.90 1258.86 1207.36 913.49 1004.41 1260.59 1216.18 1178.29 1161.63 798.54 1168.53 1434.11 1431.77 1415.71
1398.90 1316.08 1316.73 1405.79 1372.15 1355.80 1364.24 1169.81 869.87 878.63 849.97 924.46 1024.79 1069.99 1114.92 1156.61 1194.13 1251.10 1322.32 1380.69 1440.20 1498.58 1539.35 1580.38
1620.36 1623.52 1637.95 1662.30 1663.08 1664.79 1666.10 1702.66 1729.20 1749.23 1723.31 1698.85 1673.35 1616.91 1563.64 1514.62 1482.12 1449.40 1422.35 1446.09 1473.79 1504.18 1494.14 1483.98
1472.26 1407.92 1335.30 1253.79 1074.79 1051.37 1133.47 1240.07 1479.12 1657.99 1737.15 1811.82 1881.79 1921.55 1959.85 1997.38 2000.35 2003.00 2006.63 2003.28 2000.80 1999.97 1967.83 1940.98
1920.74 1959.03 1997.32 2034.52 2019.50 2004.15 1988.78 1996.77 2002.59 2006.61 2008.10 2010.35 2015.35 1998.47 1982.64 1968.60 1926.76 1882.41 1835.29 1761.68 1677.57 1575.22 1563.83 1554.35
1551.66 1557.22 1564.13 1574.97 1564.60 1555.84 1551.64 1524.26 1504.86 1495.24 1478.04 1461.05 1443.60 1387.16 1369.82 1392.49 1416.27 1464.40 1531.82 1552.82 1575.51 1599.02 1603.87 1614.10
1629.60 1638.02 1648.58 1659.81 1653.56 1648.80 1643.90 1641.59 1631.28 1616.75 1587.40 1558.04 1526.59 1454.44 1387.40 1330.85 1254.31 1235.49 1328.60 1336.59 1355.42 1384.08 1384.09 1316.12
1272.21 1319.66 1368.79 1402.47 1427.01 1441.47 1460.65 1462.72 1477.49 1502.34 1224.30 842.04 969.52 870.37 772.56 710.18 817.36 1125.10 1407.87 1561.82 1700.51 1826.80 1805.19 1778.88
1748.29 1724.96 1700.48 1674.03 1688.00 1701.44 1715.17 1702.72 1686.97 1668.11 1598.03 1525.93 1452.36 1522.38 1582.31 1635.93 1667.69 1705.27 1748.10 1755.57 1764.94 1775.09 1820.20 1865.33
1910.50 1897.02 1886.99 1882.11 1891.88 1907.44 1925.51 1933.21 1936.75 1939.37 1923.48 1907.74 1886.71 1901.76 1918.97 1937.96 1960.20 1983.88 2009.53 2041.03 2072.62 2104.27 2063.67 2019.91
1974.13 1889.12 1790.54 1675.69 1620.57 1580.68 1566.53 1532.25 1490.78 1447.13 1381.72 1315.19 1299.89 1309.26 1343.59 1391.68 1437.47 1490.04 1546.91 1574.66 1602.66 1630.44 1640.68 1648.91
1660.11 1662.06 1664.10 1665.94 1666.75 1667.12 1667.32 1675.43 1678.21 1678.34 1676.94 1673.45 1667.62 1625.88 1587.61 1553.38 1398.48 1161.03 849.79 962.91 1224.49 1493.65 1616.96 1729.59
1829.05 1817.69 1806.19 1794.54 1740.68 1679.78 1610.06 1553.30 1493.97 1436.97 1381.22 1344.39 1328.89 1220.11 1094.91 947.39 1046.38 1239.06 1399.76 1450.73 1503.87 1558.82 1566.16 1573.84
1580.83 1571.22 1565.75 1562.07 1580.49 1599.59 1619.18 1639.69 1651.79 1658.58 1679.58 1695.29 1706.08 1687.32 1671.11 1655.64 1623.35 1586.90 1545.50 1570.75 1596.95 1624.59 1620.02 1618.08
1617.69 1596.83 1574.29 1551.06 1552.76 1555.94 1560.81 1523.93 1490.87 1464.67 1418.04 1375.44 1337.07 1226.97 1102.47 957.78 930.58 1093.53 1258.94 1306.25 1371.99 1445.79 1426.31 1394.35
1368.53 1392.24 1439.69 1500.59 1502.17 1503.39 1504.70 1506.68 1505.71 1502.97 1466.35 1438.89 1420.19 1422.01 1427.43 1435.26 1424.88 1410.68 1376.97 1373.72 1378.86 1396.64 1377.65 1361.27
1349.80 1318.69 1286.24 1252.12 1236.31 1242.49 1268.12 1264.43 1276.28 1298.93 1437.71 1534.68 1604.29 1597.79 1593.58 1592.05 1541.87 1489.16 1437.91 1448.02 1458.27 1469.22 1481.38 1497.82
1516.61 1405.64 1264.33 1062.28 939.16 1115.87 1370.67 1589.64 1760.03 1904.91 1922.84 1943.01 1928.02 1927.15 1926.72 1928.49 1926.70 1925.54 1923.81 1887.38 1848.30 1807.07 1789.29 1771.12
1753.36 1714.53 1673.64 1629.14 1615.76 1601.22 1586.74 1559.04 1529.51 1497.22 1423.97 1344.78 1255.66 1183.42 1126.52 1101.37 915.51 985.18 1178.76 1177.02 1150.48 1123.43 1253.86 1364.16
1462.32 1478.60 1495.94 1513.48 1518.01 1523.00 1528.98 1533.39 1537.17 1540.61 1536.84 1532.32 1525.72 1469.23 1413.86 1359.82 1382.61 1428.70 1491.12 1504.80 1519.18 1533.43 1536.26 1539.76
1543.03 1541.94 1542.30 1544.45 1537.23 1530.28 1522.11 1574.89 1616.12 1646.80 1639.59 1630.50 1619.35 1608.64 1603.61 1603.65 1569.11 1531.98 1490.33 1522.92 1555.03 1586.36 1636.14 1692.91
1752.14 1724.53 1696.85 1668.90 1544.35 1420.65 1362.68 1361.59 1613.85 1829.77 1942.20 2055.66 2171.38 2206.29 2241.80 2263.00 2237.21 2210.09 2180.26 2164.86 2149.14 2133.16 2116.76 2099.91
2084.09 2052.68 2018.73 1983.37 1940.51 1894.24 1844.11 1811.38 1772.53 1731.01 1591.10 1426.04 1213.31 1220.69 1257.26 1308.12 1308.02 1326.29 1360.61 1257.41 1188.63 1335.94 1456.52 1558.55
1634.80 1640.77 1648.01 1655.25 1666.49 1677.49 1687.47 1748.21 1797.45 1837.83 1837.48 1837.25 1835.76 1844.61 1855.73 1869.28 1805.93 1732.06 1641.58 1602.47 1561.14 1500.90 1501.23 1501.29
1495.24 1280.80 1052.92 1249.79 1328.03 1461.62 1565.52 1684.73 1779.07 1856.89 1856.59 1861.70 1869.68 1824.65 1780.57 1737.99 1682.96 1618.32 1538.44 1458.20 1362.78 1248.97 1188.40 1126.22
1074.69 1081.57 1105.54 1143.48 1070.06 997.85 860.61 821.16 974.29 1076.91 1105.97 1142.59 1177.82 1186.45 1220.36 1268.57 1369.75 1466.17 1554.90 1570.36 1585.44 1600.49 1597.11 1596.84
1600.05 1577.55 1560.44 1552.35 1567.31 1582.89 1597.33 1584.16 1566.19 1544.34 1555.35 1564.00 1568.72 1557.97 1557.85 1566.29 1565.51 1563.87 1558.82 1574.05 1591.04 1609.38 1605.24 1603.73
1605.73 1588.08 1568.86 1548.39 1515.97 1509.47 1531.82 1471.87 1476.66 1531.86 1567.58 1667.10 1768.37 1718.24 1668.43 1618.87 1592.67 1562.01 1520.96 1444.75 1383.52 1374.15 1313.46 1293.51
1294.01 1368.16 1484.73 1591.31 1566.09 1540.17 1512.01 1494.21 1471.00 1443.27 1445.92 1445.76 1444.34 1412.57 1383.42 1358.29 1321.71 1287.22 1264.69 1265.56 1269.48 1276.52 1326.57 1384.52
1444.11 1418.83 1397.86 1383.03 1410.64 1437.41 1462.73 1360.66 1276.42 1250.28 1322.75 1385.45 1435.53 1461.15 1487.24 1513.48 1511.69 1513.96 1519.01 1553.82 1588.58 1622.56 1628.34 1646.02
1674.47 1676.48 1678.66 1680.25 1660.13 1639.09 1617.83 1624.16 1626.06 1624.25 1685.94 1735.19 1774.60 1757.19 1744.03 1735.94 1701.82 1666.49 1629.20 1641.63 1654.45 1666.62 1687.95 1709.97
1734.57 1682.95 1624.71 1560.39 1544.06 1531.95 1526.08 1508.57 1487.66 1462.83 1458.07 1454.68 1451.43 1409.58 1372.13 1339.64 1265.99 1240.01 1291.74 1231.76 1216.41 1264.87 1209.56 1212.02
1283.98 1520.03 1700.87 1853.23 1849.87 1845.85 1840.53 1797.40 1749.20 1697.32 1644.42 1591.27 1537.37 1454.09 1379.89 1330.32 1196.50 1109.13 1157.90 1217.35 1283.63 1334.10 1335.06 1338.29
1342.16 1282.11 1216.14 1144.01 972.76 998.52 1178.66 1215.66 1256.27 1292.58 1280.31 1287.95 1309.18 1374.76 1435.42 1489.81 1475.59 1462.27 1447.51 1333.18 1188.35 986.03 1083.94 1252.33
1377.15 1449.07 1533.44 1610.96 1611.73 1616.08 1622.55 1612.35 1599.10 1578.59 1543.02 1506.39 1471.92 1517.43 1559.51 1598.90 1579.34 1556.01 1525.31 1539.91 1554.36 1569.55 1579.55 1589.80
1600.51 1617.76 1636.43 1657.96 1656.94 1656.36 1656.56 1672.55 1684.17 1690.70 1638.56 1600.05 1575.43 1553.42 1535.27 1521.76 1469.96 1427.70 1406.97 1439.97 1479.56 1521.70 1543.53 1565.31
1588.02 1638.70 1686.85 1732.89 1700.72 1666.85 1630.31 1659.05 1682.32 1700.31 1725.23 1751.13 1775.28 1819.38 1864.64 1909.98 1884.77 1856.87 1823.01 1761.76 1708.67 1684.81 1649.35 1615.13
1586.32 1579.90 1597.74 1638.81 1651.62 1675.65 1708.02 1733.23 1755.27 1772.11 1707.19 1650.85 1612.52 1625.21 1644.80 1672.81 1677.63 1682.81 1683.62 1703.21 1718.42 1733.77 1680.50 1626.58
1574.86 1594.02 1623.53 1661.34 1618.88 1571.75 1525.80 1567.24 1602.03 1623.32 1674.27 1719.03 1756.33 1686.19 1627.84 1584.00 1526.99 1470.83 1419.62 1418.61 1450.86 1478.69 1453.79 1443.20
1479.73 1427.87 1375.87 1319.60 1277.14 1242.98 1222.33 1325.83 1412.91 1483.54 1566.62 1632.86 1679.65 1718.14 1752.58 1783.00 1767.23 1752.93 1737.50 1747.61 1759.73 1773.78 1765.54 1763.32
1767.58 1705.60 1637.19 1561.19 1581.84 1606.11 1634.96 1667.02 1693.87 1701.76 1792.32 1863.22 1927.82 1913.56 1904.15 1899.61 1848.16 1787.10 1710.55 1683.75 1665.69 1660.36 1652.13 1642.47
1632.90 1617.96 1602.68 1587.16 1584.70 1584.14 1584.60 1555.58 1525.47 1493.35 1482.97 1499.81 1532.93 1526.91 1524.56 1525.48 1515.51 1504.62 1488.34 1436.61 1378.12 1314.40 1318.96 1324.03
1328.21 1237.87 1124.33 972.51 1012.21 1138.52 1253.03 1191.96 1117.55 1032.17 1019.75 1213.57 1351.21 1393.08 1436.48 1479.80 1483.93 1501.75 1532.10 1558.04 1582.91 1608.59 1612.76 1621.48
1635.26 1627.13 1622.68 1621.62 1619.58 1618.20 1618.22 1628.11 1636.70 1642.21 1567.90 1541.77 1559.60 1531.16 1548.66 1600.09 1578.60 1555.69 1528.86 1492.47 1456.62 1423.51 1414.76 1404.83
1394.69 1377.52 1359.59 1340.49 1263.37 1216.48 1121.46 813.90 1008.79 1166.71 1198.81 1240.71 1281.26 1347.66 1409.06 1464.09 1468.17 1473.16 1475.15 1503.62 1535.55 1571.12 1590.32 1608.77
1626.77 1616.36 1609.17 1604.40 1586.81 1578.20 1579.78 1613.80 1645.01 1670.27 1647.82 1624.66 1599.60 1611.80 1634.33 1663.95 1640.01 1611.32 1575.20 1564.52 1554.15 1544.62 1533.92 1541.16
1569.34 1570.69 1625.24 1713.45 1736.09 1759.82 1784.55 1771.50 1755.66 1734.92 1697.24 1661.20 1627.30 1614.60 1606.18 1602.48 1566.36 1528.32 1485.28 1476.58 1469.28 1465.81 1399.19 1335.68
1284.70 1292.90 1303.02 1314.91 1280.61 1243.88 1207.69 1083.93 946.51 904.67 1170.36 1323.45 1427.96 1452.52 1482.58 1514.85 1519.00 1523.43 1526.27 1537.12 1551.00 1565.71 1567.35 1579.00
1598.97 1602.06 1607.41 1615.31 1649.09 1682.87 1716.58 1715.98 1712.19 1702.61 1683.21 1662.74 1640.01 1635.69 1633.44 1632.66 1602.44 1566.61 1520.54 1535.96 1551.36 1567.02 1577.69 1589.10
1601.47 1600.83 1602.87 1606.22 1599.10 1591.38 1583.84 1588.92 1592.46 1591.17 1549.90 1514.24 1502.58 1503.18 1501.26 1514.08 1499.32 1519.97 1576.38 1603.54 1647.32 1704.49 1763.88 1822.28
1878.67 1859.01 1840.16 1822.66 1833.60 1844.47 1856.19 1753.03 1639.12 1520.41 1485.66 1462.46 1451.32 1306.14 1118.22 818.72 903.13 993.35 1107.67 1287.96 1445.03 1565.79 1556.41 1561.25
1582.44 1561.10 1541.80 1525.15 1547.83 1569.22 1590.87 1571.87 1550.70 1522.41 1570.03 1608.58 1640.00 1653.59 1672.77 1695.45 1670.01 1643.67 1612.58 1636.61 1660.35 1685.44 1692.07 1699.05
1706.61 1696.35 1686.25 1676.19 1667.75 1658.67 1649.38 1680.72 1715.38 1746.86 1735.43 1725.24 1715.32 1661.18 1608.52 1556.68 1541.53 1530.62 1522.09 1539.97 1558.21 1577.72 1567.28 1558.68
1555.27 1545.14 1552.66 1576.56 1572.74 1572.69 1575.38 1574.50 1571.65 1563.56 1547.70 1557.12 1580.08 1566.41 1557.29 1551.55 1532.42 1510.73 1483.47 1430.83 1375.41 1317.94 1308.35 1307.70
1286.26 1273.76 1287.89 1322.25 1370.97 1387.78 1411.35 1287.90 1162.83 1114.57 1196.10 1261.62 1283.26 1285.00 1302.64 1346.87 1286.23 1195.08 1053.55 1244.44 1390.78 1495.22 1452.06 1405.75
1355.76 1310.82 1267.18 1237.24 1114.29 1167.82 1318.03 1364.68 1405.98 1437.08 1375.82 1314.25 1252.83 1173.43 1094.88 1020.29 953.25 1036.80 1075.90 1317.66 1511.53 1673.73 1656.51 1641.74
1631.37 1644.41 1659.56 1676.49 1682.97 1695.24 1713.37 1757.40 1794.21 1819.68 1813.13 1808.61 1805.70 1826.08 1847.71 1870.24 1839.11 1805.21 1766.53 1768.57 1775.14 1786.20 1756.18 1724.49
1691.94 1711.35 1730.81 1750.97 1717.44 1681.29 1643.19 1606.94 1571.73 1532.60 1524.13 1517.83 1513.24 1520.96 1554.99 1589.90 1579.16 1569.31 1555.61 1557.02 1582.34 1629.56 1639.85 1649.92
1660.65 1654.62 1654.51 1659.94 1657.35 1653.61 1648.19 1632.35 1614.27 1590.53 1561.31 1533.65 1505.80 1485.79 1469.17 1455.98 1428.92 1429.68 1446.25 1513.37 1574.23 1627.86 1640.41 1654.56
1670.03 1644.69 1620.82 1602.05 1623.40 1644.64 1661.69 1633.58 1600.01 1562.30 1598.07 1626.32 1650.44 1691.77 1739.01 1787.60 1734.89 1679.64 1624.62 1638.07 1651.91 1665.09 1655.65 1648.76
1643.91 1616.47 1587.58 1556.66 1578.95 1600.37 1624.12 1643.56 1661.32 1674.03 1647.82 1622.61 1597.40 1490.96 1379.79 1274.42 1233.49 1195.51 1160.70 1168.91 1181.28 1199.96 1180.89 1198.35
1248.78 1311.73 1449.77 1585.53 1582.90 1581.23 1579.91 1528.84 1474.27 1409.57 1283.44 1171.99 1128.47 1168.79 1213.50 1259.46 1161.36 1033.61 906.74 1036.30 1274.70 1464.54 1438.61 1416.21
1407.70 1368.23 1345.08 1345.90 1428.33 1511.91 1591.19 1548.02 1502.88 1449.98 1414.70 1381.12 1347.38 1290.99 1249.92 1189.79 1235.05 1299.63 1356.00 1408.67 1482.36 1563.74 1569.55 1576.70
1585.50 1589.99 1598.51 1610.15 1614.80 1621.14 1627.58 1607.64 1585.48 1556.45 1456.71 1350.41 1235.21 1231.65 1257.81 1301.18 1350.03 1407.43 1465.92 1495.95 1542.88 1600.18 1593.27 1586.29
1578.53 1592.82 1608.72 1626.34 1626.95 1629.25 1632.02 1637.42 1641.75 1639.13 1591.74 1544.21 1496.47 1482.91 1474.01 1469.27 1488.16 1516.39 1549.86 1566.82 1584.21 1601.63 1615.49 1633.17
1655.29 1660.88 1666.61 1672.38 1659.07 1650.60 1648.59 1658.44 1666.82 1668.46 1612.26 1565.49 1526.98 1542.13 1558.51 1576.17 1545.36 1510.79 1464.82 1474.94 1491.89 1514.60 1497.08 1482.02
1469.35 1458.64 1449.66 1444.41 1343.60 1250.47 1209.11 1123.42 1233.60 1268.62 1204.30 1137.31 1067.27 1045.55 1218.94 1339.92 1367.75 1396.66 1424.91 1447.73 1466.59 1477.14 1464.10 1451.89
1440.82 1438.00 1437.40 1439.44 1442.86 1447.26 1451.82 1505.06 1551.41 1586.93 1565.60 1611.47 1683.77 1684.61 1687.38 1691.01 1652.03 1612.25 1571.99 1582.16 1592.39 1602.21 1632.67 1673.09
1719.80 1751.21 1782.19 1812.31 1794.27 1780.28 1770.17 1721.39 1668.52 1609.62 1615.21 1717.88 1839.90 1857.71 1881.97 1909.64 1875.57 1837.07 1792.21 1761.30 1725.57 1685.06 1691.32 1698.32
1706.39 1668.30 1628.69 1587.27 1565.51 1539.72 1511.82 1477.63 1471.58 1491.23 1552.95 1615.63 1671.87 1679.29 1704.76 1743.36 1674.73 1593.03 1482.06 1490.12 1509.39 1539.99 1536.93 1538.82
1545.17 1559.00 1586.81 1625.31 1612.68 1610.32 1617.69 1600.75 1581.72 1556.81 1468.31 1382.05 1304.08 1285.26 1253.23 1225.83 1196.98 1171.16 1138.67 1056.68 966.29 878.41 811.27 949.11
1114.85 1112.97 1113.29 1115.26 1233.18 1334.35 1421.82 1371.72 1321.22 1264.02 1317.60 1362.28 1399.33 1425.34 1453.48 1485.60 1481.26 1482.07 1485.47 1513.27 1539.62 1566.34 1578.49 1590.41
