1980.15 2115.00 2237.13 2342.09 2411.97 2477.62 2541.18 2619.63 2676.42 2717.50 2716.92 2707.62 2690.58 2699.94 2713.88 2733.81 2642.85 2540.39 2415.04 2426.88 2438.96 2450.52 2473.23 2495.18
2516.72 2521.87 2527.11 2531.23 2485.48 2440.38 2386.53 2418.53 2448.41 2476.80 2485.78 2484.42 2479.22 2431.93 2386.47 2341.51 2323.21 2267.76 2209.82 2207.06 2180.93 2120.70 2092.93 2063.66
2033.78 2050.01 2069.32 2089.88 2015.22 1966.54 1958.22 1953.18 2117.75 2349.90 2340.96 2323.51 2302.00 2309.32 2260.92 2223.44 2203.44 2184.74 2162.59 2244.82 2338.15 2435.16 2456.23 2429.00
2404.87 2362.72 2325.37 2294.74 2334.68 2373.49 2414.10 2380.76 2368.86 2372.14 2362.44 2349.03 2334.16 2250.73 2167.95 2088.37 1962.31 1812.45 1636.78 1424.51 1621.48 1816.79 1973.53 2118.15
2249.37 2222.39 2192.07 2161.99 2167.82 2173.81 2179.82 2099.69 2010.21 1902.35 1904.76 1905.32 1905.69 1974.38 2038.21 2099.05 2146.28 2198.83 2247.55 2216.41 2182.31 2147.93 2169.11 2190.17
2211.88 2207.12 2203.13 2198.60 2198.39 2199.18 2200.27 2195.05 2188.69 2170.52 2263.13 2338.39 2399.22 2405.81 2416.19 2431.11 2385.40 2336.05 2274.80 2314.22 2352.43 2391.48 2416.38 2443.12
2458.87 2430.40 2404.94 2381.04 2402.85 2424.02 2443.18 2432.54 2422.15 2408.78 2265.35 2144.90 2071.73 2039.63 2014.40 1999.10 2043.13 2083.76 2108.78 2110.15 2120.93 2142.91 2158.76 2175.13
2192.23 2191.97 2191.60 2191.27 2083.95 1959.39 1815.30 1762.88 1732.23 1723.14 1700.59 1881.48 2030.45 2062.06 2130.40 2220.60 2226.93 2233.38 2222.31 2304.13 2378.92 2449.26 2477.44 2502.43
2523.21 2469.72 2410.44 2345.74 2288.61 2226.05 2154.09 2163.68 2178.47 2188.89 2194.02 2238.30 2300.50 2268.49 2237.09 2199.35 2191.96 2183.55 2170.70 2078.03 1990.84 1925.68 1845.37 1751.97
1640.87 1749.69 1866.57 2005.93 1914.66 1813.63 1702.59 1676.02 1717.01 1791.91 1819.28 1897.85 1993.07 2084.91 2168.31 2244.27 2192.46 2137.39 2077.04 2069.61 2063.81 2058.36 2059.56 2063.22
2067.67 2106.59 2147.07 2188.53 2218.66 2249.40 2280.41 2349.99 2413.87 2471.85 2468.79 2465.86 2464.14 2469.18 2474.89 2481.36 2474.54 2468.45 2455.53 2369.45 2276.94 2179.29 2137.37 2092.53
2049.57 2111.80 2172.14 2220.75 2176.09 2145.30 2133.83 2176.16 2335.24 2505.77 2591.45 2682.83 2777.67 2767.79 2763.85 2767.28 2699.63 2619.12 2520.01 2511.06 2504.37 2501.42 2492.77 2432.97
2368.71 2341.11 2312.86 2284.49 2243.50 2201.43 2161.10 2260.35 2345.48 2414.35 2405.96 2398.48 2396.35 2348.70 2300.36 2256.13 2250.84 2250.67 2252.21 2235.50 2211.81 2137.27 2143.92 2152.55
2139.25 2128.80 2116.46 2101.15 2096.99 2092.80 2092.21 2070.99 2038.04 2012.11 2002.35 1997.19 1971.34 1932.37 1901.69 1882.01 1713.28 1538.90 1467.64 1385.26 1286.24 1217.36 1220.56 1429.40
1601.22 1659.31 1746.35 1839.09 1807.59 1791.57 1788.47 1796.88 1799.97 1791.14 1955.29 2082.59 2186.37 2181.85 2183.06 2187.59 2156.03 2123.40 2084.33 2087.62 2098.74 2119.80 2104.22 2090.58
2082.83 2115.42 2147.28 2179.30 2187.17 2196.56 2205.71 2208.81 2208.79 2198.79 2281.62 2361.56 2401.95 2435.42 2473.70 2517.06 2506.34 2499.95 2492.25 2486.66 2481.00 2476.64 2473.46 2470.98
2468.81 2446.33 2427.47 2413.13 2380.23 2358.44 2310.79 2250.28 2203.43 2169.43 2038.48 2032.12 2123.04 2124.20 2130.23 2142.13 1974.84 1790.07 1737.61 1721.35 1706.31 1690.76 1505.57 1373.45
1210.08 1262.52 1478.69 1652.49 1879.29 2055.05 2201.02 2231.67 2257.96 2273.66 2366.48 2434.69 2484.07 2515.83 2556.43 2603.42 2596.20 2591.92 2574.78 2520.38 2462.39 2399.27 2367.16 2344.62
2334.45 2228.57 2219.36 2291.19 2570.10 2862.13 3132.81 3142.42 3150.62 3153.65 3157.29 3161.86 3166.49 3123.47 3083.18 3048.17 3016.09 2973.23 2911.08 2862.16 2811.79 2762.65 2712.71 2658.74
2602.98 2554.29 2495.45 2392.66 2298.37 2194.53 2081.66 2110.73 2132.86 2131.52 1937.78 1717.23 1510.03 1414.78 1687.65 1932.28 2012.66 2100.83 2186.83 2195.25 2216.59 2249.72 2258.35 2270.97
2286.44 2258.29 2228.83 2198.68 2250.09 2300.48 2348.70 2457.42 2549.01 2620.79 2674.70 2711.37 2739.11 2762.07 2786.51 2813.24 2774.30 2733.52 2687.71 2735.61 2783.00 2824.80 2806.33 2789.59
2774.56 2748.49 2721.00 2692.31 2694.76 2697.78 2700.94 2689.15 2674.54 2654.73 2573.14 2488.73 2406.03 2410.26 2416.57 2418.12 2268.08 2099.02 1929.31 1714.23 2121.16 2497.05 2703.58 2901.27
3072.48 2998.02 2891.32 2771.67 2822.09 2871.32 2923.04 2904.58 2879.96 2839.32 2834.62 2827.56 2811.89 2733.16 2654.96 2577.73 2486.37 2379.50 2249.83 2115.21 1991.33 1927.39 1787.92 1824.72
1924.93 1953.54 1983.45 2011.70 2005.81 2008.22 2017.35 1936.68 1850.17 1755.58 1804.46 1848.69 1884.78 1787.88 1767.25 1833.24 1944.49 2075.33 2208.51 2213.97 2247.06 2303.88 2338.69 2358.39
2378.50 2341.66 2304.26 2268.35 2201.34 2155.65 2145.64 2092.80 1999.87 1885.96 1892.11 1985.59 2096.58 2072.50 2057.20 2048.38 2023.24 2008.50 1978.07 1907.60 1853.36 1875.18 1860.48 1846.38
1827.50 1859.80 1890.12 1919.24 1906.20 1895.34 1893.41 1806.03 1718.08 1637.12 1275.11 1567.60 1878.32 1740.45 1627.09 1585.51 1758.97 1914.67 2050.41 2020.69 1988.75 1955.55 1826.81 1708.95
1665.23 1689.41 1727.76 1725.36 1698.18 1794.23 1925.97 1894.78 1871.29 1851.79 1912.81 2021.98 2130.38 2090.87 2059.49 2040.80 1934.06 1804.09 1633.25 1505.37 1813.57 2084.93 2151.99 2216.62
2279.66 2269.74 2260.27 2250.40 2242.71 2238.78 2237.75 2198.80 2153.46 2097.89 1995.94 1919.22 1876.33 1709.64 2145.95 2469.13 2612.09 2756.09 2891.56 2902.33 2912.99 2925.24 2897.41 2866.74
2837.26 2807.94 2775.23 2741.47 2613.33 2473.07 2326.39 2246.43 2157.80 2059.75 1949.02 1825.15 1691.12 1655.36 1624.37 1606.97 1416.80 1481.18 1714.58 1816.27 1956.24 2093.14 2071.45 2051.65
2034.61 1840.35 1635.78 1628.10 1633.21 1694.74 1780.04 1676.99 1551.27 1405.04 1720.75 1934.47 2090.23 2210.24 2319.77 2419.09 2372.31 2321.68 2246.51 2275.33 2291.90 2305.91 2272.51 2240.28
2212.19 2213.30 2203.22 2169.74 2201.15 2191.20 2179.77 2219.70 2251.25 2275.45 2277.51 2280.17 2285.12 2320.47 2355.77 2390.08 2385.65 2387.62 2394.10 2381.56 2368.75 2356.09 2321.65 2285.34
2248.87 2153.92 2060.14 1981.83 1967.74 1959.17 1958.26 1832.43 1676.86 1469.19 1723.40 1893.05 2017.12 1970.38 1933.65 1912.64 1964.68 2019.12 2076.62 2068.57 2058.01 2047.12 2062.88 2082.86
2108.96 2089.77 2069.79 2048.76 2042.90 2035.77 2028.61 1987.57 1936.60 1873.70 2055.75 2193.09 2309.80 2334.64 2361.07 2389.48 2340.92 2286.92 2229.08 2227.77 2227.14 2229.51 2292.07 2354.85
2415.73 2383.34 2352.40 2322.26 2300.37 2278.43 2257.50 2276.12 2288.28 2295.73 2347.25 2388.25 2410.46 2406.66 2405.20 2410.09 2386.37 2360.39 2336.96 2352.24 2369.03 2387.51 2382.81 2379.61
2379.48 2348.98 2317.45 2284.99 2263.93 2241.91 2220.02 2194.90 2171.08 2147.48 2110.90 2083.66 2065.46 1979.75 1893.79 1808.82 1755.54 1756.45 1832.10 1865.23 1916.01 1980.32 1991.74 2005.30
2020.16 2010.21 2004.37 2002.16 2006.94 2012.24 2018.64 2005.42 1984.56 1953.73 2016.58 2071.20 2118.03 2175.96 2229.08 2283.07 2231.21 2168.18 2099.34 2133.79 2168.25 2204.79 2230.76 2232.36
2231.04 2238.22 2244.87 2252.32 2228.73 2204.70 2181.68 2161.30 2134.84 2102.84 2171.93 2234.66 2293.14 2237.98 2184.10 2135.38 2075.34 2009.24 1910.51 2015.83 2115.11 2208.93 2317.38 2412.55
2492.87 2521.93 2551.07 2579.92 2508.35 2459.05 2440.14 2309.98 2316.17 2537.86 2516.61 2487.62 2473.86 2522.63 2621.23 2761.87 2732.75 2699.32 2665.94 2677.93 2690.16 2708.79 2716.40 2725.37
2736.13 2719.12 2701.39 2694.20 2669.47 2646.48 2615.84 2653.82 2690.40 2729.94 2670.69 2612.54 2545.88 2538.87 2522.86 2507.85 2448.29 2388.93 2330.08 2301.83 2277.87 2223.95 2213.79 2206.11
2202.89 2215.77 2228.25 2244.55 2303.55 2373.78 2454.66 2447.21 2438.34 2428.10 2330.87 2225.39 2112.51 2104.13 2100.86 2115.15 2125.08 2146.83 2177.71 2065.94 1937.33 1789.24 1747.01 1759.87
1820.63 1917.43 2002.32 2078.76 2034.68 1990.36 1946.66 2041.68 2128.02 2209.51 2103.35 1990.37 1870.86 1846.41 1870.08 1922.68 1975.99 2038.11 2103.87 2006.42 1897.01 1772.81 1817.99 1858.96
1901.53 1905.96 1921.43 1945.03 1982.73 2020.75 2055.56 2187.78 2292.23 2379.03 2370.75 2359.17 2352.74 2261.97 2174.19 2111.55 1997.52 1888.30 1698.60 1900.76 2076.51 2233.31 2260.92 2298.90
2346.06 2250.31 2336.61 2535.19 2617.59 2777.42 2900.58 2845.99 2785.67 2723.07 2663.16 2603.08 2525.83 2444.69 2363.13 2288.77 2194.63 2085.13 1964.47 1820.11 1632.59 1351.19 1467.93 1780.24
1996.15 1929.02 1879.88 1860.45 1940.99 2015.56 2085.58 2089.37 2090.34 2090.62 2274.28 2419.81 2535.58 2555.94 2575.88 2594.32 2579.18 2556.40 2534.28 2567.62 2599.77 2630.11 2645.13 2665.66
2690.15 2683.91 2678.11 2672.30 2688.49 2705.70 2723.39 2729.82 2729.15 2723.41 2698.94 2676.15 2658.89 2591.29 2524.69 2463.15 2397.74 2324.08 2244.06 2235.11 2222.37 2209.23 2219.65 2228.67
2233.55 2163.07 2099.67 2051.44 2047.43 2046.03 2040.56 2094.46 2146.87 2190.14 2160.58 2160.23 2176.55 2028.23 1911.23 1867.06 1774.76 1793.77 1997.22 2159.90 2307.64 2448.71 2430.80 2409.20
2385.17 2395.70 2407.74 2423.35 2422.00 2416.03 2389.22 2366.76 2343.65 2306.57 2172.59 2036.19 1904.30 1878.05 1892.62 1936.04 1929.42 1938.45 1966.88 2010.54 2060.41 2118.00 2072.12 2030.97
1995.95 1732.77 1277.29 1495.00 1653.54 1895.52 2152.65 2276.05 2380.83 2468.55 2505.58 2545.17 2585.39 2547.00 2516.72 2499.63 2458.84 2400.13 2338.08 2323.39 2277.56 2223.28 2372.98 2512.08
2631.38 2606.33 2579.66 2552.62 2569.11 2572.84 2578.53 2619.38 2651.30 2680.30 2629.05 2580.71 2540.41 2505.18 2473.36 2447.68 2433.99 2418.62 2407.79 2398.08 2387.92 2379.75 2354.73 2331.63
2309.80 2353.73 2402.62 2451.53 2462.25 2479.00 2498.91 2466.45 2430.86 2397.41 2341.84 2284.16 2222.25 2058.44 1858.01 1585.33 1824.94 2004.15 2152.61 1996.44 1896.59 1889.08 1709.65 1679.44
1926.15 1627.29 1886.95 2182.42 2123.47 2062.02 2001.16 1956.91 1950.66 1967.26 1909.68 1912.40 1924.43 1943.82 1905.75 1890.95 1805.72 1835.46 1999.23 2003.30 2013.05 2037.54 2052.17 2073.89
2099.78 2102.98 2123.81 2159.92 2015.24 1965.00 2013.26 1974.71 1884.51 1797.58 2064.27 2292.87 2455.01 2439.51 2409.17 2377.53 2380.86 2389.76 2405.93 2364.30 2326.95 2298.70 2245.42 2167.90
2081.70 2024.44 1977.75 1948.62 2084.77 2186.55 2278.69 2300.37 2277.04 2264.21 2172.77 2072.18 1973.85 2058.76 2127.98 2188.11 2187.29 2171.86 2163.76 2169.48 2139.80 2106.10 2086.33 2031.64
1980.86 1940.24 1955.48 2017.87 1990.58 2000.57 2039.97 1995.16 2045.21 2144.37 2360.24 2535.90 2675.34 2679.59 2678.56 2683.69 2644.40 2596.94 2547.79 2499.75 2430.26 2359.91 2349.18 2410.06
2521.84 2464.72 2403.51 2301.15 2288.39 2278.39 2271.02 2288.90 2297.25 2301.08 2260.70 2266.71 2310.73 2178.22 2031.91 1868.60 1900.18 1931.67 1969.99 2016.90 2007.43 1998.52 1969.11 1950.42
1947.69 2015.81 2088.02 2159.83 2133.62 2106.28 2078.33 2029.90 2015.80 2036.52 2193.73 2313.41 2409.91 2428.31 2447.69 2469.51 2369.39 2252.29 2121.09 2176.73 2233.25 2291.02 2253.80 2215.94
2178.72 2114.51 2041.36 1956.03 1903.30 1883.80 1904.08 1923.64 1938.35 1947.95 1988.16 2018.98 2051.35 2087.49 2125.57 2168.02 2195.57 2224.63 2260.96 2309.37 2359.75 2415.32 2382.13 2350.77
2318.48 2229.28 2134.64 2032.36 1966.57 1892.95 1811.62 1708.15 1613.15 1561.96 1551.18 1253.69 1000.02 1266.37 1535.21 1723.58 1713.71 1705.78 1695.56 1475.12 1511.82 1698.87 1961.30 2173.64
2355.23 2338.20 2319.31 2298.10 2384.65 2474.53 2564.26 2594.61 2619.14 2640.73 2587.72 2534.91 2479.26 2425.90 2381.09 2347.89 2196.16 1980.49 1765.89 1809.79 1851.08 1935.14 1908.19 1914.28
1948.19 2024.72 2056.00 2096.00 2079.56 2065.50 2050.36 1986.97 1912.01 1831.09 1723.58 1704.04 1753.87 1773.22 1805.00 1842.91 1892.16 1942.67 1972.30 1899.14 1891.99 2003.38 2050.09 2095.47
2137.57 2161.15 2185.41 2209.36 2229.91 2254.23 2283.06 2218.09 2162.66 2157.25 2019.12 1871.56 1716.87 1700.44 1611.15 1512.31 1627.84 1842.16 2015.62 2112.48 2204.76 2295.02 2266.64 2238.80
2211.50 2209.18 2209.39 2213.74 2355.23 2520.21 2658.66 2728.78 2790.32 2852.68 2884.70 2917.36 2949.06 2952.76 2948.50 2934.56 2924.67 2910.84 2883.22 2878.57 2846.32 2813.25 2833.50 2861.07
2879.28 2873.20 2867.09 2854.34 2886.19 2917.97 2947.81 2921.93 2892.79 2864.26 2836.83 2810.94 2778.77 2761.45 2740.30 2717.67 2695.05 2670.99 2630.08 2537.66 2413.71 2262.87 2233.95 2204.26
2170.01 2187.27 2204.44 2221.54 2194.27 2170.43 2150.75 2267.36 2360.64 2441.01 2438.46 2440.76 2445.43 2383.28 2323.85 2270.39 2199.90 2139.03 2100.94 2068.59 2039.49 2021.33 1983.16 1991.34
2045.22 1991.96 2007.39 2087.12 1937.34 1690.17 1375.78 1360.83 1551.49 1727.79 2003.80 2241.74 2424.85 2437.84 2453.46 2474.35 2441.20 2407.67 2376.50 2363.30 2345.50 2327.29 2387.51 2452.95
2521.60 2526.36 2503.62 2480.73 2477.76 2475.15 2472.23 2506.52 2527.32 2541.63 2550.74 2552.00 2543.91 2525.08 2496.05 2471.57 2455.19 2439.99 2426.26 2468.93 2487.13 2499.24 2532.02 2565.92
2587.50 2587.03 2586.83 2587.27 2551.17 2513.22 2472.24 2406.10 2327.96 2244.71 2204.34 2168.04 2134.73 2117.94 2126.51 2136.97 2069.88 2005.87 1955.29 2053.02 2141.48 2223.93 2287.74 2351.84
2415.68 2449.25 2482.97 2515.52 2547.53 2581.19 2615.76 2541.77 2474.34 2454.97 2450.72 2482.56 2535.45 2450.07 2364.62 2281.47 2163.60 2044.69 1923.70 1739.96 1452.75 1113.38 1416.56 1543.85
1674.42 1742.11 1805.02 1863.05 1938.90 2043.21 2154.21 2172.64 2140.61 2122.08 2226.75 2277.06 2308.93 2330.89 2356.00 2382.82 2399.48 2421.60 2450.14 2423.99 2391.04 2351.36 2349.32 2349.05
2352.60 2375.74 2330.10 2282.64 2325.02 2366.91 2408.16 2438.64 2462.38 2457.75 2420.40 2368.13 2326.85 2309.72 2299.04 2275.79 2273.24 2273.95 2277.54 2263.74 2247.29 2230.29 2237.68 2247.34
2260.15 2218.14 2172.57 2125.94 2158.71 2172.86 2169.64 2205.38 2240.11 2271.74 2280.21 2295.74 2310.87 2323.62 2342.38 2361.66 2340.66 2321.74 2308.20 2355.34 2398.69 2441.02 2541.91 2638.03
2729.92 2808.48 2884.32 2956.61 2914.76 2833.50 2781.92 2638.03 2484.92 2331.70 2404.10 2459.21 2520.39 2538.91 2576.27 2639.03 2595.51 2551.46 2509.14 2503.80 2493.75 2480.14 2501.98 2526.01
2552.13 2485.08 2431.14 2414.26 2458.02 2522.56 2622.07 2546.88 2464.56 2381.49 2445.21 2538.24 2641.48 2593.10 2547.57 2506.29 2425.24 2335.93 2239.86 2234.88 2223.73 2210.63 2214.37 2217.88
2222.34 2253.49 2291.74 2333.23 2309.20 2283.81 2257.76 2401.61 2513.06 2606.09 2592.19 2587.51 2589.85 2541.98 2495.21 2453.12 2388.60 2319.04 2242.91 2235.31 2230.46 2240.41 2236.25 2232.53
2228.22 2242.91 2259.25 2276.77 2276.89 2278.28 2279.19 2224.45 2162.69 2097.69 2045.86 2027.29 2037.85 1989.83 1952.94 1931.44 1862.81 1793.35 1728.84 1797.48 1870.97 1949.40 1954.90 1971.22
1998.90 1981.72 1968.98 1962.01 1914.59 1864.38 1810.95 1758.60 1699.53 1636.87 1557.61 1627.96 1744.74 1650.71 1567.60 1518.83 1572.99 1654.70 1752.91 1623.82 1449.54 1314.44 1485.29 1641.29
1775.74 1809.75 1850.94 1896.97 1971.83 2052.91 2136.68 1977.16 1784.47 1539.77 1390.88 1515.74 1675.14 1747.87 1816.02 1883.04 1865.37 1858.95 1871.97 1809.37 1733.35 1649.79 1585.98 1555.00
1579.64 1662.02 1770.80 1877.41 1737.18 1529.18 1199.18 1451.41 1618.03 1734.66 1860.25 1983.53 2095.83 2120.34 2147.56 2172.90 2137.90 2100.25 2065.21 2054.63 2036.78 2012.90 2042.26 2070.14
2065.17 2039.71 1983.28 1930.57 1796.27 1628.11 1396.25 1415.36 1503.22 1590.12 1732.18 1861.32 1976.33 1918.15 1861.39 1874.97 1848.31 1833.25 1837.46 1947.83 2056.26 2103.70 1963.45 1797.56
1620.05 1627.20 1643.27 1666.11 1714.39 1768.38 1822.40 1785.74 1769.04 1732.98 1730.80 1694.57 1660.20 1529.34 1388.11 1267.36 1226.64 1190.77 1156.31 1253.53 1312.52 1484.40 1488.20 1504.84
1536.26 1707.36 1858.42 1990.75 1937.73 1889.03 1782.44 1706.50 1622.31 1537.10 1675.47 1802.70 1905.03 1934.25 1966.47 2003.86 2039.56 2080.63 2128.65 2151.82 2171.23 2191.81 2191.09 2193.55
2197.68 2182.78 2171.34 2162.84 2126.31 2098.85 2083.73 2113.56 2144.88 2175.79 2248.35 2323.40 2387.44 2371.09 2359.48 2352.69 2381.75 2413.11 2449.99 2433.88 2411.09 2383.35 2420.83 2461.44
2506.92 2462.33 2414.08 2365.49 2325.97 2283.19 2231.81 2276.48 2311.40 2338.99 2282.12 2228.21 2177.19 2115.49 2057.42 2002.98 1966.45 1930.33 1898.00 1938.87 1943.83 1911.35 1795.49 1659.39
1509.63 1250.79 1377.65 1624.98 1845.46 2040.58 2210.34 2287.60 2352.59 2388.81 2371.75 2357.93 2336.32 2365.40 2388.45 2415.24 2391.33 2366.18 2341.65 2311.90 2269.16 2220.74 2226.42 2232.12
2240.68 2211.28 2179.29 2147.10 2136.15 2125.78 2115.29 2088.16 2054.62 2009.22 1861.58 1787.88 1730.82 1771.90 1822.99 1879.17 1880.75 1891.86 1915.55 1920.54 1956.50 2027.50 2017.39 2021.56
2040.96 2080.68 2120.97 2160.09 2139.37 2119.55 2101.76 2152.59 2203.61 2248.27 2249.54 2255.37 2264.20 2258.18 2257.61 2260.51 2235.48 2210.06 2188.16 2197.07 2197.55 2195.13 2200.05 2206.25
2213.18 2196.26 2177.78 2159.31 2142.01 2124.69 2104.91 2226.92 2320.59 2392.66 2412.27 2429.43 2445.17 2459.30 2477.12 2496.14 2488.79 2482.59 2480.21 2478.49 2466.50 2454.33 2437.99 2421.31
2403.44 2346.70 2285.14 2220.58 2209.83 2203.48 2197.83 2282.48 2362.39 2432.73 2447.75 2458.38 2459.65 2495.78 2535.54 2579.91 2559.65 2538.59 2520.59 2519.46 2505.82 2490.50 2499.79 2510.10
2522.39 2500.87 2480.04 2460.17 2293.04 2110.36 1958.86 1962.97 2329.76 2618.56 2733.51 2846.62 2947.41 2884.92 2823.11 2764.14 2784.51 2807.20 2833.54 2828.85 2816.45 2804.20 2748.11 2690.64
2632.10 2644.24 2657.98 2675.04 2641.59 2606.79 2571.12 2601.05 2624.70 2646.72 2588.80 2532.60 2477.99 2446.83 2422.57 2404.25 2390.51 2378.44 2371.73 2294.57 2204.41 2114.19 2115.00 2118.22
2120.00 2063.43 2025.14 2015.22 1941.34 1862.97 1777.04 1690.53 1541.43 1344.49 1231.28 1128.47 1050.36 1382.74 1644.17 1802.54 1830.18 1858.31 1889.83 1774.52 1657.53 1625.68 1746.85 1857.77
1962.17 1996.11 2048.39 2113.77 2095.50 2083.24 2078.16 2137.16 2176.51 2120.65 2060.24 2020.97 2006.28 2011.72 1985.42 1935.89 1927.37 1974.75 2069.91 2125.48 2174.92 2231.36 2228.93 2228.82
2231.15 2226.54 2223.47 2222.47 2206.95 2194.55 2180.38 2174.99 2161.27 2148.82 2240.94 2317.64 2379.64 2439.75 2498.19 2550.20 2571.05 2593.94 2618.76 2616.76 2614.81 2618.50 2631.69 2648.69
2671.60 2645.72 2619.96 2594.58 2511.23 2418.57 2314.43 2266.16 2218.05 2172.65 1984.03 1895.64 1942.31 1652.55 1472.01 1710.12 1748.21 1771.65 1810.51 1901.19 1984.51 2070.39 2022.75 1977.99
1938.29 1906.66 1872.98 1837.24 1904.46 1971.52 2039.13 1983.48 1925.59 1866.09 1891.60 1918.05 1943.87 1977.84 2015.23 2055.01 2057.88 2063.12 2072.23 2056.94 2032.07 2005.32 1958.23 1909.64
1856.41 1910.01 1995.13 2095.75 2084.80 2074.27 2064.55 2009.10 1888.83 1744.85 1751.81 1777.22 1947.48 2053.34 2209.70 2350.25 2351.56 2353.70 2340.71 2262.40 2155.85 2022.37 1984.72 1947.14
1911.70 1890.66 1898.95 1936.69 1847.38 1670.00 1427.41 1265.51 1337.51 1450.16 1128.48 1495.85 1714.70 1671.90 1662.48 1732.96 1856.85 1970.40 2075.18 1990.90 1898.63 1815.74 1700.78 1634.92
1682.61 1796.98 1903.18 1957.96 1973.24 1989.93 2009.70 2062.22 2105.49 2138.93 2086.80 2051.90 2032.48 2072.79 2100.42 2130.51 2084.04 2033.29 1978.90 2021.22 2056.29 2087.06 2032.14 1975.99
1919.97 1812.02 1682.12 1515.64 1477.54 1370.61 1265.42 1093.96 1300.20 1453.68 1482.60 1569.62 1687.02 1699.51 1722.91 1755.42 1766.68 1786.27 1815.70 1944.14 2057.06 2164.49 2155.38 2146.12
2134.66 2153.91 2173.15 2194.14 2216.54 2240.09 2263.58 2323.09 2370.26 2403.00 2418.15 2420.16 2423.16 2447.03 2474.06 2504.07 2530.42 2552.65 2577.53 2596.98 2606.33 2614.97 2615.33 2615.42
2615.54 2508.90 2391.39 2265.64 2201.35 2141.63 2071.14 1934.68 1912.90 1982.73 2101.91 2250.32 2390.29 2281.66 2171.56 2064.85 1833.88 1607.34 1464.43 1629.22 1762.52 1884.10 1933.78 1983.99
2036.25 2104.26 2172.02 2208.99 2204.54 2208.54 2220.44 2308.50 2376.35 2425.69 2440.14 2454.94 2472.54 2463.43 2458.59 2458.82 2448.60 2439.03 2431.86 2395.37 2361.82 2351.44 2339.36 2325.61
2309.03 2419.18 2515.50 2601.57 2625.14 2648.63 2671.55 2693.17 2712.71 2733.78 2459.87 2101.47 1503.51 1845.30 2016.87 2163.92 2088.42 2004.41 1910.53 2273.01 2555.18 2793.50 2851.15 2908.21
2965.51 2949.03 2933.41 2896.22 2793.40 2676.06 2547.21 2517.09 2485.51 2453.24 2386.20 2323.13 2265.04 2184.63 2130.93 2112.12 1959.96 1831.67 1696.39 1765.65 1989.22 2214.79 2223.09 2232.16
2239.86 2234.67 2228.90 2223.26 2220.99 2219.42 2217.78 2289.18 2346.63 2382.63 2444.32 2500.21 2544.85 2511.06 2480.05 2454.43 2437.97 2421.26 2405.16 2383.61 2340.60 2289.84 2357.10 2423.83
2490.57 2442.98 2391.14 2333.92 2294.62 2253.44 2208.69 2308.48 2387.70 2447.06 2446.42 2447.15 2449.08 2462.20 2487.73 2522.90 2518.50 2515.01 2511.31 2532.99 2542.60 2551.44 2550.69 2553.44
2560.40 2510.32 2456.99 2399.38 2318.80 2230.35 2133.19 2246.91 2337.51 2408.44 2371.84 2336.40 2298.36 2331.91 2369.88 2409.31 2409.41 2409.70 2412.60 2414.86 2395.32 2371.96 2309.98 2290.02
2285.49 2182.05 2012.45 1799.78 1821.20 1847.50 1875.74 1240.98 1929.51 2273.10 2400.75 2527.15 2652.28 2655.64 2662.08 2670.55 2628.93 2583.59 2535.66 2426.69 2284.92 2118.09 2098.93 2095.17
2110.10 2150.59 2196.72 2248.39 2271.75 2295.21 2318.23 2403.30 2478.53 2539.22 2559.87 2587.00 2618.53 2586.74 2559.12 2525.21 2450.57 2366.02 2271.30 2247.27 2208.73 2137.08 1999.41 1859.15
1796.40 1749.94 1711.83 1670.36 1593.96 1505.00 1395.19 1424.80 1496.43 1557.19 1768.16 1915.23 2028.69 2030.83 2044.78 2068.01 2032.91 1998.15 1966.03 2052.00 2132.87 2215.50 2204.09 2191.17
2178.06 2183.70 2189.23 2195.24 2180.24 2164.87 2146.55 2201.17 2246.60 2276.37 2321.80 2358.95 2390.43 2406.11 2425.20 2446.25 2445.95 2447.74 2453.87 2430.22 2391.63 2346.70 2363.23 2381.33
2402.73 2385.15 2367.88 2351.31 2282.45 2206.03 2121.36 2188.72 2244.85 2284.16 2253.57 2226.12 2203.16 2228.95 2257.63 2290.74 2282.15 2274.27 2265.73 2234.73 2187.03 2130.99 2151.41 2172.08
2194.95 2137.05 2077.45 2017.96 2016.70 2024.84 2038.03 2073.98 2107.06 2081.04 2114.98 2174.15 2244.32 2222.15 2178.36 2143.87 2077.16 2008.34 1941.29 1935.84 1926.01 1919.13 1898.96 1879.04
1810.32 1422.00 1459.82 1867.98 1821.14 1724.26 1608.71 1404.97 1472.82 1644.02 1796.10 1947.61 2084.08 2090.26 2110.70 2152.17 2131.66 2115.00 2101.34 2034.63 1953.88 1867.96 1891.61 1918.91
1948.42 1973.30 1998.65 2025.41 2017.67 2010.01 2002.28 2007.70 2010.60 2007.79 2023.52 2046.36 2071.70 2089.58 2115.28 2147.37 2103.70 2057.18 2008.70 1994.52 1970.05 1950.82 1958.84 1982.86
2021.07 1993.58 2031.18 2120.79 2124.40 2149.43 2191.60 2173.87 2174.11 2182.33 2116.37 2065.74 2014.80 1991.39 1952.47 1925.84 1901.06 1878.38 1862.17 1924.48 1984.01 2047.93 2056.04 2072.60
2095.47 2101.03 2107.21 2112.42 2109.03 2108.59 2107.84 2145.29 2175.54 2193.59 2249.56 2307.52 2360.72 2348.76 2342.97 2343.20 2284.28 2218.86 2145.77 2115.08 2081.51 2063.69 2037.94 2019.45
2007.65 1989.46 1974.25 1966.05 1966.76 1987.42 2020.60 1960.36 1903.90 1845.31 1959.65 2069.32 2163.64 2177.31 2196.98 2220.95 2239.54 2260.09 2283.66 2310.58 2326.15 2342.27 2366.87 2392.54
2420.84 2381.12 2338.16 2291.41 2264.65 2236.79 2204.28 2219.43 2231.52 2231.03 2273.05 2316.59 2366.96 2331.98 2301.22 2279.36 2204.60 2136.10 2085.22 2092.89 2087.35 2080.19 2069.17 2060.14
2051.47 2081.15 2111.92 2143.36 2138.40 2134.01 2125.17 2222.98 2309.47 2381.57 2431.96 2473.37 2512.81 2509.19 2510.40 2522.79 2517.22 2509.13 2470.80 2463.69 2422.58 2370.74 2346.95 2322.58
2297.74 2294.70 2290.24 2286.26 2263.49 2231.50 2195.67 2234.50 2236.77 2231.19 2188.11 2151.69 2125.84 2208.15 2289.25 2371.31 2348.54 2329.85 2318.71 2273.57 2211.11 2138.73 2114.28 2091.98
2072.33 1970.20 1807.77 1528.71 1654.00 1822.73 1973.45 1866.88 1754.34 1634.90 1450.80 1275.21 1229.39 1305.29 1498.74 1659.73 1755.82 1827.24 1901.75 1938.05 1967.09 1973.62 1983.65 1970.99
1956.73 1949.16 1945.16 1944.95 1844.84 1738.21 1631.97 1674.75 1708.99 1729.94 1813.52 1906.97 1949.68 1977.71 2008.42 2042.23 2015.18 1988.97 1968.58 1872.58 1743.01 1622.52 1632.05 1700.59
1800.81 1754.87 1748.96 1789.93 1834.79 1880.05 1923.29 2046.77 2151.88 2236.95 2181.03 2126.81 2074.35 2040.91 2019.48 2012.31 1967.50 1921.43 1878.85 1863.58 1839.67 1821.67 1763.29 1708.17
1694.35 1744.31 1793.60 1842.10 1825.73 1842.48 1883.79 1965.63 2033.14 2079.33 2051.91 2031.70 2018.58 2024.20 2034.99 2049.80 2070.18 2094.95 2127.71 2116.19 2091.50 2062.13 2073.99 2085.74
2099.17 2089.88 2082.16 2078.07 2047.01 2021.13 1995.33 1969.05 1942.25 1904.44 1941.13 1987.88 2038.42 2011.31 1993.48 1984.12 1982.96 1996.45 2028.34 2047.79 2055.76 2061.57 2050.60 2043.30
2041.29 2012.89 1982.90 1953.31 1848.29 1776.52 1776.88 1732.47 1720.99 1724.58 1927.13 2081.46 2219.80 2241.76 2268.92 2306.09 2330.45 2357.19 2387.80 2338.59 2274.10 2202.53 2205.55 2208.45
2211.64 2185.52 2160.92 2138.66 2121.03 2114.72 2002.74 1980.37 1963.34 1954.66 1832.25 1654.60 1208.96 1758.91 2036.06 2211.70 2230.30 2259.06 2299.31 2230.39 2134.70 2009.23 2032.30 2032.84
2033.99 2030.37 2021.47 1969.67 1884.22 1791.99 1686.56 1205.00 1740.10 2019.25 2172.28 2301.83 2419.08 2428.25 2449.83 2482.67 2488.21 2494.21 2503.33 2521.49 2520.73 2516.51 2562.71 2599.67
2618.33 2588.87 2558.13 2524.73 2536.11 2547.40 2553.90 2517.08 2480.61 2437.80 2398.23 2366.32 2343.78 2317.26 2305.67 2294.21 2292.98 2280.36 2259.65 2168.88 2076.65 2005.77 1923.47 1833.06
1727.23 1692.81 1681.10 1697.16 1830.69 1945.53 2045.00 1928.58 1844.36 1823.65 1751.57 1716.51 1712.97 1631.48 1547.83 1416.80 1273.14 1131.30 1207.18 1457.42 1744.75 1959.67 1952.49 1956.88
1972.99 1991.07 2014.94 2040.28 2008.35 1974.94 1937.88 1916.71 1903.35 1892.00 1896.61 1902.55 1916.35 1806.70 1710.67 1647.80 1529.19 1406.91 1352.43 1332.33 1290.53 1246.29 1209.83 1256.88
1350.32 1536.00 1723.60 1881.36 1888.76 1895.74 1899.68 1794.01 1683.33 1557.21 1600.33 1645.18 1683.21 1653.94 1619.89 1618.61 1675.15 1729.64 1790.79 1775.61 1761.64 1764.48 1758.05 1764.14
1780.90 1707.93 1658.37 1656.89 1599.10 1552.48 1373.53 1376.45 1391.98 1448.90 1520.95 1634.76 1735.35 1518.15 1440.89 1592.14 1751.94 1891.79 2018.98 2001.71 1992.32 2007.53 1980.21 1955.06
1936.20 1912.61 1888.38 1865.95 1831.32 1797.11 1755.69 1753.62 1748.06 1727.19 1756.94 1785.81 1818.52 1832.71 1838.08 1853.73 1856.01 1874.52 1909.69 1949.89 1984.92 2022.44 2007.26 1994.14
1983.96 1974.77 1948.17 1919.77 1874.62 1835.33 1796.27 1900.47 1997.35 2073.49 2076.74 2079.83 2085.92 2111.18 2144.66 2172.97 2167.34 2163.46 2164.04 2146.36 2114.19 2074.79 2123.21 2176.31
2232.04 2236.08 2239.70 2244.67 2209.62 2174.40 2133.18 2212.55 2273.65 2314.70 2329.94 2344.24 2359.19 2384.12 2414.81 2450.86 2463.24 2476.68 2492.32 2501.82 2503.29 2505.23 2476.51 2447.21
2418.52 2417.03 2415.55 2415.54 2424.75 2437.37 2448.07 2470.64 2484.97 2492.64 2488.88 2494.09 2516.74 2481.79 2444.23 2399.16 2356.41 2312.34 2266.55 2202.75 2113.77 1995.85 2039.04 2083.77
2130.88 2093.68 2054.65 2017.41 1939.58 1840.48 1694.63 1421.87 1505.30 1662.96 1769.29 1884.98 1992.52 2019.85 2064.71 2106.33 2090.54 2080.25 2078.77 2084.22 2078.76 2067.39 2035.32 2001.78
1962.11 1932.01 1913.23 1910.76 1935.98 1961.40 1979.77 2071.98 2186.53 2284.86 2362.76 2436.17 2504.76 2504.19 2508.55 2518.48 2551.27 2584.32 2620.59 2604.32 2578.34 2547.84 2568.87 2590.06
2611.82 2599.42 2587.82 2577.74 2546.42 2513.94 2472.72 2391.81 2324.11 2274.76 2276.11 2308.18 2358.14 2338.31 2324.98 2311.66 2260.17 2208.58 2172.46 2156.51 2117.93 2103.67 2115.57 2127.68
2140.83 2122.52 2103.38 2082.07 2035.58 1986.55 1926.24 2022.21 2089.23 2129.44 2147.36 2167.65 2190.06 2259.72 2330.36 2401.49 2401.31 2401.49 2403.83 2359.29 2297.67 2220.75 2267.73 2314.33
2360.68 2368.13 2376.20 2384.93 2359.20 2334.36 2302.48 2317.19 2327.58 2327.59 2339.24 2349.09 2359.02 2357.51 2363.63 2377.81 2401.62 2426.70 2454.49 2438.92 2413.35 2382.68 2372.92 2365.26
2362.38 2326.28 2287.31 2245.83 2199.17 2150.93 2091.82 2150.71 2198.07 2229.17 2293.53 2348.96 2399.88 2391.38 2390.65 2398.13 2374.10 2348.57 2324.38 2286.29 2231.21 2162.06 2131.71 2099.41
2066.99 2036.70 2012.32 1995.55 1982.39 1968.00 1945.40 2037.57 2120.36 2178.71 2236.17 2294.19 2349.78 2288.28 2241.76 2212.18 2219.73 2235.83 2262.16 2221.32 2165.01 2098.52 2115.72 2138.07
2166.93 2117.31 2064.43 2007.84 1978.49 1956.16 1937.07 1986.79 2027.69 2053.35 2105.57 2159.71 2213.51 2181.07 2161.23 2156.88 2152.46 2154.62 2164.96 2150.52 2121.40 2082.65 2065.71 2055.33
2053.32 2073.09 2096.39 2122.89 2095.60 2069.37 2038.90 2026.29 2015.20 1998.49 2121.13 2262.34 2384.75 2376.85 2378.15 2390.36 2394.13 2401.31 2412.96 2402.14 2376.79 2347.81 2327.40 2306.01
2284.52 2272.81 2260.84 2249.91 2282.88 2314.60 2338.44 2369.81 2396.09 2411.40 2416.99 2421.35 2431.02 2422.29 2411.73 2410.11 2400.62 2389.14 2364.27 2361.45 2346.88 2326.19 2339.52 2354.67
2372.98 2316.21 2253.97 2186.96 2158.56 2129.43 2091.53 2089.61 2082.85 2079.30 2128.86 2178.84 2224.40 2150.02 2067.68 1997.15 1864.05 1715.74 1590.92 1328.73 1338.57 1480.85 1554.50 1636.09
1629.38 1513.18 1362.28 1146.74 1501.79 1688.95 1802.62 1895.16 1970.89 2022.17 2028.89 2030.53 2036.65 2024.05 2041.15 2053.61 2052.33 2055.88 2069.35 2019.81 1947.29 1849.69 1883.51 1924.49
1968.23 1957.36 1949.50 1945.37 1926.68 1911.75 1892.58 1872.34 1855.46 1828.55 1639.15 1495.14 1505.33 1496.85 1515.76 1551.29 1597.96 1653.72 1714.87 1695.95 1663.26 1620.02 1619.68 1626.78
1645.21 1611.10 1595.88 1602.16 1563.42 1524.82 1474.28 1467.62 1455.67 1438.51 1330.61 1321.62 1386.70 1380.32 1393.36 1415.43 1431.09 1558.18 1723.00 1671.00 1633.53 1652.96 1571.21 1570.53
1658.33 1673.14 1686.67 1706.01 1640.91 1641.63 1671.64 1484.53 1447.81 1488.73 1420.15 1257.48 1052.16 1000.61 1235.22 1378.73 1587.54 1756.63 1902.01 1862.79 1811.37 1755.30 1720.13 1679.88
1634.07 1670.87 1720.88 1779.69 1776.66 1783.53 1789.86 1769.91 1750.27 1731.33 1688.47 1664.13 1663.84 1734.85 1806.46 1870.03 1845.40 1818.58 1796.64 1813.49 1821.89 1827.45 1848.08 1870.20
1893.45 1882.22 1878.85 1885.45 1840.25 1794.95 1738.87 1741.49 1744.99 1743.07 1656.70 1592.66 1556.54 1616.13 1706.51 1805.97 1865.16 1930.48 1998.10 1972.85 1940.07 1907.94 1900.97 1903.00
1918.76 1901.54 1885.99 1860.91 1823.91 1777.66 1729.37 1788.51 1844.55 1902.90 1810.50 1674.09 1519.20 1675.36 1757.96 1793.30 1760.78 1774.77 1833.52 1867.98 1895.88 1922.63 1900.81 1879.20
1858.83 1577.22 1535.66 1791.84 1632.73 1435.94 1264.34 1456.65 1601.69 1693.53 1513.47 1472.94 1580.46 1598.39 1646.93 1726.57 1602.61 1442.01 1220.89 1205.18 1442.13 1734.83 1779.82 1836.09
1901.85 1900.27 1901.41 1906.00 1923.75 1942.13 1918.83 1964.05 1980.27 1994.85 1983.22 1974.21 1965.39 1952.75 1972.00 2019.40 2036.75 2056.58 2078.85 2050.45 2011.07 1952.66 1915.91 1875.81
1832.88 1734.11 1615.13 1469.36 1511.23 1641.49 1771.07 1653.32 1543.83 1455.88 1522.49 1579.83 1590.39 1628.55 1666.13 1702.81 1672.89 1693.06 1768.71 1778.18 1789.74 1853.86 1789.36 1725.34
1670.08 1604.64 1543.75 1499.38 1447.11 1405.18 1377.00 1546.46 1680.46 1773.46 1651.47 1591.15 1599.26 1636.50 1737.32 1872.51 1834.27 1794.06 1748.16 1794.09 1865.34 1958.01 2056.19 2155.81
2252.40 2319.00 2384.27 2448.18 2474.11 2492.22 2488.38 2498.70 2509.74 2506.26 2457.25 2412.46 2372.48 2349.36 2335.22 2325.19 2324.37 2319.29 2306.63 2245.31 2161.74 2053.62 2044.96 2035.38
2025.13 2022.79 2021.63 2023.66 2022.30 2023.43 2017.98 1824.65 1663.96 1621.61 1561.69 1530.20 1569.60 1389.48 1125.41 861.95 1200.47 1484.90 1686.38 1700.40 1722.81 1756.29 1770.28 1794.34
1828.77 1855.64 1890.20 1929.41 1801.28 1638.42 1401.76 1451.86 1526.46 1411.79 1377.70 1491.10 1618.68 1617.21 1776.25 1953.07 1965.49 1986.63 2040.28 2047.14 2044.84 2035.10 2034.20 2032.69
2032.20 2032.97 2032.12 2033.05 1995.76 1959.17 1914.00 1833.53 1755.01 1676.59 1710.09 1752.95 1814.65 1764.27 1721.30 1678.93 1760.77 1858.06 1972.44 1949.65 1918.14 1882.30 1907.49 1933.37
1959.60 1964.00 1970.92 1976.94 1940.14 1900.31 1846.53 1956.66 2046.62 2110.52 2110.31 2128.53 2155.26 2165.16 2182.25 2200.77 2214.22 2230.63 2250.03 2273.31 2285.73 2293.18 2299.80 2305.86
2313.44 2315.65 2319.26 2325.14 2306.41 2287.45 2259.86 2301.17 2333.30 2350.67 2328.94 2309.94 2292.09 2287.46 2285.33 2288.30 2306.98 2327.79 2351.51 2351.27 2339.25 2317.62 2382.77 2448.55
2514.14 2431.77 2338.83 2230.64 2207.30 2193.40 2185.89 2211.62 2237.51 2257.88 2265.27 2273.74 2285.97 2232.79 2188.79 2164.12 2141.78 2118.73 2098.12 2038.98 1964.19 1873.26 1906.45 1947.10
1994.98 1993.60 1999.73 2013.76 2010.48 2017.06 2024.17 2020.88 1989.46 1953.54 1941.61 1946.67 1964.14 1863.51 1770.64 1684.33 1594.37 1490.69 1371.61 1088.77 1167.65 1489.83 1360.75 1193.39
1105.37 1088.84 1087.66 1109.01 1227.69 1054.79 1244.08 1414.10 1522.78 1596.30 1554.26 1518.22 1481.58 1398.61 1342.37 1318.59 1257.63 1335.72 1493.08 1648.12 1780.84 1898.61 1908.38 1917.36
1925.30 2019.47 2125.00 2228.14 2224.54 2224.68 2224.61 2215.47 2205.33 2181.14 2172.78 2165.35 2157.46 2136.97 2123.99 2111.74 2081.40 2048.50 2015.08 2055.39 2065.39 2058.08 1976.56 1808.59
1586.76 1604.57 1636.56 1677.76 1752.44 1821.77 1877.20 1957.55 2021.04 2066.16 2060.08 2059.43 2060.25 2058.33 2066.42 2079.35 2089.53 2102.40 2120.37 2119.85 2098.33 2068.56 2125.45 2182.87
2240.89 2249.55 2259.69 2271.28 2266.39 2261.90 2248.21 2250.24 2247.43 2232.18 2227.58 2222.48 2217.07 2207.62 2206.81 2210.10 2220.79 2235.21 2254.11 2248.83 2227.09 2192.35 2213.29 2237.33
2264.27 2258.22 2253.87 2250.37 2230.35 2211.00 2183.30 2219.67 2247.26 2264.09 2269.25 2275.76 2285.56 2249.48 2222.03 2206.78 2220.61 2239.10 2263.47 2247.88 2222.72 2189.89 2195.45 2200.72
2208.46 2244.58 2282.48 2321.80 2318.11 2314.89 2304.18 2357.82 2405.37 2439.36 2393.58 2347.99 2292.43 2249.88 2195.11 2141.21 2192.76 2249.79 2302.83 2262.74 2192.72 2094.08 2024.95 1950.63
1812.07 1815.54 1878.95 1982.55 1897.73 1799.45 1686.38 1812.89 1926.95 2015.12 1989.94 1969.93 1954.48 1985.34 2024.34 2065.35 2076.15 2089.62 2106.01 2054.53 1983.44 1891.43 1886.59 1882.64
1882.48 1872.54 1864.61 1858.85 1851.58 1847.15 1838.13 1841.24 1840.94 1834.17 1831.31 1842.77 1861.47 1926.77 1992.50 2055.12 2061.05 2068.31 2079.83 2067.76 2042.30 2003.54 1981.43 1958.52
1934.30 1926.20 1916.83 1908.18 1876.83 1844.18 1800.04 1886.65 1953.01 1998.30 2042.64 2083.53 2119.93 2101.16 2100.45 2112.27 2105.85 2103.07 2105.50 2063.88 2006.60 1929.34 1920.26 1917.83
1923.04 1890.64 1859.78 1830.66 1791.75 1752.04 1700.98 1727.22 1753.27 1769.45 1804.36 1836.67 1868.45 1816.74 1786.61 1778.40 1867.48 1955.71 2045.77 2029.09 2000.87 1956.84 1952.45 1942.35
1932.97 1924.77 1916.62 1909.16 1875.81 1847.28 1817.49 1866.34 1910.02 1940.99 1908.15 1880.88 1856.51 1792.35 1769.37 1786.89 1784.23 1782.74 1788.22 1817.93 1838.84 1853.50 1868.69 1885.58
1904.03 1876.66 1850.73 1832.58 1748.74 1650.79 1521.94 1544.10 1588.10 1629.87 1492.24 1344.35 1191.86 815.44 943.54 847.55 1270.95 1520.11 1708.31 1817.22 1885.36 1882.31 1859.89 1859.40
1887.93 1839.88 1803.29 1791.92 1701.69 1605.88 1507.33 1493.19 1476.17 1453.46 1521.65 1552.51 1469.80 1545.77 1658.11 1783.32 1874.12 1962.35 2045.82 2001.45 1927.67 1833.40 1797.87 1772.78
1762.34 1746.72 1731.57 1720.59 1741.01 1762.77 1781.32 1776.75 1825.32 1889.65 1863.06 1841.42 1820.03 1806.19 1822.83 1853.93 1947.44 2018.93 2090.98 2072.84 2019.56 1942.57 1949.18 1965.21
1987.72 1958.22 1928.51 1904.86 1878.65 1860.30 1844.39 1852.89 1877.81 1902.44 1879.73 1859.67 1843.22 1907.19 1982.82 2061.82 2116.36 2173.59 2232.39 2217.52 2198.75 2179.35 2115.23 2042.47
1960.35 1934.76 1914.05 1899.91 1886.81 1873.90 1853.07 1921.89 1981.29 2023.69 2021.00 2020.05 2024.86 2063.14 2107.02 2164.90 2223.71 2282.50 2339.86 2258.30 2148.79 2004.32 1988.46 1973.09
1956.60 1933.10 1910.46 1892.36 1923.52 1954.73 1974.59 2010.71 2050.89 2080.86 2071.84 2065.39 2066.13 2090.96 2119.00 2148.15 2151.28 2159.01 2170.44 2125.39 2053.76 1956.05 1962.72 1970.14
1982.01 2018.87 2056.70 2095.26 2078.02 2060.91 2033.18 2036.41 2040.14 2033.09 2075.61 2114.66 2150.93 2089.46 2032.52 1977.70 1979.09 1994.71 2026.50 2011.54 1983.42 1948.18 1943.85 1948.80
1964.95 1947.27 1930.35 1917.97 1839.25 1750.46 1638.28 1679.68 1743.82 1795.34 1756.15 1740.30 1734.95 1741.43 1756.59 1777.69 1767.83 1711.08 1657.94 1576.72 1523.61 1586.38 1615.09 1651.04
1691.26 1704.42 1729.55 1764.34 1754.92 1761.94 1776.96 1808.96 1845.13 1873.24 1821.73 1763.29 1712.92 1600.36 1508.80 1460.83 1532.23 1665.22 1816.13 1864.85 1905.36 1940.90 1927.34 1913.54
1900.48 1899.56 1899.44 1899.98 1866.14 1828.88 1782.26 1790.37 1799.47 1800.42 1809.17 1825.14 1846.67 1790.46 1752.31 1752.38 1731.02 1716.23 1711.54 1789.63 1860.77 1913.15 1906.32 1900.10
1893.87 1990.72 2082.17 2168.45 2113.56 2055.69 1984.92 2005.26 2033.83 2058.37 1977.85 1899.13 1818.68 1829.04 1859.97 1901.34 1955.53 2009.14 2052.18 2033.02 1997.37 1941.08 1938.42 1935.93
1933.54 1917.01 1901.98 1892.36 1853.94 1815.42 1765.75 1738.53 1718.88 1693.23 1531.72 1433.67 1397.80 1517.93 1604.79 1668.57 1664.54 1668.42 1682.65 1687.86 1690.42 1634.79 1708.07 1719.13
1701.42 1714.66 1770.90 1792.59 1824.96 1868.53 1868.45 1919.69 1960.83 1988.16 2001.87 2028.94 2063.99 2009.42 1958.06 1906.87 1884.37 1863.12 1844.55 1852.23 1853.42 1850.12 1858.17 1868.76
1903.52 1916.95 1933.84 1947.11 1922.65 1895.93 1861.71 1899.26 1913.54 1910.44 1886.01 1844.80 1805.15 1842.13 1882.37 1922.64 1933.91 1950.03 1969.19 1959.64 1937.30 1900.36 1846.61 1792.68
1741.90 1815.60 1876.15 1915.29 1937.08 1960.47 1974.92 1944.74 1911.17 1873.69 1902.17 1938.62 1972.46 2025.49 2085.01 2149.03 2175.34 2203.77 2234.95 2146.98 2028.66 1871.75 1909.96 1941.60
1967.79 1936.22 1902.01 1868.00 1831.89 1825.23 1844.81 1939.65 2013.83 2067.99 2046.60 2031.50 2038.61 2030.03 2028.69 2023.44 2022.83 2026.84 2035.30 1993.89 1932.71 1851.49 1787.40 1719.27
1657.53 1558.72 1442.45 1315.41 1399.27 1186.94 1628.77 1553.66 1495.86 1447.59 1398.08 1379.12 1382.10 1328.18 1281.92 1241.85 1346.41 1453.81 1560.45 1655.57 1761.54 1870.53 1881.03 1891.75
1906.40 1996.59 2082.71 2166.87 2189.09 2210.87 2209.39 2225.97 2241.08 2244.26 2146.49 2049.59 1949.24 1885.83 1837.57 1806.51 1847.51 1899.51 1961.58 1973.72 1974.79 1964.33 2012.59 2063.41
2115.39 2143.60 2174.72 2210.77 2207.32 2204.25 2195.16 2215.22 2230.24 2233.62 2191.86 2153.05 2108.57 2087.20 2077.60 2076.61 2108.97 2148.40 2194.75 2160.80 2109.02 2039.09 2091.16 2145.55
2203.48 2168.56 2127.90 2087.31 2084.60 2081.95 2073.90 2144.11 2197.65 2227.65 2200.65 2174.47 2131.56 2099.73 2077.26 2059.86 2094.48 2135.65 2182.36 2154.00 2107.46 2040.82 2063.35 2088.24
2117.31 2116.23 2116.48 2119.63 2142.93 2166.34 2183.44 2194.05 2199.79 2192.65 2137.86 2086.36 2029.64 2029.56 2038.52 2052.51 2080.08 2108.96 2141.32 2138.11 2123.71 2100.74 2118.39 2140.34
2168.44 2160.12 2153.36 2147.29 2152.11 2156.22 2154.70 2178.85 2197.21 2201.74 2146.08 2093.02 2041.48 2010.76 1987.58 1968.05 1984.95 2009.52 2044.16 2040.22 2021.23 1988.61 2029.23 2075.63
2127.84 2110.53 2091.27 2071.91 2035.96 1997.87 1950.30 1972.43 1991.33 1998.04 1905.34 1814.41 1708.57 1669.19 1657.88 1667.93 1730.07 1800.88 1880.03 1912.61 1934.89 1948.44 1934.27 1921.88
1912.26 1897.20 1889.53 1891.39 1872.73 1851.52 1823.45 1735.46 1750.77 1807.36 1648.92 1648.38 1779.16 1850.27 1933.72 2021.34 2072.73 2130.57 2194.34 2161.98 2110.85 2042.26 2037.90 2032.82
2030.00 2019.34 2009.07 1996.91 1987.11 1976.97 1960.34 2016.25 2070.35 2112.83 2054.99 2000.67 1951.37 1976.87 2006.39 2036.84 2053.61 2083.91 2129.56 2097.49 2048.44 1972.01 1985.26 1987.41
1993.54 1987.00 1983.74 1985.58 1948.38 1908.73 1860.15 1811.71 1812.06 1840.12 1788.47 1740.36 1690.70 1683.97 1683.24 1684.94 1653.17 1623.01 1597.01 1693.38 1785.20 1875.64 1856.61 1838.47
1821.59 1762.06 1705.82 1662.16 1562.52 1446.38 1322.85 1374.97 1439.19 1482.26 1540.81 1686.92 1825.12 1856.67 1891.65 1927.47 1948.54 1973.78 1992.13 1983.03 1972.11 1969.47 1864.49 1738.45
1582.57 1537.73 1489.81 1434.47 1505.51 1568.73 1606.89 1639.63 1665.89 1677.34 1616.87 1560.33 1513.22 1578.54 1652.71 1725.11 1788.41 1852.05 1915.35 1921.14 1920.93 1916.03 1832.06 1757.31
1714.08 1739.33 1768.28 1800.58 1751.72 1736.74 1760.98 1813.42 1863.73 1887.84 1830.35 1780.28 1734.70 1752.04 1775.47 1800.99 1843.64 1888.97 1939.91 1938.15 1908.76 1864.76 1903.53 1942.74
1980.01 2001.50 2023.22 2045.92 2005.94 1962.02 1913.36 1973.84 2045.31 2108.22 2043.93 1983.20 1922.81 1928.52 1942.22 1971.86 2027.10 2090.17 2161.92 2165.79 2150.17 2125.95 2156.91 2185.43
2217.06 2215.92 2214.74 2212.78 2181.74 2149.36 2111.45 2117.44 2149.87 2187.70 2092.23 2002.92 1925.24 1836.41 1737.70 1639.83 1584.36 1501.45 1438.08 1569.62 1705.36 1821.81 1833.41 1828.93
1827.58 1855.36 1910.42 1982.18 1990.06 1995.31 1997.96 1980.08 1972.34 1963.51 1707.28 1379.52 1024.04 1101.31 827.87 1168.01 1452.69 1688.32 1882.35 1895.99 1893.52 1832.60 1804.56 1776.91
1755.16 1791.30 1825.63 1861.76 1849.06 1838.25 1821.37 1789.90 1775.06 1762.81 1761.68 1765.59 1770.48 1763.45 1766.82 1792.32 1848.32 1906.01 1968.32 1966.19 1922.76 1865.30 1854.84 1845.86
1838.97 1834.99 1834.23 1838.28 1822.83 1807.91 1787.60 1750.75 1738.02 1728.48 1731.19 1712.18 1707.07 1710.58 1732.54 1770.49 1816.39 1864.02 1916.38 1915.04 1885.02 1837.34 1838.77 1837.97
1838.01 1826.96 1818.33 1813.63 1783.43 1751.66 1711.51 1742.75 1776.25 1805.58 1768.55 1722.01 1696.71 1685.90 1690.02 1689.20 1726.38 1766.73 1797.16 1825.06 1842.98 1855.04 1852.39 1851.94
1851.82 1828.08 1808.84 1794.22 1809.49 1828.54 1848.24 1892.68 1924.05 1944.29 1911.24 1881.11 1849.95 1815.99 1785.91 1742.53 1728.73 1742.21 1767.94 1819.62 1857.10 1904.28 1899.12 1892.67
1884.23 1851.36 1822.18 1797.39 1725.15 1640.16 1533.06 1470.83 1405.02 1333.48 1025.70 955.31 1222.25 1102.95 1437.61 1656.94 1772.70 1883.45 1985.82 1934.41 1867.74 1790.20 1713.29 1624.43
1530.39 1550.61 1577.61 1612.27 1591.88 1572.66 1549.26 1365.52 1167.90 1063.03 1109.30 1133.70 1160.28 1414.75 1592.42 1742.54 1821.58 1896.62 1969.55 1928.22 1874.68 1816.51 1797.69 1779.92
1761.20 1754.20 1745.45 1738.46 1747.02 1760.58 1774.53 1685.43 1642.44 1632.12 1495.98 1355.56 1242.70 1197.39 1193.66 1226.87 1407.55 1557.42 1692.30 1703.50 1713.88 1733.23 1751.25 1767.95
1786.05 1796.62 1825.24 1869.28 1900.36 1941.28 1989.97 1990.53 1992.29 1987.47 1887.19 1788.16 1684.74 1662.35 1656.80 1666.99 1696.83 1733.66 1777.65 1806.96 1829.52 1856.96 1857.64 1861.61
1867.90 1917.80 1977.11 2042.56 2038.14 2033.97 2025.83 2052.67 2083.58 2107.53 1981.52 1854.15 1716.51 1659.37 1622.60 1613.41 1711.88 1797.01 1879.96 1889.40 1878.56 1863.23 1872.34 1886.23
1905.17 1929.37 1979.25 2047.67 2060.33 2074.32 2087.99 2139.47 2185.43 2217.21 2119.73 2023.24 1924.75 1803.30 1690.78 1613.71 1680.71 1750.06 1822.74 1837.24 1847.68 1866.64 1865.70 1866.01
1867.62 1901.19 1959.70 2033.75 2045.53 2058.14 2069.22 2101.98 2134.37 2156.31 2061.10 1966.81 1872.37 1760.09 1646.56 1584.57 1602.96 1624.66 1654.16 1721.66 1794.57 1880.10 1876.63 1878.46
1886.90 1898.33 1919.21 1949.69 1939.43 1929.51 1918.68 1960.16 2005.64 2038.01 1932.34 1828.76 1726.82 1662.87 1611.10 1579.89 1660.69 1738.76 1819.98 1849.93 1865.74 1863.74 1903.97 1952.89
2009.03 2003.18 2001.19 2004.50 2001.08 1999.01 1995.17 2031.62 2065.25 2086.76 1989.59 1894.57 1798.89 1735.13 1697.14 1683.88 1739.42 1797.63 1861.95 1878.24 1877.24 1873.11 1911.46 1955.15
2002.09 2019.03 2048.13 2088.38 2020.69 1941.56 1846.23 1813.74 1786.73 1750.86 1422.52 809.82 1035.91 1222.94 1452.41 1630.37 1678.44 1731.57 1792.35 1795.55 1783.23 1773.26 1769.52 1767.94
1767.25 1775.12 1781.31 1786.32 1769.06 1749.22 1725.71 1566.88 1343.98 1107.61 1336.14 1442.00 1521.95 1594.27 1665.90 1730.92 1790.00 1857.95 1927.09 1893.14 1850.19 1812.56 1819.75 1829.16
1841.46 1816.87 1790.84 1762.64 1762.69 1764.05 1762.65 1728.44 1720.51 1717.93 1742.79 1765.66 1794.10 1761.13 1734.29 1718.68 1761.52 1808.75 1864.77 1909.93 1920.05 1889.97 1886.03 1887.32
1893.77 1886.24 1878.02 1870.79 1862.56 1853.76 1844.62 1865.34 1883.94 1886.01 1819.51 1741.11 1663.41 1635.77 1632.28 1655.53 1794.78 1922.34 2044.04 2054.44 2032.68 2004.71 2052.55 2103.87
2156.11 2144.69 2141.58 2149.91 2119.01 2088.36 2056.45 2039.70 2026.21 2003.66 1914.52 1827.87 1742.42 1712.19 1702.15 1698.91 1799.48 1904.71 2013.40 2036.71 2049.89 2060.39 2103.36 2150.98
2204.33 2210.61 2222.80 2244.53 2243.71 2244.51 2244.89 2249.38 2252.00 2245.11 2127.74 2011.38 1893.69 1872.19 1870.70 1889.63 1925.39 1964.53 2008.56 2035.22 2050.89 2065.04 2062.66 2062.64
2066.48 2042.44 2015.41 1987.88 1952.76 1912.20 1866.03 1904.32 1942.35 1966.40 1869.71 1781.69 1703.75 1691.39 1718.70 1765.67 1853.72 1942.05 2033.93 2011.46 1950.31 1875.26 1884.10 1904.10
1934.36 1900.47 1870.06 1846.49 1841.96 1845.60 1856.54 1798.46 1775.31 1767.93 1652.42 1596.65 1605.45 1653.29 1696.16 1744.17 1801.36 1850.88 1904.12 1884.02 1839.34 1777.40 1810.64 1818.78
1828.18 1818.63 1813.33 1816.01 1811.95 1813.19 1815.29 1743.07 1690.67 1648.79 1558.17 1543.50 1602.65 1641.83 1681.99 1728.86 1851.12 1965.56 2074.83 2012.93 1926.97 1825.46 1838.12 1851.85
1867.74 1881.77 1912.31 1958.81 1927.25 1893.28 1858.04 1856.18 1895.21 1909.59 1792.56 1692.55 1620.56 1615.07 1648.48 1710.84 1831.05 1937.53 2040.72 2051.45 2050.01 2048.71 2073.31 2103.86
2141.73 2102.95 2058.20 2015.02 1965.42 1911.14 1849.72 1891.85 1916.50 1907.03 1772.08 1694.17 1694.45 1789.23 1880.40 1978.09 2019.51 2070.07 2130.96 2088.84 2027.96 1957.94 1910.57 1858.30
1801.15 1793.93 1788.16 1785.90 1794.51 1802.46 1809.82 1788.45 1766.29 1725.23 1641.47 1633.97 1700.25 1742.98 1787.73 1841.30 1869.13 1902.19 1944.35 1907.85 1859.25 1809.00 1850.30 1843.11
1834.79 1808.43 1781.28 1755.92 1774.49 1793.38 1811.73 1843.37 1869.20 1879.13 1860.17 1830.48 1803.35 1863.75 1922.41 1986.20 2041.17 2089.36 2144.85 2116.85 2072.92 2022.86 2032.06 2041.28
2052.35 2041.74 2030.28 2019.89 2027.27 2038.43 2050.45 2093.38 2128.05 2145.02 2113.24 2080.72 2047.06 2013.45 1983.94 1957.42 1991.81 2028.91 2072.26 2067.00 2054.44 2049.20 2124.96 2175.62
2234.12 2218.40 2201.87 2183.62 2071.70 1943.72 1804.60 1789.89 1765.56 1720.15 1684.92 1673.82 1652.33 1441.03 1060.52 892.24 1238.54 1476.83 1657.79 1627.48 1619.87 1719.22 1754.16 1791.89
1831.40 1804.16 1769.54 1741.74 1631.76 1518.80 1449.89 1507.04 1550.48 1573.07 1459.74 1361.79 1288.31 1348.16 1419.36 1507.57 1618.42 1717.26 1812.53 1839.43 1858.24 1843.53 1827.57 1816.53
1816.41 1815.56 1817.03 1821.48 1818.07 1817.29 1818.44 1832.83 1849.27 1856.34 1825.61 1804.07 1789.82 1755.62 1761.07 1800.88 1814.54 1833.64 1861.08 1881.56 1872.78 1863.60 1863.60 1864.20
1865.89 1857.80 1850.01 1844.87 1835.50 1831.90 1833.27 1824.06 1823.61 1819.23 1713.34 1604.51 1499.65 1445.03 1461.89 1502.35 1578.44 1657.48 1737.30 1768.98 1789.72 1809.98 1792.21 1773.46
1753.96 1756.41 1757.65 1760.94 1733.34 1706.06 1677.54 1528.13 1349.55 1126.02 1279.74 1390.16 1312.24 1459.28 1596.42 1691.91 1753.22 1814.43 1877.22 1878.48 1865.83 1851.23 1846.99 1847.67
1855.83 1835.68 1823.60 1822.22 1825.90 1829.71 1836.71 1738.92 1656.27 1584.86 1503.88 1402.14 1292.95 1434.35 1556.15 1658.83 1706.51 1765.61 1840.13 1839.64 1824.69 1808.57 1797.19 1785.19
1774.03 1729.15 1690.52 1666.42 1688.49 1730.29 1786.40 1668.09 1544.13 1406.93 1571.64 1689.21 1779.90 1780.99 1789.89 1805.00 1850.67 1899.38 1956.59 1903.97 1823.33 1716.95 1641.70 1574.90
1542.12 1588.04 1633.19 1676.68 1699.09 1730.30 1764.29 1611.14 1440.70 1252.72 1347.32 1415.99 1467.37 1604.73 1722.36 1826.82 1801.96 1780.09 1770.86 1727.40 1667.95 1616.05 1520.58 1430.26
1382.54 1408.71 1466.64 1544.58 1561.46 1614.10 1648.08 1613.53 1586.78 1518.96 1665.25 1773.84 1859.56 1911.20 1971.57 2037.45 1999.41 1956.96 1917.23 1858.36 1769.44 1660.68 1600.90 1572.57
1596.08 1617.61 1639.24 1661.96 1642.21 1632.69 1631.13 1603.36 1573.44 1532.87 1582.58 1642.46 1697.41 1697.04 1699.32 1708.13 1728.99 1754.05 1789.57 1743.43 1671.81 1581.12 1609.98 1654.61
1709.42 1722.23 1735.98 1751.66 1746.15 1744.01 1746.36 1626.98 1467.81 1230.12 1382.77 1545.44 1670.07 1599.09 1551.42 1515.53 1466.58 1426.12 1416.95 1421.42 1473.60 1565.58 1518.59 1492.47
1498.65 1536.84 1585.02 1639.75 1567.77 1453.91 1308.22 1232.69 1309.32 1421.82 1426.70 1432.19 1438.80 1504.08 1570.11 1636.38 1690.07 1758.48 1842.96 1877.24 1905.54 1934.31 1941.52 1946.11
1951.15 1959.23 1973.24 1991.63 1987.19 1980.99 1975.53 1983.49 1987.70 1979.61 2013.51 2039.04 2056.55 2058.33 2075.50 2104.28 2095.48 2086.83 2085.48 2053.59 2005.91 1949.74 1942.66 1937.63
1934.97 1936.40 1937.68 1941.96 1935.88 1934.69 1938.94 1881.93 1835.60 1793.94 1837.72 1872.12 1898.02 1926.40 1969.97 2027.58 2065.51 2104.49 2150.58 2093.26 2015.99 1923.31 1944.20 1970.81
2002.44 2017.89 2035.74 2055.88 2005.26 1950.85 1893.91 1890.92 1887.85 1876.95 1874.34 1876.86 1884.33 1937.48 2000.48 2072.43 2137.17 2201.68 2270.67 2241.98 2206.98 2172.51 2160.45 2162.04
2181.40 2126.53 2065.86 1997.37 1945.87 1893.88 1846.80 1938.62 2031.95 2107.40 2059.41 2012.12 1973.20 1922.21 1884.75 1870.98 1955.31 2046.63 2145.35 2110.59 2069.83 2031.15 2059.43 2092.44
2132.30 2073.01 2005.16 1926.72 1909.30 1894.93 1883.17 1910.14 1937.46 1957.14 1999.38 2034.81 2063.76 2050.45 2043.58 2043.64 2072.97 2109.07 2156.67 2083.61 1988.56 1870.33 1881.18 1893.23
1909.65 1896.16 1882.01 1870.40 1854.23 1837.00 1817.19 1684.70 1554.79 1436.85 1210.57 1177.46 1331.62 1440.93 1542.07 1641.67 1757.15 1868.02 1979.52 1935.49 1875.51 1807.14 1796.68 1789.36
1786.70 1743.59 1717.86 1721.04 1767.73 1826.02 1884.30 1827.99 1770.02 1704.77 1650.66 1573.52 1466.83 1557.15 1642.00 1700.86 1827.75 1944.87 2060.43 2017.04 1959.66 1882.38 1854.47 1823.93
1793.90 1753.25 1718.93 1695.32 1665.79 1635.55 1625.47 1520.61 1408.03 1279.24 1446.90 1615.94 1732.54 1775.57 1810.14 1850.31 1910.30 1969.70 2034.70 1998.29 1940.24 1864.66 1832.95 1797.66
1757.85 1717.63 1684.38 1662.82 1687.36 1732.15 1765.06 1685.65 1618.21 1558.35 1585.52 1714.38 1845.41 1902.68 1962.65 2027.23 2053.70 2081.31 2115.26 2062.70 1979.91 1866.18 1838.46 1809.41
1778.01 1761.88 1743.60 1727.03 1760.04 1801.60 1852.37 1847.32 1844.78 1834.51 1845.39 1853.88 1842.57 1921.50 2001.49 2089.99 2154.38 2218.71 2278.69 2178.53 2052.05 1894.86 1877.62 1860.93
1845.26 1851.63 1858.99 1858.00 1829.73 1800.00 1767.26 1765.33 1769.51 1777.57 1803.40 1829.72 1847.60 1867.57 1890.90 1914.54 1944.00 1963.01 1988.19 1961.75 1916.90 1842.73 1838.20 1834.42
1833.07 1828.33 1824.92 1809.29 1773.58 1722.53 1671.12 1680.22 1678.86 1665.41 1609.74 1556.80 1510.93 1641.61 1770.56 1899.66 1931.74 1998.66 2091.57 2107.50 2097.20 2087.34 2086.72 2106.68
2145.05 2154.04 2162.53 2172.28 2179.71 2190.85 2205.21 2204.40 2198.39 2180.87 2203.81 2222.39 2244.38 2244.44 2253.71 2278.40 2324.13 2370.11 2418.60 2409.50 2396.27 2383.61 2347.63 2307.62
2265.86 2237.99 2207.95 2175.77 2156.49 2139.89 2124.27 2178.37 2219.27 2246.80 2213.48 2181.40 2154.98 2193.49 2241.88 2299.65 2334.72 2370.18 2408.94 2382.56 2349.01 2312.97 2332.37 2354.67
2381.88 2310.51 2232.24 2119.57 2084.30 2047.17 1990.48 2102.09 2193.93 2265.08 2181.37 2097.74 2013.86 1988.39 1973.94 1975.93 2005.62 2035.65 2070.63 2085.40 2099.43 2117.36 2145.79 2178.33
2216.54 2143.62 2059.61 1963.09 1931.95 1899.19 1866.15 1854.69 1839.83 1813.90 1741.84 1672.20 1609.81 1594.58 1620.02 1682.66 1782.08 1879.53 1975.89 1967.34 1958.25 1953.34 1974.78 2006.70
2050.02 2002.76 1950.30 1895.20 1878.48 1860.45 1840.10 1928.88 2006.17 2055.24 2029.82 1994.47 1962.94 1959.12 1968.79 1996.30 2001.25 2009.48 2025.04 2005.43 1983.55 1961.64 2046.52 2128.80
2164.39 2158.23 2152.18 2145.50 2107.85 2059.74 1990.67 2008.97 2033.73 2046.81 1975.31 1904.72 1834.86 1776.55 1746.30 1754.21 1802.43 1853.11 1910.99 1911.99 1909.59 1907.23 1982.70 2061.42
2143.13 2107.46 2068.62 2027.77 1979.57 1925.26 1862.65 1846.75 1832.84 1814.30 1684.01 1548.31 1410.54 1486.57 1580.13 1678.58 1760.90 1846.33 1937.58 1924.68 1907.12 1890.72 1893.97 1904.00
1920.45 1948.46 1978.63 2010.66 1987.25 1962.70 1935.27 1983.75 2007.75 2011.59 2006.00 1999.22 1988.59 2002.31 2023.55 2047.79 2086.47 2127.87 2174.70 2198.99 2220.81 2241.94 2270.90 2300.07
2330.57 2296.38 2259.84 2221.68 2120.29 2003.13 1868.77 1969.48 2040.93 2085.82 2073.40 2064.82 2060.04 2070.09 2094.23 2141.51 2170.56 2199.93 2232.87 2260.51 2286.57 2316.01 2307.10 2296.95
2288.43 2270.23 2249.71 2228.23 2191.83 2153.44 2110.91 2112.36 2109.84 2100.35 2106.40 2102.49 2083.37 2067.48 2066.93 2079.69 2123.63 2168.24 2214.85 2214.82 2211.75 2210.20 2218.22 2229.87
2248.87 2217.05 2181.59 2141.51 2109.39 2075.07 2036.90 2110.50 2161.13 2190.31 2194.69 2190.95 2182.74 2160.11 2142.18 2130.82 2112.44 2091.55 2067.22 2058.37 2054.25 2058.48 2108.17 2162.40
2221.64 2221.24 2223.72 2224.95 2189.12 2143.35 2095.49 2133.26 2161.19 2177.01 2178.14 2178.64 2175.03 2191.68 2210.61 2236.84 2271.33 2304.46 2342.20 2277.92 2198.44 2102.46 2058.50 2009.84
1956.30 1982.29 2013.35 2051.72 2021.06 1991.60 1965.05 2031.16 2077.42 2105.74 2104.26 2105.04 2104.11 2096.46 2094.77 2105.02 2082.01 2057.16 2039.05 1999.78 1949.67 1890.14 1889.10 1886.97
1885.64 1872.92 1872.30 1888.64 1856.24 1826.25 1801.19 1685.56 1554.14 1398.89 1466.75 1520.85 1563.88 1493.01 1557.69 1699.23 1814.35 1926.83 2013.83 2014.22 1983.05 1946.11 1912.55 1881.20
1857.14 1826.98 1784.94 1744.54 1770.85 1806.90 1850.55 1902.41 1940.86 1966.20 1899.19 1883.46 1902.78 1889.81 1878.92 1887.34 1935.47 1982.77 2033.66 1989.06 1936.84 1877.22 1932.85 1985.71
2038.08 2026.40 2004.04 1983.57 1957.68 1932.83 1913.31 1815.23 1703.69 1577.19 1570.49 1589.17 1618.14 1625.93 1649.41 1693.52 1703.59 1717.35 1741.63 1777.93 1812.25 1849.64 1862.66 1875.36
1889.12 1881.29 1877.90 1881.84 1885.33 1889.61 1897.38 1872.96 1865.57 1865.33 1816.24 1775.25 1737.55 1614.95 1496.77 1414.15 1285.39 1080.29 1043.50 1296.85 1412.83 1525.44 1922.27 2242.59
2451.26 2491.29 2531.03 2571.95 2568.03 2564.07 2551.41 2564.93 2567.09 2569.97 2456.90 2348.67 2245.91 2222.27 2202.48 2190.29 2190.29 2194.39 2209.57 2169.81 2122.71 2068.07 2065.01 2064.99
2070.19 2069.72 2069.55 2054.30 2047.00 2037.89 2022.72 2017.83 2000.40 1973.48 1927.21 1875.05 1828.65 1838.05 1810.96 1783.53 1817.01 1848.94 1887.07 1926.53 1975.16 1993.65 2001.80 2010.33
2020.02 2011.63 2003.96 1996.23 1987.83 1987.18 1991.72 1969.11 1972.38 1983.65 2034.98 2116.91 2192.73 2232.04 2269.26 2308.43 2301.32 2293.72 2288.24 2319.52 2350.39 2382.06 2397.97 2416.34
2438.37 2418.48 2397.58 2373.27 2361.63 2350.36 2337.33 2388.81 2428.21 2458.22 2429.86 2402.26 2370.85 2361.18 2354.03 2345.52 2346.70 2349.51 2356.31 2368.92 2350.36 2331.65 2144.19 1888.95
1481.16 1728.47 2320.56 2705.42 2789.82 2875.89 2961.53 2936.37 2904.05 2864.19 2783.45 2696.70 2596.23 2606.73 2619.72 2634.18 2575.65 2509.15 2436.72 2383.73 2302.42 2208.81 2215.07 2223.61
2233.12 2207.54 2186.85 2172.41 2167.47 2152.59 2106.44 2136.83 2127.58 2102.79 1909.21 1711.98 1578.99 1340.93 1245.21 1464.32 1530.84 1685.75 1853.49 1841.76 1841.35 1854.61 1823.09 1790.24
1756.16 1706.47 1650.84 1588.66 1682.20 1773.16 1852.85 1904.08 1978.71 2048.43 2043.08 2039.77 2029.85 1997.93 1978.82 1976.46 1997.14 1995.32 1992.28 2011.64 2032.45 2054.07 2044.99 2019.19
1987.26 1983.80 1977.87 1969.88 1929.09 1886.15 1839.21 1898.91 1945.12 1985.34 2081.00 2140.32 2194.17 2188.80 2187.50 2200.30 2224.63 2255.05 2275.35 2269.03 2261.57 2256.52 2190.41 2117.80
2038.13 1986.18 1931.25 1868.06 1855.63 1848.87 1850.74 1961.76 2045.06 2086.11 2036.08 1985.90 1922.60 1867.17 1817.68 1773.20 1705.29 1640.00 1600.91 1338.20 1125.01 1382.60 1982.43 2332.59
2574.79 2607.89 2639.98 2667.23 2644.70 2613.44 2582.05 2583.24 2577.68 2573.21 2452.79 2330.00 2204.29 2226.34 2251.20 2280.58 2231.60 2163.48 2039.52 2045.25 2050.54 2057.26 1975.88 1900.36
1844.09 1744.76 1597.18 1403.70 1554.67 1619.88 1668.09 1555.71 1527.69 1539.60 1646.92 1743.58 1822.84 1813.45 1806.54 1808.01 1859.05 1911.27 1965.89 1978.24 1991.16 2004.04 2006.62 2009.28
2012.38 1979.14 1948.77 1921.28 1919.29 1939.36 1979.11 1966.69 1931.89 1816.86 1920.76 1982.56 2030.91 2087.59 2141.91 2197.86 2161.47 2112.33 2054.33 2064.39 2073.65 2082.26 2069.55 2057.51
2042.70 2094.90 2141.63 2184.10 2169.82 2161.32 2160.10 2168.41 2182.11 2197.52 2029.49 1953.59 1987.46 1900.43 1838.50 1822.84 1845.63 1879.60 1928.14 1965.29 2004.21 2045.41 2048.64 2052.94
2057.39 2056.65 2028.03 1983.45 1805.33 1603.45 1316.49 1409.64 1506.14 1577.42 1788.55 1996.38 2138.40 2172.47 2208.65 2249.78 2199.80 2138.06 2065.10 2135.52 2204.75 2255.14 2341.50 2429.97
2517.75 2328.73 2124.93 1995.82 1916.64 2156.07 2448.80 2416.00 2380.76 2350.93 2323.95 2304.04 2289.16 2160.51 2015.60 1850.02 1845.84 1850.89 1870.55 1787.19 1732.35 1735.34 1510.74 1130.32
1381.29 1246.07 1436.73 1765.62 1781.88 1746.37 1710.10 1560.30 1591.62 1707.45 1558.92 1414.63 1303.03 1238.25 1209.51 1239.45 1128.47 1435.58 1693.79 1796.22 1899.81 2000.29 2059.74 2118.11
2175.01 2171.51 2172.31 2177.21 2174.39 2171.08 2166.74 2157.70 2142.53 2118.20 2264.47 2370.13 2445.45 2448.26 2453.90 2466.18 2383.73 2284.52 2160.93 2182.09 2203.82 2224.75 2246.61 2266.95
2290.37 2277.23 2262.89 2249.84 2230.73 2211.58 2194.90 2161.16 2119.49 2075.93 2032.65 1994.10 1972.50 1497.83 1372.72 1857.83 1931.74 2036.90 2153.48 2206.17 2275.69 2355.78 2302.54 2246.05
2184.49 2144.98 2103.81 2064.06 2208.00 2335.56 2451.75 2520.76 2606.75 2702.22 2655.43 2608.93 2563.80 2609.95 2655.88 2703.35 2700.97 2698.11 2693.78 2697.09 2700.30 2703.24 2634.50 2560.93
2480.19 2456.18 2442.84 2442.49 2447.00 2458.26 2475.36 2464.64 2450.78 2431.48 2370.98 2312.43 2251.22 2123.07 1975.86 1819.53 1650.31 1485.53 1440.88 1672.41 1868.01 2029.91 2046.12 2062.48
2079.12 2091.92 2107.06 2122.55 2129.43 2139.47 2151.46 2171.38 2181.50 2184.25 2212.81 2233.17 2247.82 2215.90 2190.75 2176.08 2174.82 2168.34 2154.99 2148.92 2141.96 2135.27 2123.18 2111.60
2101.33 2076.25 2048.94 2023.90 1943.43 1880.72 1853.25 1732.14 1580.64 1394.26 1704.46 1921.64 2075.05 2118.42 2162.09 2208.71 2127.57 2034.41 1929.38 1859.46 1822.69 1840.66 1890.80 2043.79
2217.17 2260.98 2289.64 2272.44 2296.65 2329.93 2371.04 2361.52 2338.73 2308.57 2198.39 2105.88 2045.30 1996.02 1954.35 1923.52 1940.77 1980.68 2038.75 2184.85 2275.21 2364.17 2433.49 2508.18
2587.90 2593.92 2604.46 2619.48 2635.78 2622.27 2610.19 2632.51 2652.22 2670.55 2676.46 2684.41 2694.21 2697.81 2702.17 2709.02 2712.87 2716.62 2719.14 2815.15 2905.26 2991.07 3012.38 3033.93
3057.72 2979.53 2894.70 2802.25 2688.66 2555.63 2398.82 2474.04 2528.42 2546.73 2426.21 2302.21 2173.82 2192.27 2223.63 2267.76 2160.01 2032.73 1882.36 1518.11 1317.51 1791.41 1857.49 1919.96
1978.54 1976.82 1987.50 2014.54 2100.07 2177.33 2247.75 2257.62 2256.82 2221.56 2266.32 2280.47 2291.79 2298.92 2311.10 2326.70 2300.20 2270.67 2231.13 2062.96 1853.32 1575.16 1540.83 1664.53
1916.74 1955.79 2023.81 2107.31 2144.57 2187.03 2235.74 2259.44 2274.94 2284.40 2202.34 2145.41 2116.68 2094.97 2072.41 2043.91 2002.83 1956.88 1882.93 1742.56 1561.14 1337.99 1400.89 1470.21
1541.97 1257.65 1293.38 1577.24 1708.82 1852.53 1983.94 1937.66 1886.90 1832.28 2077.11 2248.85 2378.66 2405.28 2435.00 2465.43 2407.02 2337.22 2249.81 2239.87 2228.88 2218.22 2199.55 2181.00
2162.47 2165.25 2166.44 2169.26 2153.17 2136.28 2118.80 2133.91 2140.52 2143.19 2258.27 2345.87 2412.65 2385.32 2362.51 2343.96 2274.14 2191.19 2083.77 1999.88 1922.57 1869.62 1776.94 1736.52
1776.58 1778.47 1787.61 1803.40 1799.86 1803.99 1816.05 1835.18 1838.73 1813.10 1875.66 1949.80 2027.15 1958.70 1893.42 1830.34 1866.64 1905.99 1944.36 1959.82 1961.79 1953.59 1877.70 1871.68
1941.29 1952.95 1979.74 2018.00 2025.29 2033.26 2043.86 2033.55 2020.75 2004.87 2138.17 2212.47 2260.01 2266.12 2276.37 2292.53 2222.96 2140.56 2038.31 2058.25 2077.52 2098.07 2101.06 2112.87
2134.80 2075.17 2009.44 1935.87 1827.25 1712.30 1620.25 1334.13 1838.05 2155.93 2348.29 2518.21 2677.98 2688.15 2701.10 2717.75 2708.11 2697.76 2685.53 2695.76 2705.05 2714.90 2691.79 2670.88
2651.45 2609.61 2567.96 2528.79 2505.73 2481.81 2457.24 2499.93 2535.17 2571.05 2478.24 2385.00 2285.83 2237.91 2193.87 2152.57 2054.60 1946.69 1841.22 1860.50 1856.37 1877.89 1747.66 1585.45
1356.55 1201.47 1347.50 1551.97 1694.99 1852.39 1993.94 1940.78 1877.75 1809.17 1883.45 1950.66 1994.57 2005.45 2034.58 2077.93 2093.58 2127.91 2175.56 2182.25 2180.96 2180.37 2175.24 2168.99
2162.59 2157.28 2150.96 2145.22 2134.95 2127.06 2120.78 2099.11 2068.47 2034.92 2124.38 2193.93 2247.79 2295.38 2346.40 2400.63 2349.36 2289.93 2214.79 2266.21 2316.57 2365.40 2384.92 2405.44
2426.84 2402.45 2375.86 2348.43 2278.18 2204.93 2128.01 2051.00 1990.16 1957.81 1666.36 2134.48 2476.33 2707.44 2933.69 3155.94 3166.98 3175.87 3182.15 3185.00 3187.75 3190.87 3183.89 3177.01
3171.28 3133.01 3093.00 3054.22 3002.56 2947.33 2888.69 2893.72 2890.18 2886.50 2803.75 2721.54 2624.26 2574.90 2513.53 2452.23 2389.23 2318.45 2226.22 2190.34 2154.39 2120.99 1991.55 1838.19
1663.15 1494.59 1728.81 1973.22 2060.73 2147.14 2229.79 2238.77 2225.13 2219.33 2298.40 2392.84 2461.99 2463.14 2469.84 2480.67 2453.20 2433.02 2416.19 2383.90 2363.46 2360.21 2330.26 2299.98
2269.03 2182.48 2088.92 1984.18 1926.02 1861.82 1791.47 1210.34 1744.58 2072.18 2150.66 2254.78 2353.55 2305.21 2259.79 2217.10 2221.13 2229.07 2235.08 2234.64 2239.62 2251.38 2256.21 2261.76
2267.04 2240.09 2210.72 2179.93 2145.51 2109.58 2068.17 2031.91 1976.10 1914.41 1941.57 1962.80 1980.14 1929.88 1902.82 1905.24 1878.31 1869.86 1851.50 1719.21 1553.57 1352.15 1338.60 1346.15
1376.69 1427.47 1344.60 1236.72 1471.69 1647.13 1788.19 1827.05 1822.20 1829.64 1895.56 1965.73 2028.72 2048.63 2078.41 2115.34 2169.72 2224.82 2271.20 2271.48 2269.33 2266.12 2235.97 2204.04
2169.29 2130.57 2090.99 2051.33 2082.97 2115.09 2145.32 2100.39 2044.21 1982.05 1832.97 1847.53 1958.27 1851.20 1775.87 1757.12 1842.35 1960.88 2085.04 2012.42 1963.33 1958.46 1925.00 1889.29
1853.24 1849.37 1895.78 1975.42 1845.81 1687.38 1485.15 1547.14 1596.44 1635.39 1740.21 1810.28 1881.79 1882.19 1888.92 1901.26 1943.75 1997.45 2020.41 2056.44 2079.94 2114.81 2109.59 2077.03
2043.47 1997.10 1953.60 1915.73 1947.20 1978.41 2008.84 1857.16 1667.88 1410.52 1481.25 1595.57 1691.24 1845.03 1971.13 2080.26 2114.45 2148.83 2176.06 2179.57 2186.34 2196.82 2178.03 2167.08
2165.95 2156.16 2148.77 2141.71 2149.62 2162.40 2175.77 2210.68 2234.88 2253.18 2356.41 2439.93 2505.42 2524.09 2544.81 2567.50 2535.72 2501.03 2459.57 2465.22 2469.07 2471.78 2491.66 2510.91
2532.18 2508.79 2485.57 2461.16 2406.69 2352.14 2298.94 2308.01 2309.76 2308.14 2273.70 2242.76 2215.65 2181.50 2153.84 2132.86 2086.47 2045.20 2015.58 2005.15 2007.79 2026.53 2043.43 2061.36
2079.10 1934.51 1788.58 1712.36 1598.12 1331.52 1682.87 2112.24 2412.16 2606.06 2554.36 2503.15 2447.25 2427.42 2415.12 2409.13 2338.56 2262.00 2151.35 2143.74 2118.33 2086.94 2104.42 2119.91
2136.14 2076.13 2011.81 1943.03 1823.54 1780.41 1859.08 1909.04 2101.19 2281.67 2254.89 2232.08 2211.07 2145.46 2098.21 2072.26 1945.72 1813.46 1714.26 1564.06 1523.51 1503.36 1340.76 1509.72
1805.61 1967.70 2065.88 2150.95 2131.34 2111.16 2092.53 2017.25 1929.65 1828.80 1879.32 1916.81 1943.58 2011.93 2078.10 2139.51 2153.41 2175.13 2197.16 2193.86 2189.73 2186.84 2184.27 2180.76
2179.27 2259.89 2340.16 2416.96 2415.15 2410.95 2407.74 2397.07 2379.19 2351.59 2280.70 2195.35 2119.60 2103.24 2092.52 2084.79 2066.68 2051.01 2025.51 2037.99 2059.29 2087.10 2090.99 2103.22
2123.41 2169.56 2221.25 2275.12 2286.24 2298.25 2307.72 2320.19 2327.37 2327.18 2321.17 2272.77 2225.93 2221.38 2219.67 2214.94 2171.43 2119.96 2055.34 2007.77 1991.56 2019.55 2065.36 2294.79
2464.69 2519.56 2582.77 2653.82 2613.96 2576.61 2547.11 2529.52 2497.67 2461.65 2414.50 2374.65 2345.67 2324.83 2309.59 2302.71 2300.99 2303.78 2307.75 2287.62 2268.79 2250.92 2253.62 2259.92
2270.86 2315.07 2365.99 2422.77 2362.98 2277.43 2192.31 2218.68 2248.25 2278.47 2256.67 2297.36 2376.96 2344.32 2279.02 2195.24 2180.26 2177.28 2180.12 2162.98 2182.51 2237.51 2158.18 2073.92
1985.96 2066.86 2150.28 2187.10 2112.74 2031.20 1933.31 1877.45 1870.53 1912.76 1855.81 1832.79 1841.57 1968.17 2091.19 2209.71 2251.69 2298.57 2344.76 2391.71 2444.72 2501.25 2501.43 2510.36
2528.87 2496.98 2464.55 2430.83 2418.85 2393.00 2367.33 2317.26 2267.55 2222.38 2233.50 2297.60 2358.99 2403.88 2451.97 2504.15 2423.88 2320.41 2157.67 2222.09 2292.35 2368.30 2376.49 2382.30
2367.95 2335.02 2307.72 2292.31 2288.98 2293.12 2305.64 2352.44 2393.50 2423.15 2482.59 2540.33 2595.29 2584.62 2580.93 2582.51 2504.91 2411.61 2287.66 2282.22 2272.78 2245.00 2238.94 2231.56
2225.79 2219.25 2212.79 2207.11 2220.13 2234.66 2248.37 2241.61 2231.50 2193.62 2110.29 2033.80 1970.10 1897.06 1826.21 1755.20 1637.54 1616.64 1499.42 1388.99 1588.84 1802.00 1898.34 1987.73
2070.30 2085.55 2102.50 2121.41 2165.71 2209.89 2251.25 2201.32 2140.37 2073.22 2122.22 2167.73 2207.76 2065.18 1983.55 1998.18 1895.07 1801.32 1765.71 1864.96 1976.80 2090.38 2092.76 2095.80
2099.62 2115.20 2130.07 2146.85 2040.32 1935.63 1850.12 1789.36 1719.51 1633.19 1527.40 1434.22 1372.52 1293.93 1444.35 1617.87 1467.20 1231.40 1151.56 1328.86 1516.96 1669.87 1776.83 1907.59
2036.28 1978.21 1922.73 1879.25 1935.61 2003.54 2074.21 2131.26 2176.26 2204.43 2334.15 2432.54 2507.92 2468.11 2440.55 2424.13 2378.60 2310.26 2202.50 2228.87 2256.40 2286.04 2305.00 2317.31
2328.31 2220.96 2126.46 2087.55 2120.79 2292.48 2490.09 2555.95 2627.49 2696.64 2638.29 2583.92 2534.36 2540.45 2552.48 2568.82 2517.20 2457.87 2380.84 2355.94 2329.00 2283.33 2240.62 2194.35
2141.26 2135.45 2128.45 2120.98 2132.17 2142.14 2153.63 2084.55 2005.18 1903.86 1734.47 1536.80 1278.77 1152.93 1540.66 1772.05 1814.50 1857.79 1893.11 1962.50 2033.66 2105.72 2132.88 2162.59
2193.38 2189.38 2185.96 2183.43 2276.53 2366.95 2452.93 2454.80 2451.16 2440.30 2509.46 2534.38 2548.13 2554.36 2563.81 2574.16 2526.66 2472.93 2397.00 2402.24 2408.98 2416.13 2396.20 2377.10
2360.59 2360.82 2365.51 2375.35 2340.45 2304.56 2265.55 2276.97 2280.24 2274.63 2187.58 2117.38 2067.08 2005.04 2087.50 2246.27 2261.58 2318.15 2407.62 2513.84 2616.44 2701.82 2780.81 2858.75
2935.73 2878.11 2814.68 2744.38 2749.42 2754.30 2759.89 2693.14 2619.46 2543.10 2515.45 2488.66 2459.24 2391.93 2314.79 2255.99 2162.47 2059.06 1946.81 1965.75 1983.09 2002.34 1917.64 1818.86
1705.14 1824.95 1937.36 2032.86 1913.57 1781.06 1645.51 1695.58 1752.05 1771.54 1758.56 1872.79 2003.58 2010.66 2026.21 2047.77 2083.80 2124.06 2156.92 2186.79 2215.14 2242.84 2194.93 2147.29
2101.36 2139.70 2182.71 2231.63 2146.19 2051.73 1946.85 2003.71 2051.69 2087.61 2129.80 2180.36 2230.90 2220.23 2218.13 2223.17 2219.19 2214.46 2203.68 2197.97 2191.55 2185.13 2149.39 2116.40
2089.04 2119.50 2147.56 2177.83 2154.97 2146.38 2152.64 2096.56 2033.78 1959.60 1821.14 1857.50 1983.02 1908.50 1837.01 1770.09 1685.26 1693.86 1808.50 1780.68 1752.99 1727.65 1618.34 1478.48
1293.80 1411.00 1515.36 1604.04 1585.58 1593.14 1625.55 1464.19 1183.79 1177.27 1210.02 1161.98 1207.97 1526.85 1735.78 1895.31 1894.31 1928.89 1988.61 2007.66 2041.54 2088.37 2111.46 2144.64
2186.18 2163.97 2150.17 2146.09 2141.10 2138.55 2135.90 2020.26 1994.55 2054.82 2064.85 2069.16 2067.42 1954.20 1847.56 1753.93 1517.22 1066.17 1715.83 1874.19 2017.88 2150.44 2197.76 2246.09
2295.06 2278.88 2264.57 2251.25 2290.78 2339.87 2395.10 2458.07 2509.96 2551.84 2589.21 2625.84 2662.35 2688.65 2718.23 2751.41 2748.58 2745.10 2733.69 2758.25 2784.45 2784.76 2802.29 2819.59
2821.02 2827.44 2833.94 2835.39 2809.61 2775.20 2740.30 2753.92 2762.07 2764.09 2720.79 2679.04 2640.83 2611.09 2588.47 2572.41 2480.07 2369.51 2234.64 2153.14 2095.92 2082.80 1988.42 1963.62
2029.92 2039.85 2052.30 2066.64 2095.36 2148.11 2215.51 2127.52 2025.46 1904.77 1901.76 1915.84 1941.04 1898.91 1874.58 1868.63 1702.21 1487.08 1418.98 1541.02 1647.74 1742.75 1851.29 1951.14
2042.30 2027.92 2010.57 1993.86 2082.58 2163.41 2235.79 2157.65 2068.06 1962.72 2028.02 2088.67 2140.76 2216.15 2289.62 2359.51 2312.11 2280.63 2273.69 2293.93 2314.87 2335.01 2297.58 2257.25
2212.30 2156.38 2097.35 2028.89 2047.03 2071.35 2096.90 2025.21 1946.20 1858.83 1937.47 2006.02 2067.81 2026.57 2000.70 1991.72 1992.56 2009.12 2035.67 2032.70 2088.04 2183.88 2174.00 2159.80
2144.44 2106.78 2021.84 1903.41 1808.66 1727.56 1692.49 1713.60 1756.34 1806.83 1358.05 1499.36 1750.92 1860.21 1950.25 2046.56 2051.44 2008.95 1951.78 1911.44 1868.62 1824.88 1756.61 1759.63
1820.78 1749.23 1762.01 1856.23 1872.81 1857.37 1851.35 1783.71 1728.24 1670.22 1539.53 1399.28 1263.44 1191.73 1164.27 1201.48 1228.61 1427.78 1599.70 1354.41 1176.07 1181.37 1285.78 1544.32
1730.60 1626.74 1508.41 1391.82 1215.19 1470.59 1688.55 1609.17 1574.37 1593.89 1573.60 1648.87 1740.83 1782.11 1863.10 1955.53 1899.00 1900.41 1971.78 1996.64 2029.63 2069.75 2035.46 1999.89
1963.02 1987.93 2013.70 2044.06 2010.67 1991.92 1992.35 1967.11 1937.16 1896.96 1980.91 2042.85 2089.20 2102.55 2119.03 2138.39 2175.16 2214.19 2246.41 2258.06 2269.74 2281.80 2261.12 2245.24
2234.98 2229.03 2227.09 2231.15 2216.54 2201.97 2188.11 2167.94 2148.02 2122.90 2125.70 2147.02 2171.10 2153.89 2148.40 2155.55 2156.17 2160.37 2169.63 2170.88 2162.93 2162.37 2152.85 2142.18
2132.00 2127.70 2123.93 2120.68 2094.37 2065.66 2037.51 2031.40 2018.63 1994.99 2022.22 2045.29 2062.82 1938.25 1815.45 1711.41 1637.50 1581.00 1563.17 1736.71 1881.75 2006.90 1957.51 1905.98
1849.66 1873.03 1897.85 1908.19 1905.58 1906.39 1912.08 1896.02 1849.50 1801.39 1857.88 1922.22 1979.58 2007.12 2043.91 2085.83 2081.44 2091.41 2109.96 2124.39 2138.65 2152.53 2163.23 2184.42
2216.88 2246.62 2275.42 2304.40 2327.48 2353.51 2378.70 2396.22 2411.35 2421.62 2478.11 2529.13 2578.18 2582.83 2597.80 2641.74 2520.81 2389.99 2255.37 2217.97 2185.04 2160.97 2168.22 2174.97
2184.97 2083.05 1963.61 1817.26 1862.94 1919.39 1976.64 1769.39 1568.22 1609.27 1854.09 2043.56 2177.72 2291.17 2397.62 2494.28 2416.63 2324.08 2205.48 2206.51 2214.50 2236.05 2192.73 2165.12
2166.81 2202.72 2237.35 2272.27 2231.64 2198.35 2177.62 2148.46 2144.59 2155.40 2187.53 2214.31 2238.31 2268.37 2290.55 2315.72 2256.89 2190.25 2085.24 2049.81 2011.42 1972.89 1990.13 2010.22
2033.70 2024.33 2016.98 2013.38 2013.19 2015.14 2020.36 1946.53 1875.63 1812.51 1845.01 1871.42 1869.46 1745.84 1666.03 1669.46 1773.39 1894.28 1995.08 2003.80 2068.79 2169.80 2197.94 2233.93
