1416.47 1283.55 1470.53 1682.42 1906.16 2089.16 2244.01 2234.86 2228.61 2220.47 2413.30 2561.48 2683.72 2669.13 2656.36 2647.55 2624.34 2598.86 2565.72 2559.05 2554.83 2553.27 2569.45 2585.94
2602.41 2591.01 2581.44 2573.90 2539.93 2513.65 2500.72 2482.59 2464.33 2447.20 2350.66 2252.87 2161.47 2268.04 2366.13 2455.43 2496.04 2541.23 2590.50 2474.54 2345.16 2204.57 2159.68 2112.49
2061.75 2014.35 1966.60 1917.03 1939.13 2036.90 2169.20 2229.77 2285.42 2333.04 2375.97 2419.90 2454.11 2406.27 2364.66 2330.79 2261.11 2208.38 2184.52 2171.89 2179.37 2210.46 2144.66 2089.88
2056.11 2109.28 2202.65 2311.54 2304.63 2303.93 2309.27 2268.37 2246.34 2238.33 2194.64 2169.94 2160.49 2056.90 1957.25 1869.69 1821.47 1828.20 1896.56 1994.29 2137.82 2288.82 2260.20 2251.42
2266.87 2274.20 2283.21 2294.33 2277.21 2260.23 2244.69 2192.20 2135.72 2072.42 2046.57 2040.48 2046.33 2081.48 2118.69 2158.71 2175.69 2200.81 2230.87 2231.65 2235.60 2243.82 2249.02 2255.51
2262.81 2246.20 2233.48 2226.19 2217.28 2214.13 2217.77 2231.11 2244.22 2249.84 2306.70 2350.19 2383.68 2397.02 2413.06 2431.79 2402.53 2371.24 2333.79 2406.75 2475.44 2540.90 2540.72 2540.55
2538.23 2461.38 2384.38 2308.44 2217.10 2113.32 1995.45 2058.47 2111.99 2152.45 2156.78 2161.49 2166.99 2119.79 2081.58 2056.03 2060.99 2069.73 2077.40 2071.52 2081.75 2110.16 2099.48 2091.94
2088.96 2074.74 2060.56 2047.92 2060.70 2072.55 2085.28 2012.76 1944.97 1886.31 1766.35 1633.64 1483.79 1438.30 1783.46 2037.50 2087.62 2143.51 2202.05 2245.84 2295.19 2349.75 2378.76 2408.08
2436.83 2485.17 2533.38 2583.19 2596.35 2610.48 2623.73 2634.43 2641.65 2645.13 2622.46 2605.02 2599.64 2567.40 2536.22 2502.08 2419.00 2326.72 2219.69 2160.72 2100.01 2038.29 2031.49 2028.81
2031.37 2035.20 2044.52 2058.67 2005.26 1948.56 1883.33 1895.58 1917.69 1945.44 1926.70 1909.63 1893.02 1860.69 1872.06 1921.43 1910.90 1907.44 1911.55 1898.07 1894.31 1897.35 1908.28 1919.82
1929.48 1928.97 1938.25 1957.61 2016.15 2070.84 2121.78 2143.95 2162.97 2178.34 2255.55 2332.63 2409.00 2375.58 2342.20 2311.51 2353.33 2394.76 2436.20 2374.09 2321.99 2287.71 2200.26 2106.50
2012.74 2019.54 2044.56 2089.11 2099.06 2110.57 2121.35 2072.86 2088.53 2151.38 2270.68 2447.26 2614.76 2554.97 2500.32 2453.26 2368.54 2268.34 2142.24 2184.35 2256.50 2344.31 2357.35 2369.78
2381.97 2362.85 2344.15 2330.16 2367.33 2401.93 2436.19 2484.18 2525.76 2558.27 2513.70 2467.98 2424.81 2390.23 2357.34 2328.75 2280.25 2230.11 2171.88 2177.66 2186.67 2194.11 2233.14 2271.23
2309.09 2275.57 2238.58 2200.96 2237.35 2275.91 2315.97 2323.75 2327.87 2329.13 2244.14 2152.63 2053.93 1947.61 1831.22 1698.66 1690.54 1702.80 1732.99 1584.86 1401.05 1291.19 1283.96 1310.53
1361.15 1486.09 1659.22 1799.45 1754.74 1714.78 1685.41 1638.93 1608.42 1595.58 1642.85 1717.58 1792.83 1880.29 1964.55 2042.00 2008.99 1975.25 1938.01 1949.20 1960.36 1975.84 2010.05 2043.43
2075.99 2041.57 2006.42 1967.91 1927.14 1916.56 1937.85 1908.39 1874.86 1838.76 1718.06 1718.75 1826.02 1831.63 1949.15 2081.32 2043.99 2005.32 1964.91 2112.62 2241.15 2355.94 2340.50 2333.67
2339.40 2257.12 2172.56 2089.85 2120.34 2148.59 2179.26 2263.40 2331.74 2385.25 2319.61 2259.41 2207.71 2154.59 2117.65 2100.35 1911.48 1645.08 1277.63 1352.95 1444.21 1530.61 1634.08 1800.95
1957.48 1927.40 1939.51 1989.98 2044.55 2096.67 2145.79 2196.01 2237.16 2271.31 2374.10 2462.36 2532.31 2581.93 2635.26 2687.46 2663.95 2639.99 2615.36 2584.69 2556.27 2530.59 2492.80 2455.23
2419.74 2390.85 2376.73 2386.59 2364.56 2649.57 2963.78 2987.02 3010.87 3032.18 3035.74 3039.61 3041.87 2988.42 2935.84 2883.06 2842.62 2801.14 2757.66 2707.12 2657.17 2610.28 2539.08 2459.06
2368.86 2421.03 2477.33 2534.72 2462.87 2392.45 2327.50 2320.43 2307.72 2286.45 2209.60 2134.10 2060.26 1993.17 2001.53 2074.36 2003.94 1942.97 1902.94 1914.23 2078.46 2273.93 2284.16 2295.16
2305.83 2297.76 2288.03 2280.17 2282.25 2284.91 2286.89 2292.17 2301.09 2307.37 2396.64 2473.17 2534.75 2557.52 2583.11 2610.36 2596.89 2583.32 2566.60 2615.04 2662.40 2708.87 2691.25 2673.26
2655.28 2637.62 2620.80 2605.15 2627.59 2648.65 2669.20 2648.52 2625.89 2599.68 2649.60 2693.11 2730.68 2685.79 2643.20 2600.03 2452.94 2272.40 2031.88 1975.25 1911.16 1840.82 1706.54 2390.50
2811.09 2881.08 2951.53 3024.42 2971.99 2917.47 2862.38 2845.85 2829.09 2808.82 2826.41 2847.52 2863.54 2748.47 2642.41 2551.56 2458.37 2352.99 2229.08 2152.03 2065.28 1970.42 1766.95 1632.99
1737.31 1858.55 1963.92 2059.77 2062.61 2070.52 2084.97 2047.98 2005.89 1956.68 2014.44 2059.44 2094.56 2173.96 2248.64 2318.35 2276.03 2243.96 2227.98 2214.61 2199.63 2186.10 2141.31 2119.44
2127.08 2169.66 2212.96 2256.85 2245.82 2239.02 2233.39 2134.39 2019.24 1882.75 1881.19 2064.20 2243.91 2259.41 2275.56 2291.64 2281.02 2277.58 2284.21 2328.28 2367.13 2405.52 2296.98 2172.79
2031.37 2025.12 2020.23 2014.48 1944.93 1884.42 1849.03 1857.28 1899.80 1957.43 1865.39 1795.68 1762.97 1871.76 1981.98 2090.61 2169.19 2245.74 2321.01 2294.05 2264.02 2232.75 2070.76 1887.29
1714.25 1630.19 1683.28 1814.21 1621.10 1351.29 1235.56 1496.86 1665.09 1788.14 1720.39 1837.22 1989.87 1983.83 1999.31 2033.32 2030.12 2027.87 2028.58 1729.40 1450.08 1785.37 1965.13 2122.04
2260.86 2260.17 2259.28 2260.19 2258.33 2259.45 2263.04 2303.55 2335.20 2356.40 2395.86 2424.54 2444.28 2368.22 2297.62 2236.20 1992.81 1876.67 2099.36 2413.57 2690.09 2928.66 2981.30 3036.10
3093.66 3053.46 3009.28 2963.16 2928.57 2893.58 2858.20 2813.82 2764.33 2707.34 2654.70 2603.41 2561.56 2495.80 2434.66 2383.75 2314.00 2240.51 2160.94 2121.02 2081.33 2043.02 2048.45 2055.99
2068.38 2090.39 2110.36 2131.60 2121.61 2115.01 2108.69 2116.88 2123.86 2123.13 2109.83 2128.63 2175.58 2186.04 2225.11 2289.29 2272.66 2255.73 2241.33 2146.40 2038.07 1912.12 1890.13 1880.54
1879.59 1886.84 1897.38 1906.40 1896.11 1885.10 1874.52 1864.54 1853.07 1843.69 1979.77 2112.67 2221.03 2223.00 2230.90 2243.04 2157.19 2072.74 2001.23 2036.38 2074.06 2112.63 2038.60 1957.79
1869.24 1915.43 1978.27 2050.89 1959.67 1858.31 1750.32 1764.06 1777.19 1785.51 1863.06 1944.14 2025.13 2009.80 1994.35 1982.46 1973.36 1964.15 1957.46 1973.56 1988.01 2005.52 2041.20 2075.83
2113.02 2070.04 2027.93 1991.24 1974.96 1957.45 1937.34 1913.87 1883.35 1848.34 2002.45 2147.41 2270.24 2251.42 2233.28 2220.22 2215.82 2214.03 2217.95 2184.70 2149.44 2111.37 2169.95 2227.36
2281.50 2218.06 2152.57 2090.10 2142.07 2189.34 2236.20 2160.58 2104.88 2076.13 2092.89 2163.07 2252.77 2231.39 2210.77 2188.75 2171.27 2154.24 2140.69 2208.85 2275.73 2343.56 2341.33 2343.37
2350.64 2317.97 2284.83 2251.74 2186.62 2115.99 2035.87 2020.60 1999.60 1969.62 1978.08 1985.71 2000.09 1990.06 1979.90 1977.46 1932.43 1897.31 1884.66 1975.69 2061.59 2145.24 2143.22 2145.23
2153.16 2106.19 2056.64 2003.23 2010.02 2019.04 2031.17 2044.81 2058.68 2070.13 2148.83 2214.56 2269.29 2298.23 2328.50 2364.33 2352.99 2341.82 2334.07 2361.96 2388.78 2416.97 2378.39 2336.77
2293.90 2282.94 2272.01 2261.50 2246.56 2232.46 2217.21 2226.29 2228.95 2227.77 2278.15 2316.01 2348.30 2356.31 2369.68 2390.07 2386.70 2382.49 2381.83 2423.97 2464.94 2506.90 2496.29 2488.30
2482.25 2406.64 2323.70 2231.28 2208.69 2185.34 2160.65 2077.61 1987.39 1910.02 1773.44 1878.61 2073.42 2134.55 2217.37 2321.52 2441.28 2576.91 2722.55 2697.82 2669.66 2644.06 2665.56 2689.24
2712.24 2771.98 2831.68 2888.71 2883.94 2882.12 2881.86 2889.00 2895.27 2899.96 2847.02 2792.99 2735.73 2746.49 2756.56 2766.78 2724.15 2682.58 2642.12 2617.92 2593.82 2567.85 2580.14 2594.14
2607.15 2574.00 2539.85 2504.72 2456.08 2408.01 2361.91 2410.86 2459.40 2507.06 2478.31 2450.28 2424.90 2415.86 2410.88 2409.55 2377.71 2351.61 2330.96 2249.97 2171.47 2103.85 2099.53 2099.67
2105.60 2129.18 2165.48 2210.74 2120.98 2064.90 2063.89 1859.36 1728.62 1817.02 1622.86 1380.04 1132.55 1617.91 1939.74 2155.62 2126.67 2117.61 2128.86 2075.27 2014.45 1951.56 1904.77 1859.79
1817.06 1861.12 1905.32 1950.55 1990.04 2042.50 2100.66 2156.51 2209.48 2258.18 2284.13 2305.98 2333.44 2328.94 2328.59 2338.19 2203.88 2043.58 1831.63 1990.98 2124.84 2243.28 2247.34 2252.23
2262.17 2156.41 2290.74 2524.10 2616.57 2737.46 2872.28 2807.19 2740.91 2677.67 2658.64 2637.98 2618.55 2537.26 2453.55 2371.09 2284.39 2194.48 2119.62 2172.63 2224.87 2276.73 2204.16 2128.15
2052.36 1968.71 1901.94 1875.25 1787.40 1885.35 2059.96 2055.27 2074.75 2110.33 2147.11 2175.43 2198.00 2234.20 2272.22 2315.30 2327.75 2341.23 2358.54 2432.59 2503.89 2574.12 2556.76 2540.86
2527.24 2492.33 2458.65 2424.94 2459.77 2493.09 2525.06 2519.72 2506.38 2487.41 2587.31 2667.43 2728.89 2656.58 2585.15 2519.95 2479.10 2436.10 2394.94 2387.21 2376.81 2365.31 2368.44 2372.75
2376.95 2306.01 2229.02 2145.38 2156.50 2169.36 2185.16 2174.68 2158.96 2137.18 2169.95 2196.62 2216.48 2218.75 2221.43 2229.02 2157.32 2072.71 1976.69 2006.40 2036.23 2068.44 2081.89 2099.46
2121.21 2103.82 2088.01 2075.31 1635.59 1463.11 2004.79 2143.63 2260.65 2358.49 2277.80 2191.16 2103.82 2045.95 2003.73 1986.40 1911.89 1830.39 1744.81 1748.43 1750.02 1752.31 1794.94 1861.60
1941.93 1878.81 1893.41 1977.26 1989.57 2020.05 2066.51 1914.74 1953.38 2114.06 2283.60 2459.74 2618.20 2628.19 2647.09 2679.23 2618.16 2549.11 2472.43 2473.58 2470.45 2465.94 2481.36 2503.33
2531.71 2570.53 2613.99 2660.30 2663.47 2666.46 2669.20 2726.25 2774.97 2815.78 2751.79 2687.16 2625.66 2605.08 2590.82 2585.65 2571.98 2558.73 2546.28 2525.59 2501.98 2475.09 2492.92 2510.59
2527.60 2546.82 2566.23 2583.73 2583.86 2584.21 2584.74 2582.05 2584.40 2595.15 2577.09 2560.46 2543.38 2487.82 2430.24 2370.47 2334.77 2301.31 2270.89 2297.33 2347.74 2416.93 2214.77 2094.00
2181.05 1882.13 1825.44 2118.25 2227.32 2330.12 2429.19 2354.10 2264.98 2170.85 1974.74 1759.28 1564.93 1477.32 1435.97 1467.04 1659.23 1818.51 1958.16 1942.24 1926.11 1920.28 1905.39 1907.29
1922.15 2033.61 2133.19 2218.53 2151.86 2085.19 2020.26 2032.15 2043.48 2056.81 2139.86 2216.43 2286.02 2330.06 2372.64 2405.60 2375.38 2360.25 2363.85 2265.90 2149.19 2011.64 1991.55 1971.04
1950.58 1924.09 1901.53 1886.81 1956.44 2029.00 2099.68 2060.76 2017.46 1970.96 1830.28 1762.54 1799.66 1902.35 1999.35 2080.41 1939.35 1786.00 1662.24 1805.63 1953.60 2095.23 2095.26 2101.92
2113.95 2145.08 2177.53 2208.53 2168.00 2134.88 2112.57 2088.74 2121.79 2190.96 2254.53 2346.46 2447.04 2437.30 2435.92 2448.56 2403.49 2352.86 2300.17 2294.78 2282.43 2268.97 2281.09 2298.23
2320.67 2245.90 2263.79 2370.67 2465.51 2576.17 2691.96 2597.43 2488.62 2368.88 2360.26 2352.23 2347.25 2280.10 2218.58 2171.19 2201.20 2231.93 2268.27 2263.20 2253.68 2238.46 2210.14 2186.52
2171.78 2209.80 2246.13 2284.43 2263.27 2241.34 2219.25 2189.10 2152.34 2117.85 2109.37 2176.25 2274.90 2291.11 2307.42 2330.01 2359.59 2393.75 2437.44 2360.78 2268.62 2157.07 2091.92 2019.52
1935.81 1817.74 1725.35 1710.73 1673.60 1825.64 2003.31 2011.32 2014.46 2014.57 2042.23 2072.76 2114.55 2161.97 2204.96 2253.41 2265.10 2280.35 2301.15 2276.01 2249.41 2226.28 2172.70 2115.05
2052.33 2037.89 2030.43 2028.07 2008.56 1990.38 1974.52 1877.27 1762.65 1638.10 1413.17 1290.22 1411.22 1279.23 1426.07 1614.06 1599.84 1601.62 1630.59 1758.91 1869.28 1968.37 1940.34 1922.06
1916.55 1857.33 1792.11 1718.47 1669.03 1612.50 1546.58 1431.40 1745.77 1988.17 1932.19 1877.66 1840.56 1885.34 1967.67 2067.02 2105.96 2156.38 2217.92 2175.41 2127.80 2075.65 2043.56 2032.24
2049.24 2064.45 2084.80 2110.30 2036.23 1962.36 1889.11 1937.84 2039.46 2150.46 2176.64 2195.99 2203.78 2294.88 2373.28 2443.56 2408.36 2372.75 2340.53 2321.62 2296.31 2267.64 2278.26 2290.06
2304.05 2223.18 2132.15 2029.75 1921.48 1812.06 1731.33 1709.50 1684.03 1654.64 1660.59 1712.42 1776.36 1835.29 1892.06 1950.93 2034.28 2120.10 2208.32 2187.87 2157.51 2122.80 2157.71 2203.82
2255.55 2147.93 2023.85 1876.61 1797.30 1706.31 1599.44 1145.19 1690.51 1971.33 2295.46 2542.84 2750.43 2796.28 2843.72 2894.23 2930.76 2968.05 3007.47 2966.61 2918.30 2867.85 2875.21 2881.18
2888.52 2884.32 2880.93 2876.84 2890.80 2905.29 2919.89 2933.13 2942.41 2954.15 2903.06 2849.93 2802.53 2774.31 2744.86 2713.42 2653.81 2591.40 2525.14 2417.76 2295.51 2160.75 2176.76 2193.31
2213.17 2263.20 2312.23 2360.81 2358.66 2357.31 2355.11 2464.45 2547.70 2616.79 2614.39 2611.83 2612.02 2566.83 2543.53 2544.22 2528.48 2519.64 2517.41 2453.32 2383.09 2317.44 2319.29 2323.32
2332.69 2313.66 2300.09 2294.15 2273.19 2252.47 2235.53 2123.43 2002.43 1892.24 1840.97 1996.62 2181.39 2276.67 2372.13 2472.47 2424.48 2375.02 2326.91 2312.30 2299.35 2292.72 2229.30 2165.15
2104.63 2124.57 2144.67 2161.86 2107.58 2048.20 1985.46 2100.30 2187.46 2259.44 2281.98 2306.31 2326.74 2341.03 2364.76 2396.68 2363.21 2329.97 2295.58 2301.20 2301.84 2303.72 2353.43 2400.56
2446.81 2433.83 2420.04 2406.89 2400.50 2394.32 2388.70 2383.46 2369.15 2350.04 2333.23 2315.01 2293.89 2298.72 2309.72 2327.66 2318.56 2321.67 2341.26 2382.40 2420.51 2459.73 2464.14 2471.83
2481.18 2500.70 2519.48 2538.34 2490.88 2441.72 2391.70 2352.63 2306.93 2255.53 2130.87 2059.53 2053.28 1961.42 1865.82 1787.72 1699.20 1677.17 1762.57 1766.75 1767.65 1773.27 1750.94 1768.23
1823.44 1841.31 1860.64 1879.19 1984.26 2080.49 2167.67 2156.49 2139.79 2120.20 2078.80 2124.65 2205.86 2203.08 2204.80 2212.84 2209.87 2207.63 2206.66 2154.68 2090.39 2018.68 1947.17 1911.90
1938.49 1975.77 2012.13 2046.90 2003.47 1960.02 1918.59 2041.77 2143.30 2231.48 2223.23 2220.90 2224.33 2239.41 2258.08 2275.35 2314.42 2355.17 2397.84 2351.23 2294.02 2231.35 2226.99 2226.04
2230.40 2175.01 2115.67 2049.89 2020.71 1996.20 1978.09 2019.50 2049.62 2073.67 2134.05 2246.64 2360.25 2442.47 2518.78 2593.97 2581.42 2570.08 2561.83 2576.71 2586.48 2595.68 2634.13 2675.48
2721.00 2761.67 2801.23 2839.91 2805.50 2786.74 2785.00 2561.14 2363.87 2346.60 2168.90 1973.20 1773.68 1967.41 2122.25 2252.95 2214.53 2175.64 2138.07 2151.62 2164.26 2180.79 2199.88 2219.42
2239.20 2228.52 2229.22 2241.13 2066.77 2014.51 2151.17 2283.70 2407.32 2519.34 2560.69 2600.34 2640.54 2604.05 2580.97 2574.61 2546.41 2525.24 2515.63 2459.34 2385.91 2298.50 2307.53 2317.68
2327.13 2330.93 2335.48 2340.00 2477.89 2601.17 2712.66 2753.33 2783.56 2809.75 2757.21 2704.41 2660.12 2633.27 2609.08 2591.63 2542.11 2489.24 2434.59 2358.86 2269.07 2169.00 2233.79 2295.16
2356.81 2403.18 2448.69 2496.52 2527.59 2559.99 2591.28 2568.94 2540.60 2509.85 2404.18 2305.63 2236.30 2164.23 2092.69 2028.25 2002.05 1975.05 1943.30 1901.89 1856.38 1811.35 1854.78 1894.51
1931.73 1987.58 2042.41 2096.62 2084.74 2095.63 2126.39 2122.69 2112.39 2099.75 2101.74 2131.41 2186.22 2132.45 2079.02 2029.73 2064.33 2101.04 2139.40 2102.81 2057.59 2013.30 2025.68 2040.91
2057.87 1993.50 1927.70 1865.46 2008.60 2143.05 2266.51 2172.73 2074.28 1979.56 1961.32 1966.45 1982.31 2014.43 2048.29 2089.53 2118.95 2149.29 2185.49 2154.51 2115.30 2070.14 1901.20 1683.39
1375.53 1520.37 1694.67 1849.93 1899.63 1958.18 2018.95 1967.12 1924.47 1898.01 1928.81 2031.78 2156.05 2143.74 2135.24 2132.57 2099.44 2069.73 2045.24 2004.09 1963.35 1933.06 1933.11 1933.44
1934.02 1906.88 1882.64 1862.72 1780.41 1707.90 1665.49 1565.94 1451.85 1313.81 1405.27 1496.67 1576.51 1706.44 1815.16 1902.06 1949.66 2003.38 2066.71 2066.29 2073.48 2097.62 2071.13 2051.80
2043.33 2035.08 2026.41 2017.54 1942.28 1865.45 1789.50 1720.38 1644.13 1565.15 1277.28 1027.74 1266.85 1273.46 1306.18 1366.65 1404.16 1464.34 1537.31 1715.29 1856.41 1981.15 1956.76 1945.33
1950.68 1938.42 1926.05 1912.14 1864.37 1847.02 1871.48 1716.30 1522.24 1271.94 1584.73 1845.33 2029.57 2077.75 2137.76 2205.91 2261.19 2318.08 2378.32 2374.19 2377.32 2397.29 2401.16 2405.80
2411.09 2314.68 2205.51 2079.46 2069.55 2058.36 2049.11 2092.14 2121.96 2139.98 2211.37 2270.78 2321.99 2357.33 2397.73 2450.78 2489.50 2528.78 2571.06 2571.40 2566.29 2562.15 2496.20 2424.95
2351.51 2268.86 2175.77 2069.39 2046.59 2022.32 1998.01 2056.44 2101.52 2135.96 2139.60 2142.89 2144.62 2131.62 2121.89 2118.74 2143.37 2176.15 2220.20 2261.75 2295.86 2330.82 2298.96 2268.53
2243.85 2187.20 2127.38 2066.16 2043.61 2033.66 2035.74 1902.40 1755.66 1610.51 1437.32 1283.72 1243.77 1616.38 1899.76 2110.99 2192.68 2274.51 2359.84 2394.15 2423.39 2456.03 2471.29 2485.67
2501.31 2504.45 2507.67 2511.36 2463.43 2411.50 2355.59 2331.17 2307.06 2286.23 2254.63 2231.59 2216.43 2187.79 2162.13 2142.02 2132.22 2125.38 2125.70 2145.78 2160.26 2173.93 2162.80 2164.89
2181.75 2179.10 2176.13 2172.56 2178.31 2185.95 2194.11 2173.00 2145.85 2113.13 2120.08 2132.61 2150.24 2172.80 2198.47 2228.03 2253.77 2284.88 2324.36 2349.33 2371.48 2399.45 2391.96 2384.52
2378.52 2290.21 2189.50 2072.11 2077.67 2083.00 2089.84 2103.91 2107.93 2105.80 2205.68 2284.42 2350.10 2380.84 2414.34 2451.04 2472.56 2496.02 2522.72 2451.85 2361.83 2263.21 2269.87 2287.64
2315.25 2276.22 2238.80 2203.93 2228.63 2253.74 2276.36 2248.96 2228.50 2213.95 2310.56 2406.10 2494.70 2520.13 2547.63 2581.83 2581.69 2582.50 2587.16 2573.62 2550.33 2524.10 2502.11 2480.66
2460.35 2431.79 2403.73 2376.41 2295.93 2207.86 2108.84 2023.98 1955.13 1905.18 1753.55 2151.32 2460.90 2612.92 2764.28 2911.33 2901.61 2892.66 2886.06 2893.66 2893.90 2893.71 2882.47 2873.45
2865.78 2858.36 2852.41 2848.99 2859.57 2870.60 2883.00 2894.24 2903.00 2910.76 2810.66 2707.07 2600.96 2592.06 2586.56 2584.10 2567.55 2557.84 2558.91 2483.41 2387.86 2275.72 2256.32 2243.42
2238.66 2196.87 2154.89 2108.27 2080.45 2056.13 2033.98 2061.74 2087.12 2109.00 2096.61 2083.46 2040.42 1996.84 1968.49 1946.13 1977.05 2012.50 2050.76 2100.24 2162.86 2242.88 2257.50 2276.03
2297.37 2264.56 2229.16 2193.17 2071.70 1933.60 1771.60 1458.45 1321.68 1568.58 1586.73 1688.33 1795.91 1894.19 2011.83 2128.18 2170.90 2215.10 2262.58 2267.99 2270.37 2275.94 2242.95 2216.23
2197.96 2127.64 2059.48 1995.59 1973.82 1955.02 1942.02 2005.73 2061.60 2105.24 2139.44 2233.09 2355.55 2461.38 2560.84 2648.57 2692.20 2737.47 2784.37 2764.42 2737.04 2706.79 2655.79 2601.80
2546.07 2482.21 2416.63 2351.20 2301.03 2248.75 2197.59 2177.95 2167.57 2159.38 2162.85 2166.47 2174.75 1970.37 1753.00 1584.69 1565.81 1653.35 1804.31 1911.36 2008.57 2105.15 2058.64 2010.74
1966.92 1822.51 1639.28 1383.47 1400.82 1423.65 1449.61 1461.91 1468.73 1463.81 1602.72 1718.29 1817.75 1871.51 1925.04 1978.05 1993.60 2015.64 2042.50 2098.56 2146.89 2198.36 2133.35 2067.01
2011.91 2005.56 2007.01 2017.94 2009.12 2000.38 1991.40 2044.04 2088.05 2124.13 2057.26 1989.26 1925.08 1938.24 1953.86 1965.12 1923.06 1883.27 1849.61 1907.60 1958.39 2009.36 1971.79 1942.96
1932.87 1949.14 1964.31 1981.50 1952.94 2029.85 2158.79 2024.58 1887.54 1770.60 1610.25 1537.50 1597.30 1453.62 1334.43 1334.37 1214.72 1419.45 1661.64 1824.81 1961.71 2091.10 2079.68 2074.12
2075.54 2070.70 2064.96 2059.70 2064.42 2073.94 2089.75 2037.22 1981.39 1925.38 1871.17 1820.26 1775.48 1827.27 1880.75 1934.27 1865.93 1789.96 1705.07 1774.13 1842.61 1916.61 1915.58 1913.43
1912.12 1720.24 1581.86 1685.75 1814.86 1931.99 2039.02 1880.67 1697.78 1473.78 1197.21 1415.35 1635.62 1698.04 1758.78 1817.25 1792.58 1766.89 1745.64 1891.13 2019.98 2143.98 2138.39 2143.92
2161.93 2173.24 2185.98 2200.95 2205.77 2215.68 2230.15 2227.84 2218.41 2201.39 2271.50 2325.20 2366.85 2394.31 2424.15 2456.95 2467.02 2481.31 2504.11 2546.21 2580.10 2614.70 2569.05 2518.40
2462.75 2449.07 2436.37 2424.21 2326.15 2224.83 2124.54 1933.79 1827.72 1858.19 1941.68 2098.65 2248.50 2186.12 2163.62 2185.18 2067.87 1940.28 1819.30 1941.26 2048.45 2154.12 2166.95 2180.33
2194.23 2187.00 2179.69 2173.01 2177.75 2190.69 2210.98 2195.58 2175.55 2148.80 2148.55 2157.48 2173.57 2233.88 2304.07 2378.55 2402.18 2427.12 2454.91 2412.24 2361.70 2315.26 2308.52 2302.42
2297.38 2301.85 2306.67 2313.22 2307.34 2302.72 2296.60 2204.63 2109.58 2010.31 1414.31 2037.20 2407.26 2442.51 2498.16 2562.55 2577.21 2595.00 2617.55 2724.48 2827.43 2931.70 2903.25 2874.11
2843.78 2850.16 2864.56 2890.63 2830.61 2765.54 2697.05 2625.80 2552.82 2474.92 2415.07 2355.04 2300.43 2182.69 2059.99 1931.98 1763.77 1631.09 1669.88 1779.13 2032.34 2273.09 2279.49 2290.69
2307.44 2302.41 2299.38 2297.98 2285.53 2275.93 2266.89 2318.55 2356.10 2378.23 2408.51 2433.03 2455.86 2415.05 2384.19 2363.19 2337.19 2314.54 2296.60 2365.89 2427.86 2491.04 2474.79 2461.94
2451.92 2370.49 2279.90 2177.55 2159.92 2143.30 2123.65 2259.34 2359.14 2432.12 2448.34 2462.76 2479.65 2507.57 2546.53 2593.45 2588.66 2585.01 2581.79 2527.48 2452.64 2362.79 2399.83 2441.54
2486.55 2451.66 2415.95 2378.11 2344.44 2310.90 2273.96 2340.20 2396.10 2435.35 2416.17 2396.73 2376.18 2432.42 2492.68 2556.95 2561.23 2566.82 2575.37 2557.37 2522.91 2481.65 2270.63 2014.16
1826.44 1749.90 1692.04 1670.87 1742.23 1803.26 1870.85 1872.59 2006.15 2159.08 2207.45 2335.71 2485.77 2499.38 2536.89 2595.59 2625.72 2658.45 2695.40 2577.58 2416.93 2206.65 2116.01 2068.63
2091.24 2117.21 2145.49 2173.84 2206.24 2269.98 2354.46 2400.86 2445.42 2483.09 2516.89 2548.83 2581.89 2540.05 2500.08 2463.34 2384.01 2295.45 2198.36 2207.87 2206.68 2206.44 2122.42 2031.12
1932.60 1868.52 1801.59 1730.12 1660.74 1619.27 1609.93 1449.86 1314.84 1280.15 1527.15 1687.99 1808.78 1815.49 1835.21 1863.52 1841.75 1820.58 1801.67 1962.44 2100.57 2232.38 2223.38 2219.59
2224.03 2211.35 2197.27 2184.09 2180.45 2177.12 2172.38 2256.48 2318.52 2359.50 2374.78 2388.55 2402.35 2414.47 2431.14 2451.82 2457.27 2464.53 2475.77 2467.20 2444.42 2417.41 2376.52 2332.66
2285.06 2248.47 2211.28 2174.26 2143.39 2110.24 2073.96 2167.08 2242.46 2300.07 2337.99 2369.94 2403.58 2402.96 2408.63 2419.86 2428.80 2440.04 2452.14 2421.84 2373.28 2316.62 2311.12 2306.42
2302.68 2282.12 2260.70 2238.89 2161.51 2082.94 2008.25 2061.67 2106.03 2141.26 2244.32 2328.60 2398.34 2430.76 2471.49 2518.47 2491.72 2463.54 2433.63 2379.50 2299.98 2200.53 2172.02 2145.99
2123.63 2060.86 2071.06 2152.98 2092.40 2039.12 1997.41 2054.91 2109.72 2161.30 2132.01 2104.60 2076.38 1933.88 1877.00 1952.73 1612.59 1842.65 2238.27 2245.86 2247.27 2246.87 2135.40 2013.88
1889.69 2010.28 2116.78 2214.79 2187.47 2161.28 2134.30 2105.78 2081.63 2055.85 1956.56 1856.80 1759.83 1833.97 1933.90 2039.60 1974.75 1902.32 1823.90 1931.58 2030.34 2131.39 1975.85 1785.63
1551.85 1583.71 1652.64 1737.07 1795.51 1876.28 1963.59 1989.87 2091.16 2197.74 2157.39 2126.19 2104.17 2049.97 1996.87 1946.27 1926.44 1911.57 1902.98 1876.25 1875.23 1917.84 1806.93 1819.56
1952.90 2007.02 2061.25 2115.72 2127.03 2143.99 2165.09 2154.87 2143.34 2127.24 2214.92 2286.61 2347.46 2328.06 2318.00 2316.83 2308.40 2301.65 2299.42 2344.81 2384.68 2428.45 2339.31 2236.50
2114.82 2105.58 2096.66 2087.79 2095.21 2103.59 2111.32 2056.80 2011.79 1969.08 2090.12 2217.08 2328.67 2318.53 2317.68 2326.43 2328.40 2332.41 2341.45 2360.66 2368.60 2375.14 2326.04 2279.60
2240.19 2177.94 2109.31 2034.97 2030.10 2029.32 2028.88 2073.26 2107.10 2129.81 2242.74 2334.52 2417.54 2404.70 2401.61 2405.80 2391.47 2380.31 2373.95 2362.88 2338.03 2308.99 2292.32 2275.31
2257.95 2242.50 2227.06 2210.81 2230.82 2251.29 2267.97 2349.35 2414.56 2461.57 2523.92 2578.83 2631.58 2630.96 2633.54 2637.92 2612.23 2586.78 2560.28 2547.43 2521.17 2490.90 2467.85 2447.75
2431.28 2398.00 2362.95 2327.17 2278.26 2225.86 2168.59 2235.64 2288.39 2323.30 2339.57 2350.82 2370.56 2389.01 2412.93 2436.24 2424.77 2412.85 2402.75 2408.26 2402.45 2394.27 2406.76 2422.28
2442.99 2316.18 2165.26 1975.18 1835.15 2091.13 2364.58 2147.19 2065.02 2152.15 2188.50 2245.99 2318.25 2357.57 2400.72 2457.30 2385.18 2302.65 2209.16 2145.86 2063.53 1970.05 1994.84 2022.34
2052.54 2051.56 2051.37 2046.68 1867.09 1635.22 1264.06 1233.28 1403.25 1536.63 1452.28 1778.25 2002.46 2080.45 2156.17 2247.84 2265.90 2283.11 2303.56 2146.67 1961.58 1798.22 1810.12 1832.26
1868.29 1663.61 1381.10 1310.14 1328.74 1385.05 1454.28 1646.21 1795.73 1909.95 1925.51 1939.55 1930.16 1934.28 1982.09 2054.48 2019.67 1983.07 1949.65 1967.45 1972.03 1976.88 1855.05 1709.23
1534.32 1695.06 1829.30 1946.27 1982.78 2020.15 2056.47 2021.50 1992.19 1963.17 1933.49 1952.63 1999.82 2017.04 2038.69 2063.28 2095.42 2133.83 2181.34 2164.83 2139.93 2126.47 2125.28 2127.53
2134.76 2116.62 2101.26 2091.26 1902.83 1764.47 1824.71 1835.72 1840.41 1833.07 1817.29 1980.75 2156.41 2115.52 2078.19 2051.89 2014.04 1993.14 1994.77 2005.24 2004.32 2002.06 1999.71 1995.38
1991.45 1982.28 1975.27 1966.89 1915.06 1892.81 1901.05 1960.88 2011.28 2052.45 2104.87 2182.84 2270.70 2282.07 2308.52 2344.68 2392.15 2443.54 2501.07 2442.26 2369.97 2288.83 2249.33 2223.36
2217.10 2227.85 2243.16 2261.74 2271.40 2281.04 2287.27 2223.51 2159.05 2084.87 2091.05 2096.55 2133.40 2069.68 2010.31 1934.85 1949.92 1974.74 2007.03 2003.42 1988.98 1972.75 1954.04 1947.15
1954.23 1937.22 1935.05 1950.14 1948.26 1947.25 1941.84 1811.07 1708.57 1646.69 1348.50 1558.72 1817.33 2030.72 2208.64 2372.39 2390.10 2408.73 2429.72 2451.18 2474.24 2506.20 2531.29 2557.76
2586.22 2635.87 2684.73 2734.38 2709.91 2683.82 2654.19 2612.59 2572.45 2528.40 2472.65 2418.65 2351.69 2300.89 2253.38 2222.15 2179.53 2134.35 2085.61 2084.38 2079.68 2077.89 2091.02 2102.87
2115.42 2080.65 2052.70 2030.61 1992.81 1949.62 1901.32 1997.11 2096.84 2188.90 2153.76 2118.34 2087.59 2090.68 2096.10 2091.19 2030.13 1971.11 1914.88 1917.61 1910.85 1904.24 1848.29 1792.86
1741.13 1720.12 1738.20 1787.42 1886.03 1981.88 2069.62 2101.93 2161.69 2218.77 2220.50 2221.74 2222.10 2195.54 2188.40 2198.97 2149.48 2095.74 2040.10 2061.87 2071.26 2079.72 2009.18 1933.02
1853.30 1912.02 1982.18 2058.66 2048.47 2050.60 2057.88 2009.05 1959.56 1901.93 1901.79 1901.44 1901.38 1964.40 2025.96 2086.15 2114.23 2150.11 2190.31 2155.16 2104.97 2048.09 1999.37 1956.24
1921.94 1906.53 1889.94 1875.27 1708.17 1479.68 1082.99 1245.74 1384.87 1478.50 1315.89 1110.43 869.71 1431.45 1714.59 1929.69 1940.93 1972.97 2023.89 1981.08 1948.43 1945.96 1907.47 1882.66
1879.49 1812.21 1736.03 1652.21 1545.11 1419.39 1260.70 1457.24 1596.66 1687.22 1691.05 1700.96 1727.65 1675.26 1632.22 1613.35 1677.38 1751.21 1828.49 1872.45 1915.82 1963.95 1991.72 2029.68
2077.64 2033.14 1987.33 1945.21 1866.40 1790.89 1732.58 1767.63 1793.70 1805.46 1847.18 1882.79 1920.14 1984.17 2056.21 2140.33 2213.56 2285.36 2358.71 2351.38 2340.96 2335.36 2307.22 2283.30
2268.29 2232.81 2197.05 2161.33 2099.38 2031.28 1951.58 2115.28 2238.14 2324.01 2331.38 2335.53 2341.13 2373.15 2409.85 2454.97 2478.43 2502.31 2528.69 2520.52 2502.84 2482.70 2474.57 2468.78
2467.41 2409.28 2346.84 2278.56 2309.01 2340.09 2365.22 2382.85 2395.30 2397.72 2410.76 2419.82 2438.36 2434.78 2436.86 2445.35 2428.74 2416.02 2407.12 2321.21 2207.23 2059.14 2018.21 1972.77
1926.50 1913.78 1907.53 1909.21 1886.30 1871.15 1858.03 1741.24 1608.09 1449.04 1363.74 1322.91 1326.06 1570.24 1754.62 1910.71 1966.91 2022.58 2082.13 2068.00 2063.65 2081.99 2059.51 2045.55
2044.04 2062.21 2081.40 2102.02 2125.66 2149.19 2167.22 2259.43 2345.33 2413.34 2452.29 2485.73 2516.80 2548.83 2585.20 2625.38 2624.34 2623.06 2623.45 2600.74 2563.14 2516.58 2512.69 2512.57
2515.94 2534.00 2552.21 2571.14 2530.62 2488.09 2438.41 2382.31 2342.46 2320.06 2179.70 2061.00 1982.09 1930.47 1889.00 1853.80 1762.94 1689.29 1676.94 1690.27 1796.61 1951.31 1996.87 2046.31
2097.53 2077.79 2058.23 2037.36 2047.42 2064.23 2081.50 2201.44 2292.87 2355.84 2390.86 2419.46 2444.83 2462.54 2484.66 2511.27 2497.61 2483.97 2470.07 2458.08 2432.08 2396.82 2411.04 2425.10
2440.28 2457.29 2475.21 2493.57 2465.30 2435.70 2400.89 2419.94 2432.79 2433.07 2432.14 2429.01 2426.24 2435.13 2452.90 2478.48 2508.51 2539.09 2573.49 2543.59 2497.90 2439.60 2412.05 2383.57
2354.33 2338.45 2322.22 2306.77 2282.63 2258.66 2229.29 2271.97 2303.86 2320.33 2353.17 2382.63 2410.65 2422.99 2441.09 2462.94 2452.78 2443.63 2436.82 2416.69 2381.90 2335.28 2292.48 2254.33
2224.68 2134.43 2032.97 1914.81 1961.10 2005.64 2043.52 2150.83 2235.04 2296.99 2323.80 2347.72 2371.65 2385.99 2406.05 2424.00 2414.09 2403.66 2395.58 2348.01 2276.36 2182.38 2181.93 2188.13
2200.15 2138.74 2070.62 1995.77 1968.44 1954.76 1952.98 2021.47 2073.26 2103.24 2156.25 2204.15 2248.09 2250.29 2266.22 2293.35 2312.47 2332.77 2356.84 2352.13 2331.98 2301.00 2278.11 2261.55
2253.44 2192.47 2127.43 2061.33 1991.41 1921.26 1846.52 1978.09 2075.30 2144.87 2199.52 2247.89 2294.24 2301.74 2326.05 2358.95 2396.51 2436.97 2480.67 2479.43 2465.73 2445.29 2413.66 2381.03
2348.27 2351.66 2355.17 2359.90 2363.82 2367.85 2366.31 2429.75 2477.90 2507.74 2476.14 2444.85 2415.28 2405.89 2404.72 2424.43 2437.33 2449.14 2460.50 2457.27 2445.20 2429.34 2401.35 2375.14
2352.41 2321.36 2290.26 2257.88 2255.98 2257.01 2254.33 2301.27 2337.03 2355.86 2389.60 2418.01 2445.38 2422.73 2406.45 2393.90 2357.17 2317.76 2278.35 2216.80 2128.44 2007.84 1969.79 1927.87
1881.12 1829.75 1796.94 1792.88 1771.93 1750.71 1728.68 1633.09 1564.59 1534.88 1488.74 1443.32 1381.79 1575.35 1795.02 1983.50 2066.12 2151.12 2237.63 2148.54 2032.74 1882.95 1819.93 1818.44
1878.22 1854.55 1855.33 1881.37 1703.91 1670.12 1822.21 1724.13 1624.96 1526.92 1531.63 1540.26 1557.70 1671.57 1774.23 1863.79 1920.34 1994.53 2079.65 2056.36 2020.85 1977.97 1941.23 1917.17
1914.52 1901.53 1899.30 1911.41 1833.64 1749.07 1647.94 1607.66 1606.43 1620.25 1586.36 1575.75 1581.99 1664.35 1747.60 1826.64 1902.49 1977.74 2054.06 2051.14 2039.04 2025.57 1990.97 1953.89
1917.62 1856.22 1791.68 1727.04 1795.25 1858.11 1909.39 1752.53 1585.88 1408.87 1522.56 1640.35 1736.47 1727.35 1744.44 1784.73 1874.39 1960.12 2047.27 2048.93 2050.99 2066.25 2042.56 2030.56
2033.66 1996.08 1956.02 1915.90 1853.06 1785.47 1699.18 1655.21 1624.12 1596.19 1686.44 1760.54 1824.07 1895.76 1977.37 2061.10 2097.31 2137.38 2183.05 2148.31 2095.84 2033.45 2007.96 1981.39
1953.00 1918.17 1889.91 1871.12 1761.73 1717.05 1765.13 1749.97 1744.55 1735.88 1797.78 1867.31 1947.27 2086.83 2213.29 2343.95 2346.53 2364.85 2405.78 2325.05 2221.20 2088.64 1997.58 1897.07
1789.88 1814.23 1849.39 1887.34 1859.05 1894.00 1972.21 1907.60 1855.61 1813.72 1831.26 1849.06 1864.47 1943.81 2015.96 2064.60 1998.25 1930.21 1862.77 1879.47 1890.24 1902.77 1769.27 1758.42
1886.10 1672.97 1658.21 1863.98 1747.71 1620.27 1492.28 1436.96 1382.71 1320.62 1442.78 1569.56 1670.81 1760.52 1835.38 1940.53 1812.69 1650.98 1429.29 1635.75 1797.62 1936.85 1912.59 1930.69
1990.98 1977.73 1979.54 1997.86 1992.49 1986.20 1975.32 1896.79 1819.18 1730.59 1809.66 1876.34 1933.89 1905.18 1904.98 1929.58 1921.46 1922.72 1938.80 1947.38 1978.07 2040.39 2032.89 2024.99
2018.02 1986.26 1955.87 1926.13 1860.97 1784.96 1693.00 1533.07 1346.17 1098.72 1229.64 1385.93 1499.38 1487.65 1499.85 1530.23 1520.37 1573.72 1678.24 1735.60 1819.58 1922.13 1871.70 1831.23
1808.41 1728.36 1660.11 1623.99 1588.10 1690.10 1821.96 1683.30 1558.68 1455.20 1490.41 1543.92 1593.87 1612.74 1636.98 1663.78 1698.92 1758.48 1842.08 1809.44 1782.64 1785.25 1798.28 1822.36
1856.14 1975.15 2083.04 2180.85 2192.93 2216.07 2246.23 2324.69 2401.96 2474.11 2466.03 2459.59 2447.66 2406.94 2368.86 2336.99 2305.71 2273.86 2242.28 2192.06 2121.75 2034.27 2081.84 2128.75
2174.55 2133.53 2088.95 2036.13 2092.01 2143.64 2186.14 2136.47 2086.73 2036.90 1991.08 1946.65 1908.33 1870.87 1835.74 1822.83 1770.73 1717.56 1663.47 1760.10 1847.60 1931.59 1895.50 1861.92
1832.71 1857.21 1901.73 1960.63 1936.21 1909.61 1875.98 1814.80 1754.84 1687.16 1599.94 1513.10 1421.95 1488.41 1552.93 1613.78 1650.35 1690.58 1734.68 1700.07 1664.99 1649.77 1593.52 1530.19
1462.27 1603.55 1782.27 1945.28 1953.63 1963.28 1968.20 1950.06 1937.05 1918.06 1843.39 1778.28 1721.20 1727.59 1741.94 1759.90 1843.87 1929.95 2021.00 2037.87 2046.13 2050.83 2042.64 2035.50
2030.88 2002.97 1986.30 1985.02 1899.98 1856.61 1865.06 1942.61 2009.48 2054.20 2063.78 2082.34 2104.13 2164.98 2225.67 2285.67 2291.88 2299.87 2311.86 2335.02 2349.61 2358.53 2318.74 2277.82
2238.34 2225.84 2213.54 2201.60 2189.35 2176.85 2156.13 2200.64 2233.58 2247.52 2229.16 2213.60 2205.50 2245.45 2288.79 2350.92 2395.88 2442.33 2491.37 2480.31 2457.66 2426.72 2411.31 2396.06
2383.04 2350.79 2317.96 2283.94 2292.65 2302.08 2305.02 2327.25 2343.42 2351.74 2266.35 2185.27 2115.93 2137.19 2166.40 2198.97 2264.18 2331.59 2403.41 2369.91 2324.06 2266.76 2220.99 2181.93
2150.95 2037.53 1905.35 1756.96 1908.23 2040.90 2153.83 2013.33 1872.30 1741.42 1592.19 1635.90 1762.49 1683.35 1620.23 1578.94 1546.13 1540.02 1574.74 1698.22 1817.85 1932.43 1953.34 1980.38
2014.01 1980.08 1948.35 1918.42 1892.34 1869.82 1846.00 1831.30 1815.51 1784.34 1749.13 1718.93 1684.06 1758.49 1834.44 1907.13 1915.76 1937.37 1976.36 2033.37 2082.01 2126.41 2176.39 2232.55
2294.84 2251.63 2206.17 2161.57 2102.70 2041.75 1971.29 2030.15 2073.18 2094.41 2093.18 2094.67 2093.45 2113.49 2141.15 2173.78 2184.93 2197.08 2214.68 2265.76 2307.20 2342.94 2320.26 2300.20
2284.26 2289.47 2295.22 2302.26 2292.88 2282.97 2267.84 2256.40 2242.22 2215.32 2201.62 2188.35 2171.48 2147.02 2129.40 2117.61 2153.73 2192.30 2237.25 2263.31 2276.75 2281.62 2279.40 2280.06
2284.95 2250.99 2215.66 2178.09 2136.63 2096.52 2051.79 2115.87 2162.96 2187.95 2201.99 2213.78 2221.28 2239.54 2263.86 2291.35 2323.80 2358.11 2393.93 2378.70 2348.77 2303.65 2293.33 2281.86
2271.52 2213.62 2150.09 2078.64 2105.78 2133.81 2157.09 2234.97 2304.52 2354.83 2325.14 2297.22 2283.96 2313.57 2351.89 2392.43 2409.69 2426.60 2449.67 2441.83 2423.66 2397.79 2368.69 2337.37
2304.56 2313.35 2322.75 2331.84 2290.11 2248.40 2201.25 2281.05 2341.41 2379.13 2342.69 2307.61 2279.57 2266.88 2260.24 2254.40 2307.40 2361.15 2418.99 2428.26 2427.25 2416.69 2411.27 2408.26
2407.87 2370.33 2332.21 2294.49 2034.86 1934.49 2131.75 2126.47 2204.20 2318.17 2242.42 2163.38 2101.63 2171.80 2241.03 2293.05 2263.35 2239.39 2219.30 2134.89 2028.25 1906.20 1913.69 1920.79
1928.78 1915.02 1904.59 1897.04 1966.63 2039.50 2106.96 2059.62 2016.45 1968.80 1955.59 1942.87 1928.69 2014.57 2100.11 2182.55 2190.88 2206.66 2235.16 2176.12 2091.63 1976.40 1950.81 1925.20
1898.17 1871.12 1842.58 1811.76 1764.01 1721.20 1684.72 1779.98 1855.02 1907.16 1920.82 1943.79 1975.95 2008.19 2043.99 2073.74 2061.27 2050.55 2040.11 2036.32 2022.86 2003.06 1967.43 1931.89
1899.15 1885.16 1873.43 1860.85 1825.15 1802.24 1789.61 1777.03 1767.04 1749.66 1758.84 1776.33 1812.17 1863.21 1933.72 2031.20 2034.62 2035.18 2040.45 1993.35 1934.33 1862.29 1896.16 1931.76
1971.00 1946.69 1920.56 1894.45 1858.39 1832.45 1813.49 1878.76 1927.10 1955.20 1901.00 1849.88 1806.35 1759.55 1732.61 1730.15 1771.44 1823.95 1888.36 1929.41 1968.54 2011.09 2017.67 2023.24
2031.79 2008.23 1989.76 1977.20 1950.67 1933.15 1921.00 1925.33 1922.68 1905.47 1825.30 1751.03 1682.09 1580.73 1494.50 1445.24 1480.63 1522.93 1570.93 1727.69 1889.06 2043.05 2087.14 2130.80
2172.41 2045.26 1896.24 1718.37 1752.57 1814.92 1888.18 1858.70 1833.34 1799.24 1701.05 1601.01 1498.50 1268.79 966.27 1159.21 1219.23 1530.02 1761.55 1801.62 1860.81 1934.61 2026.21 2113.05
2197.46 2155.84 2115.69 2080.57 2039.27 1996.84 1946.03 1997.79 2038.32 2062.10 2010.73 1965.37 1918.14 1932.12 1978.34 2052.57 2108.12 2164.06 2220.10 2227.20 2228.05 2225.23 2192.80 2165.39
2147.70 2070.60 1985.85 1892.56 1858.88 1832.71 1807.49 1831.24 1854.22 1864.45 1829.06 1802.16 1799.07 1923.61 2038.96 2153.03 2251.73 2343.76 2432.79 2352.73 2246.85 2112.04 2057.08 2001.92
1950.98 1917.76 1881.86 1844.51 1813.15 1793.64 1781.02 1900.98 1993.29 2056.74 2124.50 2181.03 2246.55 2298.22 2355.09 2417.53 2378.38 2339.35 2301.90 2278.84 2247.68 2209.42 2149.61 2087.11
2023.41 1997.74 1975.67 1957.76 1964.02 1970.34 1969.25 2082.31 2168.44 2227.62 2224.12 2223.00 2220.35 2241.60 2267.72 2293.38 2310.71 2330.76 2356.62 2334.22 2297.33 2243.99 2210.55 2174.44
2135.63 2098.82 2059.58 2017.12 1982.48 1946.10 1899.41 2022.51 2117.72 2181.40 2199.18 2214.56 2226.68 2223.43 2227.10 2238.38 2266.92 2297.58 2331.62 2307.69 2265.87 2205.43 2150.35 2087.67
2016.02 1985.18 1953.87 1922.41 1898.05 1874.84 1844.86 1806.34 1776.81 1744.87 1768.64 1802.83 1835.17 1880.82 1932.22 1982.13 2029.78 2080.99 2137.52 2131.79 2109.84 2073.28 2073.84 2075.84
2081.60 2032.05 1979.80 1924.66 1870.22 1828.47 1794.98 1855.24 1898.12 1919.07 1833.06 1765.50 1713.80 1702.93 1731.59 1786.19 1899.21 2005.33 2108.48 2125.50 2137.42 2151.66 2149.31 2149.58
2154.10 2093.07 2023.97 1946.48 1917.17 1886.67 1846.91 1941.11 2013.41 2059.01 2007.34 1958.45 1919.48 1842.51 1790.80 1786.70 1801.27 1822.46 1854.24 1989.38 2119.07 2243.17 2246.85 2251.16
2255.34 2243.78 2231.54 2221.89 2158.81 2091.20 2009.84 2074.93 2126.56 2156.49 2037.32 1920.95 1803.01 1772.17 1771.90 1794.26 1874.97 1953.93 2034.92 2105.51 2170.44 2232.73 2230.32 2228.83
2235.06 2191.12 2144.03 2094.57 2029.48 1958.05 1876.46 1923.57 1954.94 1961.71 1772.51 1562.48 1326.17 1310.81 1435.49 1581.75 1612.51 1645.24 1684.86 1736.13 1782.78 1826.32 1776.98 1783.31
1848.68 1815.01 1808.74 1834.16 1690.17 1568.40 1559.43 1614.14 1720.16 1826.17 1921.97 2041.73 2136.19 2097.21 2064.64 2030.08 2070.04 2112.62 2161.58 2114.46 2041.49 1939.63 1939.29 1942.51
1953.94 1957.02 1960.02 1963.68 1944.95 1930.33 1912.40 1904.89 1899.16 1883.67 1830.41 1788.63 1753.10 1797.50 1846.63 1893.42 1949.60 2005.80 2065.71 2054.84 2025.38 1978.56 1979.46 1979.45
1978.99 1972.27 1972.71 1981.02 1975.59 1976.07 1973.65 1967.83 1954.83 1927.41 1906.86 1890.69 1873.26 1880.17 1906.88 1949.88 2008.90 2070.79 2136.85 2086.49 2015.61 1921.41 1922.22 1926.26
1934.57 1900.32 1864.12 1827.85 1804.91 1804.43 1824.74 1766.21 1740.89 1731.79 1731.86 1737.12 1740.29 1740.53 1752.99 1776.03 1772.41 1777.04 1797.03 1849.91 1904.74 1965.03 1893.06 1836.87
1818.84 1774.55 1728.56 1684.37 1663.84 1648.08 1634.99 1506.53 1474.84 1530.81 1609.44 1673.83 1706.64 1779.91 1851.23 1920.99 1993.80 2064.83 2137.21 2185.21 2226.76 2267.39 2284.52 2300.44
2318.28 2287.90 2255.33 2221.83 2169.28 2113.18 2046.02 2125.61 2180.37 2210.07 2162.82 2119.47 2073.57 2055.89 2050.81 2057.37 2123.36 2190.00 2259.12 2299.12 2331.63 2358.33 2342.34 2325.49
2307.89 2256.43 2199.12 2137.09 2086.44 2031.43 1964.54 2078.27 2156.72 2206.60 2154.09 2108.27 2066.26 2110.74 2157.96 2215.84 2275.82 2336.35 2397.39 2403.85 2402.39 2397.04 2349.50 2298.97
2249.51 2167.75 2072.45 1959.11 1961.88 1964.21 1961.69 2077.89 2166.98 2223.96 2167.88 2120.72 2080.87 2105.64 2135.12 2167.90 2201.32 2236.22 2275.24 2309.06 2334.39 2356.18 2344.28 2333.71
2325.54 2281.56 2232.78 2180.91 2141.96 2101.07 2052.42 2119.38 2164.73 2187.17 2125.84 2074.06 2025.52 2041.89 2070.65 2111.49 2187.31 2261.85 2339.01 2359.67 2369.76 2375.51 2355.99 2340.07
2329.41 2274.04 2214.74 2154.08 2066.13 1967.96 1854.80 1987.05 2077.79 2133.21 2102.77 2073.51 2042.21 2027.34 2022.52 2022.19 2095.57 2169.22 2246.24 2291.82 2327.76 2358.09 2351.22 2345.66
2344.68 2283.50 2218.31 2150.88 2068.62 1976.21 1866.24 1910.40 1942.96 1958.07 1887.49 1822.30 1757.58 1784.48 1826.38 1876.33 1965.80 2052.97 2140.91 2191.71 2237.43 2279.17 2265.39 2252.30
2242.21 2163.39 2077.87 1991.71 1870.68 1741.79 1628.00 1576.51 1669.88 1767.59 1569.35 1333.28 999.14 930.30 1303.01 1532.34 1550.37 1572.17 1600.22 1642.17 1702.90 1774.17 1699.71 1659.24
1682.70 1544.07 1364.55 1200.84 1210.13 1585.93 1823.21 2019.39 2170.50 2288.96 2192.81 2095.09 1970.21 1994.19 2026.98 2067.86 2059.10 2051.09 2046.16 2044.84 2035.31 2022.28 2031.44 2039.81
2049.98 2020.56 1992.03 1965.40 1978.97 1994.42 2004.79 2058.47 2105.82 2140.74 2094.01 2050.80 1991.59 2007.98 2030.08 2051.15 2054.63 2060.94 2073.20 2065.99 2048.45 2031.78 2042.72 2054.01
2066.15 2049.53 2030.85 2011.49 1983.26 1964.01 1952.66 1856.72 1758.12 1647.35 1755.35 1838.44 1901.72 1908.82 1922.19 1936.07 1939.35 1952.03 1978.94 1989.55 1996.33 2008.57 2005.87 2001.68
1998.08 1978.21 1955.82 1930.11 1870.47 1813.82 1760.37 1717.89 1691.19 1665.62 1542.60 1417.17 1283.37 1403.95 1508.27 1596.01 1688.07 1776.50 1863.07 1869.09 1870.36 1874.53 1892.56 1927.65
1976.45 1946.78 1923.30 1908.16 1883.32 1867.85 1857.83 1860.77 1859.15 1844.84 1775.36 1708.26 1644.75 1753.97 1852.97 1961.49 2026.18 2090.34 2157.62 2208.37 2253.84 2298.07 2277.81 2257.00
2238.42 2196.25 2149.03 2096.47 2036.76 1970.75 1893.25 2000.36 2080.09 2136.63 2089.57 2046.27 2008.68 2071.07 2135.57 2205.35 2235.36 2268.43 2305.04 2329.82 2348.33 2367.42 2331.16 2290.54
2244.54 2222.10 2196.75 2170.76 2107.97 2039.43 1961.25 2023.12 2081.61 2122.95 2075.24 2030.05 1986.10 1989.12 1997.18 2011.32 2029.36 2053.60 2086.88 2114.19 2132.14 2145.69 2168.20 2199.86
2241.23 2213.76 2184.59 2154.41 2102.03 2045.43 1979.51 2030.04 2065.91 2081.13 1955.61 1827.10 1692.22 1578.22 1493.91 1461.13 1532.94 1614.41 1703.31 1775.84 1837.62 1896.15 1970.65 2071.10
2185.76 2157.77 2125.87 2091.15 2022.01 1947.98 1865.10 1847.96 1828.21 1796.95 1760.57 1728.73 1697.72 1622.15 1586.21 1605.42 1704.06 1797.89 1892.71 1969.59 2037.89 2105.57 2093.32 2101.28
2133.19 2070.13 2010.56 1961.58 1928.02 1890.49 1847.68 1832.97 1815.32 1785.71 1643.73 1525.57 1457.48 1504.63 1590.77 1687.60 1777.18 1864.36 1952.12 1971.69 1998.76 2041.96 2045.35 2059.08
2088.27 2014.23 1927.82 1824.46 1741.27 1654.81 1575.34 1577.79 1576.80 1562.50 1519.27 1500.94 1495.15 1476.73 1499.31 1547.23 1617.03 1686.05 1757.18 1799.64 1856.66 1933.53 1933.69 1970.47
2041.98 1980.41 1935.04 1918.66 1869.01 1813.10 1749.11 1758.73 1766.78 1762.59 1634.62 1531.02 1474.69 1552.02 1623.71 1678.36 1748.55 1817.19 1884.03 1896.36 1899.58 1903.94 1989.03 2073.34
2156.90 2091.86 2023.10 1952.93 1879.13 1797.58 1702.25 1762.97 1827.89 1883.87 1764.61 1648.68 1530.49 1417.35 1375.50 1420.45 1602.36 1753.32 1885.97 1929.92 1966.79 2002.04 1974.79 1980.42
2023.65 1999.43 1980.83 1968.02 1900.01 1836.82 1786.95 1781.00 1772.98 1747.00 1607.44 1522.63 1517.73 1597.62 1681.21 1771.99 1857.53 1943.49 2033.20 2087.34 2143.12 2206.17 2198.12 2195.98
2204.80 2106.02 1987.67 1845.29 1832.85 1824.58 1820.57 1782.48 1745.16 1697.22 1544.55 1427.59 1382.66 1601.28 1765.97 1908.63 1936.26 1968.97 2010.04 2081.58 2153.21 2229.26 2253.41 2279.93
2310.37 2278.43 2246.90 2216.61 2135.96 2044.16 1935.57 1995.71 2039.21 2060.93 1997.17 1935.55 1875.95 1866.08 1867.56 1875.01 1949.35 2023.89 2101.74 2163.09 2215.33 2265.49 2264.71 2265.56
2271.85 2249.95 2226.98 2203.23 2115.44 2014.08 1893.47 1975.15 2033.25 2064.72 2049.19 2035.62 2020.83 1989.81 1968.23 1951.63 2000.06 2050.24 2106.86 2189.58 2262.65 2333.29 2315.91 2299.83
2288.26 2254.25 2217.70 2181.65 2141.30 2097.17 2047.83 2139.84 2205.65 2243.56 2200.70 2160.22 2118.10 2063.16 2017.70 1978.49 2027.44 2077.71 2133.17 2202.31 2259.39 2316.99 2294.70 2271.05
2248.12 2219.93 2190.04 2159.40 2077.38 1982.37 1870.22 1959.26 2022.17 2057.57 2019.72 1985.76 1949.02 1897.34 1865.57 1850.97 1863.24 1877.34 1896.17 1970.59 2032.46 2093.66 2138.31 2192.22
2258.72 2212.08 2162.23 2111.78 2048.72 1977.48 1894.38 1988.90 2057.89 2098.97 2033.72 1972.29 1910.64 1857.66 1815.59 1779.07 1831.65 1892.65 1963.55 2073.84 2171.24 2266.31 2272.16 2283.48
2303.19 2240.55 2171.06 2092.79 2018.78 1933.39 1833.95 1960.43 2049.59 2104.66 2035.73 1969.46 1903.26 1850.41 1811.89 1784.60 1853.72 1922.46 1995.85 2110.08 2211.96 2311.55 2296.11 2279.84
2265.28 2230.56 2192.29 2151.52 2054.78 1942.10 1805.49 1846.22 1876.49 1887.63 1757.12 1624.12 1483.09 1363.14 1312.57 1360.82 1520.56 1660.87 1791.60 1884.99 1987.50 2100.71 2126.77 2161.76
2204.06 2139.39 2065.47 1980.42 1926.74 1867.93 1803.54 1720.20 1658.76 1615.94 1311.51 1199.44 1396.66 1473.74 1549.39 1622.16 1675.49 1731.87 1794.47 1794.14 1783.36 1775.20 1761.17 1782.33
1841.77 1818.96 1793.90 1765.25 1746.78 1734.63 1725.94 1568.04 1400.20 1268.74 1449.79 1582.56 1657.79 1535.07 1404.89 1242.27 1293.82 1369.13 1460.45 1614.60 1741.23 1858.35 1920.85 1991.15
2066.64 2018.18 1987.12 1983.19 1917.21 1846.58 1769.37 1791.77 1810.57 1815.29 1764.69 1728.35 1701.51 1692.75 1696.86 1708.94 1780.93 1858.04 1943.54 2046.79 2137.13 2226.40 2253.25 2280.24
2312.87 2258.08 2197.10 2130.34 2063.17 1988.93 1906.12 1979.91 2037.68 2074.02 2003.79 1943.74 1892.36 1875.64 1867.93 1868.83 1961.49 2055.54 2154.07 2227.54 2292.20 2358.72 2360.51 2359.77
2361.13 2312.35 2260.67 2206.81 2179.74 2151.27 2122.95 2187.95 2236.42 2265.98 2218.87 2174.65 2130.33 2120.11 2119.45 2125.12 2159.93 2197.89 2243.11 2278.20 2301.46 2323.73 2298.16 2269.44
2237.77 2141.02 2026.98 1888.09 1857.64 1828.95 1799.15 1897.66 1969.99 2015.06 1975.89 1947.87 1927.97 1931.22 1954.52 1992.30 2047.72 2103.60 2163.33 2196.07 2223.69 2259.46 2228.96 2200.36
2177.13 2080.98 1970.76 1843.74 1830.35 1821.15 1815.23 1882.67 1935.72 1970.14 1874.69 1794.63 1733.58 1768.92 1807.97 1848.09 1914.37 1982.59 2056.50 2082.30 2099.50 2122.01 2103.31 2081.95
2059.14 1992.86 1916.96 1830.12 1828.85 1830.78 1835.55 1874.24 1903.45 1917.59 1770.36 1644.74 1569.51 1682.75 1783.89 1881.09 1972.63 2062.12 2153.57 2185.67 2212.24 2245.99 2225.86 2204.45
2184.38 2109.45 2030.49 1952.67 1907.75 1861.09 1812.83 1798.80 1789.30 1775.47 1760.21 1763.70 1787.42 1812.90 1858.61 1925.29 2031.54 2131.91 2228.82 2243.42 2249.24 2258.16 2188.08 2112.07
2035.35 1969.25 1892.52 1805.94 1791.85 1778.50 1762.48 1734.29 1704.71 1662.96 1621.89 1636.47 1691.90 1823.60 1937.43 2050.75 2114.82 2184.08 2258.99 2249.77 2243.19 2255.81 2188.92 2112.17
2024.62 1940.42 1842.70 1725.15 1688.10 1669.20 1673.15 1671.89 1678.09 1677.99 1610.34 1564.50 1563.16 1666.55 1764.05 1860.22 1849.38 1840.93 1836.88 1819.70 1786.53 1749.93 1827.76 1921.16
2018.62 2031.61 2043.63 2057.41 2046.16 2035.45 2026.78 2009.45 1992.01 1971.16 1963.26 1959.02 1946.81 2000.27 2060.58 2112.75 2152.33 2193.41 2237.48 2229.18 2211.06 2195.30 2153.38 2107.34
2057.91 2061.35 2067.75 2076.60 2060.18 2044.80 2029.97 2093.69 2143.81 2174.68 2134.70 2096.26 2056.32 2044.01 2036.81 2032.18 2079.42 2129.08 2184.93 2233.51 2272.38 2310.99 2311.11 2310.06
2309.18 2269.73 2227.96 2183.13 2161.64 2138.82 2114.44 2085.68 2057.53 2023.55 1937.12 1855.09 1774.26 1775.94 1782.57 1792.21 1811.16 1831.49 1857.80 1979.13 2090.53 2203.01 2167.70 2123.70
2074.89 1998.93 1909.92 1805.78 1690.80 1579.88 1518.05 1504.32 1495.68 1487.29 1400.49 1369.53 1383.31 1506.14 1632.24 1741.44 1786.56 1834.29 1888.62 1902.07 1915.51 1944.22 1965.69 2007.53
2069.61 2021.96 1981.22 1952.48 1906.18 1856.28 1803.44 1755.71 1724.60 1699.27 1663.09 1640.07 1625.42 1638.44 1667.42 1712.93 1770.92 1829.08 1890.65 1951.23 2003.22 2058.24 2085.05 2123.42
2175.88 2103.72 2024.56 1942.22 1897.88 1849.35 1794.68 1790.38 1785.26 1769.55 1700.03 1638.04 1590.84 1621.04 1677.27 1754.57 1859.55 1961.74 2061.64 2084.65 2100.15 2120.16 2106.78 2094.03
2085.68 2003.20 1909.51 1805.13 1800.84 1800.11 1803.23 1780.74 1755.88 1721.68 1600.03 1483.07 1374.83 1388.83 1508.53 1654.44 1709.28 1768.56 1835.29 1887.40 1951.19 2030.67 2019.79 2023.53
2041.83 1956.20 1861.30 1763.52 1716.48 1666.36 1611.93 1572.43 1530.42 1465.26 1279.50 1187.44 1251.80 1409.35 1541.32 1667.16 1737.22 1804.39 1874.21 1881.83 1876.65 1870.31 1860.30 1858.35
1870.21 1822.32 1771.05 1719.88 1648.37 1711.42 1864.31 1790.29 1712.64 1625.06 1729.29 1819.94 1890.61 1913.37 1942.09 1979.32 2060.02 2140.84 2228.50 2145.28 2024.52 1863.48 1867.00 1871.73
1875.44 1882.44 1890.66 1899.16 1897.68 1900.45 1907.59 1809.51 1710.83 1608.25 1725.15 1820.35 1893.35 1930.76 1972.69 2016.89 2064.49 2111.22 2163.25 2101.58 2020.48 1927.56 1911.48 1892.86
1871.90 1858.89 1847.31 1838.00 1816.46 1818.87 1848.87 1898.10 1930.52 1947.33 1954.87 1962.23 1976.68 2029.72 2084.15 2140.40 2142.16 2143.11 2146.68 2089.72 2021.08 1955.09 1900.47 1839.70
1776.69 1777.71 1780.19 1786.83 1754.32 1756.31 1795.79 1767.20 1744.73 1720.91 1683.97 1652.09 1627.55 1635.72 1658.43 1705.07 1730.78 1768.25 1820.65 1757.01 1677.15 1589.97 1579.18 1566.38
1554.66 1385.51 1204.04 1246.94 987.93 1110.92 1375.40 1442.92 1493.50 1520.48 1435.31 1356.90 1290.13 846.05 1088.50 1415.13 1546.27 1661.08 1770.71 1812.65 1846.85 1885.13 1950.05 2014.64
2077.69 2034.20 1986.05 1927.08 1912.19 1904.76 1904.79 1901.82 1893.30 1875.23 1758.75 1711.08 1728.79 1846.82 1952.09 2047.65 2117.26 2185.61 2260.19 2259.54 2249.57 2239.20 2222.77 2204.68
2186.46 2104.38 2009.91 1902.27 1896.67 1890.08 1883.90 1960.81 2015.05 2045.12 2082.77 2115.62 2139.54 2164.38 2197.24 2236.88 2266.73 2296.10 2332.21 2317.43 2289.47 2256.94 2202.76 2143.77
2079.49 2025.49 1965.04 1898.84 1882.55 1867.72 1855.11 1876.20 1894.00 1901.71 1963.64 2017.88 2081.34 2139.33 2197.69 2256.53 2306.87 2356.33 2410.18 2391.11 2363.86 2333.98 2287.38 2235.14
2179.83 2100.69 2006.35 1894.85 1873.36 1851.74 1826.52 1860.32 1880.00 1889.91 1893.81 1899.19 1915.73 2019.40 2119.84 2232.97 2245.93 2256.71 2270.03 2274.21 2273.68 2274.60 2191.54 2101.64
2010.19 1958.13 1901.89 1841.01 1812.47 1789.52 1774.72 1834.12 1905.34 1968.70 1935.91 1912.46 1908.46 1974.76 2045.82 2138.37 2161.15 2184.48 2211.80 2184.31 2150.02 2116.59 2082.94 2046.63
2007.89 1978.99 1949.04 1918.49 1874.61 1836.28 1804.85 1772.15 1735.97 1692.56 1799.91 1885.26 1961.09 1946.88 1938.54 1944.06 2013.49 2086.19 2163.97 2141.48 2111.31 2079.10 2044.47 2008.67
1974.89 1935.85 1894.21 1850.88 1765.06 1695.23 1669.21 1645.46 1657.33 1684.84 1766.85 1834.26 1893.18 1888.44 1890.92 1909.19 1962.98 2022.34 2091.38 2022.55 1942.02 1865.12 1779.12 1677.69
1552.95 1405.20 1233.80 1196.03 1533.43 1754.09 1920.61 1880.88 1837.77 1785.81 1754.59 1782.77 1838.37 1840.40 1848.27 1862.26 1931.56 1998.25 2069.45 2019.31 1967.11 1934.41 1908.73 1892.41
1890.17 1805.60 1722.65 1655.51 1406.62 1052.01 1406.15 1334.07 1271.06 1214.12 1399.09 1583.78 1716.71 1783.13 1848.60 1916.25 1938.55 1959.75 1985.72 1925.68 1860.28 1807.13 1764.10 1769.83
1831.44 1793.04 1774.60 1786.15 1572.96 1379.78 1518.70 1580.34 1634.25 1677.50 1655.13 1734.69 1846.51 1906.35 1967.65 2030.66 2032.78 2039.31 2054.86 2031.76 2001.54 1969.92 1976.12 1981.37
1989.31 1918.34 1846.06 1781.43 1809.80 1849.17 1894.86 1971.05 2025.32 2073.33 2016.91 1963.57 1924.60 1942.60 1967.29 2000.87 1988.65 1977.18 1968.71 1922.14 1866.18 1806.90 1757.82 1702.39
1645.87 1658.34 1675.02 1696.55 1636.77 1577.54 1527.21 1451.25 1370.77 1291.04 967.28 1086.66 1307.05 1332.13 1369.09 1422.19 1512.03 1632.77 1762.11 1828.11 1890.59 1953.72 1936.85 1948.95
1992.90 1932.28 1877.84 1837.03 1791.77 1745.33 1693.46 1695.84 1691.32 1681.66 1576.78 1482.03 1422.89 1661.99 1877.36 2063.32 2131.79 2198.77 2269.74 2317.51 2363.15 2416.97 2382.51 2349.51
2319.70 2287.13 2252.87 2217.31 2193.72 2170.03 2145.31 2154.56 2157.04 2155.34 2204.54 2247.79 2299.87 2334.76 2375.11 2414.50 2426.73 2438.30 2453.38 2400.55 2338.21 2270.41 2247.20 2223.47
2198.71 2175.22 2153.81 2136.92 2095.52 2058.30 2028.58 2117.48 2186.98 2246.95 2220.22 2195.69 2165.54 2204.78 2246.70 2290.87 2310.63 2330.12 2351.64 2313.84 2268.27 2217.80 2212.45 2211.10
2214.58 2130.61 2034.04 1923.36 1884.16 1861.60 1858.84 1898.21 1974.47 2048.43 2042.82 2040.28 2040.88 2107.77 2174.04 2247.21 2244.54 2241.72 2243.06 2199.21 2148.76 2097.31 2022.10 1935.59
1840.00 1841.58 1848.05 1858.70 1817.74 1791.05 1785.25 1682.67 1568.16 1433.88 1521.36 1624.40 1712.99 1772.57 1840.97 1916.80 2013.99 2107.70 2201.05 2203.48 2206.81 2223.39 2167.27 2107.89
2050.97 2005.37 1956.85 1908.35 1871.67 1834.04 1793.40 1809.83 1817.93 1819.40 1913.50 1992.80 2064.23 2092.06 2136.79 2192.78 2213.33 2234.12 2259.71 2221.68 2174.74 2124.17 2047.18 1961.46
1869.75 1872.69 1876.01 1880.27 1856.66 1844.87 1846.35 1782.62 1712.34 1637.61 1687.46 1730.57 1764.42 1765.96 1797.32 1852.78 1946.04 2035.54 2125.43 2162.71 2199.64 2241.44 2210.21 2181.29
2157.74 2080.55 1994.51 1898.81 1863.12 1829.03 1797.17 1760.00 1722.94 1685.33 1669.63 1684.64 1717.13 1773.09 1832.75 1894.66 1935.40 1977.23 2026.28 2037.51 2056.38 2086.77 2040.34 1989.56
1938.39 1931.37 1925.39 1919.92 1899.39 1886.90 1882.25 1891.22 1892.30 1883.83 1853.33 1829.16 1807.04 1942.47 2065.84 2180.62 2247.41 2312.48 2380.32 2380.14 2374.96 2368.97 2331.24 2289.86
2246.98 2173.66 2091.30 1996.20 1949.79 1901.69 1848.34 1967.49 2052.08 2111.44 2119.14 2128.22 2151.57 2201.58 2258.96 2322.40 2313.53 2303.71 2296.26 2295.93 2293.38 2290.52 2274.12 2261.26
2251.27 2185.54 2114.30 2033.25 2043.42 2054.06 2062.17 2035.27 2004.30 1961.83 2009.67 2049.50 2077.67 2144.52 2209.27 2279.07 2310.25 2339.84 2372.58 2358.28 2338.94 2317.89 2269.62 2216.39
2160.07 2116.72 2072.58 2028.31 1974.14 1917.16 1854.48 1954.61 2032.26 2094.14 2095.13 2105.99 2116.12 2147.33 2180.39 2215.98 2236.13 2255.82 2277.85 2281.79 2284.45 2291.33 2221.86 2141.70
2049.94 1995.47 1937.34 1875.39 1863.09 1850.96 1837.80 1922.87 1989.46 2033.27 2084.98 2128.31 2164.59 2218.99 2273.76 2331.50 2358.26 2384.50 2415.28 2389.76 2358.65 2324.74 2254.38 2174.33
2083.52 2015.47 1941.91 1860.84 1850.04 1839.90 1828.17 1857.49 1873.01 1875.85 1900.45 1929.79 1955.62 1989.71 2039.16 2100.52 2157.98 2220.20 2289.87 2251.25 2205.08 2157.19 2083.72 1995.19
1888.67 1861.18 1844.13 1840.48 1771.50 1710.81 1669.85 1691.05 1706.71 1713.66 1720.38 1727.76 1729.86 1838.52 1932.86 2025.16 2055.81 2086.24 2121.94 2099.36 2071.73 2038.18 1961.51 1875.52
1780.28 1715.11 1642.51 1561.97 1581.30 1642.35 1720.16 1786.30 1840.43 1883.73 1883.45 1888.42 1874.44 1819.21 1798.70 1816.86 1862.64 1918.87 1987.06 1974.78 1976.56 1995.58 1953.96 1908.02
1870.45 1867.41 1874.37 1896.14 1820.66 1737.00 1642.91 1570.49 1502.18 1439.97 1325.00 1448.49 1598.16 1607.37 1620.97 1641.98 1697.02 1761.77 1837.77 1841.68 1856.14 1884.42 1909.01 1938.63
1974.34 1953.80 1937.38 1929.42 1915.02 1900.81 1886.43 1843.47 1792.32 1734.49 1627.50 1626.52 1692.65 1665.27 1674.93 1717.48 1714.34 1715.29 1731.45 1785.09 1854.50 1934.21 1912.19 1888.04
1860.83 1666.39 1371.67 1021.37 1591.76 1900.98 2125.50 2281.67 2410.79 2520.93 2484.15 2455.82 2434.24 2410.13 2389.37 2372.73 2345.91 2317.84 2295.92 2239.08 2168.33 2082.37 2107.32 2133.98
2162.00 2128.59 2092.39 2051.29 2040.95 2031.46 2024.02 2073.36 2105.48 2126.16 2003.07 1877.93 1744.59 1776.09 1809.00 1845.68 1861.04 1888.72 1935.09 1955.68 1982.79 2016.92 2014.19 2016.60
2024.78 2019.27 2014.75 2011.06 1997.06 1983.31 1967.73 1949.90 1932.03 1912.05 2055.33 2208.30 2337.94 2354.37 2373.58 2400.58 2428.60 2456.31 2486.97 2483.09 2478.57 2474.60 2403.75 2324.36
2234.85 2265.53 2295.44 2325.61 2328.60 2333.72 2340.42 2362.18 2377.21 2386.46 2381.38 2376.26 2366.82 2356.51 2350.87 2348.89 2381.38 2416.68 2458.12 2468.98 2477.66 2489.17 2418.09 2339.47
2254.51 2229.07 2203.81 2170.68 1685.67 1616.53 2125.80 2443.70 2719.02 2969.76 2997.57 3026.62 3056.98 3029.13 3001.20 2968.93 2891.09 2812.43 2734.81 2704.06 2672.10 2640.02 2625.43 2612.68
2601.99 2603.10 2603.91 2605.59 2618.34 2630.37 2642.74 2622.41 2599.65 2575.18 2465.16 2350.98 2230.56 2152.58 2072.36 1987.59 1976.27 1975.92 1992.25 1911.62 1827.59 1745.82 1735.39 1725.75
1719.92 1662.80 1808.11 1999.85 1928.09 1858.38 1799.33 1728.19 1661.01 1611.60 1651.05 1711.17 1778.93 1817.47 1856.52 1894.19 1926.12 1975.23 2040.27 1996.09 1957.90 1933.20 1816.36 1677.66
1507.34 1589.16 1661.24 1727.01 1663.63 1595.33 1516.64 1497.84 1549.58 1629.29 1711.31 1779.68 1833.81 1884.29 1931.36 1971.08 1990.84 2040.38 2112.34 2147.69 2183.68 2220.82 2189.01 2162.14
2146.33 2103.82 2067.63 2041.27 1982.10 1918.82 1850.99 1924.73 1976.06 2014.51 1991.11 1980.25 1991.69 1868.85 1749.61 1660.71 1542.95 1383.91 1161.10 1360.08 1682.86 1915.23 1893.88 1883.56
1886.24 1731.33 1613.20 1642.96 1766.59 2172.97 2482.36 2554.35 2622.82 2689.09 2652.60 2617.33 2574.61 2537.40 2502.25 2463.80 2401.26 2326.03 2239.67 2203.50 2161.74 2111.79 2093.82 2073.78
2053.32 2082.09 2111.98 2141.84 2134.99 2128.19 2118.63 2077.54 2029.78 1983.53 1965.18 1965.11 1999.19 1931.00 1867.67 1806.45 1831.03 1855.32 1882.09 1915.40 1958.50 2011.60 1995.10 1980.24
1967.24 1885.48 1869.70 1937.59 1831.62 1711.10 1571.41 1462.61 1356.29 1286.79 1700.61 1930.02 2078.14 2135.05 2188.23 2238.65 2218.07 2194.88 2170.40 2143.56 2118.28 2097.33 2076.74 2057.59
2039.68 2019.46 1998.12 1977.36 1951.19 1929.61 1913.29 1906.23 1891.13 1869.07 1904.82 1943.27 1981.56 1885.06 1785.11 1680.20 1674.98 1667.33 1661.16 1615.62 1571.75 1539.24 1643.91 1737.28
1824.62 1832.18 1838.73 1845.14 1777.76 1727.96 1706.81 1704.25 1696.74 1684.85 1866.99 2031.96 2154.81 2214.30 2271.90 2334.28 2363.16 2395.93 2434.07 2431.40 2426.75 2419.24 2422.11 2425.08
2430.38 2419.74 2407.01 2388.24 2183.24 1941.90 1737.61 1280.71 1537.59 1846.43 2114.78 2326.21 2497.59 2409.87 2321.84 2240.31 2203.94 2158.91 2106.38 2128.41 2152.32 2178.39 2187.85 2200.95
2219.71 2216.60 2213.69 2210.27 2197.98 2184.65 2171.77 2083.98 1987.47 1885.97 1840.84 1843.92 1874.23 1853.15 1838.53 1833.70 1935.21 2045.72 2158.83 2167.71 2186.20 2217.32 2206.06 2199.34
2196.98 2177.46 2159.15 2141.36 2154.08 2169.67 2190.13 2091.09 1978.09 1854.24 2041.57 2198.19 2315.67 2338.26 2362.06 2391.85 2395.45 2399.92 2403.18 2381.24 2357.57 2331.51 2262.12 2187.50
2108.97 2103.56 2099.11 2093.79 2129.46 2164.07 2195.89 2200.09 2196.77 2190.78 2182.51 2177.24 2173.23 2220.63 2271.12 2334.66 2341.19 2346.31 2351.91 2109.28 1833.70 1816.84 2168.91 2544.33
2870.11 2813.97 2764.24 2725.13 2720.67 2722.52 2731.11 2834.30 2926.52 3004.82 2921.42 2839.28 2759.58 2765.31 2773.31 2785.22 2775.82 2765.27 2752.74 2744.30 2735.57 2726.60 2696.28 2664.12
2631.47 2569.11 2504.38 2438.88 2393.58 2363.35 2354.28 2372.07 2380.89 2386.21 2262.43 2138.32 2011.17 1947.94 1891.20 1843.56 1713.98 1550.84 1383.10 1387.32 1578.26 1760.72 1864.12 1995.43
2128.50 2143.51 2159.64 2177.68 2182.73 2187.13 2192.06 2072.76 1952.30 1843.13 1935.71 2022.90 2094.69 2063.75 2053.65 2066.58 2094.13 2122.74 2150.85 2155.68 2160.96 2168.13 2149.07 2132.96
2123.50 2100.66 2076.60 2051.84 1902.61 1742.96 1633.27 1679.58 1726.36 1768.49 1840.36 1982.03 2112.41 2149.32 2186.88 2229.67 2205.36 2178.70 2148.15 2187.60 2232.44 2282.05 2207.73 2130.23
2053.59 2002.21 1953.06 1908.80 1946.05 1997.39 2057.01 2057.83 2056.51 2052.18 2020.80 2029.01 2065.17 2127.93 2187.43 2241.10 2241.37 2243.80 2245.73 2201.34 2153.05 2101.24 2044.44 1987.79
1934.47 1873.21 1806.62 1738.67 1747.20 1769.18 1800.33 2025.14 2228.69 2407.71 2452.58 2506.76 2567.62 2593.31 2621.17 2646.94 2666.91 2685.47 2703.07 2793.89 2880.46 2966.73 3027.53 3087.17
3147.71 3086.82 3020.81 2948.76 2879.52 2804.92 2724.48 2762.68 2788.09 2808.99 2704.68 2600.81 2495.98 2489.24 2485.21 2484.60 2424.36 2352.50 2261.46 2265.72 2267.62 2270.88 2164.38 2047.40
1916.80 1705.42 1516.40 1647.26 1729.40 1823.75 1925.76 1879.02 1828.80 1778.85 1932.27 2047.04 2138.89 2118.80 2106.68 2100.27 2120.11 2141.06 2160.17 2066.18 1960.15 1834.28 1682.91 1680.97
1865.67 1817.47 1765.65 1711.20 1909.19 2095.73 2255.75 2264.02 2263.07 2257.65 2264.57 2290.13 2327.18 2282.47 2242.53 2205.67 2207.20 2208.30 2204.69 2149.90 2093.06 2035.21 2021.23 2007.11
1992.15 1983.69 1974.42 1966.14 1884.55 1796.16 1701.52 1605.37 1585.88 1623.31 1834.68 2003.57 2133.45 2164.64 2199.69 2236.85 2222.95 2207.92 2184.92 2197.60 2212.29 2231.36 2219.75 2207.25
2194.61 2168.72 2143.67 2116.77 2063.53 2017.26 1981.15 2019.31 2048.11 2070.26 2178.36 2262.05 2332.25 2295.00 2276.59 2272.83 2210.81 2141.88 2058.19 2062.21 2065.91 2072.19 2050.93 2031.90
2016.35 1996.31 1979.65 1964.39 1902.24 1894.80 1945.70 1833.59 1703.57 1559.18 1600.27 1632.35 1655.46 1764.15 1864.55 1957.00 1954.11 1952.70 1945.24 1928.84 1922.52 1932.74 1914.83 1908.88
1919.39 1918.57 1920.52 1927.01 1926.06 1931.49 1945.50 1922.58 1897.15 1875.85 2039.37 2162.83 2257.32 2277.70 2302.28 2331.02 2266.60 2196.89 2119.25 2134.86 2153.96 2179.31 2135.65 2087.25
2034.89 1991.91 1944.60 1893.79 1895.49 1897.42 1898.43 1704.38 1547.13 1618.78 1737.01 1900.32 2063.56 2060.62 2104.34 2175.60 2351.09 2515.75 2668.52 2723.67 2783.96 2849.73 2840.64 2830.53
2819.86 2814.98 2809.22 2803.93 2784.27 2763.41 2742.19 2747.22 2750.21 2752.64 2712.66 2671.64 2630.34 2566.31 2500.85 2425.40 2333.40 2235.41 2129.28 2101.32 2073.97 2047.07 2019.35 1989.94
1960.78 1956.08 1959.43 1972.16 1926.11 1876.68 1825.20 1654.72 1475.33 1416.94 1175.50 1154.59 1335.19 1619.04 1813.45 1968.28 2012.34 2059.85 2102.38 2113.38 2127.40 2145.89 2139.67 2143.44
2158.03 2164.87 2170.26 2176.69 2160.63 2144.13 2126.72 2087.45 2042.02 1992.93 2089.85 2169.81 2238.41 2257.44 2280.36 2308.98 2300.21 2290.29 2276.28 2318.90 2360.96 2401.57 2395.50 2392.46
2391.70 2336.91 2279.27 2218.34 2183.05 2147.47 2110.50 2133.06 2146.69 2160.44 2063.15 1978.30 1920.57 1654.22 1884.49 2202.47 2527.92 2822.69 3094.77 3142.18 3187.68 3233.67 3237.14 3240.46
3244.20 3243.10 3242.20 3241.31 3238.04 3235.23 3234.27 3206.63 3171.56 3137.39 3080.35 3024.21 2969.62 2888.19 2814.37 2748.09 2700.22 2644.97 2578.67 2506.22 2427.09 2341.18 2315.80 2291.67
2267.29 2222.78 2192.00 2181.84 2092.96 2009.72 1946.64 1833.63 1815.41 1903.22 1986.75 2103.69 2238.39 2167.22 2092.82 2013.45 2077.77 2138.39 2194.38 2028.03 1845.67 1722.34 1686.17 1692.46
1744.40 1502.64 1459.54 1682.23 1767.95 1891.65 2014.48 2003.91 2001.05 2010.25 2025.50 2056.92 2098.59 2215.85 2320.21 2414.00 2458.69 2501.94 2544.96 2465.74 2380.36 2290.65 2256.85 2221.38
2187.07 2209.23 2231.57 2255.07 2256.12 2258.41 2261.76 2242.67 2212.85 2179.43 2164.23 2150.31 2137.35 2058.57 1987.13 1928.09 1974.76 2027.34 2079.98 2059.44 2039.26 2017.65 2009.19 2005.93
2007.12 1949.92 1891.66 1833.80 1789.64 1787.90 1829.80 1740.21 1626.58 1504.92 1498.68 1709.17 1886.86 1905.39 1930.14 1958.87 2040.82 2123.06 2197.91 2214.44 2230.22 2247.05 2240.74 2237.00
2236.24 2202.54 2165.71 2128.78 2100.65 2070.25 2036.30 1961.42 1874.12 1785.99 1893.50 2006.31 2100.84 2073.95 2049.73 2036.22 1977.35 1911.14 1828.62 1870.05 1910.34 1953.10 1853.60 1755.51
1670.93 1734.73 1798.44 1860.68 1823.26 1822.13 1864.06 1816.74 1754.49 1682.84 1486.45 1404.89 1508.27 1498.69 1510.04 1543.15 1545.73 1588.50 1657.36 1667.25 1715.93 1790.80 1882.32 1981.22
2080.78 2050.55 2022.96 1997.46 1941.96 1882.92 1817.53 1693.46 1534.65 1332.64 1503.48 1638.91 1738.16 1867.57 1985.78 2093.78 2105.31 2118.94 2127.37 2180.93 2234.05 2286.79 2236.80 2185.73
2136.55 2126.59 2121.41 2118.56 2164.37 2208.34 2250.08 2248.12 2237.51 2225.80 2330.42 2425.30 2509.15 2532.08 2557.05 2584.66 2560.24 2534.22 2503.02 2519.10 2535.33 2552.07 2583.77 2614.34
2644.73 2589.06 2531.48 2470.75 2459.62 2453.92 2454.98 2426.81 2396.75 2366.44 2390.42 2412.48 2433.32 2400.57 2385.77 2396.05 2385.23 2371.06 2350.49 2345.72 2339.47 2333.83 2327.05 2320.60
2316.19 2273.16 2226.90 2177.50 2143.36 2110.04 2077.34 1938.85 1809.56 1747.95 1662.51 1923.41 2166.97 2225.42 2298.00 2377.03 2321.99 2256.99 2177.18 2222.23 2267.36 2314.40 2254.02 2185.31
2105.37 2103.15 2098.96 2095.79 1881.61 1571.63 1194.60 1346.53 1628.92 1802.75 1761.97 1729.67 1698.78 1785.10 1863.63 1939.64 1938.61 1979.36 2053.11 1974.06 1884.02 1778.58 1773.94 1777.37
1791.27 1611.85 1395.43 1337.37 1414.85 1492.83 1562.65 1557.31 1556.77 1559.22 1755.19 1895.72 1998.79 2058.59 2116.14 2173.04 2178.47 2186.23 2188.07 2221.63 2254.86 2288.84 2298.39 2308.96
2318.72 2334.43 2352.15 2370.49 2355.59 2339.89 2324.86 2312.95 2292.27 2266.47 2286.35 2299.74 2308.53 2270.41 2237.14 2210.81 2203.99 2198.73 2187.21 2245.42 2301.53 2354.80 2352.43 2353.64
2357.12 2349.92 2342.31 2335.87 2329.89 2326.15 2325.52 2309.46 2293.74 2280.16 2302.84 2319.09 2321.41 2305.23 2297.84 2293.93 2227.54 2145.43 2037.56 2054.97 2074.34 2097.05 1968.76 1845.14
1781.01 1712.81 1995.80 2274.74 2395.51 2515.18 2631.62 2679.06 2718.32 2756.79 2715.26 2674.48 2638.85 2602.17 2567.66 2533.17 2502.75 2471.20 2430.81 2423.89 2417.23 2410.41 2404.42 2404.53
2411.74 2357.38 2301.97 2243.65 2149.51 2060.97 1989.29 1963.24 1933.84 1903.11 1916.51 1933.18 1949.48 1818.50 1674.17 1499.86 1637.40 1773.28 1890.85 1954.08 2022.73 2095.36 2047.13 1992.92
1934.82 1907.03 1909.02 1939.53 1895.48 1897.89 1943.20 1989.43 2024.36 2054.34 2101.85 2152.44 2203.18 2159.44 2121.39 2085.59 2225.73 2355.02 2471.71 2460.83 2455.00 2455.37 2433.21 2422.89
2425.60 2412.29 2399.30 2386.28 2372.21 2359.49 2347.38 2321.62 2291.60 2260.37 2227.96 2204.80 2191.11 2100.01 2058.58 2074.00 2065.12 2068.75 2088.60 2100.72 2119.72 2149.73 2152.13 2154.49
2156.78 2137.64 2163.41 2232.47 2285.49 2358.71 2444.82 2424.97 2398.10 2366.48 2350.77 2337.67 2327.76 2303.62 2288.63 2282.77 2274.46 2264.89 2245.78 2244.69 2247.62 2253.24 2273.88 2294.62
2315.79 2318.24 2320.35 2321.62 2326.79 2331.30 2338.04 2304.84 2263.50 2214.61 2204.20 2197.05 2197.85 2073.52 1937.87 1783.39 1798.97 1832.87 1877.61 1721.25 1648.93 1766.93 1766.14 1806.51
1877.99 1837.50 1793.55 1745.57 1840.03 1927.08 2006.80 1988.70 1967.19 1945.27 2090.92 2195.66 2273.54 2279.82 2290.90 2306.94 2273.26 2239.33 2200.91 2156.51 2111.95 2066.52 2000.44 1952.78
1940.28 1857.57 1921.09 2091.31 2137.78 2202.42 2277.86 2253.57 2220.39 2180.56 2087.40 2004.01 1933.94 1827.19 1760.85 1756.90 1832.47 1908.25 1975.43 1924.88 1869.56 1812.33 1816.36 1850.86
1909.11 1819.05 1796.34 1859.91 1903.75 1949.52 1996.19 1947.06 1896.94 1846.22 2020.26 2149.49 2246.16 2296.93 2351.10 2404.55 2341.26 2267.19 2170.47 2177.51 2185.63 2192.60 2172.92 2154.96
2141.93 2132.71 2131.87 2139.60 2126.76 2130.40 2154.21 2149.44 2344.62 2553.94 2515.99 2482.11 2453.65 2442.93 2441.38 2446.85 2386.38 2313.44 2215.73 2235.16 2254.22 2274.66 2298.91 2323.25
2347.32 2317.70 2284.22 2248.15 2256.26 2265.05 2275.54 2239.31 2194.34 2141.36 2046.59 1951.42 1856.73 1698.97 1566.08 1540.33 1613.26 1738.67 1866.10 1939.36 2008.35 2076.87 2100.21 2136.54
2183.81 2185.54 2188.61 2193.01 2204.01 2215.91 2228.55 2204.48 2172.17 2132.60 2252.29 2347.40 2422.58 2436.53 2452.49 2470.32 2409.21 2338.77 2249.42 2270.71 2292.77 2315.30 2320.26 2327.09
2336.56 2312.10 2288.21 2262.48 2211.35 2156.26 2097.04 2090.81 2077.71 2056.73 1971.68 1879.19 1783.75 1492.91 969.82 1330.62 1618.19 1845.62 2029.83 2136.25 2255.17 2374.52 2550.29 2717.45
2876.96 2902.86 2931.48 2963.95 2984.96 3004.29 3023.54 2979.54 2931.67 2881.66 2877.70 2874.04 2871.94 2822.30 2772.65 2720.92 2690.25 2658.37 2626.99 2593.32 2559.99 2529.27 2497.66 2464.54
2430.32 2375.09 2316.60 2254.55 2257.64 2262.12 2265.52 2255.39 2241.96 2225.20 2232.40 2242.09 2255.52 2163.81 2082.71 2019.03 2076.16 2139.53 2200.77 2215.02 2229.73 2244.58 2250.66 2258.00
2265.98 2258.09 2259.39 2268.53 2213.71 2167.18 2135.48 1907.66 1648.65 1542.05 1524.90 1780.77 1980.68 2038.44 2105.82 2173.22 2165.08 2160.07 2147.71 2138.11 2128.61 2118.27 2123.03 2130.88
2144.30 2159.01 2176.13 2195.18 2206.18 2220.68 2238.89 2262.20 2276.43 2281.94 2313.73 2358.28 2410.32 2354.95 2310.14 2275.29 2192.56 2116.55 2059.07 1979.30 1889.63 1786.57 1761.14 1733.43
1705.12 1591.40 1446.93 1267.89 1265.48 1264.31 1256.86 1286.71 1448.50 1573.41 1670.11 1740.35 1793.73 1894.05 2009.53 2118.80 2143.12 2169.44 2192.73 2196.79 2200.88 2205.16 2186.40 2166.83
2147.30 2144.74 2141.84 2139.84 2145.14 2159.04 2180.67 2180.87 2175.12 2161.57 2218.03 2285.91 2338.44 2302.13 2270.37 2242.22 2212.22 2178.67 2133.92 2142.38 2151.92 2165.24 2143.59 2121.11
2097.68 2089.15 2080.54 2069.89 2041.34 2008.46 1971.56 1625.56 1387.42 1728.39 2033.13 2257.28 2428.87 2524.49 2621.18 2718.43 2763.39 2808.96 2851.74 2820.85 2786.12 2747.63 2813.07 2876.62
2939.48 2921.83 2902.36 2881.65 2869.06 2855.68 2841.53 2868.00 2888.24 2900.92 2887.33 2875.12 2863.89 2852.83 2848.11 2845.68 2786.75 2721.54 2643.78 2548.45 2444.14 2336.04 2337.49 2346.08
2360.86 2364.24 2376.62 2395.37 2292.25 2200.88 2140.80 2089.55 2040.91 1992.11 1998.86 2003.56 2000.49 1952.86 1919.00 1899.91 1731.60 1534.48 1511.57 1187.91 1438.88 1722.94 1845.36 1958.55
2060.27 2101.71 2142.98 2183.21 2186.60 2189.97 2192.53 2010.80 1782.35 1482.15 1716.33 1867.69 1980.83 2094.89 2207.19 2313.01 2278.43 2260.98 2262.52 2271.45 2280.91 2288.22 2241.28 2191.79
2134.34 2053.12 1971.81 1888.94 1991.98 2104.76 2215.39 2188.90 2159.95 2130.79 2143.46 2159.06 2176.98 2152.86 2126.18 2101.94 2093.11 2086.48 2082.05 2029.77 1972.53 1911.22 1907.74 1972.61
2077.85 1963.08 1827.74 1665.20 1404.76 1503.68 1759.03 1758.61 1870.76 1997.98 1932.52 1897.12 1889.00 1836.15 1786.46 1740.04 1711.93 1745.34 1826.30 1966.02 2090.78 2205.17 2179.20 2159.11
2148.83 2019.83 1915.45 1900.29 1911.39 1941.63 1988.52 1910.05 1854.31 1833.84 1752.53 1719.46 1739.28 1784.97 1872.66 1971.06 1952.68 1937.24 1918.46 1778.27 1594.86 1344.64 1322.56 1458.12
1610.61 1527.82 1423.05 1302.75 1209.26 1213.30 1217.68 1324.32 1506.87 1637.47 1614.31 1615.05 1621.74 1465.50 1298.79 1163.53 1424.20 1709.39 1922.79 1874.74 1891.72 1974.78 1923.14 1867.43
1807.85 1827.88 1849.96 1872.81 1837.10 1798.71 1757.60 1736.39 1725.37 1721.31 1690.34 1727.42 1790.63 1830.81 1873.68 1914.89 1986.19 2061.04 2132.22 2182.81 2235.00 2287.52 2256.68 2249.04
2266.71 2241.88 2233.60 2242.16 2225.96 2209.58 2192.55 2182.72 2172.60 2155.49 2136.76 2117.26 2096.79 2090.83 2090.36 2091.92 2075.62 2084.87 2119.79 2132.10 2144.47 2157.44 2133.00 2106.87
2080.01 2083.87 2089.03 2096.67 1951.32 1793.81 1667.11 1765.75 1847.47 1906.83 1912.02 1919.53 1932.84 1919.71 1909.86 1899.12 1877.64 1855.65 1828.92 1902.70 1970.49 2035.78 2038.60 2043.53
2052.18 2022.54 1990.54 1959.82 1955.91 1956.66 1962.18 1992.20 2064.37 2143.37 2077.00 2111.10 2199.61 2216.88 2242.96 2273.27 2262.48 2254.47 2246.45 2237.72 2231.93 2229.11 2254.75 2280.33
2307.23 2317.70 2329.22 2341.28 2341.16 2342.97 2348.76 2385.13 2415.93 2438.21 2446.94 2478.78 2519.77 2477.56 2456.39 2452.37 2321.34 2165.90 1971.86 1932.44 1905.00 1897.68 1793.88 1684.30
1597.88 1365.38 1400.18 1646.08 1783.15 1977.51 2157.92 2206.57 2259.00 2304.94 2359.31 2414.17 2461.58 2461.63 2507.13 2588.60 2502.66 2399.06 2270.65 2211.97 2146.69 2075.72 2023.84 1978.36
1946.02 1960.88 1975.27 1994.22 1945.26 1894.11 1842.28 1986.51 2099.94 2187.50 2206.81 2277.60 2364.53 2290.93 2219.72 2148.94 2177.97 2213.52 2248.66 2254.86 2261.89 2268.83 2217.71 2162.53
2101.83 2136.43 2168.91 2201.50 2152.36 2101.11 2046.03 2074.71 2098.00 2108.68 1995.25 1876.03 1759.02 1659.02 1652.35 1733.15 1823.12 1937.00 2049.56 2045.53 2046.45 2048.85 1995.40 1972.55
