2304.30 2372.60 2437.99 2501.56 2544.48 2587.31 2630.48 2679.89 2724.87 2762.56 2749.80 2738.53 2729.20 2736.50 2748.89 2765.84 2660.39 2542.03 2401.59 2404.53 2405.58 2405.86 2420.88 2435.81
2450.02 2466.60 2479.91 2490.58 2453.31 2424.07 2403.34 2439.76 2478.03 2517.68 2504.12 2493.12 2482.37 2431.04 2382.63 2338.01 2305.98 2274.22 2235.55 2202.00 2168.14 2134.22 2108.82 2086.37
2066.62 2088.52 2106.13 2124.41 2074.91 2039.58 2024.53 2105.38 2197.52 2292.08 2276.03 2260.54 2244.66 2233.93 2244.31 2282.48 2230.77 2178.12 2123.56 2245.84 2359.03 2463.71 2459.64 2457.15
2456.78 2406.33 2353.96 2300.77 2321.52 2342.12 2364.10 2330.00 2302.16 2276.73 2293.90 2304.97 2314.06 2242.38 2172.59 2105.21 1987.80 1839.11 1642.90 1406.13 1684.26 1955.22 2068.70 2186.72
2303.78 2280.79 2258.04 2237.83 2243.72 2250.12 2255.75 2199.84 2140.22 2069.39 2018.85 1974.44 1938.65 1983.95 2031.46 2079.90 2131.72 2186.56 2237.50 2234.25 2235.65 2241.70 2240.48 2239.44
2239.09 2234.74 2234.33 2236.49 2243.46 2252.59 2265.01 2295.09 2320.74 2335.38 2387.13 2428.10 2461.56 2484.28 2510.85 2540.92 2503.01 2462.80 2415.06 2417.89 2420.33 2423.19 2422.50 2424.53
2427.08 2430.08 2434.76 2440.08 2409.11 2377.39 2344.52 2331.12 2316.85 2301.34 2177.26 2090.37 2059.83 2031.69 2010.90 1999.16 2032.07 2071.31 2111.88 2136.74 2166.51 2199.36 2216.36 2235.19
2254.01 2259.39 2264.90 2270.93 2188.44 2108.88 2043.64 2002.12 1979.66 1974.03 1924.45 1985.40 2098.18 2157.07 2242.69 2339.14 2313.04 2283.62 2242.24 2278.58 2320.29 2366.80 2382.55 2397.69
2413.84 2365.85 2313.46 2257.61 2238.35 2219.37 2196.39 2173.23 2162.51 2154.87 2113.85 2158.63 2249.04 2202.24 2158.77 2119.10 2128.05 2138.35 2144.44 2003.72 1836.52 1645.97 1498.14 1310.78
1210.01 1499.95 1801.64 2009.42 1911.48 1798.75 1664.96 1757.76 1846.90 1914.15 1980.29 2048.35 2115.50 2212.33 2301.34 2381.15 2358.89 2336.00 2312.35 2292.01 2273.44 2257.13 2227.17 2197.40
2168.87 2187.09 2208.82 2232.45 2247.27 2263.26 2279.49 2376.31 2462.67 2535.54 2538.94 2543.80 2550.59 2540.32 2531.74 2524.15 2518.36 2513.38 2507.29 2432.58 2358.71 2288.67 2219.62 2144.25
2065.47 2094.38 2111.48 2113.87 2042.97 2087.38 2216.70 2366.35 2523.20 2663.82 2704.39 2744.17 2785.86 2786.63 2792.20 2802.51 2722.92 2635.46 2534.95 2523.65 2523.01 2533.68 2465.27 2388.60
2306.92 2290.96 2274.87 2258.50 2209.40 2158.49 2105.97 2209.12 2297.17 2364.31 2357.62 2357.82 2365.05 2324.19 2284.58 2248.74 2228.95 2214.86 2201.38 2175.97 2149.24 2121.04 2107.07 2093.37
2082.30 2055.62 2028.55 1996.87 1973.95 1951.75 1930.43 1906.59 1923.34 1964.23 1919.87 1874.49 1831.52 1791.26 1763.80 1752.91 1525.68 1407.60 1644.68 1559.92 1509.83 1537.98 1689.69 1815.50
1921.98 1933.88 1972.63 2030.24 2020.17 2030.84 2062.85 2031.94 2000.74 1962.29 2073.51 2159.83 2232.25 2213.90 2207.30 2209.24 2168.46 2123.68 2069.32 2102.40 2146.82 2202.49 2197.00 2194.15
2193.87 2195.05 2199.99 2208.39 2212.52 2217.61 2222.07 2240.31 2253.71 2257.24 2329.56 2398.28 2460.42 2476.51 2497.59 2522.68 2489.39 2457.00 2425.62 2438.59 2451.93 2462.90 2471.92 2477.00
2481.93 2433.91 2392.65 2361.02 2302.27 2246.11 2197.76 2150.09 2124.20 2116.86 2064.64 2132.93 2230.68 2180.80 2138.78 2098.33 1932.97 1771.93 1762.24 1705.15 1652.08 1612.35 1490.38 1502.75
1644.68 1802.64 1934.37 2040.63 2117.23 2183.01 2245.89 2323.61 2389.97 2442.00 2480.36 2510.40 2533.42 2562.58 2592.66 2617.47 2564.29 2507.86 2443.37 2386.81 2326.05 2259.89 2254.56 2266.01
2296.96 2258.49 2575.62 2919.88 2985.09 3050.12 3114.86 3139.67 3163.68 3183.53 3186.96 3191.47 3193.02 3151.85 3113.98 3081.75 3021.10 2957.08 2888.37 2828.76 2765.54 2701.59 2638.68 2569.60
2493.52 2428.06 2357.31 2280.73 2190.00 2102.18 2026.71 2013.04 1994.10 1966.59 1744.72 1638.23 1720.08 1815.47 2002.24 2178.35 2189.73 2229.25 2291.85 2289.39 2290.13 2293.74 2301.14 2313.31
2329.64 2299.14 2267.21 2234.21 2309.03 2380.67 2448.91 2531.29 2601.42 2656.71 2715.06 2761.62 2799.78 2825.66 2853.08 2881.06 2840.32 2798.22 2751.14 2771.35 2791.30 2809.57 2810.79 2812.22
2813.25 2798.12 2782.31 2765.82 2753.10 2735.94 2718.52 2694.19 2666.77 2634.01 2554.97 2473.20 2390.50 2335.65 2281.16 2227.44 2034.85 1856.12 1866.32 2198.59 2613.17 2955.95 2982.96 3008.71
3036.29 2951.26 2857.20 2752.11 2798.08 2844.02 2891.87 2858.67 2820.60 2776.83 2784.42 2788.94 2792.09 2716.23 2641.13 2566.58 2483.66 2387.66 2271.56 2128.45 2000.85 1961.33 1885.89 1959.95
2125.63 2143.29 2159.48 2163.38 2164.48 2168.27 2174.90 2100.84 2017.50 1926.55 1928.42 1913.76 1903.90 1930.80 2012.23 2105.51 2134.79 2184.92 2251.92 2251.31 2278.81 2331.39 2342.10 2344.42
2347.30 2324.97 2303.84 2286.47 2199.10 2152.91 2169.07 2093.72 2009.30 1908.71 1925.60 2008.02 2110.33 2078.66 2050.66 2027.10 2015.86 2001.91 1975.13 1888.05 1885.38 1972.76 1991.23 2010.57
2024.07 2025.57 2026.13 2031.41 2059.60 2089.84 2123.43 2035.20 1930.78 1802.93 1300.56 1439.52 1805.95 1598.55 1304.17 1080.80 1371.90 1623.91 1812.05 1810.49 1811.46 1816.73 1521.23 1186.82
1576.65 1484.82 1392.40 1329.80 1691.05 1955.41 2160.08 2147.34 2136.70 2123.58 2125.77 2135.47 2149.01 2122.00 2101.62 2089.40 1947.47 1779.90 1610.02 1735.48 2022.70 2265.59 2275.15 2284.18
2294.73 2286.44 2278.32 2270.10 2286.89 2308.13 2332.35 2282.43 2230.06 2171.41 1870.27 1711.78 1812.33 2105.76 2456.69 2736.13 2800.88 2866.87 2926.91 2912.73 2898.71 2884.46 2830.93 2770.96
2708.01 2673.14 2636.93 2601.67 2465.59 2319.97 2180.93 2048.98 1892.41 1698.96 1482.40 1334.54 1443.70 1406.38 1368.11 1338.63 1628.31 1821.69 1981.75 2027.65 2087.35 2154.51 2150.26 2148.62
2149.25 1994.65 1860.60 1836.95 1805.18 1824.58 1886.17 1815.22 1738.39 1657.09 1897.48 2075.81 2212.84 2320.62 2419.82 2510.63 2430.92 2341.70 2241.04 2273.57 2305.63 2337.03 2312.44 2288.48
2263.28 2247.93 2231.98 2210.96 2249.80 2286.49 2316.43 2340.27 2359.17 2370.51 2384.73 2396.71 2409.10 2423.48 2440.25 2457.92 2431.44 2404.00 2376.51 2384.91 2393.64 2401.79 2366.07 2333.74
2305.20 2214.04 2115.89 2017.62 2040.60 2064.51 2093.85 1993.11 1876.21 1730.92 1852.28 1945.81 2020.72 2033.91 2057.34 2092.66 2089.47 2085.57 2085.92 2099.07 2111.03 2123.91 2117.45 2115.16
2117.12 2098.78 2081.97 2063.98 2056.83 2051.30 2046.80 2035.78 2021.53 2000.62 2123.86 2223.71 2310.90 2351.64 2392.80 2433.99 2400.39 2365.02 2330.05 2316.26 2295.12 2274.16 2336.30 2397.54
2455.86 2423.77 2390.75 2357.53 2363.25 2369.85 2373.23 2370.46 2362.51 2347.92 2392.46 2431.97 2468.35 2455.40 2445.65 2443.17 2415.07 2386.34 2358.55 2357.73 2352.15 2347.08 2348.17 2349.55
2351.41 2313.93 2272.92 2230.58 2196.37 2159.03 2119.35 2136.41 2155.28 2171.14 2127.43 2100.38 2089.04 1969.30 1839.50 1697.89 1642.18 1703.66 1854.38 1936.16 2017.32 2092.96 2079.93 2070.15
2064.31 2056.56 2048.82 2042.03 2043.73 2049.43 2060.01 2033.99 2000.91 1957.59 2034.63 2096.05 2146.09 2204.90 2254.80 2307.60 2216.40 2108.21 1977.38 1988.49 2001.51 2017.56 2043.55 2072.25
2103.63 2153.86 2201.80 2247.58 2226.55 2205.29 2184.54 2147.02 2102.30 2042.23 2138.95 2219.34 2287.26 2221.67 2154.88 2094.93 2034.81 1966.82 1884.58 1904.66 1940.87 1988.22 2138.05 2275.16
2400.81 2452.23 2502.18 2550.03 2439.55 2366.87 2366.13 2317.46 2442.44 2649.41 2603.14 2585.60 2614.11 2661.31 2720.37 2789.49 2737.46 2680.58 2622.50 2651.85 2682.50 2719.09 2711.49 2701.31
2694.43 2669.20 2653.42 2650.25 2621.62 2595.80 2570.13 2605.97 2648.10 2692.62 2628.98 2565.97 2511.52 2494.35 2479.29 2466.90 2413.93 2360.71 2308.87 2244.85 2184.66 2132.32 2124.26 2124.02
2129.30 2144.08 2159.19 2175.12 2244.42 2335.51 2434.66 2425.96 2414.90 2402.78 2305.12 2198.76 2087.22 2102.39 2119.12 2137.82 2182.44 2229.48 2278.63 2177.21 2063.95 1932.33 1986.45 2061.56
2134.76 2153.18 2170.90 2189.89 2166.36 2143.60 2118.74 2143.84 2177.20 2204.79 2160.39 2109.58 2044.68 2068.13 2114.86 2171.90 2196.98 2225.55 2259.60 2191.60 2122.22 2057.00 2077.16 2097.64
2119.35 2090.94 2079.63 2085.65 2138.21 2186.79 2215.97 2289.49 2351.53 2405.89 2399.86 2391.51 2380.84 2307.96 2255.12 2245.10 2101.39 1979.89 1949.96 2120.74 2264.93 2396.34 2326.54 2303.63
2341.41 2262.35 2398.53 2627.68 2688.02 2766.75 2861.39 2810.46 2753.24 2690.71 2625.93 2562.98 2504.23 2424.60 2346.83 2276.20 2139.77 1970.47 1763.31 1498.17 1191.15 1389.35 1737.42 1970.37
2154.44 2140.77 2130.39 2124.49 2179.00 2231.77 2274.01 2270.00 2261.38 2256.76 2386.14 2486.10 2566.76 2578.99 2592.55 2610.98 2605.17 2600.99 2600.70 2632.10 2662.68 2685.45 2683.36 2687.70
2697.17 2685.31 2674.30 2666.46 2699.65 2732.19 2764.61 2762.92 2754.71 2739.76 2677.67 2624.49 2580.70 2491.09 2402.31 2319.78 2238.79 2148.68 2057.87 2084.87 2116.66 2153.04 2145.42 2140.39
2136.30 2089.99 2059.82 2051.78 2023.69 1993.47 1960.64 1948.44 1962.60 1992.83 1994.95 2025.86 2063.61 1954.45 1948.91 2025.91 1970.70 2002.10 2131.39 2309.41 2472.13 2625.79 2584.30 2536.94
2483.53 2488.90 2496.14 2506.07 2472.00 2436.74 2401.91 2356.63 2311.44 2269.33 2105.22 1949.05 1836.58 1841.03 1875.21 1931.58 2029.99 2120.99 2204.40 2171.61 2158.50 2173.29 2156.01 2138.49
2122.01 1928.71 1624.46 1347.66 1652.15 1971.45 2206.13 2296.60 2365.57 2425.34 2509.46 2575.83 2635.93 2574.64 2524.17 2490.60 2431.35 2368.87 2304.80 2276.02 2242.17 2207.44 2329.40 2459.42
2587.73 2565.81 2544.41 2522.20 2533.85 2547.74 2565.33 2625.12 2675.00 2717.93 2662.21 2608.15 2560.96 2517.19 2479.57 2451.18 2458.14 2465.92 2475.70 2437.57 2397.92 2358.84 2306.03 2251.17
2194.29 2242.51 2300.08 2359.15 2383.59 2414.28 2448.68 2439.32 2428.30 2416.14 2374.68 2338.52 2310.58 2155.19 1974.01 1753.12 1937.87 2085.37 2210.16 2000.75 1757.11 1677.35 1656.26 1796.85
1973.76 1705.05 1762.01 2014.53 2043.59 2077.00 2102.89 2054.41 2039.39 2059.37 2002.13 1956.82 1927.74 1925.56 1939.66 1955.94 1818.58 1816.83 1966.65 2087.85 2195.72 2293.22 2287.19 2281.11
2273.57 2240.39 2231.95 2247.18 2139.16 2025.47 1908.80 1939.57 1958.74 1972.60 2176.32 2332.74 2466.42 2477.98 2492.36 2506.82 2487.87 2469.57 2461.49 2412.14 2367.28 2331.29 2263.52 2190.37
2109.83 2082.24 2060.66 2047.88 2166.35 2262.46 2348.87 2266.89 2175.14 2077.56 2063.89 2051.01 2024.07 2071.89 2114.34 2156.65 2200.08 2242.61 2287.38 2244.27 2206.21 2160.14 2118.94 2080.60
2052.33 2049.61 2070.70 2120.61 2057.31 2080.12 2167.92 2170.79 2255.29 2376.53 2521.53 2638.06 2740.75 2740.60 2742.44 2750.40 2706.96 2660.75 2614.28 2529.47 2450.67 2399.59 2387.10 2413.67
2477.38 2424.34 2365.13 2287.27 2282.52 2277.66 2275.67 2242.02 2198.22 2148.74 2136.06 2196.93 2290.98 2150.23 1993.53 1815.36 1848.39 1886.00 1932.42 1974.85 2013.18 2052.54 2037.51 2031.03
2033.37 2108.49 2177.95 2244.52 2206.71 2166.92 2122.52 2076.93 2054.94 2060.80 2242.56 2385.10 2499.34 2497.35 2497.68 2501.42 2408.49 2302.25 2181.59 2217.99 2255.41 2294.46 2266.17 2240.25
2215.23 2191.61 2172.74 2157.95 2107.71 2079.05 2074.53 2054.27 2023.64 1990.38 2008.90 2021.38 2035.72 2114.00 2180.17 2242.98 2285.05 2328.00 2376.19 2411.11 2442.63 2473.07 2423.97 2379.84
2335.88 2252.10 2161.77 2063.46 2066.64 2081.10 2104.12 1984.38 1854.28 1738.24 1610.62 1474.90 1339.72 1546.55 1702.93 1836.57 1781.67 1722.40 1660.56 1537.68 1764.08 2024.29 2206.99 2369.10
2513.13 2502.46 2486.84 2471.45 2523.22 2577.38 2631.90 2646.59 2654.78 2660.22 2599.65 2539.15 2478.34 2428.02 2390.68 2365.91 2227.27 2079.45 1958.28 1875.95 1849.49 1916.33 1896.71 1905.66
1951.39 2012.38 2107.28 2206.37 2200.54 2195.33 2191.41 2139.10 2084.24 2033.96 1943.66 1910.03 1929.32 1895.02 1957.13 2050.59 2031.67 2019.55 2016.05 1957.32 1994.03 2117.48 2144.70 2164.74
2182.78 2204.77 2228.80 2252.67 2285.73 2318.19 2351.80 2308.31 2271.07 2254.34 2172.22 2077.33 1980.16 1924.61 1869.99 1816.10 1944.79 2140.43 2330.46 2374.86 2417.36 2460.64 2428.50 2399.71
2375.70 2377.89 2385.67 2400.41 2520.39 2657.84 2799.70 2829.76 2854.80 2880.89 2913.17 2945.24 2971.67 2974.53 2980.68 2989.36 2957.27 2924.27 2890.33 2876.81 2860.47 2844.17 2851.98 2867.56
2887.70 2884.84 2879.66 2873.90 2896.15 2918.37 2938.02 2910.86 2881.64 2855.14 2830.99 2808.87 2787.56 2772.40 2761.24 2747.84 2715.69 2682.69 2650.36 2531.12 2385.78 2214.26 2179.92 2144.56
2109.92 2132.79 2157.70 2180.96 2154.71 2130.17 2107.46 2223.74 2314.72 2389.36 2399.94 2407.59 2417.06 2336.41 2256.19 2186.89 2125.95 2078.99 2060.65 2000.47 1930.38 1858.21 1744.45 1807.30
1974.09 1778.44 1674.55 1817.18 1561.80 1329.45 1482.74 1675.90 1799.37 1892.43 2166.86 2371.84 2531.46 2540.30 2552.30 2568.84 2551.13 2534.66 2520.60 2493.60 2462.85 2421.01 2413.67 2415.09
2424.72 2468.38 2509.35 2548.26 2566.23 2584.61 2602.56 2636.72 2647.61 2652.78 2587.51 2496.36 2404.62 2427.10 2450.59 2471.47 2444.97 2418.41 2390.77 2429.93 2464.79 2500.25 2506.63 2516.06
2530.42 2550.76 2569.30 2587.05 2529.62 2467.78 2400.75 2319.16 2222.93 2119.53 2111.36 2113.48 2124.11 2079.16 2082.27 2127.41 2081.15 2043.49 2013.20 2070.87 2117.09 2163.48 2230.36 2303.58
2379.58 2385.49 2391.66 2397.48 2405.93 2420.35 2439.35 2412.59 2433.15 2493.11 2512.35 2544.37 2591.00 2500.17 2406.32 2311.50 2168.25 2010.97 1882.49 1663.65 1258.29 1331.36 1561.51 1730.34
1870.91 1912.20 1953.84 1991.18 2005.32 2070.52 2178.27 2200.35 2214.73 2235.41 2315.81 2386.51 2444.89 2459.03 2474.29 2487.60 2509.44 2535.99 2567.17 2495.79 2411.97 2312.29 2339.12 2365.28
2391.13 2408.97 2426.04 2439.87 2446.24 2449.14 2452.55 2446.68 2437.42 2425.38 2403.74 2388.40 2376.06 2350.80 2330.71 2320.56 2314.32 2310.40 2305.33 2282.94 2255.38 2227.68 2220.46 2217.85
2222.47 2210.52 2199.69 2190.38 2214.61 2240.66 2267.51 2294.43 2310.15 2328.58 2318.60 2326.40 2336.30 2373.71 2412.61 2448.32 2445.73 2443.86 2446.43 2500.83 2550.06 2595.57 2671.54 2745.70
2817.09 2839.30 2862.75 2886.93 2847.18 2826.17 2828.88 2703.12 2574.49 2451.88 2524.28 2592.69 2655.91 2652.49 2676.25 2723.45 2680.19 2635.76 2592.76 2560.95 2516.46 2467.67 2465.28 2467.90
2475.67 2423.18 2386.70 2376.01 2423.58 2490.20 2569.17 2496.30 2420.51 2350.80 2412.25 2501.59 2601.08 2563.64 2524.95 2488.97 2402.97 2308.74 2208.73 2218.05 2224.88 2236.15 2247.73 2258.92
2270.92 2298.40 2336.67 2382.43 2356.96 2325.81 2287.95 2410.59 2508.46 2591.15 2576.54 2571.17 2574.69 2526.63 2482.37 2441.84 2378.22 2310.89 2240.88 2221.50 2203.02 2200.65 2204.49 2207.27
2211.90 2236.06 2259.40 2284.87 2279.19 2274.74 2269.32 2169.35 2052.50 1926.69 1896.11 1930.62 1996.12 1943.45 1898.44 1863.29 1828.92 1799.74 1784.25 1824.06 1858.98 1898.81 1918.59 1944.31
1976.13 1919.50 1866.66 1817.91 1784.48 1750.17 1717.83 1613.14 1507.98 1441.48 1445.91 1694.69 1886.29 1771.09 1643.42 1500.56 1653.85 1786.43 1907.91 1832.94 1729.35 1602.00 1714.62 1821.05
1909.08 1853.83 1815.14 1806.13 1864.89 1957.01 2058.53 1930.70 1774.25 1587.08 1452.48 1563.76 1720.11 1801.81 1881.07 1958.00 1963.79 1980.29 2009.61 1975.85 1942.66 1924.54 1872.65 1854.99
1879.42 1888.50 1904.84 1929.57 1812.42 1672.55 1501.48 1561.04 1631.45 1694.39 1906.87 2067.11 2200.54 2230.09 2261.81 2294.26 2282.49 2271.41 2264.47 2236.27 2196.11 2147.01 2116.21 2083.17
2050.19 2032.17 2024.25 2016.13 1916.17 1797.91 1655.22 1647.96 1658.45 1685.47 1796.74 1930.90 2064.89 2013.56 2022.75 2086.49 2045.60 2009.19 1983.57 2033.65 2068.04 2108.30 1905.08 1619.50
1218.40 1428.31 1566.28 1731.02 1844.97 1948.95 2042.28 1975.76 1881.65 1776.69 1775.55 1780.24 1767.11 1655.90 1539.88 1430.64 1357.02 1262.55 1138.14 1263.27 1578.48 1794.24 1776.42 1755.99
1735.41 1895.95 2010.64 2111.18 2045.82 1972.75 1893.97 1791.16 1681.57 1571.21 1784.20 1935.03 2049.99 2094.85 2144.38 2198.30 2246.10 2302.09 2367.19 2328.82 2280.84 2230.88 2237.45 2248.06
2260.87 2251.42 2247.54 2249.41 2230.56 2214.02 2190.16 2227.48 2257.31 2281.78 2331.77 2372.82 2410.32 2374.50 2343.97 2321.49 2338.17 2359.49 2386.94 2363.07 2330.86 2291.92 2356.26 2422.13
2490.88 2447.25 2400.16 2351.56 2288.41 2219.38 2144.68 2233.56 2302.10 2346.30 2278.67 2211.76 2138.05 2061.75 1985.69 1912.26 1864.84 1813.43 1761.91 1696.03 1661.46 1699.12 1385.50 1071.87
1604.57 1773.35 1951.63 2115.39 2182.48 2235.74 2278.01 2327.45 2366.38 2399.66 2376.49 2355.50 2337.43 2359.93 2384.98 2413.06 2384.01 2352.89 2322.76 2280.15 2223.42 2159.37 2159.91 2160.96
2163.59 2157.04 2152.50 2152.05 2124.73 2096.58 2066.21 2039.64 2007.94 1970.71 1820.91 1701.78 1662.78 1717.11 1779.01 1845.30 1891.09 1946.62 2012.60 2056.36 2102.69 2160.69 2153.06 2158.99
2178.75 2175.91 2172.99 2171.49 2171.69 2175.61 2182.77 2220.87 2260.38 2298.91 2325.68 2350.59 2373.26 2366.13 2362.40 2362.25 2353.69 2346.31 2343.73 2327.83 2305.34 2283.55 2283.87 2283.77
2285.46 2268.79 2251.56 2233.45 2214.13 2181.60 2146.86 2263.27 2353.95 2427.89 2446.05 2462.05 2477.21 2503.82 2533.32 2563.36 2553.15 2544.91 2539.55 2520.55 2491.74 2459.25 2434.84 2408.55
2381.64 2319.25 2252.16 2180.03 2186.22 2195.57 2206.79 2321.56 2419.69 2502.43 2511.80 2518.52 2517.58 2528.28 2541.63 2559.58 2539.30 2519.27 2502.75 2503.55 2495.62 2487.27 2493.69 2501.34
2511.02 2499.82 2491.53 2487.26 2210.93 1913.98 1966.67 2248.43 2598.64 2876.18 2912.28 2949.34 2983.06 2930.35 2880.05 2833.30 2837.40 2843.22 2852.19 2824.48 2786.36 2742.54 2680.88 2615.52
2546.42 2578.05 2613.50 2653.07 2620.20 2585.89 2552.95 2579.81 2601.39 2621.24 2566.54 2512.96 2461.68 2441.85 2431.40 2428.25 2423.32 2424.05 2432.17 2352.39 2255.23 2147.77 2151.06 2153.32
2153.08 2078.02 2002.68 1929.95 1867.41 1797.80 1721.34 1596.59 1446.60 1286.42 1228.50 1306.57 1403.87 1411.19 1652.50 1832.84 1897.11 1961.78 2026.64 2001.89 1987.24 2005.23 2089.39 2164.93
2234.73 2240.32 2252.81 2272.30 2254.10 2247.45 2251.16 2237.59 2218.28 2196.89 2180.94 2173.89 2171.84 2163.46 2160.83 2163.19 2173.86 2223.95 2310.71 2301.01 2286.72 2276.22 2254.07 2235.14
2220.76 2217.24 2214.91 2214.32 2194.22 2176.53 2160.84 2188.70 2207.12 2224.35 2316.53 2394.38 2461.69 2529.94 2599.54 2659.33 2667.14 2675.54 2684.07 2683.01 2682.71 2687.80 2695.05 2706.33
2722.44 2686.44 2650.48 2616.29 2521.75 2407.28 2272.11 2246.62 2231.07 2223.31 2013.10 1961.34 2072.23 1895.55 1768.14 1797.42 1799.80 1815.20 1847.57 1933.75 2014.25 2081.48 2075.39 2068.62
2063.83 2045.40 2026.61 2008.11 2004.99 2009.02 2020.29 1989.79 1957.12 1922.96 1957.22 1991.11 2024.58 2051.21 2080.59 2113.32 2114.34 2117.39 2124.96 2123.51 2116.85 2108.33 2038.19 1960.94
1872.20 1923.54 1968.24 2014.72 2060.21 2087.98 2117.75 1962.47 1783.39 1604.57 1760.51 2001.67 2186.98 2293.03 2389.37 2473.17 2432.92 2391.31 2350.40 2270.22 2165.54 2039.41 2021.44 2012.61
2012.76 1955.96 1908.73 1886.76 1825.07 1752.95 1682.51 1569.37 1523.26 1513.37 1305.03 1554.82 1767.32 1678.06 1686.79 1789.31 1870.29 1954.00 2037.47 2015.06 1978.24 1935.81 1794.03 1614.11
1397.29 1102.11 1610.00 1893.78 1950.89 2012.11 2074.45 2121.48 2153.97 2175.88 2097.92 2048.77 2028.33 2069.05 2112.22 2158.37 2093.33 2018.13 1934.36 1970.61 1995.39 2020.75 1927.79 1828.39
1726.71 1584.61 1396.14 1112.43 1119.96 1127.47 1290.28 1328.70 1441.78 1527.64 1633.17 1771.47 1892.49 1922.68 1961.80 2008.38 2018.33 2030.85 2049.46 2093.96 2131.76 2171.92 2179.98 2188.55
2196.81 2237.89 2277.92 2315.42 2296.37 2277.11 2258.55 2330.41 2378.79 2404.13 2414.73 2427.00 2439.45 2450.38 2463.65 2477.28 2500.84 2526.44 2557.66 2571.06 2574.22 2575.01 2568.45 2561.65
2556.37 2430.48 2287.11 2127.41 2090.73 2068.44 2069.68 2006.19 2079.27 2189.10 2291.98 2386.51 2477.59 2382.14 2282.34 2174.15 1950.50 1679.73 1626.99 1836.41 2004.19 2155.08 2133.18 2108.78
2082.90 2132.19 2182.44 2232.54 2218.96 2215.22 2223.17 2327.56 2409.60 2472.07 2502.20 2533.31 2565.05 2547.67 2533.66 2524.05 2533.65 2545.66 2561.03 2465.97 2357.43 2265.08 2245.06 2224.24
2203.50 2327.04 2436.04 2532.89 2591.35 2649.74 2705.40 2726.63 2754.23 2790.39 2589.75 2362.57 2189.10 2259.70 2368.11 2484.05 2425.41 2364.27 2303.80 2582.17 2813.00 3016.46 3005.14 2993.04
2980.35 2935.09 2889.10 2845.57 2705.82 2543.97 2357.75 2366.38 2375.90 2383.92 2328.20 2274.93 2224.64 2157.24 2117.87 2113.96 1983.97 1907.02 1943.83 1995.90 2107.40 2251.64 2263.87 2275.38
2287.47 2281.52 2275.27 2269.80 2263.69 2259.36 2255.08 2305.89 2349.03 2379.97 2443.74 2496.58 2539.49 2517.94 2502.00 2491.97 2473.70 2455.09 2438.73 2415.66 2369.15 2311.42 2370.20 2430.27
2491.27 2438.94 2381.25 2318.17 2299.12 2280.26 2260.09 2355.17 2431.08 2485.34 2489.70 2493.24 2497.80 2511.92 2539.26 2576.05 2567.42 2559.77 2551.27 2567.50 2573.82 2580.14 2542.39 2509.44
2484.53 2454.18 2422.29 2388.47 2320.96 2246.84 2163.59 2258.00 2336.62 2399.31 2383.42 2367.61 2344.92 2339.18 2339.87 2347.21 2337.82 2329.67 2324.29 2312.48 2290.53 2264.96 2226.72 2250.13
2330.33 2186.85 2008.78 1779.40 1680.76 1596.31 1573.09 1808.77 2321.70 2633.92 2636.50 2642.30 2649.82 2682.35 2716.48 2752.88 2693.19 2630.60 2565.52 2460.12 2332.21 2204.60 2220.71 2233.36
2247.51 2270.31 2294.98 2322.42 2327.26 2332.55 2338.94 2413.15 2482.17 2538.90 2559.91 2589.58 2626.36 2582.28 2541.15 2502.80 2426.67 2341.46 2247.21 2196.25 2122.57 2041.06 1877.60 1781.79
1843.77 1812.21 1781.20 1754.23 1693.12 1633.41 1585.56 1672.36 1735.77 1776.89 1909.71 2013.06 2097.35 2110.39 2131.55 2158.74 2143.30 2129.29 2119.77 2153.01 2177.31 2203.93 2201.81 2200.35
2200.06 2206.86 2214.33 2222.00 2203.37 2184.25 2162.21 2214.20 2257.29 2287.89 2342.09 2387.93 2426.07 2452.80 2481.80 2512.62 2508.97 2506.00 2506.22 2479.27 2437.26 2385.47 2384.79 2383.47
2383.33 2385.45 2387.21 2388.53 2323.18 2252.91 2176.02 2228.59 2271.61 2304.08 2267.65 2226.69 2188.97 2214.40 2242.04 2276.14 2288.83 2302.85 2317.96 2307.55 2284.63 2257.92 2274.34 2291.60
2309.07 2230.09 2142.35 2052.39 2084.66 2118.58 2152.49 2126.81 2114.19 2108.24 2092.35 2115.22 2167.47 2113.99 2073.22 2060.99 2014.46 1974.23 1946.61 1863.05 1763.56 1672.64 1475.71 1342.96
1513.15 1619.70 1978.53 2251.60 2060.59 1801.35 1550.28 1588.49 1728.25 1897.42 1747.12 1814.57 1969.63 1992.12 2019.36 2049.50 2056.84 2069.75 2088.98 2035.88 1989.05 1958.23 1978.22 1996.81
2019.66 2043.41 2063.99 2084.13 2074.59 2067.06 2057.46 2052.22 2041.40 2024.25 2031.62 2062.66 2105.51 2132.36 2163.77 2204.11 2145.94 2082.35 2014.80 2025.32 2028.45 2036.98 2055.98 2081.01
2113.15 2095.05 2113.21 2164.44 2146.68 2148.48 2173.11 2163.56 2167.53 2178.25 2081.15 2012.19 1980.66 1982.37 1992.80 2007.71 1977.32 1950.23 1930.66 2014.83 2102.57 2198.83 2179.29 2169.00
2167.84 2156.27 2145.12 2132.90 2139.08 2151.81 2165.46 2196.59 2222.64 2238.34 2293.02 2342.43 2381.69 2361.32 2346.68 2338.71 2250.05 2149.83 2037.19 2037.63 2052.29 2091.70 2041.95 1996.30
1956.24 1974.11 1992.87 2015.47 1997.60 1998.96 2019.36 1986.06 1952.79 1913.41 1993.35 2102.19 2206.02 2235.64 2268.42 2304.91 2321.61 2339.50 2362.31 2388.46 2398.24 2403.21 2432.60 2465.75
2501.96 2462.95 2421.37 2376.10 2337.86 2297.64 2251.19 2271.48 2283.86 2277.82 2321.64 2356.13 2390.97 2356.29 2327.23 2302.97 2263.66 2234.41 2221.65 2202.95 2168.28 2125.22 2119.43 2112.69
2107.79 2120.35 2133.42 2146.80 2155.69 2165.17 2170.08 2275.83 2369.71 2438.20 2485.29 2524.09 2558.61 2555.93 2557.12 2579.45 2568.13 2553.37 2532.74 2490.11 2425.83 2353.28 2325.97 2296.90
2265.08 2247.47 2229.05 2209.50 2188.70 2167.02 2142.93 2168.85 2191.25 2204.10 2130.25 2070.85 2032.40 2174.03 2300.17 2417.79 2358.61 2296.94 2238.69 2271.55 2297.90 2323.25 2239.76 2157.41
2084.97 2024.49 1938.46 1850.80 1911.71 1980.54 2049.07 1938.54 1782.91 1558.15 1528.07 1623.62 1744.92 1712.29 1800.91 1922.74 1969.89 2016.94 2053.82 2060.96 2055.91 2047.47 2042.12 2037.61
2030.29 2021.68 2008.63 1994.93 1961.64 1926.35 1885.47 1887.30 1889.33 1887.10 1916.62 1947.77 1985.17 1998.57 2016.45 2043.28 2001.22 1959.68 1923.85 1852.55 1803.04 1839.54 1815.55 1833.42
1882.68 1856.27 1839.46 1827.74 1869.40 1912.42 1953.49 2058.89 2147.87 2218.94 2166.03 2113.69 2060.39 2033.71 2018.89 2020.70 1973.10 1926.71 1885.80 1897.36 1901.46 1907.45 1872.27 1866.04
1892.99 1945.27 1993.40 2040.56 2013.67 2007.16 2020.90 2072.16 2119.92 2155.82 2155.85 2158.79 2164.78 2166.53 2172.66 2185.51 2202.04 2221.61 2245.42 2213.73 2165.57 2108.95 2172.05 2218.11
2257.21 2242.33 2230.36 2222.03 2187.17 2152.39 2095.79 2075.89 2054.79 2023.86 2048.11 2064.28 2082.07 2064.64 2055.59 2055.35 2065.08 2088.14 2127.54 2128.01 2111.44 2088.43 2075.52 2066.48
2062.53 2041.29 2020.39 2000.57 1930.46 1888.86 1888.30 1852.73 1854.36 1872.42 2042.33 2172.21 2281.79 2290.26 2305.98 2332.46 2375.97 2420.42 2467.53 2439.60 2400.40 2359.61 2370.28 2381.51
2392.46 2295.61 2172.45 2024.11 2047.92 2071.25 2063.91 1997.71 1932.96 1876.43 1932.80 2022.84 2100.98 2182.33 2261.75 2325.75 2311.78 2306.33 2301.56 2229.59 2132.47 2013.75 2017.01 2020.78
2024.94 2017.07 2010.75 2008.72 1727.23 1235.53 1449.47 1849.94 2142.75 2348.73 2422.74 2493.58 2562.41 2539.42 2519.09 2509.05 2521.62 2535.71 2553.16 2536.39 2507.26 2471.95 2506.36 2534.94
2562.80 2552.71 2542.42 2527.74 2525.66 2523.49 2515.90 2498.40 2479.80 2464.51 2429.77 2403.67 2380.00 2357.42 2346.10 2350.78 2341.11 2328.29 2313.72 2187.11 2041.93 1900.20 1903.44 1899.35
1899.09 1867.81 1836.17 1800.26 1856.91 1957.28 2043.22 2020.42 2000.94 1976.76 1977.72 1970.87 1959.59 1818.58 1669.06 1515.16 1509.18 1508.08 1516.57 1744.72 1939.45 2109.54 2102.15 2094.10
2086.42 2055.06 2021.02 1987.26 1989.59 1991.44 1990.67 1895.28 1816.84 1760.82 1749.99 1744.30 1744.71 1625.66 1558.22 1589.62 1424.46 1232.80 1170.36 1172.42 1267.51 1400.19 1504.55 1595.63
1678.27 1749.10 1876.18 2010.58 2049.90 2088.00 2120.01 2009.21 1900.64 1793.05 1766.51 1771.34 1800.51 1760.35 1744.54 1758.10 1798.37 1844.06 1897.37 1898.27 1911.23 1947.47 1939.94 1943.17
1957.71 1894.75 1836.22 1791.14 1679.44 1543.38 1353.94 1411.55 1493.71 1564.75 1650.09 1744.00 1817.16 1606.77 1505.73 1643.01 1804.33 1944.00 2072.02 2058.07 2053.47 2075.82 2054.94 2048.92
2059.61 2046.75 2029.40 2010.74 2007.31 2006.05 1997.75 1930.61 1865.74 1796.54 1799.64 1794.37 1797.82 1807.59 1827.14 1870.05 1890.44 1918.17 1957.56 1995.22 2028.96 2066.97 2060.25 2058.20
2061.44 2044.30 2029.30 2016.29 1990.94 1962.04 1929.01 2027.35 2098.53 2151.33 2137.87 2126.04 2118.51 2130.16 2151.41 2183.57 2202.57 2226.15 2255.67 2233.98 2196.19 2149.09 2207.94 2260.42
2315.50 2317.06 2318.86 2322.11 2283.43 2243.27 2195.05 2267.27 2323.66 2359.47 2367.41 2373.89 2382.86 2400.51 2423.95 2452.86 2474.29 2495.31 2518.34 2523.54 2520.17 2514.95 2501.34 2489.99
2481.57 2478.40 2476.13 2474.46 2469.48 2466.52 2461.23 2514.34 2556.03 2595.28 2560.29 2523.45 2497.38 2449.19 2404.62 2339.89 2308.26 2277.00 2248.18 2189.36 2103.36 1994.23 2008.72 2024.55
2042.09 2032.73 2029.86 2034.43 1935.15 1847.64 1794.58 1656.63 1704.19 1855.40 1926.31 2002.68 2080.54 2088.19 2108.15 2145.09 2130.84 2126.13 2134.70 2132.78 2122.07 2107.82 2082.99 2055.44
2020.02 2021.44 2025.40 2033.86 2066.15 2099.34 2127.10 2178.59 2270.75 2357.52 2427.36 2495.23 2559.64 2556.76 2559.47 2569.30 2608.64 2649.16 2692.15 2673.62 2644.65 2607.88 2626.87 2647.77
2670.58 2644.74 2622.68 2599.84 2556.72 2512.54 2461.16 2403.47 2367.04 2344.22 2357.14 2396.40 2454.99 2437.00 2428.91 2432.69 2374.42 2321.36 2278.80 2253.22 2224.92 2205.32 2206.68 2208.05
2207.75 2195.57 2182.38 2168.95 2129.04 2091.62 2046.78 2100.58 2139.77 2155.81 2174.40 2194.49 2217.02 2275.53 2335.31 2398.10 2412.32 2428.28 2446.82 2408.90 2352.80 2282.61 2299.75 2317.86
2338.17 2347.55 2357.78 2369.36 2365.25 2362.36 2353.95 2372.33 2386.51 2391.64 2394.86 2396.82 2399.55 2416.25 2441.31 2474.66 2499.75 2526.06 2555.06 2542.68 2522.65 2497.12 2488.61 2483.28
2482.15 2453.99 2424.35 2393.40 2331.62 2264.38 2181.82 2241.75 2286.25 2316.38 2362.82 2404.10 2443.78 2441.56 2446.86 2462.09 2449.07 2436.24 2424.83 2392.83 2335.61 2261.76 2231.07 2199.43
2167.25 2127.23 2077.75 2030.48 2027.32 2024.41 2013.18 2098.66 2177.31 2238.85 2300.60 2358.57 2410.27 2362.81 2326.75 2303.42 2323.63 2352.00 2390.39 2366.03 2330.45 2281.95 2281.50 2280.83
2282.70 2215.65 2142.97 2064.79 2052.21 2042.18 2027.82 2073.40 2110.69 2133.25 2192.75 2246.18 2296.66 2263.29 2242.10 2238.90 2234.76 2235.40 2242.06 2235.88 2216.18 2181.18 2171.31 2167.86
2173.03 2177.87 2184.43 2193.82 2164.90 2128.68 2073.64 2071.89 2068.08 2054.72 2180.00 2295.92 2396.89 2389.19 2390.62 2403.20 2407.58 2416.67 2429.17 2420.66 2402.89 2380.85 2377.85 2375.04
2374.07 2341.49 2307.87 2273.13 2303.71 2333.61 2355.64 2396.21 2429.56 2454.44 2454.76 2455.01 2464.01 2440.87 2421.63 2412.74 2398.83 2386.11 2370.79 2358.38 2336.59 2306.69 2344.04 2383.78
2425.72 2368.66 2305.58 2236.66 2184.97 2130.21 2064.44 2092.95 2116.43 2144.27 2144.34 2149.42 2172.57 2058.45 1937.19 1804.15 1642.99 1453.16 1343.24 1165.44 1671.44 1988.11 1973.06 1957.75
1944.99 1930.95 1915.67 1901.20 1923.70 1956.05 1988.15 2023.10 2052.13 2070.88 2080.02 2089.29 2100.98 2075.79 2068.73 2077.58 2079.46 2091.61 2117.31 2065.01 1992.35 1897.28 1914.95 1937.84
1964.21 1956.94 1955.48 1960.28 1928.62 1897.29 1858.18 1816.74 1774.61 1728.40 1583.53 1579.94 1670.16 1674.36 1686.67 1705.31 1723.87 1745.33 1769.03 1778.16 1775.73 1768.04 1795.22 1826.93
1859.19 1830.10 1807.65 1792.21 1766.93 1740.46 1703.12 1643.49 1586.60 1530.14 1455.05 1480.66 1582.85 1537.75 1498.56 1443.65 1483.73 1545.86 1646.51 1727.44 1812.59 1898.42 1795.30 1756.66
1766.78 1812.17 1855.94 1897.69 1758.99 1638.61 1573.46 1418.64 1405.71 1502.09 1408.96 1314.78 1214.15 992.51 1142.57 1366.95 1584.20 1758.49 1906.67 1906.04 1905.49 1909.35 1890.62 1869.61
1845.23 1825.88 1816.08 1804.66 1777.02 1769.76 1777.08 1745.89 1723.22 1703.81 1667.58 1641.46 1633.86 1685.01 1743.20 1805.85 1775.05 1748.37 1726.80 1812.59 1893.57 1973.11 1962.46 1954.82
1950.88 1958.54 1983.24 2023.50 1975.12 1921.94 1855.45 1839.85 1821.08 1799.37 1718.17 1646.05 1595.52 1632.38 1721.00 1831.51 1901.53 1976.25 2051.84 2035.57 2009.16 1982.30 1969.76 1965.10
1976.35 1963.58 1945.19 1921.97 1862.99 1800.26 1722.78 1823.60 1903.73 1966.35 1924.95 1890.14 1855.71 1906.83 1968.35 2031.39 2000.18 1987.90 1996.28 1989.83 1976.80 1957.36 1929.12 1900.07
1867.87 1601.69 1399.45 1648.49 1465.11 1263.45 1227.29 1350.84 1550.99 1686.74 1500.26 1457.16 1580.28 1601.52 1625.96 1675.26 1453.47 1109.58 1222.04 1447.84 1700.47 1901.05 1926.24 1958.65
1995.65 1977.26 1965.26 1960.24 1942.80 1927.67 1908.42 1961.16 2006.25 2044.76 2048.34 2054.14 2062.76 2040.80 2044.51 2075.60 2079.38 2085.33 2085.79 2045.43 1991.28 1927.73 1883.32 1836.19
1784.97 1655.57 1490.26 1264.85 1439.63 1593.70 1711.90 1596.96 1508.14 1460.99 1488.86 1520.39 1552.92 1558.77 1584.31 1620.64 1603.59 1653.88 1755.66 1787.31 1866.98 1980.56 1940.96 1907.29
1884.42 1852.45 1822.34 1796.32 1790.63 1789.54 1764.63 1822.42 1880.18 1925.44 1836.26 1792.56 1816.79 1870.03 1956.80 2068.99 2013.20 1960.02 1911.18 1895.31 1931.74 2026.06 2150.26 2275.85
2397.88 2439.07 2479.80 2521.16 2523.76 2526.73 2524.65 2517.90 2512.82 2505.46 2431.67 2366.28 2311.02 2317.14 2328.02 2340.48 2327.80 2318.36 2309.21 2255.94 2185.22 2096.99 2089.50 2081.15
2073.44 2065.41 2059.38 2053.22 1993.19 1931.74 1862.24 1693.31 1499.47 1256.56 1218.37 1470.70 1650.95 1411.32 1030.83 1132.85 1144.98 1550.28 1802.93 1813.32 1830.67 1859.33 1892.68 1927.56
1965.82 2003.50 2043.30 2085.92 2001.39 1901.17 1775.67 1716.44 1722.20 1732.65 1635.62 1664.00 1760.69 1790.34 1943.07 2113.24 2105.35 2117.24 2148.11 2136.37 2113.81 2082.05 2085.19 2088.71
2093.27 2083.26 2071.25 2059.54 1997.34 1934.20 1870.01 1784.47 1687.35 1588.41 1566.31 1656.04 1771.58 1722.07 1677.00 1632.60 1756.59 1886.83 2010.44 2027.62 2040.92 2061.85 2082.46 2100.59
2114.51 2099.47 2081.72 2063.35 2029.01 1985.83 1930.42 2029.52 2107.59 2163.65 2172.89 2198.08 2231.09 2240.71 2258.94 2280.62 2272.65 2270.46 2271.01 2274.01 2261.53 2237.43 2262.60 2288.15
2313.78 2324.62 2336.26 2350.03 2341.15 2330.92 2312.48 2344.98 2370.82 2385.39 2357.34 2332.75 2309.41 2294.99 2287.94 2284.18 2291.75 2301.72 2315.85 2317.10 2311.52 2302.39 2403.06 2502.11
2593.08 2494.00 2375.58 2235.93 2254.30 2279.89 2308.54 2321.59 2335.04 2343.56 2328.33 2315.74 2310.36 2235.59 2152.43 2089.68 2147.97 2215.09 2277.37 2196.67 2089.29 1943.11 1930.12 1955.36
2013.84 1987.26 1967.62 1958.43 1959.61 1967.23 1975.49 1971.62 1965.07 1954.28 1915.14 1888.65 1870.75 1761.20 1675.53 1630.97 1556.85 1500.41 1476.28 1411.85 1516.52 1698.02 1682.59 1676.36
1681.46 1695.72 1714.59 1737.27 1729.96 1776.76 1848.24 1717.45 1602.92 1533.69 1556.40 1591.73 1622.84 1552.36 1500.16 1465.27 1467.63 1556.66 1689.37 1797.18 1895.10 1981.43 1992.39 2005.39
2019.25 2061.40 2129.01 2209.63 2257.56 2300.03 2337.49 2297.16 2256.42 2210.33 2188.18 2167.77 2148.58 2098.44 2053.21 2007.90 1971.46 1936.90 1898.97 1895.41 1885.13 1869.05 1714.36 1501.05
1164.01 1367.82 1526.72 1607.51 1683.06 1745.12 1818.75 1913.21 1989.96 2044.01 2047.35 2055.10 2066.20 2074.52 2089.77 2105.54 2103.41 2105.68 2109.70 2104.69 2091.97 2071.70 2120.61 2171.19
2224.05 2240.80 2258.67 2278.71 2277.86 2277.45 2267.65 2274.06 2274.69 2259.56 2254.37 2249.93 2243.12 2229.47 2221.70 2216.28 2219.52 2229.16 2243.30 2247.10 2240.26 2223.74 2246.12 2271.75
2300.87 2316.39 2333.83 2353.02 2328.77 2304.22 2271.76 2289.73 2302.03 2305.95 2306.07 2306.62 2309.22 2275.27 2244.32 2228.31 2241.99 2262.37 2285.83 2281.43 2270.22 2251.02 2265.23 2280.10
2296.22 2329.94 2364.51 2399.97 2398.31 2397.38 2390.88 2420.71 2448.50 2469.63 2401.23 2334.72 2272.48 2226.37 2183.72 2142.97 2154.41 2170.30 2190.46 2071.80 1906.37 1655.99 1698.48 1803.95
1896.06 1842.17 1789.41 1750.25 1663.36 1609.16 1612.07 1676.14 1826.15 1957.83 1963.29 1972.51 1983.70 2018.19 2058.00 2098.10 2114.44 2135.80 2159.73 2098.22 2018.12 1913.33 1913.08 1912.92
1913.82 1906.42 1899.48 1892.95 1872.74 1861.71 1850.42 1857.20 1846.98 1828.04 1855.56 1893.34 1923.58 1989.57 2055.17 2117.19 2129.25 2142.98 2159.14 2144.67 2117.03 2073.51 2056.54 2037.50
2019.76 2008.10 1995.56 1982.06 1951.60 1920.32 1878.60 1970.12 2038.89 2086.66 2118.20 2147.35 2171.75 2164.22 2166.62 2180.37 2173.89 2174.02 2179.76 2138.56 2079.19 1997.17 1982.27 1976.32
1983.94 1959.96 1934.53 1908.96 1875.59 1847.58 1819.16 1882.86 1931.29 1958.57 1966.81 1974.61 1983.30 1940.22 1911.46 1893.81 1970.98 2054.90 2140.13 2110.48 2062.20 1996.45 1985.88 1973.82
1960.98 1968.34 1974.85 1981.94 1961.71 1942.81 1924.19 1987.81 2035.38 2065.40 2001.58 1943.82 1890.48 1828.88 1804.17 1816.86 1826.87 1845.54 1869.78 1906.28 1937.09 1960.31 1965.55 1973.87
1985.79 1964.34 1938.57 1915.26 1859.80 1811.14 1769.17 1754.10 1740.24 1719.49 1586.20 1458.63 1355.79 1110.83 745.24 1036.81 1389.81 1626.89 1814.59 1868.10 1913.69 1939.39 1929.68 1952.20
2006.93 1962.62 1933.73 1924.77 1866.70 1802.72 1704.54 1633.79 1566.38 1498.05 1461.06 1444.92 1461.32 1625.27 1761.64 1893.54 1966.25 2038.78 2109.39 2058.05 1993.92 1913.32 1872.85 1833.52
1797.04 1794.49 1791.78 1788.74 1813.80 1844.45 1874.72 1855.38 1892.61 1959.08 1912.63 1871.03 1817.26 1818.95 1847.88 1903.92 1967.91 2032.47 2098.43 2080.05 2052.52 2016.37 2017.28 2006.73
2006.46 1999.90 1994.39 1968.42 1959.47 1951.25 1935.34 1946.72 1970.98 1992.71 1940.64 1895.80 1856.35 1898.75 1958.32 2026.50 2112.91 2199.88 2287.72 2268.97 2243.57 2210.19 2167.18 2119.69
2061.14 2020.80 1979.30 1937.81 1914.82 1891.18 1855.32 1924.58 1977.52 2013.69 2013.31 2014.62 2014.60 2038.42 2069.33 2108.57 2202.26 2294.28 2386.10 2309.97 2206.04 2056.50 2047.97 2040.93
2035.18 2002.99 1977.02 1961.09 1961.02 1962.86 1957.46 2026.61 2090.82 2135.89 2105.88 2082.64 2065.79 2094.40 2124.86 2158.20 2182.95 2210.90 2241.21 2183.98 2103.64 1994.42 2017.74 2040.58
2059.10 2060.57 2063.33 2067.07 2082.11 2096.73 2102.35 2132.88 2156.87 2170.84 2159.32 2150.52 2144.03 2089.35 2040.82 1996.61 2014.45 2046.27 2090.07 2067.04 2032.44 1984.43 1991.29 2004.79
2031.63 2013.66 1992.86 1959.82 1925.74 1889.06 1839.73 1846.88 1872.07 1901.94 1798.17 1716.73 1665.81 1647.41 1650.93 1676.91 1595.93 1504.28 1403.28 1252.00 1483.58 1692.12 1708.71 1736.23
1774.05 1729.23 1695.37 1690.02 1677.60 1717.94 1784.76 1804.24 1833.09 1857.15 1779.65 1705.25 1633.52 1492.89 1340.69 1198.80 1454.01 1688.76 1882.32 1910.39 1937.24 1958.89 1947.54 1935.60
1925.84 1927.05 1929.05 1932.76 1910.05 1886.27 1853.92 1866.15 1878.12 1879.35 1855.22 1835.45 1840.11 1790.79 1761.12 1774.90 1760.99 1756.96 1763.98 1829.95 1889.59 1946.91 1952.22 1957.79
1964.63 2003.20 2040.17 2076.00 2040.90 2004.32 1949.05 1991.31 2038.32 2076.65 1982.64 1889.28 1791.29 1810.93 1848.00 1892.01 1942.06 1994.12 2050.19 2041.57 2019.87 1984.16 1993.30 2000.86
2009.43 1989.61 1963.41 1938.47 1906.43 1872.09 1827.50 1800.15 1778.10 1751.46 1573.54 1439.60 1415.27 1524.25 1620.89 1706.68 1704.78 1712.76 1740.86 1747.20 1736.36 1723.56 1754.21 1782.33
1800.70 1783.96 1791.74 1827.11 1820.52 1821.85 1825.11 1891.72 1948.66 1985.83 2019.53 2060.32 2105.98 2048.15 1992.89 1936.33 1909.66 1884.95 1863.29 1877.82 1882.47 1878.80 1872.14 1883.99
1914.93 1922.21 1930.87 1943.94 1923.86 1904.48 1878.78 1888.88 1900.59 1906.30 1881.97 1862.39 1845.92 1877.14 1911.45 1945.80 1955.15 1969.41 1988.57 1976.42 1949.99 1906.11 1867.20 1824.70
1780.62 1795.65 1829.11 1877.00 1903.03 1928.67 1946.38 1939.72 1924.58 1894.38 1898.63 1926.45 1966.17 2012.89 2067.89 2131.10 2155.49 2183.20 2214.01 2122.75 1999.87 1828.33 1840.57 1852.81
1867.36 1848.10 1828.28 1811.78 1776.28 1772.80 1796.16 1896.42 1974.79 2028.68 2035.19 2061.05 2099.57 2089.08 2085.04 2091.99 2077.96 2069.95 2068.72 2026.61 1963.92 1875.91 1812.83 1745.60
1678.45 1647.20 1614.21 1580.37 1260.28 1456.40 1764.22 1698.24 1637.70 1578.56 1534.19 1498.46 1468.01 1400.14 1334.36 1265.74 1290.27 1346.15 1430.68 1514.23 1636.31 1760.59 1825.92 1889.36
1948.27 1947.89 1956.84 1974.58 2008.31 2041.22 2068.56 2129.36 2185.54 2228.52 2118.43 2010.70 1902.90 1836.94 1789.63 1764.57 1817.03 1883.48 1960.99 1984.38 1996.91 1997.76 2001.30 2001.51
2004.79 2057.59 2114.71 2173.69 2187.99 2202.21 2210.90 2242.79 2266.05 2277.48 2218.45 2162.62 2109.73 2089.95 2079.81 2076.07 2107.36 2147.14 2194.96 2160.23 2107.96 2036.39 2106.81 2180.38
2255.52 2212.98 2167.50 2120.88 2106.46 2090.11 2068.39 2160.19 2232.03 2279.22 2236.01 2195.85 2157.13 2118.33 2086.78 2061.39 2096.62 2138.67 2189.05 2162.70 2117.78 2048.18 2051.53 2057.24
2068.15 2055.19 2048.56 2049.80 2069.51 2090.36 2106.06 2159.47 2201.47 2226.29 2168.08 2112.65 2060.40 2053.49 2052.90 2057.16 2073.25 2093.30 2117.62 2104.31 2078.57 2048.33 2086.33 2129.17
2174.76 2160.38 2148.37 2140.15 2128.61 2116.48 2098.20 2159.86 2208.16 2236.77 2173.76 2114.62 2056.62 2024.39 1997.73 1973.69 1985.68 2006.58 2037.30 2055.03 2061.37 2058.30 2048.39 2044.23
2046.38 2050.44 2055.67 2062.93 2050.15 2034.33 2000.68 2019.89 2036.95 2045.03 1942.41 1841.99 1742.23 1692.83 1663.33 1655.75 1725.19 1803.91 1890.77 1940.68 1979.33 2010.18 1997.51 1986.37
1975.62 1945.96 1931.32 1931.49 1906.66 1884.28 1856.25 1709.40 1704.77 1786.05 1695.03 1776.41 1935.99 1973.20 2024.89 2077.89 2132.08 2194.14 2263.54 2220.09 2141.79 2035.46 2038.15 2041.66
2047.75 2034.10 2023.60 2013.76 1999.22 1981.52 1957.48 2034.77 2102.29 2153.94 2103.57 2059.32 2019.84 2036.51 2055.49 2075.70 2090.55 2113.51 2146.71 2132.25 2100.34 2054.67 2057.89 2062.46
2069.22 2055.07 2047.32 2045.66 2013.46 1983.23 1950.38 1880.20 1828.76 1808.50 1735.96 1671.71 1616.76 1629.74 1652.81 1683.28 1625.08 1564.39 1501.22 1645.29 1770.91 1882.60 1870.18 1856.42
1844.45 1806.23 1792.78 1816.14 1756.91 1702.22 1655.06 1627.98 1607.20 1585.49 1532.41 1631.69 1763.25 1812.48 1862.24 1910.44 1932.53 1959.73 1992.68 2021.23 2053.38 2088.97 2034.35 1965.74
1886.96 1826.68 1766.94 1714.62 1693.62 1672.13 1645.03 1668.42 1689.26 1694.07 1643.84 1599.79 1561.33 1619.38 1686.88 1752.82 1801.35 1853.32 1907.12 1950.69 1994.04 2036.58 1935.39 1826.73
1735.43 1770.92 1804.07 1836.45 1770.58 1717.88 1675.33 1709.74 1757.59 1791.82 1751.54 1707.16 1665.01 1698.74 1734.37 1770.69 1799.96 1835.93 1879.44 1927.56 1965.43 1993.47 1981.95 1964.67
1945.45 1960.26 1984.48 2015.59 2003.03 1991.68 1978.55 2043.78 2108.86 2159.03 2086.02 2016.18 1951.63 1950.88 1954.91 1970.28 2013.72 2066.28 2126.75 2093.05 2042.05 1979.11 2040.05 2098.22
2155.43 2146.86 2140.70 2136.46 2114.17 2091.43 2064.80 2088.81 2135.63 2185.84 2096.44 2014.15 1942.42 1840.48 1730.13 1598.79 1535.57 1486.26 1465.33 1603.42 1734.27 1860.99 1848.71 1835.04
1820.62 1826.85 1853.02 1895.62 1892.50 1890.63 1886.67 1892.94 1912.59 1928.19 1641.30 1278.38 1225.32 1161.47 1330.88 1515.83 1686.10 1853.19 2009.47 2006.24 1984.85 1944.64 1932.29 1917.33
1907.80 1911.97 1916.84 1922.97 1918.63 1917.26 1913.43 1850.82 1801.50 1755.42 1766.65 1778.56 1788.87 1774.77 1782.74 1808.46 1860.65 1915.18 1976.78 1981.70 1965.72 1935.72 1928.74 1923.72
1921.44 1914.74 1904.90 1900.78 1892.04 1882.63 1867.88 1825.80 1806.82 1794.00 1762.36 1747.68 1745.88 1742.78 1758.28 1789.61 1825.26 1863.13 1906.27 1918.35 1915.17 1899.52 1903.44 1908.17
1913.06 1915.82 1916.97 1913.81 1895.93 1876.53 1853.61 1835.34 1843.02 1857.64 1799.88 1754.26 1720.69 1712.39 1716.74 1730.17 1760.47 1794.66 1834.79 1866.22 1889.33 1906.57 1908.29 1911.43
1915.67 1922.43 1936.11 1957.11 1939.41 1925.69 1914.54 1962.80 1999.91 2016.51 2004.85 1994.13 1991.41 1942.57 1890.31 1825.10 1778.12 1746.43 1742.26 1834.04 1928.59 2041.64 2062.56 2064.55
2051.94 2005.71 1953.78 1895.00 1861.91 1826.83 1783.11 1715.75 1654.83 1602.47 1479.51 1328.91 1092.76 1370.73 1607.18 1770.48 1889.83 2002.47 2110.97 2068.90 2009.97 1941.91 1903.86 1864.80
1825.97 1829.50 1836.14 1845.67 1783.70 1700.38 1596.95 1420.77 1251.29 1151.06 1095.79 1143.57 1241.62 1467.10 1632.56 1780.55 1849.35 1916.72 1983.90 1956.09 1914.38 1865.75 1858.25 1847.11
1833.66 1828.94 1824.93 1821.86 1799.04 1787.62 1786.42 1684.91 1619.80 1591.43 1459.54 1337.49 1246.38 1295.55 1374.02 1476.61 1585.74 1685.96 1782.87 1781.30 1772.91 1767.47 1795.84 1823.96
1852.21 1824.99 1820.12 1841.95 1838.74 1855.65 1886.54 1930.68 1969.98 1994.43 1891.62 1790.02 1686.10 1660.99 1657.89 1675.50 1714.56 1757.02 1806.09 1832.83 1847.73 1861.90 1868.23 1873.88
1878.15 1889.31 1916.27 1956.69 1953.31 1949.05 1942.76 2006.91 2067.83 2111.56 1966.52 1814.83 1651.57 1618.04 1603.96 1613.38 1703.26 1789.89 1879.23 1880.07 1870.57 1860.23 1860.28 1856.35
1847.47 1841.45 1867.34 1919.24 1962.91 2008.71 2052.61 2121.68 2176.69 2212.43 2094.62 1975.96 1852.81 1759.76 1690.98 1663.42 1734.65 1804.96 1876.83 1880.13 1873.65 1866.44 1871.46 1874.75
1877.12 1872.83 1901.81 1958.81 1987.13 2016.82 2045.01 2090.63 2132.55 2156.18 2052.17 1951.13 1850.06 1707.89 1599.49 1574.87 1611.91 1650.96 1698.91 1763.07 1825.44 1891.82 1898.93 1900.70
1902.43 1897.57 1899.14 1908.04 1913.71 1923.58 1935.74 1986.62 2034.68 2067.87 1956.78 1847.98 1739.43 1674.91 1620.79 1582.58 1654.78 1733.16 1817.65 1852.42 1876.35 1897.15 1905.06 1914.72
1928.38 1942.28 1961.07 1985.32 1986.18 1988.83 1992.41 2038.45 2076.71 2097.80 1991.82 1888.04 1782.39 1726.67 1697.58 1697.32 1742.10 1789.86 1844.67 1872.06 1885.54 1896.71 1906.76 1919.26
1933.83 1984.13 2044.29 2111.29 2050.07 1979.04 1887.92 1847.19 1807.37 1758.57 1439.75 935.94 1185.63 1360.66 1530.60 1675.36 1708.78 1745.64 1791.07 1797.53 1793.32 1790.82 1798.62 1803.52
1808.79 1810.13 1810.60 1810.26 1820.28 1831.09 1840.14 1703.58 1581.00 1489.46 1551.52 1607.54 1662.01 1698.23 1734.87 1773.35 1818.23 1890.29 1984.67 1946.07 1890.39 1832.33 1843.82 1851.15
1860.97 1849.32 1836.43 1822.48 1823.48 1824.98 1824.06 1795.73 1785.17 1772.15 1781.69 1795.06 1806.88 1782.38 1765.22 1755.69 1805.23 1856.37 1914.97 1927.64 1928.15 1926.61 1935.85 1949.58
1969.09 1958.00 1934.25 1912.56 1899.95 1887.45 1873.64 1890.73 1906.88 1909.99 1831.10 1755.50 1682.63 1652.13 1648.05 1671.60 1803.34 1924.54 2042.49 2033.65 2004.91 1968.09 2043.50 2117.50
2190.31 2175.20 2168.63 2172.46 2140.16 2108.32 2078.32 2074.74 2070.10 2053.86 1949.60 1847.03 1740.33 1700.41 1681.12 1687.63 1788.59 1893.47 2001.94 1992.29 1966.73 1933.16 2000.42 2058.76
2116.84 2141.68 2179.17 2229.37 2233.96 2241.15 2249.25 2251.52 2249.50 2237.41 2124.08 2013.92 1901.36 1886.12 1891.93 1915.70 1945.37 1977.30 2016.11 2008.09 1972.42 1924.77 1967.59 2012.68
2060.88 2037.69 2012.45 1985.76 1963.35 1941.85 1911.37 1935.48 1954.62 1963.40 1849.12 1748.67 1662.73 1664.24 1699.98 1755.74 1847.81 1939.00 2033.85 1999.77 1943.08 1872.74 1914.33 1960.86
2016.03 1980.73 1953.11 1940.66 1925.24 1908.09 1889.10 1851.14 1829.07 1806.55 1688.91 1631.82 1637.89 1672.90 1711.16 1754.23 1807.84 1862.31 1921.94 1900.72 1861.82 1815.60 1839.36 1860.44
1874.86 1865.40 1857.68 1851.93 1836.30 1843.44 1872.62 1817.65 1775.42 1735.20 1611.24 1565.76 1603.09 1643.37 1688.28 1741.58 1857.67 1965.69 2070.51 2017.38 1941.34 1846.16 1847.91 1849.46
1852.13 1856.79 1883.78 1930.38 1930.88 1931.21 1914.44 1909.23 1938.07 1970.05 1839.22 1719.58 1617.15 1598.32 1623.02 1683.46 1788.29 1887.12 1984.53 1994.60 1993.60 1991.47 2040.11 2093.81
2150.84 2124.24 2100.73 2083.98 2036.66 1980.77 1916.87 1952.77 1985.94 2001.17 1815.43 1667.74 1605.04 1727.66 1847.99 1979.54 1983.51 1991.80 2008.07 1986.00 1951.43 1913.25 1917.91 1911.96
1906.56 1889.63 1874.11 1859.37 1857.89 1856.69 1854.61 1814.09 1767.54 1712.46 1614.81 1602.34 1664.06 1723.33 1777.74 1839.64 1878.92 1922.08 1972.23 1949.99 1912.90 1862.95 1865.94 1869.81
1876.74 1858.37 1840.31 1825.86 1842.82 1859.57 1874.10 1860.40 1869.69 1884.38 1851.22 1823.70 1799.42 1847.79 1910.52 1984.55 2035.94 2092.72 2153.31 2104.78 2035.33 1954.50 1995.76 2036.15
2075.74 2047.83 2017.50 1985.51 1994.60 2002.75 2009.76 2079.68 2132.62 2166.22 2134.80 2103.34 2066.90 2026.79 1990.47 1958.88 1993.80 2031.65 2076.37 2041.08 1989.04 1934.32 2018.94 2105.38
2192.10 2186.34 2179.20 2172.29 2077.78 1979.80 1885.14 1842.54 1844.31 1899.68 1822.60 1818.53 1850.17 1593.00 1253.27 1240.95 1420.65 1595.54 1747.47 1724.98 1754.18 1844.09 1846.95 1855.03
1868.81 1864.56 1858.77 1853.81 1834.08 1814.91 1796.65 1819.56 1837.05 1842.01 1714.84 1594.27 1485.20 1477.04 1474.43 1484.23 1610.43 1725.12 1832.65 1857.73 1878.37 1908.49 1889.30 1876.19
1874.73 1881.71 1889.60 1898.46 1891.32 1890.56 1895.89 1923.56 1948.43 1964.14 1926.73 1895.08 1867.50 1800.41 1752.71 1737.94 1785.88 1835.22 1889.91 1908.91 1917.43 1924.29 1924.63 1925.36
1924.55 1921.55 1915.21 1908.48 1894.05 1879.36 1865.21 1866.54 1872.61 1870.55 1797.04 1727.79 1676.09 1438.49 1313.68 1569.78 1676.69 1776.77 1872.14 1893.16 1902.52 1911.78 1908.98 1906.96
1903.18 1888.29 1870.14 1849.30 1817.37 1782.35 1743.26 1435.76 1144.20 1394.84 1162.29 1201.10 1368.03 1510.52 1637.07 1754.61 1833.26 1908.99 1986.48 1973.80 1944.61 1913.64 1893.99 1880.96
1876.36 1864.82 1857.08 1853.35 1855.07 1857.40 1858.50 1776.00 1712.65 1669.10 1563.81 1448.48 1324.77 1435.94 1550.28 1659.65 1745.02 1843.18 1951.81 1950.20 1934.31 1915.74 1922.14 1928.73
1937.32 1902.94 1866.74 1830.75 1804.39 1786.83 1778.88 1642.80 1489.88 1314.68 1537.69 1691.44 1806.35 1812.04 1823.53 1841.17 1910.44 1980.28 2057.11 2033.58 1995.13 1946.39 1869.04 1770.65
1655.04 1660.03 1666.33 1675.40 1653.57 1644.94 1647.85 1487.31 1362.95 1282.76 1304.51 1345.66 1405.62 1546.88 1664.82 1770.07 1775.80 1783.89 1802.84 1762.46 1708.18 1658.80 1535.20 1411.66
1363.77 1380.71 1550.81 1722.88 1582.12 1530.75 1624.16 1564.94 1495.66 1427.49 1591.13 1708.18 1800.75 1869.54 1939.01 2009.67 1985.05 1958.46 1935.70 1879.99 1800.41 1703.65 1628.57 1578.81
1586.14 1576.46 1565.40 1554.36 1564.87 1619.92 1698.67 1595.30 1483.61 1359.71 1361.76 1384.46 1421.24 1423.28 1430.88 1445.37 1501.06 1571.67 1659.06 1615.17 1554.47 1495.51 1428.53 1403.29
1448.50 1445.68 1462.75 1496.77 1480.17 1469.16 1462.48 1322.96 1321.70 1400.34 1080.58 1324.71 1565.40 1506.25 1485.15 1509.36 1501.10 1515.54 1565.14 1587.64 1616.60 1673.01 1638.34 1613.20
1604.55 1612.10 1619.74 1644.59 1566.63 1475.54 1363.39 1134.88 1221.58 1362.96 1385.59 1404.22 1420.52 1504.74 1581.83 1655.80 1746.97 1847.84 1958.72 1973.65 1976.11 1970.29 1984.98 1998.12
2007.29 2020.64 2036.95 2056.00 2051.38 2046.65 2041.78 2081.47 2107.07 2113.51 2126.35 2132.93 2136.92 2151.69 2173.63 2201.88 2197.23 2193.31 2194.89 2154.01 2091.48 2007.81 2013.28 2023.32
2036.56 2038.72 2041.53 2044.93 2029.94 2018.06 2009.63 2008.25 2005.75 1992.63 2001.66 2007.19 2009.81 2034.66 2069.22 2113.77 2146.05 2176.75 2213.37 2163.26 2091.74 2002.82 2012.69 2025.19
2038.97 2050.99 2065.34 2082.95 2071.19 2044.06 2003.14 2030.36 2046.71 2051.70 2002.92 1962.43 1931.34 1974.07 2027.35 2093.84 2159.41 2226.20 2297.14 2296.59 2290.82 2286.06 2275.08 2273.66
2288.87 2244.32 2190.95 2134.81 2081.41 2010.08 1932.87 2053.98 2157.49 2237.34 2185.23 2134.60 2092.79 2051.59 2017.70 2000.12 2048.20 2109.28 2184.29 2169.73 2147.98 2129.53 2129.55 2127.12
2125.26 2091.26 2053.40 2009.59 1993.23 1976.48 1958.09 2011.71 2055.42 2085.86 2097.47 2108.03 2116.35 2095.96 2080.55 2071.30 2098.95 2132.90 2178.15 2119.64 2036.77 1935.14 1951.47 1962.61
1976.95 1959.57 1943.22 1929.62 1924.90 1924.21 1926.05 1850.63 1771.38 1687.66 1481.73 1303.85 1277.59 1393.31 1508.80 1622.33 1748.30 1863.38 1974.55 1957.71 1930.46 1903.07 1908.16 1917.70
1932.64 1917.23 1901.28 1889.09 1855.13 1833.81 1830.36 1780.58 1733.08 1682.30 1601.96 1525.65 1456.24 1484.42 1528.71 1586.34 1735.72 1868.68 1995.19 1980.20 1954.30 1924.81 1924.83 1925.43
1925.69 1889.45 1850.66 1809.59 1734.04 1654.30 1578.00 1439.28 1275.79 1064.85 1380.68 1557.40 1681.60 1730.00 1778.64 1833.36 1897.77 1962.48 2030.72 2000.86 1960.63 1918.14 1910.97 1900.92
1882.56 1868.55 1846.84 1825.44 1768.83 1740.88 1750.70 1635.26 1519.94 1409.49 1520.05 1690.03 1833.73 1910.45 1984.02 2055.73 2085.70 2117.37 2155.83 2093.27 2008.46 1901.63 1887.41 1873.22
1854.64 1808.56 1758.10 1705.14 1750.55 1796.74 1845.69 1838.38 1828.59 1812.46 1802.52 1792.80 1784.39 1879.77 1970.27 2060.90 2136.29 2213.87 2293.86 2237.55 2167.90 2088.40 2036.25 1962.77
1877.43 1883.39 1888.43 1895.17 1887.34 1877.49 1866.78 1838.26 1814.52 1788.88 1832.32 1867.94 1895.97 1902.08 1911.55 1927.16 1975.65 2025.52 2077.49 2038.14 1983.09 1918.16 1908.27 1896.36
1884.01 1881.85 1881.44 1882.95 1846.30 1818.05 1798.28 1782.89 1757.83 1724.65 1699.07 1662.79 1630.13 1749.48 1862.10 1974.99 2015.43 2078.22 2160.09 2164.85 2153.57 2139.24 2095.58 2070.42
2072.30 2113.49 2159.14 2208.12 2221.66 2241.91 2267.02 2263.82 2254.92 2239.31 2233.41 2226.41 2228.82 2212.86 2208.04 2219.05 2292.23 2362.95 2433.49 2451.04 2464.30 2478.48 2445.57 2408.99
2370.61 2334.56 2294.75 2252.02 2221.32 2190.62 2160.87 2228.20 2277.62 2311.24 2280.41 2250.70 2225.24 2252.40 2288.61 2341.94 2384.76 2428.14 2474.00 2451.94 2424.01 2393.78 2409.82 2429.03
2451.62 2395.40 2334.67 2272.54 2222.12 2167.20 2105.85 2193.25 2265.79 2322.21 2230.20 2139.68 2049.95 2018.06 1990.95 1978.86 1982.00 1987.19 2000.08 2005.06 2009.88 2019.54 2069.47 2122.07
2179.21 2142.36 2101.16 2057.55 2019.87 1974.64 1930.03 1937.05 1930.41 1914.48 1810.22 1711.37 1612.65 1580.14 1595.73 1656.53 1760.02 1861.98 1958.09 1932.57 1904.20 1877.15 1915.39 1970.61
2040.07 2000.13 1954.90 1908.65 1905.75 1903.96 1901.18 1979.23 2041.86 2088.30 2053.06 2016.11 1983.27 1975.63 1978.88 1999.47 1990.49 1984.71 1987.41 1949.75 1902.68 1848.84 1971.62 2086.31
2193.85 2197.73 2200.80 2204.04 2150.04 2091.76 2028.44 2060.04 2092.37 2114.97 2021.95 1929.23 1834.17 1784.49 1765.47 1784.62 1827.87 1875.29 1930.40 1933.03 1931.21 1928.57 1995.86 2064.64
2134.06 2094.84 2054.72 2012.95 1987.70 1958.87 1910.95 1942.71 1966.48 1977.52 1841.29 1706.11 1578.96 1647.63 1721.02 1798.46 1845.59 1900.23 1966.12 1964.57 1954.99 1942.23 1952.28 1964.85
1980.54 2000.11 2021.03 2045.43 2032.07 2009.40 1975.81 2020.24 2051.02 2068.03 2042.63 2017.94 1991.76 1997.59 2008.53 2028.22 2069.24 2112.69 2162.58 2184.24 2203.55 2223.07 2272.10 2321.09
2361.58 2344.18 2327.94 2313.45 2208.02 2085.88 1941.25 2039.35 2110.89 2158.21 2141.86 2127.35 2110.61 2118.96 2138.03 2176.93 2200.93 2225.80 2253.73 2280.56 2305.82 2334.14 2336.86 2338.66
2342.37 2324.98 2305.87 2285.59 2258.43 2230.92 2201.10 2201.25 2194.97 2183.37 2180.35 2176.28 2162.11 2140.92 2130.41 2134.12 2172.12 2211.09 2251.21 2247.53 2240.35 2233.94 2262.19 2287.67
2317.73 2298.14 2275.91 2251.95 2212.04 2169.30 2123.51 2176.35 2211.52 2232.59 2245.64 2250.64 2248.60 2229.88 2215.16 2206.48 2185.89 2161.98 2134.02 2107.01 2084.32 2070.00 2119.67 2171.51
2227.73 2247.74 2268.07 2286.34 2257.85 2226.85 2193.23 2212.19 2223.09 2224.36 2219.00 2213.45 2205.40 2208.82 2216.04 2226.07 2268.43 2309.73 2357.34 2318.51 2272.20 2221.40 2174.39 2123.14
2067.66 2087.92 2116.63 2153.78 2125.95 2099.15 2071.26 2139.17 2186.20 2207.87 2189.51 2173.72 2158.05 2147.76 2147.67 2156.65 2133.64 2107.20 2084.65 2049.49 2000.53 1938.84 1937.71 1934.12
1931.21 1920.82 1920.25 1932.07 1929.09 1928.55 1928.91 1842.56 1747.18 1639.80 1656.90 1661.41 1660.30 1610.04 1635.62 1721.49 1802.53 1897.76 2002.18 2031.50 2061.98 2095.66 2061.75 2019.47
1973.35 1922.04 1870.77 1814.17 1830.09 1847.42 1862.45 1910.53 1944.98 1968.78 1882.45 1857.23 1882.96 1873.01 1872.56 1887.26 1946.40 2003.97 2065.48 2041.27 2013.91 1983.28 2020.77 2059.42
2099.11 2072.62 2052.55 2044.47 2022.27 1996.11 1975.70 1881.92 1783.46 1688.10 1711.73 1736.52 1760.43 1741.73 1737.47 1744.78 1765.76 1793.84 1832.59 1837.71 1841.70 1848.19 1867.35 1886.33
1905.45 1904.74 1910.04 1922.67 1922.17 1926.08 1933.74 1917.16 1906.42 1898.38 1855.93 1819.68 1788.76 1652.71 1501.98 1338.20 989.99 1062.12 1455.55 1726.73 1955.12 2152.77 2316.01 2471.88
2622.17 2610.92 2598.75 2587.57 2576.44 2561.25 2547.48 2562.89 2574.04 2581.70 2487.22 2401.40 2326.46 2286.74 2252.95 2223.77 2169.66 2109.86 2052.13 2067.40 2081.80 2096.49 2082.94 2076.75
2079.87 2064.65 2048.16 2033.93 2018.19 2002.60 1987.59 1967.75 1940.27 1907.27 1887.71 1876.70 1871.58 1858.57 1846.59 1842.70 1881.57 1923.00 1973.23 1988.40 2021.53 2070.43 2085.02 2099.49
2116.14 2103.14 2090.82 2078.37 2062.75 2050.30 2039.85 2050.27 2065.96 2080.05 2171.70 2269.65 2356.37 2357.81 2363.37 2364.67 2329.31 2292.16 2257.50 2299.97 2336.80 2370.50 2390.66 2412.74
2432.10 2439.60 2446.35 2451.88 2443.67 2435.04 2422.35 2469.32 2500.33 2523.16 2489.97 2456.51 2418.79 2384.71 2354.72 2327.97 2305.47 2279.81 2255.63 2172.13 2077.41 1975.82 1554.36 1502.39
2032.94 2373.29 2667.59 2933.98 2950.11 2966.58 2983.21 2922.85 2852.23 2760.97 2708.38 2658.93 2595.19 2615.70 2642.34 2673.24 2579.30 2463.30 2326.94 2294.36 2257.19 2217.03 2218.84 2220.78
2225.08 2210.91 2210.29 2223.91 2178.33 2126.87 2068.41 2037.99 2000.74 1961.54 1722.55 1479.54 1458.78 1396.01 1530.73 1728.65 1844.68 1970.66 2099.04 2101.72 2107.38 2108.71 2076.29 2042.84
2006.84 1945.02 1883.25 1823.48 1879.48 1938.29 2008.64 2041.16 2083.91 2124.72 2089.45 2056.68 2023.89 1979.09 1961.12 1969.20 1995.69 2020.84 2048.34 2063.52 2080.56 2099.25 2087.58 2075.73
2062.31 2044.74 2027.04 2008.92 1992.74 1978.17 1963.41 1967.70 1962.02 1951.14 2065.82 2156.77 2242.56 2251.20 2262.20 2284.22 2269.50 2261.81 2266.67 2261.57 2255.77 2251.56 2196.29 2135.57
2069.20 2026.05 1981.58 1933.80 1927.27 1928.60 1937.17 1996.80 2044.64 2082.33 2009.35 1941.80 1879.86 1828.96 1788.70 1753.88 1604.46 1371.32 989.27 1463.10 1842.19 2109.03 2319.61 2504.37
2671.78 2670.62 2668.42 2667.31 2628.14 2584.73 2538.85 2552.24 2558.75 2564.21 2479.08 2394.56 2313.11 2295.48 2288.56 2291.93 2236.11 2167.04 2081.11 2063.32 2038.73 2013.14 1938.22 1870.11
1823.61 1674.51 1578.74 1642.01 1562.37 1487.85 1438.04 1471.74 1535.37 1593.10 1729.93 1829.69 1904.84 1909.28 1922.32 1939.58 1995.13 2049.43 2103.44 2123.05 2144.12 2169.71 2177.70 2185.47
2193.17 2153.26 2112.71 2064.60 2080.16 2110.23 2150.73 2057.70 1953.40 1838.10 1947.14 2051.78 2137.21 2181.53 2229.11 2276.96 2234.46 2182.18 2121.27 2131.73 2142.83 2152.33 2138.90 2128.28
2119.83 2126.74 2129.34 2116.45 2147.81 2180.68 2216.51 2194.83 2195.54 2214.22 1976.95 1949.27 2089.71 2035.34 1997.62 1979.80 1991.02 2004.10 2022.47 2051.01 2078.95 2108.25 2111.83 2113.08
2113.83 2068.26 2017.77 1960.14 1716.59 1371.02 1507.46 1595.19 1628.02 1643.62 1879.26 2080.92 2220.44 2236.02 2257.81 2283.42 2216.62 2132.49 2024.26 2013.05 2001.35 1990.02 2172.63 2336.24
2481.34 2182.88 1966.16 2160.08 2150.98 2213.24 2301.15 2294.71 2280.55 2264.27 2245.13 2228.97 2214.77 2063.18 1889.60 1675.18 1640.30 1641.03 1691.73 1519.21 1275.01 1193.67 1142.50 1495.88
1718.78 1739.40 1884.10 2053.73 2032.47 2005.32 1977.10 1784.74 1617.43 1612.47 1431.45 1217.96 1047.20 953.03 1065.92 1192.55 1472.01 1683.27 1856.73 1982.05 2092.44 2190.30 2211.63 2223.12
2234.51 2221.71 2215.78 2217.15 2215.08 2213.29 2211.02 2230.66 2240.39 2243.30 2360.72 2451.16 2517.39 2498.98 2486.61 2479.64 2390.78 2284.33 2156.41 2155.81 2155.38 2153.80 2161.73 2170.79
2180.64 2173.08 2165.93 2157.23 2104.02 2049.07 1994.49 1940.49 1886.96 1858.18 1719.60 1582.03 1499.84 1692.85 2191.87 2556.96 2575.63 2593.97 2611.76 2637.39 2665.92 2697.32 2618.87 2538.43
2458.48 2494.51 2530.36 2566.41 2629.93 2692.52 2754.13 2769.64 2792.70 2825.15 2794.01 2763.27 2734.59 2754.30 2775.34 2797.19 2762.43 2724.99 2684.80 2669.41 2654.88 2639.67 2593.54 2545.84
2495.76 2499.06 2504.68 2513.32 2510.78 2514.21 2524.31 2502.71 2471.33 2435.21 2373.87 2313.50 2251.96 2100.33 1934.22 1764.86 1658.11 1719.15 1906.34 1998.94 2099.22 2200.79 2196.07 2192.36
2189.90 2188.30 2192.02 2200.78 2207.06 2215.34 2226.21 2242.59 2246.69 2244.68 2277.33 2303.63 2323.73 2296.97 2279.70 2269.55 2252.69 2229.13 2198.18 2193.03 2189.03 2187.06 2166.64 2141.45
2112.97 2101.00 2090.26 2081.51 2019.32 1954.32 1891.21 1718.95 1486.67 1188.72 1582.86 1859.00 2041.63 2076.50 2116.21 2158.11 2063.39 1958.78 1854.39 1764.74 1805.56 1946.66 2092.30 2274.25
2456.91 2454.76 2455.94 2462.08 2445.03 2429.26 2416.36 2408.81 2397.19 2387.56 2276.44 2163.68 2061.34 2094.25 2136.86 2175.74 2210.32 2256.54 2312.46 2414.46 2511.52 2606.10 2612.14 2620.14
2630.88 2633.15 2640.47 2653.10 2651.73 2652.79 2656.18 2667.83 2675.74 2685.28 2686.34 2693.99 2705.46 2718.56 2733.57 2743.35 2771.09 2798.72 2825.54 2895.69 2963.62 3030.44 3029.55 3028.81
3029.98 2930.37 2818.99 2696.65 2590.19 2458.42 2302.08 2385.45 2440.36 2481.77 2377.79 2277.25 2181.50 2153.44 2140.35 2132.75 1948.97 1710.46 1514.52 1318.71 1726.04 2015.85 2120.19 2216.52
2285.48 2279.45 2272.51 2265.52 2283.98 2304.28 2327.65 2289.69 2247.10 2203.27 2267.93 2321.16 2364.79 2382.90 2403.44 2426.30 2380.00 2327.85 2263.93 2132.08 1970.11 1763.47 1576.44 1717.13
1953.93 2029.86 2133.53 2245.90 2259.77 2280.42 2305.97 2308.78 2304.14 2295.08 2196.85 2120.48 2081.68 2031.64 1984.78 1944.67 1885.82 1848.72 1846.96 1751.20 1654.63 1637.18 1636.72 1646.79
1667.61 1638.54 1733.94 1874.87 1999.55 2107.82 2192.23 2138.18 2073.89 2017.67 2199.09 2335.59 2442.44 2467.21 2494.52 2523.31 2456.43 2377.15 2276.07 2274.17 2273.76 2273.77 2250.53 2225.99
2200.20 2211.82 2222.47 2233.94 2222.45 2210.03 2197.45 2210.86 2213.06 2211.24 2295.43 2356.67 2405.83 2373.95 2346.32 2322.83 2261.57 2189.97 2097.32 1998.85 1925.10 1913.40 1870.95 1848.11
1860.40 1895.15 1949.00 1990.75 1999.86 2011.95 2026.01 2021.57 2008.14 1992.99 2010.05 2051.59 2114.90 2054.53 1998.91 1951.64 1930.71 1910.52 1890.17 1899.33 1909.21 1919.74 1872.17 1893.75
1977.67 1960.37 1952.53 1955.95 1971.29 1987.87 2006.30 1993.58 1979.08 1969.13 2118.11 2229.02 2311.82 2314.36 2321.04 2332.62 2253.87 2165.08 2061.47 2113.94 2164.02 2213.54 2200.75 2194.94
2191.34 2126.22 2048.83 1961.31 1841.38 1710.00 1592.68 1713.28 2194.96 2511.84 2600.18 2689.25 2775.01 2753.89 2734.36 2716.97 2707.33 2698.06 2686.61 2694.80 2703.41 2712.05 2688.85 2664.46
2642.71 2612.46 2584.15 2557.06 2521.80 2484.50 2444.51 2484.00 2516.17 2547.72 2437.09 2323.06 2199.44 2148.90 2098.63 2047.31 1954.96 1883.70 1854.81 1754.55 1695.47 1737.34 1474.19 1253.25
1428.60 1585.60 1727.82 1849.80 1971.85 2084.85 2185.50 2101.43 2008.62 1917.02 1969.89 2015.70 2050.22 2068.95 2100.52 2141.75 2131.93 2141.32 2169.60 2173.46 2179.32 2187.13 2185.03 2183.18
2181.83 2176.86 2174.07 2172.35 2162.93 2153.19 2143.46 2136.84 2119.36 2096.33 2172.54 2235.51 2286.84 2342.96 2402.91 2464.19 2417.97 2367.14 2304.84 2340.78 2375.90 2411.31 2402.33 2395.38
2389.57 2362.88 2335.23 2306.69 2215.33 2114.49 2000.06 1789.44 1539.54 1486.64 1943.78 2456.95 2806.95 2942.53 3077.59 3213.78 3206.34 3198.49 3186.55 3180.04 3172.86 3165.43 3161.12 3154.89
3151.72 3107.66 3060.11 3011.64 2955.23 2894.34 2829.43 2848.77 2859.11 2867.61 2752.37 2634.66 2511.30 2448.76 2391.13 2336.90 2264.35 2181.02 2076.15 2017.27 1964.16 1928.84 1669.44 1277.81
1506.31 1777.88 2024.77 2219.71 2229.54 2240.82 2256.89 2289.85 2319.96 2350.74 2405.86 2480.25 2556.84 2563.32 2576.26 2592.17 2518.74 2438.25 2341.75 2350.94 2354.51 2361.21 2350.02 2341.60
2334.14 2215.28 2076.57 1913.19 1809.22 1682.62 1534.04 1442.83 1964.18 2252.88 2311.68 2399.78 2496.11 2450.78 2407.38 2368.58 2328.85 2286.86 2237.26 2235.94 2240.25 2252.28 2255.80 2259.14
2262.75 2223.99 2183.07 2140.25 2076.96 2008.87 1941.46 1912.32 1872.27 1825.78 1828.15 1834.76 1845.94 1769.36 1729.84 1739.56 1730.17 1785.24 1883.80 1777.49 1645.37 1545.32 1571.52 1603.50
1634.94 1594.51 1550.90 1505.67 1632.58 1758.26 1872.64 1909.58 1940.78 1967.34 2030.87 2087.16 2136.04 2166.60 2204.46 2246.92 2253.68 2259.66 2258.75 2256.63 2255.09 2255.97 2242.17 2227.74
2212.48 2197.92 2186.31 2178.78 2171.43 2170.55 2176.60 2108.49 2024.06 1938.17 1723.68 1804.69 1994.15 1950.76 1946.80 1981.56 2046.83 2120.82 2193.82 2129.00 2105.71 2137.85 2109.74 2079.24
2048.36 2031.54 2043.26 2089.40 1977.74 1849.39 1691.70 1742.02 1777.82 1801.97 1856.82 1921.59 1989.49 1990.55 1995.13 2005.17 2034.06 2071.38 2109.49 2128.58 2155.65 2188.10 2174.19 2165.59
2165.04 2109.01 2049.60 1988.03 2021.62 2054.14 2085.35 1914.57 1698.59 1401.05 1485.40 1674.65 1824.31 1952.68 2063.10 2158.63 2173.61 2188.09 2194.44 2202.07 2209.54 2217.44 2208.10 2208.54
2219.30 2213.00 2208.56 2204.32 2222.24 2237.13 2242.80 2283.96 2317.42 2344.80 2442.17 2523.34 2577.75 2583.91 2592.87 2602.70 2552.09 2496.89 2429.77 2459.95 2489.53 2518.96 2532.83 2545.74
2560.58 2531.20 2500.10 2465.70 2401.03 2335.12 2269.48 2295.35 2313.97 2328.74 2317.19 2308.25 2302.01 2237.59 2176.13 2119.92 2059.51 2014.22 1994.20 1971.06 1952.31 1942.63 1931.16 1919.19
1906.53 1734.04 1716.62 1851.98 1937.13 2203.67 2457.15 2496.83 2542.01 2591.75 2577.55 2564.17 2548.90 2507.24 2474.77 2453.62 2357.43 2244.91 2104.59 2113.52 2121.60 2123.12 2127.92 2129.95
2135.15 2066.96 1995.67 1922.86 1871.16 1873.40 1934.05 2008.26 2139.07 2270.52 2230.51 2192.30 2151.61 2098.54 2063.66 2060.20 1973.58 1891.62 1826.69 1665.51 1473.67 1325.59 1440.34 1787.99
2031.22 2122.98 2209.12 2291.43 2261.77 2230.08 2198.54 2148.39 2091.53 2029.73 2000.77 1975.14 1951.66 2018.75 2088.42 2156.17 2172.42 2196.37 2221.44 2219.78 2218.31 2217.17 2227.10 2234.11
2241.83 2240.88 2247.75 2261.76 2256.47 2252.03 2247.67 2240.98 2230.26 2216.92 2129.95 2057.21 2003.05 1984.17 1970.04 1962.67 1910.76 1860.41 1809.79 1871.59 1941.95 2015.77 2073.35 2136.33
2202.28 2192.41 2190.97 2198.15 2195.60 2196.22 2196.73 2207.34 2210.57 2207.46 2186.53 2167.32 2152.41 2171.45 2193.26 2213.74 2182.95 2147.82 2101.42 2044.15 2100.39 2228.38 2273.07 2351.39
2454.79 2509.19 2573.59 2647.70 2597.07 2544.60 2492.50 2491.95 2485.29 2474.13 2411.35 2359.21 2313.73 2287.55 2266.21 2256.82 2248.95 2244.29 2237.26 2243.61 2249.88 2256.49 2250.57 2245.07
2241.15 2293.44 2351.32 2413.92 2428.33 2446.38 2474.37 2436.91 2394.83 2329.47 2332.99 2390.27 2472.70 2423.24 2374.80 2320.08 2265.30 2222.52 2194.97 2127.13 2096.97 2119.03 2053.58 1990.07
1934.33 1992.93 2054.81 2117.80 2047.30 1956.54 1853.40 1853.43 1875.91 1893.69 1895.92 1917.74 1942.15 2127.13 2287.22 2422.23 2453.40 2488.51 2523.02 2511.11 2507.78 2511.21 2513.47 2526.21
2548.74 2491.95 2432.50 2371.90 2351.50 2332.36 2314.62 2271.82 2235.47 2209.86 2274.70 2377.65 2487.10 2523.23 2562.72 2605.95 2506.83 2385.28 2222.06 2251.44 2319.56 2416.52 2404.67 2391.52
2378.74 2357.46 2339.87 2326.42 2314.87 2311.90 2319.87 2355.40 2394.90 2433.11 2497.66 2560.46 2619.80 2604.47 2596.59 2594.70 2513.72 2416.83 2280.36 2273.96 2267.56 2259.97 2265.50 2270.54
2276.98 2260.87 2236.39 2206.82 2222.09 2238.33 2256.67 2211.34 2157.21 2094.59 2028.38 1971.42 1926.39 1810.85 1687.78 1551.38 1304.40 1532.49 1781.85 1850.13 1990.78 2143.45 2188.97 2234.01
2277.45 2275.85 2275.60 2276.50 2271.57 2266.63 2260.40 2238.68 2213.51 2180.34 2134.71 2102.51 2080.95 1882.57 1836.34 1988.01 2000.39 2040.94 2101.03 2139.05 2175.25 2209.88 2197.60 2185.61
2172.99 2175.91 2178.37 2181.68 2108.34 2042.06 1991.92 1897.11 1785.01 1650.66 1398.04 1074.62 1273.74 1496.29 1652.37 1793.83 1692.96 1592.00 1521.37 1735.16 1881.84 1993.14 2061.92 2137.18
2207.94 2168.62 2125.59 2082.53 2109.89 2143.04 2174.84 2190.21 2199.85 2201.08 2333.31 2436.78 2512.48 2455.68 2407.18 2367.69 2308.78 2242.93 2162.66 2165.77 2168.88 2172.80 2155.60 2153.76
2168.33 2074.84 2132.94 2294.41 2356.55 2452.55 2564.77 2609.43 2654.00 2696.02 2636.02 2578.33 2523.66 2529.92 2541.40 2558.24 2481.31 2392.13 2274.16 2253.53 2231.47 2209.23 2200.96 2191.17
2180.59 2154.23 2127.87 2101.65 2129.02 2157.22 2187.15 2081.29 1960.99 1825.73 1597.06 1297.13 1088.00 1463.51 1734.38 1926.65 1996.86 2068.64 2121.28 2162.55 2198.99 2231.00 2223.72 2219.34
2217.21 2224.22 2231.20 2238.69 2326.27 2403.38 2471.78 2483.60 2489.73 2488.32 2516.86 2540.65 2557.69 2555.97 2556.32 2558.80 2506.81 2449.61 2378.05 2395.42 2415.40 2438.03 2418.48 2399.74
2381.93 2355.24 2331.32 2312.46 2276.28 2236.92 2196.23 2246.00 2285.03 2315.12 2253.96 2223.50 2212.71 2171.07 2230.81 2360.10 2362.46 2406.33 2486.50 2576.67 2659.72 2741.52 2801.96 2862.81
2924.91 2847.16 2761.96 2667.43 2695.21 2721.73 2747.56 2664.74 2575.78 2478.77 2449.40 2427.57 2409.50 2329.08 2265.24 2234.27 2132.79 2021.49 1902.04 1867.45 1850.79 1854.67 1811.49 1785.93
1782.29 1738.89 1733.15 1776.20 1645.16 1576.46 1643.26 1695.18 1741.93 1777.75 1917.95 2073.32 2204.85 2217.23 2234.85 2256.38 2250.00 2248.39 2244.19 2262.65 2280.89 2299.71 2293.30 2286.51
2279.72 2276.35 2272.31 2269.46 2232.53 2193.55 2134.83 2163.38 2168.09 2163.78 2205.74 2246.95 2284.63 2304.00 2331.85 2365.11 2322.37 2274.87 2214.04 2214.04 2213.80 2213.65 2197.43 2181.23
2163.92 2169.61 2172.38 2175.99 2147.06 2145.18 2173.81 2099.17 2015.59 1917.84 1778.27 1886.40 2050.25 1965.86 1879.80 1810.21 1766.29 1748.99 1762.56 1714.43 1659.97 1599.52 1459.10 1350.89
1419.01 1373.69 1412.62 1498.89 1544.23 1596.94 1649.02 1513.05 1392.19 1432.11 1431.34 1534.04 1645.23 1828.09 1981.30 2114.69 2109.28 2115.28 2126.96 2134.24 2151.52 2176.97 2189.38 2204.44
2221.96 2196.49 2178.95 2171.58 2152.48 2133.08 2114.98 1955.61 1941.62 2065.90 2036.16 2005.24 1972.71 1791.30 1591.57 1420.86 1454.29 1846.55 2144.37 2189.84 2226.37 2260.19 2298.59 2337.30
2376.32 2352.95 2329.00 2303.72 2345.38 2395.83 2449.58 2507.79 2561.94 2611.07 2636.25 2659.78 2684.65 2716.68 2751.62 2788.93 2778.10 2766.66 2747.03 2753.17 2763.32 2776.28 2770.91 2764.62
2756.76 2758.80 2758.61 2758.66 2721.31 2682.19 2640.91 2659.37 2673.24 2680.07 2656.88 2631.31 2603.08 2558.12 2520.46 2489.69 2386.94 2263.19 2099.76 2034.68 2031.68 2096.69 2097.97 2154.76
2248.54 2258.12 2268.50 2279.39 2276.53 2275.09 2275.53 2194.34 2104.70 2001.31 1954.81 1913.45 1877.19 1859.73 1849.52 1845.57 1681.06 1560.88 1633.59 1758.37 1874.38 1979.09 2038.06 2095.53
2150.99 2135.44 2120.67 2105.85 2172.12 2233.15 2287.07 2229.53 2157.96 2076.95 2115.13 2145.55 2171.75 2264.78 2351.07 2432.08 2384.33 2347.64 2324.21 2324.54 2326.32 2327.44 2304.51 2279.99
2252.48 2221.65 2189.64 2155.74 2139.79 2128.72 2122.56 2095.26 2064.03 2027.33 2103.51 2175.46 2245.40 2262.02 2282.24 2295.63 2263.84 2233.16 2197.60 2221.35 2242.37 2247.44 2237.93 2228.65
2223.23 2160.49 2092.13 2017.43 1869.76 1706.34 1661.75 1695.90 1748.00 1796.51 1352.49 1376.08 1737.99 1817.25 1950.34 2088.42 2036.90 1990.13 1942.18 1929.39 1930.41 1935.70 1863.45 1778.12
1700.33 1541.56 1556.05 1732.33 1774.32 1828.36 1892.28 1701.17 1457.84 1363.27 1149.92 1111.56 1239.33 1348.90 1447.90 1536.04 1346.80 1149.11 1170.88 1175.55 1418.83 1634.91 1674.56 1767.43
1878.77 1807.41 1731.06 1658.42 1696.59 1747.69 1807.30 1856.78 1899.94 1929.91 1891.37 1867.75 1857.24 1906.18 1987.62 2077.88 2087.40 2117.57 2162.86 2181.13 2211.03 2245.50 2222.69 2197.79
2173.56 2190.11 2209.06 2229.42 2196.30 2178.36 2180.39 2167.23 2149.80 2123.04 2146.23 2145.90 2151.75 2176.12 2204.54 2235.44 2243.95 2253.74 2257.30 2259.64 2264.18 2270.81 2258.92 2254.10
2257.93 2258.78 2262.21 2269.71 2259.42 2249.55 2240.26 2231.62 2216.95 2185.25 2182.68 2179.94 2169.52 2151.94 2141.33 2135.41 2133.93 2146.03 2163.39 2157.71 2159.78 2171.75 2162.25 2152.87
2142.63 2138.43 2135.24 2135.23 2131.74 2128.92 2125.68 2121.04 2112.01 2093.01 2045.82 2000.85 1959.25 1875.78 1833.51 1839.89 1830.30 1835.43 1853.48 1950.96 2040.95 2124.59 2101.75 2082.73
2068.28 2033.90 1998.92 1961.23 1992.12 2025.37 2061.02 2062.78 2051.99 2030.76 2077.35 2128.33 2177.52 2219.37 2265.08 2308.33 2268.43 2235.96 2205.68 2206.23 2203.05 2198.73 2204.09 2220.39
2249.07 2297.23 2345.04 2383.35 2402.68 2423.32 2441.77 2451.46 2450.38 2441.20 2500.22 2556.47 2610.07 2588.12 2611.58 2671.38 2583.84 2492.97 2403.02 2335.58 2266.89 2197.78 2214.62 2236.09
2263.74 2139.73 1978.85 1781.57 1975.29 2136.98 2257.35 2068.83 1841.20 1595.67 1822.54 2180.89 2432.49 2457.18 2488.29 2517.17 2432.59 2334.08 2211.17 2211.07 2230.88 2268.50 2276.63 2288.57
2303.25 2308.28 2313.91 2320.18 2310.41 2318.91 2341.71 2327.39 2311.36 2287.30 2261.77 2238.35 2217.22 2261.19 2307.45 2353.80 2272.53 2180.44 2071.16 2061.39 2052.13 2042.58 2061.26 2077.81
2100.55 2112.25 2124.19 2136.40 2137.63 2138.01 2139.30 2085.84 2034.68 1980.93 1941.53 1901.90 1863.59 1816.18 1811.87 1848.91 1913.25 2010.80 2110.89 2142.57 2195.24 2262.03 2275.17 2289.39
