1525.74 1386.51 1450.84 1554.02 1608.08 1657.92 1704.74 1761.94 1873.97 1981.25 2104.33 2217.73 2304.58 2281.95 2267.32 2263.28 2264.90 2261.48 2257.31 2299.55 2348.05 2383.95 2382.50 2381.56
2380.33 2370.90 2324.57 2258.51 2325.73 2324.66 2310.82 2311.47 2306.74 2211.62 2190.74 2047.21 1878.90 2049.21 2195.31 2320.58 2226.40 2133.66 2064.14 2058.98 2070.28 2097.89 2078.84 2065.09
2056.04 2011.47 1955.39 1849.84 1638.78 1667.33 1891.06 2017.35 2122.12 2211.01 2369.03 2500.05 2609.26 2492.31 2369.22 2237.97 2200.30 2158.04 2109.11 2025.22 1936.06 1847.30 1812.89 1758.80
1734.47 1805.61 1893.86 1967.75 1999.93 2040.81 2088.65 2046.51 1997.29 1939.15 2069.39 2172.55 2242.34 2130.09 1996.19 1860.72 1723.78 1703.74 1858.03 1825.92 1843.44 1858.14 1838.05 1791.27
1704.54 1656.23 1619.46 1602.10 1455.79 1269.53 1210.22 1204.31 1254.82 1306.13 1502.04 1637.81 1729.38 1812.59 1884.92 1953.30 1978.74 2019.78 2072.97 2065.90 2059.36 2040.69 2046.24 2051.85
2057.60 2049.85 2028.83 2004.59 2001.08 1999.02 1981.75 1915.67 1838.01 1742.71 1893.79 2039.13 2156.00 2165.08 2190.08 2227.19 2205.07 2189.65 2181.34 2194.82 2210.06 2225.22 2193.73 2161.56
2128.02 2033.59 1925.51 1803.49 1782.76 1767.76 1762.27 1720.08 1669.91 1609.67 1503.87 1559.25 1670.48 1640.43 1616.35 1601.74 1644.64 1697.92 1758.13 1822.55 1891.34 1961.12 1952.60 1945.88
1943.80 1879.88 1818.91 1763.36 1755.17 1748.20 1749.50 1647.26 1533.26 1416.61 1401.75 1436.78 1484.22 1182.05 1254.04 1525.72 1676.03 1813.51 1928.67 1823.02 1718.75 1657.34 1834.38 2000.56
2147.83 2217.94 2285.69 2352.40 2416.19 2478.88 2529.62 2553.14 2572.72 2589.80 2570.81 2551.64 2533.68 2482.82 2432.71 2383.03 2348.04 2312.03 2241.78 2202.95 2157.93 2095.02 2047.15 1996.39
1941.17 1912.08 1882.49 1853.71 1833.07 1815.50 1797.23 1959.31 2095.55 2186.12 2140.60 2089.92 2017.71 1984.82 1953.40 1950.89 1986.07 2021.60 2055.66 2045.38 2033.86 2023.64 1988.73 1956.70
1927.64 1961.09 1994.80 2026.65 2039.42 2049.74 2060.37 2099.80 2140.19 2177.27 2241.26 2318.49 2396.11 2382.00 2372.55 2366.48 2312.68 2253.61 2186.11 2007.60 1744.82 1313.31 1432.92 1532.53
1619.46 1553.91 1483.81 1412.53 1175.19 1551.94 1799.67 1773.93 1743.39 1704.02 1874.86 2094.74 2259.48 2225.62 2199.43 2184.01 2150.74 2111.90 2066.67 2000.89 1967.91 1988.32 2075.19 2162.76
2251.51 2243.60 2235.60 2228.55 2251.93 2274.67 2295.71 2263.98 2227.63 2182.92 2240.24 2288.69 2331.22 2281.25 2238.37 2205.54 2180.18 2155.92 2102.98 2105.22 2109.26 2116.59 2138.80 2160.62
2182.52 2210.86 2238.78 2266.99 2292.72 2322.91 2357.05 2351.27 2344.30 2335.45 2273.93 2209.36 2140.44 2097.09 2031.96 1946.20 1958.53 1991.05 2040.79 1960.73 1888.08 1767.14 1738.40 1711.85
1688.87 1675.54 1676.53 1690.44 1831.90 1956.28 2042.56 1988.14 1911.71 1837.98 1764.43 1683.85 1597.88 1405.00 1183.03 1272.94 1216.59 1143.32 1151.11 1353.84 1556.71 1701.16 1540.53 1430.76
1527.90 1657.47 1718.40 1782.39 1774.60 1767.32 1765.25 1747.23 1730.17 1712.93 1254.31 1476.38 1716.94 1464.17 1532.58 1758.67 1805.27 1881.83 1913.62 1882.15 1856.78 1842.38 1846.74 1852.18
1862.29 1821.39 1763.71 1769.08 1809.95 1847.76 1884.61 1747.27 1578.88 1367.84 1807.75 2054.19 2099.93 2063.93 2038.70 1952.36 1897.97 1889.67 1946.74 1933.45 1922.08 1912.65 1914.19 1925.01
1907.55 1936.96 1950.21 1964.49 1956.41 1950.09 1942.55 1934.87 1923.50 1907.78 2011.26 2094.16 2154.91 2254.41 2324.74 2394.40 2390.05 2358.79 2327.30 2305.63 2283.49 2261.08 2195.67 2125.54
2049.53 2037.90 2083.85 2168.29 2242.76 2418.70 2580.19 2670.50 2793.82 2876.94 2866.99 2861.67 2861.97 2815.50 2772.27 2731.97 2656.71 2571.44 2475.25 2404.42 2326.15 2242.42 2152.60 2060.47
1975.64 2003.76 2050.92 2110.86 2090.43 2070.63 2049.30 2123.71 2189.78 2242.85 2205.32 2167.37 2129.28 2154.39 2185.10 2219.94 2154.11 2104.81 2033.83 1967.83 1969.49 2048.84 2054.96 2062.48
2072.83 2038.30 2019.52 2018.31 2070.40 2104.36 2118.49 2057.05 1987.93 1906.56 1961.32 2108.91 2240.23 2300.08 2362.60 2426.90 2425.33 2423.13 2420.18 2442.37 2464.28 2485.35 2492.76 2503.50
2516.83 2499.77 2483.07 2468.24 2436.19 2405.54 2376.03 2347.28 2315.84 2277.16 2387.37 2482.89 2556.45 2506.27 2459.16 2414.86 2295.74 2152.50 1972.88 1796.04 1595.49 1526.60 1684.31 1719.59
1994.29 2331.12 2595.24 2801.65 2762.46 2714.62 2657.16 2594.65 2533.12 2473.10 2510.95 2546.39 2564.46 2506.47 2451.13 2398.45 2293.47 2171.39 2035.29 1833.51 1553.98 1380.42 1564.25 1549.95
1215.71 1305.03 1485.70 1633.87 1720.95 1773.29 1823.32 1806.59 1800.20 1797.94 1829.70 1894.00 1938.41 2030.34 2101.65 2171.57 2157.58 2149.87 2152.50 2131.85 2042.03 1879.01 1954.40 2048.60
2098.07 2116.19 2135.25 2155.50 2153.64 2162.10 2179.10 2082.10 1971.09 1835.98 1802.63 1975.24 2141.84 2177.84 2214.09 2255.13 2288.84 2324.57 2315.23 2296.41 2276.21 2255.37 2176.95 2091.77
1998.49 1989.53 1984.67 1986.16 1983.72 1993.33 2015.57 2099.54 2173.35 2229.38 2176.02 2125.57 2074.76 2161.57 2242.26 2314.56 2249.99 2181.96 2113.53 2061.66 2012.81 1973.03 1773.66 1531.85
1468.53 1528.32 1552.76 1581.17 1405.89 1624.56 1832.96 1754.79 1664.10 1557.87 1241.43 1492.85 1716.67 1594.01 1497.07 1474.48 1557.90 1637.13 1713.07 1222.26 1294.28 1803.82 1858.84 1911.05
1963.03 2039.72 2112.99 2117.66 2115.07 2060.01 1992.82 1971.89 1948.86 1919.67 2072.72 2217.43 2326.34 2216.87 2116.41 2038.24 1875.01 1735.64 1783.31 1671.59 1422.73 1161.19 2123.29 2575.70
2838.65 2842.44 2846.61 2852.03 2810.53 2764.85 2717.63 2688.41 2653.97 2613.04 2559.25 2505.28 2456.37 2396.03 2342.81 2300.25 2274.00 2254.81 2201.46 2157.78 2109.69 2052.20 2054.52 2060.17
2069.33 2124.17 2175.31 2206.71 2176.29 2153.55 2142.62 2210.75 2270.31 2324.40 2338.23 2355.67 2382.03 2377.25 2374.09 2374.79 2351.44 2326.02 2285.13 2216.60 2119.44 2009.21 2022.48 2041.20
2060.01 1992.49 1920.64 1840.92 1847.49 1854.59 1863.52 1957.30 2043.00 2092.47 2005.13 1911.14 1806.27 1814.55 1810.15 1752.79 1808.59 1828.63 1833.32 1907.58 1979.55 2008.65 1902.20 1798.82
1719.07 1810.67 1897.91 1978.78 1875.43 1753.35 1610.11 1699.28 1778.90 1847.13 1868.69 1906.37 1953.00 1941.86 1863.03 1779.01 1899.10 2013.03 2123.60 2128.30 2139.69 2153.65 2117.62 2079.09
2036.33 1948.92 1860.19 1781.47 1825.46 1868.17 1910.30 1843.44 1769.39 1685.84 1783.46 1914.06 2031.05 2084.15 2020.09 1957.57 1953.12 1948.76 1946.48 1979.40 2010.73 2043.02 2052.70 2075.10
2106.96 2113.67 2123.95 2136.86 2112.63 2079.63 2019.62 1953.44 1884.97 1812.63 1755.14 1820.75 1927.22 1889.26 1859.16 1839.08 1854.44 1876.20 1907.92 1998.45 2084.29 2167.40 2174.38 2182.54
2179.68 2117.86 2048.83 1963.73 1904.66 1845.22 1786.99 1715.57 1670.22 1658.59 1530.18 1488.67 1537.99 1579.07 1634.33 1701.16 1701.56 1725.89 1777.79 1875.77 1969.32 2060.21 2044.21 2026.65
2010.51 1983.38 1975.29 1938.18 1918.31 1897.61 1846.37 1868.88 1888.11 1897.49 1985.85 2075.81 2152.03 2181.15 2211.82 2246.65 2235.98 2226.98 2224.38 2235.69 2245.79 2258.03 2236.63 2213.33
2189.07 2178.24 2167.82 2156.62 2128.07 2095.16 2060.60 2016.52 1965.20 1901.87 2025.31 2128.20 2209.80 2230.08 2253.59 2280.84 2268.34 2258.19 2254.65 2284.64 2312.05 2339.87 2318.59 2297.58
2276.04 2195.08 2108.31 2014.93 1949.25 1893.13 1854.76 1736.75 1592.23 1406.09 1232.90 1139.78 1219.26 1442.60 1468.45 1817.15 2117.92 2360.83 2493.01 2492.11 2491.99 2499.39 2520.76 2543.75
2568.15 2624.91 2680.12 2732.30 2697.44 2666.17 2640.34 2657.38 2673.52 2690.42 2664.48 2642.44 2627.16 2620.47 2615.09 2606.99 2586.44 2567.80 2552.99 2511.24 2466.04 2419.35 2431.22 2444.02
2456.54 2453.10 2450.54 2449.51 2409.05 2365.86 2320.43 2343.33 2361.38 2376.08 2353.51 2340.83 2341.98 2335.89 2332.87 2330.91 2245.69 2151.18 2044.58 2037.06 2030.69 2025.94 1986.80 1946.31
1903.17 2006.87 2097.90 2182.10 2091.76 2012.97 1963.92 1952.09 1944.16 1927.66 1794.22 1682.25 1636.77 1517.07 1653.64 1829.68 1778.86 1766.23 1802.57 1833.00 1867.67 1774.29 1736.24 1702.10
1670.76 1631.04 1617.18 1632.57 1653.06 1682.54 1719.61 1663.00 1614.10 1585.06 1599.03 1610.34 1621.45 1803.09 1950.25 2074.24 2004.36 1928.79 1844.91 1802.91 1765.79 1744.46 1821.24 1893.76
1938.79 1838.97 1918.26 2109.99 2159.33 2274.94 2417.59 2336.17 2251.24 2180.57 2199.17 2215.78 2231.64 2183.28 2138.58 2099.03 2041.08 1986.90 1953.11 1984.35 2013.96 2045.19 2021.18 1997.36
1974.72 1974.29 1982.79 2000.59 1969.13 1925.65 1885.34 1780.89 1657.50 1514.28 1665.47 1810.13 1917.69 2015.47 2098.13 2142.55 2182.88 2225.76 2275.28 2285.07 2291.12 2296.09 2252.34 2204.33
2153.00 2081.10 2010.27 1946.70 1872.02 1822.28 1816.70 1753.33 1678.03 1592.64 1919.16 2137.68 2290.64 2208.84 2135.00 2074.22 2063.49 2056.20 2058.25 2057.92 2052.71 2046.13 2056.30 2066.82
2075.70 1976.14 1875.20 1794.56 1685.11 1586.87 1551.16 1528.83 1535.71 1560.41 1520.02 1622.00 1728.54 1813.16 1884.55 1950.15 1915.60 1877.57 1841.78 1802.19 1788.71 1820.99 1834.51 1849.55
1867.58 1887.01 1912.96 1942.82 1851.24 1745.54 1617.47 1661.64 1727.46 1788.16 1758.61 1736.30 1717.47 1736.49 1768.86 1814.76 1786.87 1760.94 1749.51 1831.11 1909.62 1942.95 1920.00 1899.99
1884.94 1872.21 1876.31 1896.38 1846.51 1734.53 1604.61 1395.57 1404.48 1260.62 1899.58 2198.52 2349.85 2354.45 2392.04 2460.45 2463.70 2467.40 2458.07 2456.50 2437.54 2410.20 2405.62 2401.52
2397.26 2448.22 2513.34 2588.79 2565.69 2542.89 2519.10 2564.73 2599.62 2626.76 2565.84 2502.76 2449.62 2451.94 2463.01 2489.98 2481.21 2472.44 2467.00 2450.39 2430.59 2410.24 2426.85 2445.92
2465.33 2462.72 2468.18 2479.22 2426.48 2368.86 2306.40 2350.74 2393.46 2437.50 2400.10 2362.16 2325.93 2316.62 2309.33 2208.56 2228.04 2213.21 2186.91 2131.07 2117.99 2161.12 2085.08 2059.09
2098.73 1962.63 1812.21 1668.59 1675.17 1903.68 2119.71 2024.74 2008.64 2074.03 1997.68 1962.84 1967.51 1970.68 1998.75 2010.58 1971.02 1932.56 1903.13 1895.11 1883.16 1868.89 1907.07 1946.60
1941.48 1940.84 1942.13 1943.23 1908.60 1872.77 1834.49 1889.40 1948.60 2008.96 2015.87 2026.65 2030.65 2107.82 2187.86 2247.56 2248.05 2243.54 2241.63 2145.03 2010.83 1850.40 1897.01 1950.30
2008.18 2062.92 2115.26 2167.08 2164.23 2025.51 1843.30 1862.48 1878.20 1875.77 1725.07 1583.34 1479.30 1588.49 1703.59 1809.20 1869.87 1928.27 1938.16 2009.51 2078.32 2147.50 2119.96 2090.26
2023.45 2010.31 1964.47 1915.86 1735.53 1670.00 1807.26 1868.75 1943.19 2021.89 2010.25 2123.61 2260.90 2264.59 2272.94 2288.99 2237.35 2184.14 2136.49 2154.12 2138.39 2083.24 2060.32 2035.98
2011.42 1999.76 2003.74 2025.25 2083.79 2222.56 2377.82 2408.47 2438.55 2467.57 2408.23 2350.21 2292.50 2265.67 2257.07 2240.73 2206.79 2171.32 2135.70 2098.89 2053.78 2004.18 2015.62 2034.51
2060.31 2090.64 2122.62 2153.37 2131.90 2112.54 2072.79 2142.85 2194.90 2233.91 2187.71 2192.12 2227.42 2262.80 2298.40 2342.99 2329.30 2315.81 2305.47 2217.94 2112.48 1957.24 1896.93 1840.80
1796.43 1839.11 1755.18 1662.38 1832.25 1971.20 2033.11 2048.90 2058.71 2063.48 1887.22 1825.51 1710.76 1833.76 1843.20 1870.82 1965.47 1890.39 1816.35 1939.19 2048.15 2150.75 2165.80 2165.62
2114.58 2070.86 2026.83 1982.45 1942.59 1903.88 1866.78 1798.24 1679.34 1445.31 1416.33 1355.38 1460.51 1435.93 1527.16 1655.38 1694.72 1739.77 1794.43 1891.12 1979.17 2066.12 2050.37 2035.13
1997.49 1977.63 1930.80 1879.40 1817.39 1735.48 1596.71 1664.86 1740.52 1811.92 1639.55 1422.25 1101.37 1539.00 1791.55 1981.34 2003.70 2033.65 2078.99 2005.59 1907.18 1780.49 1755.15 1782.05
1852.96 1940.17 2042.14 2102.61 2049.85 2000.22 1908.09 1864.01 1812.64 1757.93 1767.71 1837.00 1918.10 1994.41 2061.75 2123.93 2162.20 2204.96 2250.95 2225.42 2189.62 2147.77 2084.62 2013.07
1933.85 1872.82 1830.35 1821.22 1411.47 1626.28 1467.06 1589.30 1678.88 1741.47 1646.61 1687.75 1786.04 1838.32 1931.44 2031.58 2160.06 2248.08 2331.05 2317.50 2301.95 2290.58 2260.92 2218.46
2157.18 2072.82 1979.21 1871.68 1791.75 1737.40 1717.11 1649.59 1650.51 1648.61 1713.25 1776.18 1835.89 2085.32 2342.62 2575.60 2660.60 2747.21 2827.51 2800.63 2767.03 2732.81 2771.01 2809.11
2848.28 2818.32 2770.81 2720.88 2721.28 2724.98 2733.66 2756.32 2775.99 2796.97 2717.60 2633.71 2549.06 2547.10 2546.88 2545.57 2507.06 2467.85 2427.86 2379.76 2329.15 2279.24 2224.57 2167.09
2108.86 2114.34 2121.11 2132.99 2169.05 2204.11 2236.51 2333.98 2430.09 2520.56 2469.50 2425.88 2394.14 2363.58 2371.62 2413.33 2430.49 2449.78 2471.39 2384.31 2273.94 2140.32 2067.51 1989.54
1902.84 1998.68 2084.98 2166.89 2156.67 2148.44 2141.01 2099.83 2060.09 2028.50 1896.29 1827.80 1855.59 1903.14 1949.89 1979.33 1932.68 1876.55 1843.59 1752.21 1658.64 1581.41 1370.51 1191.94
1386.13 1324.03 1296.79 1332.92 1314.19 1293.21 1272.89 1149.58 1128.68 1191.63 1419.48 1717.16 1860.38 1869.50 1946.69 2049.14 2075.50 2104.92 2136.48 2097.75 2049.07 1994.25 1946.64 1893.78
1838.53 1858.32 1890.66 1937.77 1991.96 2049.41 2099.63 2004.75 1893.89 1769.85 1912.47 2033.78 2128.26 2152.83 2188.56 2234.05 2270.70 2315.49 2368.23 2364.71 2351.46 2333.74 2320.34 2306.40
2291.90 2302.09 2313.35 2324.06 2219.84 2100.88 1961.03 1883.34 1795.16 1702.20 1523.97 1528.69 1653.91 1367.90 1321.72 1589.81 1669.22 1758.89 1787.56 1829.97 1866.64 1906.94 1885.05 1861.42
1835.86 1831.18 1841.61 1868.11 1927.27 1984.91 2039.37 2036.79 1992.04 1946.72 1932.54 1945.31 1972.30 2003.98 2038.02 2076.19 2124.39 2163.95 2169.47 2142.41 2101.21 2052.28 1988.13 1920.25
1849.13 1890.11 1938.04 1989.40 1952.84 1909.61 1866.26 1905.61 1905.56 1904.84 1907.01 1907.68 1910.99 1987.96 2062.48 2137.29 2125.13 2115.03 2108.13 2091.74 2063.59 2032.66 2063.39 2093.49
2121.65 2116.83 2113.84 2111.21 2104.09 2041.04 1973.54 2053.68 2113.52 2160.07 2195.48 2253.88 2320.41 2374.48 2427.47 2481.92 2464.36 2448.43 2434.97 2479.12 2518.49 2556.54 2542.21 2528.48
2506.64 2522.44 2547.93 2582.26 2499.53 2432.53 2391.72 2167.23 1876.91 1441.27 1463.49 1632.15 1775.30 1791.91 1825.18 1871.26 1825.00 1781.56 1745.28 1698.67 1747.52 1879.95 1889.11 1899.33
1909.68 1832.16 1756.85 1694.93 1479.19 1637.87 1750.57 1319.30 1733.97 2014.30 2236.30 2338.37 2429.23 2441.27 2457.97 2480.33 2471.25 2464.36 2458.62 2423.82 2374.22 2313.40 2358.61 2402.89
2447.31 2452.86 2458.45 2465.29 2473.54 2482.20 2488.76 2538.82 2579.72 2613.53 2577.50 2541.69 2510.46 2465.07 2424.89 2388.42 2371.20 2357.07 2345.86 2257.36 2150.17 2023.86 2045.59 2066.48
2088.68 2128.23 2169.42 2215.05 2267.05 2321.24 2375.15 2348.15 2318.19 2285.30 2238.18 2193.34 2154.02 2144.83 2136.99 2128.68 2096.82 2065.68 2001.76 1948.81 1859.51 1748.72 1715.85 1738.13
1803.96 1815.60 1834.72 1861.69 1805.28 1783.95 1803.47 1762.17 1711.88 1660.14 1693.17 1775.87 1867.13 1856.25 1845.30 1833.97 1941.77 2045.92 2146.79 2109.98 2058.93 1997.10 1968.69 1940.39
1915.51 1899.01 1876.43 1855.70 1864.03 1890.88 1933.83 1913.92 1907.57 1916.09 1946.82 1972.99 2003.72 2036.83 2075.26 2122.37 2163.48 2205.01 2197.65 2160.05 2114.09 2050.06 1948.90 1847.44
1762.32 1803.32 1844.05 1887.22 1903.65 1919.03 1929.57 1902.70 1878.00 1854.84 1842.94 1850.70 1879.15 1933.36 1989.67 2046.52 2019.39 1991.74 1962.35 1936.67 1904.01 1869.98 1849.16 1828.32
1805.53 1772.21 1741.97 1714.44 1800.63 1859.12 1911.90 1930.15 1950.41 1972.85 1935.94 1904.38 1876.09 1865.09 1857.28 1850.39 1767.18 1679.72 1592.46 1558.39 1520.84 1485.69 1467.60 1610.51
1775.96 1737.62 1667.64 1591.07 1479.71 1360.00 1303.03 1301.40 1320.54 1344.83 1372.86 1181.29 1146.36 1390.69 1617.05 1798.33 1832.20 1871.91 1918.66 1947.63 1975.90 2010.04 1972.14 1938.53
1915.40 1836.40 1776.07 1757.87 1617.85 1432.39 1151.56 1316.19 1434.70 1510.03 1724.27 1910.11 2048.99 2149.14 2239.40 2326.23 2337.39 2352.07 2371.08 2331.49 2273.97 2201.50 2199.47 2198.17
2198.64 2158.65 2116.02 2071.10 2019.57 1980.26 1930.25 2024.96 2110.24 2178.62 2178.29 2181.40 2193.11 2256.00 2319.40 2388.27 2412.83 2438.05 2458.87 2458.15 2448.48 2435.76 2399.73 2363.23
2325.75 2239.79 2146.08 2043.40 1981.15 1916.94 1858.47 1813.76 1809.96 1830.17 1824.18 1828.15 1838.61 1879.66 1922.76 1970.18 2037.86 2114.11 2199.30 2215.51 2222.05 2225.32 2178.73 2126.89
2069.00 2047.71 2022.47 1999.45 1929.22 1816.56 1679.15 1548.66 1404.55 1263.44 1361.33 1442.72 1505.26 1498.54 1571.26 1682.08 1751.07 1798.45 1849.18 1822.87 1789.12 1756.02 1635.86 1625.26
1749.78 2013.81 2219.58 2384.99 2417.26 2439.58 2461.27 2446.54 2433.20 2423.32 2346.58 2272.24 2194.77 2162.68 2134.80 2105.30 2104.60 2101.85 2104.22 2095.11 2079.04 2070.34 2047.05 2022.49
1995.92 1993.32 1994.84 1974.26 2008.37 2042.83 2076.41 2164.11 2224.46 2269.31 2232.89 2208.24 2195.93 2221.46 2251.38 2287.50 2300.96 2319.60 2345.05 2307.44 2252.34 2185.67 2167.21 2146.84
2129.16 2096.39 2064.25 2035.30 2034.50 2026.89 2016.83 2054.85 2101.81 2146.44 2179.37 2209.40 2239.55 2284.91 2332.85 2384.09 2410.67 2427.82 2422.30 2373.85 2311.79 2247.47 2253.58 2264.22
2280.32 2232.18 2176.30 2115.53 2111.49 2106.92 2103.39 2163.55 2211.29 2246.52 2275.77 2297.43 2321.73 2355.66 2389.97 2436.23 2439.76 2444.91 2454.94 2466.68 2470.05 2472.55 2435.90 2391.73
2345.53 2280.54 2182.00 2073.45 1965.16 1843.08 1705.48 1608.04 1541.33 1512.16 1054.59 1357.57 1335.66 1472.60 1961.62 2288.91 2453.53 2624.35 2798.15 2778.37 2735.38 2690.60 2695.98 2706.75
2722.90 2733.98 2744.51 2756.65 2706.02 2650.65 2584.79 2577.98 2575.03 2574.11 2498.21 2417.68 2337.67 2265.03 2192.67 2107.97 2133.32 2179.28 2242.83 2154.75 2042.11 1903.73 1850.08 1791.08
1724.82 1844.89 1947.60 2035.59 2078.40 2125.21 2174.95 2228.75 2276.45 2316.11 2234.34 2148.12 2054.06 1931.38 1793.58 1619.30 1704.64 1798.65 1896.14 1970.47 2034.41 2073.41 2095.30 2118.74
2142.42 2117.63 2080.61 2047.09 2046.06 2056.97 2076.99 1992.94 1903.99 1802.72 1625.08 1580.26 1668.04 1871.81 2027.94 2159.76 2232.79 2298.88 2366.04 2281.02 2172.96 2040.68 1977.36 1910.97
1843.72 1819.99 1804.95 1800.79 1766.16 1732.17 1696.83 1828.46 1942.96 2042.50 2127.77 2210.94 2280.06 2381.77 2473.06 2551.08 2555.34 2554.34 2556.78 2568.26 2558.93 2536.54 2478.67 2415.44
2338.21 2241.83 2133.32 2008.47 1895.93 1767.77 1628.13 1621.57 1700.26 1783.89 1830.55 1865.29 1895.88 1744.14 1592.71 1483.67 1477.96 1513.18 1591.25 1451.31 1302.90 1405.36 1457.78 1516.54
1578.33 1587.54 1598.39 1610.61 1562.79 1372.93 1297.82 1385.64 1500.04 1579.02 1598.41 1677.56 1763.63 1831.78 1918.04 1997.83 2018.40 2027.96 2040.31 2081.91 2117.78 2160.54 2138.52 2102.24
2061.93 2051.44 2054.11 2053.27 2049.99 2031.89 2008.65 2047.59 2079.52 2090.00 2023.13 2045.48 2115.17 2075.50 2040.77 2011.56 2044.64 2084.22 2129.26 2103.43 2075.12 2068.52 2069.74 2058.00
1992.67 2037.01 2080.94 2102.35 1944.61 1783.43 1683.36 1431.60 1338.72 1548.30 1097.52 1229.74 1271.50 1569.46 1768.80 1934.14 1854.15 1769.30 1689.00 1771.67 1902.94 1896.58 1762.43 1763.70
1921.56 1891.73 1875.19 1876.88 1848.82 1844.14 1864.05 1728.20 1596.80 1497.82 1526.99 1644.64 1751.85 1732.17 1719.40 1717.83 1659.76 1597.09 1526.50 1406.24 1199.89 1041.63 1282.03 1529.43
1711.69 1702.94 1693.19 1682.65 1413.33 1237.52 1561.26 1527.88 1448.65 1450.18 915.00 1388.31 1619.20 1677.34 1738.89 1805.33 1786.03 1771.99 1768.17 1866.84 1960.38 2059.34 2064.51 2075.03
2092.69 2131.87 2171.30 2207.84 2189.95 2174.72 2160.10 2112.94 2043.16 1972.24 2059.55 2122.21 2162.66 2188.71 2216.87 2251.09 2251.53 2258.96 2277.50 2361.29 2435.30 2508.76 2480.31 2448.01
2410.55 2369.26 2327.62 2285.80 2128.27 1941.65 1731.89 1677.32 1860.70 2028.33 1539.42 1768.38 2129.52 2201.71 2254.98 2254.30 2148.00 2025.59 1878.61 1881.48 1869.29 1789.07 1914.88 1972.42
1987.59 1964.50 1954.02 1959.15 1966.37 1970.08 1973.58 1999.05 2045.41 2086.86 2092.48 2124.02 2165.19 2235.38 2306.74 2381.04 2381.54 2361.58 2341.83 2316.86 2225.44 2117.57 2154.13 2191.53
2207.32 2175.41 2117.47 2052.41 1996.04 1947.82 1910.22 1649.13 1729.67 1938.19 2129.24 2324.36 2545.62 2485.12 2437.50 2420.15 2411.65 2405.04 2402.48 2518.81 2623.57 2654.31 2638.10 2624.63
2616.02 2612.21 2609.73 2610.01 2497.28 2364.79 2209.06 2162.10 2115.23 2066.15 2046.37 2027.99 2010.68 1889.17 1759.25 1625.42 1441.76 1247.61 1377.84 1364.45 1864.16 2191.23 2188.26 2184.84
2189.63 2175.31 2156.95 2138.89 2116.32 2055.10 1978.71 2063.25 2122.04 2157.91 2188.16 2202.49 2212.01 2208.88 2216.52 2237.06 2285.13 2338.15 2396.01 2398.55 2385.18 2366.09 2353.37 2331.52
2308.89 2257.70 2202.27 2143.30 2129.91 2118.99 2108.83 2214.12 2298.32 2361.03 2364.84 2364.20 2363.03 2420.03 2477.15 2536.53 2510.86 2483.58 2410.67 2391.55 2303.95 2200.77 2285.93 2371.20
2454.44 2427.41 2396.41 2365.25 2307.66 2246.85 2177.87 2248.35 2301.31 2331.73 2320.22 2310.27 2307.48 2293.18 2288.19 2290.79 2301.16 2317.17 2341.00 2360.38 2370.80 2384.47 2362.00 2358.66
2374.14 1908.33 1654.17 2151.40 1909.89 1593.48 1272.68 1428.19 1819.65 2055.98 2158.14 2285.47 2411.01 2390.06 2385.86 2406.40 2415.94 2428.68 2445.50 2379.66 2282.36 2154.64 2017.73 1848.54
1629.87 1625.24 1623.53 1627.94 1771.51 1909.28 2032.21 1944.09 1938.12 1981.72 2083.01 2167.10 2239.55 2198.21 2159.56 2126.63 2074.26 2019.53 1962.59 1956.89 2008.17 2095.88 2075.15 2058.67
2049.37 1990.72 1927.86 1861.00 1792.70 1718.09 1626.24 1661.94 1681.76 1685.75 1460.01 1502.54 1663.27 1754.34 1839.54 1901.34 1955.62 2011.92 2062.03 2127.57 2181.36 2237.18 2213.89 2189.80
2163.96 2156.70 2149.40 2139.84 2131.02 2122.66 2113.04 2194.66 2269.69 2326.58 2331.86 2335.65 2337.34 2347.41 2360.72 2381.32 2402.88 2428.00 2457.20 2443.50 2412.30 2372.62 2353.93 2322.14
2289.06 2255.96 2220.37 2183.84 2132.95 2079.44 2035.41 2074.13 2101.19 2114.60 2203.74 2294.38 2380.73 2407.87 2439.88 2477.68 2457.14 2437.58 2417.24 2386.44 2342.83 2281.80 2281.54 2282.89
2271.44 2267.03 2252.59 2242.32 2168.44 2086.79 1993.99 2094.44 2169.77 2223.43 2321.59 2387.86 2447.12 2452.71 2461.92 2477.94 2431.90 2386.10 2339.15 2290.34 2221.21 2146.12 2146.05 2146.94
2149.94 2146.57 2116.96 2031.93 2032.25 2101.58 2193.10 2203.31 2211.49 2211.56 2112.57 2081.54 2112.36 2077.58 2054.84 2071.45 1833.09 1592.96 1737.25 1891.63 1834.77 1734.87 1553.26 1674.27
1917.13 1954.18 1986.25 2070.14 2068.36 2069.15 2073.49 2066.98 2058.89 2043.98 1954.93 1867.43 1777.75 1735.62 1751.61 1817.37 1791.29 1774.92 1749.68 1777.04 1778.91 1795.53 1762.77 1727.81
1669.01 1678.39 1686.61 1696.47 1687.82 1639.81 1624.74 1611.45 1620.69 1630.82 1718.91 1780.30 1830.08 1720.65 1616.37 1539.76 1587.54 1682.22 1799.97 1858.54 1926.10 2010.53 1994.91 1996.08
2017.02 1967.72 1918.10 1874.57 1834.87 1764.83 1683.20 1726.97 1780.19 1815.76 1931.57 2015.24 2079.41 2075.59 2092.02 2129.84 2166.05 2207.53 2256.15 2281.72 2290.19 2299.32 2258.24 2197.43
2128.15 2086.73 2052.49 2030.10 2052.70 2077.41 2099.73 2099.32 2108.41 2111.60 2147.56 2192.72 2236.21 2246.95 2271.84 2312.88 2311.62 2289.33 2269.44 2270.60 2255.80 2235.96 2189.10 2142.13
2064.12 2020.85 1994.22 1987.22 1989.15 1994.88 2003.30 1997.20 2021.94 2055.78 2146.72 2219.99 2283.85 2311.89 2343.34 2379.90 2348.24 2302.45 2257.32 2281.80 2293.93 2255.41 2248.74 2241.52
2234.38 2229.01 2223.04 2215.69 2230.23 2245.49 2258.76 2349.68 2417.44 2463.45 2492.04 2518.49 2544.03 2525.30 2509.02 2497.99 2478.87 2461.17 2442.44 2429.49 2398.94 2362.22 2378.91 2399.00
2424.14 2372.52 2317.10 2257.31 2196.35 2136.08 2081.49 2153.91 2205.74 2236.72 2271.39 2303.81 2329.04 2337.84 2351.27 2368.50 2390.85 2415.29 2438.61 2426.12 2397.18 2360.79 2369.69 2373.89
2377.37 2263.47 2132.93 1985.77 1984.97 1998.62 2020.29 2116.73 2205.29 2250.53 2293.56 2342.06 2361.70 2388.22 2378.77 2375.10 2348.98 2320.89 2293.93 2222.83 2135.25 2059.37 2024.83 1988.43
1950.45 1965.27 1981.21 1948.69 1751.84 1629.81 1734.53 1686.96 1882.01 2061.35 2045.36 2083.65 2153.81 2177.67 2219.40 2267.70 2302.64 2332.99 2363.01 2310.10 2212.06 2061.49 1942.88 1809.00
1651.13 1678.06 1453.69 1422.24 1576.14 1698.67 1782.85 1594.97 1326.56 1107.30 1440.09 1655.50 1714.89 1699.11 1686.98 1752.32 1732.77 1718.88 1712.25 1792.88 1863.87 1938.69 1856.28 1758.58
1641.70 1658.01 1673.73 1691.78 1803.41 1834.61 1869.58 1866.31 1871.90 1872.25 1902.36 1980.63 2063.44 2111.65 2130.61 2139.48 2130.28 2124.84 2125.62 2104.21 2057.78 1991.34 1993.53 1994.89
1999.43 1980.83 1935.94 1876.00 1725.77 1626.56 1657.07 1648.17 1745.67 1851.44 1580.11 1245.08 1310.32 1572.80 1852.44 1982.52 1977.29 1996.21 2042.09 2031.80 2002.32 1960.88 1974.73 1989.23
2003.45 1972.86 1939.54 1907.55 1871.26 1851.12 1847.30 1891.58 1957.14 2008.01 2038.24 2086.08 2136.43 2169.87 2207.43 2249.06 2305.62 2303.38 2303.77 2277.54 2237.13 2191.85 2227.74 2263.46
2298.23 2279.18 2269.49 2271.05 2205.64 2136.38 2059.01 2056.66 2055.73 2050.33 1955.20 1893.04 1872.23 1683.84 1511.77 1502.47 1623.90 1735.81 1841.18 1849.87 1846.03 1841.80 1833.63 1824.93
1817.24 1825.44 1832.74 1767.32 1692.37 1670.99 1713.56 1635.67 1561.72 1483.57 1612.82 1688.39 1746.38 1807.03 1871.58 1968.55 2022.24 2088.87 2168.48 2192.59 2209.51 2227.11 2299.14 2378.34
2461.72 2446.00 2432.62 2427.08 2430.98 2434.03 2424.80 2396.65 2370.66 2335.57 2206.25 2070.34 1912.68 1911.24 1927.70 1961.35 2019.62 2078.07 2142.37 2109.36 2065.44 1988.20 1922.36 1853.29
1784.44 1803.81 1826.43 1849.49 1798.11 1680.47 1491.19 1638.82 1795.69 1924.86 1854.58 1798.03 1753.29 1782.09 1817.88 1841.23 1887.77 1947.60 2018.32 2004.19 1975.14 1939.76 1887.30 1828.71
1766.52 1783.07 1668.39 1493.80 1517.05 1581.19 1659.89 1770.73 1880.34 1962.23 1928.05 1914.40 1912.43 1951.61 1936.07 1940.28 1953.95 1969.83 1990.75 2006.31 2008.45 2007.95 1962.49 1912.64
1858.61 1898.65 1939.38 1958.35 1958.47 1970.87 1976.72 2055.29 2113.57 2138.19 2065.63 2003.64 1956.61 1970.14 1988.79 2027.04 2054.28 2084.76 2111.58 2063.90 2000.72 1929.36 1921.99 1915.76
1910.12 1841.59 1772.77 1712.90 1598.73 1582.77 1683.56 1489.03 1344.86 1355.00 1476.16 1583.34 1690.22 1781.89 1866.87 1963.06 2016.65 2072.12 2128.36 2103.22 2062.59 2018.37 1951.87 1880.02
1807.97 1797.58 1807.28 1807.63 1804.62 1809.85 1815.79 1776.96 1776.71 1789.37 1684.11 1590.46 1530.71 1615.92 1714.55 1815.81 1907.67 1989.37 2027.80 2011.55 1982.01 1946.16 1909.09 1868.65
1825.31 1754.47 1713.16 1729.23 1794.00 1848.38 1857.05 1839.69 1860.45 1891.19 1869.26 1862.38 1868.55 1952.67 2034.83 2121.85 2200.55 2280.06 2356.78 2333.38 2297.19 2254.97 2222.30 2189.76
2157.67 2113.61 2067.25 2019.63 1981.89 1941.22 1894.17 2079.07 2162.68 2216.87 2194.08 2173.78 2151.73 2216.51 2280.31 2346.83 2375.45 2407.07 2424.19 2433.74 2431.62 2414.16 2407.98 2400.32
2386.21 2361.35 2327.07 2289.89 2294.33 2297.63 2297.95 2328.38 2347.19 2355.98 2315.17 2282.01 2259.13 2230.57 2206.62 2184.53 2167.21 2150.47 2135.84 2090.79 2026.41 1953.57 1944.40 1933.44
1922.96 1867.60 1830.64 1824.77 1836.51 1847.33 1853.87 1796.68 1762.82 1741.14 1758.85 1776.02 1790.40 1889.31 1984.11 2072.71 2114.87 2132.62 2155.69 2159.63 2151.33 2139.58 2132.18 2116.51
2098.84 2117.30 2135.38 2153.71 2163.08 2172.60 2176.43 2232.08 2284.67 2323.04 2354.55 2383.98 2407.66 2430.81 2458.92 2491.47 2494.74 2487.12 2481.36 2500.93 2504.10 2486.71 2491.58 2498.05
2507.48 2501.59 2496.27 2488.65 2417.89 2349.33 2281.49 2186.16 2144.96 2139.38 1963.40 1879.15 1917.15 1814.04 1705.69 1583.88 1379.06 1136.22 1342.80 1553.63 1772.09 1966.68 1995.50 2036.27
2080.22 2069.94 2059.38 2049.84 2074.20 2099.43 2119.77 2169.45 2210.41 2226.70 2258.53 2287.11 2309.95 2314.82 2325.53 2340.35 2353.10 2368.46 2388.27 2389.46 2375.34 2351.67 2362.83 2373.65
2384.94 2405.99 2426.63 2448.05 2443.31 2435.64 2423.08 2424.41 2413.14 2384.93 2379.77 2370.86 2359.64 2382.04 2410.50 2430.35 2438.25 2446.87 2458.89 2451.09 2431.27 2404.47 2378.07 2350.02
2319.82 2338.97 2340.84 2332.31 2334.55 2313.78 2274.77 2301.36 2313.35 2310.59 2342.02 2349.43 2352.21 2375.75 2403.95 2435.19 2432.22 2424.83 2420.82 2401.42 2367.50 2323.41 2296.68 2271.56
2248.91 2223.01 2193.90 2160.05 2162.54 2155.49 2142.88 2207.62 2259.20 2290.26 2333.48 2372.50 2391.14 2401.74 2415.11 2426.07 2405.02 2383.29 2362.48 2318.08 2251.23 2165.26 2161.72 2161.56
2164.08 2143.10 2120.20 2088.59 2093.18 2107.30 2124.44 2161.56 2187.85 2174.67 2190.61 2193.89 2194.61 2223.22 2258.61 2298.15 2312.78 2327.28 2344.68 2321.13 2274.43 2208.15 2198.64 2190.07
2159.97 2082.05 1994.14 1892.15 1853.02 1824.54 1801.06 1843.47 1899.99 1945.28 2032.27 2098.35 2152.21 2189.95 2234.60 2282.40 2337.35 2394.08 2400.28 2395.55 2375.93 2347.64 2368.25 2379.35
2372.61 2379.33 2386.94 2395.60 2369.23 2341.11 2307.96 2340.44 2355.57 2354.16 2337.11 2322.84 2305.33 2317.83 2337.83 2365.14 2387.84 2394.05 2380.70 2383.31 2377.81 2372.06 2354.20 2335.52
2316.71 2314.17 2292.02 2263.66 2240.75 2217.21 2186.46 2261.76 2311.03 2337.74 2333.21 2331.99 2328.03 2311.71 2302.70 2300.38 2285.40 2271.37 2260.27 2230.99 2185.43 2092.69 2102.87 2112.79
2113.12 2072.95 2037.66 2005.30 1957.29 1905.08 1851.30 1902.61 1942.02 1952.96 1947.37 1906.89 1867.14 1953.54 2033.86 2111.40 2170.19 2174.16 2183.02 2120.81 2032.64 1919.74 1866.64 1803.75
1727.52 1674.37 1617.24 1394.06 1580.43 1745.26 1871.77 1847.24 1821.62 1788.59 1813.17 1810.18 1809.90 1903.06 1982.07 2035.87 2060.72 2087.62 2114.78 2098.50 2066.69 2027.31 1968.79 1900.70
1818.52 1815.04 1815.85 1823.84 1819.69 1816.10 1804.66 1805.36 1799.84 1781.27 1737.99 1708.23 1668.78 1778.27 1878.54 1968.72 2046.13 2113.80 2149.07 2117.15 2060.45 1983.52 1925.51 1867.72
1820.31 1818.56 1822.01 1831.17 1828.08 1827.98 1822.11 1767.85 1735.29 1706.28 1815.05 1900.17 1959.12 1959.50 1967.16 1979.87 2053.06 2125.59 2165.91 2138.74 2088.92 2019.23 1989.63 1959.99
1933.90 1887.79 1837.57 1781.43 1731.59 1717.54 1738.50 1764.99 1792.40 1794.79 1846.01 1889.76 1918.28 2013.32 2103.33 2193.75 2203.84 2215.37 2229.11 2196.93 2143.07 2069.94 2034.85 1995.68
1950.87 1883.19 1806.15 1716.28 1732.77 1735.20 1767.85 1798.02 1844.06 1877.24 1993.82 2083.45 2167.89 2237.30 2296.74 2360.06 2288.15 2202.74 2105.07 2066.45 2023.88 1986.69 1892.88 1789.12
1685.22 1721.08 1759.65 1796.42 1634.14 1457.45 1388.64 1405.70 1422.83 1427.33 1256.15 1473.79 1606.75 1522.45 1468.51 1490.65 1498.99 1524.81 1569.58 1593.21 1616.46 1644.51 1613.14 1588.02
1573.25 1558.06 1551.91 1548.55 1237.73 1150.29 1485.01 1147.82 1379.13 1577.32 1649.08 1652.11 1647.12 1641.12 1644.89 1666.25 1675.79 1697.68 1733.79 1694.72 1710.96 1805.67 1814.46 1827.22
1848.93 1741.73 1615.45 1484.71 1361.64 1311.80 1393.85 1502.48 1586.82 1636.46 1688.26 1729.06 1757.21 1700.29 1695.94 1735.99 1690.56 1657.31 1650.93 1462.60 1338.86 1625.66 1575.36 1513.51
1438.11 1472.07 1586.41 1712.32 1767.84 1822.18 1866.29 1841.71 1818.77 1783.90 1578.18 1335.00 885.23 1018.26 1125.44 1212.57 1301.28 1411.07 1564.61 1545.63 1634.57 1803.73 1728.07 1683.55
1708.22 1660.12 1618.24 1588.48 1322.07 1148.66 1477.72 1382.13 1291.24 1187.70 1280.55 1398.22 1480.84 1517.37 1516.31 1521.32 1614.34 1704.55 1794.99 1875.24 1860.82 1826.05 1772.72 1709.17
1641.98 1546.20 1607.96 1758.80 1785.93 1832.14 1886.22 2042.29 2161.02 2246.94 2238.41 2232.44 2236.39 2197.77 2163.36 2140.26 2168.57 2199.97 2234.02 2184.89 2119.37 2018.88 1988.88 1956.02
1919.06 1908.09 1896.76 1879.64 1879.63 1882.74 1880.96 1887.59 1899.78 1911.74 1874.57 1839.95 1812.58 1787.12 1771.75 1767.15 1715.15 1659.65 1601.28 1693.19 1773.95 1846.84 1711.17 1531.35
1264.30 1318.14 1368.09 1412.82 1427.86 1518.57 1622.59 1631.14 1651.81 1657.99 1601.09 1547.68 1405.51 1470.81 1550.80 1651.38 1700.74 1755.24 1813.68 1791.33 1762.81 1748.76 1712.60 1672.61
1632.72 1525.30 1424.25 1381.16 1404.92 1497.42 1464.58 1489.00 1515.08 1522.20 1517.36 1482.73 1482.67 1413.54 1383.43 1407.40 1552.35 1683.45 1805.85 1861.59 1916.91 1974.73 1929.25 1882.45
1842.35 1855.05 1868.05 1883.80 1834.85 1780.76 1711.78 1827.86 1903.04 1949.83 1956.38 1968.01 1976.72 2043.45 2084.55 2126.04 2175.91 2228.94 2258.19 2230.36 2185.48 2124.85 2117.03 2107.88
2098.92 2120.97 2147.49 2149.32 2124.01 2102.07 2074.91 2138.87 2175.87 2189.12 2151.34 2114.60 2081.72 2129.63 2181.71 2237.46 2297.65 2360.31 2416.41 2390.89 2348.75 2292.22 2308.35 2324.93
2342.84 2308.19 2259.93 2205.39 2167.78 2124.81 2071.50 2151.14 2201.63 2223.90 2168.98 2116.54 2068.87 2084.02 2112.02 2150.37 2219.47 2288.23 2358.21 2319.84 2261.32 2186.09 2221.10 2256.05
2290.85 2162.55 2032.78 1931.26 2008.93 2082.46 2149.50 2096.77 2047.15 1998.86 1804.06 1593.04 1405.00 1181.89 941.56 1054.70 1174.27 1564.88 1823.93 1857.68 1890.67 1926.49 1912.06 1901.68
1893.47 1856.95 1817.96 1775.40 1719.04 1655.60 1579.49 1614.26 1660.21 1690.45 1709.45 1737.58 1718.64 1781.96 1843.10 1901.37 1981.24 2061.24 2113.67 2102.52 2074.59 2035.21 2001.64 1963.90
1925.08 1893.90 1857.80 1819.04 1776.95 1732.66 1664.95 1707.31 1803.55 1864.39 1873.14 1878.17 1880.37 1917.06 1962.13 2011.48 2060.48 2113.18 2168.21 2193.36 2198.22 2183.15 2164.57 2144.58
2109.85 2076.35 2039.32 2000.85 1976.26 1952.47 1918.60 2010.36 2070.90 2101.78 2087.05 2072.48 2049.28 2048.34 2055.88 2069.73 2105.06 2143.44 2185.43 2180.82 2151.78 2107.60 2115.15 2125.81
2140.38 2111.56 2080.37 2050.06 2057.08 2067.51 2071.58 2121.58 2162.53 2188.25 2186.24 2184.43 2186.71 2203.56 2226.51 2239.79 2275.14 2290.36 2282.85 2276.22 2255.36 2221.87 2233.44 2244.38
2255.25 2245.00 2234.66 2149.49 2172.75 2189.33 2171.96 2228.88 2257.87 2267.57 2251.68 2232.64 2215.18 2247.95 2286.01 2325.38 2364.10 2405.78 2426.76 2403.14 2364.49 2312.57 2304.21 2295.34
2286.56 2301.53 2316.98 2331.27 2270.10 2203.91 2120.64 2170.24 2212.57 2236.54 2174.05 2114.54 2052.25 2067.43 2089.49 2118.38 2162.99 2208.58 2254.57 2268.78 2274.21 2273.60 2243.22 2214.54
2189.47 2163.89 2136.10 2106.38 2036.42 1958.61 1861.76 1922.02 1994.62 2059.68 2146.62 2227.13 2285.86 2328.17 2363.38 2402.50 2300.11 2150.84 1962.87 1925.39 1871.87 1803.27 1893.25 1962.54
1981.20 1977.12 1974.22 1960.65 1969.13 1976.85 1977.85 2016.16 2044.46 2060.30 1992.70 1931.85 1885.93 1935.86 1991.08 2055.51 2057.35 2060.93 2064.96 2042.98 2013.05 1979.63 1951.88 1924.69
1899.09 1908.72 1899.26 1852.41 1844.84 1843.36 1805.61 1884.11 1952.58 2010.67 1989.20 1973.09 1976.33 1999.23 2032.97 2069.41 2103.61 2106.01 2109.62 2090.89 2059.56 2017.29 1994.74 1968.85
1939.42 1934.05 1928.36 1924.66 1872.81 1814.68 1722.17 1727.20 1728.89 1734.46 1799.76 1826.82 1872.07 1924.31 1988.35 2063.89 2088.89 2070.14 2043.45 2009.26 1958.53 1892.75 1897.88 1903.08
1908.17 1879.04 1848.70 1817.66 1776.15 1733.85 1680.84 1712.88 1779.37 1833.28 1851.77 1817.13 1783.92 1788.72 1818.09 1882.59 1921.32 1960.86 2002.07 1961.92 1896.54 1814.99 1882.98 1949.11
2014.89 1968.47 1915.85 1858.47 1770.95 1671.69 1548.18 1618.41 1667.63 1738.72 1666.12 1601.37 1531.88 1502.09 1524.21 1586.49 1638.53 1693.07 1750.08 1860.61 1968.98 2074.56 2086.75 2071.24
2052.87 1974.17 1885.52 1781.86 1655.84 1611.29 1682.49 1435.36 1133.74 1255.60 1182.13 1100.99 712.58 1005.71 1204.65 1364.59 1532.69 1698.52 1852.03 1953.47 2058.61 2148.96 2132.43 2113.73
2093.33 2016.92 1930.67 1829.73 1807.83 1787.59 1763.79 1824.88 1892.95 1945.01 1906.25 1870.14 1837.63 1895.03 1966.93 2049.91 2114.95 2183.02 2249.20 2221.44 2177.52 2117.32 2067.77 2011.88
1949.56 1926.03 1912.52 1907.21 1837.75 1796.41 1777.94 1804.88 1838.06 1862.28 1848.60 1837.67 1846.96 1974.86 2090.01 2207.86 2258.70 2240.47 2221.73 2148.86 2056.83 1946.00 1926.97 1915.51
1913.71 1876.43 1837.43 1794.31 1822.40 1862.31 1888.32 1947.95 2022.28 2085.86 2094.75 2105.65 2122.82 2169.20 2218.49 2287.42 2249.14 2207.48 2160.69 2189.71 2218.68 2181.88 2156.12 2131.25
2109.03 2045.45 1978.59 1909.97 1953.01 1998.02 2034.87 2105.78 2122.05 2101.65 2120.96 2140.44 2154.85 2179.04 2206.50 2235.28 2264.05 2296.60 2294.96 2286.32 2264.16 2227.46 2201.14 2173.12
2142.92 2125.15 2106.63 2088.12 2080.93 2074.36 2059.07 2095.81 2129.56 2150.27 2166.98 2176.39 2179.29 2193.65 2214.15 2239.06 2246.60 2254.08 2265.70 2215.61 2138.61 2033.47 2015.69 1996.07
1974.73 1933.59 1896.70 1861.87 1817.41 1776.44 1713.31 1664.84 1601.47 1531.71 1671.38 1776.34 1849.87 1926.01 1999.25 2069.00 2104.85 2143.15 2184.08 2120.39 2024.13 1887.93 1928.39 1969.58
2012.01 1950.12 1880.35 1803.67 1691.54 1577.96 1492.58 1472.24 1565.34 1621.87 1657.91 1690.12 1713.07 1749.10 1788.47 1830.31 1920.77 2009.56 2097.91 2103.89 2062.81 1965.14 1957.00 1948.07
1938.38 1917.66 1894.59 1871.77 1845.68 1817.69 1756.40 1810.41 1874.63 1921.83 1897.38 1874.01 1848.44 1834.31 1845.57 1878.53 1958.50 2037.62 2117.31 2156.79 2186.69 2167.52 2152.44 2135.91
2116.49 2115.37 2115.21 2115.81 2031.22 1911.08 1755.42 1821.75 1878.75 1915.20 1857.98 1803.18 1745.70 1776.69 1825.24 1881.18 1964.63 2047.17 2131.15 2150.96 2158.17 2123.38 2108.50 2090.55
2072.68 2049.64 2024.88 1998.65 1927.82 1848.82 1752.20 1790.69 1820.02 1830.10 1732.97 1649.29 1572.74 1620.24 1685.02 1756.47 1813.23 1873.18 1936.66 1941.34 1933.18 1911.43 1887.32 1862.21
1837.78 1767.94 1709.31 1622.85 1526.43 1427.13 1346.18 1335.73 1446.99 1542.61 1561.46 1698.62 1821.51 1794.53 1755.11 1725.51 1799.12 1891.47 1990.00 1914.99 1812.14 1687.22 1541.83 1410.25
1438.41 1535.23 1622.00 1697.95 1712.63 1735.85 1760.56 1809.52 1854.75 1880.72 1768.80 1662.09 1557.73 1507.56 1463.47 1427.90 1465.14 1514.92 1575.59 1600.07 1628.42 1664.32 1689.75 1742.87
1779.68 1718.22 1657.93 1609.67 1666.37 1743.61 1819.50 1771.13 1720.47 1652.13 1554.05 1509.92 1511.09 1526.64 1549.11 1498.38 1501.99 1523.12 1551.62 1412.27 1353.52 1513.83 1550.80 1586.95
1646.27 1580.50 1517.39 1473.90 1419.52 1467.73 1574.87 1406.27 1274.45 1243.35 1136.66 1157.06 971.43 877.78 955.89 1105.29 1284.16 1435.04 1572.24 1670.00 1755.86 1837.22 1899.44 1974.46
2055.77 2004.40 1950.26 1892.63 1833.45 1775.22 1721.49 1786.01 1844.80 1885.05 1852.92 1834.24 1809.55 1865.69 1920.41 1971.73 2051.84 2133.64 2214.35 2232.94 2240.31 2211.67 2186.28 2157.01
2123.78 2094.53 2063.52 2029.96 1964.92 1897.52 1827.93 1941.74 2018.11 2069.26 2074.83 2075.81 2077.40 2098.90 2125.83 2153.99 2207.51 2263.89 2322.30 2334.64 2300.53 2229.54 2181.52 2127.13
2065.39 2048.04 2029.58 2008.66 1947.24 1880.76 1801.24 1938.53 2033.49 2091.88 2116.33 2130.49 2144.31 2183.89 2224.85 2271.59 2320.43 2372.67 2421.20 2377.51 2314.03 2232.91 2186.75 2133.52
2074.59 2075.57 2079.21 2080.20 2026.58 1952.19 1863.09 1955.33 2034.64 2088.79 2095.69 2098.69 2095.74 2118.21 2144.50 2175.17 2220.39 2268.45 2320.39 2326.01 2292.19 2234.42 2198.76 2159.23
2116.81 2076.41 2033.29 1981.95 1971.41 1934.26 1880.69 1932.58 1975.68 1997.60 2018.29 2034.90 2043.66 2080.91 2121.63 2164.22 2236.65 2310.43 2387.74 2367.05 2327.91 2272.72 2222.76 2170.17
2119.09 2064.08 2001.18 1930.51 1882.87 1854.75 1849.99 1918.53 1987.39 2033.59 2038.38 2039.86 2035.39 2052.59 2075.81 2103.83 2178.58 2255.16 2333.56 2326.96 2275.76 2205.27 2177.88 2147.09
2114.22 2039.85 1955.77 1860.93 1806.66 1764.36 1732.42 1798.41 1853.24 1886.02 1907.79 1864.58 1818.02 1910.79 1997.04 2081.63 2143.16 2207.37 2272.36 2254.86 2195.09 2112.73 2093.19 2070.40
2045.81 1971.96 1885.59 1785.61 1701.04 1724.52 1832.79 1610.74 1452.46 1477.60 1602.35 1620.18 1583.77 1593.83 1627.49 1687.86 1771.17 1874.74 1987.88 2050.75 2068.15 2081.38 2047.90 2019.63
2002.38 1913.64 1822.99 1740.16 1577.01 1333.76 994.37 1209.13 1349.24 1435.56 1581.54 1706.54 1810.91 1788.06 1780.60 1770.60 1764.67 1783.67 1828.83 1794.74 1748.25 1690.49 1703.76 1718.16
1734.08 1782.07 1785.97 1785.87 1831.57 1887.93 1947.92 2016.55 2074.64 2100.53 2058.02 2022.33 1977.54 1959.04 1947.01 1937.44 1934.46 1942.85 1965.01 1950.64 1938.40 1926.85 1907.13 1904.42
1877.86 1842.25 1827.85 1844.33 1850.29 1857.61 1859.61 1860.39 1860.63 1841.04 1840.59 1842.10 1827.75 1822.35 1815.64 1813.94 1824.74 1848.21 1886.63 1895.49 1905.38 1949.41 1870.85 1782.23
1685.99 1701.26 1696.66 1685.58 1677.16 1683.80 1700.22 1654.20 1617.88 1576.53 1460.13 1351.62 1254.35 1293.12 1331.64 1371.58 1489.70 1599.19 1702.81 1770.96 1840.59 1918.69 1918.71 1927.75
1921.52 1867.22 1806.01 1737.66 1665.02 1590.03 1520.09 1530.20 1559.31 1580.87 1732.68 1815.22 1831.12 1945.90 2048.27 2151.91 2197.93 2246.29 2296.21 2256.65 2187.48 2105.13 2080.70 2053.11
2024.94 1987.38 1946.17 1900.50 1879.99 1861.98 1840.80 1941.49 2007.82 2058.73 2069.09 2073.54 2083.77 2121.75 2162.20 2198.07 2240.32 2287.82 2334.44 2323.43 2299.23 2267.56 2208.53 2141.69
2066.73 2054.72 2042.25 2028.77 1995.31 1959.10 1916.14 1970.82 2025.14 2068.02 2069.49 2062.47 2060.50 2070.61 2087.66 2103.58 2147.99 2196.94 2246.97 2234.28 2206.79 2171.59 2135.11 2096.11
2054.80 2045.59 2021.81 1997.77 1933.17 1864.92 1790.62 1874.07 1947.44 1978.22 1904.51 1807.09 1699.68 1677.09 1679.91 1704.64 1817.01 1924.35 2028.66 2095.91 2150.40 2147.66 2115.80 2080.50
2043.56 2009.26 1965.52 1900.63 1867.75 1825.50 1806.08 1805.87 1813.76 1824.63 1774.19 1725.96 1672.72 1655.31 1652.30 1661.91 1748.96 1834.74 1923.02 2013.72 2094.14 2109.96 2072.47 2032.27
1994.79 1944.28 1890.64 1835.45 1734.29 1635.11 1561.36 1530.40 1504.75 1486.95 1463.21 1444.55 1427.61 1537.36 1651.99 1760.15 1851.92 1943.40 2036.35 2085.59 2082.91 2067.91 2000.32 1922.36
1833.38 1770.40 1702.62 1637.23 1645.00 1725.29 1811.75 1717.79 1625.00 1526.79 1489.96 1454.13 1416.54 1454.51 1491.17 1527.62 1604.03 1680.56 1757.85 1860.64 1976.18 2096.79 2045.73 1988.42
1926.56 1884.72 1839.80 1792.22 1718.33 1655.46 1619.52 1583.87 1511.00 1440.03 1428.28 1468.85 1519.12 1633.68 1734.33 1830.28 1884.34 1944.41 2010.85 2059.36 2112.63 2134.90 2081.58 2018.48
1944.22 1910.78 1875.51 1835.53 1789.75 1741.38 1683.86 1677.52 1675.19 1675.82 1592.55 1518.79 1434.35 1449.76 1477.68 1523.83 1648.74 1762.82 1872.85 1975.44 2069.53 2094.49 2067.09 2042.44
2024.94 1954.57 1875.88 1789.21 1716.15 1631.27 1530.00 1562.68 1531.70 1507.81 1532.49 1578.65 1630.37 1700.54 1768.99 1847.47 1966.71 2085.80 2203.20 2199.03 2146.68 2082.06 2032.76 1978.52
1919.42 1871.45 1815.84 1744.91 1636.14 1496.39 1344.31 1448.11 1540.95 1600.54 1651.35 1666.05 1676.48 1781.36 1873.59 1953.76 2015.38 2083.23 2157.11 2152.39 2139.20 2125.87 2106.96 2087.36
2068.00 2029.31 1987.53 1944.62 1870.67 1801.64 1753.59 1836.54 1901.05 1941.46 1946.87 1921.22 1898.28 1945.98 1995.06 2045.14 2111.34 2178.09 2247.26 2244.48 2198.64 2141.32 2125.92 2110.14
2095.59 2074.15 2050.77 2026.76 1992.04 1956.49 1932.10 1945.38 1986.63 2023.72 2007.21 1992.72 1976.07 1988.28 2006.26 2025.83 2079.82 2136.05 2196.73 2244.40 2228.13 2205.26 2202.19 2201.18
2203.67 2137.19 2060.22 1969.95 1935.42 1903.72 1868.95 1971.88 2045.23 2088.07 2111.55 2108.74 2104.11 2100.41 2102.23 2108.78 2157.27 2207.40 2239.61 2219.57 2179.04 2123.75 2116.18 2107.69
2097.93 2074.82 2048.49 2021.47 1943.27 1866.05 1800.08 1872.38 1937.43 1956.86 1937.91 1926.94 1915.25 1911.71 1918.96 1933.57 1986.24 2041.39 2098.87 2142.86 2126.95 2102.60 2075.41 2047.09
2022.03 1954.29 1875.89 1781.27 1748.41 1746.48 1767.64 1709.06 1738.62 1792.85 1788.97 1782.20 1771.29 1798.10 1833.20 1872.06 1963.95 2053.63 2144.21 2186.57 2169.18 2133.70 2112.95 2090.42
2066.26 2035.67 2003.39 1941.64 1888.69 1835.73 1770.17 1858.72 1943.83 2010.11 1966.68 1927.13 1886.16 1892.14 1908.54 1931.42 2024.71 2116.81 2210.86 2230.20 2212.78 2176.95 2149.31 2119.23
2086.96 2006.27 1912.90 1801.13 1761.12 1741.95 1752.41 1737.81 1805.37 1873.06 1802.29 1731.45 1660.19 1706.72 1761.67 1819.55 1927.44 2030.58 2133.45 2173.63 2179.41 2151.00 2069.22 1971.92
1854.14 1815.57 1774.18 1733.99 1719.12 1715.19 1719.19 1656.86 1605.45 1567.64 1498.99 1496.47 1529.28 1594.88 1656.68 1712.98 1722.68 1736.24 1753.56 1820.19 1878.60 1943.18 1988.63 2008.35
1988.24 1896.94 1784.60 1645.50 1585.67 1573.17 1616.43 1405.69 1111.37 1006.12 1026.58 1228.66 1331.58 1381.32 1427.41 1408.25 1467.19 1526.96 1591.68 1761.63 1901.40 2029.44 2037.72 2020.19
2000.92 1953.62 1904.56 1855.38 1773.70 1678.67 1572.54 1595.42 1616.10 1600.08 1655.09 1701.43 1735.51 1748.81 1765.27 1785.37 1865.82 1945.05 2026.84 2117.14 2195.70 2196.35 2160.71 2118.61
2070.94 2039.87 2005.41 1969.43 1901.68 1824.68 1735.90 1786.24 1850.20 1902.56 1888.81 1879.33 1868.19 1889.81 1914.65 1942.44 2044.99 2147.91 2253.37 2282.49 2270.37 2224.37 2206.07 2186.11
2166.89 2138.71 2108.12 2063.92 1999.13 1925.28 1831.25 1954.95 2049.69 2114.66 2107.02 2088.56 2066.22 2091.15 2119.62 2152.52 2198.02 2246.48 2300.38 2303.65 2236.60 2158.08 2099.72 2032.28
1953.97 1902.18 1844.62 1780.28 1768.82 1758.83 1676.29 1763.84 1846.24 1904.92 1908.83 1915.19 1924.03 2006.25 2081.98 2159.12 2201.79 2246.60 2281.04 2223.48 2139.37 2036.23 1983.93 1925.29
1860.92 1811.87 1759.59 1703.62 1690.41 1701.35 1738.08 1771.69 1819.31 1861.55 1887.70 1912.16 1934.63 1950.09 1967.71 1981.61 2048.56 2110.90 2179.02 2165.24 2138.37 2113.41 2021.84 1908.59
1764.88 1767.18 1772.95 1783.36 1763.83 1744.40 1729.17 1715.93 1736.75 1768.87 1752.82 1740.18 1742.45 1850.97 1947.71 2034.32 2102.90 2171.05 2205.32 2166.65 2110.92 2048.41 2026.01 2000.50
1973.00 1922.85 1867.06 1771.05 1711.45 1723.67 1803.54 1668.78 1602.40 1614.33 1726.09 1779.49 1827.73 1875.38 1923.90 1976.47 2079.27 2179.09 2257.40 2197.46 2118.04 2027.07 1957.09 1879.86
1795.94 1790.50 1784.16 1776.60 1733.32 1699.85 1685.51 1670.41 1696.30 1728.37 1755.47 1752.38 1756.70 1876.38 1980.05 2086.46 2121.94 2106.05 2092.09 2021.17 1920.83 1791.84 1773.22 1755.89
1743.10 1714.56 1685.91 1658.84 1691.10 1741.46 1776.21 1754.59 1754.25 1772.02 1765.33 1767.89 1733.06 1788.69 1842.70 1898.43 1938.63 1979.91 2016.84 1990.31 1947.57 1900.67 1886.01 1868.95
1852.35 1838.86 1826.34 1812.07 1806.69 1805.08 1808.65 1862.70 1868.20 1862.79 1809.77 1764.36 1726.80 1840.72 1938.99 2019.44 2065.21 2112.41 2145.60 2119.88 2080.87 2041.93 2041.24 2039.41
2021.63 2001.44 1984.36 1972.00 1984.91 2000.89 2017.96 2052.29 2097.43 2135.16 2088.92 2046.06 2001.79 1988.61 1980.48 1975.71 2030.33 2087.45 2150.40 2184.08 2206.44 2193.73 2205.48 2216.52
2222.13 2175.54 2124.31 2065.37 2042.65 2015.42 1986.34 2014.20 2038.88 2052.74 2011.28 1980.07 1953.61 1983.80 2016.62 2050.49 2097.36 2142.29 2181.37 2155.69 2108.52 2053.05 1981.16 1895.39
1793.93 1774.35 1771.48 1786.31 1783.15 1782.06 1783.07 1694.56 1609.93 1529.35 1592.12 1575.55 1539.32 1638.60 1731.03 1768.80 1845.54 1921.92 2000.34 1984.58 1962.94 1956.13 1915.97 1872.14
1826.40 1765.17 1693.48 1609.91 1541.42 1502.61 1514.96 1535.23 1547.98 1544.58 1557.89 1575.74 1590.03 1657.08 1712.67 1764.03 1857.09 1948.47 2041.77 2065.47 2012.30 1947.55 1906.79 1859.58
1806.49 1770.44 1731.72 1688.69 1677.71 1693.09 1733.71 1740.59 1771.28 1797.04 1755.53 1711.64 1670.37 1701.78 1741.21 1796.53 1878.11 1957.92 2037.66 2066.24 2020.89 1970.87 1912.16 1841.95
1759.24 1727.53 1698.74 1676.08 1679.53 1684.47 1688.82 1635.60 1584.22 1527.90 1503.52 1489.56 1464.13 1625.10 1764.76 1893.84 1938.51 1996.45 2066.77 2066.55 2028.62 1988.56 1923.81 1850.97
1773.71 1657.34 1517.27 1366.82 1399.42 1532.08 1525.50 1471.78 1430.41 1399.26 1305.50 1248.76 1237.16 1356.88 1486.24 1604.29 1669.14 1733.82 1801.27 1801.15 1793.08 1794.72 1794.86 1763.17
1728.50 1677.61 1629.15 1591.49 1568.01 1657.67 1793.55 1749.93 1704.42 1653.18 1711.05 1755.67 1789.32 1795.23 1820.57 1868.04 1937.17 2011.05 2090.12 2005.79 1886.03 1702.77 1633.87 1562.07
1500.82 1542.84 1547.44 1497.88 1485.22 1561.92 1675.26 1644.72 1610.85 1571.83 1666.28 1760.64 1840.69 1899.50 1960.86 2029.84 2055.28 2076.58 2106.16 2079.54 2043.99 2012.11 1967.91 1928.09
1899.82 1897.00 1896.42 1857.45 1861.57 1870.41 1872.73 2005.72 2085.24 2145.32 2135.71 2130.69 2145.71 2164.57 2188.61 2213.74 2188.00 2170.23 2166.32 2148.71 2087.24 2018.81 1949.44 1869.18
1774.88 1785.98 1828.30 1854.68 1807.92 1763.26 1686.91 1799.01 1891.84 1954.61 1857.55 1764.68 1693.74 1779.74 1852.10 1936.27 1919.83 1909.80 1892.94 1827.21 1750.94 1682.18 1672.81 1668.66
1671.49 1591.75 1528.44 1504.80 1434.24 1369.02 1329.86 1359.68 1379.21 1398.51 1297.04 1213.64 1184.88 1084.92 1231.34 1487.22 1607.92 1715.76 1813.48 1816.77 1805.98 1778.68 1779.84 1784.24
1793.23 1753.24 1712.22 1671.54 1590.74 1497.47 1384.88 1384.25 1392.31 1393.48 1451.39 1512.10 1563.64 1742.90 1885.38 2008.93 2078.87 2150.67 2224.78 2194.94 2131.05 2056.36 2033.52 2007.57
1981.40 1929.77 1874.60 1816.44 1769.25 1756.44 1782.62 1813.49 1870.67 1921.78 1976.01 2006.41 2034.05 2103.18 2174.26 2244.28 2246.65 2247.88 2254.30 2203.45 2131.42 2041.91 2001.03 1955.68
1903.87 1882.51 1863.32 1849.05 1819.58 1811.37 1790.70 1789.07 1819.85 1861.96 1963.67 2042.46 2127.21 2196.50 2264.83 2315.12 2333.34 2353.01 2376.55 2311.04 2223.36 2121.31 2061.97 1995.69
1920.25 1882.73 1843.30 1801.04 1804.94 1812.71 1821.78 1880.78 1933.89 1976.51 2004.00 2011.08 2030.62 2120.90 2199.93 2261.12 2241.22 2221.67 2205.91 2205.22 2199.09 2197.59 2129.15 2054.38
1973.23 1934.50 1889.72 1795.51 1746.44 1717.21 1713.70 1765.80 1850.20 1929.53 1955.45 1980.19 2017.76 2082.69 2131.55 2160.61 2138.95 2117.46 2097.57 2055.94 1999.08 1936.59 1896.22 1853.07
1807.28 1808.33 1810.42 1813.54 1777.97 1747.49 1738.13 1711.43 1683.22 1650.44 1734.72 1815.61 1908.52 1941.01 1976.32 2017.77 2054.61 2091.44 2131.83 2089.20 2032.31 1969.01 1900.19 1822.71
1739.01 1722.58 1712.65 1698.00 1681.12 1700.77 1753.09 1780.75 1796.26 1802.17 1813.18 1829.65 1848.69 1846.58 1863.65 1907.66 1932.15 1956.96 1988.86 1914.42 1831.86 1762.27 1631.87 1463.04
1215.35 1168.31 1147.05 1031.24 1325.55 1538.09 1696.84 1677.21 1661.74 1640.37 1602.65 1660.30 1750.89 1721.56 1698.83 1692.43 1766.58 1839.02 1911.46 1916.68 1914.40 1844.10 1801.50 1764.76
1742.95 1696.95 1654.45 1582.96 1588.03 1665.46 1773.28 1742.81 1706.09 1667.63 1683.95 1712.94 1723.82 1800.70 1871.00 1932.08 1925.26 1918.94 1915.11 1889.32 1872.09 1858.04 1781.80 1707.19
1650.13 1472.22 1211.20 1148.28 1175.04 1074.01 1372.34 1484.90 1561.32 1616.54 1543.35 1586.21 1692.52 1763.77 1832.15 1899.30 1888.45 1885.70 1894.70 1850.29 1799.31 1751.38 1745.96 1739.99
1704.34 1658.07 1615.81 1578.56 1526.04 1468.77 1400.52 1482.96 1550.76 1600.82 1409.68 1178.74 1013.11 1041.05 1144.84 1276.19 1408.11 1501.11 1598.99 1633.39 1637.29 1642.31 1628.99 1633.92
1663.78 1672.59 1680.65 1688.89 1671.22 1637.38 1597.47 1699.91 1753.99 1782.17 1819.77 1807.87 1802.09 1804.76 1812.02 1831.29 1894.46 1961.84 2036.12 2086.66 2115.23 2092.33 2109.55 2126.92
2145.82 2101.38 2048.79 1993.34 1937.38 1877.13 1809.88 1847.69 1884.15 1911.39 1848.86 1793.69 1750.19 1866.23 1972.52 2075.33 2153.99 2232.34 2311.64 2317.26 2271.75 2220.39 2211.75 2202.93
2194.64 2185.34 2176.54 2155.88 2151.49 2147.17 2142.07 2169.12 2185.62 2190.00 2225.07 2250.32 2280.35 2291.93 2294.76 2298.34 2319.51 2342.54 2368.83 2324.59 2270.78 2211.78 2234.09 2181.22
2116.79 2082.56 2047.66 2010.09 1985.51 1953.50 1920.66 2036.59 2126.56 2193.99 2195.64 2199.63 2198.10 2216.72 2237.43 2257.66 2272.16 2284.16 2297.60 2242.14 2172.59 2096.70 2053.41 2004.29
1947.45 1949.28 1914.13 1845.46 1811.44 1777.30 1747.48 1706.73 1671.29 1638.44 1798.28 1918.83 2005.09 2060.22 2113.58 2162.48 2179.19 2201.29 2218.68 2145.14 2053.68 1949.66 1902.80 1847.20
1785.07 1755.21 1722.51 1689.84 1578.54 1500.71 1506.08 1432.71 1370.34 1316.62 1536.05 1626.73 1701.21 1779.98 1853.56 1934.07 2000.80 2068.00 2137.52 2133.06 2057.44 1974.78 1918.10 1851.86
1774.29 1777.27 1784.90 1794.81 1723.56 1671.48 1640.08 1644.37 1602.22 1611.54 1664.42 1714.89 1755.69 1890.65 2007.78 2119.55 2130.84 2141.99 2154.11 2067.71 1957.83 1821.74 1802.12 1780.32
1759.74 1758.55 1759.91 1762.81 1769.65 1752.82 1758.33 1704.53 1665.22 1638.63 1638.11 1646.25 1662.23 1738.50 1817.26 1906.45 1994.64 2081.04 2166.05 2138.02 2075.95 2005.89 1961.88 1913.74
1861.22 1823.92 1785.17 1739.44 1714.33 1715.65 1736.88 1700.91 1645.41 1604.92 1670.09 1721.42 1748.44 1822.08 1894.65 1972.41 2011.23 2027.87 2049.04 1993.08 1923.70 1844.61 1831.32 1815.24
1797.83 1803.83 1793.01 1792.43 1790.91 1795.92 1807.97 1757.81 1730.22 1718.54 1707.57 1706.50 1709.65 1845.52 1962.77 2074.92 2150.28 2225.86 2305.34 2252.91 2184.77 2106.62 2112.41 2120.64
2133.07 2094.46 2053.10 2008.38 1947.29 1873.93 1803.96 1952.68 2056.59 2130.21 2118.38 2107.50 2112.14 2176.09 2226.44 2262.50 2237.73 2210.61 2184.42 2187.96 2188.02 2188.50 2178.96 2169.36
2137.44 2108.48 2078.68 2047.80 2031.53 2020.10 2014.34 2023.32 2021.71 2016.61 2054.71 2087.83 2126.52 2167.90 2209.77 2253.56 2271.01 2288.96 2300.44 2272.99 2239.10 2205.32 2188.51 2171.24
2143.15 2093.91 2042.46 1987.10 1960.90 1938.95 1921.06 1975.57 2020.99 2053.91 2061.67 2077.73 2103.72 2149.01 2188.05 2226.80 2248.32 2245.52 2205.44 2168.17 2126.11 2085.26 2077.60 2070.47
2062.92 2014.56 1942.31 1860.31 1813.18 1766.79 1719.84 1803.32 1876.00 1931.00 1967.53 2003.68 2036.54 2105.25 2165.15 2222.74 2258.96 2294.21 2333.70 2283.45 2220.48 2151.09 2119.09 2087.66
2058.52 1975.60 1881.45 1774.33 1764.92 1768.79 1735.65 1769.17 1789.17 1797.29 1834.10 1867.05 1910.38 2008.67 2079.09 2149.11 2180.33 2212.26 2235.86 2177.99 2107.72 2026.55 1954.62 1871.82
1773.87 1750.11 1714.79 1677.90 1658.11 1653.78 1708.71 1788.62 1848.04 1889.64 1858.74 1832.40 1821.45 1906.64 1991.43 2077.95 2105.56 2136.89 2117.83 2047.94 1966.55 1873.75 1832.45 1785.26
1732.78 1678.96 1618.99 1548.45 1544.82 1556.30 1584.41 1670.48 1732.27 1778.35 1779.27 1781.41 1792.77 1793.65 1817.20 1861.28 1919.14 1982.24 2052.35 2003.08 1897.19 1771.74 1688.52 1588.71
1460.13 1345.92 1291.04 1372.08 1082.04 1353.68 1484.83 1361.99 1206.54 1014.84 1212.77 1419.61 1550.17 1554.92 1567.30 1590.03 1691.08 1792.47 1899.11 1916.55 1923.24 1882.57 1865.25 1844.48
1823.86 1787.93 1748.04 1704.43 1594.78 1524.63 1512.44 1435.73 1346.23 1240.15 1375.83 1474.89 1543.22 1575.17 1613.09 1656.05 1701.38 1748.77 1809.31 1855.36 1912.59 1933.71 1889.51 1843.25
1798.82 1731.84 1618.86 1525.87 1558.87 1620.90 1695.80 1798.57 1879.32 1940.47 2037.12 2126.73 2200.78 2192.54 2188.97 2191.04 2199.50 2208.53 2213.76 2172.41 2118.92 2043.87 2043.37 2040.95
2037.93 2022.84 2005.87 1987.23 1991.51 1999.82 2008.97 2041.84 2066.06 2081.84 1882.47 1656.70 1361.64 1325.30 1297.31 1278.15 1375.62 1519.43 1672.07 1750.94 1827.16 1883.22 1878.50 1872.15
1866.83 1862.11 1856.48 1842.29 1827.88 1813.93 1793.87 1863.13 1923.78 1937.57 2061.15 2155.42 2233.66 2264.71 2277.81 2289.94 2315.26 2341.04 2353.00 2326.96 2298.81 2271.97 2305.45 2301.59
2257.83 2253.56 2252.20 2253.00 2201.28 2146.34 2086.86 2149.31 2199.86 2234.37 2205.72 2180.94 2151.15 2152.47 2161.12 2178.24 2232.90 2290.13 2356.63 2330.05 2290.07 2242.58 2209.83 2174.98
2139.25 2136.96 2120.28 2066.89 1959.41 1853.70 1767.87 1741.53 1923.84 2119.94 2359.32 2575.11 2775.17 2757.30 2740.28 2722.39 2712.05 2701.06 2691.16 2665.73 2638.59 2610.18 2555.45 2498.24
2439.48 2424.47 2411.99 2404.33 2399.57 2394.21 2388.94 2388.92 2386.38 2383.32 2304.83 2225.99 2143.94 2076.30 2006.07 1934.62 1933.52 1948.72 1979.58 1934.77 1888.66 1819.05 1771.75 1695.29
1614.16 1646.69 1653.65 1728.95 1532.35 1485.66 1578.09 1478.71 1492.51 1587.72 1651.76 1709.51 1755.89 1777.69 1788.13 1781.92 1712.01 1638.52 1566.47 1639.25 1705.41 1767.34 1714.53 1660.59
1604.94 1625.10 1644.78 1625.62 1532.16 1469.27 1472.19 1147.71 1291.24 1526.74 1516.62 1510.02 1490.23 1611.19 1707.87 1783.97 1847.55 1926.00 2014.97 2032.46 2050.50 2037.84 2007.78 1977.39
1949.68 1978.94 1967.65 1953.33 1931.39 1905.34 1877.60 1910.78 1926.61 1929.42 1924.84 1927.79 1929.11 1836.98 1742.68 1657.95 1693.31 1742.46 1809.09 1912.52 2010.89 2100.77 2042.88 1977.67
1905.08 1846.72 1780.34 1707.17 1370.13 1151.96 1597.04 1920.97 2144.86 2327.24 2351.17 2386.45 2438.11 2401.82 2350.37 2293.75 2218.25 2132.96 2034.73 1976.07 1916.36 1858.69 1899.53 1940.96
1981.23 1987.68 2002.20 2018.42 1967.51 1918.03 1873.41 1942.87 2010.80 2077.14 2052.25 2013.81 1932.51 1904.29 1884.98 1868.88 1876.24 1884.69 1893.99 1853.53 1818.71 1789.01 1771.91 1755.24
1735.98 1674.77 1619.37 1580.52 1631.65 1696.16 1767.27 1705.61 1596.28 1463.49 1581.30 1600.84 1695.24 1815.11 1943.31 2029.28 2006.22 1979.49 1951.80 1920.59 1888.91 1833.42 1825.12 1818.06
1813.19 1800.16 1776.19 1752.92 1626.44 1466.81 1269.41 1189.10 1136.83 1118.22 1398.08 1593.59 1719.12 1677.83 1647.03 1630.91 1637.98 1643.69 1650.21 1615.20 1635.39 1710.95 1805.01 1893.42
1975.96 1960.80 1944.69 1929.97 1861.25 1793.38 1737.21 1751.93 1758.53 1760.60 1870.68 1968.13 2047.74 2083.46 2125.47 2181.51 2214.59 2249.32 2288.39 2292.01 2294.03 2298.27 2267.71 2232.78
2194.17 2198.06 2202.52 2206.78 2043.06 1848.32 1636.53 1490.19 1332.12 1253.14 1493.24 1805.47 1946.95 2020.91 2091.41 2135.60 2107.61 2071.07 2030.91 2072.52 2117.94 2171.86 2180.84 2188.70
2197.89 2182.64 2166.77 2151.31 2142.81 2133.85 2125.50 2181.98 2221.05 2242.72 2193.40 2147.84 2100.44 2069.63 2044.82 2029.48 2049.21 2068.18 2090.13 2107.49 2108.40 2113.29 2096.54 2080.50
2066.67 2047.17 1996.39 1950.45 1939.12 1928.06 1917.95 1845.31 1763.10 1676.93 1836.63 2000.36 2118.12 2148.48 2181.18 2223.39 2253.34 2283.15 2299.77 2267.02 2231.96 2194.15 2142.83 2086.79
2014.47 2002.55 1981.21 1962.36 1979.19 1997.16 2013.91 2073.61 2116.41 2116.48 2115.28 2119.62 2130.24 2183.17 2236.04 2292.35 2328.54 2363.92 2379.00 2260.24 2115.10 1932.03 1700.35 1867.88
2171.22 2383.57 2548.76 2640.20 2589.11 2531.86 2469.73 2577.56 2672.46 2747.44 2705.59 2669.97 2631.01 2622.33 2614.12 2613.07 2586.97 2556.67 2521.25 2485.66 2443.93 2398.34 2337.10 2271.73
2205.32 2147.55 2120.05 2139.61 2208.98 2278.43 2345.82 2377.77 2395.44 2405.52 2322.24 2237.58 2105.72 2056.91 2011.59 1970.65 1891.87 1720.92 1509.07 1292.70 1230.71 1585.92 1602.21 1638.41
1670.01 1725.40 1760.19 1794.55 1728.95 1670.53 1632.48 1668.98 1692.34 1660.97 1618.23 1728.92 1850.35 1876.00 1916.29 1965.91 2008.82 2054.26 2103.70 2108.05 2082.05 2041.13 2010.43 1978.23
1941.63 1892.10 1867.74 1878.96 1912.59 1902.92 1875.08 1872.82 1863.98 1852.76 1845.64 1973.39 2104.01 2101.06 2099.68 2111.72 2138.34 2166.22 2196.31 2195.53 2194.68 2199.58 2130.95 2056.21
1974.45 1927.96 1879.39 1826.19 1835.99 1860.72 1904.17 1907.09 1904.63 1899.45 1988.74 2072.76 2139.90 2193.64 2242.23 2282.64 2243.63 2195.78 2142.31 2138.79 2139.31 2145.32 2117.96 2094.28
2078.81 2033.09 1995.20 1952.01 1881.76 1791.41 1696.74 1720.73 1741.63 1767.11 1750.90 1804.77 1891.28 2037.77 2197.64 2348.45 2407.57 2470.59 2538.57 2570.90 2610.02 2657.42 2736.19 2812.15
2887.34 2831.94 2773.52 2712.24 2694.90 2676.85 2661.03 2659.00 2650.12 2640.54 2554.47 2471.48 2383.63 2364.29 2356.71 2359.79 2306.91 2244.87 2173.87 2123.03 2067.88 2010.07 1908.84 1798.37
1693.28 1745.30 1805.34 1869.02 1868.61 1870.08 1870.92 1838.81 1794.05 1741.48 1695.48 1745.34 1823.45 1838.45 1859.81 1883.04 1917.74 1955.20 1990.50 1945.57 1911.80 1904.69 1938.67 1980.88
2027.01 2022.04 2025.28 2034.24 2029.98 2029.81 2036.10 2046.36 2043.57 2035.32 2105.79 2167.36 2223.33 2213.87 2209.75 2211.59 2176.32 2137.97 2095.61 2057.07 2016.41 1971.66 1954.42 1937.32
1919.59 1912.47 1906.86 1901.64 1929.55 1960.29 1993.11 1919.93 1829.73 1732.29 1677.66 1770.62 1889.86 1921.16 1966.17 2019.09 2023.11 2028.39 2029.86 2041.02 2027.48 2001.18 1964.46 1924.88
1880.50 1835.14 1801.02 1782.00 1750.33 1728.64 1721.07 1785.53 1844.40 1893.05 1906.78 1934.33 1955.46 1946.62 1906.76 1876.39 1901.42 1926.47 1951.04 1996.55 2041.94 2090.38 2063.27 2021.46
1958.85 1939.26 1870.35 1794.30 1804.71 1848.03 1913.69 1886.10 1846.96 1799.11 1810.62 1817.68 1821.28 1910.34 1993.44 2071.62 2039.23 2001.81 1918.40 1927.70 1936.13 1947.58 1914.66 1880.86
1843.59 1852.83 1862.41 1873.83 1837.50 1809.57 1785.59 1746.14 1710.89 1682.75 1872.02 2044.53 2171.59 2200.21 2231.64 2264.89 2214.73 2132.83 2035.71 2051.98 2073.66 2105.23 2097.38 2089.66
2081.81 2005.97 1923.10 1828.27 1813.60 1797.88 1782.15 1782.90 1778.53 1774.56 1797.38 1829.16 1866.68 1740.84 1826.88 2023.60 2052.87 2086.44 2122.88 2302.52 2485.10 2605.87 2620.20 2634.84
2651.32 2602.36 2552.93 2504.01 2483.72 2463.99 2433.48 2417.86 2399.48 2382.19 2341.14 2299.73 2257.02 2214.76 2173.63 2131.36 2090.78 2063.03 2048.75 2035.95 2026.83 2023.91 1954.93 1890.09
1833.12 1811.87 1800.26 1804.35 1832.64 1861.05 1889.19 1878.00 1858.97 1836.51 1673.07 1485.32 1261.96 1341.86 1598.22 1774.73 1769.27 1765.35 1760.58 1780.25 1811.67 1856.61 1776.49 1691.25
1605.75 1588.75 1574.20 1558.91 1442.07 1446.81 1573.25 1545.81 1538.24 1548.16 1729.18 1852.95 1956.64 2007.86 2026.50 2052.10 2053.45 2056.18 2057.08 2078.48 2100.02 2120.49 2091.67 2034.04
1967.38 1922.21 1873.72 1825.34 1822.19 1824.30 1829.78 1818.62 1800.46 1781.21 1826.27 1907.27 1984.00 1745.05 1420.12 1189.96 1437.52 1617.31 1980.82 2416.08 2798.45 3050.51 3032.28 3009.21
2981.86 2954.81 2927.72 2901.40 2907.08 2912.71 2917.82 2893.05 2867.72 2841.89 2783.10 2724.24 2662.38 2599.32 2536.95 2468.59 2413.98 2369.37 2338.63 2256.97 2173.53 2095.60 2036.38 1972.56
1900.79 1875.09 1867.71 1879.38 1795.13 1701.05 1593.71 1702.59 1790.15 1867.84 1602.14 1601.91 1803.32 1812.19 1794.27 1793.98 1764.18 1696.57 1593.25 1623.10 1320.30 1411.70 1620.42 1790.27
1928.51 1988.87 2064.34 2143.19 2147.65 2157.00 2167.47 2117.67 2067.44 2015.26 1981.08 1965.64 1970.97 2098.39 2208.95 2307.57 2339.47 2372.09 2404.98 2379.84 2355.87 2331.54 2298.43 2264.33
2230.83 2195.97 2161.48 2125.95 2104.26 2082.92 2065.89 2130.39 2178.65 2220.87 2130.91 2044.68 1960.44 1848.03 1752.84 1693.91 1813.00 1927.57 2030.50 2015.39 2000.31 1985.18 1973.60 1967.07
1968.65 1899.34 1818.50 1725.69 1751.15 1789.27 1838.53 1767.64 1676.53 1573.20 1395.48 1474.43 1411.11 1513.51 1607.40 1690.19 1749.67 1817.09 1883.96 1907.06 1935.41 1972.30 1919.09 1859.65
1795.55 1807.89 1865.72 1952.31 1991.88 1980.97 1959.83 1875.76 1779.81 1678.02 1489.94 1467.16 1618.67 1722.69 1815.37 1899.78 1810.26 1704.17 1573.04 1517.80 1456.05 1388.40 1176.14 1264.07
1105.21 1109.64 1296.46 1457.11 1415.49 1379.75 1350.90 1338.43 1309.91 1273.03 1206.39 1376.42 1520.53 1468.55 1411.30 1405.87 1267.13 1158.53 1276.00 1260.75 1504.76 1599.61 1528.34 1495.91
1531.70 1592.27 1654.66 1685.54 1753.70 1824.26 1894.88 1845.13 1730.77 1606.90 1456.21 1632.11 1804.05 1914.71 2014.59 2095.11 2085.86 2070.39 2050.66 2105.59 2143.12 2182.37 2152.50 2121.31
2068.65 2092.71 2109.60 2121.53 2105.77 2090.70 2074.36 2114.29 2139.76 2156.90 2249.51 2347.67 2436.21 2426.07 2427.51 2441.51 2432.56 2422.75 2410.93 2400.93 2389.92 2380.87 2365.97 2350.77
2334.03 2331.93 2330.77 2326.99 2320.01 2312.98 2306.54 2287.92 2258.43 2226.61 2205.02 2197.04 2203.34 2227.20 2262.57 2314.18 2301.63 2287.05 2271.86 2286.88 2303.16 2319.58 2268.22 2215.40
2162.81 2103.41 2039.52 1972.00 1899.55 1817.84 1722.47 1608.14 1480.15 1374.79 1277.03 1556.10 1750.98 1413.98 1691.89 2010.38 2112.16 2211.80 2220.49 2220.28 2219.71 2223.45 2182.82 2142.38
2107.23 2081.11 2050.53 2018.76 1918.61 1798.96 1651.30 1638.41 1692.17 1770.48 1704.47 1676.29 1674.78 1711.21 1753.87 1783.30 1705.48 1651.36 1690.63 1598.08 1537.22 1562.84 1615.44 1663.53
1713.53 1726.72 1778.28 1858.73 1863.93 1873.11 1890.76 1796.24 1676.41 1533.87 1377.95 1498.71 1647.17 1678.91 1731.37 1793.70 1848.25 1929.64 2024.47 2074.53 2118.99 2136.52 2114.93 2090.93
2065.09 2063.11 2061.91 2059.18 2002.41 1936.75 1890.35 1786.86 1709.76 1688.23 1774.67 1861.31 1933.25 1918.05 1906.20 1901.58 1924.96 1961.14 2002.09 2007.04 2023.79 2053.00 2065.62 2080.64
2100.26 2099.94 2103.62 2113.05 2079.62 2046.61 2015.58 1942.96 1868.92 1800.90 1919.03 2014.76 2084.30 2073.31 2072.99 2080.28 2038.76 1989.17 1928.41 1823.40 1743.94 1740.97 1650.49 1593.56
1612.67 1603.61 1309.71 1690.18 2009.93 2240.93 2427.14 2568.45 2682.73 2786.12 2706.80 2625.40 2539.88 2492.19 2446.49 2402.01 2376.59 2349.11 2309.30 2347.10 2385.46 2422.63 2383.69 2328.60
2250.85 2239.16 2228.59 2218.99 2125.43 2020.97 1899.03 1705.95 1438.05 1075.03 1200.94 1396.23 1525.01 1407.69 1290.50 1213.98 1350.45 1538.67 1049.54 1450.03 1732.67 1852.23 1773.63 1692.19
1614.33 1575.00 1360.27 1477.12 1519.95 1643.58 1767.85 1865.23 1911.77 1928.56 1915.35 1970.27 2002.61 2045.56 2072.93 2090.18 2118.37 2151.20 2183.57 2210.26 2238.36 2268.15 2229.42 2188.76
2143.74 2118.23 2091.26 2064.70 2054.39 2047.43 2044.13 2045.85 2054.60 2068.16 2058.02 2061.99 2067.78 1987.77 1935.40 1919.16 1887.90 1887.62 1892.33 1858.79 1776.11 1682.74 1627.28 1567.54
1510.08 1481.25 1271.71 1607.09 1902.32 2090.98 2264.25 2335.78 2391.33 2431.57 2378.99 2330.60 2286.37 2198.17 2114.97 2038.01 2050.56 2066.85 2080.51 2069.82 2062.55 2048.17 2066.29 2070.90
2079.80 2060.29 2039.27 2016.45 2036.83 2056.42 2075.61 2009.28 1931.77 1843.43 1921.35 1990.96 2050.82 1939.87 1829.89 1721.85 1741.12 1778.72 1798.03 1714.85 1644.26 1624.78 1525.23 1410.71
1315.23 1542.98 1712.62 1849.52 1906.75 1964.25 1974.73 1810.60 1602.27 1357.01 1374.86 1727.80 1914.22 1901.43 1905.34 1920.88 1894.49 1889.50 1908.62 1796.78 1652.75 1453.99 1532.46 1620.25
1708.64 1597.03 1504.14 1491.87 1526.51 1642.40 1772.94 1801.27 1825.67 1845.78 1800.69 1768.86 1747.20 1569.01 1376.28 1272.57 1468.82 1629.35 1765.26 1815.67 1839.17 1821.53 1806.60 1790.64
1771.39 1640.41 1502.31 1441.22 1587.24 1599.73 1614.38 1621.01 1615.70 1542.19 1670.88 1829.29 1958.64 2014.21 2065.93 2115.98 2086.22 2062.68 2045.56 2039.03 2035.41 2037.40 1985.68 1931.48
1873.82 1805.12 1725.42 1634.93 1432.75 1286.20 1457.50 1584.22 1696.16 1783.81 1894.26 2038.35 2161.04 2140.53 2126.95 2119.16 2122.81 2127.50 2107.45 2153.16 2182.54 2218.72 2232.45 2246.92
2262.04 2241.49 2219.99 2197.32 2144.49 2096.64 2058.96 2068.78 2074.43 2075.18 1992.69 1911.13 1829.57 1783.60 1757.62 1749.87 1746.20 1770.88 1815.91 1876.33 1929.83 1984.02 1943.44 1900.34
1854.78 1849.97 1849.68 1849.92 1879.85 1911.59 1909.48 1819.25 1714.34 1594.16 1743.77 1918.38 2047.50 2071.98 2098.86 2127.27 2094.13 2060.45 2025.37 2029.22 2037.07 2015.03 1989.86 1921.44
1843.18 1787.70 1728.26 1661.60 1668.10 1686.25 1709.35 1467.06 1109.03 1289.93 1377.48 1470.65 1542.99 1490.26 1455.09 1435.72 1530.88 1704.16 1877.37 1917.86 1963.69 2014.78 1946.25 1897.96
1950.26 2188.91 2444.42 2669.61 2758.17 2845.32 2916.76 2898.17 2877.31 2862.76 2829.58 2785.29 2743.74 2694.06 2649.02 2609.04 2552.61 2495.07 2435.68 2443.66 2455.42 2470.65 2481.62 2493.15
2506.49 2435.12 2358.34 2277.08 2252.53 2225.82 2201.76 2245.94 2282.86 2312.18 2263.94 2217.20 2172.05 2089.16 2011.04 1938.83 2000.33 2084.98 2161.68 2167.06 2172.15 2180.95 2177.85 2164.82
2150.83 2119.63 2086.49 2052.98 1988.05 1919.62 1849.04 1804.92 1822.58 1878.23 1650.08 1671.37 1795.53 1721.53 1755.66 1857.49 1836.14 1819.70 1804.27 1722.21 1640.46 1569.14 1492.29 1418.23
1368.43 1466.44 1546.78 1621.53 1624.55 1659.54 1670.65 1660.87 1639.23 1610.81 1864.83 2074.78 2232.73 2241.10 2248.12 2258.12 2206.43 2144.85 2062.60 2037.72 2037.28 2064.40 1997.17 1920.57
1829.55 1767.96 1701.46 1628.47 1540.10 1433.65 1300.83 1175.85 1138.55 1346.21 1368.56 1415.02 1452.69 1632.20 1787.20 1914.28 1952.59 2001.68 2056.76 2074.91 2096.41 2087.88 2087.46 2071.25
2035.15 1985.83 1939.07 1901.03 1902.85 1905.43 1908.32 1863.41 1812.07 1750.53 1763.73 1885.99 2001.00 1995.15 1992.84 1986.43 1994.49 2010.68 2030.79 2049.15 2083.10 2132.33 2120.59 2111.70
2107.38 2103.31 2099.53 2095.78 1988.34 1870.13 1742.85 1567.51 1347.61 1220.25 1502.67 1736.77 1802.18 1566.78 2078.03 2430.69 2559.51 2643.23 2729.85 2718.09 2702.86 2686.03 2700.48 2714.16
2728.54 2694.37 2659.61 2626.84 2590.42 2558.17 2533.27 2591.06 2638.25 2675.80 2669.22 2663.86 2658.39 2661.88 2672.04 2687.65 2654.51 2621.96 2585.93 2501.23 2401.03 2285.63 2206.18 2144.06
2115.64 2149.73 2185.82 2223.53 2157.79 2097.53 2051.23 1970.42 1872.70 1753.60 1864.55 1832.75 1802.63 1733.66 1688.40 1607.05 1540.36 1569.11 1686.40 1591.00 1606.10 1527.64 1385.45 1219.64
1226.19 1230.25 1240.73 1300.12 1408.54 1454.93 1445.12 1522.97 1633.26 1721.13 1663.33 1684.81 1742.48 1936.09 2070.85 2178.54 2170.75 2170.32 2153.64 2134.92 2119.61 2102.47 2059.07 2017.30
1976.43 1930.21 1893.91 1869.92 1951.47 2034.03 2113.05 2129.16 2147.43 2166.85 2141.86 2132.51 2136.89 2082.30 2024.78 1964.86 1916.68 1865.49 1809.71 1783.20 1762.57 1750.20 1820.00 1930.13
2049.30 2056.94 2065.11 2072.73 1975.82 1871.12 1770.23 1678.93 1593.63 1534.59 1447.63 1471.14 1550.48 1533.74 1517.40 1533.32 1141.92 1497.04 1497.80 1653.43 1806.27 1747.34 1624.59 1634.76
1707.36 1573.19 1407.65 1301.69 1429.12 1574.68 1698.92 1669.45 1657.84 1661.18 1547.12 1533.79 1592.87 1656.99 1760.29 1868.34 1706.94 1477.61 1146.29 1288.87 1463.21 1607.94 1527.23 1435.35
1357.94 1301.22 1310.28 1380.71 1422.16 1470.35 1524.97 1344.81 1190.93 1284.59 1209.97 1287.18 1382.40 1004.10 1181.28 1459.56 1577.00 1620.26 1828.27 1749.30 1709.62 1744.97 1636.10 1499.24
1331.05 1312.00 1296.18 1292.62 1243.52 1292.12 1206.14 1199.48 1254.94 1359.38 1305.31 1263.83 1431.81 1496.01 1579.54 1660.79 1763.22 1873.25 1981.96 2050.34 2119.63 2188.29 2107.72 2021.42
1901.07 1785.83 1655.86 1474.62 1227.80 1649.67 1907.82 1658.68 1759.17 1857.54 1829.26 1866.10 1926.53 1895.42 1880.47 1882.99 1858.29 1893.25 1984.36 2019.57 2011.94 2009.34 1977.10 1959.77
1956.78 1966.32 1975.27 1983.59 1970.75 1966.37 1971.62 2040.17 2101.03 2149.45 2111.58 2067.84 2062.88 2048.94 2040.96 2037.29 2012.39 1988.76 1957.81 2070.51 2113.99 2158.48 2117.65 2075.41
2031.57 1999.03 1969.26 1945.17 1906.67 1865.20 1824.34 1962.57 2075.03 2134.95 2097.56 2082.27 2103.27 2170.73 2237.62 2302.83 2282.62 2261.01 2234.62 2235.45 2235.02 2233.63 2198.85 2164.93
2132.89 2154.31 2185.32 2222.81 2211.17 2201.93 2195.82 2232.44 2223.66 2212.55 2083.95 1990.22 1948.56 1915.35 1894.82 1873.52 1785.99 1709.34 1675.45 1593.91 1558.95 1607.47 1581.68 1613.71
1729.55 1605.36 1442.83 1217.09 1572.89 1708.34 1676.25 1577.70 1609.67 1718.02 2135.56 2396.97 2558.14 2540.22 2523.34 2516.65 2460.31 2356.46 2215.20 2111.94 1983.95 1837.75 1835.74 1835.73
1840.30 1846.11 1853.90 1861.49 1801.76 1751.73 1731.03 1711.80 1707.56 1714.10 1823.29 1931.87 2019.08 1985.66 1964.30 1953.33 2018.93 2089.36 2158.01 2129.77 2100.67 2067.49 2076.76 2082.62
2089.01 2107.50 2126.56 2144.16 2112.32 2078.46 2046.57 2088.52 2120.63 2142.27 2096.25 2064.69 2052.97 2031.84 2018.81 2012.14 1974.07 1945.15 1925.27 1929.26 1934.51 1941.90 1760.81 1494.57
