1560.63 1633.19 1700.15 1762.05 1790.86 1819.64 1848.39 1882.00 1913.38 1937.41 1915.23 1892.41 1871.04 1872.76 1877.67 1885.27 1811.75 1729.55 1630.16 1638.78 1648.40 1656.50 1664.50 1673.45
1682.09 1689.91 1698.85 1705.43 1690.66 1678.10 1666.11 1682.94 1698.67 1712.72 1706.94 1703.37 1702.14 1675.95 1652.77 1634.05 1563.77 1485.09 1397.11 1439.61 1478.06 1514.97 1478.41 1444.88
1414.20 1452.44 1493.87 1534.58 1502.83 1469.54 1433.93 1440.32 1516.12 1611.17 1596.71 1582.51 1568.25 1529.56 1510.78 1513.70 1488.40 1461.65 1433.33 1529.01 1618.99 1701.65 1710.60 1720.73
1731.49 1700.85 1668.05 1634.60 1661.85 1687.18 1712.96 1690.83 1672.48 1654.85 1645.58 1637.01 1626.57 1575.18 1523.94 1472.02 1401.34 1324.09 1245.29 1165.78 1208.36 1327.39 1400.17 1482.63
1567.01 1558.85 1550.75 1542.27 1545.40 1547.59 1550.69 1507.37 1458.12 1402.27 1379.19 1367.06 1364.04 1396.69 1427.18 1457.23 1482.61 1510.69 1535.08 1535.14 1536.11 1539.24 1539.75 1538.15
1535.50 1536.24 1537.85 1542.63 1544.12 1548.39 1555.21 1576.28 1595.00 1607.87 1648.00 1679.59 1705.12 1714.44 1726.01 1739.66 1722.44 1702.51 1680.47 1687.21 1694.73 1702.11 1710.17 1720.49
1730.86 1741.75 1753.72 1765.27 1744.34 1723.61 1700.07 1687.58 1675.15 1663.08 1565.38 1482.97 1430.77 1410.78 1393.90 1383.50 1410.06 1438.83 1467.69 1481.34 1498.43 1517.08 1523.95 1530.79
1538.40 1540.39 1542.41 1544.07 1481.05 1417.78 1368.48 1354.70 1355.10 1362.07 1341.79 1417.82 1517.57 1553.37 1599.45 1650.11 1624.90 1590.55 1547.91 1594.85 1644.18 1695.25 1702.22 1709.24
1717.31 1678.82 1638.28 1593.17 1564.43 1534.00 1499.80 1492.82 1493.26 1497.16 1481.79 1509.78 1561.22 1531.62 1502.37 1476.59 1483.40 1490.93 1495.75 1421.30 1341.41 1259.55 1189.01 1108.97
1014.82 1140.24 1307.34 1444.54 1397.21 1343.10 1283.60 1294.28 1322.07 1355.51 1365.04 1400.43 1449.66 1512.44 1570.25 1622.79 1603.64 1585.15 1565.18 1550.62 1536.01 1521.84 1521.68 1520.58
1516.95 1537.80 1560.55 1583.57 1580.07 1580.34 1582.60 1662.40 1735.24 1802.38 1801.43 1798.62 1793.62 1789.99 1787.23 1783.52 1776.90 1770.60 1762.96 1721.42 1681.49 1643.86 1613.97 1582.14
1550.79 1525.63 1502.13 1482.98 1446.23 1453.01 1500.82 1568.82 1694.86 1817.85 1851.19 1884.37 1921.00 1922.64 1927.62 1937.21 1891.44 1842.50 1787.88 1776.18 1766.51 1761.04 1723.41 1685.05
1646.19 1631.95 1617.31 1602.60 1570.66 1538.04 1506.37 1564.87 1614.97 1657.18 1641.59 1630.30 1624.12 1613.71 1605.77 1600.20 1581.20 1565.86 1553.07 1526.79 1497.88 1468.76 1474.25 1481.38
1491.57 1467.35 1443.01 1417.15 1421.12 1424.95 1431.34 1390.46 1368.67 1367.26 1336.52 1307.25 1282.29 1255.35 1235.47 1217.92 1081.55 989.61 1075.09 988.62 929.82 965.87 1078.40 1172.43
1252.06 1281.28 1326.59 1382.14 1381.63 1393.88 1418.53 1387.50 1353.13 1309.97 1402.29 1470.36 1526.25 1534.60 1543.56 1553.34 1523.19 1490.55 1448.45 1469.75 1496.26 1527.53 1516.82 1507.60
1500.56 1507.55 1514.00 1520.59 1547.56 1573.09 1598.10 1603.89 1607.32 1604.20 1644.50 1684.35 1720.35 1738.39 1756.79 1776.23 1755.47 1735.89 1716.09 1727.47 1739.58 1751.10 1764.43 1776.99
1790.16 1764.91 1742.60 1724.99 1657.75 1586.36 1513.57 1472.67 1452.25 1453.31 1404.67 1443.60 1526.57 1500.36 1478.58 1466.31 1369.96 1285.97 1274.65 1241.60 1211.96 1186.99 1075.55 959.16
894.22 1086.62 1225.86 1337.47 1407.85 1476.23 1541.86 1605.17 1658.30 1700.40 1735.62 1761.23 1780.57 1797.91 1818.84 1842.41 1810.76 1778.57 1743.18 1710.66 1677.62 1644.15 1634.99 1632.78
1639.33 1511.94 1690.09 1930.30 2014.72 2098.23 2164.37 2181.35 2197.75 2212.80 2217.18 2220.91 2220.53 2189.32 2160.36 2135.24 2103.16 2069.74 2034.49 1997.43 1957.57 1915.80 1871.33 1823.61
1772.37 1723.77 1672.09 1615.97 1556.24 1495.23 1435.96 1429.57 1421.53 1407.86 1243.95 1114.08 1131.82 1228.48 1372.28 1497.05 1508.13 1523.48 1543.52 1545.98 1551.59 1562.52 1581.28 1603.61
1627.29 1619.65 1604.10 1587.92 1645.14 1700.18 1747.84 1802.98 1849.24 1887.09 1918.14 1943.53 1962.14 1977.60 1994.00 2011.10 1987.41 1960.98 1931.48 1945.96 1960.42 1973.15 1963.52 1954.95
1947.77 1934.39 1921.00 1907.18 1890.98 1876.05 1861.47 1845.45 1828.40 1809.08 1755.23 1700.09 1647.78 1633.81 1621.00 1605.69 1496.32 1388.75 1329.03 1392.95 1733.09 2003.22 2045.55 2085.00
2112.77 2051.46 1983.27 1907.00 1943.44 1979.20 2015.34 1996.87 1978.03 1957.79 1955.43 1952.42 1949.56 1890.97 1831.25 1771.32 1705.91 1630.09 1538.92 1469.37 1426.63 1435.17 1369.97 1366.59
1436.14 1434.64 1433.74 1428.80 1437.75 1450.49 1465.41 1397.53 1326.58 1256.67 1257.84 1257.85 1257.04 1244.18 1289.91 1378.79 1412.07 1455.32 1504.13 1530.30 1568.05 1614.87 1625.24 1637.27
1649.44 1619.20 1588.44 1558.09 1498.03 1456.98 1451.37 1446.49 1441.92 1433.53 1395.18 1416.99 1475.83 1443.66 1414.26 1387.01 1365.06 1346.72 1334.72 1278.29 1295.04 1367.15 1361.33 1355.10
1348.89 1364.25 1377.25 1383.67 1364.62 1337.17 1310.47 1258.27 1203.09 1138.37 765.22 1087.40 1291.57 1162.85 993.43 724.11 889.98 1047.98 1171.18 1143.23 1110.83 1074.64 865.25 1036.73
1217.34 1180.44 1148.13 1124.55 1251.47 1380.19 1496.00 1486.85 1478.50 1469.04 1471.66 1483.42 1493.57 1463.61 1436.55 1411.51 1315.60 1201.80 1086.41 1178.72 1386.29 1559.45 1568.39 1576.14
1580.53 1575.23 1571.40 1568.09 1574.07 1583.54 1594.97 1567.31 1537.42 1504.04 1296.92 1206.77 1273.62 1472.22 1700.78 1888.73 1934.78 1979.28 2013.63 2012.33 2010.90 2011.18 1969.15 1921.75
1872.06 1855.63 1839.87 1823.94 1723.66 1615.81 1512.44 1408.70 1283.73 1131.66 982.25 783.36 771.26 766.35 844.40 915.84 945.27 1163.37 1327.21 1380.51 1437.08 1492.31 1486.88 1478.48
1468.42 1362.80 1250.79 1174.50 1192.11 1227.52 1276.49 1220.39 1163.95 1118.00 1281.81 1405.10 1502.10 1580.17 1651.87 1716.51 1667.63 1612.41 1549.13 1572.87 1595.27 1617.10 1598.71 1582.00
1568.42 1563.10 1559.22 1551.70 1573.84 1594.69 1613.03 1635.75 1654.18 1668.60 1673.34 1669.07 1669.06 1690.40 1711.71 1730.43 1706.18 1676.68 1647.07 1645.34 1644.23 1643.66 1621.37 1601.01
1584.46 1509.23 1427.89 1343.19 1373.25 1401.56 1431.83 1370.86 1299.84 1214.28 1305.56 1374.04 1425.71 1408.91 1398.09 1398.28 1407.37 1418.22 1432.04 1442.04 1451.69 1460.62 1461.38 1462.28
1465.24 1455.60 1446.06 1437.44 1433.49 1431.01 1429.02 1419.00 1406.27 1389.59 1482.01 1555.01 1619.22 1644.59 1668.91 1692.60 1672.25 1650.46 1625.68 1617.60 1610.11 1603.05 1637.75 1671.94
1706.43 1685.31 1665.29 1644.51 1636.34 1628.94 1619.91 1637.21 1650.69 1660.83 1683.63 1707.09 1728.56 1724.32 1719.96 1719.93 1704.11 1687.69 1671.94 1676.53 1681.19 1687.39 1686.30 1685.89
1686.40 1670.22 1652.62 1634.37 1610.14 1584.54 1557.72 1541.26 1526.66 1513.60 1476.44 1455.38 1447.65 1358.08 1258.22 1146.40 1071.07 1109.08 1237.01 1293.09 1350.27 1407.91 1412.76 1416.96
1421.12 1416.42 1412.61 1408.42 1405.67 1404.25 1405.24 1393.59 1379.40 1360.11 1400.01 1437.52 1469.46 1512.87 1552.18 1590.79 1537.35 1473.26 1397.43 1410.72 1424.48 1439.64 1469.76 1501.17
1533.99 1564.46 1594.81 1623.49 1609.91 1595.48 1580.60 1553.20 1522.20 1484.20 1524.79 1558.58 1589.15 1551.70 1519.04 1495.06 1441.37 1377.25 1297.24 1312.92 1334.77 1368.05 1494.80 1602.81
1698.05 1733.93 1768.71 1802.34 1726.75 1683.61 1690.38 1613.40 1699.92 1882.30 1875.61 1883.36 1910.90 1921.60 1933.22 1949.88 1915.06 1877.41 1840.39 1862.41 1884.65 1908.26 1893.78 1882.78
1876.19 1861.71 1853.86 1854.42 1835.25 1818.84 1802.97 1809.05 1821.59 1839.21 1806.81 1775.64 1753.58 1740.18 1727.39 1715.67 1668.61 1619.77 1571.17 1545.93 1523.47 1505.92 1505.55 1509.95
1515.10 1519.88 1525.68 1533.89 1590.78 1662.26 1736.81 1717.85 1697.57 1675.37 1609.52 1536.78 1461.18 1488.78 1513.02 1535.00 1542.84 1552.61 1562.61 1486.62 1398.81 1295.95 1303.79 1342.92
1399.26 1442.10 1481.33 1513.52 1490.82 1470.54 1450.93 1457.44 1459.47 1464.41 1458.16 1442.76 1423.70 1436.57 1459.18 1482.90 1505.59 1528.87 1552.36 1497.77 1438.21 1375.20 1401.79 1427.19
1452.14 1425.01 1404.02 1391.53 1399.50 1407.48 1414.53 1512.47 1590.79 1656.20 1657.78 1660.24 1665.57 1614.42 1586.65 1588.84 1481.71 1359.54 1239.71 1408.95 1553.19 1671.31 1630.41 1614.25
1629.82 1549.21 1651.14 1825.21 1881.98 1950.44 2028.56 1983.87 1933.74 1880.12 1825.15 1771.19 1720.00 1664.06 1609.14 1560.56 1478.58 1378.23 1252.61 1120.87 988.56 1026.07 1204.59 1361.08
1491.23 1472.77 1456.13 1443.51 1483.07 1521.76 1558.25 1551.26 1550.08 1554.94 1657.13 1737.46 1802.31 1813.06 1823.07 1835.00 1832.40 1830.17 1830.20 1847.98 1865.74 1883.26 1883.77 1888.72
1897.94 1894.22 1891.08 1888.91 1909.79 1930.73 1951.53 1948.58 1942.37 1932.24 1889.55 1853.61 1825.08 1757.90 1690.25 1625.10 1568.50 1507.30 1446.93 1454.46 1465.00 1477.05 1464.06 1449.80
1435.82 1392.13 1382.09 1411.85 1390.72 1369.99 1350.90 1332.21 1344.51 1375.71 1321.86 1336.14 1383.30 1309.23 1329.95 1396.77 1409.73 1471.13 1567.95 1672.90 1766.95 1856.01 1820.37 1779.78
1733.23 1737.74 1744.33 1752.24 1719.87 1685.49 1651.11 1633.67 1618.72 1605.68 1498.53 1403.06 1344.21 1338.87 1341.88 1358.35 1419.16 1484.50 1555.00 1530.30 1506.33 1485.39 1474.06 1465.09
1459.34 1250.24 993.45 1136.12 1306.25 1429.42 1519.16 1574.48 1620.57 1660.76 1721.97 1778.93 1831.99 1786.84 1748.62 1721.32 1678.44 1630.56 1580.25 1564.93 1547.56 1530.26 1634.79 1741.18
1842.39 1826.51 1811.08 1795.50 1791.70 1788.74 1786.67 1827.68 1860.73 1891.03 1854.58 1820.68 1789.61 1757.34 1728.81 1703.79 1699.68 1694.67 1690.77 1678.72 1667.11 1657.42 1635.47 1616.26
1599.57 1636.92 1683.30 1732.25 1731.20 1733.84 1739.29 1729.46 1718.24 1707.41 1667.64 1630.95 1597.68 1523.56 1443.15 1352.99 1441.58 1518.30 1587.18 1434.24 1230.35 1048.04 1134.68 1291.98
1425.23 1191.39 1149.16 1386.66 1406.11 1416.22 1415.59 1391.00 1389.95 1412.03 1388.12 1380.67 1387.23 1381.91 1382.05 1396.30 1259.41 1216.78 1346.14 1410.38 1477.17 1545.86 1551.33 1557.90
1567.08 1548.22 1543.83 1555.30 1501.94 1451.11 1409.80 1401.20 1388.27 1377.74 1522.67 1637.55 1732.81 1718.38 1706.52 1694.25 1689.06 1688.84 1692.58 1659.82 1628.60 1600.07 1571.52 1541.56
1510.94 1476.04 1449.59 1427.90 1514.02 1590.02 1658.09 1632.24 1592.99 1550.75 1513.85 1479.56 1453.06 1464.72 1477.39 1492.08 1518.41 1543.93 1565.23 1548.81 1535.02 1534.99 1483.11 1444.48
1426.35 1409.79 1419.61 1455.91 1430.36 1431.04 1449.56 1446.35 1512.66 1601.21 1713.24 1810.08 1893.71 1894.23 1896.64 1902.90 1878.36 1851.20 1825.03 1790.36 1777.35 1796.53 1787.19 1794.31
1820.31 1758.16 1686.91 1604.93 1590.12 1577.47 1565.01 1554.29 1537.22 1517.60 1517.09 1553.18 1607.23 1516.27 1415.81 1302.79 1308.60 1314.36 1322.45 1369.86 1413.74 1451.13 1440.62 1436.03
1439.05 1484.27 1528.55 1573.23 1561.31 1548.98 1535.35 1484.05 1450.37 1444.23 1562.74 1654.98 1725.71 1729.72 1734.31 1739.22 1672.77 1595.43 1507.99 1542.23 1578.99 1616.65 1589.66 1563.09
1535.32 1521.13 1502.26 1475.75 1436.89 1415.35 1412.56 1411.33 1404.29 1393.15 1424.82 1450.27 1470.02 1503.20 1533.84 1564.61 1583.14 1601.03 1621.74 1645.20 1663.00 1684.08 1663.63 1648.99
1642.22 1580.41 1515.24 1445.22 1418.03 1395.69 1379.85 1291.99 1201.87 1147.00 1135.15 1131.57 1134.22 1164.88 1215.34 1268.59 1208.94 1149.97 1106.29 1072.37 1245.35 1427.31 1558.45 1675.15
1770.18 1764.52 1757.57 1750.91 1777.29 1804.65 1831.18 1846.24 1856.72 1866.06 1823.65 1780.78 1739.71 1686.58 1633.80 1580.53 1505.92 1436.09 1388.17 1350.43 1360.71 1419.26 1406.49 1412.46
1433.29 1433.69 1469.19 1522.48 1525.61 1528.30 1521.86 1471.45 1418.21 1370.62 1310.25 1272.59 1257.78 1291.87 1325.03 1356.94 1396.45 1431.55 1461.96 1383.58 1364.50 1439.54 1468.30 1490.00
1504.27 1505.50 1508.04 1512.04 1534.23 1557.19 1578.81 1566.38 1564.86 1580.36 1499.33 1412.91 1318.34 1287.88 1257.75 1228.80 1326.24 1466.14 1598.77 1641.02 1680.85 1721.33 1699.51 1683.01
1673.52 1686.44 1702.01 1720.07 1778.35 1853.41 1935.81 1963.88 1984.17 2003.46 2019.48 2035.99 2049.71 2061.77 2076.01 2089.15 2063.06 2034.78 2005.96 1999.79 1992.06 1984.74 1989.70 1999.49
2013.87 2011.14 2007.78 2003.57 2013.81 2024.13 2035.45 2013.73 1992.34 1972.43 1954.78 1939.29 1924.00 1911.18 1899.74 1887.66 1872.49 1856.43 1842.56 1758.91 1659.07 1542.33 1530.36 1517.16
1504.69 1520.29 1537.65 1554.23 1533.91 1518.73 1509.19 1559.92 1601.43 1638.51 1649.01 1659.55 1669.97 1618.53 1568.38 1520.17 1470.75 1429.83 1407.20 1381.67 1353.69 1327.92 1280.50 1312.64
1399.49 1280.48 1262.66 1372.89 1236.75 1054.33 909.85 1079.24 1206.20 1296.03 1481.29 1628.32 1744.11 1759.05 1775.06 1791.71 1777.60 1763.94 1752.76 1722.74 1681.36 1636.82 1674.01 1716.21
1759.68 1788.91 1817.83 1845.08 1847.93 1850.70 1853.43 1855.26 1849.00 1840.27 1809.83 1781.24 1754.36 1747.84 1742.68 1740.21 1718.40 1697.02 1675.57 1702.44 1726.62 1750.84 1756.77 1765.16
1776.28 1790.67 1804.34 1819.10 1774.52 1726.63 1674.04 1618.64 1553.77 1484.82 1479.61 1487.01 1501.43 1464.76 1454.17 1468.36 1422.98 1384.21 1358.85 1410.21 1458.67 1505.15 1555.68 1608.84
1662.10 1672.13 1681.35 1690.32 1693.74 1699.79 1708.74 1708.71 1736.19 1777.10 1767.98 1782.96 1815.72 1752.06 1685.63 1616.33 1523.83 1415.47 1303.33 1176.07 989.46 861.08 963.44 1101.76
1215.40 1275.53 1343.78 1411.09 1437.90 1482.75 1538.57 1566.57 1586.13 1605.74 1625.30 1645.20 1662.72 1682.07 1700.99 1716.15 1712.59 1709.93 1710.04 1682.34 1650.80 1613.20 1618.08 1622.70
1627.51 1667.76 1706.90 1744.85 1755.22 1765.50 1776.38 1745.97 1715.99 1684.51 1677.12 1671.13 1663.53 1649.68 1638.36 1629.09 1622.76 1617.08 1612.18 1602.03 1588.14 1573.84 1560.06 1549.80
1546.26 1555.73 1566.68 1578.06 1569.92 1562.25 1555.57 1581.19 1605.16 1630.26 1629.48 1635.26 1638.30 1648.07 1662.22 1675.71 1658.33 1644.64 1635.74 1671.41 1703.76 1736.29 1798.57 1859.38
1918.74 1949.30 1980.43 2010.70 2004.98 2012.80 2032.81 1929.78 1818.69 1695.22 1737.23 1784.10 1829.17 1834.13 1855.85 1891.06 1865.25 1838.55 1811.25 1799.99 1785.63 1766.63 1764.38 1764.89
1766.74 1722.75 1688.41 1671.60 1696.82 1743.72 1804.62 1750.86 1697.39 1651.61 1698.70 1753.01 1809.71 1784.38 1760.35 1737.77 1673.35 1601.07 1522.77 1529.97 1535.03 1531.00 1542.66 1554.37
1566.74 1609.42 1645.84 1685.92 1651.20 1614.90 1574.90 1658.44 1726.35 1783.00 1769.68 1764.22 1762.72 1738.23 1714.47 1692.83 1642.42 1588.36 1531.55 1525.28 1521.81 1525.09 1528.20 1531.23
1527.44 1543.00 1557.78 1572.80 1575.00 1577.98 1579.90 1505.90 1418.64 1323.95 1292.54 1308.63 1348.90 1313.21 1288.15 1273.66 1235.91 1202.32 1183.20 1221.25 1257.09 1296.48 1310.34 1329.96
1353.57 1323.76 1291.93 1262.03 1240.41 1218.50 1196.28 1136.23 1082.83 1053.22 949.94 1078.05 1196.94 1106.06 1002.12 879.85 1013.65 1120.14 1215.51 1158.81 1077.67 977.37 1075.26 1170.49
1250.81 1243.89 1256.16 1287.57 1342.16 1406.53 1470.99 1365.68 1239.94 1083.41 970.46 1008.81 1105.68 1178.83 1245.72 1305.92 1295.56 1294.28 1306.14 1283.73 1259.75 1240.68 1218.12 1216.17
1238.32 1273.26 1311.61 1353.65 1286.39 1212.88 1129.17 1173.90 1207.55 1233.68 1330.67 1423.88 1503.94 1525.54 1549.08 1576.15 1561.40 1546.32 1535.16 1519.56 1498.43 1474.47 1479.35 1479.13
1476.59 1428.68 1383.68 1346.09 1265.92 1169.71 1046.82 1026.74 1008.99 1009.30 1130.62 1262.88 1372.81 1370.27 1411.78 1470.55 1437.03 1396.19 1355.48 1358.90 1358.96 1363.62 1183.68 1048.39
1143.17 1199.11 1255.54 1308.74 1362.10 1412.01 1458.49 1401.66 1336.63 1266.47 1275.51 1287.61 1299.14 1250.38 1208.53 1176.08 1143.25 1106.63 1068.88 984.73 1059.28 1193.67 1212.35 1230.60
1249.27 1341.41 1426.95 1507.28 1469.93 1432.44 1394.28 1311.68 1217.33 1112.90 1228.20 1330.52 1409.81 1422.56 1437.31 1455.50 1494.35 1536.03 1582.82 1569.27 1551.38 1527.94 1545.91 1565.10
1586.19 1588.72 1594.86 1603.86 1583.19 1568.79 1553.76 1561.51 1570.62 1583.94 1623.61 1663.32 1698.50 1678.63 1660.52 1642.75 1652.38 1664.75 1680.37 1662.31 1639.01 1612.84 1653.13 1695.39
1738.68 1707.98 1674.04 1639.52 1610.70 1579.97 1548.31 1583.97 1613.81 1638.89 1592.57 1548.49 1505.90 1452.32 1398.24 1343.72 1320.44 1296.16 1274.21 1181.74 1053.30 882.56 704.31 1099.65
1316.11 1378.24 1441.79 1507.61 1545.87 1571.34 1596.87 1616.92 1632.83 1644.97 1635.57 1628.16 1621.04 1632.96 1645.90 1660.32 1643.89 1626.48 1611.24 1580.29 1539.43 1493.35 1494.42 1495.42
1498.25 1492.76 1487.96 1484.68 1475.35 1466.78 1456.54 1443.98 1428.42 1411.54 1294.51 1182.09 1109.47 1153.87 1203.56 1254.24 1277.97 1309.03 1343.11 1372.82 1415.62 1471.65 1469.22 1475.56
1492.62 1494.02 1494.07 1496.14 1497.70 1501.30 1506.32 1541.20 1575.88 1606.77 1613.31 1621.71 1631.82 1629.62 1629.07 1629.38 1611.10 1591.76 1574.99 1581.12 1583.25 1584.75 1592.39 1600.47
1609.10 1587.98 1565.51 1541.91 1525.77 1509.82 1492.36 1577.47 1643.92 1698.06 1711.23 1723.44 1734.60 1748.39 1763.20 1777.81 1768.25 1758.64 1751.94 1745.06 1733.83 1720.72 1699.33 1676.29
1652.45 1622.75 1593.46 1563.99 1571.48 1581.16 1590.04 1635.48 1681.55 1720.84 1729.38 1737.00 1738.57 1755.23 1773.08 1793.36 1778.74 1764.48 1752.74 1746.20 1734.13 1720.39 1725.52 1731.07
1737.46 1734.44 1733.54 1733.61 1539.50 1315.50 1338.40 1551.33 1776.21 1958.16 1986.70 2009.27 2025.06 1997.67 1971.65 1949.47 1946.29 1944.37 1945.67 1932.80 1916.07 1898.96 1855.12 1808.85
1760.66 1779.29 1800.66 1823.73 1792.85 1759.57 1726.58 1756.36 1780.98 1804.19 1765.65 1728.42 1692.25 1675.50 1663.53 1655.07 1654.50 1657.11 1664.70 1617.34 1552.27 1480.72 1484.20 1487.85
1491.08 1451.87 1419.09 1383.07 1333.87 1281.40 1222.49 1155.34 1081.15 1000.96 882.01 824.74 916.27 949.23 1116.72 1237.98 1269.76 1301.51 1333.73 1286.67 1263.12 1286.99 1360.39 1431.71
1499.71 1517.95 1539.61 1563.39 1555.46 1552.24 1552.38 1550.55 1546.18 1537.55 1520.17 1504.98 1490.91 1480.21 1469.07 1463.62 1447.65 1471.78 1533.36 1544.14 1553.51 1566.22 1557.19 1548.40
1540.72 1550.39 1559.21 1568.41 1547.85 1528.41 1506.93 1530.28 1546.46 1561.41 1621.53 1673.79 1720.08 1763.22 1806.21 1849.76 1855.67 1861.85 1868.70 1860.91 1855.48 1856.44 1866.47 1879.44
1896.39 1879.43 1863.03 1847.74 1768.02 1677.00 1569.14 1548.32 1532.48 1519.85 1339.16 1280.11 1372.26 1211.26 1140.18 1254.63 1277.95 1301.28 1328.44 1362.57 1389.79 1414.95 1410.76 1405.62
1400.84 1401.03 1400.63 1399.99 1408.03 1418.23 1431.65 1420.31 1411.77 1405.37 1413.47 1426.09 1440.96 1452.53 1467.25 1486.97 1490.89 1494.03 1498.19 1484.89 1465.16 1443.38 1424.15 1404.41
1383.27 1395.98 1419.33 1451.13 1470.27 1490.86 1516.06 1416.06 1312.52 1231.70 1223.83 1334.90 1454.88 1545.91 1636.00 1713.14 1689.20 1663.95 1633.49 1569.91 1488.14 1389.60 1384.27 1381.96
1378.69 1343.97 1327.86 1340.79 1300.73 1257.90 1211.51 1134.53 1072.55 1042.75 724.40 1048.69 1225.63 1151.32 1157.98 1232.08 1292.99 1349.34 1408.53 1393.92 1362.77 1313.08 1201.72 1046.86
799.14 821.59 1145.11 1335.61 1353.11 1368.05 1384.33 1446.61 1493.12 1525.38 1473.22 1442.04 1428.31 1453.93 1481.58 1514.44 1468.20 1413.70 1352.20 1383.94 1410.49 1438.08 1396.56 1354.61
1315.17 1242.18 1152.87 1043.46 965.08 885.22 844.76 935.82 1012.09 1058.93 1088.92 1177.22 1261.60 1278.05 1299.66 1328.20 1333.10 1340.60 1354.00 1406.37 1455.26 1501.91 1507.92 1514.16
1520.08 1568.94 1615.10 1658.85 1664.09 1669.82 1675.73 1702.04 1721.11 1728.59 1728.76 1731.32 1735.50 1740.18 1746.77 1755.52 1771.29 1788.02 1807.80 1816.70 1820.08 1821.45 1825.79 1831.37
1838.15 1760.37 1671.12 1569.54 1523.59 1480.42 1443.94 1352.84 1426.41 1548.34 1620.02 1686.65 1750.11 1689.26 1624.01 1554.21 1426.32 1264.46 1060.92 1214.89 1344.96 1459.44 1461.50 1452.32
1444.37 1480.26 1519.59 1560.44 1556.88 1555.20 1558.20 1636.96 1695.57 1739.02 1756.26 1773.35 1789.63 1777.16 1767.16 1760.73 1755.90 1751.88 1750.11 1715.57 1679.04 1655.12 1654.11 1653.39
1653.70 1694.53 1732.96 1767.11 1794.46 1824.30 1855.38 1889.02 1925.76 1965.23 1868.81 1771.66 1685.48 1622.37 1626.61 1692.68 1647.92 1605.72 1569.41 1733.63 1899.15 2052.97 2064.07 2072.52
2076.52 2052.10 2028.73 2007.18 1934.57 1855.30 1772.17 1750.30 1731.93 1715.39 1670.50 1628.81 1587.81 1543.34 1513.18 1500.10 1393.97 1300.59 1276.73 1315.25 1422.78 1551.15 1565.96 1575.54
1585.51 1589.13 1592.05 1595.14 1593.69 1592.19 1590.99 1628.28 1659.70 1681.75 1721.01 1756.18 1785.81 1776.23 1771.72 1768.62 1756.53 1742.47 1726.71 1712.74 1689.59 1661.81 1691.09 1721.92
1754.22 1724.92 1693.01 1658.04 1646.80 1635.55 1624.43 1663.77 1695.77 1721.49 1724.11 1727.41 1731.72 1737.85 1752.54 1775.22 1771.33 1767.87 1764.74 1789.69 1810.28 1830.29 1799.34 1771.22
1749.69 1725.43 1699.83 1671.92 1626.47 1576.56 1521.87 1577.42 1623.24 1664.78 1668.00 1671.51 1660.35 1657.25 1653.87 1655.23 1649.89 1644.24 1639.77 1639.32 1633.00 1625.26 1582.28 1572.45
1602.89 1499.25 1374.26 1227.28 1204.78 1203.37 1225.69 1093.04 1540.65 1787.59 1800.96 1816.40 1812.97 1834.93 1857.01 1878.71 1836.62 1790.79 1742.27 1671.86 1584.34 1488.28 1495.69 1502.61
1510.46 1549.87 1575.46 1597.66 1608.32 1618.97 1628.79 1681.66 1730.69 1773.26 1773.42 1780.51 1790.61 1771.45 1753.89 1739.92 1690.96 1636.25 1574.79 1545.42 1506.96 1466.95 1390.66 1340.51
1346.67 1303.68 1257.06 1205.97 1140.30 1065.45 981.65 1046.35 1112.63 1165.37 1290.16 1382.04 1451.78 1460.00 1473.40 1493.50 1480.22 1467.69 1457.02 1481.53 1502.15 1525.69 1527.70 1528.90
1530.49 1553.05 1574.85 1596.55 1571.49 1545.05 1515.03 1554.35 1587.72 1612.03 1646.26 1676.03 1697.59 1713.04 1729.37 1747.64 1744.08 1738.34 1734.73 1716.70 1690.52 1659.16 1665.63 1672.46
1680.50 1678.23 1676.28 1675.32 1638.56 1599.08 1555.63 1576.50 1593.19 1604.56 1569.12 1536.60 1506.76 1529.24 1551.68 1578.45 1582.18 1585.92 1590.37 1575.92 1551.76 1523.29 1541.84 1561.28
1581.33 1532.56 1479.44 1425.43 1456.56 1495.15 1535.29 1518.85 1510.30 1503.35 1490.00 1504.61 1539.02 1487.07 1435.03 1393.06 1335.03 1273.10 1216.48 1179.96 1137.22 1099.17 1000.29 867.40
707.07 930.43 1274.11 1446.81 1322.90 1170.77 981.58 1007.70 1116.85 1215.57 1319.40 1406.80 1481.74 1438.30 1408.04 1397.78 1392.32 1386.84 1382.73 1352.07 1308.64 1265.79 1284.19 1310.06
1340.17 1344.47 1349.12 1354.12 1371.25 1388.67 1408.15 1401.91 1395.53 1385.41 1388.57 1403.67 1425.31 1454.34 1485.86 1520.27 1481.32 1438.86 1394.29 1409.60 1422.89 1440.67 1447.86 1452.05
1458.69 1445.75 1455.18 1487.54 1480.72 1482.85 1500.60 1497.04 1501.38 1509.30 1456.25 1422.07 1405.36 1387.47 1379.52 1377.58 1366.49 1357.54 1349.72 1397.99 1442.67 1492.36 1488.64 1488.94
1490.37 1486.65 1481.86 1477.28 1486.89 1499.15 1509.64 1533.31 1553.44 1566.46 1594.10 1623.06 1648.42 1633.64 1621.91 1614.70 1554.03 1483.23 1401.36 1397.85 1404.46 1429.73 1407.51 1384.17
1362.35 1347.44 1344.38 1356.88 1365.18 1379.64 1397.39 1369.23 1342.76 1316.75 1375.49 1443.21 1507.43 1531.33 1554.39 1578.82 1596.84 1614.35 1633.25 1648.11 1656.86 1664.84 1687.13 1711.57
1737.63 1717.26 1696.21 1673.21 1653.81 1632.76 1608.39 1601.45 1593.14 1581.53 1604.33 1627.30 1655.72 1633.15 1613.58 1600.39 1561.62 1526.00 1499.05 1487.04 1464.24 1438.05 1438.97 1439.61
1442.60 1477.44 1511.27 1543.31 1551.76 1559.23 1564.56 1607.93 1648.82 1687.17 1718.30 1747.33 1770.00 1766.80 1765.63 1773.06 1772.81 1772.22 1773.14 1744.52 1708.60 1669.48 1641.56 1611.73
1579.44 1570.54 1562.16 1553.38 1540.27 1526.13 1510.84 1502.58 1494.52 1482.38 1452.53 1436.44 1433.19 1510.49 1582.60 1656.03 1623.17 1594.85 1575.71 1561.71 1546.69 1537.15 1523.09 1508.26
1493.22 1410.03 1312.54 1198.03 1279.22 1351.77 1411.42 1261.85 1072.49 824.88 742.86 927.58 1067.80 925.33 1037.88 1204.05 1237.10 1269.59 1295.33 1325.54 1350.86 1379.82 1369.48 1362.29
1357.98 1355.41 1352.61 1350.18 1321.97 1296.50 1272.07 1274.00 1274.51 1271.22 1301.76 1330.24 1364.82 1384.26 1405.89 1428.95 1409.27 1390.88 1374.57 1276.78 1203.50 1226.28 1245.42 1279.27
1321.53 1332.87 1343.82 1355.27 1377.53 1393.72 1410.84 1465.82 1513.63 1551.12 1524.02 1499.83 1478.69 1453.70 1437.58 1431.16 1399.91 1370.22 1341.25 1350.86 1355.95 1362.72 1324.20 1304.42
1311.92 1334.13 1356.99 1380.47 1363.69 1363.01 1374.32 1403.79 1435.29 1460.00 1458.39 1455.08 1453.88 1455.33 1461.49 1470.63 1491.52 1515.16 1541.31 1516.65 1479.20 1433.10 1472.27 1510.06
1545.90 1540.68 1537.39 1537.57 1497.67 1454.52 1403.32 1390.62 1377.26 1357.69 1368.60 1384.44 1401.53 1390.19 1385.85 1387.86 1403.21 1427.72 1461.77 1459.02 1447.38 1431.22 1426.34 1423.90
1424.24 1409.70 1396.77 1384.82 1336.81 1317.82 1333.30 1292.47 1273.62 1267.46 1388.32 1480.33 1562.33 1573.02 1587.48 1611.66 1631.30 1651.80 1674.57 1652.52 1624.25 1595.49 1614.30 1632.92
1651.79 1598.51 1539.14 1471.31 1482.99 1497.30 1511.90 1465.96 1418.56 1372.07 1388.54 1387.15 1388.97 1475.51 1555.93 1617.90 1621.44 1629.02 1635.88 1577.02 1499.57 1401.73 1413.51 1425.03
1436.81 1408.31 1377.61 1342.98 1196.87 1060.98 1083.99 1209.18 1433.40 1591.74 1641.79 1693.29 1747.19 1740.29 1740.27 1747.84 1752.72 1758.14 1766.16 1759.98 1746.74 1730.38 1742.60 1754.12
1765.84 1756.50 1746.21 1736.28 1737.04 1738.45 1736.77 1715.46 1694.13 1673.35 1658.33 1650.61 1647.44 1638.69 1637.94 1646.07 1625.08 1604.66 1583.33 1514.79 1441.24 1372.22 1344.05 1317.00
1291.26 1228.59 1155.27 1065.43 1156.56 1252.91 1337.82 1340.68 1339.60 1340.57 1318.55 1307.49 1313.86 1205.49 1081.63 933.27 976.89 1021.35 1062.77 1184.92 1294.01 1391.72 1412.84 1424.88
1434.79 1409.40 1385.74 1365.45 1339.33 1313.83 1284.55 1252.23 1229.61 1215.07 1209.89 1210.18 1215.63 1119.49 1037.01 999.92 852.74 654.81 839.31 900.74 954.03 1004.03 1033.90 1062.46
1092.11 1144.80 1256.08 1368.00 1388.74 1408.51 1423.45 1354.79 1284.39 1210.63 1222.34 1243.50 1269.80 1220.14 1182.69 1162.12 1204.55 1250.21 1298.96 1302.29 1312.62 1340.49 1332.79 1325.73
1324.08 1280.93 1243.11 1216.48 1156.78 1093.86 1030.95 996.00 1038.12 1092.61 1155.04 1217.73 1274.00 1142.80 1054.00 1096.29 1216.89 1318.25 1409.84 1399.66 1396.71 1407.49 1395.47 1390.45
1393.56 1389.13 1384.22 1380.07 1365.52 1355.04 1341.88 1310.88 1279.33 1239.69 1240.02 1240.96 1244.13 1244.37 1252.34 1274.38 1296.74 1325.73 1360.99 1376.43 1388.57 1403.55 1400.40 1399.59
1403.16 1397.29 1392.66 1389.42 1362.13 1335.69 1307.98 1389.54 1453.57 1498.65 1492.86 1488.31 1484.22 1488.77 1501.17 1518.71 1528.31 1541.05 1557.62 1533.45 1497.06 1451.72 1497.29 1544.32
1591.25 1597.92 1604.72 1612.87 1598.36 1584.47 1566.84 1594.96 1617.68 1632.57 1641.59 1650.69 1658.85 1670.19 1686.88 1706.08 1723.34 1741.93 1761.80 1758.06 1748.67 1736.71 1730.46 1725.57
1723.07 1717.68 1712.26 1707.06 1706.94 1708.64 1708.82 1740.39 1768.63 1792.32 1760.05 1733.19 1722.47 1700.25 1679.79 1654.00 1645.49 1638.88 1632.02 1587.85 1529.82 1458.95 1471.00 1484.46
1499.77 1460.61 1420.65 1383.74 1317.40 1262.31 1235.25 1149.84 1248.96 1378.60 1396.71 1425.21 1455.78 1452.36 1461.64 1481.45 1471.07 1467.98 1474.29 1470.66 1460.37 1447.96 1436.20 1423.45
1408.58 1414.64 1421.61 1433.47 1445.53 1459.28 1469.18 1499.37 1551.71 1608.72 1664.94 1721.75 1774.64 1770.19 1769.75 1772.63 1803.26 1834.66 1866.73 1855.27 1836.05 1813.22 1824.69 1836.69
1848.90 1833.59 1819.47 1807.29 1792.82 1778.61 1759.94 1714.73 1676.81 1644.67 1628.76 1656.67 1710.60 1693.86 1684.05 1681.27 1647.04 1618.09 1596.67 1566.69 1530.74 1496.10 1500.90 1504.40
1508.24 1499.09 1489.78 1479.85 1449.76 1421.61 1391.83 1433.29 1462.66 1476.95 1487.26 1501.81 1518.01 1564.42 1611.99 1660.77 1672.98 1686.40 1701.25 1674.76 1638.72 1592.49 1605.30 1618.61
1633.22 1631.50 1630.36 1630.13 1628.79 1629.20 1626.80 1632.15 1636.15 1634.36 1641.81 1648.68 1654.36 1662.32 1675.33 1692.85 1709.74 1728.25 1747.76 1742.92 1731.46 1717.80 1712.12 1709.15
1708.53 1684.95 1659.81 1632.84 1601.88 1568.62 1528.32 1553.80 1573.97 1585.11 1625.90 1661.93 1695.10 1687.72 1686.29 1689.98 1679.26 1668.41 1658.79 1637.75 1605.97 1566.55 1537.12 1505.55
1470.67 1449.78 1428.66 1409.09 1428.73 1448.42 1461.72 1492.27 1521.58 1544.71 1579.75 1617.09 1655.80 1618.93 1590.53 1569.21 1582.45 1603.36 1632.08 1616.85 1589.11 1554.13 1560.40 1570.65
1586.05 1541.66 1493.03 1440.26 1439.15 1443.11 1445.49 1456.98 1465.59 1466.36 1501.85 1537.15 1571.62 1545.49 1528.92 1521.20 1523.04 1530.18 1545.16 1538.71 1524.09 1503.22 1496.36 1493.44
1495.68 1503.05 1512.52 1523.93 1509.31 1494.89 1475.88 1462.31 1447.92 1425.24 1510.06 1592.02 1665.47 1660.84 1664.88 1675.46 1678.42 1684.76 1693.14 1681.73 1665.17 1645.36 1645.05 1644.75
1646.55 1628.91 1611.05 1592.93 1608.90 1624.83 1636.61 1658.85 1677.31 1690.83 1698.04 1704.50 1712.72 1702.39 1695.00 1697.46 1687.02 1676.44 1664.16 1650.02 1629.38 1602.66 1631.41 1660.68
1691.55 1652.39 1610.02 1563.41 1538.50 1511.81 1479.77 1478.83 1478.45 1480.10 1496.49 1519.21 1557.17 1487.08 1412.84 1334.43 1208.54 1079.00 1054.66 989.35 1136.84 1327.04 1309.05 1290.87
1274.67 1277.54 1281.11 1283.82 1318.44 1353.66 1384.68 1412.32 1433.23 1443.86 1455.66 1467.51 1478.70 1450.41 1433.33 1426.65 1427.88 1437.23 1455.11 1409.72 1347.49 1265.60 1298.81 1336.08
1375.98 1363.46 1352.74 1346.09 1327.36 1311.16 1294.87 1266.95 1243.33 1221.94 1100.60 1049.13 1087.51 1087.09 1100.16 1122.29 1137.21 1157.47 1176.16 1169.24 1153.61 1130.68 1159.82 1194.19
1231.61 1209.10 1188.82 1171.09 1146.79 1119.90 1085.81 1059.33 1037.30 1015.26 947.91 967.65 1033.15 1033.04 1041.00 1054.98 1029.59 1069.22 1155.36 1188.79 1220.77 1252.39 1205.36 1191.85
1219.54 1236.04 1252.06 1271.33 1163.02 1095.06 1133.31 1060.24 1050.11 1084.04 1039.26 997.66 964.96 876.99 866.78 951.82 1097.39 1213.57 1311.62 1294.36 1275.45 1262.78 1256.69 1249.79
1240.88 1225.13 1228.03 1249.91 1256.50 1265.95 1276.15 1250.11 1224.72 1198.04 1132.92 1089.52 1081.30 1138.68 1193.59 1246.11 1221.79 1199.41 1185.66 1226.10 1267.03 1308.34 1312.97 1320.28
1331.92 1332.34 1337.47 1347.44 1314.72 1280.56 1239.51 1258.95 1278.15 1288.21 1212.95 1138.16 1068.40 1070.89 1121.01 1193.02 1261.05 1328.65 1393.79 1381.87 1363.87 1344.92 1325.55 1310.31
1304.08 1303.22 1305.72 1309.66 1302.35 1295.06 1282.17 1307.38 1326.81 1349.70 1333.75 1317.32 1306.73 1327.30 1355.99 1383.52 1355.90 1339.80 1339.37 1335.06 1330.61 1326.29 1324.37 1324.76
1328.65 1183.51 1089.90 1187.90 1098.82 1026.55 1024.32 1044.52 1112.33 1176.73 1078.95 1074.08 1147.38 1165.64 1196.51 1239.04 1102.87 979.07 1050.02 929.82 1100.00 1290.86 1287.84 1292.16
1304.68 1295.66 1288.21 1281.56 1325.87 1368.02 1403.29 1401.76 1404.90 1410.32 1407.09 1404.79 1406.17 1404.94 1419.61 1449.87 1452.58 1455.49 1458.42 1424.94 1382.13 1331.42 1318.76 1305.32
1292.65 1230.67 1164.57 1101.43 1133.32 1176.40 1216.59 1135.93 1094.42 1096.04 1080.25 1071.99 1068.38 1090.79 1118.75 1146.99 1155.36 1192.68 1251.71 1260.04 1290.72 1350.45 1317.51 1284.77
1254.74 1230.87 1206.07 1181.32 1166.07 1158.70 1156.88 1207.52 1257.86 1297.98 1182.65 1149.47 1226.60 1278.12 1334.67 1379.86 1342.62 1305.77 1267.45 1282.96 1318.58 1369.95 1483.54 1585.66
1678.02 1699.85 1719.43 1737.23 1744.31 1751.31 1756.03 1745.42 1734.77 1722.46 1672.47 1629.34 1592.87 1601.71 1613.61 1624.75 1618.87 1614.35 1610.63 1564.56 1503.52 1424.34 1420.00 1413.91
1408.28 1405.03 1402.13 1401.80 1381.40 1359.86 1333.76 1160.78 963.15 925.97 1022.60 1102.40 1158.44 1034.34 925.32 936.59 917.65 1064.43 1211.55 1235.58 1262.06 1294.11 1315.15 1337.07
1357.63 1372.66 1392.36 1416.67 1335.61 1239.91 1111.91 1125.35 1183.52 1235.69 1177.93 1224.99 1311.50 1308.36 1379.36 1475.66 1465.58 1472.52 1496.53 1476.18 1445.85 1406.79 1407.82 1408.93
1410.17 1406.36 1395.55 1382.79 1358.51 1337.22 1313.92 1261.25 1209.00 1156.73 1126.60 1144.51 1189.00 1169.80 1155.31 1141.04 1222.47 1314.74 1406.51 1402.72 1399.61 1400.74 1410.07 1418.60
1426.84 1419.34 1414.03 1410.26 1380.01 1348.25 1307.96 1392.96 1464.81 1516.40 1520.77 1533.14 1549.15 1554.68 1563.40 1572.80 1574.50 1577.61 1581.32 1583.58 1580.53 1571.23 1587.37 1603.48
1619.96 1624.89 1631.35 1638.42 1631.11 1624.29 1611.77 1628.03 1640.24 1645.87 1629.08 1614.49 1601.17 1597.88 1598.18 1600.01 1609.24 1619.91 1633.65 1627.54 1617.12 1604.44 1670.24 1734.22
1795.96 1688.09 1557.31 1387.13 1476.07 1554.77 1620.87 1627.43 1636.29 1644.91 1631.84 1620.39 1609.42 1552.97 1495.51 1454.25 1488.91 1525.38 1561.41 1496.71 1416.01 1320.16 1335.21 1361.21
1395.24 1393.30 1397.78 1406.24 1402.74 1403.56 1406.42 1409.41 1411.43 1409.35 1375.94 1348.55 1326.36 1260.43 1207.03 1175.07 1117.31 1059.70 1004.60 871.27 1008.50 1194.64 1196.02 1203.61
1218.29 1217.04 1219.55 1223.98 1181.04 1159.19 1165.15 1101.07 1064.30 1048.61 1021.28 1005.88 999.11 951.51 921.97 909.34 909.84 983.02 1083.48 1179.20 1262.79 1337.63 1361.59 1384.82
1405.72 1407.67 1442.07 1495.65 1529.22 1560.86 1588.26 1570.69 1552.23 1531.42 1521.76 1513.14 1505.24 1474.11 1445.82 1418.49 1393.40 1367.60 1342.06 1331.07 1311.81 1281.06 1107.84 808.47
771.30 796.31 983.46 1121.40 1146.69 1175.13 1224.71 1302.13 1363.31 1409.72 1409.90 1414.16 1420.40 1432.97 1448.99 1464.41 1467.34 1472.23 1478.39 1474.67 1465.52 1451.55 1490.72 1530.25
1571.02 1581.09 1591.35 1603.26 1603.61 1604.35 1599.29 1593.73 1585.76 1573.32 1570.22 1567.67 1565.18 1556.70 1552.39 1548.21 1550.89 1556.77 1566.46 1568.12 1564.10 1553.34 1568.31 1585.63
1606.28 1610.42 1615.66 1622.99 1612.13 1601.75 1586.34 1591.75 1594.31 1592.13 1590.82 1590.51 1593.49 1574.29 1559.25 1551.58 1554.04 1559.97 1570.70 1568.28 1562.01 1551.78 1565.89 1580.15
1595.92 1616.05 1636.31 1658.02 1658.99 1660.14 1657.33 1679.62 1700.97 1717.55 1676.86 1637.54 1605.05 1573.38 1544.82 1513.06 1524.77 1539.03 1556.17 1442.90 1282.27 1048.91 1195.53 1310.32
1407.29 1344.57 1281.55 1236.66 1161.87 1098.17 1075.18 1136.80 1213.79 1278.58 1270.79 1266.60 1261.20 1300.69 1341.74 1383.78 1398.45 1414.76 1433.29 1397.04 1350.40 1293.79 1295.14 1296.30
1296.98 1293.07 1287.94 1284.58 1302.03 1323.36 1343.32 1328.79 1313.13 1290.00 1288.87 1297.75 1310.27 1355.27 1399.81 1440.26 1453.60 1468.32 1484.94 1473.11 1451.28 1418.19 1403.83 1389.30
1373.23 1363.18 1352.49 1341.10 1324.98 1308.40 1285.42 1353.12 1404.69 1438.64 1456.13 1471.93 1486.54 1484.06 1490.80 1502.81 1498.39 1496.35 1498.17 1467.86 1422.65 1361.98 1356.63 1356.80
1364.64 1345.65 1325.72 1305.37 1276.21 1248.53 1215.67 1263.39 1299.22 1322.77 1333.74 1344.92 1355.57 1324.53 1305.20 1295.48 1345.89 1399.67 1454.61 1435.54 1406.46 1364.93 1360.62 1355.70
1350.81 1353.17 1356.37 1359.82 1346.31 1340.77 1340.56 1370.52 1393.81 1405.17 1375.20 1348.10 1324.20 1286.30 1266.62 1265.23 1260.98 1258.82 1260.35 1291.64 1319.96 1344.71 1346.37 1348.47
1351.44 1336.17 1321.20 1311.58 1254.22 1191.79 1119.91 1131.71 1139.60 1143.25 1037.90 925.24 819.38 523.84 721.30 912.29 1094.01 1231.98 1351.65 1345.50 1335.24 1322.02 1312.47 1313.76
1329.31 1299.29 1283.12 1286.55 1231.66 1169.55 1090.96 1042.31 1003.97 977.38 1045.97 1109.75 1177.22 1257.31 1329.69 1393.24 1422.62 1452.22 1482.21 1433.45 1372.81 1298.82 1276.39 1258.69
1246.55 1235.73 1225.26 1212.97 1232.02 1251.24 1267.99 1258.13 1289.89 1338.37 1302.64 1271.10 1238.49 1254.24 1283.57 1320.30 1369.69 1418.45 1467.77 1444.10 1413.55 1375.56 1368.55 1366.26
1367.55 1349.24 1332.74 1321.47 1334.75 1349.88 1361.99 1354.11 1358.58 1364.31 1339.81 1317.62 1296.78 1319.23 1354.08 1397.60 1452.39 1508.57 1565.18 1550.90 1533.38 1514.01 1480.14 1443.65
1404.41 1379.26 1354.32 1332.49 1332.03 1333.21 1328.67 1363.44 1392.47 1412.83 1405.91 1401.00 1404.06 1422.21 1444.51 1473.90 1528.16 1582.15 1637.26 1590.93 1530.28 1451.88 1444.70 1437.16
1429.12 1394.85 1363.47 1338.43 1364.87 1390.81 1409.59 1425.62 1450.22 1471.90 1453.46 1437.57 1426.79 1444.36 1464.23 1491.40 1503.83 1518.12 1533.77 1493.23 1437.68 1363.09 1378.30 1396.16
1415.30 1432.17 1449.12 1467.48 1474.43 1481.92 1483.66 1479.58 1477.65 1468.71 1473.59 1475.87 1479.08 1437.07 1397.90 1361.12 1368.41 1384.70 1410.98 1398.15 1378.44 1354.68 1353.08 1356.16
1367.16 1354.61 1344.07 1336.27 1308.45 1278.64 1240.25 1246.21 1268.97 1293.85 1222.11 1175.25 1160.28 1154.31 1169.34 1206.04 1119.72 1012.28 883.47 674.89 922.80 1146.75 1142.61 1146.22
1157.37 1118.42 1095.76 1088.55 1042.44 1059.54 1123.81 1166.83 1213.53 1253.16 1212.52 1174.08 1137.24 1051.76 957.39 848.79 936.86 1094.53 1232.83 1266.96 1299.78 1333.21 1326.52 1321.59
1318.54 1318.35 1318.42 1319.70 1298.61 1276.75 1248.88 1260.71 1273.25 1281.88 1277.15 1276.96 1279.65 1265.13 1260.68 1269.83 1264.13 1262.92 1269.81 1293.30 1313.87 1330.18 1332.57 1333.15
1332.97 1375.76 1417.34 1456.98 1435.35 1413.47 1385.56 1397.50 1416.28 1434.54 1369.94 1305.60 1241.41 1266.38 1299.60 1334.59 1363.40 1394.11 1427.27 1413.73 1390.87 1358.89 1364.61 1369.09
1373.86 1355.06 1336.42 1316.54 1293.05 1268.25 1235.78 1220.19 1209.78 1197.66 1085.83 1020.61 1035.27 1083.79 1131.87 1180.92 1157.19 1141.47 1149.50 1188.06 1226.71 1262.25 1261.55 1257.41
1254.55 1249.54 1258.51 1282.36 1290.94 1302.40 1309.36 1345.15 1373.47 1392.94 1403.51 1423.25 1447.96 1404.40 1362.22 1318.64 1305.16 1293.73 1283.63 1298.01 1303.94 1307.08 1308.26 1315.63
1331.73 1338.13 1345.95 1354.91 1339.31 1323.23 1300.23 1305.55 1312.13 1314.49 1298.42 1284.30 1271.66 1291.43 1313.83 1336.10 1344.88 1356.16 1371.23 1368.21 1355.55 1329.35 1306.49 1275.15
1241.43 1266.92 1305.97 1348.56 1343.41 1332.29 1314.60 1311.42 1307.24 1295.68 1302.83 1322.15 1351.75 1397.28 1444.05 1493.46 1508.99 1526.66 1545.48 1481.96 1396.59 1274.61 1296.48 1312.19
1328.26 1310.71 1293.95 1280.62 1267.49 1265.67 1273.93 1343.55 1395.89 1440.74 1446.20 1461.55 1474.04 1467.82 1464.16 1460.91 1458.02 1460.34 1467.17 1424.08 1363.73 1281.81 1247.10 1216.35
1201.15 1161.22 1120.04 1080.94 1033.34 1137.28 1261.14 1224.46 1193.35 1162.49 1130.31 1099.78 1072.32 1032.14 996.19 960.98 971.38 999.12 1041.09 1065.70 1118.21 1186.78 1231.80 1274.88
1316.59 1329.67 1344.57 1361.74 1408.21 1452.44 1489.42 1509.29 1529.27 1544.35 1465.44 1386.46 1305.91 1260.20 1227.97 1212.98 1245.33 1286.55 1334.35 1345.67 1351.19 1350.57 1369.40 1387.91
1408.40 1449.56 1492.38 1537.44 1545.82 1554.17 1558.64 1565.62 1569.89 1568.05 1532.42 1499.38 1467.63 1455.90 1450.62 1450.56 1466.77 1488.83 1517.62 1497.83 1467.45 1426.37 1475.38 1525.64
1576.60 1551.41 1526.21 1501.03 1505.32 1509.76 1509.59 1539.22 1561.76 1575.73 1551.12 1527.89 1505.03 1479.76 1458.94 1441.32 1465.81 1495.06 1530.27 1515.22 1489.94 1453.14 1463.09 1475.16
1489.18 1478.84 1470.72 1466.40 1487.56 1509.63 1527.60 1532.78 1535.27 1531.02 1499.78 1470.05 1441.40 1435.01 1433.32 1434.25 1445.17 1457.72 1473.41 1465.29 1451.45 1435.16 1466.58 1500.98
1537.42 1529.87 1523.98 1520.76 1523.11 1525.49 1523.93 1536.13 1544.14 1544.58 1507.46 1471.51 1437.24 1410.41 1387.06 1365.95 1374.79 1389.17 1410.90 1412.97 1407.70 1396.01 1410.27 1428.71
1450.42 1449.54 1448.84 1449.46 1440.77 1432.32 1420.18 1417.94 1416.90 1411.50 1346.32 1281.69 1219.25 1187.90 1166.98 1155.20 1193.55 1241.38 1297.65 1322.11 1338.68 1349.43 1345.20 1340.72
1337.42 1325.36 1320.08 1323.16 1308.48 1295.58 1278.98 1192.49 1196.17 1252.22 1196.39 1255.40 1367.78 1393.93 1428.73 1459.12 1501.56 1546.38 1594.92 1561.17 1507.73 1437.08 1422.05 1405.83
1390.82 1388.18 1385.40 1385.03 1362.08 1338.72 1309.08 1369.73 1422.63 1462.93 1424.11 1388.98 1357.42 1377.10 1398.98 1421.24 1437.03 1459.33 1489.71 1462.02 1419.46 1359.93 1364.77 1370.43
1377.24 1370.80 1367.66 1365.90 1350.99 1336.74 1319.67 1273.07 1253.36 1254.05 1203.11 1158.17 1115.57 1107.11 1105.14 1106.08 1084.17 1062.78 1045.24 1152.61 1244.53 1326.24 1324.01 1320.97
1318.55 1283.19 1257.90 1251.09 1196.75 1144.34 1099.57 1102.74 1111.08 1114.74 1096.23 1157.23 1242.58 1275.89 1310.69 1344.70 1353.40 1365.36 1381.42 1383.29 1383.95 1390.74 1354.63 1312.81
1265.97 1220.67 1171.54 1115.76 1144.82 1172.39 1196.02 1205.31 1209.05 1205.91 1176.25 1150.04 1126.27 1148.92 1177.55 1209.49 1250.33 1291.97 1333.13 1340.38 1339.43 1336.46 1295.26 1266.93
1261.14 1276.09 1294.05 1313.54 1275.35 1250.87 1229.26 1222.44 1241.75 1264.93 1248.77 1234.91 1221.23 1233.16 1248.19 1264.02 1275.93 1291.19 1312.26 1327.36 1335.37 1334.96 1335.49 1333.72
1331.23 1358.99 1389.60 1420.19 1419.76 1421.04 1422.81 1439.63 1469.07 1496.77 1452.27 1410.09 1370.15 1368.30 1369.62 1378.55 1409.98 1445.38 1485.33 1457.66 1422.26 1379.91 1432.36 1483.02
1531.74 1524.63 1517.17 1510.36 1500.67 1490.45 1478.84 1480.05 1498.45 1524.43 1466.90 1415.03 1365.54 1299.08 1230.76 1150.06 1092.51 1037.38 996.49 1099.08 1203.51 1303.86 1301.57 1299.75
1297.78 1274.76 1260.39 1257.46 1235.28 1211.95 1184.07 1188.44 1205.72 1221.62 967.86 486.94 875.83 995.83 1099.71 1187.64 1264.64 1345.63 1427.81 1406.73 1371.28 1322.73 1303.80 1284.54
1267.40 1281.10 1295.28 1308.78 1304.11 1300.39 1296.63 1266.50 1248.25 1235.43 1248.74 1256.73 1260.45 1255.33 1265.50 1287.86 1316.94 1347.82 1383.13 1379.86 1366.78 1346.03 1338.38 1328.15
1318.25 1311.59 1306.77 1303.76 1295.35 1287.52 1277.09 1254.71 1252.53 1252.08 1247.10 1249.36 1256.17 1254.18 1259.22 1271.43 1289.74 1310.63 1334.32 1334.88 1327.44 1313.44 1320.05 1326.27
1332.88 1330.11 1331.05 1335.51 1319.61 1301.52 1279.86 1284.37 1293.88 1309.77 1295.80 1287.20 1270.24 1261.34 1257.14 1247.12 1254.84 1265.26 1279.01 1302.59 1320.32 1336.20 1341.97 1349.15
1355.46 1344.86 1337.87 1336.53 1322.37 1311.52 1299.91 1306.85 1314.04 1319.91 1344.57 1358.18 1362.38 1339.64 1319.22 1297.37 1275.77 1272.07 1287.20 1316.38 1353.14 1399.92 1397.43 1386.98
1372.24 1346.42 1314.54 1274.00 1243.97 1211.40 1175.42 1167.25 1159.93 1149.94 1023.35 859.81 586.94 917.28 1088.68 1208.62 1284.64 1359.58 1432.45 1394.53 1345.59 1281.63 1257.89 1232.26
1206.28 1212.42 1221.27 1235.34 1202.04 1166.52 1124.47 1001.89 862.23 736.31 795.31 873.82 949.73 1067.20 1160.72 1240.95 1284.35 1327.01 1368.76 1344.22 1310.93 1272.02 1271.06 1269.19
1265.88 1264.75 1262.90 1261.00 1251.47 1244.31 1235.78 1165.66 1112.18 1076.23 992.64 908.82 839.06 828.23 862.16 920.49 1030.65 1122.82 1204.89 1210.47 1215.49 1226.42 1246.83 1267.55
1288.72 1279.88 1275.94 1277.64 1267.15 1270.88 1286.10 1320.10 1353.16 1374.96 1310.30 1246.37 1182.90 1164.47 1157.72 1162.45 1181.80 1202.24 1227.48 1256.69 1284.24 1313.16 1316.84 1320.12
1324.64 1324.60 1333.87 1350.50 1349.67 1349.59 1347.49 1390.72 1430.86 1461.07 1363.32 1261.71 1151.81 1130.67 1122.74 1130.21 1195.21 1257.07 1318.37 1320.18 1318.87 1319.55 1313.68 1306.95
1301.25 1289.49 1296.00 1319.55 1334.49 1353.07 1372.85 1439.05 1491.98 1529.35 1450.27 1370.25 1286.43 1211.22 1153.64 1128.17 1177.54 1225.95 1275.74 1288.64 1300.47 1319.37 1322.40 1325.30
1327.23 1312.26 1315.28 1339.02 1357.21 1376.64 1395.29 1433.66 1467.69 1491.43 1426.76 1364.33 1304.03 1196.45 1106.22 1077.01 1097.29 1120.23 1146.19 1202.80 1261.88 1326.83 1332.22 1334.74
1340.00 1334.77 1334.33 1339.51 1338.49 1338.77 1339.98 1373.05 1403.33 1424.22 1348.60 1273.18 1198.47 1155.15 1119.77 1096.44 1148.72 1206.96 1268.55 1294.88 1313.76 1332.31 1342.84 1356.93
1373.93 1367.88 1364.17 1362.32 1366.59 1373.10 1380.45 1410.10 1436.41 1450.88 1379.32 1307.86 1236.44 1200.16 1184.49 1191.45 1215.03 1240.16 1269.46 1294.27 1312.13 1328.83 1336.53 1346.17
1356.15 1363.81 1380.03 1404.06 1376.56 1345.84 1309.95 1284.16 1257.84 1227.65 997.68 605.97 859.00 963.69 1071.20 1164.79 1189.63 1217.86 1250.69 1251.38 1242.57 1236.50 1239.90 1243.75
1247.94 1245.26 1241.05 1235.80 1247.03 1259.37 1273.18 1193.80 1126.23 1075.62 1085.78 1102.69 1125.18 1163.33 1199.05 1232.54 1265.19 1319.30 1387.95 1357.87 1310.90 1257.30 1266.28 1275.50
1285.85 1280.27 1274.02 1267.41 1267.79 1268.88 1268.43 1238.31 1226.61 1222.42 1241.32 1259.95 1276.96 1266.71 1260.65 1260.55 1288.01 1317.84 1349.65 1354.01 1349.38 1342.80 1341.50 1342.80
1348.26 1342.41 1336.77 1333.56 1324.22 1315.35 1304.80 1321.01 1334.14 1337.20 1292.33 1248.65 1206.62 1183.43 1174.22 1181.55 1264.14 1341.44 1416.42 1411.48 1396.74 1374.71 1426.83 1478.13
1527.99 1507.77 1491.77 1482.47 1469.34 1457.01 1446.11 1441.95 1437.61 1427.30 1356.75 1285.06 1211.60 1184.55 1172.52 1177.60 1246.70 1318.75 1391.75 1386.95 1372.96 1352.09 1403.48 1452.65
1501.91 1500.05 1505.91 1519.20 1530.06 1542.10 1555.78 1555.50 1553.72 1546.20 1473.39 1402.30 1332.35 1317.71 1315.86 1327.08 1345.70 1364.87 1386.21 1378.01 1357.14 1328.00 1347.42 1369.09
1393.21 1388.95 1384.80 1381.82 1362.96 1342.52 1320.19 1334.63 1347.60 1350.98 1277.97 1215.22 1164.83 1169.02 1191.67 1226.43 1290.40 1354.15 1419.17 1397.18 1360.62 1310.32 1321.79 1338.34
1360.48 1336.88 1319.50 1312.48 1308.83 1306.50 1306.51 1274.71 1256.23 1240.45 1170.01 1132.78 1133.85 1162.31 1192.23 1223.22 1253.46 1284.71 1318.97 1307.60 1283.07 1254.72 1275.76 1288.54
1301.19 1292.46 1286.53 1279.04 1279.16 1284.61 1294.46 1246.72 1205.64 1166.23 1104.79 1089.41 1112.00 1137.61 1165.85 1197.45 1280.45 1356.03 1428.93 1393.70 1345.04 1286.27 1289.31 1292.68
1296.33 1292.71 1300.72 1321.06 1322.89 1324.96 1326.31 1323.29 1347.21 1376.55 1291.01 1208.72 1134.39 1116.24 1124.58 1157.15 1224.29 1288.17 1351.74 1366.14 1373.17 1380.67 1416.35 1453.66
1492.57 1474.58 1460.30 1451.42 1409.39 1361.26 1305.05 1345.89 1382.89 1404.44 1268.64 1143.62 1090.66 1175.36 1261.82 1349.56 1361.64 1380.04 1408.13 1378.20 1336.48 1287.98 1285.28 1284.82
1286.90 1279.80 1274.77 1265.96 1274.66 1282.24 1289.18 1257.65 1225.08 1186.30 1121.71 1109.31 1151.32 1209.28 1262.41 1316.85 1347.99 1381.03 1417.57 1393.57 1360.37 1318.28 1311.16 1303.14
1295.76 1280.64 1267.21 1249.31 1267.13 1285.59 1303.61 1319.24 1340.36 1357.85 1316.63 1277.78 1242.83 1288.37 1337.62 1391.52 1416.91 1446.70 1480.98 1456.52 1422.76 1385.54 1410.52 1436.26
1462.76 1444.05 1425.06 1405.34 1413.36 1423.35 1433.71 1461.69 1484.51 1496.81 1473.99 1450.72 1425.99 1397.40 1371.11 1348.27 1377.14 1408.24 1443.06 1434.76 1422.40 1416.02 1448.29 1485.21
1526.43 1513.76 1500.22 1485.58 1398.29 1317.83 1229.71 1269.51 1313.89 1349.80 1285.27 1239.03 1202.61 983.90 726.31 965.09 1065.59 1159.07 1244.55 1203.06 1181.84 1209.71 1243.14 1280.08
1319.29 1309.80 1299.51 1289.70 1264.52 1237.54 1209.06 1258.16 1297.03 1323.62 1238.09 1158.36 1082.67 1070.17 1062.28 1065.12 1141.48 1211.88 1280.16 1284.88 1288.94 1299.59 1285.07 1276.93
1276.21 1276.95 1278.85 1283.77 1283.90 1285.76 1290.72 1311.57 1330.74 1339.88 1312.36 1292.45 1279.88 1236.39 1211.65 1214.22 1244.67 1275.97 1308.33 1309.12 1303.10 1295.54 1299.35 1302.99
1306.85 1304.79 1305.32 1306.83 1294.04 1285.71 1280.73 1297.24 1314.37 1324.70 1265.34 1206.85 1168.29 993.48 922.19 1088.02 1128.17 1177.53 1232.33 1255.26 1274.20 1293.43 1287.37 1280.91
1275.73 1278.56 1282.48 1286.93 1262.17 1236.13 1208.25 1107.61 991.20 843.32 927.22 996.65 1048.19 1123.63 1188.92 1250.27 1298.26 1344.80 1392.89 1368.01 1331.15 1288.01 1278.44 1270.66
1274.58 1268.80 1265.75 1263.19 1270.65 1277.34 1284.28 1226.46 1185.13 1155.16 1086.10 1012.53 939.69 992.54 1059.40 1127.22 1193.48 1263.57 1337.65 1331.52 1313.85 1292.45 1298.95 1305.26
1312.53 1296.40 1279.65 1264.94 1259.64 1262.19 1269.76 1167.64 1055.60 924.39 1053.09 1141.88 1210.53 1214.96 1224.65 1237.89 1286.85 1335.87 1388.16 1369.60 1336.71 1297.76 1237.90 1174.20
1099.81 1121.46 1144.43 1166.59 1184.29 1209.01 1240.00 1111.01 984.34 913.29 887.14 876.75 887.84 1007.29 1103.11 1183.81 1186.30 1191.22 1204.80 1185.48 1162.29 1146.12 1054.49 966.08
946.81 916.74 1026.24 1150.65 1090.90 1105.82 1183.55 1129.85 1077.46 1022.59 1112.28 1180.87 1236.43 1283.04 1334.28 1387.27 1363.63 1336.89 1311.33 1268.79 1210.68 1143.30 1090.96 1072.09
1102.80 1104.66 1110.64 1119.81 1130.09 1159.33 1200.13 1146.03 1089.11 1025.32 1043.24 1074.66 1110.03 1085.40 1064.42 1046.71 1066.82 1098.67 1147.03 1118.95 1080.09 1032.42 1052.02 1085.25
1129.00 1121.88 1119.54 1123.80 1119.81 1121.06 1125.67 1025.64 983.03 985.91 913.65 1000.62 1111.65 1056.37 1020.71 1012.44 968.29 938.00 951.90 973.45 1036.53 1119.91 1088.37 1060.77
1047.27 1044.32 1057.72 1087.12 1047.55 1004.70 965.56 814.45 805.01 895.54 921.91 946.15 968.49 1020.11 1069.23 1117.14 1169.44 1231.91 1304.03 1318.65 1327.68 1333.28 1347.45 1357.10
1366.21 1374.78 1387.02 1402.52 1402.11 1401.39 1400.15 1421.11 1433.67 1435.87 1445.00 1450.93 1454.49 1461.18 1475.21 1495.00 1493.94 1489.90 1490.16 1461.79 1418.75 1365.08 1368.85 1373.52
1379.63 1380.19 1382.29 1386.87 1380.14 1375.53 1370.21 1350.79 1331.76 1312.02 1329.81 1342.64 1352.91 1368.58 1394.12 1427.97 1451.69 1473.91 1501.20 1465.41 1416.27 1355.29 1371.42 1391.07
1413.62 1430.11 1449.80 1473.49 1433.43 1389.32 1337.41 1358.99 1374.64 1382.00 1358.38 1339.81 1327.17 1355.12 1391.32 1434.02 1480.18 1526.54 1575.24 1567.54 1555.44 1543.18 1541.03 1551.00
1573.02 1539.76 1504.13 1465.60 1418.61 1367.38 1314.32 1398.79 1470.63 1526.13 1489.61 1454.23 1427.20 1387.86 1354.67 1334.36 1382.25 1436.34 1497.74 1491.68 1483.57 1477.56 1478.32 1480.18
1485.55 1455.43 1421.60 1384.64 1368.58 1351.95 1335.37 1371.55 1402.02 1419.25 1433.41 1446.20 1458.64 1446.11 1438.53 1435.38 1449.62 1466.92 1491.99 1446.21 1386.15 1311.01 1321.75 1336.04
1353.41 1340.56 1328.06 1313.24 1314.22 1315.65 1316.66 1255.20 1197.80 1144.37 982.60 785.45 702.96 862.68 987.16 1091.12 1188.68 1278.46 1365.11 1342.31 1310.10 1273.15 1276.66 1284.55
1298.03 1295.14 1297.53 1306.23 1304.69 1309.03 1319.48 1282.42 1248.86 1215.38 1127.62 1037.68 944.75 983.22 1030.10 1083.64 1190.85 1285.06 1376.02 1360.45 1338.16 1310.27 1308.60 1305.84
1303.40 1289.48 1277.76 1268.15 1241.82 1222.77 1213.03 1113.10 1000.61 864.92 992.78 1079.15 1143.79 1180.87 1219.45 1260.65 1310.79 1358.96 1410.43 1383.95 1348.76 1308.79 1300.56 1291.01
1271.54 1265.70 1262.58 1262.95 1249.22 1257.01 1286.09 1207.60 1122.39 1034.14 1084.91 1181.01 1267.99 1321.93 1374.09 1426.86 1448.99 1471.39 1498.71 1452.05 1389.83 1310.34 1302.47 1292.89
1281.73 1251.50 1220.73 1191.64 1229.50 1264.78 1297.99 1269.65 1239.61 1208.96 1224.45 1236.90 1248.34 1307.75 1367.90 1430.03 1479.25 1528.52 1581.19 1540.56 1491.10 1431.63 1389.50 1339.53
1280.76 1282.89 1285.09 1288.19 1281.16 1274.46 1266.11 1273.27 1275.05 1269.71 1296.87 1321.11 1334.36 1332.11 1333.50 1338.30 1371.54 1404.49 1438.37 1424.17 1405.14 1382.64 1354.13 1321.06
1283.94 1281.54 1277.42 1269.71 1265.54 1266.58 1272.81 1258.43 1241.64 1219.65 1222.30 1223.85 1231.98 1309.62 1382.08 1455.10 1477.96 1505.00 1540.51 1528.04 1511.63 1490.52 1462.37 1438.39
1421.52 1437.84 1456.31 1477.57 1493.20 1517.28 1546.45 1541.61 1533.74 1521.87 1526.59 1529.93 1539.87 1521.89 1510.32 1509.24 1566.62 1622.13 1677.97 1684.81 1689.77 1695.31 1676.07 1654.63
1632.42 1609.82 1585.94 1559.37 1543.56 1528.28 1514.11 1547.37 1571.78 1588.16 1563.59 1539.33 1519.37 1540.36 1569.06 1605.97 1637.16 1668.02 1701.27 1685.49 1666.12 1645.96 1657.30 1671.42
1688.17 1652.72 1614.02 1574.84 1553.94 1531.48 1505.22 1545.17 1579.58 1606.46 1545.34 1484.12 1424.55 1392.50 1365.09 1347.89 1350.80 1354.92 1362.22 1357.31 1355.00 1359.04 1401.43 1445.13
1491.65 1473.11 1453.32 1433.20 1407.44 1381.97 1356.80 1342.23 1323.32 1299.96 1223.10 1143.56 1068.23 1019.52 1026.71 1093.35 1168.67 1239.73 1309.86 1308.93 1307.07 1304.37 1315.83 1340.05
1373.85 1360.42 1350.19 1345.69 1329.04 1311.12 1292.46 1349.37 1398.37 1435.49 1404.21 1374.53 1351.33 1340.86 1337.69 1346.80 1323.83 1299.77 1280.36 1273.68 1264.44 1253.38 1333.32 1410.02
1483.16 1497.91 1512.18 1526.79 1495.37 1463.55 1430.05 1438.38 1450.56 1461.74 1395.99 1330.94 1267.01 1221.19 1196.83 1198.75 1220.93 1245.59 1275.66 1294.82 1311.95 1327.69 1385.93 1446.53
1506.78 1483.14 1457.50 1432.11 1399.40 1363.31 1323.26 1325.10 1323.68 1312.60 1223.10 1129.65 1033.10 1068.32 1118.24 1176.14 1224.76 1273.20 1328.63 1332.77 1333.40 1330.99 1337.12 1346.13
1358.44 1372.30 1387.96 1407.25 1393.75 1379.86 1363.56 1403.29 1430.68 1448.09 1428.79 1408.68 1389.67 1391.06 1397.44 1408.74 1431.43 1455.29 1483.50 1501.84 1518.94 1536.73 1568.24 1600.45
1632.54 1618.62 1604.30 1590.07 1520.98 1439.76 1342.93 1406.13 1451.70 1482.72 1466.05 1451.39 1440.56 1442.93 1454.40 1478.24 1491.30 1504.48 1518.76 1543.31 1566.92 1591.80 1599.18 1607.23
1616.72 1605.22 1592.70 1579.22 1563.09 1546.44 1527.93 1529.27 1522.74 1515.75 1518.77 1521.40 1512.67 1482.34 1461.76 1450.03 1478.23 1505.92 1534.03 1530.81 1526.36 1522.19 1545.08 1569.74
1599.52 1591.21 1581.58 1571.15 1548.78 1524.59 1498.75 1523.45 1540.55 1548.87 1542.27 1534.15 1524.56 1513.66 1505.60 1501.11 1485.96 1466.14 1444.05 1424.00 1406.98 1396.84 1430.74 1466.39
1504.68 1532.75 1562.60 1595.37 1573.03 1548.36 1521.12 1534.19 1542.14 1544.24 1540.54 1536.69 1530.53 1531.44 1533.64 1539.71 1565.00 1589.57 1617.70 1587.65 1552.26 1510.75 1478.28 1440.78
1400.33 1427.50 1458.81 1494.94 1472.20 1449.43 1425.24 1462.25 1486.24 1498.40 1494.37 1492.69 1489.77 1485.92 1486.19 1492.46 1472.52 1447.02 1422.36 1395.05 1361.59 1309.54 1308.71 1308.01
1306.58 1299.55 1299.32 1307.61 1304.87 1304.82 1306.73 1237.75 1160.77 1073.16 1078.98 1085.64 1089.27 1004.39 1026.45 1130.28 1222.42 1313.53 1403.82 1428.95 1450.22 1473.87 1452.86 1430.27
1407.88 1380.19 1347.27 1317.05 1313.20 1309.64 1306.43 1335.05 1356.34 1370.17 1317.88 1300.15 1309.82 1305.16 1305.18 1315.58 1357.07 1397.69 1440.11 1417.61 1391.30 1360.49 1395.22 1431.91
1467.77 1444.51 1426.15 1415.41 1402.88 1394.16 1389.33 1324.71 1256.08 1173.21 1168.15 1179.80 1196.97 1184.33 1181.96 1191.25 1207.30 1222.80 1244.67 1253.35 1261.27 1264.95 1275.98 1286.46
1297.70 1295.87 1299.26 1306.91 1308.46 1311.03 1315.52 1296.98 1287.89 1286.51 1260.96 1239.36 1215.36 1116.13 997.96 857.80 562.64 836.81 1061.20 1264.65 1456.20 1621.37 1680.46 1742.67
1798.39 1789.25 1780.19 1771.31 1772.54 1774.02 1778.18 1773.45 1766.43 1759.32 1696.06 1638.76 1585.25 1562.90 1541.68 1524.36 1510.60 1497.82 1489.18 1473.55 1455.52 1423.71 1421.92 1423.28
1428.93 1424.65 1419.98 1416.83 1414.95 1414.26 1415.70 1397.74 1375.18 1350.43 1315.75 1291.15 1270.21 1267.77 1267.61 1271.80 1292.67 1313.39 1338.10 1364.37 1399.95 1443.70 1446.77 1450.71
1454.92 1449.99 1444.98 1439.79 1433.39 1429.54 1427.87 1433.23 1447.45 1462.85 1500.20 1545.25 1585.66 1604.27 1622.76 1640.65 1623.70 1604.13 1586.28 1597.83 1609.78 1621.15 1637.46 1657.36
1680.00 1690.65 1701.14 1711.19 1695.36 1679.24 1662.08 1690.51 1712.78 1729.75 1714.18 1699.66 1681.99 1665.93 1649.96 1635.77 1621.29 1607.31 1595.56 1534.95 1463.63 1385.99 1058.57 867.46
1332.14 1610.66 1835.91 2031.33 2042.11 2052.26 2063.20 2022.95 1976.87 1921.40 1897.07 1873.26 1839.36 1843.90 1851.00 1859.94 1804.13 1739.42 1664.97 1623.05 1574.11 1512.42 1512.83 1514.41
1517.22 1504.40 1499.69 1503.23 1498.79 1482.69 1461.72 1429.78 1393.78 1356.65 1183.13 1002.86 997.63 947.03 1041.29 1166.83 1231.18 1319.73 1415.33 1415.16 1420.74 1429.89 1426.04 1418.04
1409.33 1339.72 1259.59 1165.27 1247.60 1312.62 1374.86 1402.51 1440.98 1479.39 1452.70 1428.96 1405.59 1380.14 1368.72 1370.84 1376.91 1379.55 1382.55 1397.01 1412.25 1428.05 1422.21 1416.06
1409.02 1401.14 1392.44 1384.46 1372.85 1361.80 1344.49 1358.97 1368.43 1371.57 1453.37 1518.36 1569.63 1594.14 1620.35 1655.13 1646.86 1638.16 1626.72 1622.15 1617.51 1615.04 1563.66 1506.43
1441.65 1413.90 1385.69 1355.17 1354.61 1359.61 1368.91 1422.41 1467.05 1504.62 1440.76 1380.41 1322.89 1269.69 1224.40 1189.61 1046.07 813.91 729.53 1206.21 1454.60 1642.21 1714.00 1784.97
1844.29 1844.53 1843.89 1844.47 1812.63 1776.29 1737.86 1752.68 1763.07 1771.81 1720.44 1671.67 1624.28 1602.43 1588.39 1583.64 1549.12 1496.80 1433.04 1433.17 1432.37 1432.17 1407.14 1387.62
1374.62 1255.85 1113.49 999.69 1051.24 1110.02 1177.54 1139.00 1119.32 1128.95 1209.38 1276.52 1329.41 1325.88 1324.91 1328.23 1363.20 1398.62 1432.91 1447.84 1463.18 1478.67 1481.86 1485.97
1488.70 1470.34 1446.49 1417.00 1424.86 1450.31 1476.72 1444.29 1406.39 1365.82 1396.74 1435.00 1470.53 1506.53 1541.49 1575.93 1546.48 1510.22 1459.11 1465.12 1470.77 1475.66 1466.94 1458.16
1448.60 1473.05 1497.83 1520.89 1536.88 1553.56 1572.26 1548.77 1536.63 1535.58 1343.49 1293.51 1395.82 1364.54 1348.02 1350.32 1347.82 1346.64 1349.71 1367.86 1385.52 1403.79 1408.67 1412.83
1417.74 1419.45 1420.72 1423.82 1287.42 1111.65 1006.07 1033.28 1063.51 1095.16 1286.31 1436.93 1536.12 1551.38 1569.29 1589.57 1536.53 1470.30 1384.84 1422.59 1460.68 1497.70 1583.62 1666.20
1744.22 1533.94 1437.23 1599.68 1585.65 1591.09 1616.83 1590.49 1557.96 1523.24 1523.07 1524.98 1527.56 1429.17 1318.07 1190.26 1136.20 1079.22 1036.59 941.70 1019.33 1142.08 1122.70 1163.63
1242.80 1287.88 1361.38 1444.90 1414.30 1382.27 1350.38 1243.73 1164.80 1152.65 1029.20 889.77 756.91 636.81 731.87 827.12 799.18 991.47 1148.65 1270.38 1378.04 1472.19 1490.76 1510.08
1528.76 1527.58 1529.68 1534.17 1535.55 1538.00 1539.23 1558.48 1570.69 1578.74 1648.90 1700.93 1738.19 1735.03 1733.45 1734.83 1673.50 1599.72 1509.93 1522.09 1534.59 1546.09 1567.94 1590.05
1613.86 1603.52 1592.74 1582.70 1534.29 1485.73 1437.68 1359.29 1292.57 1258.75 1181.07 1102.96 1041.24 1072.28 1439.97 1694.07 1704.63 1718.21 1735.67 1725.39 1720.89 1722.33 1659.18 1589.54
1512.04 1506.00 1502.43 1500.11 1607.05 1701.80 1787.83 1807.91 1841.58 1879.72 1860.69 1837.52 1813.34 1838.66 1862.76 1885.31 1868.92 1851.48 1832.72 1824.75 1818.78 1813.63 1789.79 1764.56
1738.61 1734.79 1732.88 1732.29 1732.55 1737.21 1746.98 1726.63 1703.69 1678.47 1644.77 1612.00 1576.28 1481.81 1379.50 1271.00 1176.32 1144.55 1238.60 1314.22 1396.54 1478.11 1483.19 1488.61
1494.02 1491.63 1491.97 1494.87 1502.17 1512.56 1524.72 1555.04 1575.30 1589.11 1598.45 1606.56 1608.19 1589.99 1575.24 1565.67 1545.67 1520.72 1488.40 1487.20 1485.39 1483.67 1475.14 1464.76
1455.03 1448.25 1444.80 1442.88 1404.62 1366.81 1332.21 1230.67 1104.75 940.82 1163.49 1317.43 1426.29 1453.08 1482.07 1512.82 1449.94 1379.96 1305.17 1173.85 1112.56 1215.29 1370.62 1527.38
1668.33 1680.22 1694.98 1707.81 1699.10 1691.22 1684.67 1665.67 1644.05 1621.06 1555.35 1495.93 1453.32 1443.32 1447.01 1464.48 1501.23 1544.78 1592.51 1693.40 1789.29 1877.12 1859.20 1839.56
1819.22 1837.44 1858.71 1881.32 1857.13 1833.77 1812.85 1821.53 1827.75 1835.41 1839.09 1844.46 1854.13 1867.65 1881.17 1893.19 1923.96 1953.07 1976.84 2019.74 2055.68 2091.80 2085.21 2078.52
2073.41 2014.28 1949.41 1879.30 1802.15 1712.91 1608.25 1663.32 1706.32 1741.86 1689.01 1641.96 1598.22 1564.07 1539.85 1528.09 1407.44 1257.77 1121.85 809.10 1121.19 1366.73 1429.71 1486.50
1540.82 1538.92 1539.29 1540.48 1554.38 1567.77 1579.91 1574.96 1565.40 1554.57 1591.13 1621.58 1643.17 1649.32 1658.51 1668.90 1634.77 1596.46 1549.85 1438.13 1295.20 1096.88 1026.09 1205.95
1375.71 1421.23 1489.24 1565.40 1564.28 1567.11 1573.80 1584.67 1583.51 1577.98 1508.01 1458.49 1434.91 1403.47 1373.76 1348.72 1316.66 1290.02 1273.27 1193.77 1113.01 1050.13 1079.66 1116.00
1156.26 1058.09 1111.72 1243.09 1344.32 1433.82 1509.80 1465.09 1420.75 1385.07 1516.46 1614.92 1688.28 1707.83 1728.77 1750.78 1705.77 1647.37 1573.38 1567.31 1561.40 1554.80 1544.84 1535.33
1526.72 1538.66 1550.09 1561.61 1548.43 1535.19 1519.79 1526.91 1526.83 1523.56 1588.72 1641.22 1683.08 1657.19 1634.41 1613.78 1563.83 1505.63 1433.45 1335.33 1243.38 1203.74 1201.15 1224.37
1275.14 1302.59 1336.24 1374.44 1379.13 1387.10 1397.09 1400.30 1396.91 1389.77 1395.52 1423.19 1463.44 1408.73 1358.86 1320.45 1321.05 1317.72 1309.04 1314.41 1322.06 1330.23 1297.31 1312.72
1367.81 1409.03 1451.50 1494.57 1469.95 1444.79 1421.07 1422.23 1425.81 1433.55 1486.79 1533.55 1572.39 1578.83 1587.49 1598.08 1554.78 1505.44 1443.32 1466.64 1487.89 1508.86 1510.93 1519.87
1535.32 1470.32 1395.67 1308.71 1281.77 1264.28 1259.91 1167.88 1529.52 1773.51 1824.16 1876.36 1920.62 1906.78 1895.15 1884.38 1873.82 1863.50 1852.54 1854.01 1855.70 1858.37 1845.24 1833.24
1823.25 1789.92 1757.19 1726.65 1709.26 1692.17 1673.32 1694.17 1711.13 1728.06 1653.77 1578.99 1505.34 1465.89 1430.23 1396.72 1331.34 1271.79 1226.27 1170.67 1137.43 1153.88 961.14 798.04
1009.18 1123.13 1220.31 1305.60 1371.14 1440.00 1506.96 1446.26 1377.17 1301.01 1343.95 1384.51 1418.01 1438.11 1463.73 1493.08 1487.05 1488.68 1496.54 1502.23 1508.70 1515.08 1512.73 1511.27
1508.68 1503.70 1499.22 1495.73 1489.72 1484.08 1478.48 1474.35 1462.80 1449.11 1499.38 1538.16 1569.18 1608.92 1651.07 1694.11 1668.69 1640.74 1605.98 1630.56 1655.05 1679.96 1676.33 1674.59
1673.69 1658.32 1642.96 1626.45 1554.46 1474.92 1384.97 1256.18 1139.76 1138.72 1344.86 1706.53 1959.87 2053.13 2146.07 2223.87 2220.06 2216.48 2211.24 2203.48 2195.31 2187.77 2182.67 2178.13
2174.96 2144.01 2110.88 2075.65 2034.69 1990.14 1943.56 1954.16 1960.25 1964.32 1890.93 1816.20 1739.53 1692.75 1646.90 1602.34 1553.65 1500.31 1433.93 1403.37 1375.99 1354.44 1201.25 1026.07
1068.03 1203.07 1358.93 1489.69 1524.65 1554.45 1581.99 1666.48 1719.27 1763.08 1760.23 1762.15 1767.30 1775.03 1786.59 1800.26 1749.61 1691.90 1626.59 1609.17 1600.55 1598.50 1595.59 1594.19
1593.23 1498.13 1387.82 1257.07 1188.69 1130.22 1081.84 1045.29 1330.22 1513.08 1556.34 1620.12 1688.69 1660.40 1634.68 1612.26 1587.99 1562.61 1530.71 1530.82 1533.71 1541.09 1544.11 1546.63
1550.01 1537.98 1514.77 1488.54 1454.54 1418.87 1382.26 1347.01 1303.76 1256.61 1269.16 1280.02 1292.08 1243.31 1213.38 1209.77 1207.65 1237.37 1285.92 1194.81 1078.16 924.10 976.87 1029.39
1083.75 1094.87 1109.29 1121.06 1232.90 1325.26 1406.77 1395.89 1382.41 1374.60 1414.89 1450.61 1483.28 1499.20 1519.15 1543.15 1550.89 1559.28 1563.11 1564.01 1563.74 1564.68 1554.39 1545.69
1537.49 1527.07 1518.37 1510.44 1505.72 1503.12 1502.67 1449.28 1392.04 1331.61 1166.30 1219.57 1356.28 1310.20 1294.50 1314.77 1370.41 1431.03 1489.74 1451.78 1444.08 1470.47 1451.05 1429.65
1407.47 1395.84 1408.87 1444.27 1358.00 1253.36 1121.86 1187.38 1236.88 1280.60 1314.93 1357.48 1398.72 1407.64 1418.40 1432.37 1450.31 1471.87 1492.57 1499.63 1512.64 1530.34 1522.12 1511.16
1504.90 1472.27 1439.93 1406.78 1431.28 1456.14 1478.34 1365.89 1226.33 1044.50 1014.55 1130.46 1233.14 1327.54 1405.50 1474.51 1482.10 1491.52 1497.67 1511.29 1524.86 1537.99 1529.64 1527.28
1532.72 1529.63 1527.26 1526.42 1563.83 1601.59 1638.64 1647.93 1654.49 1659.11 1704.35 1741.61 1770.84 1780.47 1791.22 1803.36 1772.88 1738.98 1698.70 1713.47 1728.61 1743.55 1757.33 1771.23
1786.68 1768.87 1750.80 1732.09 1692.27 1652.32 1613.38 1611.03 1605.94 1598.42 1588.78 1583.75 1580.98 1521.85 1460.91 1401.31 1358.52 1341.80 1358.56 1328.99 1312.03 1313.25 1309.42 1305.21
1300.49 1159.99 1169.66 1312.47 1416.22 1566.04 1714.14 1742.19 1768.75 1788.51 1767.69 1748.06 1726.58 1702.56 1687.97 1683.14 1603.63 1512.98 1408.69 1419.73 1430.85 1428.40 1441.86 1458.07
1473.14 1456.03 1438.91 1421.86 1401.47 1403.85 1429.15 1484.18 1550.55 1611.41 1582.29 1554.66 1529.17 1497.37 1476.61 1471.05 1412.46 1349.18 1277.97 1191.03 1081.09 938.74 1103.67 1295.25
1445.39 1480.75 1516.14 1550.29 1543.91 1537.60 1531.07 1483.16 1426.66 1363.43 1356.69 1351.91 1348.48 1400.41 1453.15 1503.66 1507.43 1513.60 1517.49 1523.70 1528.72 1534.28 1541.32 1547.80
1554.37 1582.17 1613.86 1648.27 1642.02 1636.06 1630.46 1609.06 1584.56 1558.03 1493.56 1435.77 1385.61 1365.88 1349.46 1336.99 1323.30 1311.39 1294.80 1314.67 1337.40 1362.39 1394.03 1448.39
1510.76 1511.51 1514.61 1522.30 1527.88 1537.90 1549.38 1566.10 1579.62 1590.24 1583.40 1578.75 1570.46 1562.32 1554.86 1545.69 1517.63 1485.83 1446.43 1378.58 1391.16 1486.24 1576.39 1689.20
1785.60 1810.57 1843.95 1884.99 1845.49 1802.68 1757.88 1750.74 1739.80 1726.10 1675.22 1634.59 1605.74 1584.05 1565.75 1553.78 1557.47 1563.06 1568.30 1556.13 1547.11 1540.32 1552.31 1566.96
1582.76 1622.86 1668.00 1715.77 1703.55 1689.06 1676.40 1665.70 1655.49 1642.23 1636.92 1661.79 1709.66 1687.96 1667.27 1645.04 1617.78 1599.84 1589.09 1554.18 1536.25 1539.35 1523.16 1510.30
1501.06 1502.79 1508.59 1518.66 1474.42 1427.00 1376.41 1368.74 1363.85 1361.47 1363.59 1368.99 1376.36 1472.06 1564.27 1645.84 1666.96 1693.31 1717.69 1710.79 1713.20 1724.25 1728.49 1739.65
1757.08 1726.45 1695.42 1665.00 1665.01 1667.23 1670.75 1630.92 1596.96 1572.99 1603.74 1659.58 1717.46 1746.23 1777.06 1810.03 1746.87 1670.05 1572.61 1603.46 1666.40 1750.15 1732.76 1714.12
1693.75 1667.72 1643.02 1622.92 1615.15 1612.69 1615.98 1669.99 1722.15 1771.26 1796.45 1820.81 1845.51 1836.60 1831.66 1830.45 1769.62 1698.93 1608.39 1596.55 1583.93 1570.19 1564.19 1558.68
1547.21 1543.74 1540.57 1537.26 1539.81 1542.03 1544.55 1534.75 1508.45 1482.99 1444.65 1411.37 1383.42 1305.77 1222.29 1129.22 995.43 983.31 1086.51 1175.21 1303.52 1422.65 1470.29 1515.46
1557.95 1557.85 1556.74 1557.91 1562.55 1565.28 1567.36 1560.35 1550.56 1538.00 1506.66 1481.78 1463.84 1313.57 1258.75 1355.50 1362.47 1381.32 1417.87 1451.39 1486.09 1517.58 1505.12 1491.62
1477.75 1491.46 1506.06 1520.13 1470.56 1427.51 1390.09 1328.15 1254.88 1162.90 1037.15 889.86 704.28 862.85 1039.13 1170.17 1063.92 1008.98 1094.50 1168.74 1238.37 1304.27 1344.25 1406.98
1482.55 1462.41 1443.40 1430.05 1454.99 1487.99 1525.79 1534.58 1541.00 1544.75 1634.95 1710.61 1772.02 1732.94 1700.09 1674.58 1627.33 1574.17 1509.88 1519.73 1529.32 1537.65 1520.38 1511.77
1512.93 1420.59 1444.97 1549.38 1607.17 1697.58 1782.22 1817.56 1853.23 1888.75 1843.64 1799.90 1759.01 1760.39 1764.82 1771.32 1728.96 1680.48 1619.83 1590.19 1557.36 1521.43 1508.80 1495.30
1475.09 1468.97 1462.68 1456.57 1465.01 1473.05 1481.83 1428.16 1358.23 1280.74 1124.96 919.07 719.81 983.02 1179.06 1315.98 1358.48 1401.28 1440.23 1465.19 1490.80 1517.38 1522.96 1528.56
1532.18 1541.95 1551.96 1561.09 1636.20 1708.21 1774.94 1780.87 1783.12 1780.92 1791.62 1800.35 1806.48 1805.41 1805.96 1807.79 1780.34 1749.94 1712.49 1735.81 1761.91 1788.23 1785.63 1783.67
1782.37 1738.81 1693.66 1648.00 1610.04 1569.83 1524.69 1572.54 1612.33 1644.59 1598.83 1574.76 1571.09 1520.83 1555.39 1653.12 1664.59 1696.87 1746.84 1800.91 1853.84 1906.34 1941.30 1977.13
2013.75 1964.17 1910.25 1853.90 1863.73 1873.27 1883.11 1827.26 1766.32 1701.67 1687.45 1679.60 1678.28 1615.34 1566.15 1540.82 1481.15 1415.26 1351.46 1350.64 1351.07 1355.49 1304.97 1276.36
1267.51 1269.31 1289.58 1332.23 1264.54 1232.08 1257.18 1276.31 1289.94 1297.32 1340.36 1427.21 1517.44 1520.65 1527.85 1537.68 1534.22 1532.64 1529.46 1547.43 1565.53 1583.54 1577.42 1572.12
1565.48 1563.68 1562.74 1561.66 1545.25 1527.13 1508.50 1532.08 1547.95 1560.53 1572.82 1588.74 1602.04 1607.84 1618.59 1633.27 1603.55 1571.33 1530.82 1531.04 1530.79 1529.36 1519.36 1510.39
1503.43 1505.73 1507.96 1511.47 1485.35 1473.77 1478.89 1415.16 1343.67 1260.25 1118.63 1218.00 1356.92 1283.90 1207.87 1144.57 1088.59 1072.75 1117.27 1119.61 1120.52 1124.90 1027.98 906.08
788.47 872.93 978.90 1070.04 1106.99 1161.67 1220.57 1160.09 1103.48 1062.45 982.30 1006.16 1077.80 1189.07 1298.61 1394.63 1404.75 1430.53 1464.55 1470.24 1481.92 1501.29 1528.66 1556.33
1585.59 1563.87 1549.82 1544.44 1534.17 1522.66 1512.61 1419.03 1401.70 1463.28 1437.16 1419.30 1407.55 1293.33 1188.73 1136.40 1153.72 1306.08 1466.71 1487.35 1514.50 1546.28 1586.18 1625.59
1665.86 1643.69 1620.02 1593.29 1626.43 1665.31 1705.30 1737.61 1767.74 1795.98 1813.39 1831.12 1847.28 1871.72 1897.04 1922.77 1916.88 1911.18 1899.99 1905.90 1914.45 1925.64 1918.79 1911.79
1904.83 1910.21 1915.85 1922.77 1893.56 1861.44 1828.45 1838.51 1845.39 1848.45 1823.80 1800.22 1778.85 1749.94 1726.89 1708.79 1630.13 1538.05 1421.35 1366.38 1354.96 1401.70 1401.16 1441.94
1515.04 1530.78 1545.87 1560.31 1560.08 1563.36 1568.14 1510.19 1445.50 1373.78 1337.25 1303.23 1275.46 1262.29 1255.44 1253.97 1146.69 1080.65 1128.62 1196.49 1258.13 1315.10 1378.74 1435.43
1487.85 1479.54 1472.19 1464.59 1503.02 1541.29 1577.05 1539.35 1498.61 1452.52 1479.28 1503.92 1524.59 1575.02 1622.73 1666.40 1633.02 1607.32 1591.87 1601.47 1610.98 1616.23 1601.02 1586.30
1568.46 1553.17 1536.20 1518.12 1503.97 1493.21 1486.57 1470.35 1449.55 1427.09 1466.84 1496.55 1523.70 1497.97 1479.93 1468.80 1449.38 1434.43 1424.42 1455.57 1509.40 1575.73 1559.60 1538.35
1516.52 1456.09 1389.47 1317.33 1238.16 1159.51 1110.05 1153.90 1198.38 1240.99 1026.46 914.63 1107.84 1254.66 1379.80 1485.34 1460.36 1435.79 1408.30 1364.15 1316.84 1260.64 1213.39 1177.78
1165.77 1180.59 1259.09 1357.75 1340.54 1327.06 1321.52 1210.88 1119.38 1114.94 957.99 743.03 749.87 860.66 972.35 1071.77 911.86 777.76 969.33 812.84 812.20 950.59 965.89 1099.80
1225.15 1156.35 1074.21 974.23 976.01 1089.54 1206.13 1214.22 1237.76 1266.56 1239.84 1246.73 1272.37 1316.36 1377.32 1439.88 1429.36 1439.83 1469.75 1490.78 1515.64 1541.55 1525.89 1509.83
1491.91 1507.42 1524.28 1542.86 1517.20 1499.25 1494.24 1467.08 1438.30 1403.68 1453.90 1492.78 1519.58 1527.87 1538.22 1550.87 1552.97 1555.53 1553.99 1559.53 1565.40 1571.63 1564.58 1559.57
1559.19 1559.56 1563.26 1570.57 1560.33 1549.62 1539.85 1530.62 1520.76 1504.93 1510.70 1519.16 1526.26 1519.52 1521.53 1532.38 1521.27 1513.13 1501.18 1499.43 1500.91 1508.97 1501.81 1495.35
1487.32 1483.42 1479.82 1476.59 1473.64 1467.51 1462.04 1468.18 1462.46 1450.50 1429.49 1408.39 1388.51 1317.54 1263.27 1234.40 1195.00 1174.81 1181.02 1285.27 1376.28 1457.95 1448.46 1440.38
1434.91 1425.13 1416.89 1407.48 1407.29 1409.00 1412.33 1398.87 1386.94 1370.22 1396.40 1424.75 1453.10 1473.22 1499.12 1523.79 1503.93 1490.93 1479.18 1491.63 1503.82 1514.83 1545.56 1584.41
1629.06 1647.01 1666.35 1685.27 1691.81 1700.57 1709.44 1699.59 1689.50 1676.96 1723.60 1770.25 1813.53 1808.46 1821.84 1850.23 1789.38 1734.29 1692.22 1620.82 1545.37 1483.02 1495.13 1509.33
1528.17 1498.09 1463.90 1427.27 1455.91 1492.85 1534.14 1415.01 1271.13 1093.14 1272.34 1517.09 1695.07 1709.81 1729.07 1740.73 1681.40 1613.47 1527.47 1535.45 1550.46 1572.65 1566.36 1564.48
1569.51 1575.23 1581.63 1589.39 1575.35 1573.19 1583.16 1594.80 1607.49 1609.36 1595.67 1582.51 1569.24 1604.81 1639.71 1674.47 1618.60 1559.70 1499.46 1483.83 1467.95 1451.66 1462.53 1474.43
1488.59 1498.00 1506.62 1515.74 1511.06 1505.14 1500.29 1464.65 1428.76 1389.07 1374.07 1358.70 1344.79 1328.46 1331.16 1348.92 1363.45 1406.01 1459.72 1473.36 1513.80 1572.66 1577.85 1583.94
