2787.53 2768.33 2749.64 2732.04 2719.97 2709.74 2701.18 2675.72 2650.24 2619.83 2535.74 2446.09 2353.40 2316.31 2288.58 2268.41 2216.88 2174.53 2144.99 1830.82 1653.19 1316.52 1254.60 1254.74
1403.32 1342.86 1462.97 1619.68 1676.39 1732.75 1789.93 1517.29 1548.89 1812.42 1766.83 1755.77 1774.69 1589.83 1342.75 1152.64 1330.04 1579.04 1757.31 1878.64 1994.75 2100.84 1902.45 1676.35
1604.40 1714.24 1554.19 1812.15 1864.96 1917.30 1970.98 2050.97 1998.79 1935.41 1972.62 2028.12 2094.92 2061.59 2028.04 1995.32 1871.92 1721.96 1520.55 1788.18 1982.68 2145.16 2149.00 2154.12
2112.27 2198.99 2276.50 2337.32 2329.15 2329.82 2339.21 2291.88 2206.79 2108.79 2031.17 2011.35 1968.52 1925.59 1890.76 1859.40 1749.92 1827.78 2027.39 1955.55 1973.66 2081.26 2049.64 2017.79
1982.42 1954.56 1947.28 1962.17 1968.63 2013.98 2087.63 2033.56 1998.90 1978.37 1885.66 1823.84 1797.11 1889.41 1974.19 2050.56 2105.91 2169.35 2236.26 2246.78 2256.95 2268.55 2237.11 2206.65
2177.43 2141.61 2106.72 2072.63 2096.78 2120.37 2138.81 2150.99 2160.84 2162.32 2166.23 2172.27 2169.34 2198.75 2228.01 2261.87 2238.02 2212.47 2182.42 2187.24 2196.58 2208.48 2160.17 2134.38
2139.40 2167.61 2216.91 2282.63 2323.07 2366.77 2417.16 2341.88 2258.86 2156.49 2176.35 2193.88 2208.42 2201.77 2200.82 2203.48 2199.15 2195.29 2191.60 2188.28 2189.07 2193.55 2174.58 2174.67
2196.63 2216.24 2238.58 2262.61 2236.92 2210.44 2184.01 2117.26 2070.88 2041.77 2151.00 2369.13 2557.03 2538.21 2489.92 2440.39 2380.15 2311.82 2230.59 2212.94 2218.00 2253.63 2208.10 2159.00
2106.79 2086.10 2066.95 2051.03 1955.31 1890.39 1891.67 1746.39 1579.03 1431.40 1484.67 1146.08 1531.43 1801.89 2000.21 2158.01 2169.97 2188.90 2210.95 2221.81 2233.69 2245.22 2225.55 2203.59
2179.47 2105.56 2027.26 1946.16 2004.53 2059.14 2111.92 2173.49 2229.26 2271.77 2322.77 2377.01 2429.95 2459.57 2494.83 2532.15 2477.52 2419.92 2357.58 2325.90 2296.05 2269.40 2262.37 2257.12
2250.53 2236.40 2224.72 2216.94 2240.52 2267.01 2294.26 2303.39 2315.95 2325.90 2278.16 2249.70 2234.28 2190.59 2154.66 2121.83 2094.02 2017.11 1873.92 1578.12 1275.37 1681.07 1533.48 1794.77
2180.86 2313.82 2432.85 2541.26 2590.25 2638.75 2686.35 2698.33 2711.80 2723.64 2716.31 2709.39 2698.06 2657.16 2621.24 2589.52 2504.41 2410.59 2303.23 2180.99 2039.41 1870.35 1871.58 1877.45
1888.56 1910.86 1933.63 1955.89 1846.47 1743.74 1688.94 1747.11 1798.53 1834.99 1818.09 1736.49 1563.79 1743.21 1853.46 1905.36 1997.47 2047.42 2069.51 1945.61 1835.84 1788.86 1855.82 1931.82
2014.22 2014.79 2022.08 2034.25 2018.07 2005.16 1996.23 2031.20 2068.62 2098.67 2146.64 2199.17 2251.45 2196.39 2146.69 2100.40 2077.09 2086.70 2131.36 2142.18 2155.57 2171.23 2165.44 2158.94
2153.94 2143.82 2134.26 2126.98 2135.12 2161.72 2200.63 2132.28 2067.00 2000.63 2041.18 2070.44 2091.21 2117.51 2149.50 2183.41 2159.97 2149.44 2159.42 2158.11 2157.66 2157.08 2149.99 2145.69
2142.52 2124.33 2107.06 2091.24 2030.17 1962.44 1887.65 1868.50 1854.65 1834.99 1840.96 1884.98 1935.92 2025.49 2102.32 2168.84 2155.19 2147.24 2146.53 2156.28 2172.87 2197.83 2171.14 2192.97
2284.44 2196.73 2203.71 2313.53 2301.02 2290.38 2278.58 2162.47 1953.36 1827.51 1708.08 1450.89 1466.58 1261.81 1638.32 1887.92 1936.26 2034.53 2159.40 2176.99 2194.46 2214.00 2223.24 2231.91
2241.47 2232.80 2223.29 2213.94 2213.45 2216.83 2223.33 2223.23 2219.67 2205.84 2212.92 2232.50 2252.00 2243.29 2266.15 2276.23 2052.88 1930.72 2127.21 2238.37 2486.28 2760.63 2846.71 2933.09
3019.47 2996.00 2971.59 2947.27 2926.16 2904.20 2884.99 2839.34 2792.75 2737.60 2763.49 2786.37 2807.23 2740.55 2684.19 2639.19 2505.50 2343.92 2139.42 2074.22 2014.28 1972.77 1941.79 1932.31
1948.36 1929.58 1900.17 2013.87 1866.07 1980.20 2192.95 2144.19 2112.98 2092.52 2210.25 2303.04 2375.75 2382.82 2419.85 2472.95 2407.87 2333.32 2247.49 2238.55 2230.46 2225.32 2219.27 2216.93
2217.95 2277.54 2334.62 2391.36 2358.68 2329.37 2305.02 2338.33 2366.82 2382.90 2398.10 2431.83 2468.48 2468.05 2470.57 2472.55 2422.32 2368.75 2314.91 2373.15 2431.66 2490.75 2464.02 2437.13
2412.21 2372.45 2331.80 2290.16 2236.81 2180.16 2117.76 2013.04 1896.12 1757.52 1923.07 2433.70 2752.78 2817.29 2883.47 2952.32 2904.88 2855.45 2804.50 2768.32 2734.18 2705.22 2613.51 2509.14
2391.89 2377.59 2361.50 2346.84 2297.07 2268.51 2266.60 2267.29 2257.85 2252.87 2212.04 2171.23 2133.39 2057.49 1942.10 1833.61 1715.54 1728.43 1886.96 2058.64 2207.68 2342.83 2292.86 2250.22
2218.22 2021.59 1578.24 2015.70 2046.17 2079.06 2112.76 2162.63 2157.24 2195.68 2258.12 2309.53 2347.63 2387.98 2432.66 2479.02 2420.52 2354.60 2277.54 2271.18 2271.58 2193.04 2132.60 2120.30
2172.68 2165.63 2200.62 2240.51 2197.48 2188.51 2219.13 2084.45 1926.83 1723.93 1717.47 1725.85 1735.69 1670.25 1621.26 1593.82 1750.63 1725.95 1604.64 1710.86 1817.97 1799.88 1740.07 1675.96
1599.99 1385.81 1379.45 1598.34 1656.34 1747.92 1845.72 1863.79 1883.94 1894.13 1927.11 1953.68 1975.54 1890.16 1805.76 1720.91 1785.44 1910.96 2056.94 2004.68 1958.87 1927.14 1327.09 1850.67
2248.40 2292.72 2338.27 2385.54 2391.07 2389.39 2397.16 2349.54 2307.38 2264.08 2219.54 2170.11 2114.92 2186.47 2264.66 2341.69 2290.84 2242.96 2204.32 2229.10 2260.28 2295.87 2295.05 2292.90
2291.36 2267.07 2241.20 2213.96 2047.10 1944.17 1999.91 2065.10 2379.75 2632.20 2728.27 2819.49 2906.03 2880.25 2859.03 2841.11 2776.81 2704.94 2621.68 2468.09 2281.96 2043.43 2017.80 1990.72
1965.95 1884.50 1819.85 1642.83 1700.51 1784.69 1875.25 1962.17 2090.54 2208.89 2288.24 2354.01 2412.14 2407.58 2406.73 2408.40 2317.54 2219.09 2114.92 2148.09 2186.52 2232.66 2196.66 2163.12
2135.51 2147.98 2161.80 2177.38 2060.64 1967.14 1944.06 1919.33 1900.52 1876.75 2016.87 2131.53 2223.01 2266.35 2314.37 2363.38 2292.79 2230.87 2190.01 2210.70 2240.46 2281.25 2281.83 2284.57
2290.73 2275.55 2260.17 2245.45 2232.88 2222.09 2211.15 2164.80 2117.22 2056.58 2014.55 1975.19 1938.52 1929.45 1929.36 1934.43 1935.64 1949.98 1980.70 2061.82 2094.60 2084.48 2064.56 2040.78
2018.01 2005.63 1993.78 1980.98 1822.53 1743.78 1340.82 1799.34 2070.66 2257.05 2041.82 1916.43 1951.24 2057.12 2147.75 2225.80 2177.35 2127.59 2081.76 2115.11 2148.04 2181.44 2177.77 2174.07
2168.95 2155.19 2141.09 2127.03 2128.24 2130.11 2129.24 2058.44 1979.41 1880.44 1985.30 2126.61 2244.91 2209.30 2178.18 2151.81 2101.62 2058.66 2037.23 2089.23 2142.28 2197.58 2202.93 2209.74
2218.16 2201.61 2184.26 2166.06 2166.50 2171.42 2178.56 2202.14 2219.05 2223.19 2215.99 2243.23 2280.72 2293.48 2308.61 2326.19 2272.86 2211.68 2146.21 2179.58 2212.65 2246.62 2243.90 2244.87
2251.07 2253.62 2255.84 2258.32 2258.61 2263.73 2275.54 2210.56 2080.90 1945.17 1710.64 1447.62 1337.56 1583.49 1482.71 1480.14 1622.71 1776.92 1926.05 2015.69 2099.85 2182.60 2180.34 2178.07
2174.60 2183.03 2191.36 2198.47 2175.42 2152.56 2130.11 2080.55 2033.82 1984.38 1752.18 1718.60 1862.24 1920.16 1974.49 2033.89 2003.89 1971.56 1942.60 1938.37 1939.10 1950.21 1979.44 2015.40
2056.43 2074.76 2093.93 2114.12 2083.34 2057.94 2037.44 1980.49 1922.27 1855.44 1977.37 2106.14 2215.54 2243.14 2272.85 2301.49 2284.37 2270.63 2233.98 2228.21 2189.18 2154.79 2017.77 1743.05
1758.28 2126.84 2154.75 2240.22 2227.02 2341.72 2523.09 2566.58 2632.31 2710.02 2644.67 2579.40 2517.07 2539.23 2566.11 2597.35 2594.43 2591.88 2594.38 2498.03 2382.45 2245.15 2214.85 2184.25
2154.95 2129.46 2138.63 2175.76 2022.12 1854.39 1742.26 1678.61 1635.39 1614.93 1881.25 1923.47 1960.99 2116.13 2253.55 2376.00 2414.45 2453.49 2493.61 2396.75 2288.97 2173.88 2207.73 2243.57
2278.69 2236.27 2195.39 2157.14 2150.24 2143.08 2135.99 2146.57 2159.46 2169.93 2283.60 2384.78 2479.78 2488.48 2500.07 2514.37 2484.87 2461.90 2449.41 2441.13 2437.09 2438.61 2454.41 2470.58
2488.47 2441.41 2392.62 2340.24 2273.66 2202.37 2127.30 2191.62 2248.62 2292.89 2236.81 2201.26 2187.48 2191.70 2222.43 2269.45 2232.33 2203.08 2189.14 2187.39 2182.09 2176.75 2197.74 2223.46
2254.03 2200.20 2141.31 2079.72 2076.73 2087.31 2109.43 2168.47 2217.82 2254.80 2336.21 2409.18 2465.75 2507.87 2539.67 2577.90 2536.99 2504.83 2465.51 2411.13 2386.88 2411.77 2447.64 2550.41
2691.45 2621.07 2538.13 2441.20 2405.63 2379.89 2366.00 2258.80 2139.74 2005.17 1834.04 1680.93 1527.89 1239.62 1168.66 1541.72 1678.87 1798.22 1911.29 2032.34 2171.12 2313.78 2307.30 2307.01
2312.29 2309.89 2307.14 2304.38 2313.15 2326.11 2344.99 2350.39 2348.39 2335.23 2397.31 2442.82 2475.18 2509.40 2542.45 2575.30 2545.26 2512.95 2483.47 2463.74 2436.49 2402.53 2397.23 2397.99
2407.07 2404.21 2399.31 2395.50 2395.43 2399.21 2407.21 2377.52 2349.50 2318.17 2254.91 2147.15 2031.02 1863.72 1706.10 1606.02 1547.61 1558.68 1295.07 1552.84 1893.49 2151.66 2131.75 2113.24
2096.24 2133.68 2171.65 2211.70 2152.32 2090.22 2031.19 2057.80 2078.54 2092.85 1968.86 1840.71 1703.76 1868.61 2067.51 2237.35 2319.20 2409.79 2476.10 2514.48 2548.31 2583.38 2460.78 2310.15
2119.84 2186.41 2249.39 2310.34 2224.38 2126.90 2013.55 1905.41 1845.12 1792.64 1922.42 2071.63 2198.51 2244.71 2286.32 2321.38 2263.72 2209.91 2168.20 2044.52 1946.43 1960.09 1909.23 1899.23
1939.51 1920.49 1900.76 1880.08 2026.62 2166.02 2286.04 2257.55 2217.63 2172.50 2233.98 2315.06 2395.88 2335.07 2297.10 2285.07 2189.68 2121.19 2125.51 2170.03 2223.31 2286.45 2325.77 2332.44
2348.88 2339.73 2330.35 2322.46 2311.49 2305.23 2306.09 2440.28 2550.93 2642.19 2617.28 2597.67 2585.26 2580.11 2585.49 2599.54 2626.52 2655.09 2686.84 2632.64 2562.01 2488.14 2464.28 2438.81
2411.38 2391.61 2374.03 2357.36 2356.72 2361.21 2373.18 2365.61 2354.63 2342.05 2292.97 2268.68 2277.03 2183.60 2080.46 1961.90 1970.40 1984.68 2007.71 1792.36 1496.10 1475.26 1501.45 1646.28
1796.18 1917.77 2039.36 2158.44 2221.48 2279.97 2336.55 2373.17 2405.42 2427.46 2378.96 2318.77 2250.49 2232.45 2225.18 2184.46 2050.82 1932.18 1900.48 2004.85 2157.00 2319.04 2303.32 2292.69
2288.04 2290.68 2295.37 2299.90 2261.69 2221.29 2179.06 2208.39 2230.38 2248.27 2306.71 2365.42 2403.99 2508.87 2600.57 2678.28 2656.83 2636.16 2620.83 2517.92 2388.55 2229.06 2244.01 2259.21
2274.28 2306.09 2336.73 2365.83 2295.58 2219.56 2138.62 2124.73 2105.27 2079.70 2065.16 2069.97 2089.61 2142.02 2192.92 2254.59 2292.77 2331.30 2373.14 2306.48 2228.75 2139.45 2232.44 2322.38
2408.77 2391.10 2389.28 2405.72 2237.50 2244.44 2420.18 2576.55 2716.42 2815.72 2826.45 2880.70 2957.49 2878.90 2892.07 2932.60 2906.62 2897.50 2915.95 2751.44 2533.80 2232.46 2200.38 2170.11
2143.98 2045.12 1931.30 1796.06 1772.05 1771.68 1793.50 1782.78 1759.80 1728.57 1581.70 1834.04 2052.36 2138.67 2225.26 2306.26 2336.20 2376.98 2433.29 2403.23 2367.86 2332.03 2320.60 2307.32
2295.10 2292.54 2293.00 2295.01 2299.70 2304.70 2310.93 2235.23 2157.31 2080.59 2296.88 2459.74 2581.38 2577.95 2578.96 2581.97 2533.63 2481.80 2433.68 2379.15 2318.25 2263.79 2261.76 2260.31
2260.38 2238.27 2214.97 2190.20 2198.34 2207.22 2216.35 2123.23 2020.48 1905.74 2001.77 2112.29 2201.90 2164.58 2157.32 2172.29 2171.86 2178.31 2199.05 2211.88 2220.15 2230.08 2211.71 2192.82
2175.09 2167.63 2162.13 2160.30 2160.61 2159.43 2159.82 2013.99 1746.47 1880.44 1732.48 1838.50 2005.30 2133.37 2252.33 2363.69 2419.06 2474.69 2533.52 2544.30 2544.29 2544.45 2527.81 2507.61
2487.28 2446.36 2403.77 2359.51 2333.99 2311.54 2278.82 2273.92 2257.40 2243.27 2077.20 1942.80 1888.48 1969.86 2070.91 2171.74 2162.70 2142.51 2166.22 2127.54 2102.47 2103.12 2129.95 2188.12
2199.07 2193.22 2188.36 2182.78 2129.01 2070.36 2007.39 1952.24 1883.50 1804.41 1724.94 1651.51 1591.04 1732.62 1807.02 1750.65 1711.89 1825.58 1830.58 1975.72 2110.60 2239.50 2248.06 2261.28
2279.18 2270.03 2259.68 2247.89 2227.79 2215.75 2210.62 2272.71 2286.00 2294.88 2190.56 2093.06 2015.90 2093.49 2159.15 2215.66 2261.40 2307.64 2353.44 2405.87 2452.68 2498.75 2457.73 2415.94
2373.99 2431.17 2508.45 2598.05 2677.67 2755.04 2829.52 2833.40 2834.17 2834.17 2837.21 2841.32 2845.65 2864.79 2886.57 2906.39 2896.80 2888.46 2879.33 2856.23 2830.34 2805.30 2783.23 2760.21
2736.80 2730.51 2725.79 2722.64 2666.40 2607.18 2544.84 2496.28 2448.18 2406.06 2329.26 2209.18 2079.48 2107.69 2147.90 2190.33 2243.35 2301.80 2362.03 2227.43 2080.48 1859.11 1729.51 1567.77
1365.43 1453.87 1713.10 1915.38 1969.46 2078.27 2204.57 2148.25 2079.63 2003.56 1858.24 1748.69 1709.73 1621.23 1662.45 1676.05 1466.80 1774.22 2072.88 2139.45 2209.19 2285.29 2261.87 2261.01
2296.46 2298.27 2311.98 2337.05 2323.80 2317.93 2320.68 2319.38 2305.15 2283.27 2437.19 2556.48 2652.49 2646.49 2645.93 2646.95 2635.01 2625.90 2621.22 2538.24 2431.97 2301.25 2295.47 2289.86
2283.94 2271.09 2268.82 2277.17 2239.08 2221.34 2226.90 2124.00 2013.10 1908.28 1696.82 1534.62 1520.29 1604.64 1669.87 1795.37 1915.07 2025.54 2065.58 2087.29 2102.07 2121.46 2044.39 2085.48
2103.83 2075.69 1911.77 1756.76 1594.77 1962.88 2274.08 2225.33 2133.02 2041.05 1898.43 1777.59 1705.36 1789.38 1913.13 2059.18 2130.56 2200.07 2266.36 2245.21 2211.67 2172.88 2093.77 2292.28
2536.08 2487.82 2437.96 2391.66 2533.89 2701.62 2871.66 2885.54 2894.72 2904.20 2796.88 2690.42 2585.35 2506.11 2428.99 2353.83 2208.25 2028.94 1794.91 1530.02 1732.09 2065.20 2126.37 2215.37
2318.28 2319.27 2333.52 2360.40 2363.88 2369.10 2374.17 2440.15 2491.64 2538.71 2488.70 2452.38 2432.17 2424.42 2420.94 2403.53 2306.96 2233.73 2213.87 2096.91 2050.46 2094.23 1986.36 1807.96
1587.60 1673.15 1754.53 1829.51 1764.74 1774.85 1759.30 1747.82 1727.60 1700.11 1853.03 2014.86 2090.74 2146.35 2198.81 2247.60 2237.02 2213.22 2191.29 2153.94 2120.16 2086.68 2054.48 2041.75
2050.53 2017.96 1983.92 1948.99 2016.18 2078.47 2136.83 2231.53 2309.31 2379.37 2450.35 2529.56 2614.91 2536.77 2467.40 2397.53 2409.19 2437.19 2478.90 2535.61 2586.76 2637.66 2622.46 2609.88
2599.79 2556.76 2529.86 2523.86 2501.38 2604.69 2750.84 2851.41 2922.76 2996.52 3028.62 3060.58 3092.47 3060.35 3032.10 3007.39 2984.98 2963.74 2944.31 2886.45 2818.50 2743.16 2680.92 2615.80
2551.34 2461.57 2356.26 2249.18 2234.74 2238.36 2262.47 2383.64 2485.55 2576.22 2593.21 2609.11 2625.36 2556.28 2494.37 2439.46 2395.70 2354.04 2319.78 2301.48 2274.78 2245.45 2270.47 2301.96
2339.18 2325.11 2310.41 2294.00 2243.37 2201.63 2173.54 2112.64 2037.70 1955.51 1884.56 1870.69 1905.42 1861.80 1823.02 1791.14 1763.36 1749.53 1685.97 1658.19 1795.92 1984.75 2089.78 2143.67
2183.67 2112.39 2032.49 1944.33 1888.89 1830.47 1769.38 1671.32 1548.45 1402.64 1652.78 1828.64 1959.72 1915.73 1880.45 1857.30 1938.99 2019.51 2098.47 2127.47 2150.71 2177.63 2132.31 2082.35
2027.42 1903.05 1753.30 1557.00 1443.55 1303.90 1218.37 1207.41 1215.31 1250.45 1608.23 1807.56 1944.46 1918.69 1902.03 1893.17 1967.57 2054.48 2148.61 2170.61 2189.24 2215.52 2216.05 2218.83
2225.03 2139.70 2042.53 1930.83 1809.58 1665.28 1487.77 1278.96 1167.57 1320.02 1199.03 1441.88 1612.16 1796.16 1945.14 2071.20 2146.65 2222.71 2301.71 2284.16 2254.79 2220.13 2222.14 2226.81
2235.54 2198.42 2162.67 2131.49 2110.72 2089.69 2067.35 2032.56 1985.39 1935.67 2074.65 2199.06 2299.47 2269.69 2249.14 2227.43 2141.07 2047.76 1951.11 1774.60 1592.70 1659.50 1756.46 1938.69
2010.81 1846.50 1822.96 1973.99 2069.42 2070.69 1990.10 2035.16 2036.33 1885.97 1718.31 1522.29 1272.06 1494.44 1678.61 1827.28 1794.30 1772.84 1772.19 1581.51 1630.06 1874.64 2002.39 2118.74
2226.08 2133.56 2071.27 2070.60 2083.51 2106.51 2137.50 2027.02 1899.12 1755.02 1522.15 1258.07 1198.82 1080.56 1408.29 1633.16 1703.80 1792.35 1890.45 1956.91 2036.34 2130.76 2153.34 2175.69
2199.48 2195.23 2193.17 2193.25 2191.57 2190.69 2188.63 2115.02 2028.61 1930.27 2067.06 2200.94 2308.70 2362.20 2417.74 2473.88 2515.80 2562.35 2613.12 2601.90 2577.85 2545.63 2517.06 2497.13
2396.00 2358.40 2306.63 2196.19 2133.40 2078.92 2044.54 1907.66 1741.00 1532.10 1401.14 1695.98 1903.53 1948.90 2001.42 2058.79 1991.78 1920.04 1846.48 1738.79 1612.81 1537.01 1486.48 1521.02
1710.35 1848.08 1851.94 1859.33 1725.80 1580.09 1163.66 1518.23 1569.42 1623.02 1600.02 1689.28 1797.64 1733.31 1753.20 1835.91 1813.60 1813.00 1741.21 1895.10 2028.68 2155.82 2192.80 2187.67
2184.68 2184.03 2182.24 2180.74 2140.51 2110.94 2098.95 2095.00 2081.25 2062.68 2022.78 1963.87 1874.12 1870.41 1888.37 1918.20 1940.77 1970.28 2006.97 1990.68 1988.97 2019.44 2063.01 2108.97
2154.12 2157.61 2163.45 2169.83 2161.98 2156.35 2150.88 2083.07 2003.04 1914.55 1908.12 1955.69 2024.74 2073.90 2123.68 2173.72 2244.22 2315.79 2390.88 2364.43 2326.54 2286.12 2253.57 2218.51
2179.08 2159.81 2138.60 2116.31 2114.03 2113.05 2111.46 2178.07 2230.38 2275.70 2310.87 2348.61 2380.90 2387.84 2397.54 2408.85 2418.25 2429.64 2445.57 2384.49 2305.13 2220.47 2213.85 2205.43
2197.18 2195.08 2193.92 2192.59 2156.05 2117.17 2074.40 2099.38 2116.11 2127.96 2138.70 2153.62 2170.06 2139.05 2115.57 2096.34 2095.41 2101.99 2116.91 2109.45 2091.23 2079.34 2104.97 2130.57
2155.53 2095.15 2022.68 1950.22 1949.62 1944.67 1988.74 1932.36 1820.97 1744.34 1499.04 1164.53 1042.78 1077.82 1164.65 1174.35 1220.25 1498.76 1731.07 1666.08 1779.74 1997.38 2084.64 2059.47
2035.48 2147.85 2598.09 2889.85 2904.57 2855.02 2801.73 2855.71 2902.69 2950.57 2898.50 2847.17 2786.85 2747.11 2714.70 2690.12 2639.00 2586.57 2532.88 2426.95 2295.32 2140.82 2121.92 2102.40
2084.55 2049.91 2082.53 2176.20 2169.23 2169.39 2177.77 2092.03 1993.45 1888.50 1953.47 1963.75 1978.47 1951.12 1928.93 1914.76 2051.95 2181.40 2302.00 2244.93 2178.97 2046.15 2010.85 1973.33
1933.40 1956.30 1979.92 2003.72 2006.98 2009.24 2013.12 1868.37 1787.33 1826.17 2066.16 2237.33 2363.65 2314.31 2269.39 2229.35 2224.90 2228.33 2242.63 2235.87 2235.79 2257.71 2255.10 2257.55
2265.49 2243.93 2223.16 2203.03 2199.37 2194.42 2187.24 2154.28 2119.94 2088.31 2209.58 2297.65 2363.29 2436.48 2489.86 2545.88 2559.32 2545.43 2533.12 2463.81 2379.44 2301.02 2305.08 2308.33
2309.27 2331.30 2353.12 2373.28 2336.14 2294.34 2250.94 2309.63 2366.27 2424.87 2426.70 2434.19 2442.69 2424.28 2416.66 2403.55 2419.34 2439.93 2464.25 2428.93 2391.52 2361.33 2237.48 2080.19
1891.57 1908.16 1933.83 1967.09 1710.92 1747.35 1934.95 1969.65 1993.67 2008.91 1951.15 1919.60 1909.49 1785.74 1693.13 1646.72 1638.19 1633.00 1630.74 1720.12 1848.84 1993.51 2044.63 2103.13
2143.20 2139.61 2135.16 2131.06 2125.71 2120.57 2114.83 2092.69 2064.32 2031.96 2083.62 2147.84 2212.60 2247.31 2281.04 2317.06 2319.46 2322.68 2328.70 2325.54 2318.80 2322.97 2245.95 2156.73
2046.98 2104.23 2157.38 2208.30 2084.67 1947.31 1809.90 1824.60 1842.80 1863.65 1638.67 1666.44 1833.19 1691.42 1547.28 1434.16 1626.20 1791.74 1939.87 2005.63 2064.63 2127.83 2118.65 2110.10
2103.51 2081.43 2059.99 2041.75 1874.06 1674.52 1505.95 1443.65 1371.10 1295.17 1105.50 983.06 1045.11 1348.04 1587.01 1766.51 1906.39 2042.44 2172.45 2164.54 2139.19 2106.30 2106.00 2106.52
2109.24 2102.72 2091.55 2046.42 1916.01 1787.83 1715.82 1618.21 1555.06 1536.13 1384.51 1308.46 1294.02 1364.97 1443.69 1525.84 1587.41 1668.12 1787.75 1892.84 1993.09 2096.81 2098.75 2100.83
2103.30 2102.96 2105.86 2111.58 2107.84 2103.85 2101.57 2040.12 1976.07 1907.73 2047.81 2156.61 2242.52 2266.85 2291.63 2318.91 2319.25 2320.35 2326.10 2333.39 2332.52 2335.38 2317.60 2302.65
2292.15 2237.71 2177.22 2111.85 2063.86 2022.46 1995.38 1924.51 1863.63 1820.32 1906.81 1996.63 2065.55 2170.01 2264.57 2350.97 2344.09 2342.90 2351.23 2334.23 2315.09 2317.94 2381.99 2462.60
2556.67 2498.06 2425.46 2334.97 2315.15 2338.04 2403.76 2473.44 2533.25 2584.57 2563.50 2548.96 2542.53 2484.30 2434.00 2396.59 2234.45 2135.01 2191.32 2121.59 2041.96 1960.29 2004.84 2070.16
2146.17 2082.83 2038.97 2034.97 2098.51 2168.94 2238.36 2222.98 2201.30 2179.01 2299.42 2413.95 2517.73 2493.61 2473.31 2459.88 2464.74 2475.10 2489.59 2397.82 2295.67 2205.42 2297.37 2340.82
2386.45 2385.42 2412.06 2464.41 2537.99 2572.92 2576.58 2660.22 2694.64 2720.24 2730.17 2741.12 2768.09 2791.74 2817.12 2846.94 2802.78 2764.76 2732.92 2616.45 2497.35 2403.78 2306.02 2194.07
2072.93 2138.86 2202.24 2265.88 2230.95 2206.89 2245.93 2071.86 1977.59 1826.40 2046.79 2215.83 2348.30 2327.00 2310.96 2302.17 2279.89 2267.72 2269.71 2245.43 2226.59 2234.29 2257.32 2284.77
2316.79 2262.74 2201.82 2133.79 2117.60 2103.17 2090.28 1936.25 1792.60 1688.64 1903.14 2034.51 2118.83 2162.66 2207.72 2246.45 2266.63 2291.12 2322.40 2320.80 2304.75 2281.15 2260.80 2241.27
2223.14 2209.77 2195.69 2180.15 2145.37 2115.75 2090.24 2132.18 2164.17 2186.86 2225.68 2262.19 2296.50 2307.96 2339.34 2386.24 2393.23 2402.66 2414.95 2397.36 2363.78 2321.76 2267.23 2225.32
2207.70 2175.08 2139.99 2102.37 2082.10 2068.43 2062.89 1982.56 1905.00 1829.45 1773.31 1352.22 1514.27 1691.49 1824.36 1883.52 1790.47 1468.90 1306.01 1381.02 1571.19 1748.98 1827.02 1939.08
2060.65 1864.80 1902.39 2228.63 2438.84 2626.92 2778.77 2738.63 2701.42 2656.05 2566.86 2485.74 2414.39 2447.49 2483.00 2521.42 2513.62 2509.05 2510.19 2441.44 2347.88 2233.37 2227.71 2231.05
2246.62 2254.52 2262.93 2273.35 2282.37 2290.76 2300.27 2252.17 2223.64 2208.58 2179.61 2153.21 2131.04 2058.56 1988.61 1920.82 1797.23 1668.68 1578.23 1466.21 1588.92 1987.94 2041.68 2128.79
2149.11 2127.16 2106.13 2088.06 2079.59 2071.70 2063.40 2021.88 1994.87 1978.47 2078.67 2148.87 2200.92 2252.90 2300.35 2346.24 2353.96 2363.71 2377.16 2335.34 2271.88 2194.99 2185.44 2174.40
2159.96 2140.36 2121.87 2105.17 2103.01 2102.82 2104.85 2048.59 2008.11 1978.67 2000.04 2017.86 2030.01 2031.41 2038.37 2051.77 2050.37 2052.20 2061.03 2082.98 2101.42 2128.58 2126.25 2123.34
2119.96 2095.59 2072.52 2052.89 2033.35 1917.44 1762.79 1480.41 1550.80 1276.60 1658.82 1875.07 2030.56 2034.21 2044.50 2064.04 2137.67 2210.12 2286.18 2290.54 2301.77 2324.98 2373.95 2424.43
2477.28 2445.04 2427.23 2428.50 2372.29 2311.98 2245.80 2306.91 2373.40 2390.78 2362.97 2296.13 2247.33 2240.36 2197.70 2112.67 2087.05 2079.52 2089.09 2035.36 1968.88 1893.82 1885.52 1864.57
1856.52 1666.34 1512.92 1243.33 1500.30 1686.97 1831.75 1762.85 1691.40 1612.58 1447.77 1306.43 1273.58 917.69 1110.41 1295.34 1618.15 1844.32 1992.24 2048.30 2084.64 2113.58 2063.74 2029.89
2021.64 1856.75 1699.53 1667.27 1741.91 1846.67 1955.81 1947.20 1935.77 1917.28 1846.28 1839.91 1876.03 1984.55 2081.72 2172.44 2170.15 2172.11 2181.87 2171.20 2145.73 2110.28 2054.08 1997.36
1944.82 1936.45 1937.95 1947.71 1860.77 1886.94 2005.90 1840.90 1642.60 1362.79 1791.62 2032.89 2198.62 2243.04 2287.37 2332.66 2346.67 2362.25 2381.05 2333.85 2266.75 2179.20 2183.26 2187.60
2192.36 2175.01 2163.52 2160.44 2133.88 2133.09 2157.43 2154.50 2149.43 2089.43 1716.62 1692.79 1942.15 1514.70 1349.21 1880.21 2011.24 2134.41 2256.76 2250.61 2228.70 2147.12 2241.83 2319.20
2368.73 2358.23 2353.67 2330.27 2303.56 2275.28 2249.69 2210.90 2166.82 2110.88 2054.40 2050.11 2079.46 2150.18 2219.95 2286.02 2286.58 2288.24 2294.41 2293.00 2278.86 2256.47 2274.87 2299.43
2331.71 2265.79 2191.02 2107.76 2089.11 2070.19 2049.92 1510.18 1649.14 1367.12 1235.71 1606.71 1849.08 1930.39 2018.83 2119.69 2182.34 2251.48 2322.21 2348.18 2368.36 2386.14 2391.14 2396.12
2402.54 2369.95 2335.15 2298.74 2226.97 2152.44 2075.32 1976.69 1904.08 1866.62 1695.22 1350.71 1337.43 1437.91 1521.31 1588.43 1621.78 1664.08 1714.65 1772.13 1875.87 2001.35 2046.45 2045.14
2046.22 2008.64 1984.37 1979.98 1991.92 2003.37 2016.74 1877.75 1724.46 1539.48 1597.56 1686.23 1771.40 1719.75 1721.02 1767.21 1869.20 1994.18 2125.92 2154.02 2176.29 2197.76 2218.96 2242.27
2187.27 1805.16 1386.66 1959.77 1783.98 1994.70 2265.88 2233.72 2215.00 2204.90 2161.74 2132.46 2082.83 2019.81 1966.35 1923.05 2018.04 2111.79 2203.71 2164.89 2112.42 2045.06 2041.80 2007.61
1921.80 1933.85 1944.54 1958.10 1953.03 1930.43 1905.51 1766.68 1602.11 1404.02 1250.67 1252.24 1371.80 1565.29 1903.75 2148.51 2149.97 2151.87 2156.23 2114.49 2052.91 1974.57 1994.59 2015.06
2034.61 2007.76 2010.15 2022.84 2019.04 2017.83 2019.36 1977.57 1914.34 1825.99 1618.97 1595.16 1732.71 1879.93 1963.57 2044.99 2091.02 2142.17 2198.77 2188.15 2163.70 2127.28 2103.10 2080.88
2037.15 2036.83 2040.10 2048.34 2101.15 2055.61 2014.43 1984.98 1974.95 1973.45 1999.79 2032.13 2065.11 2064.15 2073.65 2092.85 2109.32 2129.62 2155.50 2172.76 2195.42 2215.71 2167.25 2123.00
2068.36 2046.51 2023.90 2000.66 1973.59 1961.38 1966.01 1987.13 2022.05 2055.61 2038.07 2024.43 2016.21 2066.47 2120.74 2176.38 2235.78 2296.01 2358.83 2335.15 2296.42 2244.17 2197.73 2144.91
2086.30 2064.32 2043.78 2023.66 2015.73 2014.13 2016.54 2014.82 2022.00 2026.07 2130.08 2212.08 2279.04 2303.45 2331.59 2363.96 2396.31 2430.21 2468.19 2437.13 2397.41 2351.42 2282.84 2059.53
1743.63 1585.51 1389.45 1290.28 1592.68 1795.56 1957.57 2105.31 2263.21 2373.83 2163.21 2002.85 1974.35 1778.45 1314.10 1349.71 1356.09 1388.19 1564.81 1753.37 1947.55 2126.71 2303.08 2466.60
2618.87 2567.37 2528.72 2514.04 2500.26 2489.26 2469.75 2509.32 2537.84 2563.81 2561.84 2560.64 2545.56 2490.63 2442.97 2392.53 2413.12 2440.21 2473.66 2428.08 2372.51 2308.29 2278.27 2207.75
2126.21 2139.86 2115.71 2062.59 2039.50 2053.84 2014.90 2138.51 2220.65 2283.46 2247.45 2241.47 2272.60 2162.39 2083.47 2081.40 2017.17 1951.01 1882.53 1902.65 1943.84 1977.15 1922.31 1864.19
1795.42 1816.80 1878.30 1963.46 1943.19 1910.81 1812.56 1763.47 1617.51 1501.29 1466.36 1433.40 1404.93 1586.54 1729.41 1852.43 1521.96 1532.82 1883.65 1693.90 1463.93 1692.70 1628.17 1620.90
1683.47 1759.27 1829.00 1895.21 1913.96 1948.22 1989.28 1868.42 1747.44 1623.24 1504.30 1384.77 1271.52 1253.29 1268.12 1310.70 1463.93 1592.81 1707.79 1579.25 1417.39 1612.13 1719.11 1818.23
1852.46 1833.87 1814.31 1795.01 1782.29 1771.11 1753.87 1737.20 1727.40 1715.91 1815.27 1891.17 1953.97 1971.13 2001.75 2042.45 2095.50 2157.94 2228.91 2199.14 2153.08 2088.21 2088.40 2089.79
2090.55 2053.32 2013.97 1969.81 1897.29 1832.42 1784.49 1787.66 1799.17 1806.11 1869.69 1920.31 1964.99 1920.77 1910.73 1932.42 1971.68 2016.19 2065.95 2084.55 2093.43 2093.53 2084.56 2077.48
2072.71 2045.19 2020.47 1999.92 2002.40 2007.31 2008.40 1891.52 1792.05 1715.14 1667.56 1644.33 1641.06 1658.92 1688.59 1725.05 1806.24 1903.96 2009.57 2040.36 2061.80 2076.66 2072.84 2068.66
2065.60 2061.92 2059.50 2058.10 2043.76 2028.44 2009.00 1997.10 2001.16 2007.76 1999.23 1989.92 1982.85 1976.87 1980.11 1992.31 2030.33 2077.05 2130.71 2129.61 2123.25 2116.33 2103.72 2090.73
2076.10 2049.96 2025.13 2001.34 2050.00 2101.56 2149.05 2166.44 2208.78 2254.70 2276.70 2293.26 2306.01 2259.83 2219.87 2185.64 2175.60 2168.14 2164.81 2152.90 2133.59 2116.16 2098.95 2080.66
2062.28 2045.55 2031.82 2020.77 2121.93 2106.13 2038.96 2169.73 2245.56 2232.21 2123.43 2044.66 2007.81 2065.35 2133.65 2204.79 2245.94 2292.61 2345.96 2317.84 2269.20 2195.12 2203.22 2213.60
2225.90 2183.36 2143.81 2108.07 2010.93 2018.24 2124.78 2100.66 2125.61 2171.28 2056.11 1881.23 1831.92 1901.47 1985.36 2073.67 2151.92 2229.01 2306.01 2272.97 2233.40 2181.89 2174.16 2167.28
2160.90 2196.75 2234.67 2272.78 2302.18 2330.49 2355.71 2368.88 2403.49 2443.13 2365.33 2322.19 2310.32 2253.99 2168.01 2098.87 2044.11 1988.77 1937.00 1894.92 1908.66 1915.28 2043.28 2149.27
2227.19 2086.76 1864.72 1675.71 1759.13 1690.17 1744.68 2062.85 2448.56 2738.55 2722.59 2708.39 2694.08 2660.55 2632.70 2607.69 2537.55 2464.16 2388.39 2303.69 2221.77 2183.48 2190.76 2198.47
2207.16 2212.15 2216.97 2222.25 2148.58 2066.21 1968.67 1912.26 1859.64 1801.67 1681.75 1601.15 1572.07 1512.80 1413.33 1463.26 1674.80 1852.43 2006.71 2013.28 2015.51 2013.77 1998.02 2026.45
2034.21 2035.67 2037.55 2040.26 2069.52 2099.98 2124.76 2096.97 2104.67 2130.75 2155.60 2178.72 2192.60 2228.37 2263.76 2301.45 2390.17 2462.96 2515.77 2508.36 2491.04 2460.87 2462.11 2464.21
2466.29 2364.79 2251.33 2126.20 2064.45 2008.88 1965.65 2063.53 2126.48 2119.93 2083.81 2089.88 2108.80 2117.91 2094.23 2080.36 2104.29 2038.58 1970.70 1995.60 2028.33 2069.46 2142.50 2212.50
2282.76 2264.89 2246.06 2226.31 2199.36 2171.39 2136.80 2155.88 2187.88 2221.93 2187.16 2162.08 2151.18 2157.95 2176.63 2215.97 2222.29 2201.28 2190.17 2128.58 2062.00 1877.24 1998.53 2107.89
2210.14 2190.79 2169.41 2148.10 2142.83 2140.11 2134.84 2165.49 2209.50 2252.70 2260.78 2267.36 2282.83 2293.58 2312.58 2344.92 2356.22 2372.98 2391.99 2371.09 2340.64 2297.81 2339.53 2381.40
2421.95 2358.71 2288.40 2212.81 2226.06 2239.90 2248.02 2221.48 2205.08 2192.29 2129.06 2071.11 2017.61 2008.23 2007.38 2012.72 2063.35 2119.43 2181.07 2192.54 2200.14 2204.43 2254.34 2306.54
2359.55 2316.26 2268.71 2217.97 2160.39 2099.99 2031.83 1948.79 1906.76 1901.03 1741.15 1680.62 1741.26 1720.76 1721.83 1744.15 1804.88 1870.04 1938.64 1872.22 1784.24 1676.31 1513.21 1275.83
1070.38 1238.46 1438.06 1590.21 1743.11 1899.58 2037.58 2102.47 2170.02 2219.66 2215.63 2213.63 2209.57 2184.63 2164.94 2146.06 2123.17 2072.98 2023.06 2046.16 2048.94 1973.97 1967.10 1962.87
1964.91 2000.53 2036.13 2072.17 2021.24 1974.85 1932.82 1835.47 1734.93 1620.67 1524.04 1426.17 1334.25 1372.02 1387.68 1303.69 1053.66 1100.76 1392.93 1465.78 1590.80 1724.34 1512.96 1331.75
1526.87 1586.58 1553.27 1196.32 1410.86 1566.76 1686.96 1459.83 1158.81 1057.87 1360.96 1639.86 1820.81 1785.11 1756.15 1732.83 1797.94 1851.78 1901.87 1949.65 1964.29 1968.72 1968.04 1967.34
1967.46 1962.25 1957.81 1955.24 1918.89 1881.03 1833.37 1763.69 1691.02 1609.84 1604.12 1617.36 1548.40 1529.88 1575.20 1650.85 1813.41 1955.94 2083.40 2090.04 2065.64 2026.28 1966.57 1938.96
1740.90 1858.19 1999.38 2135.22 2085.44 2036.84 1991.02 1833.30 1606.87 1278.22 1550.55 1584.32 1600.91 1717.91 1761.99 1740.22 1853.28 1964.17 2069.09 2032.75 1981.34 1906.36 1915.96 1926.33
1935.80 1903.16 1869.71 1830.28 1882.05 1933.77 1969.06 1807.60 1601.76 1328.55 1582.56 1787.60 1936.71 1925.87 1927.89 1940.85 1935.05 1933.30 1933.74 1964.13 1992.14 2013.54 1994.50 1973.39
1951.87 1939.58 1928.51 1915.46 1842.74 1761.89 1664.64 1675.48 1680.64 1680.20 1770.60 1850.00 1920.75 1923.21 1936.94 1957.11 1986.85 2020.18 2055.54 2035.55 2002.54 1950.24 1924.69 1898.86
1872.45 1872.66 1874.40 1875.59 1821.91 1769.44 1715.47 1702.35 1688.64 1667.07 1622.21 1597.38 1592.48 1528.90 1415.64 1339.62 1469.75 1634.00 1789.70 1769.15 1763.85 1746.38 1762.32 1824.34
1915.90 1886.50 1865.72 1829.91 1738.11 1691.87 1721.97 1619.12 1706.64 1852.44 1796.25 1779.89 1809.89 1771.00 1794.23 1861.39 1901.85 1944.58 1986.92 2004.64 1990.51 1953.36 1959.47 1974.13
1995.66 1976.26 1976.88 1997.84 1994.06 1990.52 1981.34 1933.84 1929.72 1949.76 1858.95 1776.07 1703.68 1659.66 1653.72 1682.77 1618.97 1576.92 1534.06 1681.13 1818.60 1938.03 1941.85 1945.20
1949.27 1941.80 1934.02 1928.44 1846.37 1753.20 1635.97 1656.03 1669.49 1672.35 1662.67 1657.78 1655.12 1737.99 1812.53 1881.67 1946.60 2013.31 2080.02 2050.44 2005.88 1940.44 1943.07 1946.84
1951.45 1985.52 2021.00 2057.75 2038.29 2017.43 1988.78 1527.74 1631.66 1503.03 1925.90 2171.79 2351.97 2354.36 2366.08 2389.61 2436.73 2488.45 2544.70 2586.67 2629.31 2592.94 2571.27 2513.31
2417.99 2356.83 2288.76 2213.17 2192.31 2170.89 2142.09 2179.63 2211.28 2233.60 2132.69 2026.74 1942.19 1867.10 1803.65 1758.48 1754.72 1790.34 1854.97 1920.68 1948.45 1972.44 1993.09 2014.81
2036.34 2028.10 2018.38 2009.75 1935.73 1868.90 1816.23 1911.15 2003.59 2074.99 2052.31 2032.15 2016.60 2060.99 2106.06 2151.10 2156.35 2165.22 2176.04 2121.68 2079.56 2074.22 2048.29 2020.26
1990.75 1728.18 1161.93 1734.56 1836.18 1829.67 1822.90 1855.88 2007.81 2150.97 2129.23 2109.77 2092.06 2094.99 2103.57 2118.96 2099.02 2085.07 2074.58 1986.16 1892.89 1830.13 1762.86 1693.42
1628.93 1558.92 1484.40 1419.63 1326.85 1349.00 1454.88 1609.10 1718.24 1792.20 1921.27 2022.20 2105.24 2151.76 2199.31 2247.73 2300.60 2358.59 2419.20 2360.30 2280.59 2168.68 2211.68 2256.82
2302.75 2299.89 2297.07 2294.95 2310.71 2335.09 2363.39 2390.51 2413.09 2426.38 2379.39 2335.11 2293.42 2276.69 2270.55 2270.29 2262.28 2259.32 2260.60 2254.21 2244.50 2227.56 2237.04 2250.22
2269.51 2203.10 2129.38 2049.44 2019.88 1987.38 1947.24 1926.88 1881.40 1809.69 1780.77 1754.95 1734.22 1630.12 1542.10 1489.90 1557.22 1656.59 1714.49 1650.63 1582.55 1741.69 1549.35 1551.18
1778.41 1770.27 1802.74 1872.76 1858.07 1847.29 1836.53 1705.78 1571.67 1442.73 1417.59 1554.64 1695.60 1786.48 1839.03 1863.02 1924.88 1968.90 1979.23 1966.64 1965.58 1957.53 1881.90 1798.70
1712.01 1600.16 1547.27 1606.08 1752.95 1876.55 1978.79 1828.22 1669.06 1503.52 1436.23 1459.89 1530.88 1512.52 1516.12 1541.07 1598.20 1668.61 1746.68 1785.32 1852.46 1935.20 1939.38 1957.68
1983.62 1943.95 1902.20 1864.48 1879.10 1911.02 1950.40 1865.06 1809.53 1781.59 1820.16 1854.12 1883.65 1811.92 1743.84 1681.42 1698.04 1728.35 1769.21 1786.39 1846.67 1935.06 1837.98 1800.65
1856.50 1771.77 1759.78 1844.33 1762.20 1707.45 1704.51 1659.41 1612.60 1557.03 1587.61 1614.31 1638.45 1543.15 1423.15 1282.09 1051.69 1104.48 913.49 1251.45 1240.35 1568.30 1633.38 1764.66
1908.85 1949.52 1991.58 1993.75 1963.98 1932.66 1894.64 1842.03 1792.05 1736.64 1655.53 1608.55 1595.21 1675.57 1746.32 1812.56 1831.47 1855.03 1882.70 1914.83 1967.39 2038.08 2051.58 2068.30
2089.42 2089.25 2097.97 2117.03 2108.76 2108.60 2109.29 2176.55 2228.54 2259.77 2182.79 2108.28 2036.78 2011.96 1994.78 1987.77 2005.24 2032.46 2040.67 2088.28 2119.78 2162.50 2201.92 2243.20
2285.87 2244.31 2198.93 2149.04 2081.00 2007.15 1920.91 2017.25 2104.38 2059.15 1953.43 1845.54 1740.21 1727.75 1730.15 1756.59 1856.19 1958.50 2056.98 2074.88 2088.28 2089.45 2203.12 2288.28
2370.16 2346.66 2326.03 2309.76 2258.33 2205.59 1994.85 1462.55 1431.81 1855.76 1738.79 1581.20 1596.52 1522.91 1460.89 1421.68 1535.05 1641.43 1741.58 1803.56 1893.86 1971.68 2014.54 2035.66
2059.09 2044.48 2028.62 1992.28 1955.30 1915.38 1865.81 1566.84 1066.10 1296.50 1244.95 1254.65 1294.25 1420.38 1547.95 1665.46 1745.22 1825.03 1903.40 1963.69 2023.85 2026.03 2034.60 2046.28
2031.44 1995.45 1954.28 1905.37 1887.27 1868.28 1842.24 1676.06 1513.39 1395.91 1512.95 1607.98 1682.03 1771.74 1859.40 1944.91 2010.18 2076.42 2145.57 2089.53 2014.30 1909.87 1926.16 1951.65
1988.68 1977.60 1970.28 1970.28 1936.21 1907.74 1883.46 1917.71 1942.76 1954.30 1943.88 1940.74 1941.78 1961.63 1991.39 2029.75 2072.75 2121.68 2175.26 2133.76 2073.77 1983.24 1988.29 1996.10
2006.59 1992.03 1976.66 1959.91 1920.66 1889.77 1866.48 1927.05 1972.06 1997.91 1994.88 1992.79 1991.35 1962.10 1941.38 1931.12 1936.99 1949.89 1968.90 1967.94 1964.37 1953.70 1937.74 1924.88
1916.74 1922.52 1929.80 1936.83 1925.08 1918.53 1909.40 1921.88 1931.55 1930.73 1901.85 1875.89 1854.44 1834.56 1848.51 1890.04 1899.96 1913.03 1929.08 1939.99 1944.40 1935.40 1932.83 1930.52
1927.70 1900.52 1871.08 1841.89 1758.18 1664.33 1550.18 1508.57 1478.11 1444.36 1432.69 1422.78 1415.16 1417.57 1440.54 1482.93 1484.79 1513.13 1566.59 1697.34 1820.36 1927.27 1940.70 1954.30
1968.28 1970.82 1972.93 1975.12 1957.90 1940.50 1917.70 1865.29 1812.04 1750.53 1767.37 1779.10 1787.89 1822.80 1860.33 1902.89 1943.02 1984.34 2020.21 2029.81 2015.90 1983.71 1977.41 1970.60
1963.62 1980.86 1999.01 2017.39 2041.62 2067.05 2086.83 2027.48 1982.39 1942.94 1864.12 1788.72 1716.47 1784.19 1848.64 1906.73 1982.39 2061.80 2143.93 2099.57 2040.11 1953.80 1969.49 1984.70
2001.00 1993.96 1988.05 1983.26 1961.06 1940.50 1915.85 1894.95 1890.33 1887.94 1829.93 1790.16 1777.67 1736.01 1708.15 1693.29 1781.55 1871.05 1959.20 1959.04 1961.01 1964.51 1970.34 1976.03
1981.32 1964.57 1947.14 1927.88 1904.56 1878.79 1845.75 1854.07 1869.13 1878.75 1891.89 1903.75 1909.80 1932.40 1958.76 1983.35 2032.06 2083.00 2136.65 2103.84 2063.25 2012.32 2032.88 2054.25
2076.35 2049.07 2023.83 2002.54 2032.20 2062.39 2074.24 2030.42 1993.03 1966.35 1953.26 1941.81 1930.05 1957.48 1987.02 2015.82 2052.76 2093.64 2137.94 2096.92 2042.68 1968.40 1954.11 1938.46
1921.87 1907.24 1892.39 1878.30 1894.32 1913.51 1928.67 1913.23 1920.18 1931.54 1891.00 1854.24 1820.55 1825.87 1851.01 1889.44 1936.44 1986.50 2039.44 2044.38 2044.45 2030.36 2032.68 2035.14
2018.33 1996.65 1954.44 1909.52 1971.48 1962.73 1929.99 1821.45 1652.22 1314.25 1316.07 1441.87 1570.90 1654.35 1701.35 1741.36 1786.90 1842.94 1908.02 1888.47 1864.26 1824.10 1803.44 1792.31
1803.75 1704.34 1654.16 1694.21 1743.46 1738.37 1713.88 1633.64 1389.78 1021.79 1301.20 1500.67 1642.48 1616.39 1601.44 1597.24 1676.55 1755.98 1839.71 1811.33 1754.33 1683.56 1699.48 1739.51
1800.22 1816.61 1833.33 1850.29 1813.39 1774.31 1727.60 1662.30 1608.58 1561.69 1620.18 1674.61 1726.57 1761.96 1800.66 1846.85 1905.65 1967.91 2033.65 2004.67 1984.46 1983.01 1986.31 1991.96
2001.11 1981.06 1961.34 1945.19 1910.05 1879.85 1851.04 1780.18 1733.78 1702.68 1575.45 1489.25 1274.39 1152.19 1294.85 1469.87 1530.75 1596.07 1666.85 1757.68 1842.55 1916.33 1937.49 1956.50
1964.03 1962.43 1961.78 1964.67 1947.46 1932.49 1914.28 1744.44 1539.41 1393.38 1532.95 1630.48 1703.20 1777.07 1852.13 1921.62 1945.86 1974.01 2007.17 1973.08 1924.30 1853.68 1883.68 1913.53
1943.75 1911.34 1881.30 1856.42 1894.15 1870.27 1743.87 1748.98 1757.43 1764.46 1702.40 1643.88 1588.15 1611.36 1640.30 1670.21 1764.29 1842.07 1907.33 1897.03 1856.74 1838.38 1765.12 1679.99
1576.94 1659.82 1736.78 1809.81 1735.37 1649.38 1541.49 1453.94 1384.45 1326.33 1354.80 1416.70 1481.16 1569.72 1656.35 1736.69 1780.90 1829.06 1880.80 1868.40 1844.62 1803.39 1836.15 1862.48
1869.38 1902.23 1892.82 1895.03 1773.38 1630.47 1482.47 1501.45 1532.88 1556.77 1617.10 1701.06 1779.88 1822.35 1880.28 1943.78 1934.44 1934.40 1943.90 1926.55 1899.37 1855.32 1879.52 1902.27
1918.37 1909.11 1868.24 1819.86 1763.20 1704.44 1632.85 1511.90 1406.12 1302.47 1376.45 1447.30 1507.94 1601.30 1670.97 1747.77 1823.04 1898.85 1975.59 1946.19 1909.79 1844.10 1843.49 1845.69
1848.95 1825.76 1801.45 1776.42 1713.25 1699.09 1739.89 1684.65 1660.91 1653.20 1634.03 1617.53 1602.44 1463.82 1320.78 1196.66 1325.88 1450.82 1567.37 1676.76 1781.74 1874.63 1883.99 1895.48
1907.84 1915.10 1922.93 1932.09 1930.74 1929.57 1924.90 1804.53 1700.41 1615.27 1687.21 1751.72 1808.35 1843.98 1899.40 1965.45 1984.44 2006.82 2030.55 2012.65 1981.37 1927.75 1926.32 1926.00
1927.61 1934.44 1942.06 1950.51 1946.77 1945.80 1944.16 1961.40 1984.14 1998.42 1959.65 1925.58 1895.00 1904.88 1923.48 1946.50 1994.82 2047.48 2104.53 2074.32 2030.48 1965.20 1961.19 1958.86
1959.79 1960.98 1961.13 1961.68 1946.87 1948.84 1964.31 2034.62 2096.71 2138.08 2087.67 2040.23 1995.05 2003.94 2017.04 2031.02 2073.74 2120.12 2170.15 2133.94 2081.65 2012.34 1999.31 1986.17
1976.20 1964.37 1951.46 1938.73 1925.90 1917.47 1909.96 1970.16 2045.18 2104.05 2045.47 1992.99 1944.17 1948.21 1961.17 1976.70 2013.22 2056.57 2106.61 2083.26 2050.89 2012.06 2007.01 1999.68
1992.56 1985.77 1977.94 1968.92 1964.67 1963.84 1962.17 1978.42 1994.38 1998.53 1944.97 1897.65 1856.18 1878.83 1910.99 1945.43 1969.44 1997.22 2029.64 2026.49 2018.34 2002.93 1999.78 1996.60
1994.43 1983.45 1970.61 1956.97 1958.29 1958.23 1954.98 1870.19 1798.00 1729.29 1705.01 1686.56 1671.72 1709.43 1761.25 1774.95 1721.04 1665.84 1609.53 1718.76 1829.09 1915.51 1715.53 1621.83
1807.52 1763.85 1767.46 1824.22 1875.84 1948.81 2028.63 2107.17 2172.62 2220.00 2194.86 2173.63 2155.13 2143.18 2136.06 2131.97 2186.76 2246.34 2284.24 2221.58 2136.93 2017.39 2004.79 1974.07
1944.75 1928.11 1927.99 1947.86 1928.46 1907.54 1883.11 1944.85 2017.68 2046.94 2010.83 1977.77 1948.35 1914.00 1895.68 1889.94 1888.23 1892.27 1899.17 1925.03 1953.72 1958.01 1938.48 1922.74
1915.28 1802.88 1671.98 1537.00 1491.78 1453.30 1424.10 1374.94 1539.06 1672.87 1655.18 1640.25 1628.03 1690.13 1755.09 1817.12 1851.65 1895.21 1945.63 1975.87 1999.35 2013.02 1981.95 1951.43
1921.14 1911.42 1910.17 1918.67 1904.77 1894.95 1884.69 1886.03 1883.69 1866.49 1856.84 1851.94 1849.54 1885.79 1936.71 1992.17 2009.13 2029.65 2053.50 2050.65 2038.24 2013.38 2018.71 2023.32
2028.56 2017.16 2005.25 1992.14 1932.12 1870.13 1801.17 1848.61 1882.89 1898.57 1866.37 1841.31 1821.37 1843.81 1891.42 1949.12 1944.52 1943.11 1945.15 1964.03 1974.35 1971.28 1979.37 1990.73
2007.41 2004.05 2000.75 1996.28 1906.51 1805.02 1690.30 1701.51 1719.23 1729.83 1752.80 1775.41 1796.10 1795.18 1802.21 1817.63 1876.13 1937.22 2000.14 1994.10 1977.97 1945.20 1936.55 1930.30
1927.43 1917.99 1911.96 1907.78 1901.98 1895.21 1886.59 1846.96 1818.91 1793.37 1821.31 1874.84 1922.37 1905.61 1894.24 1883.50 1925.94 1972.62 2021.62 1996.09 1964.72 1928.03 1905.97 1881.24
1854.98 1844.22 1833.84 1825.30 1794.52 1768.78 1748.44 1508.84 1195.62 1055.22 921.22 1061.34 1189.33 1448.01 1663.05 1831.55 1821.92 1822.96 1838.49 1861.48 1878.80 1887.76 1888.53 1892.81
1903.38 1909.22 1919.79 1938.54 1936.83 1935.40 1931.82 1916.71 1903.88 1881.61 1825.74 1779.31 1742.18 1755.63 1777.85 1802.57 1874.62 1947.90 2024.09 2024.76 2015.03 1991.25 1978.42 1963.32
1946.20 1935.23 1922.52 1909.04 1874.27 1836.99 1795.27 1702.61 1608.65 1504.94 1573.34 1646.37 1709.23 1763.36 1818.83 1871.61 1922.55 1975.80 2035.57 2010.26 1967.22 1902.30 1911.17 1919.95
1930.33 1907.65 1882.71 1857.03 1887.71 1919.49 1949.80 1820.56 1697.77 1580.85 1626.31 1663.32 1688.81 1702.60 1734.41 1778.67 1821.69 1866.85 1916.79 1919.76 1911.24 1889.05 1893.19 1903.39
1919.00 1923.99 1927.40 1932.01 1926.62 1921.40 1913.39 1810.74 1730.83 1670.10 1686.90 1719.76 1751.09 1730.24 1728.48 1748.65 1734.03 1709.05 1684.63 1766.61 1832.35 1867.21 1874.99 1884.96
1900.71 1896.17 1891.39 1889.48 1770.19 1622.25 1463.31 1349.29 1356.27 1411.08 1323.06 1171.97 1307.58 1406.79 1621.74 1812.34 1909.83 2010.11 2115.45 2083.76 2008.63 1901.48 1894.83 1886.56
1876.98 1851.50 1834.31 1831.53 1764.57 1747.78 1799.19 1618.70 1398.52 1087.40 1250.72 1531.74 1695.77 1661.44 1657.37 1680.81 1710.29 1785.19 1894.98 1896.99 1894.03 1882.69 1887.10 1889.45
1894.70 1889.14 1883.59 1879.20 1829.07 1774.40 1710.26 1599.24 1519.59 1476.02 1442.46 1417.76 1393.87 1509.16 1614.67 1708.56 1732.66 1759.95 1793.99 1827.57 1855.20 1875.25 1862.67 1847.24
1830.49 1846.48 1862.44 1880.54 1816.53 1748.46 1671.24 1542.76 1420.50 1321.24 1338.51 1359.25 1373.81 1449.76 1532.53 1615.71 1696.60 1776.66 1860.88 1859.99 1846.91 1822.74 1835.19 1846.64
1860.03 1859.61 1859.97 1861.95 1858.07 1857.37 1858.12 1752.75 1654.03 1558.20 1566.53 1599.91 1638.40 1646.04 1677.22 1725.57 1768.73 1813.82 1868.63 1862.39 1846.47 1823.06 1840.61 1860.54
1885.17 1881.65 1879.62 1878.22 1884.59 1889.45 1892.96 1785.94 1706.18 1663.17 1576.89 1510.72 1464.29 1501.40 1576.01 1648.03 1696.68 1749.82 1809.70 1809.21 1825.06 1869.30 1873.19 1878.90
1886.04 1875.36 1865.10 1856.78 1834.83 1822.41 1820.58 1696.13 1578.27 1471.73 1511.99 1546.39 1568.03 1614.25 1673.47 1735.73 1793.36 1854.98 1925.38 1914.92 1893.37 1864.80 1873.05 1882.66
1894.22 1891.11 1888.11 1885.80 1886.12 1888.47 1890.16 1725.47 1582.08 1493.28 1495.51 1510.35 1526.49 1453.06 1527.91 1670.20 1717.81 1768.87 1826.25 1843.65 1853.86 1859.64 1864.00 1867.78
1872.74 1872.36 1874.37 1879.19 1852.09 1825.35 1801.81 1725.25 1674.26 1639.73 1679.81 1708.67 1725.28 1677.90 1659.98 1676.11 1747.16 1817.42 1891.93 1902.06 1900.89 1891.07 1897.94 1902.57
1908.85 1912.29 1918.75 1927.23 1937.08 1948.66 1960.66 1868.98 1800.86 1753.63 1754.98 1748.15 1734.03 1745.78 1780.21 1827.05 1812.03 1798.31 1790.81 1788.44 1803.28 1846.12 1851.17 1856.36
1862.82 1830.04 1819.75 1841.18 1840.12 1836.99 1826.09 1796.59 1765.21 1726.16 1728.76 1741.56 1752.99 1736.07 1738.11 1756.17 1781.10 1807.79 1842.25 1859.59 1869.00 1871.71 1890.27 1908.23
1926.81 1930.03 1934.29 1940.50 1925.20 1908.39 1891.10 1918.58 1949.66 1973.14 1860.68 1749.29 1636.56 1524.85 1422.69 1344.39 1497.79 1632.61 1757.11 1803.80 1846.48 1876.24 1886.03 1895.92
1906.09 1895.00 1890.16 1893.21 1844.47 1791.06 1732.15 1691.98 1664.12 1643.71 1680.97 1713.08 1734.51 1733.22 1740.16 1753.12 1798.31 1845.03 1899.87 1903.82 1907.64 1919.15 1929.07 1939.63
1951.97 1949.64 1948.08 1946.63 1936.85 1928.68 1920.37 1819.29 1723.92 1631.99 1705.47 1759.93 1792.68 1799.03 1820.17 1853.81 1899.37 1946.88 2000.17 1989.19 1974.46 1970.87 1982.72 1994.81
2007.40 2000.35 1992.30 1983.49 1969.03 1955.54 1942.04 1976.13 2013.18 2039.63 2013.93 1991.71 1966.25 1964.21 1970.89 1985.13 2016.34 2050.63 2093.44 2068.56 2024.99 1965.90 1963.65 1968.37
1983.53 1964.33 1948.89 1940.89 1939.07 1945.32 1959.51 1975.01 1985.60 1984.79 1957.25 1933.19 1905.30 1901.96 1906.69 1907.80 1893.43 1879.57 1872.50 1901.83 1926.67 1900.25 1919.15 1937.33
1955.16 1922.36 1886.37 1850.47 1854.35 1859.09 1865.89 1794.88 1729.45 1656.33 1642.83 1632.19 1617.73 1679.37 1738.47 1798.76 1836.31 1875.30 1921.22 1930.65 1927.75 1919.51 1937.71 1956.09
1974.79 1959.67 1945.46 1933.10 1901.87 1868.37 1831.29 1769.71 1722.20 1679.75 1669.93 1661.78 1652.99 1697.03 1740.99 1782.12 1816.95 1855.23 1900.12 1906.47 1904.11 1901.78 1907.50 1918.63
1935.87 1935.61 1934.75 1933.75 1905.23 1875.42 1842.07 1728.45 1605.41 1462.17 1478.19 1524.01 1572.56 1597.62 1643.98 1705.21 1783.20 1863.22 1949.08 1943.11 1923.69 1895.41 1893.88 1894.52
1898.13 1899.40 1900.61 1904.11 1894.57 1884.98 1872.82 1704.36 1582.09 1564.03 1561.88 1562.82 1568.84 1583.63 1640.28 1694.15 1772.51 1830.21 1894.09 1896.72 1887.71 1876.51 1884.95 1895.90
1908.25 1899.37 1888.90 1878.88 1839.12 1812.82 1805.36 1831.25 1860.42 1883.69 1836.93 1793.41 1746.23 1695.90 1681.79 1706.15 1765.45 1825.42 1891.37 1958.05 2016.33 2062.80 2082.44 2075.68
2065.33 2127.77 2189.27 2224.74 2134.59 2031.02 1894.76 1791.33 1673.28 1527.83 1557.84 1604.46 1647.94 1720.84 1793.51 1865.86 1946.58 2025.20 2104.09 2067.19 2009.96 1938.11 1936.91 1935.81
1935.16 1920.28 1906.01 1888.89 1894.54 1901.36 1909.64 1923.22 1944.91 1964.47 1976.63 1987.97 1991.49 1921.15 1865.54 1817.31 1796.63 1766.58 1743.66 1793.44 1863.69 1952.49 1958.37 1956.06
1953.97 1951.16 1948.68 1949.46 1934.07 1921.23 1911.86 1871.20 1842.89 1821.23 1792.84 1765.73 1732.53 1462.77 1046.56 1115.71 1421.81 1514.43 1477.67 1529.34 1688.61 1877.59 1926.42 1979.65
2035.69 2110.55 2182.51 2252.63 2333.54 2410.83 2485.41 2438.36 2389.65 2343.53 2268.24 2204.01 2148.72 2078.35 2017.25 1963.31 2037.63 2110.70 2187.43 2157.49 2113.75 2028.82 2029.68 2030.92
2031.97 2021.31 2009.75 1997.43 1959.90 1920.32 1880.54 1857.02 1848.13 1849.34 1701.15 1565.65 1525.41 1587.05 1654.48 1718.19 1769.78 1822.47 1880.26 1892.39 1898.82 1912.89 1911.47 1908.80
1906.79 1903.52 1899.68 1895.78 1896.02 1897.74 1901.08 1865.47 1832.03 1795.97 1830.42 1878.46 1920.99 1902.85 1903.39 1924.13 1943.38 1965.98 1997.29 1994.88 1983.93 1977.69 1973.96 1968.85
1963.72 1962.52 1960.07 1958.76 1953.51 1946.87 1940.50 1892.37 1859.05 1834.52 1797.13 1771.42 1746.51 1686.76 1718.33 1825.44 1883.64 1943.98 2010.16 2050.65 2085.03 2126.35 2138.41 2150.84
2163.42 2143.02 2119.24 2093.75 2031.01 1964.01 1892.76 1943.50 1979.44 2000.74 1902.71 1858.04 1856.17 1828.34 1810.34 1801.88 1872.54 1946.48 2028.89 2027.74 2011.58 1990.55 2039.51 2056.01
2074.82 2004.65 1940.20 1839.65 1853.59 1867.15 1881.13 1814.15 1753.83 1700.78 1685.27 1668.80 1652.20 1670.31 1698.38 1733.83 1823.83 1911.12 1999.80 1987.97 1957.69 1920.50 1919.59 1918.24
1916.60 1919.75 1922.38 1925.14 1900.53 1874.41 1844.56 1687.52 1546.65 1469.00 1572.44 1653.02 1715.04 1738.70 1771.67 1810.64 1836.42 1867.45 1905.14 1919.93 1921.37 1921.44 1926.36 1930.53
1935.95 1947.98 1961.59 1977.29 1965.04 1952.59 1938.47 1887.11 1842.91 1805.17 1784.99 1766.73 1749.72 1697.28 1668.85 1670.28 1750.12 1799.57 1838.10 1903.92 1945.72 1966.16 1973.22 1980.50
1987.82 1992.97 1999.29 2005.88 1900.11 1775.12 1620.42 1573.88 1539.73 1513.42 1583.32 1658.60 1726.56 1763.82 1804.14 1848.47 1862.60 1881.62 1906.91 1936.63 1953.78 1971.36 1926.42 1881.72
1841.59 1817.21 1792.81 1766.37 1761.81 1770.63 1793.45 1819.90 1834.35 1836.12 1841.53 1842.62 1841.98 1823.04 1814.81 1817.84 1855.13 1896.32 1942.71 1950.54 1948.19 1951.04 1963.90 1978.14
1994.34 1970.94 1948.52 1930.35 1905.82 1883.43 1864.34 1903.14 1925.79 1932.64 1875.91 1817.66 1760.27 1671.49 1643.31 1681.03 1763.39 1843.61 1922.94 1935.57 1933.96 1930.71 1943.30 1953.94
1966.11 1922.20 1874.45 1821.55 1759.10 1697.60 1639.46 1616.17 1592.77 1562.74 1574.85 1579.80 1581.01 1606.44 1633.67 1665.18 1783.15 1894.41 2003.53 1990.04 1961.21 1928.55 1930.84 1934.49
1941.20 1951.78 1962.20 1974.26 1970.32 1967.46 1963.70 1952.44 1946.90 1941.16 1970.30 1990.52 2004.23 2042.40 2081.41 2121.89 2123.86 2128.63 2138.43 2093.58 2027.33 1953.00 1964.63 1976.45
1988.89 2019.59 2056.51 2097.78 2077.99 2059.62 2040.77 2112.17 2167.71 2212.59 2198.37 2184.61 2170.67 2164.81 2164.47 2173.92 2181.22 2190.66 2203.66 2131.56 2028.19 1900.08 1906.02 1916.93
1932.46 2020.88 2116.08 2212.08 2182.29 2150.74 2116.65 2166.11 2208.65 2242.57 2213.86 2183.59 2158.53 2144.90 2145.12 2162.12 2191.84 2223.39 2257.73 2214.65 2156.82 2091.84 2141.72 2190.37
2239.86 2163.37 2074.45 1964.83 1978.92 1994.37 2011.58 2130.26 2247.00 2343.95 2309.76 2274.49 2239.35 2216.32 2199.26 2189.51 2211.30 2235.60 2264.47 2215.14 2147.63 2069.74 2043.84 2014.33
1983.12 1980.63 1979.58 1978.85 1968.84 1960.38 1952.38 2030.93 2100.34 2155.66 2126.55 2096.49 2052.25 2061.69 2062.15 2067.42 2079.74 2071.66 2056.91 1962.19 1855.37 1790.87 1803.45 1827.13
1854.15 1841.50 1832.31 1827.51 1762.90 1722.27 1725.90 1644.43 1558.53 1477.34 1541.74 1595.27 1643.63 1626.81 1681.26 1783.95 1884.42 1994.90 2108.92 2054.96 1983.89 1901.56 1900.40 1899.37
1899.47 1889.56 1879.24 1869.12 1860.82 1852.88 1845.98 1810.65 1801.12 1811.68 1869.41 1927.23 1979.27 1941.99 1913.42 1897.62 1937.05 1984.71 2039.85 2011.28 1970.16 1927.47 1931.26 1935.25
1939.62 1943.15 1947.41 1951.54 1919.04 1884.78 1847.26 1743.37 1631.48 1516.14 1659.22 1766.11 1847.03 1802.32 1768.45 1749.16 1797.68 1855.33 1923.48 1926.23 1928.15 1940.17 1938.68 1937.35
1937.37 1944.35 1952.06 1959.93 1953.72 1947.75 1940.16 1792.48 1639.20 1509.78 1664.33 1774.32 1858.01 1878.96 1925.62 1988.70 2052.70 2117.79 2187.27 2130.55 2055.37 1966.15 1963.03 1960.00
1956.84 1936.38 1914.24 1891.16 1904.56 1920.00 1936.59 1910.65 1905.99 1916.07 1880.93 1860.99 1854.39 1853.53 1886.69 1944.88 1999.34 2055.57 2116.20 2070.61 2009.03 1937.68 1948.85 1960.06
1971.21 1971.83 1973.08 1974.03 1962.27 1951.86 1941.48 1901.52 1858.95 1815.74 1775.32 1733.41 1690.70 1645.19 1610.88 1594.72 1717.47 1833.21 1945.24 1956.98 1960.55 1963.24 1968.40 1973.41
1979.13 1961.56 1946.52 1933.94 1930.62 1929.55 1929.66 1857.73 1777.39 1689.90 1645.92 1602.20 1556.91 1660.86 1755.03 1842.46 1949.54 2053.95 2158.32 2161.97 2157.68 2150.25 2107.34 2056.03
2001.05 1989.96 1940.94 1891.90 1868.89 1843.66 1817.36 1828.19 1833.63 1844.69 1780.39 1730.49 1690.13 1828.63 1939.41 2029.72 2079.95 2133.61 2192.80 2192.92 2196.88 2211.59 2198.26 2220.39
2276.15 2243.74 2215.67 2193.72 2230.16 2266.71 2304.48 2276.54 2243.37 2204.30 2222.17 2247.11 2282.11 2243.04 2208.20 2175.98 2107.81 2032.96 1954.72 1989.35 2030.26 1945.84 2025.31 2101.00
2176.07 2277.09 2315.25 2329.99 2298.18 2264.49 2227.88 2243.43 2260.58 2279.37 2220.46 2163.38 2104.13 1975.33 1835.55 1679.83 1603.95 1517.33 1430.89 1109.15 1254.36 1566.09 1687.26 1737.79
1808.27 1795.51 1786.98 1781.10 1764.31 1745.86 1727.41 1705.39 1676.94 1646.81 1502.74 1408.61 1415.33 1583.70 1721.63 1841.75 1900.41 1958.95 2017.10 1978.24 1932.79 1888.36 1879.57 1876.65
1881.75 1864.48 1879.99 1927.24 1881.79 1852.02 1847.59 1826.96 1804.81 1780.93 1797.38 1860.85 1935.85 1964.60 2002.34 2047.96 2006.90 1966.75 1932.30 1921.93 1906.73 1894.45 1899.06 1905.53
1915.97 1917.09 1917.61 1918.25 1910.98 1904.01 1897.09 1824.40 1740.81 1647.39 1716.46 1795.05 1863.36 1875.54 1899.68 1933.90 1904.01 1875.21 1850.68 1876.77 1899.97 1926.97 1930.70 1936.14
1944.68 1932.78 1822.62 1711.21 1635.23 1747.56 1834.77 1716.03 1592.20 1486.84 1490.30 1554.94 1508.33 1735.99 1940.83 2064.58 2028.78 1992.97 1961.31 1963.74 1960.73 1956.77 1957.63 1960.42
1963.76 1965.73 1968.14 1972.45 1978.89 1985.50 1991.39 2003.40 2006.57 2004.87 2014.49 2031.27 2048.10 2020.56 1997.70 1981.71 1927.97 1864.61 1792.93 1844.48 1903.88 1973.25 1970.80 1978.92
1998.54 2004.33 2011.46 2018.42 1967.09 1924.69 1893.59 1867.57 1812.95 1710.05 1648.10 1611.48 1581.54 1755.62 1891.90 2012.93 2003.48 1995.94 1992.71 1989.61 1985.24 1984.51 2014.12 2045.34
2078.90 2076.55 2080.74 2092.46 2102.91 2112.60 2123.18 2188.08 2241.46 2285.70 2264.56 2252.69 2246.91 2228.82 2219.26 2220.43 2219.43 2222.61 2233.21 2185.08 2125.30 2059.86 2062.82 2066.65
2070.04 2062.35 2054.66 2048.41 2040.69 2032.74 2025.31 2067.24 2104.84 2138.12 2171.24 2203.04 2230.89 2241.38 2258.83 2285.30 2243.27 2198.19 2150.70 2106.86 2054.90 2002.54 1998.62 1994.61
1991.78 2011.28 2033.33 2057.61 2048.19 2039.36 2030.69 2147.41 2234.34 2301.40 2288.21 2285.05 2287.68 2229.87 2178.16 2134.52 2061.19 1984.02 1915.78 1898.79 1707.52 1422.92 1613.74 1783.95
1932.88 1973.78 1981.26 1996.64 1978.03 1962.73 1953.48 2006.39 2057.13 2102.57 2060.91 2031.45 2011.77 1912.74 1813.83 1716.06 1685.86 1670.79 1685.15 1697.10 1732.30 1791.96 1817.49 1819.66
1829.34 1805.70 1800.19 1811.81 1895.90 1890.37 1891.75 1872.10 1949.94 2059.33 2176.52 2288.06 2392.34 2373.87 2358.12 2342.44 2322.45 2301.68 2286.34 2208.70 2115.49 2008.13 1972.60 1932.75
1865.41 1845.20 1837.07 1838.66 1826.24 1821.35 1826.92 1828.49 1821.51 1812.16 1769.22 1804.61 1892.05 1817.89 1755.83 1704.17 1728.75 1752.10 1784.56 1824.81 1863.20 1904.67 1936.75 1968.33
1999.03 1963.93 1932.41 1908.23 1929.76 1950.86 1971.79 1887.90 1809.07 1745.60 1884.75 2001.39 2092.97 2037.75 1987.92 1932.58 1838.23 1720.23 1585.39 1244.35 1629.66 1727.21 1824.51 1918.76
2007.64 2011.85 2025.80 2051.33 2041.87 2033.65 2024.82 1870.15 1677.44 1435.65 1410.82 1512.15 1625.28 1883.47 2101.62 2287.54 2357.33 2428.42 2507.33 2498.79 2485.17 2433.97 2365.07 2276.23
2139.36 2123.32 2119.66 2128.97 2140.97 2154.02 2168.55 2120.23 2027.24 1962.89 1647.30 1407.74 1621.68 1654.70 1710.44 1738.12 1777.80 1828.81 1897.05 1936.22 1984.70 2041.73 2034.49 2026.10
2018.31 2020.50 2020.98 2022.73 2020.48 2018.29 2015.73 1940.59 1853.20 1751.68 1980.42 2162.90 2297.25 2291.61 2290.87 2295.56 2247.69 2196.10 2148.68 2147.61 2144.99 2142.01 2169.69 2197.56
2223.23 2268.22 2312.33 2354.93 2345.49 2336.99 2328.86 2295.15 2261.82 2232.98 2268.72 2308.90 2343.50 2307.93 2277.11 2252.83 2173.70 2078.57 1967.60 1990.28 2025.48 2073.69 2076.83 2083.35
2095.68 2095.55 2098.41 2105.15 2093.47 2081.81 2071.82 1961.13 1900.14 1986.78 1762.56 1720.86 1869.71 1949.83 2114.32 2296.42 2443.18 2585.01 2729.57 2770.28 2811.94 2857.10 2872.68 2888.22
2906.13 2854.70 2802.23 2750.58 2705.55 2657.60 2605.76 2619.25 2623.11 2623.89 2555.47 2488.49 2409.23 2257.26 2099.48 1945.57 1848.77 1738.26 1638.76 1553.00 1268.98 1513.13 1648.07 1763.31
1862.92 1914.83 1993.93 2085.63 2095.41 2110.41 2130.57 2069.30 1997.00 1923.53 2031.46 2116.92 2182.82 2227.68 2272.50 2317.56 2253.27 2182.11 2111.64 2141.58 2181.93 2233.30 2221.73 2211.73
2203.14 2102.11 1987.02 1850.07 1864.95 1883.39 1902.98 1792.31 1662.09 1509.49 1625.22 1712.13 1773.66 1825.09 1876.16 1926.62 1958.96 1993.88 2038.62 2090.37 2145.47 2204.78 2197.45 2190.51
2185.00 2171.96 2161.86 2154.66 2147.08 2140.08 2131.91 1948.33 1714.79 1391.42 1420.66 1520.07 1603.57 1800.51 1957.09 2083.69 2060.65 2032.77 2008.75 2030.19 2062.81 2107.16 2093.79 2082.61
2074.51 2053.46 2032.88 2014.49 1926.85 1827.80 1712.22 1399.50 1394.61 1640.49 1804.06 1983.44 2124.08 2144.87 2201.41 2284.42 2348.62 2416.24 2492.49 2449.13 2396.33 2327.88 2297.23 2255.85
2213.24 2204.90 2201.73 2207.09 2138.74 2103.96 2118.26 2053.23 1974.92 1887.81 1764.27 1382.50 1092.89 1348.44 1468.11 1687.40 1770.52 1870.62 1982.13 1993.99 2010.65 2033.17 2043.45 2053.47
2065.43 2133.68 2198.04 2259.29 2191.46 2129.05 2079.44 1958.40 1811.79 1639.09 1831.28 1959.80 2046.65 2057.56 2082.94 2118.06 2117.43 2126.50 2155.21 2187.11 2220.94 2256.03 2243.20 2233.15
2227.56 2218.27 2208.92 2200.52 2184.53 2170.45 2157.39 2119.33 2075.37 2027.39 2068.53 2122.15 2169.52 2199.52 2229.22 2260.04 2200.30 2136.69 2079.44 2108.14 2137.65 2166.92 2106.93 2049.45
2004.91 1886.06 1856.21 1951.54 1976.88 2082.27 2219.17 2261.97 2353.76 2458.29 2396.63 2336.63 2279.70 2181.97 2085.53 1959.91 1825.93 1713.25 1740.24 1800.42 1844.36 1928.01 1982.74 2035.89
2088.71 2140.67 2191.84 2241.86 2187.16 2144.31 2116.91 2109.30 2091.03 2069.36 2091.20 2176.46 2260.11 2176.60 2117.48 2069.79 2020.64 1958.82 1878.80 1882.85 1999.72 2171.14 2209.53 2356.21
2527.04 2467.11 2396.32 2304.38 2262.41 2219.29 2176.47 1987.74 1905.46 1988.91 1906.47 1844.68 1808.83 1877.33 1963.01 2054.83 1953.80 1843.59 1753.75 1526.99 1133.43 1399.89 1430.10 1462.97
1497.42 1360.08 1676.06 1921.25 1984.46 2063.55 2150.20 1957.04 1703.85 1323.98 1060.36 1015.06 1197.37 1436.96 1651.23 1819.14 1909.17 1999.10 2091.65 2133.61 2191.85 2262.41 2265.59 2269.68
2273.85 2267.65 2259.89 2254.05 2247.31 2241.61 2235.90 2167.21 2089.73 2010.77 1908.44 1636.30 1904.94 1650.61 1522.14 1785.39 1885.03 2000.54 2124.41 2162.75 2201.08 2239.37 2224.62 2220.83
2230.26 2263.31 2297.85 2333.11 2497.31 2638.89 2761.76 2784.88 2804.48 2826.92 2774.17 2721.00 2677.36 2658.32 2659.09 2678.89 2680.28 2689.85 2708.09 2649.63 2595.30 2549.58 2629.21 2708.98
2725.44 2746.67 2746.14 2730.46 2695.96 2660.65 2626.12 2642.83 2655.38 2668.41 2614.22 2560.66 2511.58 2442.78 2370.28 2295.36 2185.73 2058.87 1905.95 1984.65 2064.24 2110.57 2083.06 2057.44
2078.66 2098.43 2124.72 2159.48 2088.26 2007.78 1919.33 1909.33 1919.39 1944.71 1956.97 1975.00 1970.19 1965.60 2016.81 2100.55 2127.67 2168.99 2225.89 2231.13 2244.85 2271.04 2268.86 2265.94
2262.82 2259.67 2255.98 2253.15 2198.44 2135.69 2063.87 1898.25 1686.94 1417.20 1421.39 1810.55 2024.92 2097.77 2197.05 2308.29 2278.24 2240.78 2194.59 2230.38 2270.58 2314.70 2301.24 2291.01
2285.14 2294.63 2304.07 2313.35 2297.37 2281.37 2261.39 2331.52 2386.32 2434.35 2390.74 2348.82 2311.82 2248.24 2189.61 2135.03 2120.62 2104.93 2089.73 2148.51 2221.77 2305.54 2282.62 2259.60
2233.48 2224.18 2214.59 2202.06 2289.77 2364.41 2404.91 2386.96 2328.98 2269.85 2269.00 2285.21 2312.20 2384.80 2475.19 2568.79 2538.62 2506.61 2473.94 2518.56 2562.73 2606.92 2621.34 2637.57
2655.62 2547.15 2463.87 2433.08 2429.32 2447.35 2483.91 2574.81 2666.21 2757.94 2756.06 2755.79 2761.46 2759.76 2759.75 2751.80 2740.40 2729.59 2720.44 2749.76 2780.47 2816.95 2689.40 2539.12
2365.07 2383.73 2409.35 2441.89 2426.72 2406.83 2394.73 2395.07 2354.54 2303.94 2194.85 2090.01 1993.03 1956.89 1996.16 2081.61 2133.30 2207.33 2297.00 2316.58 2336.22 2356.23 2299.16 2247.87
2211.47 2226.72 2242.11 2256.78 2232.31 2208.54 2184.90 2078.24 1973.87 1894.88 1851.40 1849.60 1876.58 1468.55 1792.03 2129.23 2193.51 2269.37 2352.04 2347.45 2341.60 2335.50 2330.57 2326.50
2324.51 2327.50 2331.67 2338.79 2322.06 2311.84 2311.79 2220.36 2120.83 2023.90 1786.20 1495.50 1141.88 1291.65 1611.25 1822.08 1938.09 2057.09 2171.75 2191.91 2213.66 2237.89 2269.55 2303.43
2337.64 2271.64 2204.96 2139.26 2151.70 2163.46 2175.42 2091.85 1993.54 1886.17 2034.43 2156.50 2247.96 2204.96 2166.23 2132.00 2085.94 2078.42 2129.42 2156.02 2188.85 2221.76 2176.02 2129.18
2088.98 1941.66 1751.13 1478.51 1540.42 1690.69 1837.43 1674.73 1456.76 1756.80 1696.00 1644.35 1602.96 1668.30 1756.68 1851.01 1924.12 2016.50 2118.59 2156.95 2196.14 2236.50 2233.01 2229.01
2224.79 2224.40 2223.48 2224.24 2214.77 2206.13 2198.11 2153.88 2103.91 2051.71 1919.37 1870.66 1955.53 1927.21 1888.31 1859.02 1890.75 1866.88 1851.75 1862.25 1881.73 1908.73 1925.96 1949.99
1977.14 1913.90 1873.65 1864.98 1854.09 1843.86 1832.72 1750.49 1649.69 1535.16 1704.87 1907.85 2062.98 2078.33 2072.94 2017.76 2010.89 2006.22 1951.56 1769.31 1398.20 1448.82 1448.92 1185.77
1663.41 2080.50 2369.87 2599.29 2617.64 2640.55 2671.47 2706.59 2742.28 2780.19 2758.33 2737.65 2719.49 2695.46 2672.82 2647.84 2584.17 2515.35 2439.69 2322.96 2186.80 2027.32 1937.74 1835.83
1720.59 1546.29 1705.29 1714.50 1686.60 1662.22 1641.31 1708.77 1769.45 1821.53 1656.38 1692.03 1842.08 1951.03 2058.49 2157.31 2109.89 2051.36 1987.00 2048.20 2110.55 2174.25 2153.61 2145.39
2154.51 2121.35 2093.16 2074.37 2070.27 2065.54 2060.90 2023.79 1992.19 1967.09 1967.44 1960.54 1948.67 1932.08 1935.59 1953.79 1970.29 2035.73 2137.45 2159.17 2182.09 2205.29 2163.24 2118.12
2069.09 2047.25 2029.56 2014.16 2005.82 1998.11 1988.98 1938.50 1876.79 1804.32 1863.45 1905.82 1937.50 1972.71 1990.06 2010.99 2035.70 2031.33 2048.76 2060.88 2084.51 2118.78 2017.21 1979.72
2018.76 1991.72 2023.91 2104.78 2272.56 2419.63 2547.87 2756.99 2942.67 3114.97 3133.30 3151.81 3171.62 3104.23 3034.93 2955.77 2898.06 2835.19 2767.60 2707.26 2642.07 2571.46 2493.67 2404.25
2302.01 2249.58 2210.55 2188.74 2179.24 2100.58 2115.43 1892.80 1748.72 1496.79 1496.60 1722.57 1901.88 2011.49 2116.15 2212.80 2229.98 2258.54 2295.14 2301.30 2309.20 2319.48 2330.90 2341.15
2350.03 2330.86 2310.51 2289.62 2279.68 2268.34 2258.20 2276.74 2338.26 2415.86 2317.20 2286.25 2312.29 2341.74 2370.33 2398.48 2297.30 2235.78 2264.74 2101.50 1843.66 1611.76 1687.62 1961.68
2197.41 2237.71 2251.20 2297.94 2293.21 2296.85 2309.08 2254.03 2188.19 2109.11 2108.40 2137.72 2181.51 2107.27 2036.17 1969.32 1898.93 1849.28 1839.79 1688.62 1743.17 1817.49 1780.48 1756.46
1747.89 1741.76 1740.02 1743.47 1735.67 1739.00 1750.02 1744.48 1731.49 1713.25 1878.81 1998.50 2088.54 2157.08 2221.81 2283.76 2270.94 2261.44 2253.67 2247.14 2243.10 2243.65 2239.12 2233.88
2229.07 2190.95 2148.65 2104.70 2104.44 2104.55 2105.65 2022.72 1926.55 1814.26 1958.03 2059.68 2133.69 2222.19 2301.35 2373.02 2325.27 2271.41 2206.35 2199.78 2195.50 2192.02 2159.93 2135.63
2123.00 1928.69 1756.63 1936.54 1844.00 2009.07 2256.42 2296.95 2330.83 2348.58 2344.63 2354.30 2371.65 2286.03 2199.51 2110.43 1997.88 1864.92 1710.54 1547.78 1520.52 1683.41 1674.22 1719.55
1799.50 1885.60 1977.86 2067.53 1990.83 1909.31 1822.91 1887.99 1953.02 2010.19 2057.28 2090.72 2113.40 2003.67 1826.56 1744.99 1690.96 1674.55 1646.99 1649.13 1649.67 1651.81 1688.32 1724.01
1760.56 1745.99 1756.13 1791.47 1811.13 1834.09 1859.79 1743.71 1796.29 1931.24 1969.15 2004.19 2036.18 2093.42 2148.47 2201.37 2197.17 2201.85 2213.33 2217.13 2222.10 2227.93 2211.84 2194.80
2177.80 2169.41 2161.14 2149.75 2133.20 2114.92 2093.99 2097.78 2126.75 2165.74 2284.29 2372.60 2441.39 2415.69 2359.81 2201.77 2254.94 2214.21 2124.04 2124.98 2126.09 2127.92 2119.47 2123.24
2140.50 2079.63 2016.89 1952.47 1889.11 1508.40 1499.07 1894.66 1793.12 1832.15 2053.98 2216.81 2356.25 2422.10 2490.17 2560.60 2571.34 2587.03 2605.27 2609.85 2617.59 2628.83 2594.86 2569.44
2557.07 2543.96 2535.34 2531.29 2498.37 2468.97 2444.14 2456.93 2455.17 2387.28 2239.79 2092.41 1961.60 1773.85 1535.09 1211.59 1604.97 1874.27 1984.45 2019.68 2110.66 2148.60 2125.71 2100.97
2064.06 1918.32 1805.31 1800.53 1552.86 1836.25 2128.02 2127.51 2137.93 2151.14 2103.42 2055.35 2008.19 1998.14 2052.44 2139.25 2100.78 2058.13 2006.56 1854.12 1708.96 1679.05 1826.33 1953.26
2068.34 2049.82 2028.81 2008.07 2062.39 2114.78 2165.49 2174.15 2178.15 2174.98 2127.74 2082.18 2041.10 2059.17 2084.02 2113.74 2087.18 2066.84 2053.12 2037.32 2025.53 2022.65 2014.43 2005.70
1996.64 1874.37 1786.23 1797.23 1925.76 2054.65 2176.73 2174.10 2171.03 2161.13 2129.35 2101.51 2078.26 1941.11 1813.84 1728.25 1551.06 1646.16 1902.23 1972.14 2040.87 2109.86 2168.36 2226.00
2280.57 2169.58 2048.24 1925.98 1753.84 1768.82 1949.91 2048.14 2127.11 2185.54 2378.75 2521.15 2628.73 2724.12 2815.69 2905.77 2884.08 2862.27 2838.03 2750.48 2657.28 2570.04 2471.85 2398.66
2383.39 2363.43 2342.17 2320.29 2291.90 2262.01 2231.03 2206.81 2176.93 2138.86 2113.27 2152.73 2226.89 2179.74 2178.47 2199.76 2224.06 2252.08 2273.96 2227.63 2189.88 2166.98 2172.59 2134.26
2099.95 2135.86 2193.55 2265.18 2322.00 2381.74 2440.98 2389.49 2332.40 2271.52 2363.53 2446.06 2516.66 2481.62 2447.24 2409.58 2353.74 2293.60 2225.93 2135.10 2036.92 1940.33 1960.14 1996.60
2045.90 1989.99 1955.96 1952.38 2009.30 2061.72 2113.87 2069.75 2028.15 1986.70 2007.63 2083.46 2171.35 2284.62 2381.78 2461.64 2412.80 2362.73 2307.22 2278.88 2249.05 2216.90 2096.25 2054.20
2122.20 2077.74 2050.70 2046.15 2146.99 2251.11 2356.10 2462.49 2555.14 2632.73 2765.51 2878.98 2980.35 2952.01 2928.00 2876.59 2759.78 2619.42 2436.03 2411.73 2385.49 2354.95 2346.92 2362.66
2401.75 2385.66 2373.82 2367.17 2373.01 2374.03 2376.39 2368.18 2354.90 2332.12 2334.84 2359.42 2395.12 2366.31 2345.32 2329.25 2314.40 2297.84 2273.74 2231.14 2189.43 2151.04 2130.25 2107.90
2086.50 1969.83 1835.78 1683.38 1526.45 1310.33 1242.15 1311.04 1454.11 1564.35 1742.07 1953.40 2113.93 2160.77 2217.51 2278.92 2249.45 2235.41 2239.53 2242.54 2247.44 2255.80 2256.22 2257.24
2258.65 2212.76 2164.04 2114.11 1964.50 1801.32 1670.09 1775.93 1957.96 2107.45 2089.39 2125.09 2020.68 2026.82 2036.22 2049.56 1973.83 1882.70 1774.16 1736.86 1728.70 1755.97 1781.61 1816.13
1860.37 1846.63 1833.13 1821.42 1890.49 1966.19 2041.79 1948.23 1885.90 1865.54 1847.15 1856.92 1893.33 1979.94 2058.99 2129.77 2110.58 2095.26 2079.77 2088.92 2098.70 2113.55 2140.49 2166.93
2195.55 2198.53 2200.85 2200.32 2138.60 2065.13 1984.07 1840.13 1799.61 1880.07 1923.69 1952.87 1970.37 1919.73 1892.21 1899.32 1904.26 1992.53 2128.62 2214.08 2229.05 2246.29 2263.86 2397.46
2562.30 2491.51 2397.21 2310.96 2316.06 2331.01 2355.13 2383.76 2407.81 2421.96 2361.63 2305.62 2255.41 2201.38 2152.94 2108.68 2038.70 2011.44 2045.97 2001.04 1953.28 1903.23 1695.64 1750.92
1736.38 1800.88 1861.75 1922.50 1971.71 2019.13 2065.52 1983.47 1894.55 1788.34 1853.41 1930.36 2001.33 2133.72 2246.10 2344.72 2306.86 2266.69 2218.83 2214.57 2209.19 2205.66 2199.75 2192.71
2187.22 2167.86 2155.50 2152.13 2082.74 2117.90 2230.04 2150.29 2064.51 1966.10 1874.31 1794.35 1728.80 1917.14 2059.04 2171.67 2192.08 2201.96 2208.85 2266.31 2333.25 2362.98 2371.88 2381.61
2392.37 2389.75 2389.86 2391.60 2373.00 2341.17 2309.65 2300.23 2265.42 2225.08 2144.00 2286.63 2495.79 2458.48 2428.26 2405.90 2397.88 2390.35 2380.37 2294.49 2193.45 2076.36 2048.79 2003.94
1969.95 1988.05 2009.00 2017.52 1875.39 1706.56 1609.47 1525.20 1394.57 1689.66 1722.90 1943.07 2132.44 2146.27 2174.22 2213.14 2200.16 2198.06 2205.13 2209.46 2233.02 2274.02 2267.85 2261.55
2258.11 2228.60 2198.05 2164.55 2147.11 2142.64 2155.37 2135.34 2118.09 2092.50 2132.92 2182.07 2229.25 2307.22 2379.88 2447.66 2409.30 2371.72 2331.64 2323.79 2315.41 2307.36 2304.18 2300.41
2296.89 2278.12 2259.76 2242.47 2235.21 2229.61 2227.03 2177.25 2123.58 2062.66 1991.36 1968.04 1979.47 1905.44 1808.11 1702.12 1778.26 1854.18 1926.47 2017.25 2059.09 2102.97 2055.15 2030.22
1920.00 1739.43 1660.08 1800.35 1875.16 1949.00 2068.22 2025.18 1938.41 1848.48 1875.93 1871.91 1847.33 1934.61 1972.44 1996.96 1950.46 1897.01 1824.73 1776.98 1783.85 1822.27 1624.89 1532.15
1704.95 1451.00 1287.39 1581.85 1695.95 1808.11 1909.74 1977.87 2044.90 2097.53 2141.05 2200.76 2198.36 2228.88 2297.02 2338.38 2292.63 2242.17 2180.23 2208.70 2240.01 2276.01 2262.85 2248.65
2233.30 2208.18 2184.66 2165.03 2121.65 2124.57 2174.58 2080.32 2023.59 2010.27 2042.87 2071.88 2095.56 2159.40 2253.58 2354.69 2320.52 2282.85 2235.53 2257.15 2287.08 2324.74 2298.19 2274.24
2258.26 2248.43 2246.97 2255.04 2240.31 2238.89 2249.73 2335.15 2412.19 2472.90 2491.88 2510.16 2526.47 2601.44 2672.56 2739.80 2630.43 2502.03 2344.27 2314.78 2285.28 2259.81 2242.30 2243.11
2264.03 2305.90 2349.10 2392.74 2390.99 2385.62 2389.65 2329.39 2278.89 2233.45 2189.86 2159.29 2132.49 2199.70 2268.22 2335.76 2288.69 2235.65 2168.69 2203.53 2223.16 2245.99 2241.74 2243.64
2251.29 2295.37 2350.73 2415.14 2419.59 2425.01 2430.42 2351.92 2263.65 2162.05 2071.84 1989.59 1920.78 1931.72 1972.03 2028.17 2088.05 2179.74 2285.84 2283.95 2281.74 2279.11 2253.66 2231.88
2214.88 2145.89 2099.88 2088.80 2125.93 2162.17 2197.82 2164.00 2132.44 2092.49 2147.19 2186.33 2215.53 2325.91 2429.18 2523.93 2453.31 2393.53 2358.31 2347.79 2335.88 2320.06 2275.47 2231.14
2188.17 2161.94 2136.08 2109.92 2177.33 2244.87 2314.83 2249.23 2176.49 2090.33 2083.88 2095.17 2115.63 1969.05 1841.09 1770.80 1858.44 1942.59 2020.14 2083.62 2166.78 2258.64 2174.98 2084.71
1986.66 1693.28 1486.30 1810.88 1825.82 1851.88 1884.05 1909.85 1931.53 1885.43 1742.32 1632.98 1484.39 1477.25 1522.73 1595.60 1658.33 1760.96 1871.94 2012.11 2142.28 2264.67 2209.53 2164.77
2137.23 2033.38 1914.05 1770.82 1691.31 1674.71 1732.89 1709.56 1729.98 1768.84 1750.01 1734.00 1715.35 1780.99 1850.55 1921.45 2008.48 2098.00 2180.80 2172.67 2163.19 2154.13 2146.99 2140.24
2134.53 2053.04 1960.41 1855.27 1814.92 1774.16 1735.75 1748.53 1763.62 1771.45 1728.70 1803.76 1903.64 1910.71 1971.36 2048.97 2088.31 2174.70 2289.37 2275.08 2265.89 2265.10 2209.32 2147.98
2080.16 2036.29 1989.40 1940.14 1961.52 1982.72 2005.14 1955.35 1921.60 1895.26 1862.73 1840.81 1826.04 1916.99 1994.92 2062.75 2099.42 2150.79 2209.09 2203.24 2198.20 2191.14 2193.09 2191.65
2190.61 2183.91 2177.42 2174.37 2163.07 2166.10 2185.92 2127.19 2070.90 2003.55 1986.93 1965.32 1940.54 2010.51 2081.63 2150.57 2138.25 2130.93 2126.71 2146.14 2166.67 2190.11 2115.93 2034.83
1949.71 1929.05 1917.55 1918.81 1924.81 1942.71 1970.85 1896.73 1821.27 1729.88 1700.23 1670.34 1660.59 1470.82 1653.33 1894.81 1778.91 1583.85 1330.08 1487.67 1740.00 1943.78 2032.07 2112.66
2186.33 2205.52 2227.37 2246.96 2325.45 2366.21 2406.67 2468.70 2493.59 2446.10 2383.77 2336.63 2305.88 2351.18 2395.12 2440.31 2391.21 2340.17 2287.39 2281.82 2288.52 2308.17 2376.38 2353.91
2335.42 2342.74 2406.75 2504.14 2339.64 2157.67 1970.07 1899.59 1888.81 1940.61 1823.75 1940.23 2115.04 2255.54 2344.25 2422.53 2420.76 2404.03 2342.23 2322.13 2305.97 2295.71 2273.63 2252.03
2228.60 2078.18 2090.07 2258.74 2310.35 2359.93 2407.76 2450.11 2505.64 2515.77 2547.44 2550.98 2565.51 2589.68 2618.88 2651.00 2536.01 2402.19 2240.07 2267.05 2297.56 2332.70 2331.50 2342.00
2365.36 2371.37 2378.14 2373.87 2374.47 2362.83 2352.78 2372.10 2388.70 2391.70 2364.84 2338.99 2313.36 2327.04 2353.45 2391.52 2329.91 2272.20 2219.82 2128.99 2025.57 1906.02 1923.26 1943.61
1965.10 1926.11 1883.55 1839.20 1909.35 1974.69 2035.97 1984.10 1958.12 1950.73 2006.91 2054.32 2094.32 2133.81 2175.37 2217.07 2198.18 2182.23 2165.66 2184.17 2203.65 2222.50 2247.47 2274.01
