2065.57 2183.51 2291.20 2388.95 2446.67 2501.95 2556.65 2630.57 2697.46 2755.63 2727.16 2700.09 2673.82 2676.25 2682.55 2695.18 2595.84 2484.09 2346.84 2370.17 2393.81 2416.17 2429.01 2442.27
2454.28 2465.83 2478.79 2488.83 2446.11 2402.32 2359.89 2392.41 2424.28 2452.64 2458.89 2468.18 2478.34 2433.34 2389.60 2350.67 2271.01 2184.99 2080.62 2128.76 2164.39 2201.17 2129.82 2055.91
1979.84 2056.05 2136.35 2215.74 2197.88 2184.85 2160.37 2098.46 2126.24 2245.96 2272.14 2297.88 2308.06 2231.56 2156.41 2106.73 2105.62 2101.48 2084.40 2190.40 2300.60 2413.19 2450.72 2488.29
2524.56 2480.54 2434.47 2388.88 2438.26 2486.02 2532.71 2503.96 2478.88 2444.20 2422.68 2400.94 2375.16 2307.44 2238.92 2171.44 2071.11 1966.06 1862.57 1779.12 1718.05 1713.87 1904.86 2059.19
2194.99 2168.44 2139.17 2110.82 2112.97 2113.63 2115.90 2040.00 1956.55 1856.28 1887.59 1914.35 1937.50 1987.75 2036.97 2084.37 2104.55 2129.35 2151.44 2119.61 2086.19 2054.32 2078.56 2099.46
2121.11 2141.76 2163.89 2187.39 2193.63 2204.60 2217.18 2186.08 2156.59 2124.08 2231.20 2320.16 2391.10 2389.95 2393.02 2401.70 2371.15 2340.99 2305.30 2313.07 2322.65 2332.71 2375.08 2417.88
2459.42 2476.51 2495.08 2511.95 2499.69 2487.27 2471.91 2461.71 2451.46 2439.99 2334.29 2220.71 2136.98 2099.45 2066.65 2041.17 2074.10 2099.40 2118.81 2114.34 2113.86 2123.22 2137.88 2154.35
2172.35 2177.04 2180.49 2184.57 2080.61 1963.16 1842.83 1826.33 1818.89 1810.54 1757.33 1913.53 2086.78 2156.69 2242.31 2331.78 2303.41 2271.99 2232.68 2308.28 2384.06 2461.02 2483.41 2505.26
2529.02 2466.50 2399.14 2325.91 2281.77 2234.68 2182.77 2169.95 2162.28 2155.06 2181.16 2231.40 2294.00 2254.64 2218.21 2187.20 2191.96 2196.30 2194.17 2085.13 1961.85 1826.45 1741.87 1649.57
1550.05 1672.51 1877.29 2057.37 1978.09 1886.80 1780.88 1802.57 1846.01 1900.17 1910.55 1964.13 2038.03 2106.82 2171.27 2229.21 2186.52 2140.93 2091.48 2077.42 2062.79 2051.70 2061.31 2074.32
2088.93 2138.70 2190.20 2240.80 2260.98 2281.16 2302.51 2375.92 2445.88 2513.21 2499.27 2487.24 2476.03 2482.75 2489.03 2495.10 2494.59 2495.64 2494.94 2418.79 2343.21 2272.16 2233.70 2195.16
2156.87 2119.93 2098.02 2099.76 2082.25 2094.65 2135.90 2240.71 2395.00 2545.00 2615.39 2693.67 2769.04 2768.86 2773.65 2782.50 2714.16 2639.37 2555.07 2522.67 2497.84 2485.33 2480.91 2468.58
2437.18 2408.69 2379.00 2338.48 2291.50 2242.00 2186.75 2265.78 2330.01 2380.54 2371.44 2366.01 2366.47 2357.70 2351.79 2349.71 2327.40 2311.25 2299.61 2232.05 2156.73 2072.93 2107.38 2143.91
2177.71 2146.24 2110.75 2074.79 2069.71 2065.62 2064.77 2010.70 1979.31 1974.32 1954.20 1923.47 1900.14 1865.75 1835.17 1809.01 1635.88 1472.62 1476.48 1369.89 1270.25 1259.07 1388.32 1499.30
1598.84 1629.44 1708.84 1803.63 1765.19 1744.26 1746.32 1762.25 1772.34 1775.59 1928.47 2048.35 2147.93 2144.38 2148.04 2156.77 2146.02 2136.16 2118.19 2097.96 2084.35 2080.80 2071.88 2064.89
2063.70 2104.42 2142.56 2179.86 2197.32 2215.32 2233.94 2225.57 2212.08 2191.54 2285.86 2372.75 2446.59 2473.54 2503.11 2535.22 2515.69 2497.73 2480.33 2499.42 2519.59 2537.98 2531.62 2527.20
2523.09 2515.17 2506.33 2498.89 2415.36 2328.33 2239.55 2175.29 2137.57 2123.04 2021.00 2037.30 2115.09 2115.66 2122.39 2134.67 1985.11 1828.45 1767.25 1745.90 1732.88 1728.94 1560.77 1314.05
1171.71 1395.69 1578.35 1721.61 1868.91 1995.02 2107.08 2178.67 2238.89 2283.65 2365.64 2430.85 2477.59 2518.36 2565.91 2618.42 2592.17 2567.10 2541.34 2522.03 2497.85 2467.76 2452.04 2442.91
2441.56 2209.52 2253.18 2426.88 2655.88 2881.99 3097.07 3117.37 3136.43 3154.06 3167.59 3183.17 3191.84 3146.01 3103.20 3065.11 3030.73 2995.79 2959.13 2907.01 2851.78 2794.11 2744.90 2688.73
2626.48 2557.41 2481.39 2400.08 2317.09 2229.40 2140.83 2125.41 2105.96 2078.37 1867.29 1677.20 1659.38 1649.70 1840.54 2036.89 2081.03 2132.50 2183.90 2151.85 2130.59 2122.90 2174.82 2229.08
2283.07 2268.88 2254.45 2242.13 2266.60 2292.15 2321.21 2436.59 2532.25 2608.24 2661.18 2701.50 2735.21 2760.49 2787.09 2815.06 2780.74 2745.77 2704.26 2741.76 2778.78 2812.13 2790.94 2771.93
2754.88 2729.71 2703.09 2676.15 2667.96 2660.56 2654.33 2642.05 2627.97 2610.72 2522.07 2431.79 2346.59 2368.22 2389.66 2385.60 2240.40 2080.45 1916.74 1759.18 2225.22 2586.69 2751.02 2912.53
3069.20 2977.84 2869.35 2745.77 2797.88 2849.64 2901.39 2883.64 2862.89 2839.82 2824.94 2810.36 2796.88 2717.82 2638.91 2559.42 2466.77 2359.32 2230.09 2115.84 2035.29 2033.40 1946.08 1904.49
1937.99 1933.72 1933.36 1933.11 1900.33 1878.36 1863.46 1793.93 1725.65 1656.86 1686.01 1715.81 1744.96 1627.09 1687.70 1846.45 1961.19 2074.49 2184.31 2216.26 2265.65 2330.15 2353.01 2376.68
2401.78 2353.83 2305.42 2256.97 2190.53 2135.77 2105.56 2107.29 2101.08 2088.19 2021.34 2036.13 2106.09 2062.60 2025.76 1997.00 1967.73 1954.10 1955.45 1895.53 1890.80 1934.81 1938.41 1943.12
1943.50 1947.95 1950.39 1952.15 1936.84 1921.38 1899.99 1815.27 1725.10 1639.55 1140.02 1623.55 1916.46 1758.28 1565.46 1293.40 1374.14 1540.61 1699.60 1663.26 1627.33 1590.52 1509.13 1650.28
1813.34 1762.43 1723.82 1696.16 1775.17 1883.48 1998.64 1983.23 1971.90 1957.23 1992.95 2064.75 2145.53 2098.98 2060.59 2029.77 1907.01 1754.15 1565.88 1587.09 1841.23 2069.09 2107.52 2143.61
2179.26 2165.00 2149.60 2137.33 2166.47 2203.22 2245.29 2194.09 2139.46 2074.11 1952.11 1823.65 1882.13 1954.77 2285.39 2569.65 2676.35 2783.00 2887.85 2910.94 2932.11 2947.07 2891.66 2829.66
2765.29 2743.40 2720.56 2699.60 2570.31 2437.39 2316.92 2177.50 2010.89 1811.21 1636.18 1422.25 1211.17 1303.86 1392.48 1475.50 1205.72 1411.24 1727.17 1815.28 1916.41 2018.18 1997.49 1983.68
1977.49 1776.06 1545.30 1570.52 1571.80 1634.39 1719.86 1622.14 1512.05 1398.24 1682.30 1902.77 2063.88 2185.99 2295.82 2395.14 2338.31 2275.46 2203.25 2236.89 2271.24 2309.14 2267.29 2230.77
2200.87 2207.68 2215.11 2221.18 2211.97 2206.27 2193.97 2234.19 2265.18 2291.52 2296.01 2302.22 2315.32 2341.47 2365.69 2388.10 2378.81 2373.96 2376.28 2358.73 2343.06 2328.33 2301.31 2274.48
2250.06 2142.26 2029.69 1921.60 1922.69 1926.42 1935.58 1831.73 1709.38 1563.36 1738.91 1877.70 1979.66 1933.54 1901.06 1886.41 1934.30 1987.75 2047.51 2052.73 2056.31 2059.26 2076.40 2098.99
2127.09 2112.27 2099.35 2083.83 2069.45 2056.73 2046.21 1982.59 1908.11 1818.52 2014.00 2157.39 2278.71 2305.97 2333.57 2363.89 2308.98 2247.14 2181.07 2184.14 2188.66 2195.79 2248.26 2301.28
2355.66 2322.48 2290.09 2259.60 2237.80 2217.54 2196.42 2233.59 2262.90 2284.99 2336.65 2386.59 2434.62 2430.09 2426.86 2429.27 2400.60 2371.89 2345.17 2366.90 2391.53 2414.88 2413.31 2411.55
2411.87 2392.33 2371.95 2351.67 2328.66 2305.48 2282.27 2260.64 2240.89 2220.69 2182.37 2150.32 2127.24 2004.12 1871.55 1728.42 1618.58 1607.07 1717.89 1733.71 1785.41 1861.26 1877.84 1894.89
1914.40 1923.11 1949.90 1990.31 2005.85 2019.37 2034.58 2003.63 1961.55 1911.06 1981.67 2041.25 2091.87 2149.19 2202.16 2254.21 2186.06 2106.47 2016.03 2066.66 2116.39 2156.97 2197.76 2235.26
2275.82 2298.68 2322.50 2345.84 2318.04 2287.85 2257.44 2223.96 2184.49 2135.39 2207.85 2268.33 2322.01 2272.00 2229.71 2195.19 2113.77 2018.51 1910.87 1942.83 1987.80 2042.89 2219.44 2368.99
2484.97 2526.61 2566.52 2605.46 2556.55 2525.89 2534.54 2370.33 2403.71 2604.21 2599.49 2640.61 2733.62 2755.38 2778.84 2809.65 2760.76 2708.24 2655.46 2693.17 2730.70 2770.50 2755.09 2745.34
2743.13 2717.85 2703.35 2698.93 2675.35 2654.10 2634.20 2645.94 2657.70 2676.60 2634.58 2590.65 2550.63 2534.14 2516.89 2504.85 2436.03 2366.59 2299.03 2254.17 2208.21 2164.20 2178.90 2198.10
2219.19 2236.72 2256.47 2269.96 2362.57 2466.75 2573.32 2538.03 2498.79 2457.95 2367.12 2270.65 2172.90 2152.43 2136.39 2129.09 2158.67 2192.66 2228.06 2121.86 2000.05 1862.75 1796.07 1774.92
1809.91 1915.11 2009.72 2093.68 2048.40 2004.88 1963.84 2004.61 2045.93 2092.34 2011.10 1932.48 1866.81 1847.42 1872.10 1920.09 1975.59 2035.54 2097.36 2011.81 1925.83 1848.67 1858.20 1875.77
1899.17 1903.02 1925.40 1963.72 1985.80 2009.92 2031.05 2162.04 2267.21 2353.16 2368.72 2383.90 2399.28 2323.91 2255.64 2215.90 2101.11 1962.40 1788.62 1869.37 1989.88 2121.11 2140.56 2179.02
2233.48 2201.93 2327.34 2518.01 2602.85 2759.18 2943.07 2876.86 2804.40 2729.13 2651.51 2572.36 2496.17 2411.57 2330.02 2257.81 2154.54 2028.39 1876.99 1708.04 1515.88 1484.39 1725.56 1927.25
2094.38 2017.20 1945.52 1890.11 1945.18 1997.49 2047.30 2035.93 2030.28 2027.30 2236.89 2399.52 2525.38 2544.15 2564.60 2586.50 2566.05 2543.37 2521.85 2559.08 2592.52 2625.66 2640.49 2661.98
2689.85 2686.76 2684.36 2682.40 2715.49 2747.90 2781.37 2791.51 2795.49 2793.39 2770.74 2744.93 2711.97 2617.41 2522.68 2431.36 2345.21 2250.79 2153.00 2150.97 2150.31 2134.94 2122.83 2109.01
2090.75 2021.08 1999.04 2036.73 2008.26 1981.67 1955.98 1956.93 1991.09 2044.64 1995.20 2026.44 2086.70 1953.72 1922.62 1966.70 1922.43 1985.24 2137.16 2327.49 2501.96 2667.10 2624.15 2575.35
2521.51 2516.06 2514.43 2515.29 2468.23 2416.25 2361.09 2350.10 2340.98 2332.00 2192.57 2073.37 1998.96 1986.08 1981.87 1987.19 1985.48 2014.31 2071.37 2086.73 2102.46 2119.97 2091.12 2076.42
2078.90 1807.32 1538.15 1765.46 1908.82 2043.55 2167.69 2274.07 2361.34 2412.11 2481.64 2530.43 2582.71 2536.49 2502.27 2482.42 2432.47 2373.24 2306.02 2286.95 2263.91 2234.80 2389.31 2541.25
2686.84 2653.27 2620.17 2585.40 2579.77 2576.25 2572.52 2623.34 2663.82 2699.66 2656.10 2616.01 2581.42 2540.43 2503.69 2471.98 2450.23 2426.48 2405.32 2386.22 2366.70 2346.82 2359.27 2381.72
2410.11 2460.28 2516.14 2569.52 2570.14 2572.34 2576.46 2567.11 2554.85 2540.27 2477.55 2414.05 2351.13 2233.01 2101.25 1951.95 2085.46 2201.80 2306.89 2131.84 1885.92 1562.43 1745.06 1930.62
2089.27 1756.45 1711.10 2045.80 2034.63 1996.08 1964.77 1965.54 1995.93 2050.63 2001.67 1971.34 1958.50 1986.23 2017.74 2050.79 1843.58 1781.43 1961.86 1976.01 1973.91 1993.99 2008.73 2034.91
2069.34 2097.07 2142.72 2200.77 2112.90 2067.65 2087.22 2020.13 1949.20 1889.43 2138.69 2332.96 2488.53 2459.40 2434.88 2407.45 2401.51 2403.94 2416.30 2392.15 2371.74 2352.61 2324.31 2288.55
2251.31 2185.47 2122.62 2068.54 2167.38 2258.19 2341.59 2344.60 2341.83 2305.76 2250.38 2195.32 2145.37 2168.51 2186.61 2207.54 2233.40 2248.19 2263.46 2241.81 2232.37 2243.49 2155.10 2086.10
2059.64 2044.60 2054.52 2083.59 2011.34 1992.87 2035.47 2014.45 2100.95 2224.66 2425.74 2586.58 2718.17 2715.63 2716.79 2724.53 2697.87 2668.39 2636.31 2589.30 2551.44 2532.57 2498.06 2530.39
2620.11 2530.02 2426.18 2306.45 2294.19 2286.44 2287.88 2287.72 2274.43 2247.54 2258.23 2302.27 2364.28 2236.37 2097.18 1944.44 1950.19 1965.89 1994.93 2006.24 2004.27 2002.53 2004.16 2014.78
2032.96 2118.54 2198.79 2272.87 2249.97 2224.30 2197.92 2120.55 2075.16 2071.69 2211.05 2321.53 2412.33 2425.92 2441.52 2459.57 2366.13 2256.64 2134.30 2212.65 2293.12 2373.44 2312.13 2248.16
2183.90 2124.72 2058.15 1984.29 1921.49 1885.82 1881.13 1932.34 1973.99 2013.52 2045.81 2073.07 2097.92 2122.39 2147.86 2172.31 2204.20 2235.70 2271.81 2303.53 2336.45 2377.49 2331.43 2288.16
2249.15 2179.79 2118.26 2071.86 1967.52 1847.76 1705.68 1648.23 1638.68 1658.93 1637.19 1618.07 1605.62 1653.83 1765.13 1861.09 1776.18 1694.76 1645.33 1508.04 1673.76 1922.54 2147.12 2336.86
2506.31 2497.61 2487.55 2477.79 2525.03 2573.18 2621.54 2643.88 2660.57 2674.88 2618.26 2563.44 2509.43 2453.96 2386.85 2312.63 2210.18 2095.45 2005.08 1942.28 1943.86 2024.55 2027.46 2062.06
2117.12 2079.95 2081.09 2115.76 2126.96 2136.74 2147.51 2071.19 1984.07 1893.77 1802.51 1744.99 1723.78 1784.28 1842.38 1892.03 1961.71 2025.77 2091.10 2012.93 2003.27 2114.06 2120.21 2127.76
2134.12 2145.59 2157.14 2168.38 2202.17 2236.77 2271.22 2254.18 2255.80 2300.17 2164.68 2016.57 1845.72 1774.73 1707.62 1649.11 1762.62 1965.17 2158.31 2248.69 2332.87 2413.18 2382.94 2353.41
2327.84 2363.38 2399.13 2435.96 2494.47 2575.92 2671.15 2741.67 2805.70 2868.18 2885.66 2904.79 2920.66 2941.05 2965.41 2988.93 2953.81 2917.99 2880.54 2875.85 2869.79 2863.04 2864.72 2873.27
2889.13 2886.30 2884.03 2880.96 2899.59 2920.08 2940.43 2909.30 2876.68 2844.12 2819.14 2795.77 2772.82 2750.89 2731.54 2712.11 2692.36 2673.23 2658.23 2537.48 2393.94 2220.31 2187.15 2155.09
2119.48 2139.73 2161.81 2184.25 2156.85 2138.62 2127.50 2224.35 2302.64 2371.37 2379.72 2391.98 2405.49 2348.65 2294.07 2242.06 2184.23 2141.22 2130.19 2058.38 1975.56 1880.57 1791.87 1828.04
1960.10 1812.36 1824.77 1987.43 1830.22 1628.83 1327.96 1492.94 1691.11 1830.21 2038.68 2241.57 2404.41 2427.11 2453.34 2482.51 2441.67 2400.54 2360.82 2355.76 2351.20 2351.11 2376.93 2412.27
2453.64 2470.34 2486.62 2505.10 2501.53 2498.08 2494.51 2528.59 2549.80 2564.10 2553.39 2546.68 2541.76 2529.04 2520.95 2515.39 2486.08 2457.04 2430.16 2446.38 2459.01 2470.75 2501.11 2534.44
2571.23 2586.00 2601.66 2617.17 2578.34 2537.65 2481.03 2403.02 2311.01 2212.79 2211.35 2224.20 2244.65 2183.48 2147.36 2139.18 2058.55 1982.75 1925.58 2003.32 2074.50 2140.05 2226.45 2311.22
2391.13 2419.77 2447.75 2475.61 2493.31 2511.55 2524.95 2537.39 2576.92 2617.29 2586.43 2591.70 2624.62 2529.26 2433.03 2335.66 2220.56 2089.75 1923.53 1765.63 1547.90 1302.63 1346.03 1534.40
1701.49 1807.32 1896.61 1983.78 2054.96 2137.68 2222.55 2247.08 2258.41 2270.44 2298.79 2323.90 2349.19 2381.79 2414.85 2441.07 2427.38 2415.94 2409.16 2387.19 2358.04 2323.30 2331.35 2340.97
2353.86 2426.63 2494.47 2560.26 2574.36 2587.69 2601.68 2570.34 2527.54 2478.79 2464.99 2453.83 2438.56 2408.04 2369.91 2335.69 2335.24 2334.46 2336.18 2322.22 2303.41 2284.49 2287.54 2296.08
2301.80 2299.22 2287.16 2282.50 2271.13 2265.45 2264.09 2285.97 2308.35 2334.40 2317.12 2313.67 2307.65 2315.66 2332.04 2348.46 2316.85 2288.66 2265.92 2314.22 2357.84 2402.40 2504.60 2603.69
2698.34 2768.67 2837.59 2903.60 2889.09 2892.10 2911.35 2766.05 2597.90 2396.12 2449.69 2517.48 2579.80 2595.37 2626.14 2669.49 2627.98 2585.78 2544.83 2525.88 2498.62 2466.65 2474.69 2487.11
2502.94 2465.61 2437.67 2424.01 2463.43 2536.26 2627.57 2551.59 2472.13 2391.69 2450.93 2532.16 2623.11 2576.18 2532.18 2492.82 2404.56 2307.85 2202.22 2212.37 2219.17 2225.82 2239.83 2255.34
2270.50 2299.40 2339.67 2385.41 2350.83 2315.41 2277.16 2393.19 2485.12 2561.89 2549.77 2547.62 2552.13 2511.00 2473.97 2440.07 2367.90 2290.72 2207.07 2197.14 2187.25 2186.39 2191.17 2196.05
2200.73 2231.67 2263.10 2295.46 2293.46 2290.58 2289.66 2208.27 2092.37 1967.23 1931.00 1939.86 1977.04 1922.81 1887.65 1877.71 1813.11 1753.63 1711.63 1775.50 1834.53 1893.92 1914.50 1945.18
1984.34 1944.99 1905.23 1865.78 1834.59 1799.68 1759.58 1684.61 1610.35 1560.80 1418.39 1502.45 1648.67 1512.22 1357.97 1211.77 1406.83 1574.47 1725.39 1620.11 1470.86 1264.88 1509.23 1680.27
1821.15 1832.57 1863.61 1910.38 1977.40 2037.47 2100.14 1941.95 1751.14 1510.50 1383.12 1431.45 1557.44 1666.97 1752.63 1833.22 1814.57 1811.83 1838.33 1784.93 1718.85 1643.72 1562.88 1515.98
1535.61 1598.36 1704.18 1812.88 1731.39 1644.40 1556.62 1667.10 1748.79 1814.34 1882.94 1992.56 2100.92 2119.12 2145.14 2180.04 2143.22 2105.17 2070.42 2030.58 1977.97 1921.87 1953.63 1983.95
2011.36 1948.26 1887.15 1831.57 1696.92 1530.02 1304.33 1469.92 1546.63 1587.84 1719.86 1862.92 1995.67 1992.58 2042.03 2101.70 2051.99 2000.97 1945.14 1941.46 1933.96 1930.52 1670.62 1497.44
1466.67 1529.00 1586.56 1643.68 1761.27 1864.28 1955.83 1921.44 1876.57 1825.20 1858.55 1894.50 1928.72 1870.60 1826.47 1800.78 1757.55 1709.21 1663.42 1534.86 1450.25 1605.68 1631.13 1658.17
1689.83 1842.42 1981.40 2105.84 2055.40 2003.37 1948.25 1861.82 1765.84 1666.72 1750.79 1848.49 1931.45 1949.54 1973.31 2000.70 2043.47 2092.25 2148.71 2170.06 2184.71 2199.01 2201.14 2211.48
2227.23 2221.60 2221.99 2224.18 2193.98 2171.66 2161.30 2168.58 2182.45 2202.35 2262.33 2328.36 2389.12 2370.95 2355.51 2339.93 2359.46 2382.76 2410.62 2395.28 2371.76 2343.38 2386.00 2430.68
2478.09 2431.03 2381.34 2328.41 2280.69 2226.88 2171.37 2241.49 2297.64 2342.42 2284.00 2228.68 2174.66 2113.64 2050.52 1982.77 1953.54 1923.75 1897.20 1777.74 1613.27 1371.75 1251.39 1474.13
1599.97 1692.86 1894.61 2089.69 2179.40 2266.97 2342.26 2362.08 2372.44 2376.18 2365.98 2358.01 2351.13 2365.38 2382.52 2403.89 2383.75 2357.85 2335.00 2298.07 2250.05 2194.70 2196.28 2199.17
2204.77 2190.75 2176.63 2163.13 2155.00 2146.61 2134.72 2108.77 2078.20 2043.81 1924.71 1768.74 1633.86 1697.83 1766.38 1837.46 1860.31 1893.11 1922.99 1938.79 1974.30 2035.94 2009.98 1994.78
1992.62 2056.41 2116.14 2173.61 2169.64 2168.81 2169.87 2179.43 2200.91 2227.98 2232.60 2242.72 2258.25 2254.72 2254.39 2256.86 2227.38 2196.33 2169.94 2190.59 2207.75 2226.25 2231.23 2238.86
2247.40 2225.83 2202.15 2179.18 2157.64 2133.43 2109.22 2223.97 2310.64 2378.28 2397.51 2414.91 2432.09 2443.59 2459.32 2477.11 2468.04 2459.51 2457.02 2454.66 2447.00 2440.13 2419.62 2398.76
2376.95 2307.93 2232.96 2150.57 2154.83 2161.39 2170.22 2249.03 2327.04 2393.68 2415.19 2435.14 2444.18 2476.51 2513.87 2555.83 2535.23 2514.29 2498.21 2491.63 2477.73 2459.23 2464.90 2472.18
2479.82 2468.95 2458.41 2449.72 2234.65 1957.90 1890.52 2193.49 2473.88 2703.54 2778.65 2854.01 2906.29 2862.92 2806.89 2753.99 2765.04 2778.32 2797.50 2794.52 2786.75 2775.66 2715.51 2653.42
2589.69 2609.27 2631.36 2656.07 2611.81 2563.23 2514.24 2557.35 2593.35 2620.74 2561.71 2503.83 2446.97 2420.08 2399.84 2385.69 2376.76 2371.42 2372.28 2297.34 2205.65 2102.76 2108.10 2115.36
2125.14 2088.72 2061.23 2036.65 1967.24 1885.31 1795.18 1720.48 1642.56 1544.08 1341.14 1164.72 1135.67 1353.84 1592.62 1751.02 1794.64 1839.67 1880.50 1772.08 1683.40 1684.76 1774.13 1863.49
1953.07 1971.18 2004.51 2043.54 2013.82 1997.97 2000.65 2103.82 2179.00 2234.51 2187.68 2144.79 2107.47 2051.72 2009.92 1977.66 1944.42 1978.94 2080.05 2110.10 2136.57 2162.69 2160.67 2163.55
2171.82 2183.91 2200.59 2221.03 2182.88 2146.59 2116.93 2129.28 2133.40 2139.19 2235.13 2316.27 2390.95 2456.17 2522.45 2588.44 2603.26 2618.32 2634.84 2618.27 2604.41 2598.63 2613.62 2634.31
2661.82 2642.16 2623.93 2606.44 2509.24 2399.97 2272.58 2231.39 2187.38 2138.84 1940.57 1835.21 1929.88 1628.86 1491.36 1767.66 1815.44 1868.23 1928.95 1980.16 2022.95 2067.40 2064.42 2061.14
2058.35 2052.09 2046.85 2040.99 2046.70 2054.21 2061.59 2057.78 2061.67 2071.54 2067.78 2067.46 2070.56 2084.74 2103.49 2126.43 2119.88 2115.80 2112.16 2106.00 2091.49 2079.41 2049.11 2018.94
1988.67 2010.88 2064.85 2137.75 2122.90 2108.54 2098.15 2019.35 1937.84 1838.75 1743.76 1799.29 1962.53 2075.60 2218.47 2341.95 2336.39 2332.46 2330.28 2244.68 2134.04 2001.94 1963.17 1928.58
1905.63 1858.75 1850.77 1884.49 1818.77 1749.47 1679.88 1540.20 1477.78 1513.39 942.41 1478.61 1754.98 1680.10 1687.39 1738.99 1846.34 1969.58 2078.27 2036.41 1962.64 1885.53 1766.68 1570.66
1259.81 1436.34 1745.93 1961.29 1962.48 1968.19 1976.46 2026.71 2070.79 2104.65 2048.08 2018.54 2011.90 2060.06 2112.50 2167.12 2121.87 2071.25 2002.46 2031.27 2039.26 2046.09 1981.35 1914.59
1848.94 1727.71 1577.23 1367.08 1344.29 1346.70 1283.35 1413.02 1512.57 1579.38 1534.30 1587.23 1672.74 1692.55 1723.70 1760.66 1765.46 1777.24 1802.36 1892.03 1971.30 2051.95 2062.11 2072.24
2081.93 2142.10 2201.38 2257.33 2261.64 2267.19 2272.94 2321.90 2359.92 2385.29 2411.02 2442.67 2472.88 2483.07 2497.06 2512.01 2529.56 2548.31 2570.50 2594.55 2608.35 2620.92 2621.47 2622.78
2625.77 2540.64 2447.14 2348.28 2270.97 2182.61 2079.53 1989.29 2015.58 2103.08 2212.08 2333.95 2456.38 2373.71 2287.10 2192.45 2001.65 1748.27 1323.95 1538.86 1733.28 1899.67 1953.79 2009.68
2063.91 2136.48 2212.63 2287.95 2272.51 2261.20 2255.36 2364.00 2444.36 2502.96 2515.33 2531.19 2548.33 2536.44 2530.32 2526.12 2507.92 2490.52 2476.04 2440.75 2407.85 2388.79 2401.77 2416.32
2429.36 2506.53 2577.46 2614.27 2645.51 2680.87 2718.11 2764.42 2813.27 2856.99 2749.19 2635.22 2519.55 2287.35 2093.79 2098.88 2049.01 1999.92 1959.54 2272.48 2555.74 2801.45 2852.43 2902.27
2951.47 2936.31 2922.74 2912.35 2826.45 2733.59 2631.23 2597.11 2566.48 2537.33 2470.30 2405.07 2341.66 2278.36 2232.70 2208.07 2052.89 1881.01 1747.84 1738.19 1897.41 2103.99 2153.52 2201.35
2248.06 2244.07 2239.35 2235.92 2235.25 2236.79 2238.62 2287.01 2329.90 2360.83 2428.23 2490.82 2543.81 2515.57 2494.06 2476.26 2454.87 2433.59 2412.13 2388.78 2348.95 2300.39 2359.91 2420.06
2480.94 2431.64 2378.60 2319.46 2285.18 2249.47 2212.57 2302.92 2376.24 2431.46 2428.54 2427.79 2429.37 2439.83 2462.16 2493.23 2488.71 2486.19 2482.97 2507.96 2524.60 2540.63 2535.21 2532.70
2535.88 2488.77 2436.81 2381.48 2299.14 2208.47 2105.35 2214.60 2301.57 2374.20 2356.40 2340.34 2311.19 2322.01 2341.29 2365.70 2367.10 2370.82 2378.57 2386.65 2384.43 2379.96 2318.36 2282.54
2282.00 2156.14 2005.76 1799.05 1776.75 1780.83 1814.69 1369.72 2000.45 2337.73 2439.33 2542.82 2626.89 2641.36 2652.98 2662.84 2611.66 2557.59 2497.98 2401.52 2278.20 2139.07 2119.93 2117.01
2131.62 2169.79 2212.93 2259.03 2269.97 2282.13 2294.30 2373.72 2450.39 2515.94 2534.78 2562.48 2587.53 2564.38 2542.99 2521.93 2466.54 2398.30 2322.08 2276.93 2210.90 2126.76 2000.26 1919.22
1941.82 1884.96 1824.53 1762.60 1681.36 1588.54 1461.85 1497.42 1552.77 1604.76 1796.99 1936.27 2040.18 2040.14 2052.18 2075.15 2040.25 2006.98 1975.77 2018.05 2060.29 2113.70 2122.25 2132.05
2140.63 2165.79 2190.11 2215.35 2197.85 2179.33 2158.12 2191.62 2219.75 2239.87 2289.41 2331.03 2364.16 2384.26 2407.69 2430.84 2429.27 2429.51 2433.41 2414.84 2382.24 2343.29 2350.60 2360.37
2373.63 2358.08 2342.70 2328.35 2274.80 2216.96 2152.30 2194.62 2229.74 2253.23 2212.01 2176.50 2145.43 2176.98 2210.82 2248.05 2240.14 2232.92 2225.30 2206.05 2170.89 2128.41 2146.39 2164.38
2183.32 2127.66 2070.07 2013.76 2018.90 2038.51 2064.60 2084.07 2111.00 2133.87 2139.60 2191.24 2257.08 2186.06 2115.28 2053.83 1958.54 1854.23 1749.26 1709.11 1663.38 1627.29 1521.39 1411.88
1341.39 1409.26 1689.29 2038.30 1887.65 1687.57 1340.98 1161.60 1445.85 1643.95 1770.89 1915.28 2050.07 2047.84 2046.87 2064.03 2066.59 2068.98 2071.21 2021.05 1961.32 1898.56 1887.29 1898.55
1931.68 1939.84 1946.98 1956.71 1969.43 1979.75 1991.54 1985.75 1980.06 1967.58 1980.28 2008.27 2044.27 2066.59 2095.63 2128.68 2085.75 2040.04 1993.83 1979.48 1958.67 1947.86 1977.67 2020.74
2072.47 2028.91 2060.86 2156.96 2134.17 2140.43 2176.36 2187.57 2205.79 2212.90 2140.18 2090.81 2065.99 2018.98 1975.86 1948.24 1929.00 1912.13 1898.47 1943.20 1979.09 2018.74 2021.78 2032.16
2050.76 2077.81 2107.51 2137.54 2129.67 2128.62 2128.42 2162.07 2190.82 2207.68 2261.55 2315.55 2362.47 2345.32 2333.25 2324.61 2254.98 2165.11 2057.09 2049.47 2046.08 2041.68 2018.88 2004.82
1998.43 1958.57 1916.82 1900.15 1898.72 1904.25 1952.65 1895.44 1851.39 1813.39 1922.49 2034.09 2129.82 2147.74 2171.24 2196.74 2217.43 2239.58 2264.68 2300.71 2325.87 2347.82 2369.12 2391.55
2417.87 2377.69 2334.39 2287.51 2250.94 2213.33 2169.54 2191.42 2207.84 2213.11 2255.22 2299.09 2346.14 2309.06 2276.75 2259.31 2182.67 2109.58 2051.47 2067.34 2073.58 2082.45 2074.66 2068.50
2065.59 2099.41 2132.90 2166.53 2179.79 2192.51 2200.83 2251.99 2302.40 2346.87 2400.18 2449.72 2490.61 2480.95 2476.14 2481.29 2485.40 2489.98 2498.40 2468.02 2428.62 2383.71 2348.10 2310.47
2272.82 2265.01 2258.06 2249.86 2246.43 2243.11 2235.43 2202.23 2153.25 2095.84 2072.03 2065.05 2070.09 2158.36 2243.57 2334.50 2303.59 2281.34 2268.25 2225.24 2165.54 2097.33 2091.48 2098.34
2117.85 2018.46 1906.03 1772.08 1801.27 1857.87 1929.76 1779.46 1574.16 1317.13 1004.87 902.26 1097.54 1017.82 1295.39 1569.35 1650.88 1729.14 1805.67 1859.65 1874.32 1894.81 1909.14 1925.66
1944.49 1906.99 1874.95 1850.15 1772.39 1718.65 1703.01 1730.84 1752.67 1766.66 1824.85 1899.71 1989.60 2026.59 2065.35 2100.83 2061.10 2017.91 1970.44 1824.11 1724.41 1806.92 1840.78 1886.39
1941.66 1938.41 1933.98 1931.44 1981.18 2031.17 2064.20 2144.62 2212.55 2264.91 2217.55 2173.28 2137.60 2107.21 2084.89 2070.40 2029.06 1990.10 1954.48 1944.07 1928.42 1919.81 1856.97 1797.18
1750.66 1810.12 1866.90 1921.98 1856.29 1813.30 1797.84 1888.22 1970.62 2032.97 2009.49 1994.35 1984.68 1990.94 2001.94 2019.12 2041.14 2070.65 2107.31 2092.66 2063.88 2031.40 2063.27 2093.67
2124.35 2114.59 2109.45 2112.66 2058.53 2007.87 1956.05 1933.97 1910.28 1872.61 1902.27 1945.62 1989.95 1963.20 1946.61 1943.25 1952.62 1978.38 2023.21 2049.29 2063.05 2074.64 2059.50 2048.94
2046.89 2006.49 1965.49 1921.71 1820.87 1791.37 1857.75 1777.39 1736.38 1725.07 1901.23 2041.75 2168.25 2193.77 2223.39 2270.92 2290.29 2313.26 2342.74 2295.74 2234.77 2167.63 2174.73 2181.00
2187.04 2143.82 2098.41 2050.68 2082.97 2119.13 2152.71 2137.11 2120.82 2098.23 1929.14 1708.95 1478.13 1846.36 2095.25 2260.59 2263.70 2275.30 2297.63 2231.41 2138.79 2023.58 2038.30 2056.85
2081.01 2044.14 2003.49 1959.75 1782.30 1609.01 1382.08 1505.18 1833.24 2041.68 2169.07 2286.99 2393.59 2404.03 2422.76 2453.21 2466.70 2482.98 2502.17 2518.99 2527.31 2520.93 2538.22 2556.16
2574.00 2549.12 2513.40 2474.67 2491.81 2509.69 2521.84 2478.57 2436.12 2394.09 2369.44 2354.73 2348.28 2338.97 2348.24 2374.67 2343.08 2312.88 2280.26 2182.39 2071.21 1957.04 1894.44 1824.83
1747.91 1603.39 1438.47 1338.63 1599.07 1759.88 1890.98 1866.67 1852.03 1876.44 1813.84 1769.35 1752.42 1635.19 1496.35 1303.16 1160.16 1109.13 1255.99 1493.78 1772.38 1984.44 1978.45 1984.36
2005.10 1978.81 1958.86 1942.88 1915.71 1888.46 1858.26 1844.10 1820.15 1793.70 1786.76 1789.76 1802.07 1670.63 1544.60 1455.11 1292.22 1149.39 1294.84 1257.33 1239.89 1278.53 1321.06 1360.60
1399.76 1529.85 1668.58 1793.77 1829.47 1870.51 1905.65 1802.79 1695.42 1575.56 1627.05 1683.38 1738.30 1668.06 1616.69 1602.92 1671.04 1744.27 1819.60 1788.17 1749.02 1719.61 1695.11 1682.30
1685.59 1618.31 1603.63 1652.71 1635.08 1623.34 1573.69 1456.44 1402.71 1456.70 1565.70 1685.75 1787.94 1581.42 1443.80 1546.81 1718.95 1866.07 1999.86 1965.86 1940.23 1944.32 1911.95 1891.94
1888.13 1866.53 1846.00 1826.84 1840.90 1860.73 1872.53 1827.88 1783.63 1729.73 1749.04 1769.34 1792.74 1796.73 1809.25 1840.69 1858.38 1880.44 1910.28 1937.85 1961.20 1993.71 1989.58 1991.19
1997.28 1963.64 1928.66 1893.18 1838.44 1790.00 1745.86 1888.45 2006.40 2091.45 2086.96 2086.66 2091.10 2099.97 2116.47 2142.73 2139.06 2140.87 2147.25 2136.82 2111.27 2079.37 2121.50 2169.05
2222.45 2226.50 2229.51 2232.97 2192.75 2150.15 2101.08 2181.06 2245.06 2289.71 2305.43 2322.38 2338.48 2361.94 2390.67 2425.83 2441.70 2460.01 2480.32 2486.67 2482.52 2475.60 2445.87 2416.24
2389.38 2389.44 2390.25 2391.04 2397.52 2407.98 2415.38 2446.67 2473.98 2495.78 2478.57 2469.75 2488.21 2462.24 2433.08 2396.92 2399.71 2402.68 2405.17 2327.81 2226.49 2099.14 2136.05 2177.79
2222.94 2172.91 2125.85 2087.23 1966.30 1831.74 1697.77 1597.75 1707.83 1851.82 1907.35 1987.00 2070.48 2074.35 2093.33 2128.21 2108.11 2096.51 2098.32 2101.58 2097.48 2090.04 2070.06 2050.29
2026.37 2021.40 2025.36 2036.70 2066.54 2096.60 2122.11 2133.10 2189.73 2250.43 2330.03 2409.46 2483.99 2479.73 2479.32 2485.94 2521.33 2559.78 2600.19 2588.84 2567.70 2543.99 2563.24 2583.03
2602.50 2588.76 2576.76 2565.33 2539.23 2512.28 2477.53 2426.00 2381.22 2335.84 2317.33 2358.75 2429.64 2401.69 2377.80 2357.86 2303.85 2254.97 2214.16 2159.13 2097.76 2049.43 2064.08 2077.68
2091.89 2078.30 2063.98 2049.67 2018.88 1989.91 1951.29 2012.83 2056.81 2073.13 2085.86 2105.50 2128.00 2203.65 2278.37 2359.63 2364.46 2371.65 2379.61 2341.76 2287.45 2219.64 2256.87 2293.45
2331.68 2335.32 2339.39 2345.53 2328.50 2312.62 2291.27 2292.74 2292.63 2283.47 2298.94 2313.99 2326.65 2322.52 2327.79 2343.80 2366.82 2392.82 2420.88 2412.06 2393.70 2372.36 2363.59 2358.68
2360.09 2317.18 2271.66 2221.22 2166.52 2108.24 2036.31 2109.93 2166.17 2205.01 2267.87 2323.91 2374.62 2359.71 2353.16 2356.38 2334.85 2313.41 2292.15 2265.38 2223.14 2168.68 2133.76 2095.87
2059.95 2032.46 2010.64 1996.43 1996.25 1996.92 1988.09 2048.22 2104.37 2142.33 2200.23 2263.86 2331.52 2271.59 2224.22 2188.94 2189.23 2204.31 2236.91 2212.00 2173.44 2124.79 2144.99 2174.96
2213.86 2145.12 2070.35 1989.72 1959.28 1940.94 1928.61 1973.24 2008.15 2025.87 2078.10 2135.97 2192.19 2151.87 2124.21 2112.52 2105.55 2111.58 2128.85 2129.87 2118.51 2098.44 2078.04 2067.13
2069.38 2069.98 2073.30 2081.32 2052.51 2025.70 1991.09 1982.34 1977.36 1964.99 2097.17 2244.56 2374.29 2361.65 2360.60 2374.76 2375.51 2381.83 2391.12 2373.27 2345.78 2312.70 2295.44 2277.58
2260.82 2244.70 2226.71 2208.81 2249.32 2288.81 2318.02 2350.45 2375.23 2386.76 2391.79 2397.03 2406.50 2397.40 2394.29 2405.61 2391.60 2377.94 2361.11 2351.97 2330.18 2298.90 2319.95 2343.91
2370.37 2308.25 2239.97 2166.08 2138.64 2111.88 2076.43 2069.03 2066.56 2068.02 2112.84 2159.64 2224.91 2153.77 2081.67 2006.70 1831.83 1646.39 1568.32 1399.54 1618.29 1893.60 1844.30 1790.58
1732.95 1682.23 1627.50 1571.08 1711.27 1828.02 1924.30 1961.24 1993.54 2017.84 2048.37 2079.79 2109.36 2075.77 2057.15 2056.46 2055.17 2062.25 2078.61 2016.83 1931.63 1820.22 1876.48 1934.32
1991.94 1976.57 1965.33 1956.14 1935.70 1898.82 1855.05 1812.21 1770.94 1730.71 1565.78 1490.17 1517.92 1478.95 1479.28 1509.20 1546.94 1598.76 1659.74 1637.35 1600.48 1554.75 1540.25 1532.63
1537.93 1513.68 1509.87 1528.80 1518.89 1510.05 1484.84 1473.49 1454.62 1428.72 1313.08 1310.13 1388.75 1393.05 1415.79 1450.27 1406.73 1498.27 1667.00 1674.46 1706.22 1764.80 1687.64 1634.39
1629.28 1612.03 1603.49 1612.43 1568.35 1617.95 1732.71 1624.18 1544.08 1484.50 1467.33 1454.45 1453.47 1367.20 1352.21 1443.58 1622.84 1762.86 1886.09 1841.89 1784.76 1723.13 1695.53 1665.29
1631.84 1687.19 1764.52 1850.43 1825.40 1806.47 1789.09 1756.91 1737.74 1723.11 1643.03 1576.82 1551.98 1647.48 1735.38 1816.36 1759.81 1701.00 1634.98 1669.65 1705.69 1745.12 1779.57 1819.28
1863.13 1865.77 1879.18 1904.42 1854.49 1804.89 1742.90 1749.88 1758.89 1763.55 1663.62 1570.11 1504.21 1524.29 1601.64 1709.43 1799.76 1875.09 1946.31 1942.75 1938.06 1938.12 1904.99 1884.90
1882.48 1871.80 1867.91 1871.35 1806.41 1737.33 1655.18 1736.75 1801.46 1864.52 1781.78 1702.99 1649.05 1737.82 1821.37 1881.14 1837.50 1817.12 1828.93 1853.38 1882.25 1917.83 1922.94 1931.69
1942.87 1743.49 1632.99 1758.71 1591.49 1365.90 1100.08 1369.47 1550.09 1669.94 1604.42 1611.98 1699.53 1729.06 1778.18 1848.62 1670.75 1504.35 1523.18 1234.20 1431.97 1735.99 1740.12 1759.76
1796.42 1818.36 1848.27 1864.81 1915.64 1942.98 1963.09 1950.04 1946.56 1950.72 1948.11 1947.85 1954.02 1952.18 1979.38 2033.87 2047.97 2064.83 2081.74 2053.84 2016.99 1963.73 1940.19 1905.66
1869.59 1764.36 1651.82 1554.97 1622.67 1701.59 1772.15 1639.83 1566.64 1571.13 1556.44 1550.38 1546.23 1593.25 1641.33 1686.92 1699.58 1741.26 1814.32 1806.56 1832.97 1903.85 1840.47 1770.78
1695.17 1644.80 1594.80 1548.64 1501.32 1467.14 1434.52 1546.97 1661.58 1748.07 1602.14 1556.46 1656.16 1725.21 1814.25 1890.35 1860.65 1832.45 1803.42 1850.93 1907.07 1970.73 2081.29 2189.24
2291.57 2344.94 2397.81 2450.76 2476.04 2501.43 2521.65 2503.06 2483.59 2464.00 2409.49 2358.05 2305.10 2319.83 2333.64 2349.04 2338.98 2329.56 2323.32 2265.36 2185.29 2077.90 2068.01 2057.55
2045.97 2039.81 2034.30 2028.67 1984.45 1936.08 1877.67 1725.33 1575.96 1597.45 1605.20 1590.17 1596.18 1411.85 1184.60 1065.36 1197.46 1479.85 1689.99 1729.89 1779.83 1838.27 1849.21 1866.65
1887.65 1894.46 1904.97 1921.53 1787.53 1624.68 1414.49 1400.58 1558.18 1678.72 1636.53 1749.46 1885.01 1841.50 1906.64 2026.70 2009.16 2024.68 2080.25 2078.49 2064.75 2040.49 2044.77 2050.13
2055.02 2015.88 1968.51 1919.13 1867.50 1817.33 1763.36 1724.65 1686.15 1647.94 1678.91 1701.44 1738.59 1716.03 1701.53 1688.90 1784.52 1893.62 2014.74 1994.95 1967.14 1932.28 1961.38 1990.64
2020.72 2027.15 2034.99 2044.30 1998.81 1950.32 1886.97 1976.76 2059.88 2122.45 2121.91 2138.41 2162.59 2170.18 2181.86 2194.80 2202.19 2210.50 2221.38 2235.14 2242.59 2247.68 2260.10 2271.63
2285.74 2288.66 2294.09 2300.55 2283.06 2266.12 2238.76 2287.81 2323.98 2346.13 2320.05 2296.13 2273.92 2272.40 2277.07 2285.78 2304.57 2323.33 2347.25 2330.66 2305.43 2274.19 2348.68 2423.17
2496.30 2369.79 2218.57 1971.97 2081.49 2145.21 2211.37 2227.92 2246.78 2257.47 2264.00 2270.42 2274.26 2210.61 2152.15 2127.52 2127.80 2120.54 2110.82 2052.92 1985.50 1910.86 1925.32 1950.18
1984.76 1990.80 2000.84 2014.35 2011.56 2018.27 2029.32 2050.49 2067.69 2079.54 2047.82 2011.48 1981.54 1893.80 1816.09 1758.22 1666.11 1558.62 1441.55 1189.27 1182.56 1559.89 1517.52 1478.96
1451.52 1471.91 1503.49 1541.09 1424.24 1396.10 1484.11 1492.48 1510.41 1526.47 1469.29 1420.59 1378.42 1313.30 1275.23 1269.48 1228.64 1311.66 1469.62 1596.60 1704.42 1800.88 1857.17 1912.23
1963.09 1992.94 2054.60 2130.77 2150.26 2171.28 2185.91 2189.17 2192.91 2192.90 2183.66 2176.26 2170.78 2146.60 2118.01 2089.01 2050.33 2008.51 1962.54 1957.16 1941.74 1913.90 1660.87 1213.20
1269.54 1305.32 1417.64 1578.40 1624.03 1693.69 1756.33 1876.03 1966.98 2034.24 2033.10 2033.97 2037.42 2043.09 2056.38 2072.85 2078.97 2085.28 2096.79 2085.82 2061.85 2027.00 2093.74 2159.32
2224.85 2233.14 2242.53 2253.89 2252.83 2251.68 2241.26 2242.75 2238.60 2224.28 2224.40 2223.06 2220.54 2208.86 2202.88 2198.76 2205.07 2213.04 2226.66 2223.76 2209.75 2183.22 2202.62 2225.43
2252.23 2248.81 2246.64 2246.64 2225.29 2203.58 2173.43 2207.05 2231.67 2242.34 2248.03 2255.42 2269.13 2233.74 2204.83 2185.31 2194.03 2206.76 2226.07 2216.57 2199.41 2174.50 2170.61 2166.66
2165.26 2204.87 2247.44 2290.62 2293.64 2296.73 2293.22 2345.22 2390.46 2426.70 2385.94 2348.22 2320.77 2262.23 2205.95 2140.65 2186.26 2234.90 2290.99 2130.36 1903.99 1611.79 1783.48 1919.98
1995.57 1968.10 1933.63 1880.78 1766.73 1649.11 1555.24 1664.62 1775.68 1860.61 1833.26 1809.96 1780.63 1837.28 1898.81 1960.79 1986.67 2014.25 2040.00 2000.76 1945.39 1880.52 1879.87 1873.92
1871.07 1862.01 1854.24 1849.24 1823.53 1802.95 1777.05 1791.25 1798.36 1798.95 1805.47 1824.73 1851.56 1909.30 1966.19 2020.90 2033.36 2046.80 2065.39 2060.82 2045.74 2015.95 1994.56 1973.31
1950.77 1939.30 1925.78 1911.62 1865.61 1815.03 1751.21 1858.14 1936.52 1991.04 2029.45 2065.70 2098.29 2081.80 2080.81 2092.21 2081.57 2073.44 2072.96 2045.28 2003.71 1947.58 1934.61 1927.92
1932.09 1870.09 1802.72 1730.53 1702.46 1676.62 1636.87 1701.35 1753.03 1790.37 1818.16 1843.87 1868.12 1818.46 1786.04 1773.26 1848.99 1927.45 2010.53 1991.53 1958.24 1912.89 1905.18 1895.52
1887.25 1888.29 1889.06 1891.85 1857.99 1834.56 1813.23 1870.40 1914.78 1943.50 1919.37 1899.90 1884.44 1827.35 1794.50 1788.06 1771.45 1756.35 1748.26 1761.81 1768.55 1766.82 1774.21 1781.46
1789.91 1765.56 1750.87 1749.59 1656.88 1549.85 1400.38 1486.64 1562.13 1617.16 1456.60 1266.15 1030.66 805.03 1201.61 1425.18 1610.82 1753.91 1891.31 1904.97 1914.54 1924.35 1887.31 1861.50
1856.11 1767.22 1694.92 1663.65 1584.98 1510.80 1442.12 1439.42 1430.05 1418.18 1538.09 1636.10 1741.44 1833.65 1919.74 1998.10 2022.81 2049.78 2076.00 2016.18 1939.29 1846.84 1820.61 1808.60
1808.73 1787.19 1769.52 1752.66 1748.61 1748.06 1741.64 1735.99 1796.02 1873.13 1844.76 1824.65 1794.85 1805.20 1832.30 1881.95 1937.85 1992.75 2048.17 2021.72 1985.81 1940.94 1926.06 1919.90
1921.76 1888.47 1858.02 1837.96 1826.26 1830.24 1839.77 1842.95 1865.48 1888.14 1864.91 1846.63 1829.66 1876.31 1936.58 2009.16 2065.70 2123.12 2183.62 2158.98 2130.77 2102.54 2049.98 1991.49
1928.04 1911.79 1902.72 1903.82 1875.56 1847.94 1811.57 1885.11 1947.73 1991.62 1988.07 1988.32 2014.52 2048.85 2085.94 2125.11 2179.40 2233.87 2291.99 2224.60 2136.21 2022.16 2011.15 2000.50
1988.18 1958.15 1931.61 1912.32 1918.60 1923.83 1920.15 1969.40 2020.67 2060.41 2043.04 2031.15 2022.68 2048.64 2075.56 2113.56 2113.76 2115.36 2119.99 2086.51 2035.46 1964.06 1968.64 1977.40
1988.30 2008.49 2031.55 2055.25 2042.43 2029.63 2006.85 2016.16 2025.26 2024.53 2060.33 2095.72 2130.39 2069.28 2009.47 1950.24 1936.55 1937.84 1958.60 1953.94 1944.06 1930.26 1928.09 1936.39
1959.96 1936.20 1918.82 1909.65 1833.16 1745.05 1633.34 1701.25 1765.88 1814.13 1769.43 1726.07 1708.01 1707.41 1736.33 1791.84 1670.52 1522.04 1351.80 1003.66 1138.27 1447.11 1432.01 1429.94
1438.80 1438.93 1513.39 1508.77 1462.63 1516.20 1616.51 1703.07 1777.61 1832.41 1777.87 1728.60 1679.29 1572.11 1453.23 1321.72 1356.86 1545.07 1729.35 1775.21 1817.65 1856.15 1871.57 1890.69
1914.36 1907.30 1898.79 1892.64 1853.69 1814.02 1761.20 1772.76 1783.03 1782.59 1781.48 1793.29 1809.40 1812.39 1832.58 1867.26 1846.71 1826.64 1818.59 1859.75 1893.25 1923.74 1915.97 1911.01
1906.75 1978.96 2050.65 2120.62 2064.79 2004.72 1932.35 1968.13 2005.44 2033.62 1951.01 1874.07 1796.61 1829.98 1871.42 1918.05 1952.63 1990.14 2032.87 2013.38 1978.99 1928.24 1929.64 1930.77
1931.94 1907.00 1883.99 1867.58 1827.90 1789.16 1737.72 1709.14 1686.45 1656.87 1489.62 1431.11 1492.56 1548.05 1603.53 1664.12 1647.79 1639.30 1651.69 1696.25 1743.82 1804.31 1803.92 1801.75
1800.56 1809.26 1831.07 1867.60 1865.76 1861.71 1850.23 1902.37 1945.23 1974.27 1994.53 2029.56 2068.08 2012.27 1955.39 1899.42 1880.28 1863.86 1849.90 1870.57 1883.47 1890.69 1900.54 1919.99
1951.62 1953.57 1955.81 1963.07 1937.54 1911.98 1874.39 1899.60 1911.85 1909.79 1872.36 1830.74 1794.75 1841.57 1887.39 1932.54 1947.07 1964.66 1988.20 1973.71 1943.69 1897.76 1840.71 1778.51
1712.39 1788.50 1872.61 1958.85 1950.38 1940.94 1922.33 1902.02 1881.90 1854.50 1895.30 1933.33 1982.19 2052.32 2120.33 2191.46 2213.58 2236.69 2259.38 2177.30 2060.80 1903.61 1935.15 1967.16
1998.73 1958.55 1917.55 1879.89 1880.05 1894.18 1913.21 1977.51 2030.17 2078.90 2083.35 2099.59 2107.56 2087.95 2071.12 2051.68 2076.79 2104.63 2137.54 2065.98 1966.74 1830.29 1761.49 1690.61
1631.15 1539.34 1452.73 1403.98 1504.42 1675.77 1820.44 1779.20 1746.41 1710.85 1664.98 1624.07 1585.45 1532.99 1479.48 1433.42 1473.66 1529.24 1597.33 1622.93 1674.02 1727.30 1786.08 1843.66
1901.73 1966.01 2014.79 2063.49 2119.37 2172.58 2216.37 2233.41 2248.95 2251.73 2143.77 2030.98 1913.24 1847.09 1795.08 1774.52 1814.29 1863.86 1916.93 1935.69 1942.57 1941.11 1989.69 2040.51
2088.79 2128.09 2166.32 2207.82 2206.99 2205.31 2197.29 2214.19 2224.79 2221.26 2178.54 2140.45 2104.04 2084.13 2072.39 2069.62 2090.70 2120.81 2160.62 2129.43 2077.53 2004.47 2079.42 2153.21
2227.41 2179.36 2129.43 2079.52 2074.57 2069.89 2058.01 2130.25 2185.16 2217.91 2192.76 2169.85 2146.42 2111.59 2080.75 2056.25 2084.95 2121.07 2166.58 2142.04 2096.49 2030.37 2055.83 2083.69
2113.35 2103.62 2097.93 2096.34 2125.28 2154.06 2176.20 2184.29 2186.71 2177.03 2128.25 2084.07 2040.76 2038.20 2039.71 2045.77 2061.53 2079.73 2102.78 2107.17 2099.45 2085.98 2116.26 2152.91
2194.00 2174.36 2156.22 2141.05 2144.59 2148.14 2145.06 2166.99 2182.00 2180.48 2128.84 2081.70 2034.15 2003.25 1975.01 1951.82 1959.22 1975.28 2002.82 2013.03 2007.13 1990.55 2017.75 2052.67
2093.96 2082.29 2071.48 2060.98 2024.97 1987.46 1938.83 1959.07 1973.50 1976.29 1892.33 1811.59 1732.94 1693.51 1666.30 1652.31 1698.75 1759.56 1834.47 1877.99 1909.12 1933.70 1928.42 1928.16
1934.31 1906.04 1891.19 1895.75 1852.68 1808.77 1752.07 1733.25 1772.15 1833.25 1720.72 1774.91 1928.30 1972.61 2039.05 2102.85 2151.06 2204.54 2266.07 2219.50 2152.27 2065.85 2037.60 2008.04
1977.62 1983.57 1988.56 1995.10 1955.36 1911.11 1859.94 1956.70 2037.69 2097.65 2044.58 1996.85 1946.48 1983.29 2018.08 2051.51 2067.08 2094.12 2133.91 2101.94 2052.49 1987.05 1990.95 1992.12
1994.91 1988.89 1983.28 1980.23 1924.69 1863.23 1787.92 1788.39 1817.21 1844.71 1778.22 1719.61 1657.93 1647.88 1640.56 1637.60 1614.72 1593.87 1576.60 1718.65 1822.49 1918.54 1906.66 1892.76
1880.78 1806.02 1727.40 1646.35 1545.67 1442.77 1345.67 1403.57 1462.43 1503.17 1587.47 1705.65 1825.43 1871.37 1916.07 1960.98 1968.48 1976.33 1990.67 1989.79 1981.59 1974.80 1888.79 1792.18
1680.06 1638.50 1594.48 1542.55 1610.07 1673.21 1724.96 1732.86 1735.78 1725.42 1680.94 1642.25 1605.93 1656.58 1710.49 1759.34 1826.00 1890.06 1952.76 1962.34 1962.34 1955.08 1894.45 1841.77
1816.39 1841.75 1867.43 1896.49 1809.71 1739.89 1703.37 1745.22 1805.88 1855.23 1833.76 1815.53 1797.47 1803.96 1813.56 1829.28 1848.29 1873.83 1907.93 1934.67 1949.43 1951.78 1945.86 1934.50
1922.62 1943.30 1967.03 1991.38 1973.04 1956.47 1935.09 1982.87 2041.44 2088.82 2027.16 1969.20 1916.51 1921.68 1932.70 1960.01 2007.32 2059.86 2119.17 2098.72 2065.38 2023.03 2063.94 2104.42
2145.78 2137.79 2131.78 2128.07 2107.09 2086.43 2060.44 2086.64 2130.41 2179.94 2097.52 2021.48 1950.36 1870.63 1787.69 1690.79 1578.94 1452.78 1349.28 1538.95 1719.85 1884.34 1888.63 1895.05
1894.31 1849.11 1815.57 1801.11 1776.16 1750.70 1720.02 1733.62 1760.40 1779.48 1418.48 773.08 1096.71 1355.03 1554.54 1713.28 1809.26 1916.15 2031.18 2013.91 1977.63 1919.53 1859.36 1786.05
1705.63 1738.04 1772.34 1805.75 1808.21 1812.58 1814.56 1761.06 1731.22 1715.41 1729.41 1745.55 1747.44 1752.88 1780.88 1827.38 1866.94 1909.74 1959.29 1961.73 1951.32 1936.88 1925.10 1914.44
1905.26 1872.77 1842.47 1818.59 1794.52 1769.94 1742.25 1705.85 1704.34 1710.69 1721.87 1745.12 1774.37 1774.57 1786.63 1807.19 1836.50 1870.03 1909.38 1917.69 1916.05 1905.80 1909.29 1906.91
1905.24 1899.14 1898.79 1903.89 1873.70 1840.49 1800.75 1782.73 1785.64 1805.37 1789.88 1783.33 1759.37 1757.60 1762.37 1755.23 1763.31 1776.11 1793.59 1841.94 1881.74 1919.90 1901.52 1882.99
1865.71 1851.14 1843.39 1844.37 1837.54 1840.90 1849.68 1859.91 1865.81 1877.76 1890.88 1886.98 1866.45 1836.96 1812.10 1784.74 1764.69 1777.81 1823.24 1865.13 1912.99 1973.99 1958.91 1942.19
1919.07 1877.69 1836.80 1797.62 1741.64 1677.40 1603.55 1547.31 1494.21 1435.31 1239.51 1059.19 996.90 1300.76 1527.28 1709.92 1809.21 1909.12 2005.13 1968.91 1917.55 1860.36 1774.75 1674.07
1550.18 1587.45 1626.72 1665.14 1643.26 1620.44 1591.01 1406.31 1188.56 1009.66 1147.25 1288.38 1403.54 1556.51 1678.89 1786.79 1845.98 1906.05 1967.03 1946.28 1914.28 1870.96 1830.68 1778.51
1721.55 1711.02 1697.94 1686.59 1674.57 1664.71 1656.29 1585.61 1567.23 1560.34 1430.08 1289.53 1165.10 1139.55 1181.59 1270.93 1435.26 1571.20 1689.69 1690.24 1686.99 1687.81 1754.21 1815.78
1872.07 1853.18 1843.74 1846.77 1826.92 1821.27 1834.32 1891.35 1941.06 1972.63 1872.15 1773.83 1669.47 1640.03 1629.96 1639.97 1664.70 1695.18 1732.69 1791.66 1846.30 1905.74 1905.09 1906.39
1909.58 1902.84 1908.42 1927.35 1921.41 1916.41 1906.05 1977.84 2039.00 2084.82 1959.94 1830.59 1681.37 1626.09 1598.09 1603.38 1701.02 1794.55 1888.42 1896.23 1898.42 1908.03 1900.09 1896.78
1895.03 1877.82 1886.63 1920.73 1955.46 1995.00 2027.14 2102.20 2159.77 2196.59 2096.94 1991.32 1876.23 1745.43 1633.60 1560.69 1633.02 1706.74 1781.56 1820.57 1863.36 1913.87 1918.14 1922.55
1926.35 1897.91 1900.08 1934.35 1942.95 1952.77 1961.90 2038.52 2100.61 2138.94 2061.99 1988.48 1910.17 1748.15 1604.68 1542.04 1560.57 1584.22 1613.62 1713.89 1820.65 1925.14 1925.95 1925.70
1933.91 1915.81 1910.09 1916.49 1914.24 1912.12 1910.08 1958.55 1998.32 2019.27 1910.49 1803.89 1699.70 1634.46 1586.57 1559.44 1640.33 1731.85 1830.44 1867.97 1893.97 1917.86 1911.98 1916.08
1930.52 1919.27 1913.77 1912.84 1913.96 1915.76 1917.30 1982.42 2035.35 2065.42 1968.80 1874.13 1780.10 1717.17 1689.04 1700.41 1740.03 1784.14 1834.09 1870.00 1893.07 1913.07 1912.01 1914.35
1921.85 1934.07 1961.61 2002.43 1963.93 1921.02 1871.87 1827.58 1785.12 1733.35 1388.39 702.19 1237.69 1387.94 1546.17 1688.07 1723.11 1765.99 1816.33 1815.83 1798.68 1785.43 1790.31 1796.25
1803.85 1795.47 1786.19 1773.35 1754.32 1735.05 1714.21 1611.87 1522.32 1445.87 1492.02 1537.29 1580.67 1639.62 1696.54 1752.86 1812.18 1898.71 2001.05 1965.07 1909.38 1837.53 1842.62 1846.86
1849.29 1841.60 1831.88 1823.13 1823.88 1823.56 1820.70 1766.05 1738.31 1722.95 1761.51 1800.70 1836.93 1832.42 1833.86 1844.06 1877.71 1913.64 1955.34 1956.20 1943.06 1925.50 1927.90 1932.67
1944.77 1929.68 1917.07 1905.04 1883.51 1861.26 1837.95 1856.13 1868.74 1864.29 1809.19 1758.48 1711.15 1679.40 1674.96 1704.57 1821.55 1931.98 2038.54 2020.35 1983.04 1932.95 1989.54 2047.08
2105.68 2072.70 2049.60 2039.63 2024.72 2012.45 2002.38 2006.30 2007.16 1995.67 1905.47 1816.44 1729.01 1697.33 1690.29 1708.83 1811.98 1918.30 2024.39 2025.30 2012.66 1995.95 2040.46 2089.55
2143.07 2143.12 2153.23 2175.97 2186.38 2199.05 2212.08 2221.83 2223.97 2215.90 2104.12 1993.78 1884.08 1859.09 1856.06 1874.46 1906.08 1940.20 1980.47 1989.57 1983.95 1966.27 1979.22 1986.65
2000.27 1979.83 1959.68 1938.94 1921.54 1902.92 1884.63 1911.24 1932.41 1934.44 1835.87 1750.06 1678.55 1672.74 1707.23 1769.01 1858.64 1948.91 2043.16 1999.40 1932.52 1847.68 1845.72 1855.79
1877.83 1860.95 1854.88 1866.24 1851.06 1845.99 1852.25 1793.91 1765.38 1747.57 1630.49 1583.33 1602.86 1647.97 1696.52 1748.45 1790.08 1833.80 1882.17 1871.96 1846.55 1818.98 1829.00 1836.66
1844.99 1820.61 1805.60 1800.70 1805.94 1820.99 1839.58 1762.72 1696.03 1629.73 1536.95 1533.11 1593.60 1631.38 1673.99 1724.69 1840.70 1949.15 2054.68 2002.03 1925.44 1835.62 1837.48 1840.48
1843.25 1825.26 1829.72 1859.25 1859.79 1861.19 1863.64 1874.12 1915.62 1957.55 1839.13 1733.84 1651.75 1630.54 1640.97 1686.65 1787.55 1884.52 1980.58 2010.62 2017.45 2020.26 2045.30 2076.88
2114.78 2072.00 2031.53 1995.08 1954.07 1910.03 1860.06 1901.98 1940.30 1964.58 1786.19 1645.40 1592.98 1703.58 1817.26 1937.59 1962.92 1999.10 2047.64 2002.14 1936.66 1842.39 1836.43 1829.48
1828.37 1824.61 1824.03 1825.95 1836.81 1846.63 1854.84 1806.06 1758.58 1705.39 1617.43 1613.06 1689.72 1763.87 1831.46 1898.06 1939.99 1984.23 2029.61 1992.98 1944.32 1889.38 1887.70 1887.19
1887.14 1841.16 1795.48 1749.97 1774.90 1798.03 1822.05 1847.53 1883.71 1914.23 1861.50 1814.61 1774.01 1841.63 1911.75 1989.78 2022.69 2062.56 2109.80 2061.35 1995.43 1919.54 1949.31 1977.12
2008.32 1984.87 1962.65 1941.98 1961.59 1985.21 2011.60 2063.81 2104.06 2124.85 2096.85 2069.50 2039.53 2006.47 1977.74 1955.10 1991.29 2030.90 2076.83 2068.44 2051.69 2040.61 2077.39 2123.13
2177.74 2163.02 2147.07 2132.58 2016.44 1886.36 1790.13 1823.15 1879.73 1936.74 1869.91 1812.19 1742.34 1415.93 992.39 1349.53 1456.60 1563.23 1667.11 1579.93 1579.52 1707.19 1747.30 1787.29
1827.59 1824.23 1820.81 1819.94 1797.10 1776.40 1758.33 1795.81 1826.24 1841.59 1745.22 1663.48 1604.71 1599.01 1599.15 1620.24 1714.87 1804.50 1893.73 1897.01 1883.04 1871.54 1851.59 1837.98
1833.23 1833.99 1835.93 1843.01 1841.85 1846.02 1854.88 1852.57 1852.34 1842.33 1813.21 1796.24 1795.04 1744.25 1736.03 1779.02 1802.90 1829.38 1859.36 1867.37 1864.76 1863.59 1868.10 1873.58
1879.82 1878.67 1881.11 1887.18 1841.89 1803.45 1775.98 1786.34 1806.42 1817.64 1740.92 1666.09 1618.34 1450.34 1345.18 1490.20 1570.61 1644.38 1716.67 1772.75 1822.90 1874.24 1854.11 1834.44
1815.13 1793.33 1770.13 1746.13 1698.83 1652.46 1603.00 1582.00 1573.18 1536.20 1502.37 1484.17 1495.24 1593.51 1681.87 1761.37 1827.39 1894.17 1960.89 1946.31 1916.31 1881.80 1863.10 1852.12
1850.19 1836.87 1826.96 1822.51 1835.67 1850.38 1865.42 1776.73 1696.28 1625.83 1532.63 1437.89 1358.88 1448.04 1545.09 1641.79 1711.84 1774.47 1850.98 1852.35 1843.63 1834.56 1828.53 1819.98
1810.82 1789.71 1773.35 1764.26 1779.59 1800.18 1826.12 1706.94 1567.99 1393.75 1554.29 1664.77 1751.64 1755.40 1766.86 1786.27 1849.91 1900.53 1958.47 1908.16 1833.30 1740.29 1693.60 1653.88
1630.71 1666.70 1701.90 1736.85 1754.22 1775.02 1798.38 1641.56 1473.84 1296.80 1303.88 1288.35 1291.12 1478.86 1624.35 1749.36 1744.21 1741.60 1753.15 1733.79 1694.82 1659.67 1576.47 1488.02
1405.97 1427.33 1518.84 1586.27 1602.32 1650.53 1721.51 1664.63 1608.73 1539.53 1647.64 1731.77 1803.31 1868.59 1941.53 2019.34 1983.90 1942.81 1898.34 1843.21 1764.53 1665.87 1564.64 1470.24
1431.88 1471.16 1509.31 1552.61 1498.46 1464.29 1470.08 1473.60 1470.77 1458.58 1520.12 1595.30 1660.80 1628.43 1603.35 1587.43 1613.72 1648.58 1701.85 1656.82 1578.88 1485.92 1480.78 1507.38
1562.58 1573.95 1588.44 1608.63 1580.10 1558.73 1553.07 1447.54 1393.02 1382.33 1397.09 1509.54 1640.59 1560.36 1499.94 1474.14 1396.20 1315.34 1293.08 1331.19 1417.62 1535.45 1480.26 1459.35
1487.73 1508.56 1543.22 1595.31 1542.85 1488.18 1430.76 1205.23 1194.63 1322.76 1351.85 1381.03 1412.15 1479.80 1544.67 1610.92 1641.45 1682.83 1749.83 1802.50 1848.63 1897.45 1921.78 1947.46
1974.83 1977.05 1985.66 2001.83 1999.35 1996.63 1993.14 1988.15 1977.97 1956.55 1987.58 2010.65 2027.89 2028.27 2044.65 2076.68 2054.08 2029.18 2010.90 2009.90 1995.73 1979.03 1972.64 1971.13
1974.71 1967.91 1964.86 1969.82 1933.83 1905.33 1884.89 1836.43 1794.00 1754.19 1807.18 1848.01 1882.88 1902.89 1941.26 1996.56 2023.05 2051.73 2089.74 2057.04 2009.01 1949.70 1954.24 1966.47
1986.51 1998.92 2016.67 2039.67 1995.45 1949.53 1901.02 1897.96 1891.79 1872.60 1866.12 1865.46 1869.78 1917.88 1977.82 2047.24 2103.53 2159.88 2223.19 2184.74 2136.00 2083.88 2082.16 2100.45
2137.39 2095.39 2049.24 2000.42 1944.66 1891.19 1843.63 1939.96 2029.37 2098.37 2054.62 2010.94 1980.17 1919.34 1871.76 1848.54 1931.25 2023.06 2123.01 2077.21 2024.22 1971.32 1995.99 2025.69
2061.37 2026.12 1986.03 1942.46 1928.36 1919.41 1913.75 1929.31 1944.93 1951.18 1992.62 2026.13 2059.47 2044.21 2035.87 2036.11 2054.55 2078.52 2115.12 2055.03 1975.52 1877.54 1892.53 1909.80
1932.72 1884.48 1833.99 1786.41 1772.64 1760.68 1747.44 1646.28 1554.31 1473.19 1223.18 1059.36 1039.86 1282.24 1455.69 1605.91 1741.50 1867.22 1978.58 1947.51 1900.95 1848.31 1836.74 1826.38
1819.59 1818.93 1827.21 1847.45 1860.93 1882.90 1910.84 1882.76 1852.80 1818.92 1678.50 1527.97 1367.54 1450.34 1534.46 1620.22 1766.51 1897.84 2027.42 2001.10 1960.75 1896.44 1883.23 1869.37
1856.30 1834.33 1812.55 1792.73 1755.13 1722.12 1694.75 1593.00 1481.05 1323.06 1482.90 1593.20 1675.88 1728.42 1783.64 1843.42 1915.78 1985.14 2053.36 2007.48 1944.32 1865.98 1847.41 1827.60
1808.55 1789.89 1772.45 1758.07 1775.15 1804.65 1841.24 1752.66 1658.09 1537.82 1623.60 1747.77 1859.31 1930.47 2001.63 2069.98 2092.48 2115.09 2144.38 2073.53 1980.11 1865.47 1856.61 1846.84
1834.77 1814.99 1792.00 1770.98 1812.48 1852.37 1893.19 1852.69 1808.28 1760.07 1788.58 1811.03 1832.34 1911.06 1991.86 2076.74 2133.39 2192.16 2257.17 2167.60 2055.62 1920.58 1892.58 1863.45
1834.58 1839.37 1844.74 1851.54 1847.60 1843.63 1838.09 1851.10 1854.85 1854.64 1878.20 1900.69 1909.51 1914.97 1924.07 1940.25 1974.79 2010.60 2050.80 2003.70 1946.22 1885.96 1876.58 1866.13
1855.68 1843.95 1831.45 1818.71 1821.82 1831.27 1842.73 1826.44 1803.19 1775.04 1792.62 1807.54 1833.42 1930.33 2022.03 2118.48 2130.66 2149.64 2178.00 2155.45 2128.96 2101.63 2074.91 2062.71
2055.60 2065.51 2071.50 2073.87 2090.25 2115.53 2144.97 2160.02 2167.32 2165.99 2184.06 2197.86 2214.77 2206.75 2198.74 2207.06 2282.10 2339.96 2397.30 2386.62 2372.14 2358.81 2327.26 2293.71
2259.33 2230.12 2198.38 2164.62 2139.00 2114.48 2091.29 2149.26 2191.63 2220.78 2186.50 2152.64 2125.68 2163.09 2212.11 2273.70 2311.82 2349.37 2389.70 2360.40 2324.64 2286.35 2304.84 2327.98
2354.45 2293.24 2229.38 2166.96 2122.14 2071.10 2014.65 2118.01 2200.27 2262.52 2179.77 2097.20 2017.82 1979.47 1951.12 1944.18 1959.42 1971.20 1988.24 1987.16 1988.92 1998.93 2055.71 2116.96
2180.23 2118.37 2047.85 1969.32 1934.50 1899.54 1865.99 1863.90 1854.53 1836.76 1740.23 1645.99 1541.68 1467.33 1485.36 1596.03 1692.49 1784.08 1874.91 1873.69 1870.39 1866.89 1884.89 1922.18
1975.64 1952.72 1923.83 1901.67 1880.71 1858.22 1835.36 1930.22 2006.69 2060.97 2017.40 1975.54 1942.82 1924.28 1913.30 1924.61 1905.56 1889.46 1884.00 1864.60 1841.17 1816.55 1937.52 2055.51
2164.69 2166.71 2169.11 2172.08 2116.11 2053.12 1982.89 2011.05 2039.73 2061.61 1982.77 1904.59 1828.73 1754.63 1709.33 1709.57 1752.00 1793.08 1843.04 1874.49 1880.09 1887.10 1966.38 2052.42
2141.14 2099.47 2056.26 2011.04 1966.37 1917.32 1862.75 1844.66 1823.41 1794.41 1659.55 1515.61 1365.11 1427.16 1520.82 1629.67 1724.22 1819.75 1920.80 1910.38 1895.02 1880.63 1884.81 1896.44
1917.86 1928.26 1942.56 1961.44 1950.38 1938.38 1925.63 1976.88 2011.55 2033.10 2024.48 2013.08 2000.82 1999.65 2006.30 2023.60 2056.49 2090.10 2130.33 2154.12 2172.62 2190.21 2229.58 2268.74
2309.67 2278.24 2244.64 2210.19 2117.86 2012.16 1890.07 1966.62 2021.39 2053.00 2041.73 2034.54 2032.53 2035.07 2053.95 2097.60 2123.61 2148.38 2175.95 2207.18 2237.62 2270.43 2268.05 2265.94
2267.37 2249.83 2230.22 2209.90 2176.69 2141.71 2102.58 2110.73 2113.65 2116.31 2128.82 2141.23 2136.12 2086.19 2052.73 2034.90 2077.84 2121.34 2166.46 2170.72 2173.03 2177.51 2193.15 2214.17
2244.50 2216.99 2185.41 2151.08 2111.86 2067.91 2020.05 2088.53 2137.31 2166.91 2160.00 2150.65 2141.27 2124.21 2111.25 2107.23 2085.76 2058.74 2028.49 2011.12 1997.92 1992.97 2042.89 2096.97
2156.68 2175.15 2197.45 2228.34 2189.68 2146.52 2100.53 2134.67 2158.45 2171.52 2166.81 2162.74 2156.11 2164.34 2178.20 2198.62 2233.11 2265.88 2304.69 2248.76 2180.69 2096.24 2052.52 2004.84
1951.39 1973.90 2002.89 2038.69 2010.50 1982.71 1955.58 2015.14 2057.31 2081.44 2088.74 2098.12 2104.09 2095.93 2094.69 2103.44 2070.66 2033.51 2000.50 1963.18 1914.92 1857.67 1850.75 1844.09
1834.53 1808.20 1808.17 1834.83 1792.44 1752.98 1718.22 1617.39 1505.24 1373.24 1432.50 1479.95 1523.22 1375.29 1446.77 1650.03 1800.00 1939.57 2071.91 2058.36 2043.35 2029.47 1987.23 1945.27
1906.20 1890.48 1879.53 1878.48 1889.10 1899.18 1908.48 1950.32 1984.84 2001.98 1936.51 1908.25 1915.51 1908.33 1903.92 1913.45 1971.87 2027.76 2088.96 2083.43 2068.49 2050.18 2071.83 2094.30
2108.25 2058.85 2011.10 1968.60 1953.94 1943.11 1938.72 1846.06 1745.38 1629.57 1599.03 1608.44 1638.67 1629.11 1641.06 1675.39 1687.75 1702.05 1727.03 1762.41 1799.35 1841.05 1853.89 1866.06
1878.49 1852.50 1833.07 1821.31 1811.07 1804.65 1804.84 1800.25 1817.71 1838.93 1794.27 1757.13 1723.09 1589.11 1425.65 1238.40 835.35 953.33 1330.54 1597.32 1872.47 2102.52 2243.93 2384.90
2523.66 2533.93 2544.17 2554.40 2554.32 2555.55 2559.52 2552.00 2544.53 2536.98 2436.04 2339.15 2248.86 2224.47 2204.88 2192.02 2193.90 2194.76 2199.55 2164.73 2118.65 2059.08 2058.96 2060.13
2063.27 2061.11 2060.71 2062.02 2063.16 2067.30 2071.27 2057.14 2034.16 2004.34 1934.41 1874.93 1824.56 1824.30 1829.54 1841.96 1883.04 1924.91 1970.00 1980.70 1996.82 2020.21 2030.62 2039.72
2049.98 2046.92 2043.96 2041.18 2042.04 2044.66 2050.89 2014.83 2002.15 2001.41 2040.16 2112.30 2183.67 2220.82 2257.92 2296.16 2278.21 2260.31 2244.42 2267.26 2288.99 2310.75 2339.17 2371.99
2409.86 2401.96 2393.80 2383.21 2362.59 2340.82 2316.47 2358.04 2390.14 2415.50 2405.23 2396.07 2386.57 2376.10 2367.32 2360.06 2353.83 2349.81 2341.76 2264.59 2177.50 2081.96 1713.44 1221.38
1308.81 2011.10 2457.40 2808.12 2859.10 2910.41 2963.69 2916.73 2861.08 2791.92 2715.69 2639.65 2545.62 2590.04 2635.24 2678.64 2612.97 2537.73 2454.43 2383.50 2301.74 2204.24 2202.71 2202.84
2205.99 2193.59 2186.68 2187.53 2167.46 2148.00 2126.90 2090.42 2034.18 1972.69 1750.25 1548.14 1514.71 1391.78 1364.86 1533.48 1572.26 1715.72 1881.77 1844.44 1818.73 1811.34 1828.26 1845.88
1862.73 1731.95 1562.96 1330.24 1525.63 1674.29 1792.54 1852.51 1934.84 2011.18 2015.15 2020.95 2022.81 1987.12 1965.64 1962.03 1984.98 2008.63 2033.67 2027.04 2021.81 2015.85 1987.13 1954.79
1920.34 1903.35 1882.85 1861.76 1834.98 1816.95 1813.22 1858.97 1891.87 1915.73 2041.65 2148.28 2238.45 2262.42 2289.62 2332.80 2320.05 2308.28 2301.12 2291.21 2280.26 2270.50 2201.41 2124.77
2042.10 1990.84 1936.65 1875.07 1856.25 1848.30 1854.15 1967.71 2052.33 2117.27 2045.62 1979.39 1915.56 1861.64 1789.96 1728.53 1527.57 1174.82 1252.60 1435.46 1860.21 2152.34 2316.70 2470.09
2616.01 2640.18 2663.12 2681.42 2637.04 2587.27 2535.85 2551.62 2557.95 2554.19 2467.11 2380.69 2297.59 2287.64 2284.87 2289.72 2238.70 2174.57 2095.22 2095.67 2095.02 2096.92 2043.95 1985.49
1926.43 1794.44 1626.97 1388.84 1537.17 1660.20 1765.22 1684.29 1632.11 1617.32 1668.73 1732.42 1795.60 1804.42 1815.83 1831.20 1881.75 1932.05 1982.17 1994.49 2005.35 2017.20 2019.97 2022.60
2025.09 1981.25 1940.92 1905.23 1922.87 1971.31 2037.65 2009.97 1976.01 1936.62 1950.73 1991.00 2037.42 2092.79 2146.23 2199.59 2161.16 2115.65 2062.29 2077.56 2092.76 2107.63 2090.43 2071.73
2054.45 2067.20 2081.46 2093.34 2100.79 2111.61 2126.54 2135.94 2147.40 2157.68 1965.42 1869.10 1974.27 1891.16 1827.80 1813.22 1842.92 1879.04 1927.26 1965.52 2006.05 2051.48 2057.08 2062.33
2070.16 2060.94 2054.01 2049.57 1852.53 1603.56 1459.99 1518.23 1562.33 1591.56 1785.88 1987.69 2125.99 2162.75 2203.51 2247.81 2171.29 2080.29 1966.30 2062.58 2151.37 2218.32 2355.50 2485.71
2607.44 2329.18 2127.89 2191.02 2152.58 2245.05 2369.26 2325.93 2272.69 2215.25 2213.05 2214.48 2220.31 2084.49 1932.11 1759.79 1680.46 1602.51 1559.92 1389.10 1467.19 1517.69 1314.71 1441.50
1676.31 1663.98 1787.39 1947.35 1881.19 1806.89 1720.39 1593.77 1609.66 1705.31 1551.95 1383.67 1210.34 1131.09 1207.88 1340.02 1015.77 1324.57 1604.22 1745.61 1847.28 1945.40 2004.43 2061.21
2114.89 2129.31 2151.07 2182.93 2191.68 2201.21 2210.82 2190.76 2167.16 2141.36 2270.62 2365.89 2432.23 2437.87 2447.39 2460.59 2377.07 2275.65 2151.83 2170.71 2190.36 2206.26 2232.57 2259.45
2288.50 2271.27 2255.60 2239.43 2214.51 2191.62 2133.39 2026.30 1913.77 1816.30 1728.87 1639.51 1560.98 1387.52 1533.20 1995.23 1979.02 2010.70 2081.91 2041.12 2049.56 2115.31 2048.42 1985.59
1932.42 1856.01 1775.60 1699.24 1873.70 2067.58 2241.55 2332.13 2442.01 2559.87 2521.58 2484.09 2445.35 2514.33 2580.20 2644.97 2649.83 2653.60 2656.18 2644.93 2635.60 2629.61 2562.20 2480.11
2390.43 2391.78 2401.26 2418.84 2423.40 2438.36 2462.14 2439.40 2416.39 2390.05 2354.93 2320.78 2284.12 2173.12 2047.67 1911.28 1753.91 1552.98 1537.71 1690.12 1837.86 1972.59 1968.86 1965.46
1965.99 1980.35 1993.74 2008.40 2044.62 2083.37 2128.18 2147.18 2158.42 2162.71 2191.05 2211.62 2228.80 2198.90 2177.56 2165.94 2156.27 2143.00 2123.78 2127.95 2135.17 2142.08 2115.58 2086.96
2059.71 2021.69 1984.37 1947.71 1876.35 1846.78 1876.01 1746.23 1587.85 1395.74 1679.55 1893.37 2046.88 2109.88 2166.26 2217.00 2127.33 2028.01 1927.09 1800.59 1697.21 1726.33 1886.99 2058.09
2239.37 2303.63 2367.16 2429.29 2419.83 2410.45 2400.75 2375.16 2347.18 2316.83 2219.28 2141.53 2098.53 2062.38 2041.11 2031.99 2029.03 2034.27 2044.96 2215.08 2388.07 2558.67 2587.71 2617.64
2641.12 2654.67 2665.13 2677.11 2638.12 2598.99 2559.74 2594.35 2624.03 2650.91 2654.10 2659.74 2671.09 2686.02 2694.25 2698.57 2702.89 2708.43 2710.64 2797.27 2879.55 2958.73 2975.62 2992.14
3007.15 2929.01 2844.04 2753.03 2647.16 2524.86 2371.68 2438.57 2488.65 2528.46 2458.35 2393.48 2333.59 2309.71 2284.66 2276.02 2123.34 1939.49 1753.95 1210.93 1460.00 1872.29 1922.05 1970.24
2017.14 2003.90 2001.02 2012.96 2081.23 2145.10 2203.54 2205.31 2196.97 2185.46 2228.19 2261.33 2289.27 2293.28 2299.52 2311.23 2260.45 2204.76 2134.42 1949.70 1705.86 1371.53 1505.33 1777.32
1964.50 1978.53 2021.22 2085.26 2096.24 2117.29 2148.06 2186.22 2213.21 2234.40 2163.83 2122.21 2101.60 2066.69 2036.79 2011.44 1968.98 1928.48 1888.85 1750.03 1597.36 1501.84 1528.52 1573.43
1628.33 1406.59 1350.82 1579.92 1694.22 1817.27 1929.35 1882.24 1831.61 1789.67 2046.30 2223.87 2354.59 2381.94 2411.93 2444.50 2388.45 2322.00 2237.02 2232.65 2230.36 2228.97 2213.89 2200.35
2188.38 2189.39 2189.33 2189.31 2178.69 2168.08 2155.21 2137.73 2116.62 2098.56 2227.90 2325.52 2399.42 2366.39 2336.14 2311.90 2233.01 2142.59 2028.92 1897.36 1754.08 1647.87 1632.77 1709.74
1830.37 1851.42 1872.12 1894.60 1899.22 1911.59 1932.02 1933.20 1924.51 1911.32 1944.21 2004.19 2073.30 2003.60 1934.90 1872.14 1888.28 1906.05 1907.96 1921.78 1935.68 1949.93 1952.27 2013.30
2106.64 2144.20 2168.14 2187.42 2145.09 2101.13 2060.11 2060.47 2066.00 2080.58 2139.89 2196.73 2247.27 2244.60 2246.67 2254.79 2188.81 2113.79 2020.94 2047.32 2072.39 2096.62 2104.99 2125.16
2156.47 2087.34 2010.92 1924.69 1844.72 1780.84 1757.96 1713.21 2046.39 2288.97 2430.16 2575.01 2718.88 2714.98 2714.88 2718.84 2703.72 2688.70 2672.56 2673.77 2673.93 2675.62 2657.21 2640.79
2628.68 2569.87 2510.05 2452.03 2438.43 2426.27 2412.27 2450.97 2473.88 2495.78 2395.99 2298.73 2203.52 2145.89 2093.58 2048.33 1960.52 1874.94 1803.78 1729.34 1671.36 1648.35 1365.61 1197.64
1303.26 1445.15 1571.48 1675.50 1745.86 1856.53 1973.22 1936.28 1889.11 1841.37 1921.19 1989.50 2047.07 2072.36 2105.82 2145.47 2140.33 2142.70 2146.91 2149.08 2150.03 2151.39 2156.51 2161.69
2167.33 2148.51 2129.58 2109.98 2074.09 2042.67 2014.02 2020.32 2020.11 2013.95 2107.24 2179.22 2232.02 2275.18 2322.12 2374.52 2330.96 2283.17 2221.74 2266.90 2311.26 2354.32 2365.39 2377.18
2389.78 2354.97 2319.43 2282.55 2190.72 2092.80 1983.90 1879.28 1760.53 1744.73 1789.31 2267.29 2614.40 2808.40 3003.96 3196.26 3191.92 3187.24 3178.72 3175.31 3171.78 3169.34 3165.07 3160.73
3159.14 3115.55 3069.08 3021.02 2965.13 2903.93 2840.78 2851.02 2854.17 2855.23 2756.58 2654.94 2551.37 2485.27 2419.98 2356.02 2294.48 2227.87 2150.38 2083.77 2014.19 1944.05 1796.87 1607.04
1583.90 1680.94 1839.29 1986.11 2038.00 2097.74 2162.73 2268.99 2350.83 2418.15 2419.77 2432.68 2451.65 2457.95 2469.41 2484.49 2426.79 2374.62 2327.33 2279.35 2252.08 2247.59 2234.57 2221.57
2209.65 2099.93 1976.97 1798.97 1717.83 1641.80 1598.90 1270.33 1802.83 2086.69 2153.59 2260.88 2373.11 2326.42 2283.79 2246.63 2233.99 2221.46 2201.48 2209.80 2222.52 2240.50 2242.91 2246.85
2249.56 2196.77 2137.34 2073.64 2025.48 1975.22 1929.47 1904.18 1869.80 1829.50 1853.77 1874.31 1893.65 1844.51 1819.44 1821.98 1813.90 1839.44 1883.00 1740.09 1553.12 1269.52 1354.05 1435.23
1508.38 1581.16 1643.89 1695.84 1796.03 1886.03 1975.19 1929.00 1888.24 1858.79 1900.05 1965.01 2035.57 2053.62 2081.95 2121.88 2149.98 2180.70 2205.23 2197.99 2191.32 2183.31 2151.16 2120.32
2089.87 2046.00 2001.59 1957.28 1975.26 1992.60 2010.92 1974.19 1931.42 1891.52 1757.67 1790.43 1947.86 1865.24 1799.03 1788.12 1864.71 1959.98 2057.06 1980.04 1947.73 1976.24 1927.69 1877.27
1823.11 1870.55 1953.95 2053.36 1916.12 1749.33 1532.47 1608.55 1674.11 1729.59 1833.20 1921.77 1992.84 2006.14 2021.91 2044.04 2043.10 2045.10 2043.18 2086.05 2134.66 2185.15 2150.31 2114.63
2079.41 2034.76 1991.65 1948.55 1984.00 2018.36 2051.52 1898.30 1706.32 1457.93 1415.98 1540.34 1661.39 1811.60 1933.73 2039.04 2048.33 2059.92 2064.79 2109.01 2152.83 2200.25 2177.13 2168.40
2179.79 2169.00 2159.19 2150.28 2163.81 2185.22 2212.94 2240.65 2259.94 2277.62 2364.02 2434.75 2485.05 2505.92 2527.36 2551.58 2511.75 2468.77 2415.42 2424.48 2433.34 2439.42 2461.22 2484.34
2507.80 2488.36 2468.67 2447.99 2391.21 2333.66 2275.65 2283.93 2282.79 2278.63 2251.63 2230.94 2215.46 2154.69 2096.75 2018.72 1961.10 1939.67 1952.75 1921.75 1914.18 1935.51 1948.60 1949.44
1951.25 1704.35 1706.74 1794.10 1820.71 2062.03 2306.77 2413.59 2514.68 2599.02 2549.85 2493.09 2429.57 2411.10 2400.84 2400.52 2306.83 2203.94 2071.32 2083.47 2095.57 2105.20 2119.87 2135.51
2152.23 2108.39 2062.16 2013.38 1974.37 1990.91 2058.37 2100.99 2211.07 2336.50 2311.65 2289.01 2263.36 2219.90 2192.03 2184.44 2086.55 1971.75 1843.92 1710.95 1536.67 1313.22 1515.06 1789.45
1996.74 2047.91 2098.67 2145.44 2133.83 2122.41 2109.52 2026.03 1929.29 1816.15 1886.95 1943.62 1984.07 2040.78 2096.91 2151.07 2151.12 2154.78 2152.41 2168.73 2187.16 2208.17 2205.11 2201.80
2197.62 2255.40 2314.48 2375.69 2375.20 2374.79 2374.71 2356.52 2331.51 2301.73 2239.24 2176.57 2115.93 2075.06 2038.41 2008.86 1999.40 1990.24 1969.26 1968.07 1954.21 1946.14 2002.91 2078.02
2160.32 2163.34 2173.55 2191.35 2205.70 2220.86 2236.58 2264.59 2289.02 2305.29 2326.47 2341.67 2336.79 2315.23 2295.29 2271.74 2225.55 2169.93 2098.42 2031.39 2022.00 2081.27 2197.95 2380.80
2571.79 2599.06 2639.52 2693.87 2643.73 2594.81 2550.95 2524.02 2489.92 2450.85 2401.47 2362.29 2335.97 2313.84 2289.44 2273.18 2274.40 2279.42 2281.93 2256.09 2231.94 2209.90 2232.74 2256.42
2280.25 2333.67 2390.65 2451.01 2460.38 2471.15 2487.21 2455.79 2420.57 2381.69 2350.57 2377.48 2443.43 2427.94 2414.65 2399.99 2379.53 2370.27 2370.85 2323.18 2289.97 2276.81 2270.64 2266.97
2268.80 2251.24 2235.76 2223.08 2160.84 2093.67 2019.31 2009.87 2000.03 1989.89 1987.12 1985.15 1980.87 2061.73 2157.09 2252.62 2275.20 2307.11 2344.02 2370.87 2409.94 2453.36 2462.38 2480.51
2509.01 2476.10 2444.09 2413.98 2423.44 2434.59 2447.16 2412.49 2388.15 2363.25 2357.35 2374.45 2409.83 2460.40 2511.45 2567.01 2477.46 2367.61 2221.64 2282.70 2366.38 2465.12 2453.41 2442.46
2432.65 2388.96 2349.66 2320.33 2309.72 2309.18 2322.64 2383.36 2451.94 2521.79 2566.98 2609.33 2649.05 2643.93 2643.74 2648.26 2564.37 2468.07 2343.57 2324.74 2303.96 2285.74 2277.32 2270.40
2262.62 2252.82 2242.74 2233.96 2239.97 2247.09 2254.66 2242.50 2220.41 2200.35 2149.13 2102.10 2059.50 1952.85 1841.01 1714.43 1566.06 1445.54 1486.71 1508.09 1656.69 1815.05 1880.83 1943.05
2004.50 2008.23 2013.24 2021.68 2058.16 2096.64 2134.61 2106.93 2075.99 2046.08 2093.89 2144.25 2168.46 1989.01 1907.45 1983.58 1962.97 1906.54 1871.21 1915.89 1985.93 2071.21 2040.26 2009.24
1975.20 1992.05 2011.91 2030.94 1921.72 1824.69 1775.77 1715.55 1641.46 1557.31 1445.12 1334.90 1158.50 1130.25 1387.25 1564.79 1392.33 1198.11 1314.78 1414.44 1519.20 1620.25 1708.51 1850.93
1998.04 1929.59 1864.56 1814.89 1868.71 1933.06 2002.82 2057.94 2110.61 2159.23 2315.41 2445.70 2545.91 2503.54 2469.95 2442.99 2373.82 2293.13 2187.56 2194.57 2202.31 2212.46 2237.74 2269.37
2288.68 2141.26 2093.64 2132.76 2162.50 2265.75 2400.02 2490.34 2584.72 2674.94 2618.03 2566.06 2520.97 2530.51 2544.84 2561.67 2514.29 2460.69 2389.44 2350.47 2302.24 2251.04 2222.88 2192.25
2150.30 2141.91 2134.13 2125.14 2137.26 2148.75 2160.88 2078.75 1979.68 1862.69 1659.87 1368.97 1074.60 1300.09 1603.93 1802.86 1822.37 1841.66 1855.69 1918.17 1982.39 2050.09 2088.49 2128.20
2167.55 2184.95 2205.49 2224.82 2273.60 2330.49 2388.59 2415.09 2433.80 2444.75 2507.23 2557.49 2595.77 2593.44 2594.07 2596.44 2549.75 2498.83 2434.12 2473.52 2514.75 2557.83 2548.66 2539.62
2531.21 2500.16 2469.12 2439.44 2391.07 2339.99 2283.80 2320.15 2347.87 2366.90 2318.86 2288.94 2274.27 2166.16 2195.56 2340.73 2353.48 2407.28 2492.88 2570.60 2645.95 2719.61 2793.66 2865.77
2930.75 2862.07 2779.30 2690.07 2703.99 2718.28 2732.01 2664.62 2581.60 2491.59 2472.53 2463.21 2457.33 2360.96 2277.90 2222.91 2149.81 2071.89 1993.12 1989.58 1988.17 1985.16 1887.01 1778.52
1672.48 1747.30 1853.56 1963.62 1884.71 1845.33 1859.13 1867.53 1865.02 1855.86 1832.26 1925.85 2050.85 2050.56 2056.75 2067.18 2078.06 2097.47 2115.69 2167.47 2220.24 2269.38 2228.36 2183.37
2134.52 2158.72 2183.02 2209.33 2159.30 2107.26 2051.19 2092.68 2128.59 2156.80 2159.82 2185.98 2223.82 2216.61 2220.44 2228.69 2197.68 2165.57 2122.81 2100.82 2078.91 2053.95 2011.88 1975.84
1954.35 2027.76 2098.18 2164.96 2128.40 2120.01 2139.78 2048.07 1941.72 1811.65 1653.77 1762.74 1941.25 1843.06 1752.02 1678.65 1568.53 1538.77 1634.30 1638.84 1601.03 1559.52 1434.70 1269.99
1185.36 1198.89 1331.42 1442.65 1470.36 1551.72 1646.61 1514.13 1374.42 1330.07 1258.15 1227.25 1238.09 1496.03 1713.80 1877.93 1917.96 2003.01 2102.21 2120.69 2147.21 2179.96 2192.87 2211.75
2236.63 2218.54 2207.11 2202.03 2198.20 2193.01 2188.29 2043.51 1967.38 2006.25 2016.92 2028.40 2035.22 1901.15 1771.54 1710.60 1671.10 1858.15 2092.29 2106.11 2142.50 2197.37 2257.21 2315.95
2373.45 2339.07 2301.72 2258.26 2287.18 2330.14 2383.24 2430.76 2473.54 2512.33 2549.93 2590.93 2630.33 2666.18 2703.89 2740.33 2734.12 2728.64 2714.03 2729.63 2751.30 2777.69 2779.59 2781.43
2780.31 2785.57 2790.97 2796.96 2758.09 2714.40 2669.47 2681.82 2689.16 2689.22 2651.82 2616.40 2582.92 2542.23 2510.02 2484.38 2375.51 2248.00 2091.72 1996.65 1936.56 1948.64 1926.35 1990.40
2110.74 2118.16 2127.09 2134.56 2147.84 2169.55 2200.44 2112.82 2012.24 1891.40 1909.33 1924.93 1901.19 1876.55 1867.41 1866.00 1718.84 1532.79 1470.93 1554.00 1629.02 1697.66 1787.18 1872.84
1950.64 1920.99 1889.33 1855.64 1949.79 2036.97 2114.99 2053.86 1982.04 1896.41 1991.71 2074.89 2143.53 2214.11 2284.22 2349.44 2277.18 2217.94 2185.12 2203.68 2223.45 2243.32 2216.83 2187.43
2157.68 2097.18 2034.64 1963.56 2005.05 2056.31 2115.50 2049.79 1978.36 1894.95 1977.00 2047.63 2108.67 2055.44 2017.98 2001.05 1984.99 1993.21 2021.36 1967.44 1998.32 2096.60 2111.60 2127.01
2144.10 2059.95 1963.69 1851.44 1758.04 1671.11 1624.23 1622.91 1665.53 1722.53 1509.34 1491.43 1689.86 1876.74 2032.49 2148.25 2095.13 2037.46 1971.54 1924.28 1873.56 1820.92 1756.36 1730.09
1753.30 1800.81 1874.70 1961.23 1920.84 1887.69 1866.69 1756.89 1671.85 1647.10 1498.79 1283.57 1234.51 1283.33 1403.30 1469.88 1334.09 1293.79 1546.32 1368.85 1221.22 1356.16 1335.96 1539.76
1721.58 1625.13 1507.83 1365.05 1219.58 1544.12 1755.61 1678.64 1609.84 1586.01 1575.10 1663.97 1763.36 1811.94 1895.52 1983.66 1898.21 1872.01 1935.47 1955.85 1980.43 2011.48 1967.32 1922.82
1872.24 1908.49 1943.43 1979.57 1937.16 1910.09 1904.94 1878.03 1845.61 1803.94 1925.63 2017.40 2084.19 2095.76 2110.17 2127.43 2137.29 2154.47 2167.09 2171.70 2175.29 2178.24 2146.54 2122.90
2112.27 2132.16 2164.20 2205.19 2161.89 2118.37 2073.89 2056.71 2044.99 2029.13 2065.03 2113.83 2161.75 2138.23 2135.49 2146.91 2142.97 2145.04 2147.95 2143.07 2153.34 2176.60 2153.73 2129.95
2104.13 2085.61 2064.61 2043.20 2003.60 1965.55 1929.25 1937.55 1942.59 1935.87 1972.39 2004.30 2029.55 1908.34 1795.77 1702.89 1614.72 1571.57 1614.66 1795.18 1943.83 2076.44 2054.63 2031.09
2007.76 2008.85 2010.25 2011.34 2022.55 2034.89 2048.90 2002.78 1954.04 1901.32 1917.63 1960.97 2011.05 2028.98 2055.91 2082.25 2074.76 2085.42 2110.86 2154.19 2199.48 2242.20 2236.41 2241.94
2260.41 2275.58 2290.40 2306.94 2326.57 2352.58 2380.15 2376.12 2372.09 2367.29 2425.97 2487.65 2545.85 2574.69 2618.40 2672.25 2581.81 2498.84 2436.77 2349.55 2279.42 2258.85 2251.85 2243.71
2237.22 2173.99 2101.27 2018.79 2012.07 2028.88 2069.71 1801.18 1398.42 1501.86 1501.29 1918.78 2183.60 2302.83 2413.85 2508.23 2423.74 2327.11 2208.07 2217.75 2236.52 2264.19 2242.96 2237.36
2246.40 2247.87 2248.81 2250.71 2238.02 2230.68 2232.44 2212.28 2206.58 2207.69 2223.21 2237.36 2249.64 2304.11 2360.96 2414.35 2324.78 2227.87 2124.70 2084.13 2040.53 1994.00 2017.68 2044.45
2069.98 2078.78 2088.91 2100.44 2102.40 2102.86 2103.12 2022.88 1939.23 1844.49 1887.87 1924.12 1955.52 1955.73 1972.11 1997.66 1968.73 1980.61 2032.89 1962.04 1974.60 2070.40 2079.13 2100.35
