1334.17 1307.59 1256.38 1484.76 1658.70 1831.32 1917.32 1862.51 1818.90 1789.83 2060.68 2239.21 2370.49 2358.83 2350.19 2346.07 2277.19 2198.64 2099.93 2144.16 2199.58 2263.23 2290.21 2317.25
2344.09 2244.06 2143.38 2051.42 2038.38 2025.80 2016.91 2177.17 2317.72 2439.55 2254.40 2028.99 1748.06 1814.86 2024.80 2233.27 2185.36 2139.74 2092.71 2124.64 2158.55 2180.45 2108.14 2035.09
1964.07 1950.59 1941.91 1937.04 1902.08 1904.65 1936.34 1507.43 1624.96 1802.50 2084.95 2363.17 2581.55 2598.07 2578.24 2548.53 2468.34 2378.05 2212.02 2272.56 2312.59 2336.70 2342.96 2338.32
2310.96 2248.41 2210.88 2211.13 2287.40 2361.62 2431.59 2407.04 2364.17 2324.24 2334.39 2384.29 2440.19 2376.05 2299.19 2222.91 2126.17 2008.88 1838.49 1589.67 1872.42 2070.78 2040.63 2022.40
1964.84 1972.74 1978.95 1984.24 1835.52 1647.52 1396.17 1389.03 1425.50 1478.64 1705.05 1855.04 1960.23 2016.17 2073.60 2133.72 2116.97 2119.61 2143.59 2106.98 2070.48 2038.18 2041.27 2045.48
2050.71 1994.92 1967.57 1978.20 2035.99 2091.22 2143.87 2058.94 1963.40 1851.25 1992.46 2112.29 2206.97 2222.69 2242.30 2266.62 2230.74 2192.95 2145.42 2200.58 2253.83 2306.62 2336.75 2373.09
2411.76 2362.08 2308.13 2250.49 2192.52 2130.52 2061.63 2055.04 2043.02 2021.76 2119.13 2209.13 2283.18 2294.00 2282.63 2282.78 2227.91 2168.13 2098.73 2114.07 2137.07 2169.19 2166.01 2163.68
2136.91 2103.08 2067.45 2030.50 1987.60 1941.98 1894.22 1804.45 1705.44 1595.85 1699.31 1679.62 1673.41 1496.64 1539.01 1537.82 1406.80 1532.74 1762.20 1779.95 1884.49 2027.50 2114.33 2212.65
2315.40 2371.92 2432.18 2480.32 2487.72 2494.16 2502.04 2507.49 2509.62 2507.30 2514.85 2527.17 2550.13 2499.48 2450.60 2405.83 2345.89 2281.84 2209.36 2149.99 2090.28 2032.30 2021.09 2008.88
2004.24 2042.17 2093.28 2154.84 2095.82 2029.43 1956.09 1939.66 1935.82 1945.70 1921.04 1896.81 1879.42 1839.14 1854.09 1889.15 1922.52 1960.97 2002.27 1989.47 1973.73 1956.99 1980.97 2004.70
2022.26 2082.72 2138.12 2190.34 2200.08 2211.10 2220.11 2243.52 2265.90 2282.61 2312.24 2337.05 2381.80 2384.68 2385.15 2389.31 2390.39 2380.63 2360.57 2399.01 2440.58 2467.02 2499.77 2513.57
2530.18 2374.90 2187.98 1972.97 1995.37 2017.48 2043.99 2047.01 2115.34 2192.13 2089.23 2216.67 2406.99 2407.65 2416.11 2434.92 2405.79 2372.73 2332.01 2360.05 2402.13 2455.24 2459.92 2465.02
2471.92 2454.64 2433.95 2417.12 2392.45 2367.99 2347.75 2447.94 2532.63 2589.39 2539.31 2495.21 2459.34 2415.95 2362.56 2307.39 2260.50 2214.60 2169.64 2164.53 2167.58 2178.68 2195.40 2217.46
2226.12 2210.70 2195.52 2177.66 2205.77 2234.12 2260.47 2275.20 2289.13 2300.49 2236.95 2173.31 2103.15 2037.87 1962.07 1884.96 1812.60 1737.45 1648.27 1695.49 1760.12 1828.39 1804.24 1763.56
1721.51 1671.00 1717.58 1827.89 1810.33 1794.37 1775.70 1775.30 1769.61 1757.08 1664.88 1635.30 1680.68 1773.81 1778.88 1856.94 1798.27 1736.89 1668.25 1692.20 1725.02 1762.38 1799.64 1836.80
1874.45 1854.31 1840.35 1834.07 1945.27 2017.34 2060.78 2084.52 2104.27 2122.99 2004.17 1872.02 1729.74 1880.85 2009.97 2121.37 2125.87 2120.62 2112.57 2145.31 2178.81 2213.38 2140.37 2094.66
2090.23 2104.48 2128.50 2161.18 2097.92 2044.03 1973.91 1940.81 1866.52 1784.35 1953.53 2074.10 2165.91 2228.57 2241.78 2269.78 2169.65 2044.45 1877.07 1836.51 1792.57 1744.76 1771.31 1797.76
1827.29 1759.83 1765.24 1843.66 1932.51 1999.21 1977.08 1959.79 1964.62 1985.12 2118.26 2216.90 2294.94 2360.70 2426.17 2493.75 2485.52 2478.05 2462.28 2476.50 2490.98 2505.66 2507.70 2514.07
2522.88 2547.39 2549.60 2563.93 2466.97 2539.38 2570.81 2606.50 2770.39 2992.38 3005.72 3019.42 3035.76 3015.40 2996.87 2978.05 2966.42 2958.43 2956.37 2959.53 2956.49 2956.00 2902.31 2845.88
2787.98 2716.80 2643.13 2571.02 2550.83 2534.32 2521.44 2505.01 2484.83 2459.80 2424.13 2389.99 2356.87 2239.37 2141.58 2084.74 2016.17 1943.38 1865.52 1647.43 1668.67 1787.96 1717.98 1657.25
1627.74 1849.93 2029.87 2179.83 2192.41 2200.62 2204.50 2236.25 2242.50 2239.01 2318.56 2413.11 2499.10 2531.08 2565.50 2600.40 2575.27 2548.60 2516.81 2538.89 2561.33 2585.45 2603.37 2621.76
2640.28 2622.99 2606.87 2588.77 2612.55 2608.24 2604.46 2612.57 2619.88 2626.05 2661.49 2694.83 2727.03 2721.73 2720.49 2722.45 2695.85 2667.98 2628.70 2531.08 2419.87 2290.47 1921.04 1214.71
1754.54 1734.87 2329.53 2712.74 2780.50 2848.92 2809.62 2794.25 2767.24 2694.87 2748.84 2801.80 2838.24 2772.38 2716.87 2674.01 2611.05 2534.21 2442.60 2364.51 2274.41 2170.74 2092.83 2005.80
1905.82 1715.24 1457.36 1359.92 1598.73 1781.44 1926.68 1829.73 1712.32 1569.55 1619.98 1669.46 1713.53 1811.06 1926.88 2057.67 2117.80 2179.63 2239.59 2110.89 1963.32 1805.88 1665.64 1602.21
1748.06 1847.49 1938.56 2023.05 2024.16 2034.20 2052.22 1944.87 1816.61 1660.91 1748.43 1951.62 2112.50 2163.74 2212.28 2251.98 2246.04 2231.47 2212.53 2208.83 2184.06 2157.85 2118.61 2090.68
2052.92 2019.05 1990.30 1967.60 1915.10 1877.69 1855.56 1873.54 1890.02 1904.89 1840.92 1815.91 1823.57 1985.18 2123.77 2241.36 2192.61 2135.08 2070.25 2039.25 2009.39 1983.10 1877.89 1755.63
1613.64 1412.53 1308.95 1490.73 1517.22 1178.99 1675.61 1394.43 1167.68 1213.31 1346.82 1630.42 1804.67 1653.09 1472.97 1261.23 1398.30 1514.68 1622.43 1612.08 1541.12 1763.14 1903.43 2041.42
2127.88 2115.75 2101.41 2087.52 2089.44 2091.87 2092.69 2073.79 2047.37 2015.85 2130.62 2224.52 2299.68 2275.45 2253.26 2235.95 2115.19 1981.30 1855.85 1899.20 1817.21 1750.00 2053.09 2612.42
3014.99 2989.14 2950.80 2914.96 2895.13 2875.14 2855.70 2823.24 2783.44 2738.68 2688.84 2637.72 2589.61 2544.81 2505.80 2476.81 2400.47 2313.43 2211.44 2132.07 2053.24 1980.46 1945.87 1916.47
1892.23 1903.55 1923.73 1947.73 2002.90 2056.01 2105.43 2135.67 2164.86 2193.35 2206.36 2222.05 2233.34 2217.09 2225.91 2267.58 2233.50 2197.54 2158.64 2123.49 2085.62 2046.80 2058.13 2071.70
2086.48 2092.13 2099.23 2104.87 2110.24 2117.53 2126.77 2149.43 2172.07 2192.55 2225.40 2260.39 2284.69 2349.70 2407.89 2459.26 2385.88 2306.30 2218.34 2214.19 2210.24 2205.93 2208.72 2213.36
2221.41 2164.65 2105.80 2041.78 1933.33 1824.33 1747.64 1742.68 1732.64 1713.18 1799.77 1930.40 2033.89 1909.33 1773.44 1625.93 1760.45 1889.39 2013.08 2059.89 2093.59 2107.10 2097.44 2081.86
2062.58 2021.42 1973.09 1937.27 1940.53 1945.07 1949.07 1956.85 1960.24 1957.41 2060.92 2149.73 2223.91 2196.45 2170.19 2143.78 2132.93 2103.45 2070.83 2081.55 2092.44 2102.50 2137.61 2171.65
2166.09 2154.51 2145.40 2137.90 2093.00 2046.84 2003.90 1955.48 1901.16 1840.43 1973.89 2084.49 2177.00 2244.47 2306.64 2371.93 2345.43 2321.54 2300.88 2286.01 2276.40 2276.34 2260.50 2245.69
2234.29 2215.82 2198.35 2181.71 2114.37 2042.13 1961.91 1969.76 1968.37 1958.46 1968.60 1993.19 2024.55 2055.66 2051.80 2050.94 2010.79 1995.97 2020.70 2082.97 2143.06 2189.28 2155.76 2118.89
2081.34 2047.85 2012.71 1978.63 1961.86 1944.67 1926.93 1975.01 2027.78 2077.34 2112.11 2148.30 2183.33 2251.76 2313.42 2375.69 2373.64 2371.57 2370.13 2349.97 2327.24 2303.36 2277.71 2251.05
2222.02 2211.67 2201.80 2191.95 2206.59 2221.37 2235.40 2270.33 2293.33 2308.25 2358.28 2402.59 2442.47 2441.85 2442.78 2449.92 2437.58 2423.91 2409.74 2426.44 2443.24 2460.39 2458.83 2457.55
2455.52 2405.11 2352.10 2294.61 2286.74 2278.03 2270.37 2294.84 2313.61 2329.97 2187.54 2137.51 2204.87 2075.92 2037.27 2129.02 2266.09 2560.77 2867.06 2829.82 2769.06 2694.53 2696.45 2701.55
2713.57 2724.22 2741.26 2766.10 2788.30 2809.69 2829.14 2843.14 2854.78 2866.97 2800.15 2731.05 2663.73 2688.87 2716.42 2743.64 2702.89 2665.16 2631.75 2573.37 2510.22 2443.26 2487.22 2531.02
2573.19 2559.96 2546.37 2534.09 2535.26 2541.91 2554.97 2539.56 2521.62 2503.07 2449.02 2398.07 2354.00 2332.64 2311.10 2290.74 2291.13 2294.43 2301.43 2257.61 2212.36 2162.71 2140.66 2124.71
2113.48 2108.29 2120.31 2146.23 2042.73 1968.74 1957.88 1966.20 2082.82 2225.54 2134.46 2045.70 1961.55 2051.05 2129.97 2196.27 2154.30 2117.93 2089.32 2132.69 2173.38 2187.99 2187.76 2169.81
2147.02 2180.18 2212.00 2229.41 2238.95 2251.80 2267.36 2262.69 2251.74 2220.86 2237.63 2256.95 2286.43 2311.84 2337.40 2370.33 2297.80 2216.97 2124.30 2171.77 2222.75 2276.31 2273.66 2242.11
2215.82 2149.42 2077.88 2003.61 2036.98 2341.42 2628.97 2637.22 2651.73 2676.73 2658.11 2646.66 2640.96 2561.18 2479.21 2400.73 2316.44 2225.67 2129.52 2147.82 2170.76 2199.79 2191.38 2168.74
2145.49 2074.71 2014.76 1973.40 1818.88 1713.48 1768.47 1712.48 1648.21 1522.60 1697.77 1860.66 1986.78 2087.23 2174.02 2256.71 2262.98 2273.11 2289.41 2351.89 2413.56 2472.81 2450.78 2432.07
2417.05 2426.43 2440.23 2459.32 2431.51 2401.51 2370.01 2397.45 2411.09 2416.68 2517.75 2606.61 2682.61 2651.46 2621.44 2598.92 2560.96 2525.37 2498.26 2480.73 2462.93 2447.09 2408.39 2369.47
2330.73 2221.56 2113.25 2025.32 2046.64 2067.86 2089.56 2100.50 2128.36 2166.29 2168.04 2169.16 2169.58 2251.93 2323.20 2385.61 2319.16 2242.83 2156.31 2101.94 2045.30 1975.61 1974.13 1971.61
1971.05 1954.71 1949.56 1958.02 1810.11 1787.36 1857.20 1849.09 1837.61 1818.48 1825.64 1830.38 1841.03 1879.23 1886.26 1898.81 1866.29 1838.82 1825.69 1807.48 1837.88 1915.90 1947.55 1982.30
2018.38 2047.94 2072.08 2098.25 2093.49 2088.24 2082.39 1817.91 1435.42 1343.15 2003.12 2350.79 2595.63 2598.62 2615.54 2637.28 2546.60 2435.53 2300.29 2315.22 2330.28 2345.36 2381.07 2428.98
2485.05 2514.52 2543.20 2572.88 2601.00 2619.88 2639.20 2681.77 2721.49 2758.68 2698.05 2637.78 2581.04 2571.70 2564.81 2563.98 2538.63 2514.19 2490.24 2486.75 2483.19 2477.81 2491.86 2507.19
2520.81 2544.56 2570.52 2600.00 2604.04 2608.22 2611.91 2569.08 2521.23 2468.71 2401.69 2341.80 2293.58 2204.75 2109.93 2007.88 1930.71 1833.51 1676.71 1362.99 1537.01 1840.16 2019.25 2168.88
2190.83 2048.34 1702.36 1488.31 1642.38 2018.20 2283.78 2375.06 2479.77 2472.16 2293.67 2099.20 1887.73 1801.80 1711.32 1624.26 1666.49 1792.16 1947.17 1897.21 1843.10 1786.98 1849.03 1918.74
1986.81 2079.23 2161.59 2232.16 2298.99 2369.49 2438.80 2422.44 2398.97 2376.65 2381.30 2378.26 2356.41 2347.29 2338.64 2328.67 2270.24 2213.05 2160.83 2088.82 2018.70 1964.77 1917.22 1863.26
1764.61 1692.87 1618.54 1549.37 1717.13 1854.58 1970.89 2081.85 2156.13 2179.03 1904.66 1621.23 1628.87 1721.25 1800.13 1862.02 1870.34 1889.44 1923.41 1955.05 1991.51 2033.20 2062.06 2100.55
2093.93 2138.74 2182.45 2208.48 2227.70 2237.42 2243.55 2209.51 2203.91 2243.36 2110.62 2014.66 2037.57 2084.74 2137.38 2198.78 2201.13 2203.13 2210.27 2197.54 2179.81 2160.67 2154.84 2147.11
2140.43 2146.62 2202.93 2295.65 2348.62 2471.68 2625.24 2563.20 2489.45 2412.56 2402.12 2399.86 2404.88 2323.66 2237.79 2154.82 2140.29 2126.32 2115.89 2126.44 2138.66 2152.83 2095.11 2049.49
2017.53 2070.36 2146.57 2234.02 2243.96 2252.87 2264.58 2306.66 2342.34 2375.29 2345.18 2334.41 2344.79 2342.67 2314.59 2291.22 2251.48 2213.72 2184.09 2274.84 2317.00 2289.46 2267.33 2245.30
2222.35 2100.14 1958.02 1787.99 1924.58 2047.68 2109.60 2153.53 2203.09 2238.40 2218.50 2178.94 2129.21 2180.33 2164.14 2137.47 2035.09 1918.86 1787.15 2001.27 2170.44 2278.20 2260.76 2244.56
2226.86 2196.99 2163.55 2108.41 2049.97 1985.33 1914.28 1868.24 1814.07 1747.56 1734.98 1795.11 1884.63 1945.08 2014.01 2086.85 2139.31 2192.41 2247.40 2196.66 2100.77 1983.19 1944.84 1908.22
1872.09 1857.82 1845.12 1834.86 1779.55 1742.61 1733.78 1403.29 1430.37 1461.26 1041.59 1551.98 1817.40 1751.39 1679.41 1606.85 1590.23 1609.03 1668.42 1675.53 1680.87 1682.70 1785.35 1882.98
1974.71 1871.27 1823.51 1786.80 1780.61 1731.14 1626.43 1651.31 1666.92 1677.40 1803.09 1905.96 1990.52 2107.91 2261.32 2409.08 2338.07 2253.84 2161.39 2112.21 2054.44 1989.38 1932.99 1871.09
1805.12 1675.73 1513.75 1300.06 1384.52 1696.28 1739.24 1600.55 1490.60 1457.54 1461.72 1589.59 1719.57 1781.66 1876.29 1982.81 2039.43 2093.61 2150.88 2130.99 2109.23 2087.41 2112.53 2135.05
2157.25 2073.39 1979.07 1875.51 1795.01 1688.43 1564.03 1324.24 1555.53 1760.74 1932.07 2110.15 2276.90 2462.17 2641.99 2815.58 2812.44 2811.05 2814.72 2791.51 2765.80 2739.26 2764.01 2788.58
2814.63 2772.44 2728.02 2680.85 2722.06 2762.82 2802.00 2850.23 2889.38 2915.22 2882.62 2851.04 2825.42 2779.55 2732.29 2685.99 2640.04 2593.39 2546.50 2504.69 2461.14 2416.90 2406.41 2395.44
2387.60 2418.28 2449.80 2484.07 2470.71 2459.16 2447.36 2510.30 2555.85 2593.99 2616.25 2641.53 2670.28 2579.88 2478.81 2418.62 2431.50 2422.62 2403.96 2379.48 2363.07 2335.02 2279.92 2230.60
2194.50 2190.97 2193.00 2201.41 2161.67 2111.76 2061.59 1979.17 1970.05 2019.80 1948.99 1989.37 2088.47 2066.50 2073.78 2117.16 2144.08 2172.50 2205.60 2169.95 2129.60 2086.70 2014.18 1936.06
1846.60 1824.44 1813.95 1813.79 1845.10 1890.00 1940.32 1965.78 1990.93 2003.09 1961.85 1936.24 1935.14 2011.37 2083.73 2147.55 2109.50 2071.46 2037.58 2099.71 2163.32 2230.68 2233.18 2249.94
2281.82 2302.84 2323.62 2345.34 2316.72 2286.16 2254.44 2308.11 2342.30 2353.84 2327.69 2301.36 2275.64 2298.82 2325.35 2358.64 2373.98 2392.47 2413.07 2415.92 2414.28 2412.52 2435.89 2458.37
2481.54 2519.62 2556.69 2591.28 2541.47 2484.15 2424.53 2412.49 2389.83 2361.10 2358.39 2362.63 2371.93 2317.04 2226.46 2129.64 1954.81 1746.22 1604.14 1449.41 1343.34 1484.66 1509.16 1533.41
1558.33 1417.16 1294.69 1340.75 1595.85 1813.56 1973.35 1974.66 2001.85 2041.77 2067.26 2044.24 2034.90 2080.80 2140.43 2209.97 2180.54 2144.40 2110.21 2088.44 2042.83 1990.06 1903.92 1829.23
1785.61 1854.13 1918.96 1981.89 1924.30 1864.67 1805.81 1814.78 1757.24 1686.79 1701.28 1724.35 1745.20 1843.66 1930.95 2016.16 2003.62 2004.30 2025.73 2049.00 2070.26 2093.02 2194.57 2288.07
2347.28 2280.38 2207.83 2130.10 2104.51 2076.61 2046.82 2118.34 2178.28 2229.47 2197.05 2187.13 2196.11 2277.83 2352.43 2422.62 2390.63 2355.48 2320.97 2377.86 2430.58 2484.66 2510.04 2539.46
2571.60 2548.58 2525.77 2503.13 2516.70 2543.25 2579.35 2610.87 2631.14 2520.01 2401.88 2307.72 2260.25 2214.81 2185.93 2170.21 2222.97 2277.54 2337.44 2364.72 2388.42 2412.51 2369.27 2314.67
2255.42 2320.15 2382.01 2438.45 2286.79 2042.29 2023.79 1776.80 1818.00 2040.74 2184.35 2307.66 2418.35 2430.44 2445.61 2466.66 2454.45 2440.51 2429.89 2416.68 2390.61 2361.23 2379.63 2400.71
2423.81 2430.06 2436.20 2442.06 2531.26 2615.18 2694.84 2714.28 2718.31 2710.83 2663.29 2616.64 2584.58 2557.61 2532.22 2513.21 2472.67 2417.27 2360.27 2260.25 2100.95 1897.83 2001.80 2097.46
2192.86 2227.33 2261.41 2296.12 2363.44 2428.07 2481.63 2473.10 2458.74 2441.45 2390.00 2345.11 2319.60 2241.11 2158.40 2081.84 2049.44 2016.81 1984.64 1969.44 1928.99 1892.67 1923.09 1968.78
2024.77 2027.76 2029.89 2035.14 2059.79 2073.59 2099.13 2117.63 2129.42 2136.60 2145.97 2174.23 2214.50 2164.31 2114.73 2071.92 2055.95 2039.18 2026.78 1931.70 1821.95 1717.99 1742.17 1778.99
1826.69 1864.52 1907.62 1954.60 2026.27 2106.51 2191.26 2102.09 2018.62 1949.72 1931.01 1965.04 2026.51 2069.03 2114.55 2159.22 2119.85 2076.72 2033.42 1975.27 1900.64 1811.77 1670.07 1509.16
1419.54 1621.48 1787.44 1924.08 1912.01 1916.65 1936.75 1903.47 1919.87 1967.35 2003.25 2052.77 2096.86 2115.78 2135.85 2152.89 2091.86 2024.12 1958.70 1971.65 1948.69 1923.11 1903.08 1882.06
1860.79 1797.50 1727.97 1647.96 1623.79 1618.89 1560.77 1415.25 1476.30 1590.09 1665.32 1726.63 1781.21 1631.10 1465.82 1359.62 1524.06 1659.22 1770.95 1819.89 1869.65 1926.34 1910.76 1894.80
1876.86 1894.27 1915.54 1941.05 1895.01 1870.65 1880.01 1809.44 1729.67 1641.85 1533.15 1426.22 1338.04 1465.89 1570.80 1658.12 1649.24 1639.26 1635.75 1518.23 1329.57 1119.89 1181.06 1346.47
1484.91 1360.69 1243.90 1250.67 1160.13 1346.88 1540.18 1525.66 1515.86 1505.07 1097.97 1188.41 1483.24 1613.15 1729.48 1837.17 1871.33 1906.90 1948.97 2003.13 2057.60 2119.11 2090.49 2064.32
2045.50 2006.18 1980.35 1969.84 1954.99 1978.80 2014.26 2067.96 2104.49 2125.17 2186.02 2249.92 2295.80 2351.63 2398.19 2449.79 2467.82 2438.33 2410.50 2391.96 2365.81 2336.88 2281.83 2224.82
2167.56 2114.57 2065.62 2025.78 2004.28 1989.04 1982.22 2044.74 2112.67 2172.04 2195.42 2219.09 2218.38 2212.88 2210.45 2214.53 2247.91 2282.82 2303.14 2304.79 2299.60 2292.62 2267.87 2245.46
2229.53 2191.25 2154.95 2121.67 2061.03 2005.92 1907.66 1845.21 1802.14 1780.79 1714.43 1650.10 1598.97 1368.92 1163.08 1089.04 1355.54 1544.63 1698.38 1809.88 1909.49 2010.17 2186.39 2346.06
2420.67 2421.71 2422.41 2411.51 2384.18 2340.67 2294.28 2258.58 2245.88 2250.14 2149.30 2045.57 1944.04 1991.38 2038.43 2090.39 2073.98 2055.54 2039.97 2009.86 1986.86 1984.82 1963.55 1944.05
1926.03 1967.64 2012.95 2061.80 2103.16 2141.69 2180.22 2232.32 2272.58 2302.33 2186.54 2068.16 1931.49 1977.01 2024.08 2075.36 2070.97 2081.61 2118.48 2117.46 2108.50 2100.39 2096.49 2100.81
2113.02 2086.57 2061.66 2037.77 2038.74 2043.85 2051.40 2119.43 2186.95 2214.12 2291.51 2357.33 2419.37 2434.59 2448.40 2461.68 2446.99 2431.29 2417.83 2308.20 2165.38 1987.33 2011.60 2039.18
2068.08 2123.50 2178.18 2229.02 2210.73 2195.24 2181.96 2088.96 1991.06 1876.51 2092.14 2246.94 2348.34 2403.10 2456.30 2513.69 2477.85 2437.55 2399.86 2395.38 2382.53 2368.45 2339.99 2311.00
2284.49 2225.57 2162.70 2094.92 2062.43 2042.95 2042.58 2051.99 2064.94 2033.75 1739.52 1704.43 1764.38 1780.07 1904.82 2079.47 2267.43 2437.51 2597.75 2674.35 2746.95 2819.56 2851.09 2872.75
2898.58 2862.89 2826.54 2792.36 2774.04 2755.77 2738.00 2776.56 2810.00 2840.83 2771.98 2704.01 2641.15 2622.72 2608.23 2593.93 2559.74 2525.88 2505.18 2456.44 2410.31 2378.78 2296.43 2225.21
2181.75 2153.35 2120.52 2085.84 2102.38 2126.23 2158.14 2160.78 2159.77 2164.10 2120.43 2111.81 2141.08 2148.41 2163.86 2162.19 2152.46 2144.27 2139.46 2115.62 2077.62 2034.08 2028.72 2026.26
2030.17 2011.34 1992.13 1973.86 1911.18 1845.18 1772.10 1532.48 1255.25 1277.91 1312.40 1350.82 1386.02 1601.43 1798.69 1960.91 1997.60 2052.38 2125.02 2130.91 2070.33 1996.06 1998.66 2004.14
2011.25 1977.03 1960.69 1956.50 1938.38 1890.41 1859.85 2072.82 2223.67 2337.06 2354.83 2400.61 2467.82 2529.66 2576.85 2595.23 2575.18 2554.03 2534.78 2581.48 2623.66 2666.67 2581.96 2483.70
2373.32 2377.62 2383.73 2390.72 2340.50 2288.33 2232.00 2128.93 2029.44 1927.13 2043.84 2127.78 2154.53 2148.47 2049.42 1965.80 1827.35 1666.73 1544.58 1497.65 1493.14 1553.82 1590.21 1694.32
1820.73 1799.73 1802.10 1833.40 1726.70 1566.96 1384.71 1445.29 1658.56 1777.23 1857.31 1933.32 2000.81 1984.89 2005.91 2068.32 2106.73 2147.26 2191.48 2202.90 2196.27 2182.22 2157.35 2132.05
2107.66 2072.16 2034.51 1994.86 2004.89 2013.56 2019.24 2090.31 2147.88 2191.52 2189.50 2166.74 2135.84 2153.83 2180.39 2212.76 2195.67 2180.19 2170.98 2194.16 2214.87 2194.27 2132.87 2070.66
2012.59 2056.24 2102.09 2151.27 2070.20 2005.38 1975.09 1928.30 1890.24 1865.35 1870.46 1931.31 2033.67 2038.29 2068.82 2106.08 2130.45 2154.76 2181.03 2016.21 1850.59 1804.55 1729.22 1732.85
1823.40 1909.29 2001.86 2088.94 2118.43 2173.70 2251.44 2263.33 2274.09 2271.27 2259.62 2250.19 2239.65 2229.30 2226.11 2229.54 2224.94 2220.48 2220.02 2174.14 2111.97 2018.31 2005.16 1988.95
1972.36 1938.43 1901.37 1852.99 1870.65 1889.55 1920.28 1811.05 1703.87 1522.87 1506.73 1596.67 1705.15 1670.73 1640.56 1620.08 1548.03 1460.65 1349.09 1308.03 1551.48 1742.74 1801.76 1859.87
1916.71 1924.64 1949.39 1989.28 2020.90 2053.57 2084.66 2111.91 2130.67 2135.75 2163.39 2203.98 2249.11 2293.65 2341.25 2392.67 2401.22 2411.16 2427.52 2473.36 2513.45 2553.17 2549.87 2545.49
2541.82 2547.93 2555.23 2563.03 2510.93 2450.60 2383.19 2273.47 2161.75 2047.61 1713.69 1332.89 1585.87 1596.83 910.35 1544.53 1613.64 1692.06 1773.30 1779.56 1818.09 1897.68 2032.87 2167.70
2217.91 2168.65 2116.40 2063.96 2149.56 2229.53 2302.35 2286.18 2266.53 2250.97 2248.14 2248.23 2256.51 2286.41 2344.77 2401.17 2386.11 2371.24 2358.36 2332.82 2298.99 2261.78 2264.22 2267.96
2272.51 2300.54 2327.95 2356.42 2369.91 2381.97 2378.87 2357.69 2336.11 2330.63 2226.83 2299.49 2458.50 2292.69 2325.90 2481.02 2415.05 2346.36 2280.41 2393.81 2499.74 2603.45 2686.86 2768.72
2848.80 2849.69 2858.23 2877.15 2824.69 2776.51 2737.19 2728.50 2718.81 2706.79 2657.07 2608.52 2559.49 2484.52 2410.65 2341.47 2232.16 2102.78 1946.20 1511.19 1204.86 1771.60 1802.26 1837.62
1878.62 1904.77 1938.35 1976.94 1984.75 2001.30 2024.47 2025.00 2073.83 2124.22 2174.87 2219.97 2262.76 2286.96 2314.99 2348.06 2336.64 2326.39 2320.79 2323.47 2316.10 2304.25 2306.04 2313.14
2324.08 2321.30 2319.94 2300.25 2277.74 2254.97 2231.53 2331.40 2406.57 2457.49 2447.41 2433.46 2426.50 2445.26 2468.48 2497.00 2494.30 2492.08 2493.35 2489.66 2480.28 2443.78 2468.82 2469.43
2475.08 2470.10 2465.28 2460.57 2425.23 2387.35 2334.57 2395.38 2439.66 2471.60 2484.90 2491.55 2481.26 2519.99 2555.20 2593.03 2569.18 2543.60 2520.33 2499.53 2470.37 2438.18 2486.86 2505.45
2521.32 2217.61 1775.08 1697.88 1550.81 1539.90 1855.22 1740.37 1656.48 1631.76 1659.71 1868.78 2056.60 2118.99 2201.85 2289.04 2413.51 2535.45 2658.86 2606.39 2488.07 2318.65 2233.06 2162.83
2131.82 2183.40 2219.79 2262.27 2303.94 2366.12 2437.90 2445.94 2478.07 2515.49 2557.60 2596.71 2635.17 2615.41 2600.57 2593.57 2542.71 2487.28 2419.01 2386.61 2322.44 2241.22 2166.49 2082.49
1987.62 1971.25 1956.33 1945.05 1939.75 1934.48 1920.72 1754.70 1568.82 1337.86 1425.38 1624.68 1781.16 1737.85 1727.28 1761.83 1722.16 1671.66 1623.96 1845.97 2008.00 2160.14 2132.30 2101.85
2070.80 2049.51 2041.69 2049.38 2045.85 2042.94 2040.08 2198.57 2313.35 2388.01 2391.56 2398.48 2407.77 2426.45 2447.75 2473.53 2466.41 2459.54 2458.40 2433.05 2397.25 2357.95 2310.25 2258.52
2200.67 2191.66 2181.24 2171.91 2131.86 2099.30 2072.63 2140.10 2213.44 2254.39 2279.86 2304.78 2329.58 2354.62 2379.45 2402.43 2390.57 2379.04 2370.56 2322.21 2258.03 2186.63 2204.46 2222.54
2232.07 2252.56 2274.39 2295.69 2246.17 2195.14 2141.65 2200.27 2250.72 2280.26 2298.08 2318.12 2342.01 2350.05 2361.05 2367.28 2333.23 2296.04 2255.46 2184.96 2086.19 1969.85 1977.85 1992.53
2014.12 2074.14 2129.96 2148.07 2068.50 1994.83 1934.21 1863.17 1799.87 1745.41 1768.14 1831.28 1922.16 2043.89 2151.40 2247.25 2248.94 2252.65 2261.72 2168.93 2084.73 2059.19 2013.59 1984.74
1981.40 1952.31 1905.99 1900.57 1892.27 1991.92 2127.91 2128.68 2129.67 2122.49 2117.80 2115.23 2114.95 2092.86 2075.95 2065.78 2071.19 2076.63 2072.67 2069.41 2040.49 2009.98 1923.85 1829.33
1730.06 1750.93 1770.90 1792.70 1833.29 1875.72 1913.42 1883.08 1918.65 1971.77 1969.41 2001.34 2052.72 1971.53 1890.18 1807.66 1815.32 1839.22 1884.89 1904.14 1945.94 2018.80 1994.87 1961.59
1924.40 1922.06 1919.88 1918.70 1917.93 1922.14 1930.66 2018.06 2085.04 2126.50 2243.92 2338.44 2415.84 2412.49 2416.16 2422.02 2381.10 2333.20 2282.10 2265.03 2237.73 2211.21 2173.10 2130.76
2082.87 2077.81 2071.40 2064.75 2055.49 2054.39 2057.34 2092.81 2115.39 2101.60 2178.88 2261.40 2339.41 2336.24 2338.74 2347.02 2334.02 2317.17 2283.26 2278.43 2263.78 2248.96 2214.27 2176.72
2136.60 2108.17 2079.83 2049.40 2064.32 2086.04 2108.80 2150.11 2176.35 2183.13 2242.46 2287.07 2328.00 2342.99 2361.42 2380.83 2348.23 2317.80 2296.56 2310.37 2317.24 2325.55 2325.36 2323.88
2323.13 2324.85 2327.14 2328.91 2328.20 2327.22 2321.89 2377.89 2418.57 2430.43 2454.64 2480.25 2508.60 2510.71 2515.58 2525.92 2489.25 2449.12 2406.47 2399.14 2379.79 2358.80 2328.18 2295.38
2262.18 2288.48 2314.59 2340.52 2335.28 2324.75 2297.26 2354.26 2397.21 2417.77 2436.04 2450.97 2466.26 2472.73 2482.26 2505.02 2494.47 2480.71 2461.67 2425.58 2373.80 2310.17 2300.67 2295.27
2298.80 2307.10 2314.45 2318.97 1948.89 1597.08 1991.47 1749.63 1753.02 1934.16 2053.60 2160.07 2248.53 2298.94 2336.59 2374.76 2343.21 2306.48 2256.30 2140.29 1986.48 1792.67 1804.81 1821.65
1826.68 1890.70 1936.09 1980.36 1999.01 1989.03 1998.53 2029.56 2070.35 2117.64 2076.83 2091.21 2157.14 2193.72 2236.85 2275.47 2259.81 2245.41 2230.92 2163.44 2086.16 2019.43 1881.17 1709.87
1480.23 1507.79 1539.69 1576.02 1513.16 1575.40 1701.17 1630.85 1740.94 1754.84 1823.72 1910.77 2012.38 1937.08 1868.85 1800.62 1815.11 1833.43 1858.59 1853.53 1834.65 1816.52 1800.26 1781.91
1759.70 1790.23 1826.03 1863.50 1842.19 1855.02 1890.82 1955.96 2018.08 2061.77 1983.12 1954.80 1968.49 1938.38 1919.40 1911.25 1907.62 1912.09 1889.86 1911.79 1920.59 1931.51 1918.63 1905.97
1894.04 1874.67 1866.64 1872.62 1895.51 1955.45 2047.14 1995.37 1944.54 1886.37 1863.83 1941.07 2021.45 2030.31 2018.08 2013.86 1998.28 1989.77 1991.71 2042.47 2082.89 2101.81 2043.48 1978.36
1906.99 1909.83 1922.00 1929.28 1892.15 1865.58 1847.74 1957.42 2071.27 2164.07 2212.90 2219.58 2255.24 2255.85 2260.22 2271.03 2232.74 2193.03 2151.67 2142.28 2135.00 2137.06 2131.79 2132.30
2139.29 2172.04 2170.66 2158.03 2225.92 2288.87 2342.19 2293.10 2253.74 2218.54 2245.41 2255.28 2267.05 2302.95 2302.91 2310.97 2265.26 2221.40 2185.09 2270.66 2346.89 2417.76 2387.27 2360.12
2343.72 2280.61 2225.50 2182.85 2093.60 1999.98 1867.40 1707.00 1506.40 1377.02 1310.77 1398.34 1340.69 1313.75 1601.64 1854.10 1874.20 1898.59 1930.95 2009.39 2055.75 2084.04 2092.33 2094.36
2074.99 2094.24 2122.08 2158.11 2114.44 2078.20 2048.72 2032.21 2015.34 1989.72 1868.75 1753.32 1643.68 1758.35 1864.25 1960.63 1937.27 1915.24 1893.98 1826.31 1735.55 1627.73 1606.32 1595.69
1597.18 1633.18 1670.38 1708.12 1582.79 1418.68 1182.69 1357.42 1482.79 1571.42 1508.11 1442.70 1388.70 1555.32 1812.15 1960.98 1661.40 1623.63 1962.59 1937.37 1910.65 1896.47 1914.17 1915.14
1898.59 1912.70 1930.47 1952.92 1953.91 1947.90 1937.47 1991.83 2040.60 2078.07 2037.03 2002.48 1972.42 1888.44 1814.02 1755.88 1790.66 1847.19 1922.30 1956.77 1982.21 1993.25 1962.64 1929.69
1894.28 1830.63 1790.36 1789.21 1837.41 1890.12 1937.05 1905.75 1898.57 1898.05 1892.56 1888.40 1884.54 1920.76 1959.09 2000.67 1994.09 1992.12 1998.46 1955.53 1906.45 1869.10 1832.74 1786.66
1740.10 1760.95 1787.16 1816.95 1751.77 1701.90 1669.95 1646.61 1653.72 1668.62 1486.27 1261.59 1010.19 1377.34 1607.66 1788.52 1836.87 1929.60 2046.93 2037.44 2009.02 1935.27 1855.22 1769.72
1687.25 1719.57 1600.50 1534.51 1508.77 1525.17 1567.68 1507.36 1597.72 1696.57 1652.39 1630.23 1642.07 1666.27 1691.23 1730.87 1753.61 1781.54 1811.96 1854.85 1892.67 1918.78 1864.75 1807.77
1753.54 1621.70 1451.32 1207.63 1468.52 1708.16 1794.22 1783.86 1774.61 1759.80 1829.39 1896.27 1970.16 2028.46 2087.91 2149.70 2182.77 2217.74 2235.48 2216.11 2180.25 2139.11 2081.59 2019.59
1955.22 1944.73 1935.99 1930.07 1923.86 1927.63 1934.66 2079.27 2195.76 2278.52 2299.31 2318.74 2330.73 2370.96 2405.52 2445.91 2432.52 2418.29 2406.30 2406.76 2398.84 2391.72 2373.06 2354.99
2338.41 2318.03 2298.17 2277.17 2291.20 2305.87 2312.06 2366.01 2410.87 2442.31 2455.92 2469.13 2484.20 2502.74 2520.90 2542.67 2535.10 2528.36 2521.82 2483.05 2425.84 2334.83 2304.15 2273.22
2243.06 2197.29 2149.07 2099.10 2048.52 1997.53 1938.56 1882.44 1831.73 1778.62 1683.06 1584.36 1486.44 1577.99 1707.57 1849.18 1916.96 1985.17 2056.71 2102.91 2141.53 2157.50 2139.73 2120.02
2100.99 2113.08 2123.32 2131.42 2175.32 2218.08 2254.24 2271.89 2286.03 2292.84 2331.82 2370.25 2406.57 2434.76 2466.13 2499.95 2495.56 2491.77 2488.76 2514.07 2529.34 2542.99 2534.48 2529.00
2526.99 2545.01 2562.34 2579.80 2583.94 2577.76 2543.28 2523.78 2502.33 2472.52 2450.06 2435.80 2435.38 2343.99 2244.62 2146.06 2146.27 2152.23 2167.23 2144.66 2116.91 2096.29 2157.31 2215.53
2270.77 2279.88 2288.74 2298.62 2304.61 2308.88 2294.57 2344.14 2379.30 2399.38 2415.32 2431.63 2447.93 2460.54 2477.32 2497.71 2493.17 2488.92 2487.04 2485.35 2471.89 2454.65 2460.54 2468.25
2478.37 2479.85 2481.79 2485.17 2459.39 2433.05 2398.01 2370.11 2340.88 2305.30 2327.18 2349.88 2371.99 2378.19 2387.42 2401.89 2399.26 2398.24 2399.19 2371.35 2328.48 2276.30 2229.46 2178.26
2122.85 2151.16 2178.92 2206.55 2205.67 2206.63 2175.19 2202.38 2217.64 2211.24 2257.51 2300.88 2342.12 2337.68 2337.38 2340.99 2293.03 2241.17 2183.70 2189.57 2182.72 2172.13 2174.95 2179.46
2186.20 2162.99 2139.65 2086.72 2074.62 2062.50 2035.59 2077.74 2116.72 2142.21 2167.67 2193.54 2222.33 2264.24 2305.85 2348.17 2308.03 2262.98 2215.83 2179.11 2125.13 2065.70 2063.12 2060.45
2060.27 2075.48 2078.71 2052.41 2024.96 1996.70 1945.77 1987.40 2015.74 2026.10 2059.08 2089.68 2116.37 2141.61 2171.50 2205.50 2195.30 2185.30 2176.06 2161.90 2133.65 2102.30 2120.30 2141.03
2164.31 2156.47 2149.70 2143.82 2066.64 1987.66 1900.18 1990.32 2083.88 2159.68 2183.77 2210.56 2253.34 2293.93 2338.31 2386.95 2372.12 2354.89 2337.75 2326.99 2302.46 2272.48 2270.01 2268.87
2270.42 2275.44 2280.24 2286.61 2264.95 2243.22 2213.33 2280.53 2327.80 2356.08 2353.83 2353.49 2351.48 2359.89 2372.95 2391.12 2382.26 2372.62 2363.85 2376.61 2382.27 2389.05 2355.19 2324.07
2293.14 2275.70 2257.40 2239.64 2255.13 2270.54 2277.51 2280.84 2278.04 2266.39 2329.99 2389.25 2440.87 2438.95 2437.45 2439.24 2401.11 2360.25 2317.72 2227.16 2096.51 1955.25 1966.88 1982.71
2001.64 2008.45 2016.15 2020.53 1884.10 1732.70 1578.63 1662.79 1734.98 1784.77 1691.91 1606.43 1527.62 1384.55 1592.05 1838.80 1878.86 1931.28 1974.33 1920.77 1848.55 1760.71 1755.60 1758.27
1771.30 1717.69 1659.57 1599.37 1592.34 1659.45 1714.69 1581.29 1438.04 1290.32 1001.24 945.65 1095.30 1117.35 1140.48 1170.83 1197.27 1313.71 1483.05 1628.81 1748.10 1842.90 1792.99 1739.12
1709.01 1592.63 1445.72 1244.30 1258.89 1317.15 1391.63 1406.30 1410.45 1379.95 1246.72 1128.25 995.93 1234.62 1402.44 1542.07 1655.42 1760.99 1862.96 1892.04 1911.73 1883.61 1834.58 1781.79
1725.35 1622.55 1506.84 1381.21 1376.71 1494.45 1616.92 1335.60 974.36 1207.88 1161.45 1153.80 1196.00 1290.98 1446.75 1601.49 1715.95 1822.84 1927.55 1935.80 1936.65 1880.86 1863.11 1848.40
1840.97 1712.93 1551.99 1323.43 1302.43 1466.94 1437.04 1461.53 1487.81 1505.33 1543.32 1576.12 1613.73 1751.47 1873.20 1992.44 2010.93 2032.14 2055.05 2017.21 1957.61 1883.46 1849.94 1813.91
1775.19 1722.18 1672.47 1630.05 1665.71 1705.45 1730.69 1765.10 1787.28 1802.68 1905.07 1993.90 2080.11 2183.00 2280.59 2347.09 2290.11 2226.09 2157.13 2083.49 1987.23 1865.32 1837.97 1813.97
1790.43 1825.84 1858.82 1890.61 1751.47 1598.21 1476.96 1015.59 1442.01 1708.49 1676.09 1833.86 1878.89 1926.28 1975.41 2022.51 2025.87 2005.18 1989.05 1984.45 1965.64 1942.57 1888.54 1835.22
1790.59 1781.26 1787.11 1808.23 1722.03 1672.38 1707.50 1575.30 1454.80 1285.96 1087.50 907.69 1151.76 1326.38 1508.04 1672.69 1719.44 1772.43 1838.10 1923.90 2000.68 2073.54 2064.14 2077.42
2080.93 2023.44 1958.28 1887.75 1916.22 1933.54 1963.04 1956.08 1962.20 1975.15 1988.18 1988.75 1985.89 1956.44 1930.21 1912.35 1907.70 1909.03 1916.48 1865.49 1791.32 1703.25 1735.80 1769.81
1805.84 1791.20 1775.33 1761.01 1747.96 1733.04 1708.96 1687.20 1652.75 1614.26 1670.65 1706.39 1690.64 1725.36 1760.40 1799.38 1754.65 1723.71 1719.60 1631.40 1534.24 1510.77 1428.15 1345.95
1296.30 1367.09 1432.62 1439.55 1529.00 1606.96 1663.88 1549.08 1488.09 1471.36 1403.84 1352.90 1308.25 1379.78 1413.87 1453.33 1511.22 1553.27 1575.07 1606.04 1621.00 1633.76 1624.63 1701.38
1821.26 1857.14 1896.79 1938.21 1926.59 1914.94 1894.77 1980.98 2062.72 2133.12 2176.71 2218.63 2241.34 2197.12 2155.16 2127.30 2136.95 2148.89 2161.12 2142.76 2111.74 2074.56 2087.07 2100.16
2115.46 2095.23 2078.99 2066.55 2085.61 2104.54 2116.78 2064.09 2017.97 1980.29 1886.58 1791.90 1685.32 1595.42 1479.92 1359.29 1371.84 1408.36 1462.98 1611.72 1735.42 1845.50 1852.91 1861.53
1870.05 1830.60 1807.72 1829.25 1786.47 1744.85 1695.07 1630.68 1569.32 1507.29 1570.20 1660.30 1740.09 1670.81 1606.32 1555.94 1503.69 1465.63 1460.11 1383.76 1268.09 1140.24 1050.41 1040.46
1047.35 1051.90 1169.50 1326.14 1478.26 1606.31 1705.97 1664.32 1716.35 1793.52 1750.38 1712.29 1669.33 1628.78 1589.57 1558.07 1572.41 1620.80 1701.82 1755.15 1822.12 1896.65 1896.59 1890.20
1886.32 1874.46 1864.14 1852.40 1847.85 1843.61 1827.16 1748.82 1776.30 1844.38 1902.51 1954.10 1999.40 2087.95 2171.17 2253.54 2250.56 2249.44 2250.59 2231.30 2196.01 2150.54 2124.68 2098.09
2071.51 2081.76 2096.57 2114.98 2110.41 2094.21 2065.14 2129.32 2181.27 2225.91 2238.56 2252.88 2264.81 2306.32 2352.94 2394.73 2405.29 2417.55 2431.89 2398.20 2350.11 2289.93 2289.84 2290.24
2291.33 2301.06 2310.37 2308.11 2308.87 2300.40 2284.70 2291.75 2295.06 2300.08 2248.83 2155.95 2072.62 2091.99 2146.39 2228.21 2238.17 2247.72 2256.69 2220.36 2155.53 2027.60 2020.88 2016.59
2013.96 1925.00 1821.20 1696.81 1805.38 1769.58 1722.40 1644.82 1599.78 1430.96 1233.18 957.68 1230.81 1106.15 1010.03 1060.68 1118.70 1236.65 1591.53 1724.38 1839.63 1914.90 1922.96 1935.67
1954.86 1896.71 1829.92 1755.81 1712.04 1674.00 1637.80 1676.16 1725.94 1768.73 1771.33 1786.74 1787.59 1783.39 1793.16 1822.90 1818.42 1826.64 1851.66 1903.84 1947.84 1989.26 2002.21 2008.20
2021.28 1994.10 1964.60 1931.24 1934.70 1939.74 1935.05 1977.84 2008.32 2025.74 2072.75 2117.75 2152.22 2169.46 2193.77 2227.47 2230.32 2234.72 2241.72 2253.93 2254.62 2247.10 2230.88 2215.05
2196.00 2190.67 2187.10 2186.93 2181.01 2175.54 2160.34 2169.92 2174.25 2171.24 2188.97 2206.81 2205.76 2192.12 2186.06 2189.53 2215.65 2242.46 2253.50 2216.07 2158.24 2085.22 2098.26 2111.91
2125.01 2113.06 2099.95 2085.92 2079.83 2080.77 2077.63 2135.98 2183.60 2215.79 2224.97 2231.88 2235.72 2261.64 2291.84 2326.31 2318.98 2312.08 2304.37 2279.67 2240.75 2191.32 2187.32 2181.46
2175.40 2172.36 2156.09 2141.03 2138.26 2137.45 2112.44 2160.53 2198.82 2228.13 2275.21 2315.94 2332.91 2335.87 2324.65 2310.81 2312.03 2315.67 2323.05 2319.52 2305.42 2284.84 2265.85 2245.63
2223.03 2243.41 2264.76 2281.98 2240.44 2197.12 2141.68 2228.08 2284.86 2323.79 2330.08 2336.02 2348.75 2351.05 2356.54 2366.65 2366.12 2364.68 2364.58 2357.31 2336.90 2306.99 2299.51 2291.81
2283.56 2306.55 2256.43 2160.46 1936.88 1634.32 1313.33 1767.09 1985.62 2095.38 2136.17 2191.29 2220.54 2264.99 2310.71 2374.20 2282.13 2184.35 2081.33 1989.26 1875.43 1770.16 1795.04 1820.67
1846.96 1857.88 1870.93 1881.97 1912.21 1955.29 1985.14 1972.40 1967.95 1969.35 1901.87 1838.77 1773.03 1875.35 1977.69 2078.91 2024.78 1964.94 1901.43 1883.48 1850.93 1808.31 1832.48 1862.92
1903.07 1903.80 1904.76 1905.51 1865.44 1801.96 1729.40 1807.30 1869.62 1914.63 1966.18 2018.92 2059.77 2068.72 2059.72 2068.08 2029.39 1950.21 1858.49 1877.55 1892.18 1872.36 1854.27 1834.04
1814.43 1821.54 1827.11 1832.41 1766.49 1692.30 1598.83 1553.81 1452.56 1333.05 1429.20 1503.05 1590.04 1708.39 1820.37 1861.22 1876.12 1886.95 1874.95 1868.18 1850.54 1826.56 1849.64 1843.72
1833.80 1797.13 1758.19 1716.18 1587.49 1453.97 1364.47 1401.59 1422.95 1432.32 1456.74 1481.90 1497.04 1573.23 1600.93 1644.52 1633.20 1633.36 1606.67 1711.19 1805.23 1894.93 1898.51 1902.00
1904.83 1866.30 1830.55 1801.33 1751.74 1711.33 1661.35 1674.63 1640.63 1593.98 1522.07 1488.51 1501.51 1382.39 1434.35 1627.03 1700.20 1774.47 1853.30 1865.00 1813.20 1749.61 1765.09 1792.62
1786.74 1660.96 1554.58 1399.41 1285.86 1169.80 1113.26 1364.38 1519.47 1621.45 1562.79 1532.61 1538.29 1607.54 1661.87 1757.84 1896.04 2019.14 2131.93 2123.63 2106.92 2086.99 2031.99 1971.37
1906.80 1822.41 1725.67 1613.95 1561.80 1555.08 1590.29 1655.55 1777.60 1866.18 1867.28 1870.91 1885.71 1929.56 1995.66 2071.88 2105.30 2132.79 2161.81 2123.28 2065.37 1988.53 1945.50 1898.82
1848.35 1832.09 1817.07 1800.73 1737.73 1734.50 1743.19 1677.66 1647.03 1674.60 1710.39 1761.22 1834.03 1966.31 2087.79 2211.33 2235.82 2228.61 2163.50 2071.65 1946.03 1782.58 1790.49 1803.45
1822.46 1799.40 1792.78 1803.62 1852.34 1874.00 1880.55 1927.03 1978.35 2049.18 2081.36 2118.13 2169.63 2198.16 2230.37 2242.09 2213.34 2185.84 2164.48 2145.70 2121.76 2086.40 2050.97 2004.54
1959.71 1958.07 1955.50 1950.70 1884.62 1820.65 1757.08 1902.25 2015.56 2101.22 2131.30 2158.47 2181.80 2182.09 2191.39 2198.70 2162.19 2124.71 2089.88 2071.26 2035.20 1981.91 1972.45 1968.84
1969.40 1945.50 1920.89 1896.13 1906.08 1916.44 1917.03 1930.65 1951.87 1968.89 1998.07 2026.63 2046.68 2061.23 2082.26 2105.60 2097.27 2092.04 2093.09 2060.11 2005.11 1929.02 1919.35 1906.02
1893.20 1826.26 1752.39 1672.30 1602.42 1556.81 1540.05 1356.76 1272.66 1316.68 1348.92 1398.01 1441.61 1562.66 1673.18 1772.94 1848.85 1933.72 2027.39 2011.25 1970.15 1918.78 1923.39 1927.69
1935.42 1887.50 1837.11 1786.76 1625.62 1410.11 1064.62 1511.74 1722.04 1849.13 1787.58 1772.89 1758.33 1781.82 1844.32 1926.29 1993.33 2039.16 2062.54 2021.92 1962.65 1892.82 1875.28 1854.70
1833.73 1807.11 1781.78 1756.87 1675.81 1582.66 1460.59 1653.04 1779.09 1863.80 1854.25 1829.40 1812.37 1828.45 1893.98 1994.86 2024.72 2052.43 2057.64 2072.73 2078.99 2081.30 2034.37 1986.56
1939.22 1953.99 1969.71 1986.91 1894.59 1789.08 1653.67 1808.50 1924.88 2008.83 1949.76 1902.74 1834.77 1858.06 1898.81 1945.00 2000.55 2057.23 2113.16 2105.52 2081.97 2044.65 2019.34 1996.53
1980.61 1930.41 1879.88 1830.73 1724.27 1614.31 1509.97 1578.35 1649.86 1702.68 1540.04 1276.53 757.82 1026.21 1276.16 1450.07 1473.06 1499.95 1535.00 1596.78 1671.36 1758.96 1680.70 1590.97
1478.04 1202.77 1270.86 1546.61 1571.17 1664.11 1726.66 1742.71 1769.20 1788.82 1769.20 1857.47 1977.61 1940.66 1906.38 1868.57 1883.92 1902.22 1925.16 1925.58 1913.32 1894.07 1911.73 1931.89
1956.62 1975.43 1995.55 2015.89 2002.79 1991.65 1974.32 1982.42 1974.80 1962.56 1944.65 1933.60 1920.19 1923.80 1945.57 1978.59 1996.59 2013.31 2035.77 2035.36 2020.64 1997.32 1963.64 1925.06
1882.47 1854.47 1825.01 1794.02 1815.88 1865.15 1924.35 1946.30 1968.93 1976.75 2006.83 2035.13 2062.31 2029.20 2011.16 2019.06 2042.99 2069.30 2101.33 2028.63 1931.43 1811.93 1764.32 1741.76
1755.34 1750.75 1762.09 1776.08 1773.95 1767.39 1758.79 1697.09 1672.23 1677.83 1626.60 1590.45 1569.26 1585.44 1604.91 1639.59 1670.02 1627.54 1600.79 1613.95 1621.72 1631.06 1507.53 1469.95
1568.15 1524.55 1478.14 1428.85 1391.90 1355.86 1310.01 1431.40 1542.36 1624.28 1746.71 1847.69 1931.18 2013.80 2096.88 2164.56 2204.62 2245.62 2287.45 2259.15 2202.69 2132.07 2123.45 2114.80
2107.65 2091.18 2076.17 2060.90 2011.95 1961.08 1898.36 2002.46 2077.90 2128.62 2131.12 2117.50 2118.88 2132.82 2157.57 2193.69 2222.21 2253.34 2287.15 2268.04 2224.67 2171.81 2112.60 2045.63
1969.06 1933.83 1895.43 1854.41 1829.94 1805.31 1769.38 1844.88 1899.66 1936.13 2006.96 2071.65 2124.84 2161.67 2186.95 2212.99 2211.37 2210.03 2211.14 2188.44 2150.04 2101.49 2075.65 2048.10
2014.27 1986.93 1959.13 1930.64 1893.13 1855.77 1813.11 1924.97 2028.84 2105.46 2110.42 2117.58 2124.97 2162.98 2198.80 2227.55 2238.12 2250.08 2264.47 2231.01 2178.43 2112.37 2078.58 2044.66
2010.54 1994.96 1979.80 1964.01 1927.24 1888.00 1838.47 1928.36 1992.93 2038.25 2066.21 2075.93 2093.13 2154.61 2214.26 2251.77 2262.46 2273.92 2287.95 2256.13 2206.87 2144.38 2097.88 2054.11
2015.23 1961.95 1903.43 1839.13 1811.52 1787.21 1757.12 1838.94 1901.84 1945.50 1978.73 2011.12 2028.05 2068.46 2117.01 2177.91 2231.62 2268.52 2288.83 2233.40 2152.95 2050.73 2054.26 2059.01
2068.09 2009.74 1944.91 1873.69 1740.16 1598.76 1500.54 1580.83 1657.89 1710.38 1766.23 1742.48 1717.77 1824.12 1931.55 2051.31 2107.89 2166.09 2169.51 2099.25 2000.93 1871.48 1898.31 1925.59
1953.12 1888.08 1828.61 1785.83 1573.73 1397.97 1530.69 1030.28 1347.52 1580.19 1504.67 1452.47 1270.74 896.26 935.78 1288.19 1343.95 1426.14 1525.72 1627.79 1744.52 1866.63 1808.53 1752.21
1700.66 1500.55 1241.13 1307.32 1485.03 1531.88 1531.19 1598.44 1792.62 1949.95 1960.23 1963.12 1943.71 1953.21 2000.01 2062.56 2035.90 2009.63 1985.91 1954.69 1905.88 1843.80 1862.26 1883.16
1904.19 1924.11 1945.17 1964.93 1946.48 1914.17 1879.62 1955.65 2038.70 2109.26 2062.27 2023.71 1984.02 2038.65 2094.25 2145.85 2122.15 2099.57 2080.78 2058.63 2022.58 1987.83 1941.70 1897.13
1857.32 1870.79 1899.56 1938.26 1931.34 1924.62 1911.07 1836.18 1800.42 1788.97 1808.38 1829.42 1801.00 1813.52 1831.55 1850.50 1856.54 1876.40 1911.71 1929.23 1933.20 1932.53 1887.92 1803.28
1724.26 1687.82 1650.45 1615.78 1684.10 1751.05 1808.20 1769.56 1767.30 1778.81 1706.97 1642.14 1577.97 1687.05 1788.71 1880.64 1946.84 2015.49 2089.76 2114.15 2125.34 2070.48 2026.46 1977.43
1922.58 1900.01 1876.35 1851.15 1816.35 1779.98 1725.49 1735.31 1754.01 1763.21 1785.78 1807.34 1836.01 1927.74 2013.21 2101.97 2158.21 2214.02 2245.85 2179.51 2090.97 1980.29 1941.17 1897.91
1850.64 1849.88 1849.01 1846.92 1829.00 1813.52 1793.85 1881.11 1956.89 2020.93 1996.30 1968.96 1958.04 2086.96 2169.05 2250.72 2240.99 2230.08 2220.45 2198.15 2169.13 2136.81 2066.89 1986.42
1895.21 1894.56 1893.69 1891.55 1853.78 1819.82 1788.81 1818.26 1887.30 1954.86 1952.78 1926.05 1911.48 1918.75 1934.11 1960.29 2008.95 2064.32 2104.40 2090.73 2061.85 2026.22 2025.37 2033.07
2050.87 2052.80 2059.95 2072.43 2002.72 1925.07 1835.76 1869.43 1895.93 1913.10 1850.05 1794.32 1691.67 1544.64 1445.50 1471.41 1604.66 1747.61 1894.04 1955.21 2015.10 2019.98 2000.50 1987.09
1983.06 1970.69 1957.54 1946.54 1829.05 1686.42 1495.07 1494.30 1488.06 1470.31 1519.31 1570.96 1612.89 1719.02 1831.65 1906.98 1950.07 1999.47 2055.16 2034.75 1994.31 1941.30 1900.04 1855.66
1812.26 1798.34 1782.51 1766.93 1745.41 1723.96 1698.57 1655.64 1614.36 1563.66 1537.48 1546.07 1600.82 1687.03 1766.91 1837.92 1891.40 1932.71 1967.80 1963.48 1947.36 1928.66 1870.77 1808.10
1745.63 1678.56 1609.42 1537.34 1465.71 1414.76 1398.39 1316.79 1234.23 1137.24 1390.50 1561.18 1679.28 1662.82 1653.62 1646.45 1641.39 1643.04 1655.42 1693.67 1752.77 1837.42 1822.27 1814.54
1817.22 1779.78 1744.30 1713.30 1654.46 1607.47 1577.62 1552.10 1524.55 1486.31 1463.58 1468.55 1494.22 1529.58 1534.46 1550.45 1699.63 1831.96 1952.12 1957.84 1949.92 1933.67 1918.42 1886.05
1855.48 1807.77 1755.86 1698.90 1665.48 1631.78 1594.17 1521.75 1631.46 1750.94 1615.51 1472.42 1329.80 1145.12 1395.66 1620.88 1695.10 1765.69 1836.05 1846.75 1854.99 1866.91 1807.38 1772.03
1771.86 1767.08 1757.01 1745.52 1652.65 1544.74 1406.19 1448.33 1481.07 1499.37 1438.35 1350.08 1381.33 1619.41 1795.19 1942.81 1988.26 2037.63 2093.45 2064.97 2006.62 1926.43 1886.14 1845.36
1806.26 1771.26 1733.25 1694.17 1594.30 1482.23 1357.16 1360.76 1434.85 1499.95 1417.44 1322.44 1398.93 1535.61 1653.39 1764.45 1841.86 1921.57 2007.52 2045.64 2083.06 2106.03 2081.18 2058.43
2039.32 2025.97 2014.79 2005.92 1942.71 1872.24 1788.95 1843.50 1885.32 1908.23 1903.01 1900.98 1858.54 1851.58 1862.77 1891.00 1953.02 2015.49 2082.63 2130.93 2156.86 2147.79 2116.84 2083.12
2049.25 2043.93 2038.79 2033.60 1966.50 1892.74 1803.95 1859.97 1898.06 1916.37 1945.23 1967.85 1964.68 1958.49 1959.39 1972.47 1991.17 2016.44 2048.74 2103.07 2127.73 2147.93 2113.40 2076.13
2035.46 2015.65 1996.16 1977.51 1937.42 1893.93 1843.06 1980.46 2073.09 2129.47 2106.67 2090.32 2065.72 2011.93 1966.32 1929.17 1970.69 2015.21 2066.22 2120.52 2132.31 2121.66 2093.96 2063.97
2031.85 2027.04 2023.89 2017.39 1942.86 1859.34 1760.31 1831.57 1878.49 1902.72 1898.69 1898.99 1882.38 1852.46 1849.32 1868.05 1890.44 1915.44 1946.37 2014.26 2069.88 2116.08 2098.47 2083.28
2071.30 2035.86 2002.06 1973.65 1896.32 1815.58 1728.65 1809.98 1875.28 1915.80 1895.16 1873.72 1820.33 1787.72 1770.13 1767.94 1848.27 1933.82 2025.72 2090.69 2130.71 2136.20 2112.20 2090.81
2073.30 2025.99 1975.62 1921.11 1856.00 1783.41 1698.60 1823.27 1910.65 1963.15 1913.61 1869.92 1814.01 1781.72 1784.81 1818.18 1882.65 1947.83 2017.84 2092.92 2133.28 2143.90 2109.05 2071.88
2033.91 1990.11 1942.44 1891.83 1799.23 1690.52 1547.72 1611.79 1676.14 1718.65 1591.33 1466.66 1393.29 1050.74 870.56 1302.80 1517.76 1696.51 1857.35 1909.33 1970.59 2050.17 2031.06 1991.58
1921.90 1860.19 1788.53 1706.60 1626.00 1534.71 1421.19 1569.69 1641.00 1719.35 1324.97 958.23 1248.33 1351.94 1457.14 1567.87 1603.71 1645.05 1696.14 1700.36 1704.64 1728.00 1689.40 1666.45
1667.98 1530.12 1408.60 1199.22 1187.84 1241.63 1319.24 1301.88 1290.68 1273.77 931.13 930.99 964.17 1094.84 1248.95 1348.35 1500.27 1613.74 1720.69 1782.93 1838.08 1897.33 1861.35 1827.61
1802.00 1773.86 1752.33 1741.11 1709.12 1675.38 1636.03 1562.10 1506.79 1458.62 1428.71 1426.77 1424.92 1574.60 1677.47 1778.28 1889.72 1995.43 2073.67 2066.98 2054.86 2051.72 2004.71 1951.59
1893.27 1884.19 1873.55 1863.85 1835.44 1808.14 1778.05 1867.12 1936.14 1983.46 1969.77 1951.61 1957.08 1999.87 2048.88 2108.52 2160.41 2202.85 2223.72 2199.29 2162.89 2122.78 2104.94 2086.14
2068.14 2054.94 2040.67 2026.86 2003.67 1980.44 1952.60 2055.98 2130.87 2186.20 2173.19 2164.39 2147.40 2171.42 2202.08 2235.06 2250.70 2252.80 2258.85 2205.88 2129.12 2036.35 1978.71 1913.28
1838.35 1821.33 1807.16 1792.55 1736.14 1675.59 1605.25 1732.94 1847.53 1929.86 1899.02 1873.49 1852.84 1906.63 1974.19 2049.82 2063.49 2068.22 2075.39 2029.07 1964.71 1899.18 1862.69 1828.09
1798.97 1721.39 1630.99 1521.37 1438.82 1476.90 1592.07 1514.13 1526.46 1578.69 1498.60 1450.01 1455.99 1616.79 1761.32 1892.08 1913.48 1932.70 1953.88 1935.25 1907.02 1881.18 1847.40 1812.87
1778.72 1739.92 1701.02 1666.39 1668.97 1673.02 1676.31 1656.75 1674.82 1707.10 1599.20 1506.16 1531.27 1693.48 1830.39 1954.18 2041.49 2124.66 2146.18 2079.77 1991.51 1886.63 1876.31 1867.21
1859.02 1841.98 1824.15 1806.86 1750.15 1733.59 1762.32 1678.13 1622.95 1594.46 1682.06 1746.40 1805.92 1894.62 1988.14 2079.71 2137.52 2173.85 2199.82 2126.74 2027.36 1905.77 1875.61 1841.66
1806.18 1800.47 1798.19 1801.27 1787.91 1776.86 1765.58 1659.81 1639.97 1683.52 1699.01 1762.60 1857.48 1945.14 2030.03 2106.07 2113.77 2123.70 2139.83 2105.05 2053.57 1991.82 1925.16 1853.19
1774.91 1724.10 1698.01 1707.20 1747.57 1784.19 1814.14 1756.33 1696.22 1664.42 1727.59 1783.75 1818.82 1808.89 1815.19 1828.02 1868.61 1911.25 1956.29 1917.32 1860.08 1791.13 1790.45 1799.95
1820.40 1807.27 1794.24 1782.81 1748.25 1712.98 1672.93 1713.98 1749.35 1779.62 1748.58 1720.46 1692.70 1818.11 1928.61 2018.81 2024.86 2032.85 2044.39 2017.88 1977.77 1932.50 1882.68 1830.04
1775.32 1827.70 1877.17 1926.36 1905.88 1890.41 1878.06 1983.91 2066.59 2123.83 2116.64 2111.57 2072.69 2096.93 2127.83 2159.70 2207.25 2239.12 2277.16 2248.53 2202.11 2144.27 2154.59 2165.11
2176.18 2135.86 2092.36 2047.06 2013.51 1978.23 1940.29 1925.54 1908.09 1881.26 1811.75 1747.24 1659.44 1716.98 1774.12 1830.05 1892.93 1955.99 2025.18 2099.65 2105.07 2093.57 2011.81 1915.67
1801.89 1758.55 1716.53 1676.31 1564.47 1425.49 1234.88 1091.28 1102.95 1185.17 999.40 1156.56 1292.32 1363.72 1444.54 1532.23 1639.10 1713.63 1755.35 1751.46 1762.78 1805.22 1770.97 1748.70
1745.52 1721.69 1700.27 1682.20 1572.28 1438.98 1277.86 1152.68 1045.34 994.69 1232.08 1385.39 1478.53 1595.50 1699.62 1792.04 1805.51 1819.63 1841.62 1824.09 1798.49 1780.42 1773.41 1769.70
1772.76 1747.89 1723.20 1701.54 1689.39 1698.72 1723.62 1709.89 1700.20 1683.38 1691.93 1669.77 1649.24 1724.21 1803.49 1889.21 1949.53 1981.07 2010.54 1963.25 1896.96 1816.69 1802.62 1788.19
1774.62 1659.42 1532.81 1438.70 1425.83 1434.72 1289.16 1274.94 1277.31 1213.15 1179.49 1244.66 1331.12 1438.36 1539.36 1654.47 1685.12 1729.97 1788.98 1806.57 1771.46 1722.03 1614.33 1477.68
1298.52 1050.60 1309.34 1222.76 1308.66 1435.17 1553.76 1532.63 1514.26 1492.83 1523.80 1574.99 1634.34 1677.53 1716.52 1755.17 1816.23 1873.23 1936.31 1907.02 1855.68 1817.61 1810.12 1807.04
1804.37 1673.04 1496.17 1288.91 1433.70 1624.92 1817.23 1775.26 1736.24 1690.55 1781.13 1865.87 1941.01 1966.46 1995.82 2027.60 2065.06 2088.10 2122.61 2050.29 1951.29 1832.55 1800.16 1766.18
1731.83 1771.63 1786.83 1808.20 1797.84 1788.69 1778.63 1718.41 1659.80 1599.54 1692.53 1766.79 1830.10 1890.97 1952.09 2016.46 2032.28 2046.90 2062.27 1999.54 1919.53 1840.38 1800.60 1766.29
1743.91 1774.98 1782.11 1784.98 1655.52 1602.19 1684.23 1695.40 1719.01 1737.05 1782.70 1819.38 1825.26 1890.04 1960.83 2034.69 2030.19 2024.61 2026.89 1965.80 1892.68 1832.44 1747.13 1649.85
1541.26 1511.65 1478.44 1441.20 1227.48 1281.32 1437.23 1395.50 1358.31 1295.78 1294.53 1266.07 1245.89 1233.90 1388.59 1517.38 1569.89 1621.84 1681.39 1660.09 1641.36 1642.18 1590.48 1565.85
1584.93 1601.26 1644.72 1707.76 1570.12 1401.79 1261.03 1329.58 1437.80 1519.96 1446.72 1375.77 1309.15 851.24 1119.06 1449.48 1579.94 1695.72 1807.12 1843.80 1873.78 1901.38 1888.52 1882.94
1890.48 1835.47 1772.71 1702.01 1709.08 1733.59 1769.52 1797.42 1812.72 1814.69 1718.27 1688.40 1718.95 1818.92 1919.85 2009.23 2036.45 2054.74 2082.27 2050.39 1997.38 1926.88 1881.98 1835.53
1788.00 1698.64 1595.00 1479.08 1301.14 1237.39 1401.28 1361.42 1429.53 1494.57 1689.08 1819.43 1914.38 1945.53 1988.90 2039.50 2046.44 2050.72 2061.97 2040.42 2007.23 1972.32 1939.94 1903.88
1864.59 1800.65 1732.60 1659.07 1569.80 1524.90 1549.87 1525.96 1584.42 1640.74 1759.55 1849.50 1916.86 1988.25 2059.45 2137.04 2166.81 2191.18 2220.95 2181.36 2081.45 1940.93 1891.83 1837.16
1774.25 1774.42 1799.93 1842.22 1840.23 1842.68 1833.72 1804.39 1769.78 1732.15 1774.08 1815.09 1877.79 1980.50 2078.52 2176.78 2177.38 2175.74 2176.84 2152.09 2101.94 2047.28 2014.47 1978.38
1903.85 1890.60 1876.87 1862.94 1834.10 1805.91 1722.78 1740.47 1757.11 1762.25 1782.22 1795.15 1792.18 1902.49 2003.89 2111.69 2143.70 2177.50 2217.64 2103.84 1955.94 1803.39 1771.32 1775.18
1820.61 1824.23 1833.02 1845.72 1823.72 1820.31 1832.15 1790.53 1742.27 1692.64 1794.64 1878.14 1962.78 1977.26 1996.43 2023.39 2039.95 2048.94 2050.92 1979.04 1891.56 1805.02 1706.16 1614.20
1562.34 1575.92 1589.33 1605.99 1553.61 1451.12 1388.45 1469.36 1563.68 1631.70 1702.50 1783.56 1871.51 1872.38 1872.31 1859.50 1845.92 1831.04 1823.33 1714.12 1582.48 1490.58 1399.31 1279.25
1125.42 1021.03 1202.67 1365.55 1446.92 1635.47 1804.94 1764.25 1758.86 1756.36 1746.92 1781.40 1837.68 1897.54 1959.79 2022.23 2035.59 2049.15 2073.32 2018.03 1927.90 1833.97 1747.93 1646.65
1520.02 1470.69 1480.76 1382.50 1107.36 1328.28 1569.63 1563.17 1559.06 1548.07 1588.73 1700.67 1814.42 1862.04 1911.75 1964.86 1974.38 1984.88 2002.70 1941.79 1847.97 1769.84 1682.56 1581.03
1464.27 1326.71 1137.55 1015.43 1178.76 1460.34 1663.30 1711.91 1748.07 1774.19 1802.28 1890.78 2009.16 2042.18 2082.44 2127.12 2117.20 2103.88 2092.68 2074.39 2053.01 2033.52 2017.81 2000.43
1983.57 1969.18 1962.12 1962.55 1972.55 1989.02 2010.34 2059.00 2103.36 2137.42 2145.88 2168.40 2206.53 2200.19 2190.91 2187.31 2143.06 2088.02 2026.04 1933.47 1834.12 1751.56 1751.72 1785.78
1844.88 1803.90 1715.34 1630.94 1417.54 1060.88 1243.21 1248.79 1250.60 1259.67 1319.24 1482.26 1623.34 1583.29 1552.29 1531.72 1602.81 1718.83 1844.34 1810.71 1772.77 1734.30 1735.80 1764.12
1811.09 1798.58 1785.95 1775.60 1703.08 1625.45 1537.99 1602.74 1655.58 1697.97 1779.97 1847.07 1867.73 1934.46 2002.61 2064.87 2073.59 2082.12 2093.42 2092.13 2087.84 2084.73 2098.74 2116.60
2137.14 2119.33 2100.33 2079.99 2078.76 2078.60 2066.72 2083.97 2095.62 2104.04 2167.10 2222.06 2268.20 2266.86 2267.50 2266.58 2247.60 2225.73 2204.95 2194.19 2183.14 2171.82 2162.84 2146.69
2129.93 2097.76 2064.69 2029.39 2054.99 2081.40 2085.88 2059.48 2030.71 2000.24 2032.60 2062.68 2094.60 2122.36 2153.56 2177.40 2169.94 2160.33 2153.38 2100.55 2038.22 1967.87 1976.28 1987.56
2000.32 1968.05 1933.23 1899.15 1841.53 1790.59 1749.65 1852.61 1955.25 2027.89 2054.95 2078.51 2102.27 2138.12 2172.59 2211.24 2175.70 2135.65 2096.87 2024.70 1942.29 1862.86 1853.09 1842.36
1833.30 1837.24 1841.54 1848.95 1794.12 1727.78 1653.44 1600.69 1543.51 1479.61 1637.52 1749.45 1848.44 1940.99 2009.14 2064.92 2052.22 2036.18 2022.87 1965.46 1900.20 1832.02 1800.12 1766.93
1732.95 1755.71 1779.60 1807.11 1777.07 1757.42 1751.34 1648.79 1550.84 1465.40 1625.81 1743.34 1837.58 1947.79 2041.73 2119.94 2121.81 2091.38 2062.56 1999.77 1919.71 1823.00 1794.76 1764.16
1732.02 1771.02 1809.04 1846.80 1851.68 1865.31 1888.39 1879.48 1877.65 1876.16 1879.40 1879.73 1888.52 1916.27 1950.43 1991.18 2042.98 2072.57 2078.30 2028.99 1969.42 1901.50 1897.98 1893.93
1889.57 1838.42 1781.97 1718.91 1729.51 1783.46 1859.90 1733.27 1593.85 1440.09 1494.57 1518.90 1515.11 1618.46 1712.98 1800.20 1793.84 1786.44 1787.93 1837.37 1886.83 1938.69 1923.58 1907.94
1892.17 1890.32 1893.22 1903.04 1872.98 1864.00 1877.41 1909.03 1938.78 1961.22 1962.97 1971.94 1994.17 2120.80 2189.80 2257.95 2249.75 2237.21 2225.41 2196.56 2162.97 2125.87 2121.84 2117.52
2114.54 2081.60 2046.63 2010.66 1958.17 1911.90 1875.95 1974.34 2042.49 2092.26 2097.65 2106.41 2139.82 2176.73 2215.37 2249.78 2220.88 2188.12 2155.78 2175.06 2194.55 2215.09 2211.20 2191.77
2159.94 2124.45 2089.50 2055.35 2063.53 2065.26 2054.34 2039.13 2020.94 1999.30 2058.34 2112.16 2151.55 2212.21 2267.07 2324.77 2294.08 2253.81 2211.05 2185.62 2157.91 2130.55 2126.36 2107.03
2062.81 2063.23 2064.23 2042.19 2025.69 1985.66 1940.83 2006.85 2055.29 2093.21 2109.20 2129.40 2149.27 2162.30 2177.17 2194.43 2159.41 2114.85 2064.60 2004.86 1943.13 1892.63 1868.45 1849.52
1840.36 1804.80 1791.44 1801.79 1819.56 1837.86 1848.00 1922.78 1968.44 1994.13 2030.69 2068.76 2105.31 2135.77 2170.82 2208.86 2194.44 2173.69 2154.02 2119.68 2079.03 2033.19 2019.92 2003.62
1949.46 1908.54 1861.93 1810.55 1688.06 1624.33 1675.26 1671.34 1659.24 1633.69 1685.89 1760.14 1831.68 1950.14 2057.79 2158.91 2128.74 2090.76 2048.30 1998.71 1937.82 1863.61 1824.26 1782.58
1735.89 1678.68 1617.31 1547.16 1563.75 1511.73 1445.64 1483.56 1538.83 1583.77 1648.46 1727.39 1806.89 1867.01 1927.56 1968.08 1920.44 1863.62 1798.52 1769.29 1749.92 1745.40 1676.62 1599.77
1519.51 1471.94 1419.19 1361.69 1184.98 1028.09 1205.39 1311.34 1479.57 1593.29 1632.36 1703.29 1767.68 1804.71 1859.52 1925.87 1880.71 1837.29 1812.63 1782.52 1773.68 1799.17 1735.72 1687.49
1588.62 1524.08 1510.94 1555.76 1454.58 1336.46 1201.77 1324.21 1418.39 1472.55 1136.03 824.19 1211.20 1347.46 1460.15 1561.91 1671.09 1771.66 1850.11 1846.30 1842.26 1841.43 1832.92 1823.05
1814.33 1782.92 1754.00 1729.28 1610.56 1497.78 1448.58 1444.43 1431.51 1408.84 1636.89 1784.73 1873.14 1875.49 1888.11 1914.63 1959.55 2010.54 2017.44 1999.39 1976.98 1952.08 1933.61 1913.65
1894.71 1793.16 1604.44 1327.22 1174.94 1431.95 1673.83 1803.39 1899.69 1971.61 2018.08 2071.23 2127.32 2120.77 2119.42 2125.12 2094.96 2065.43 2043.18 2060.33 2079.70 2102.47 2154.81 2206.59
2257.98 2238.31 2200.68 2163.09 2144.88 2130.21 2119.59 2116.47 2106.90 2091.55 1990.21 1894.60 1780.64 1749.37 1735.28 1739.65 1799.88 1866.90 1941.11 1943.17 1941.73 1941.19 1937.10 1932.06
1926.69 1932.37 1939.24 1947.78 1941.36 1935.98 1929.77 1945.56 1933.78 1907.03 1880.38 1969.37 2090.84 2155.17 2218.22 2283.74 2271.19 2255.60 2238.99 2217.64 2195.55 2175.60 2180.83 2186.19
2174.48 2201.03 2220.58 2242.57 2192.04 2139.76 2086.29 2147.29 2192.37 2229.52 2242.36 2257.66 2280.61 2296.71 2317.14 2337.88 2334.37 2329.73 2325.95 2298.85 2267.95 2234.73 2215.11 2194.99
2171.85 2192.86 2166.48 2142.71 1833.22 1245.62 1569.70 1447.64 1896.73 2190.42 2400.02 2597.08 2773.92 2804.78 2837.79 2830.16 2794.35 2757.99 2721.45 2696.30 2671.20 2646.71 2620.87 2596.62
2573.81 2578.43 2586.69 2597.22 2612.83 2630.29 2647.85 2621.64 2593.78 2565.27 2454.08 2340.48 2218.86 2143.14 2066.89 1987.71 1938.68 1892.95 1855.72 1811.40 1762.39 1710.23 1660.97 1610.42
1556.47 1443.70 1442.13 1579.66 1498.05 1532.75 1536.94 1608.66 1667.49 1719.42 1709.47 1703.25 1690.88 1729.87 1772.92 1815.71 1756.55 1742.53 1785.58 1801.84 1827.68 1860.56 1797.18 1730.35
1663.43 1678.19 1695.62 1713.74 1665.19 1624.18 1594.68 1562.89 1529.19 1508.84 1357.78 1295.66 1494.78 1353.80 1202.47 1168.41 1585.00 1858.11 2061.15 2063.21 2070.01 2084.62 2052.32 2029.35
2018.43 1973.16 1950.84 1953.43 1915.24 1876.51 1837.33 1915.10 1968.00 2004.10 1963.73 1940.76 1944.46 1893.45 1844.05 1800.19 1797.03 1803.99 1825.14 1909.32 1992.55 2075.21 2034.14 1996.94
1962.83 1851.48 1768.55 1757.84 1517.02 1025.66 1529.16 1909.96 2175.17 2388.01 2368.78 2353.03 2336.87 2352.90 2372.13 2383.54 2323.52 2262.70 2206.83 2193.03 2176.59 2155.93 2119.98 2075.06
2027.33 2043.64 2060.82 2078.15 2054.14 2035.51 2017.53 1987.91 1977.42 1982.78 1995.41 2021.09 2051.95 1946.75 1838.16 1733.60 1802.99 1873.47 1936.99 1902.88 1875.05 1864.40 1869.68 1876.12
1886.05 1831.06 1813.37 1827.38 1713.46 1639.42 1683.95 1676.20 1662.26 1645.43 1526.07 1533.49 1629.86 1752.89 1836.10 1889.20 1864.05 1842.53 1827.28 1831.11 1837.09 1848.30 1856.61 1868.62
1884.47 1889.37 1893.44 1899.25 1865.68 1830.29 1793.49 1738.99 1687.13 1643.43 1730.81 1833.72 1919.58 1945.70 1974.86 1974.31 1953.48 1939.96 1937.21 1941.95 1949.63 1961.28 1936.82 1914.91
1898.16 1874.63 1854.89 1840.14 1813.44 1795.63 1769.19 1797.27 1836.17 1870.08 1979.39 2067.64 2136.25 2225.04 2309.39 2394.43 2404.54 2412.58 2417.05 2419.19 2420.89 2423.16 2393.87 2363.66
2333.23 2359.96 2384.37 2406.47 2207.28 1962.95 1687.68 1344.66 1315.50 1655.68 1702.78 1788.38 1891.93 1833.33 1871.17 1980.28 1946.43 1952.73 2015.14 2084.36 2158.12 2228.15 2224.77 2223.48
2225.67 2188.62 2147.49 2106.58 2093.17 2079.58 2065.74 1999.92 1925.24 1844.71 1900.21 1952.71 1995.09 1980.76 1971.30 1967.50 1942.99 1960.13 2029.36 2023.01 2054.59 2039.25 2018.10 2006.57
2008.26 2060.88 2079.98 2099.19 2102.76 2105.81 2108.34 2116.30 2110.73 2096.23 2172.35 2255.81 2336.49 2366.46 2400.10 2438.88 2396.43 2346.58 2286.39 2260.71 2234.98 2212.12 2163.20 2112.37
2062.90 2068.40 2075.66 2083.14 2123.95 2164.41 2195.90 2236.53 2258.32 2269.46 2267.99 2283.56 2307.58 2323.89 2340.96 2362.57 2356.05 2345.19 2323.48 2167.44 1978.55 1803.54 1724.13 1870.48
1802.03 1723.33 1984.50 2268.60 2348.63 2424.80 2497.80 2464.99 2429.99 2394.64 2420.76 2449.96 2469.06 2497.96 2528.51 2553.35 2577.12 2603.47 2627.99 2665.16 2702.85 2740.23 2712.07 2683.12
2653.19 2628.95 2604.99 2583.86 2529.77 2481.58 2446.17 2476.16 2482.58 2489.30 2385.39 2279.04 2142.11 2101.21 2064.36 2029.73 1959.67 1878.37 1778.59 1504.07 1120.39 1527.70 1320.87 1145.80
1373.28 1391.62 1432.18 1484.30 1584.03 1814.12 1980.63 1962.46 1920.20 1886.59 1842.90 1862.82 1913.06 1989.07 2064.88 2115.08 2123.73 2090.45 2043.93 2011.20 1975.10 1937.87 1891.30 1842.73
1796.86 1800.66 1808.03 1816.42 1738.47 1662.56 1683.22 1786.47 1864.28 1923.29 1973.24 2040.70 2105.79 2164.02 2229.36 2298.67 2271.54 2243.29 2207.98 2194.60 2186.17 2186.06 2134.70 2080.68
2021.55 1987.42 1956.59 1930.73 1866.71 1844.18 1875.07 1914.14 1944.05 1983.88 1874.76 1794.58 1775.34 1818.42 1862.07 1899.19 1896.60 1894.43 1890.08 1897.39 1904.69 1911.57 1942.14 1970.27
1999.30 1904.92 1812.55 1734.72 1411.66 1182.23 1149.35 1212.95 1350.54 1471.28 1634.28 1811.61 1965.91 2096.12 2223.59 2350.69 2458.72 2567.16 2672.51 2749.48 2825.51 2900.64 2945.67 2989.89
3036.84 3019.87 3001.93 2985.82 2934.70 2875.41 2814.14 2857.84 2893.02 2923.86 2829.34 2736.44 2644.58 2606.85 2567.61 2530.48 2460.66 2375.78 2264.45 2274.15 2283.40 2288.90 2209.29 2112.97
2000.32 1988.66 1864.54 1686.50 1637.80 1669.59 1760.32 1773.50 1775.57 1767.41 1829.68 1919.37 1950.05 1935.44 1925.84 1918.41 1952.05 1988.22 2018.48 2006.49 1963.45 1885.72 1818.25 1844.54
1948.10 1890.93 1837.85 1802.58 1947.08 2075.53 2191.23 2189.98 2177.92 2160.93 2178.00 2221.19 2276.35 2243.07 2214.22 2187.53 2165.39 2139.46 2102.53 2065.51 2027.03 1993.01 1999.74 2007.06
2013.92 1982.93 1950.31 1917.66 1859.46 1823.39 1821.36 1746.97 1710.29 1713.48 1860.05 1982.16 2058.11 2080.95 2123.04 2179.58 2178.47 2176.89 2166.24 2123.19 2075.55 2025.17 1998.56 1978.22
1965.21 1977.85 1992.86 2009.03 1982.68 1967.53 1960.87 1978.14 2016.72 2065.21 2091.99 2128.15 2165.04 2188.17 2213.04 2232.13 2203.94 2172.89 2131.05 2106.65 2081.16 2054.38 2015.72 1975.19
1931.02 1900.99 1877.69 1862.00 1882.83 1878.08 1866.97 1758.22 1643.49 1534.32 1569.98 1602.03 1625.37 1721.90 1821.22 1913.27 1930.09 1947.74 1954.96 1940.65 1923.22 1904.56 1895.18 1888.00
1886.85 1885.12 1893.28 1900.02 1923.27 1941.64 1963.23 1995.03 2010.96 2009.20 2015.65 2052.11 2115.71 2153.99 2194.51 2237.84 2162.18 2074.60 1972.96 2009.77 2047.48 2089.06 2057.23 2022.75
1985.38 1964.69 1932.85 1853.02 1863.70 1878.36 1896.15 1699.86 1437.72 1092.18 1137.20 1256.95 1477.70 1604.71 1715.95 1767.81 1915.53 2011.79 2097.77 2250.91 2393.40 2527.34 2549.74 2572.08
2595.55 2629.48 2665.12 2701.36 2695.19 2688.52 2681.08 2689.27 2694.67 2701.57 2667.35 2633.88 2598.29 2547.74 2496.84 2436.00 2330.82 2214.96 2082.36 2069.24 2061.78 2063.06 2086.92 2112.80
2141.57 2115.18 2091.32 2070.24 2055.44 2040.47 2027.82 1923.36 1800.79 1661.61 1561.74 1458.70 1348.60 1018.60 1431.25 1469.51 1588.23 1696.53 1789.64 1737.83 1714.43 1730.54 1636.82 1550.96
1513.48 1559.12 1617.24 1677.22 1516.82 1511.15 1675.00 1653.47 1625.86 1601.45 1751.64 1894.08 2007.37 2061.85 2115.45 2168.88 2152.27 2133.46 2100.32 2127.98 2156.30 2179.68 2160.13 2143.13
2127.07 2117.00 2108.35 2099.11 2067.34 2038.17 2014.07 2057.90 2093.16 2123.56 2128.45 2125.61 2111.44 1977.56 1936.10 2014.39 1804.38 1787.17 2055.01 2493.68 2873.88 3182.03 3185.73 3189.40
3194.10 3176.93 3157.23 3136.62 3145.23 3154.79 3164.86 3160.84 3150.75 3140.47 3060.98 2980.64 2901.25 2856.34 2812.64 2762.41 2685.82 2577.06 2438.87 2446.63 2456.53 2468.72 2429.00 2386.76
2342.52 2260.32 2169.80 2076.55 2002.46 1931.10 1868.08 1854.10 1930.25 2032.35 1866.07 1713.79 1569.47 1369.07 1282.46 1457.85 1300.17 1741.63 1976.58 1929.97 1898.27 1871.96 1772.00 1680.32
1621.38 1727.54 1821.68 1903.62 1973.77 2043.69 2110.99 2097.59 2085.77 2075.92 2070.78 2089.48 2126.93 2181.45 2244.65 2311.26 2372.65 2432.21 2487.42 2440.62 2391.73 2341.35 2294.99 2246.34
2197.65 2188.09 2177.46 2170.23 2177.89 2185.42 2157.65 2228.17 2252.48 2274.80 2263.68 2256.40 2250.74 2209.79 2172.83 2140.50 2132.82 2109.06 2066.85 2033.37 1992.41 1929.31 1966.05 2003.16
2040.71 2065.40 2092.58 2121.76 2066.82 2013.63 1960.78 1872.24 1788.93 1724.63 1523.46 1367.37 1348.06 1361.24 1404.43 1468.19 1477.94 1524.07 1591.37 1623.49 1657.01 1688.78 1654.66 1641.85
1653.28 1547.19 1537.60 1598.32 1531.54 1550.28 1640.52 1572.08 1496.50 1426.01 1199.64 1407.30 1718.66 1710.90 1709.73 1713.80 1763.25 1812.72 1853.95 1811.48 1777.47 1762.97 1668.13 1574.88
1505.01 1536.11 1564.22 1594.97 1496.47 1375.28 1226.72 1477.58 1603.11 1664.86 1676.11 1704.76 1742.42 1693.79 1650.15 1612.08 1511.86 1385.52 1248.91 1369.72 1622.26 1818.31 1853.92 1888.66
1900.13 1839.68 1754.36 1676.36 1579.18 1465.65 1323.70 1156.37 1123.99 1267.65 1376.83 1413.25 1557.37 1751.17 1906.02 2036.22 2061.41 2087.58 2102.96 2093.87 2097.82 2118.34 2097.81 2076.50
2054.09 2062.90 2072.05 2081.06 2100.56 2127.91 2159.51 2224.04 2269.92 2304.40 2315.58 2381.16 2465.49 2454.07 2445.93 2441.83 2388.26 2325.93 2243.85 2259.79 2281.18 2307.97 2311.81 2320.73
2332.92 2310.54 2287.22 2262.53 2268.79 2279.01 2291.69 2273.21 2246.81 2221.62 2302.84 2372.08 2433.15 2443.03 2454.92 2471.32 2406.63 2336.42 2257.14 2261.47 2266.29 2272.48 2240.61 2221.53
2219.12 2175.82 2131.70 2085.06 2100.35 2117.57 2136.18 2045.03 1916.32 1796.82 1757.93 1894.94 1987.11 1862.06 1725.96 1594.32 1612.38 1704.71 1826.50 2074.27 2291.40 2483.44 2440.10 2371.19
2295.14 2240.67 2183.14 2127.80 2004.43 1877.17 1796.04 1906.21 2044.34 2132.21 2193.60 2247.41 2295.32 2234.08 2174.90 2119.76 2040.92 1945.12 1812.84 1886.83 1959.38 2029.56 2025.26 2029.97
2045.78 1953.23 1846.13 1728.55 1619.73 1583.69 1662.15 1498.15 1349.89 1366.22 1304.79 1422.64 1645.51 1831.82 1982.10 2109.76 2111.87 2115.59 2113.90 2114.99 2115.00 2116.65 2085.88 2053.45
2021.82 2005.49 1993.95 1987.59 2023.81 2068.92 2119.38 2160.81 2185.66 2200.43 2257.35 2317.93 2372.81 2375.99 2382.42 2391.57 2361.26 2321.41 2276.48 2313.93 2352.25 2392.45 2365.29 2329.77
2296.25 2294.01 2291.36 2288.79 2286.66 2290.16 2297.90 2343.33 2379.64 2400.75 2411.19 2420.75 2418.34 2459.21 2501.39 2540.95 2483.32 2413.51 2319.80 2311.63 2302.20 2292.30 2195.65 2082.75
1953.68 1650.55 1656.52 1758.20 1981.66 2293.98 2557.11 2589.76 2613.24 2636.88 2584.38 2534.98 2497.35 2465.89 2437.73 2412.67 2396.86 2380.86 2357.09 2355.03 2352.46 2349.60 2328.40 2317.09
2316.59 2347.71 2384.97 2416.88 2360.63 2314.48 2286.34 2330.62 2362.54 2384.69 2341.45 2299.54 2257.52 2154.45 2056.52 1977.69 1865.12 1751.22 1680.26 1812.18 1927.15 2028.74 2010.08 1990.93
1912.09 1884.91 1868.13 1865.97 1880.14 1915.91 1955.01 2023.99 2077.45 2117.04 2106.23 2112.57 2137.61 2135.73 2138.26 2149.57 2186.90 2230.50 2273.46 2295.88 2320.32 2347.18 2365.00 2387.41
2414.53 2428.13 2442.04 2457.40 2436.24 2415.47 2396.68 2408.65 2415.03 2417.84 2412.18 2411.64 2413.01 2365.44 2322.63 2286.31 2205.60 2113.48 2003.84 1973.27 1952.01 1949.27 1899.52 1787.49
1674.98 1650.33 1826.12 2037.25 2157.26 2272.18 2371.31 2359.05 2330.98 2302.40 2312.16 2324.04 2337.15 2325.94 2330.76 2348.93 2319.42 2282.19 2226.29 2242.33 2259.25 2276.98 2293.32 2318.92
2352.57 2328.78 2303.42 2276.73 2303.54 2331.22 2357.70 2374.13 2378.39 2365.10 2406.27 2444.96 2480.30 2387.78 2296.35 2200.04 2128.68 2025.29 1881.51 1734.01 1535.21 1190.37 1196.32 1202.23
1247.55 1410.54 1591.20 1737.04 1819.91 1898.97 1973.46 1905.97 1824.84 1735.47 1603.68 1819.73 2015.53 2048.77 2086.04 2125.55 2106.37 2093.22 2078.64 1978.51 1883.01 1814.95 1712.57 1589.93
1432.24 1261.66 1198.51 1371.41 1651.42 1846.74 2006.48 1976.61 1940.66 1900.31 1835.61 1778.65 1723.61 1582.36 1418.25 1197.62 1409.73 1593.44 1689.33 1641.41 1577.38 1515.10 1672.95 1803.59
1918.63 1788.16 1647.24 1545.89 1647.23 1841.67 2019.25 1999.43 1922.66 1837.44 1980.77 2061.45 2145.31 2205.07 2275.82 2351.09 2313.53 2271.51 2216.29 2224.18 2232.72 2245.70 2220.70 2197.96
2177.59 2148.36 2121.85 2097.71 2123.01 2163.50 2213.98 2191.40 2182.96 2191.38 2131.79 2181.45 2292.43 2285.39 2295.10 2318.66 2284.56 2243.04 2181.94 2226.52 2272.34 2315.20 2338.45 2365.43
2396.84 2345.45 2286.10 2224.04 2240.16 2257.93 2276.28 2242.37 2197.87 2149.42 2088.77 2030.63 1974.86 1846.35 1725.37 1639.68 1563.94 1605.77 1743.78 1769.13 1795.40 1825.25 1816.86 1808.99
1800.29 1831.78 1863.13 1893.81 1939.07 1984.12 2027.56 2028.16 2020.15 1998.49 1996.26 2098.32 2220.55 2275.63 2331.58 2386.87 2325.25 2251.43 2152.49 2171.48 2189.44 2207.59 2169.07 2129.00
2084.65 2097.08 2109.05 2119.98 2126.44 2132.58 2140.56 2143.26 2138.57 2126.35 2137.73 2139.36 2138.19 2017.84 1889.78 1745.07 1655.07 1603.93 1642.62 1491.62 1370.99 1453.67 1720.63 1417.29
1778.01 2098.94 2358.96 2582.84 2662.96 2745.31 2829.47 2831.89 2831.82 2834.41 2842.81 2845.84 2838.27 2809.24 2780.88 2749.30 2734.40 2720.35 2707.40 2681.75 2655.00 2630.88 2574.71 2514.76
2454.21 2424.30 2392.32 2360.61 2373.55 2386.56 2400.26 2401.03 2399.99 2401.01 2367.93 2340.22 2315.87 2252.55 2197.07 2147.37 2142.50 2149.68 2160.38 2136.43 2110.38 2085.36 2096.72 2109.01
2121.28 2084.89 2060.62 2048.57 2034.82 2026.88 2024.74 1901.85 1783.68 1705.62 1627.33 1721.00 1679.40 1653.87 1748.61 1880.98 1904.71 1932.56 1953.88 1883.83 1829.66 1802.37 1788.10 1777.18
1770.98 1707.18 1642.82 1580.92 1479.40 1351.74 1213.37 1304.66 1399.33 1470.82 1872.58 2116.43 2291.10 2303.05 2322.37 2347.48 2230.73 2104.99 1998.84 1959.13 1931.52 1924.49 1875.35 1821.55
1763.93 1674.40 1578.63 1492.74 1544.03 1601.93 1662.87 1491.53 1291.03 1245.78 1342.80 1542.16 1670.00 1775.22 1903.87 2027.60 2062.61 2103.81 2140.28 2154.72 2168.52 2162.06 2165.87 2180.27
2204.17 2193.60 2181.29 2169.91 2203.81 2242.62 2270.17 2245.97 2217.12 2185.36 2286.16 2372.68 2438.98 2421.42 2407.49 2392.39 2351.36 2296.73 2229.36 2278.01 2326.60 2374.38 2340.20 2304.22
2267.31 2295.17 2321.61 2347.56 2312.20 2274.56 2234.37 2106.41 1955.52 1776.07 1280.18 1416.08 1786.07 1318.22 1731.48 2150.72 2419.23 2653.20 2816.49 2811.32 2804.41 2799.50 2848.80 2897.42
2925.64 2914.56 2903.82 2893.34 2892.21 2892.05 2892.83 2894.08 2878.06 2858.06 2822.96 2791.37 2761.09 2747.42 2740.64 2738.05 2702.39 2664.49 2588.98 2518.32 2451.38 2398.04 2371.00 2342.36
2305.97 2298.46 2291.38 2287.21 2244.48 2154.84 2035.54 1883.01 1710.45 1547.39 1669.38 1575.89 1487.26 1654.94 1796.24 1917.89 1870.57 1831.04 1875.39 1756.12 1632.66 1550.71 1476.25 1430.84
1439.84 1536.76 1607.60 1545.57 1472.32 1444.92 1493.86 1598.87 1400.35 1413.87 1501.18 1665.16 1799.08 1856.66 1920.33 2021.26 2061.38 2145.17 2249.90 2242.18 2234.14 2224.93 2210.33 2171.54
2113.05 2062.05 2015.12 1969.35 2001.25 2040.05 2081.45 2117.91 2152.55 2187.08 2174.37 2164.26 2156.73 2100.17 2044.49 1990.92 2038.48 2087.65 2133.46 2052.28 1971.31 1898.85 1997.93 2093.15
2181.51 2119.83 2054.64 1984.64 1779.60 1474.28 1176.01 1269.62 1483.83 1632.50 1704.51 1780.11 1846.84 1884.07 1936.47 1996.23 1974.84 1962.99 1901.87 1948.33 1979.87 2019.77 2014.53 2031.55
2059.63 2037.00 2063.30 2128.59 2115.78 2085.90 2037.02 2028.60 2038.03 2054.68 2145.83 2229.94 2304.18 2261.04 2224.67 2193.34 2190.18 2183.68 2119.60 2084.15 2053.35 1995.83 2079.82 2158.53
2214.21 2223.14 2230.84 2232.53 2164.67 2103.65 2059.40 1969.98 1875.98 1779.60 1854.24 1913.43 1958.49 1935.67 1921.16 1910.94 1747.09 1604.77 1663.32 1570.01 1455.57 1326.96 1332.81 1339.55
1348.31 1310.93 1397.66 1530.82 1381.08 1201.46 1205.55 1197.77 1224.07 1281.98 1090.10 1324.41 1425.49 1309.21 1205.81 1168.26 1382.09 1556.65 1695.26 1843.38 1972.23 2091.60 2037.37 1979.73
1917.61 1881.82 1927.12 2030.54 1939.72 1839.18 1726.73 1641.56 1651.84 1725.05 1897.15 2020.29 2112.79 2098.59 2091.84 2089.93 2074.28 2052.20 2026.08 2015.94 2007.79 2004.04 1907.53 1806.88
1713.11 1728.52 1751.67 1785.32 1769.64 1754.61 1765.12 1754.16 1735.39 1708.12 1805.65 1859.35 1920.80 1876.79 1869.57 1828.38 1860.42 1893.04 1888.20 1863.33 1859.97 1877.87 1851.20 1828.01
1810.44 1796.21 1803.83 1834.72 1813.54 1795.87 1783.65 1828.41 1861.11 1882.47 1930.86 1966.04 2014.02 2069.71 2145.90 2206.00 2195.28 2186.49 2175.19 2194.40 2213.17 2232.26 2195.17 2126.95
2051.64 2132.07 2205.04 2268.48 2233.15 2191.44 2146.24 2230.68 2297.08 2351.38 2377.17 2411.86 2443.89 2449.92 2462.28 2472.92 2452.35 2430.77 2401.51 2325.40 2224.18 2101.83 2025.10 1933.42
1772.81 1819.96 1826.21 1838.00 1683.31 1606.05 1695.53 1698.35 1705.04 1654.27 1259.20 1783.81 2086.90 2258.67 2429.62 2479.32 2458.70 2417.05 2310.67 2251.65 2184.32 2109.56 2074.27 2065.79
2065.12 2005.66 1940.61 1866.87 1721.13 1572.43 1519.80 1632.53 1738.47 1838.92 1986.90 2122.38 2234.50 2195.11 2162.22 2132.37 2148.93 2174.78 2205.00 2172.67 2142.22 2115.85 2085.24 2054.54
2020.72 2080.27 2144.93 2212.06 2154.73 2096.37 2008.25 1976.96 1938.40 1890.90 1917.40 1941.29 1946.41 1847.77 1733.28 1598.24 1435.67 1618.58 1855.07 1786.32 1724.27 1688.15 1382.59 1242.68
