1561.21 1636.48 1753.09 1874.27 1990.07 2098.43 2200.26 2251.43 2300.65 2339.89 2441.88 2473.99 2501.04 2460.19 2421.18 2385.44 2414.42 2446.74 2475.13 2440.34 2405.24 2369.14 2388.82 2409.14
2427.04 2414.41 2400.22 2387.01 2392.19 2412.67 2444.28 2397.93 2346.28 2295.14 2237.06 2186.60 2152.26 2173.89 2202.68 2238.17 2244.35 2252.39 2263.56 2218.45 2183.13 2159.37 2110.33 2094.34
2115.84 2054.48 1987.93 1919.63 1455.10 1686.01 1968.33 1979.00 2003.78 2036.21 2265.35 2444.04 2587.28 2535.72 2487.40 2444.51 2382.48 2313.55 2230.65 2196.02 2158.23 2117.38 2002.83 1893.20
1819.50 2022.15 2191.59 2325.63 2326.64 2343.83 2359.50 2326.86 2304.10 2286.63 2240.94 2193.87 2147.87 2069.58 2001.93 1951.31 2050.61 2123.57 2207.25 2197.76 2189.87 2167.26 2113.80 2055.21
1992.22 1996.53 2002.65 2007.99 1981.54 1954.83 1925.91 1910.10 1895.36 1848.04 1848.19 1886.75 1924.91 1952.92 1987.74 2028.10 2048.77 2079.64 2119.63 2114.62 2111.25 2108.61 2145.92 2186.50
2231.45 2214.78 2214.42 2230.31 2221.96 2213.68 2205.62 2139.31 2070.44 1998.34 2036.90 2067.30 2090.86 2146.26 2204.87 2263.98 2212.64 2162.50 2121.29 2121.11 2121.84 2121.68 2088.21 2052.56
2014.46 1917.45 1829.31 1770.14 1824.68 1877.89 1858.01 1836.75 1813.24 1782.26 1713.72 1706.68 1742.10 1698.61 1659.73 1625.84 1718.20 1777.18 1835.56 1865.58 1900.37 1928.92 1954.16 1983.33
2013.93 1924.45 1819.12 1659.44 1755.61 1807.88 1865.68 1801.19 1584.62 1256.33 1414.94 1518.72 1595.39 1242.52 1119.47 1270.77 1560.96 1819.63 2027.99 2106.72 2183.52 2258.03 2291.43 2324.54
2358.80 2424.47 2488.78 2548.54 2555.77 2562.26 2568.84 2573.44 2576.30 2574.27 2537.33 2500.19 2469.60 2435.69 2405.29 2379.98 2348.32 2316.79 2284.73 2224.83 2160.67 2092.25 2031.55 1973.92
1928.51 1912.91 1896.61 1880.73 1889.03 1913.84 1900.77 1975.85 2013.14 2053.68 2056.95 2046.21 2020.91 2101.44 2177.30 2243.77 2291.83 2326.61 2351.21 2325.36 2299.77 2276.26 2219.59 2158.35
2092.62 2102.20 2113.68 2093.35 2124.01 2129.80 2132.01 2165.08 2198.65 2231.81 2226.53 2225.65 2232.94 2158.14 2069.92 1975.22 1940.59 1910.87 1886.56 1901.58 1898.59 1887.29 1850.66 1829.89
1833.45 1691.02 1578.61 1598.64 1812.48 2016.08 2188.97 2164.64 2147.74 2134.77 2167.11 2254.25 2357.91 2304.14 2269.15 2260.57 2229.70 2195.74 2155.08 2118.93 2152.92 2243.04 2248.92 2259.24
2271.36 2280.98 2292.15 2305.11 2331.35 2357.42 2384.96 2357.74 2327.13 2288.49 2245.31 2187.61 2133.57 2135.08 2145.65 2166.96 2167.92 2170.81 2173.92 2165.85 2157.50 2149.57 2143.53 2140.21
2135.32 2151.76 2170.26 2188.14 2161.91 2139.07 2124.54 2101.93 2074.68 2041.77 1963.62 1892.21 1831.45 1858.27 1896.72 1940.60 2024.44 2108.40 2186.83 2052.55 1864.54 1610.06 1499.06 1362.24
1194.24 1477.46 1677.92 1829.11 1849.82 1812.96 1839.02 1795.20 1835.33 1735.64 1572.06 1535.45 1649.69 1777.87 1887.47 1986.68 1906.00 1821.58 1734.01 1722.07 1710.32 1704.59 1725.33 1744.05
1762.57 1612.16 1454.15 1409.43 1603.08 1751.84 1875.61 1733.32 1572.65 1427.49 1198.97 1590.94 1806.22 1828.53 1866.28 1914.45 1856.31 1921.20 2045.84 2062.06 2060.25 2058.65 1996.10 1927.98
1855.57 1780.94 1940.61 2063.83 2114.92 2158.21 2177.41 2112.31 2003.60 1876.01 2024.99 2142.02 2233.71 2150.91 2068.52 1986.63 1925.23 1883.60 1884.21 1912.06 1944.51 1981.22 2012.67 2060.59
2123.46 2118.73 2127.13 2148.50 2149.07 2151.39 2153.38 2151.02 2145.45 2132.18 2164.80 2191.18 2210.38 2271.43 2334.52 2387.76 2366.34 2337.75 2310.68 2256.78 2200.90 2144.35 2130.48 2128.50
2138.64 2206.11 2327.48 2464.38 2554.78 2686.49 2837.55 2831.82 2843.67 2871.22 2842.64 2819.06 2801.97 2754.64 2709.34 2667.50 2601.18 2529.70 2450.26 2397.40 2338.07 2272.15 2239.78 2206.91
2174.03 2175.41 2230.39 2313.80 2228.53 2133.80 2031.97 2035.39 2064.21 2103.25 1899.03 1773.10 1819.29 1960.74 2083.70 2194.24 2165.57 2148.93 2115.42 2157.93 2211.60 2274.94 2278.67 2286.50
2296.67 2287.19 2283.80 2286.40 2292.70 2299.22 2306.39 2269.35 2228.31 2176.41 2207.62 2262.19 2320.99 2353.15 2392.64 2437.30 2384.99 2327.68 2262.76 2324.64 2384.21 2439.91 2455.17 2476.01
2500.88 2474.78 2450.20 2424.59 2381.36 2336.77 2294.37 2304.28 2309.96 2308.43 2382.48 2395.77 2406.68 2276.19 2134.71 1978.03 1758.39 1440.18 1397.03 1464.74 1574.97 1892.73 2273.95 2564.75
2803.20 2834.44 2864.44 2894.53 2816.36 2741.08 2676.85 2637.31 2595.73 2546.19 2559.23 2569.94 2579.26 2468.34 2358.34 2251.16 2156.62 2063.47 1975.13 1836.17 1679.14 1542.50 1698.52 1894.67
2067.42 2062.02 2059.26 2059.35 2062.67 2069.78 2079.17 1965.07 1859.08 1777.32 1850.04 1906.53 1948.84 2020.33 2091.73 2135.28 2040.08 1928.10 1785.24 1748.81 1724.68 1720.08 1642.42 1616.95
1669.22 1866.12 2029.98 2171.20 2212.21 2252.96 2266.51 2189.66 2108.49 2017.73 1954.76 2038.65 2166.69 2128.41 2095.08 2066.41 2058.58 2044.93 2010.78 2045.34 2100.51 2171.31 2202.11 2232.05
2154.10 2119.10 2084.36 2051.87 2019.47 1994.71 1977.72 2056.75 2067.09 2078.74 2001.83 1937.66 1844.91 1931.04 2010.50 2052.57 2068.86 2068.50 2087.37 2076.42 2065.62 2057.63 2019.21 2053.95
2151.09 2094.31 2039.61 1983.26 1727.31 1391.73 1561.33 1561.05 1587.62 1624.59 1692.73 1801.62 1902.63 1872.86 1851.82 1840.27 1839.86 1843.00 1835.53 1557.12 1460.64 1786.19 1872.40 1952.40
2028.42 2104.51 2175.56 2243.73 2245.40 2264.16 2299.25 2244.06 2186.03 2119.87 2208.50 2277.21 2293.40 2065.36 1943.71 2024.20 1836.27 1868.70 2124.26 2340.10 2536.05 2714.32 2786.75 2861.78
2913.24 2883.70 2850.87 2816.99 2750.69 2685.31 2622.68 2560.32 2490.98 2409.25 2298.93 2190.47 2097.91 2081.75 2099.65 2147.56 2195.28 2246.59 2290.74 2243.02 2190.71 2131.80 2135.90 2141.03
2145.56 2204.08 2226.77 2245.03 2216.27 2185.62 2152.52 2234.51 2302.37 2357.64 2339.85 2327.47 2334.35 2327.09 2325.44 2333.09 2331.74 2332.77 2337.39 2272.57 2201.98 2122.48 2131.71 2151.17
2104.21 2051.77 1994.57 1932.69 1910.37 1889.18 1865.70 1915.16 1961.41 2000.54 2014.88 2008.42 2005.79 2004.81 2025.71 2061.94 2047.46 2041.40 1995.80 2027.33 2022.42 2032.09 2031.82 2036.92
2050.89 2074.68 2089.59 2078.33 1914.55 1761.60 1732.36 1615.76 1624.78 1720.36 1765.31 1823.47 1886.77 1943.79 2003.64 2062.79 2117.65 2159.66 2205.76 2170.16 2128.49 2083.71 2094.28 2103.53
2115.17 2094.43 2076.38 2060.84 2068.63 2078.24 2086.52 1995.34 1904.88 1822.61 1885.77 1947.82 2003.85 2054.96 2111.38 2144.76 2134.84 2126.04 2120.10 2101.51 2084.22 2067.91 2124.70 2160.05
2133.03 2087.75 2038.68 1987.36 1994.69 2001.23 2009.18 1965.58 1921.15 1875.88 1763.51 1776.40 1865.62 1869.18 1873.41 1884.51 1870.04 1854.83 1845.77 1908.61 1970.14 2032.18 2036.35 2039.48
2042.14 2029.32 2016.45 2006.23 1954.32 1912.80 1886.37 1745.37 1581.10 1395.70 1484.41 1608.65 1724.90 1751.52 1779.31 1805.31 1797.15 1801.13 1792.78 1888.00 1980.20 2064.61 2057.86 2050.53
2043.93 1999.87 1989.49 2018.80 2014.57 2011.40 2008.00 1974.09 1941.36 1904.30 1988.40 2072.64 2149.43 2182.60 2218.39 2260.46 2214.46 2166.36 2121.93 2093.59 2067.44 2051.36 2029.85 2007.61
1985.38 1985.01 1985.28 1984.70 1985.58 1986.36 1987.00 1957.84 1922.13 1878.58 1880.26 1913.94 1960.89 2047.37 2110.39 2162.54 2181.20 2177.76 2169.29 2149.50 2122.87 2090.08 2069.00 2046.99
2025.68 1971.71 1917.03 1860.86 1823.58 1691.37 1530.64 1559.74 1165.17 1293.06 1775.53 2050.78 2255.17 2270.16 2297.35 2309.29 2318.53 2339.77 2378.94 2332.73 2279.24 2221.21 2279.40 2345.75
2416.64 2533.95 2641.52 2741.22 2663.92 2590.46 2525.81 2535.34 2543.31 2549.07 2496.87 2446.45 2394.89 2425.50 2457.83 2490.16 2481.87 2474.61 2469.08 2446.25 2423.50 2402.06 2422.18 2446.39
2474.00 2472.63 2469.99 2467.52 2393.36 2309.86 2214.62 2258.97 2304.14 2349.73 2328.63 2314.90 2308.28 2270.56 2231.60 2190.74 2164.32 2141.85 2121.79 2053.05 2064.29 2006.49 2024.01 2048.56
2076.35 2080.45 2085.75 2093.26 2145.07 2073.80 1998.78 2045.27 2083.52 2112.73 2036.01 1936.13 1836.05 1910.53 2054.98 2201.52 2173.47 2148.73 2057.72 2061.41 1980.07 1886.22 1902.34 1922.84
1946.06 1873.09 1868.40 1938.54 1896.04 1853.63 1808.69 1815.24 1816.52 1813.32 1939.25 2036.45 2124.13 2144.44 2167.83 2188.99 2084.03 1960.22 1823.08 1884.92 1943.20 2004.46 1999.34 2060.87
2167.87 2171.90 2319.07 2509.36 2551.37 2609.24 2680.24 2591.59 2511.28 2451.26 2391.43 2331.86 2239.68 2153.74 2069.68 1990.51 1871.29 1824.10 1922.50 2003.25 2081.30 2159.15 2108.73 2067.45
2038.61 1985.27 1954.74 1962.79 2029.06 2047.27 2107.23 2096.16 2077.50 2050.56 2008.52 1991.23 1993.97 2078.25 2154.21 2227.61 2230.72 2233.73 2241.58 2257.22 2269.34 2281.61 2270.22 2259.96
2249.76 2232.35 2212.88 2193.00 2190.31 2206.92 2238.98 2216.90 2188.88 2154.21 2277.28 2371.22 2386.91 2316.64 2249.50 2191.57 2162.74 2116.15 2069.24 2104.41 2139.01 2173.72 2172.07 2172.04
2172.74 2121.50 2067.05 2010.96 2011.97 2074.57 2171.71 2111.16 2042.52 1963.26 1963.02 1957.06 1937.77 2005.78 2055.83 2099.37 2059.64 2015.09 1970.58 2010.27 2048.36 2088.13 2047.46 2007.96
1971.52 1792.36 1629.99 1654.53 1643.59 1643.20 1658.29 1253.13 1706.35 1900.84 1863.69 1841.50 1835.35 1744.14 1746.58 1826.59 1806.29 1782.35 1763.44 1856.25 1926.75 2026.24 2043.24 2059.17
2053.24 1975.05 1886.81 1784.36 1457.41 1318.65 1699.84 1894.84 2040.35 2153.03 2217.80 2294.42 2377.10 2291.65 2215.31 2167.30 2184.40 2225.36 2293.34 2338.92 2381.25 2424.45 2441.28 2459.79
2482.48 2523.42 2577.56 2641.66 2610.25 2577.90 2542.10 2570.53 2589.84 2603.77 2529.32 2459.79 2396.71 2411.91 2437.11 2472.01 2526.86 2580.16 2635.09 2615.35 2592.15 2567.57 2591.62 2616.74
2640.93 2628.29 2621.41 2620.86 2549.37 2469.76 2381.33 2378.27 2371.89 2364.28 2361.45 2360.15 2357.16 2297.07 2234.95 2174.75 2180.03 2196.15 2224.95 2025.01 1822.08 1800.09 1682.37 1670.96
1786.39 1694.04 1678.99 1760.69 1809.87 1948.55 2150.26 2057.05 1958.52 1863.15 1732.63 1733.79 1823.51 1514.93 1323.14 1620.55 1604.90 1694.60 1840.76 1989.44 2127.88 2226.28 2196.70 2187.64
2198.59 2183.95 2169.50 2150.03 2159.91 2138.70 2095.53 2124.48 2149.42 2164.68 2159.56 2156.71 2145.48 2186.80 2211.62 2236.34 2263.80 2292.88 2325.02 2264.23 2122.07 1943.16 2060.39 2167.25
2264.00 2323.32 2353.08 2345.86 2280.71 2201.16 2035.46 2026.03 2021.00 2016.44 1966.13 1994.88 2067.84 2021.78 1986.11 1965.57 1957.92 1953.56 1957.39 2013.25 2070.49 2132.13 2123.96 2116.00
2107.02 2093.09 2079.96 2062.97 1919.44 1903.88 2032.22 2138.38 2297.10 2447.67 2483.90 2517.47 2552.53 2523.80 2501.59 2488.67 2452.87 2416.01 2382.36 2357.73 2323.78 2285.24 2295.83 2312.32
2334.30 2302.90 2303.91 2340.55 2297.20 2367.27 2511.82 2502.70 2465.58 2438.50 2338.86 2242.29 2152.78 2189.07 2237.64 2296.94 2318.57 2341.97 2358.04 2333.93 2303.04 2270.04 2269.35 2269.82
2272.22 2289.45 2308.57 2328.73 2310.40 2291.09 2262.85 2341.33 2395.06 2437.84 2371.59 2341.58 2344.62 2334.76 2328.32 2327.75 2340.03 2355.48 2374.37 2317.05 2250.42 2177.97 2118.72 2054.34
1983.89 1939.58 1902.99 1881.37 1938.54 1995.59 2049.24 1913.78 1729.67 1495.52 1687.60 1828.72 1902.40 1908.71 1933.54 1970.77 2058.52 2136.84 2165.68 2174.92 2180.50 2189.54 2149.44 2109.53
2039.08 2045.62 2023.40 2007.37 1985.57 1971.55 1968.01 1903.02 1825.65 1734.91 1520.66 1540.76 1702.30 1512.70 1350.37 1368.74 1346.25 1333.21 1349.46 1606.66 1757.32 1918.04 1951.56 1985.76
1981.89 1932.91 1889.12 1855.99 1809.16 1773.72 1757.84 1616.60 1538.82 1594.00 1566.75 1676.79 1813.88 1855.38 1924.14 2005.36 2089.65 2170.61 2251.81 2218.65 2180.46 2142.95 2128.07 2112.76
2100.77 2093.16 2083.03 2072.84 2079.48 2090.65 2100.80 2075.55 2043.95 2008.30 1933.52 1978.53 2078.75 2145.81 2208.37 2265.60 2233.98 2200.23 2169.94 2145.59 2104.84 2067.03 2067.21 2068.48
2071.99 2057.86 2050.10 2050.37 1947.58 1846.08 1768.63 1825.80 1866.42 1895.71 1748.16 1732.26 1822.95 1769.24 1782.13 1846.76 1970.28 2083.06 2166.59 2172.08 2148.59 2124.56 2099.28 2077.81
2065.21 1985.63 1911.93 1855.19 1822.23 1785.85 1752.40 1420.13 1151.82 1556.58 1736.14 1927.74 2082.70 2233.61 2366.12 2513.68 2575.40 2638.41 2706.49 2737.14 2763.51 2797.22 2773.61 2747.40
2718.32 2750.08 2783.61 2817.51 2779.04 2742.71 2709.95 2729.88 2745.83 2763.02 2663.77 2559.01 2452.03 2490.18 2530.48 2568.01 2472.55 2371.80 2263.82 2228.02 2188.34 2147.98 2077.97 2005.94
1918.48 2056.38 2164.14 2265.43 2226.64 2204.48 2195.22 2296.49 2379.58 2453.65 2347.86 2237.83 2128.88 2187.85 2278.10 2377.83 2408.56 2445.23 2489.28 2424.36 2342.47 2245.89 2219.42 2195.66
2180.06 2212.47 2247.04 2279.18 2275.85 2273.96 2272.94 2277.05 2224.45 2174.48 2049.22 2042.53 2143.21 2232.43 2318.48 2401.87 2336.72 2272.67 2212.30 2145.72 2082.92 2039.93 2007.27 2008.01
2043.89 1971.04 1892.68 1803.79 1859.10 1914.33 1971.14 2044.00 2101.91 2154.36 2193.30 2223.34 2249.97 2192.73 2155.76 2146.50 2113.20 2093.27 2089.10 2106.59 2118.05 2132.68 2122.73 2125.39
2143.33 2128.02 2119.07 2116.37 2122.51 2129.19 2136.04 2120.17 2093.94 2063.58 2107.65 2147.31 2181.48 2173.79 2178.10 2195.11 2195.69 2217.32 2261.74 2237.66 2201.53 2157.00 2124.52 2091.08
2054.40 2042.94 2032.17 2021.94 2003.35 1984.01 1966.47 1834.77 1681.42 1535.78 1573.63 1712.43 1840.68 1773.27 1730.88 1726.31 1687.06 1660.98 1600.02 1505.37 1627.46 1845.56 1934.61 2050.75
2170.79 2175.86 2173.40 2171.51 2175.30 2179.05 2183.76 2154.23 2116.65 2076.27 2104.36 2152.18 2205.23 2194.08 2185.22 2178.79 2196.36 2216.72 2238.74 2232.83 2220.46 2207.69 2159.78 2112.69
2079.56 2105.16 2131.44 2156.67 2092.90 2022.48 1946.32 2013.92 2075.05 2132.69 2165.84 2206.07 2253.56 2293.98 2333.91 2370.49 2407.42 2445.87 2486.69 2461.13 2426.74 2388.59 2376.66 2363.61
2351.73 2343.92 2322.60 2300.77 2285.90 2264.70 2233.29 2258.52 2236.92 2212.23 2246.15 2339.34 2449.23 2491.43 2532.21 2573.52 2573.92 2579.20 2591.80 2611.65 2632.86 2662.69 2678.63 2702.07
2732.64 2724.70 2717.51 2713.13 2476.06 2192.80 1954.61 1731.06 1447.95 1397.81 1719.14 1954.66 2136.10 2146.14 2175.16 2215.53 2184.24 2155.03 2132.80 2151.14 2170.43 2197.51 2204.55 2212.21
2220.44 2204.76 2208.11 2231.82 2118.08 2141.15 2285.46 2314.57 2348.87 2388.78 2427.46 2462.04 2499.40 2458.61 2443.25 2420.67 2405.57 2405.07 2427.42 2388.57 2334.94 2273.16 2318.64 2363.37
2407.48 2437.02 2467.05 2496.31 2514.23 2536.30 2563.39 2622.27 2668.38 2710.04 2625.49 2535.10 2447.78 2406.13 2366.03 2334.02 2319.84 2306.86 2296.57 2240.21 2172.76 2096.43 2142.60 2187.35
2232.22 2246.17 2264.69 2276.65 2346.38 2411.53 2473.46 2460.46 2442.09 2424.18 2364.92 2299.92 2257.44 2156.38 2044.86 1918.68 1910.45 1913.02 1926.19 1855.44 1786.15 1746.98 1619.70 1456.43
1277.59 1430.24 1672.99 1854.37 1805.91 1860.50 1975.18 1954.86 1935.63 1925.81 1921.00 1959.36 2029.54 1959.91 1887.19 1815.16 1976.16 2116.88 2242.57 2211.39 2169.51 2124.42 2152.98 2181.56
2210.30 2167.90 2107.84 2044.73 2045.09 2051.74 2100.20 2033.07 1958.68 1881.54 1936.39 1991.36 2056.18 2080.98 2107.79 2142.33 2202.77 2267.30 2319.07 2289.90 2237.03 2174.57 2148.39 2089.90
2025.04 2072.52 2112.44 2115.92 2111.36 2109.53 2110.08 2091.94 2065.11 2039.21 2003.17 2023.12 2093.93 2126.65 2162.15 2204.35 2177.95 2153.56 2134.70 2062.11 1975.98 1877.18 1837.95 1799.09
1763.00 1748.07 1734.24 1721.05 1752.13 1848.79 1937.52 1950.89 1963.30 1969.87 1978.69 1969.97 1964.65 1991.60 2023.23 2056.11 2078.76 2112.58 2158.60 2113.23 2057.05 1992.56 1886.08 1826.19
1862.76 1900.34 1918.29 1923.07 1894.72 1867.18 1842.27 1752.28 1648.58 1531.51 1455.19 1462.93 1731.37 1764.07 1796.12 1841.81 1868.74 1899.36 1933.72 1949.75 1961.00 1977.82 1988.10 2002.60
2023.27 2044.45 2073.17 2110.76 2058.91 2009.93 1966.32 1901.31 1837.08 1777.95 1938.60 2059.47 2159.85 2219.27 2279.57 2342.14 2388.14 2434.79 2485.32 2481.40 2469.11 2456.50 2413.17 2379.89
2362.55 2274.60 2176.16 2063.05 2031.77 2001.04 1974.43 1998.44 2015.43 2027.19 2028.64 2052.03 2082.97 2065.86 2055.86 2062.18 2132.30 2208.81 2289.53 2344.48 2391.36 2390.31 2348.49 2301.30
2250.43 2150.20 2039.80 1922.41 1939.27 1958.21 1978.07 1876.02 1800.55 1769.76 1785.79 1829.90 1883.82 1914.90 1947.84 1986.70 1998.42 2026.03 2072.42 2088.12 2099.99 2113.86 2092.06 2066.20
2038.62 2030.66 2021.26 2013.33 1949.37 1900.77 1874.38 1785.15 1660.98 1520.81 1292.76 959.65 973.12 1382.96 1684.60 1902.05 2029.42 2149.31 2264.53 2310.66 2341.96 2374.03 2400.32 2427.12
2453.31 2490.80 2527.50 2563.01 2551.97 2540.33 2528.06 2504.65 2481.87 2462.02 2401.11 2352.65 2274.92 2259.81 2249.60 2240.69 2259.58 2282.04 2308.08 2279.22 2236.87 2187.14 2167.31 2155.01
2150.23 2137.24 2126.62 2117.60 2117.39 2120.34 2124.33 2197.07 2248.29 2282.61 2234.36 2217.33 2229.28 2230.98 2237.17 2250.19 2312.46 2375.40 2442.11 2425.42 2392.05 2353.98 2334.06 2311.87
2287.60 2205.25 2114.23 2011.29 2001.98 1992.35 1983.23 2024.49 2049.04 2065.51 2108.34 2163.36 2221.98 2256.04 2292.76 2333.22 2358.83 2387.59 2423.09 2366.36 2290.74 2219.14 2232.69 2246.19
2261.34 2195.86 2124.35 2047.21 2049.70 2057.78 2071.89 2065.80 2059.27 2052.73 2143.54 2212.86 2249.61 2298.73 2347.18 2394.69 2388.77 2383.69 2386.34 2374.06 2353.83 2333.97 2264.67 2186.14
2098.32 2075.19 2052.97 2029.51 1939.12 1833.57 1709.12 1576.93 1541.03 1597.54 1492.96 1837.23 2073.30 2393.56 2669.76 2892.58 2874.34 2854.84 2824.66 2789.10 2743.73 2697.90 2703.86 2714.35
2729.12 2783.77 2808.98 2839.93 2836.56 2832.45 2828.73 2800.57 2767.40 2733.27 2588.44 2430.50 2257.95 2256.70 2259.08 2266.26 2306.93 2358.63 2422.80 2370.09 2300.40 2220.44 2181.66 2162.13
2163.49 2184.98 2214.07 2242.44 2199.24 2164.85 2138.19 2141.95 2139.86 2130.34 1968.61 1780.28 1541.01 1520.97 1510.69 1512.59 1594.75 1681.07 1775.16 1945.27 2102.47 2251.89 2262.08 2273.72
2286.38 2283.44 2275.70 2268.22 2266.27 2249.77 2220.87 2078.79 1839.80 1527.72 1500.29 1658.76 1806.81 1939.14 2066.89 2183.93 2247.44 2312.75 2379.09 2334.80 2272.73 2199.49 2120.99 2039.06
1954.27 1929.48 1915.20 1910.93 1890.62 1869.20 1850.40 1883.79 1905.57 1922.70 1954.16 2046.74 2143.69 2257.32 2371.37 2483.75 2518.18 2554.43 2593.99 2581.81 2564.28 2549.80 2468.11 2378.15
2279.21 2207.27 2128.61 2040.92 1949.86 1920.35 1973.05 1980.30 2017.96 2063.93 2023.60 2039.34 2060.30 1876.45 1712.98 1655.95 1663.44 1688.60 1736.92 1811.90 1886.55 1911.71 1852.31 1812.23
1806.15 1858.91 1970.59 2057.12 2092.11 2126.00 2158.96 2089.53 2015.31 1933.45 1889.19 1891.00 1925.96 1935.16 1948.11 1964.75 1992.41 2022.73 2057.73 2095.16 2124.43 2156.30 2120.33 2085.27
2055.96 2051.02 2061.40 2087.72 2079.95 2073.64 2064.99 2082.65 2087.24 2081.78 1981.33 1923.24 1935.49 1849.62 1812.84 1779.73 1879.30 1973.30 2062.16 2045.12 2020.48 2005.22 2021.68 2039.77
2058.64 2091.05 2085.18 2073.03 1775.98 1219.60 1569.05 1554.32 1550.03 1546.56 1550.76 1568.45 1571.79 1782.64 1943.71 2082.63 2098.91 2131.34 2182.44 2150.07 2110.61 2067.55 2031.31 2033.09
2071.00 1989.57 1903.01 1812.24 1898.84 1983.57 2064.74 1896.22 1699.79 1459.30 1523.43 1577.46 1578.49 1589.78 1623.06 1659.01 1611.01 1559.16 1503.45 1397.38 1170.37 1230.24 1223.89 1191.47
1421.41 1482.19 1584.58 1691.77 1516.92 1610.47 1734.50 1752.26 1756.54 1722.12 1563.51 1692.57 1869.84 1939.30 2007.40 2075.57 2021.85 1964.41 1903.42 1982.49 2069.71 2171.66 2169.38 2175.13
2189.73 2196.64 2202.19 2209.81 2210.60 2217.74 2231.53 2179.91 2129.23 2076.08 2130.91 2174.68 2203.77 2230.38 2259.21 2291.14 2261.55 2239.76 2234.15 2262.14 2276.52 2283.23 2261.49 2237.57
2213.47 2174.88 2144.01 2127.85 1904.90 1823.96 1925.97 2015.01 2206.49 2365.11 2285.30 2214.71 2157.04 2053.50 1955.72 1875.35 1759.05 1630.48 1521.17 1354.64 1729.14 1914.99 1657.83 1767.30
2069.42 2052.20 2060.46 2095.48 2108.29 2121.55 2135.83 2104.42 2069.43 2030.39 2040.61 2070.52 2106.11 2186.49 2262.07 2335.51 2407.44 2472.02 2525.34 2458.46 2381.08 2314.25 2373.57 2432.81
2491.53 2427.29 2350.33 2263.66 2168.46 2066.33 1957.70 1736.57 1532.22 1561.81 1844.61 2297.66 2577.52 2593.36 2612.68 2635.37 2653.49 2677.36 2711.17 2747.14 2779.45 2818.49 2768.53 2716.51
2665.14 2663.16 2669.07 2684.00 2583.70 2468.70 2334.25 2255.59 2172.39 2085.08 1985.44 1888.66 1779.61 1656.70 1526.69 1402.88 1401.18 1546.32 1738.78 1881.30 2073.68 2246.46 2270.24 2275.58
2284.16 2284.53 2283.37 2282.18 2266.67 2258.20 2255.14 2218.44 2184.08 2149.01 2208.52 2259.30 2300.10 2256.56 2227.42 2213.46 2227.36 2249.28 2280.22 2277.97 2258.66 2228.27 2235.03 2242.08
2247.41 2204.31 2158.34 2108.28 2106.42 2103.89 2099.52 2195.91 2270.59 2326.00 2320.12 2318.98 2318.89 2367.72 2418.79 2472.73 2462.01 2451.70 2441.84 2368.74 2267.25 2144.25 2132.17 2122.57
2117.24 2125.92 2135.10 2143.44 2098.29 2054.53 2013.60 2115.81 2193.16 2248.05 2239.65 2222.10 2176.88 2077.13 1978.14 1884.59 1923.54 1968.04 2019.17 2040.14 2147.64 2313.34 2038.62 1601.09
1520.78 1477.93 1598.30 1771.35 1786.74 1914.83 2076.29 2169.77 2248.43 2313.08 2307.21 2336.01 2387.31 2385.49 2419.26 2481.56 2490.29 2500.34 2514.83 2436.00 2324.05 2166.67 2020.34 1842.44
1614.55 1782.33 1880.83 1953.29 2019.91 2090.01 2159.11 2129.62 2155.96 2206.26 2191.17 2186.61 2176.62 2141.10 2110.11 2084.16 2050.58 1999.53 1947.82 1984.23 2028.36 2128.75 2111.95 2134.72
2196.20 2214.30 2235.61 2256.65 2204.59 2157.98 2118.87 2024.47 1928.12 1821.64 1772.03 1788.72 1838.28 1856.17 1877.28 1900.99 1937.24 1975.97 2020.11 2081.58 2136.19 2195.99 2187.16 2178.64
2167.09 2158.58 2149.75 2139.40 2134.81 2130.18 2125.76 2140.50 2173.24 2205.28 2215.22 2216.14 2213.98 2223.82 2237.52 2256.80 2304.89 2355.92 2402.07 2357.75 2287.17 2201.40 2199.95 2197.26
2195.42 2159.44 2121.41 2082.15 2052.60 2033.77 2026.58 2069.32 2104.57 2130.61 2187.89 2263.46 2339.42 2344.85 2366.98 2403.25 2434.04 2466.36 2500.35 2461.41 2419.24 2393.21 2387.90 2382.39
2377.37 2338.39 2297.78 2256.32 2171.04 2077.52 1976.91 2032.79 2081.67 2123.19 2256.95 2368.35 2453.45 2465.01 2488.05 2520.25 2521.92 2510.26 2502.54 2444.02 2359.07 2252.34 2223.09 2192.71
2159.54 2104.40 2066.51 1982.13 2062.38 2207.60 2359.95 2379.53 2399.54 2415.51 2331.27 2246.30 2158.03 2172.65 2128.39 1993.96 2111.78 2247.35 2335.92 2260.25 2166.34 2061.95 2035.37 1966.89
1894.26 1918.64 2007.81 2106.21 2122.47 2139.55 2158.90 2106.67 2064.02 2024.95 1938.39 1853.89 1774.77 1677.49 1765.67 1933.70 1927.52 1926.32 1932.42 2001.51 2068.15 2133.72 2052.32 1979.03
1929.19 1930.22 1930.59 1920.77 1879.48 1842.79 1815.26 1835.77 1834.90 1822.61 1846.58 1868.58 1887.58 1875.36 1868.52 1867.61 1887.29 1914.88 1953.94 1996.79 2044.99 2110.56 2020.65 2004.75
2089.13 2088.69 2089.47 2093.66 2072.42 2064.97 2075.17 2026.38 1978.49 1923.65 2019.59 2096.09 2158.28 2123.23 2109.59 2119.43 2141.81 2168.59 2202.26 2200.03 2193.00 2198.45 2172.66 2144.69
2110.91 2099.22 2095.26 2101.55 2109.28 2121.00 2134.56 2119.19 2103.48 2079.65 2081.84 2142.06 2218.21 2215.93 2232.07 2265.71 2312.95 2364.59 2422.29 2404.78 2367.57 2316.04 2244.92 2174.10
2112.31 2066.89 2039.44 2037.73 2024.94 2018.46 2018.14 2021.96 2032.59 2042.80 2117.61 2205.18 2293.54 2317.06 2346.67 2379.49 2388.32 2400.00 2415.77 2370.28 2303.60 2225.27 2187.17 2145.40
2097.15 2113.38 2131.60 2152.08 2163.38 2174.88 2184.16 2252.03 2319.13 2375.33 2440.23 2498.09 2532.52 2503.07 2476.74 2456.92 2425.43 2393.15 2357.72 2350.16 2334.81 2317.09 2267.94 2217.72
2168.72 2126.19 2081.50 2035.34 2022.49 2019.71 2026.40 2104.03 2169.97 2215.40 2181.26 2142.49 2110.91 2133.56 2161.56 2196.06 2245.53 2296.17 2350.52 2351.46 2342.07 2325.52 2344.22 2312.13
2280.13 2170.09 2072.57 2022.63 2072.88 2113.63 2120.16 2215.51 2288.52 2339.98 2267.79 2217.65 2203.52 2265.03 2324.37 2385.45 2383.12 2407.63 2452.77 2442.58 2428.77 2424.81 2352.59 2278.25
2205.88 2131.81 2046.34 1946.57 1834.56 1685.88 1280.65 1610.62 1788.38 1819.94 1926.92 2089.44 2243.73 2204.74 2151.35 2098.59 2101.12 2119.86 2156.70 2027.31 1838.45 1269.46 1523.65 1714.51
1871.28 1761.26 1639.33 1542.08 1606.68 1676.17 1741.69 1596.04 1482.49 1539.93 1536.37 1534.45 1536.55 1693.43 1819.23 1924.82 1973.88 2026.74 2075.13 2070.81 2047.35 2015.56 1971.47 1948.54
1915.37 1942.57 1970.75 2000.81 1998.34 2001.51 2008.13 2027.03 2036.00 2030.11 1985.86 1983.95 2022.09 2081.10 2141.92 2202.42 2252.61 2306.04 2364.16 2324.89 2260.78 2176.90 2158.02 2136.27
2112.59 2074.29 2041.77 2015.80 1987.69 1960.04 1933.37 1963.48 1981.48 1990.20 1937.95 1976.81 2067.98 2039.04 2029.17 2030.34 2091.19 2166.54 2252.73 2197.20 2118.30 2019.83 2027.96 2035.02
2042.77 2026.40 2008.84 1991.86 1972.15 1960.37 1954.08 1968.59 1956.77 1938.12 2015.51 2080.61 2143.50 2149.36 2154.12 2158.88 2263.21 2365.93 2468.85 2491.11 2492.77 2501.71 2487.38 2472.35
2454.84 2397.85 2349.56 2317.45 2171.14 1997.25 1774.30 1817.13 1853.69 1881.66 1793.89 1686.31 1714.66 1446.69 1173.90 1383.91 1118.44 970.17 1351.48 1227.32 1165.91 1321.78 1337.13 1394.02
1470.56 1506.56 1588.59 1693.31 1734.11 1806.52 1865.88 1648.05 1505.22 1384.48 1386.67 1390.85 1427.91 1734.28 1959.05 2148.27 2252.34 2353.72 2454.11 2473.57 2493.55 2520.63 2533.05 2546.76
2563.62 2606.62 2649.53 2691.15 2659.07 2624.15 2586.37 2551.07 2517.46 2481.84 2337.02 2182.51 2024.02 2030.20 2062.16 2087.92 2136.75 2207.26 2290.17 2230.66 2149.12 2047.25 2001.43 1917.62
1820.09 1893.45 1904.96 1908.57 1886.93 1863.49 1837.13 1902.10 1980.73 2051.96 1993.04 1947.23 1924.57 1923.75 1929.00 1922.22 1895.13 1891.91 1917.11 1909.16 1893.84 1879.72 1848.32 1819.35
1798.01 1722.07 1664.51 1570.96 1522.68 1633.03 1758.84 1816.55 1880.01 1932.16 1897.75 1867.40 1833.53 1884.90 1952.32 2024.78 2054.64 2089.11 2126.86 2128.64 2116.36 2098.26 2092.92 2087.83
2085.31 2085.75 2085.81 2088.02 2079.50 2079.42 2079.47 2060.26 2046.65 2029.49 1979.04 1943.41 1918.24 1940.63 1967.17 2000.48 2075.82 2153.15 2231.20 2166.91 2084.44 1984.85 1934.99 1901.24
1849.17 1833.66 1818.00 1803.24 1663.34 1485.52 1288.63 1446.54 1574.00 1665.15 1611.76 1572.24 1568.55 1623.70 1668.24 1695.25 1854.89 2008.18 2151.32 2128.21 2048.38 1950.83 1945.71 1945.89
1951.19 1912.60 1874.85 1839.95 1793.03 1742.30 1687.29 1664.97 1679.34 1706.91 1630.64 1582.32 1550.97 1452.94 1408.99 1456.85 1644.78 1803.21 1939.96 1967.39 1989.50 2013.72 2056.10 2096.71
2147.30 2099.04 2046.26 1991.09 1959.82 1943.04 1940.45 1885.38 1861.17 1852.29 1851.10 1869.81 1899.40 1909.24 1932.99 1964.14 2019.99 2089.42 2169.26 2248.44 2323.97 2401.41 2397.62 2367.68
2340.90 2246.44 2137.49 2009.15 1984.19 1960.69 1935.33 2067.41 2168.04 2236.99 2213.81 2195.94 2179.57 2211.46 2246.94 2263.00 2319.92 2380.48 2445.26 2453.91 2448.74 2442.39 2430.48 2417.36
2402.74 2338.27 2267.92 2193.03 2200.95 2208.57 2213.22 2233.17 2263.92 2293.71 2210.92 2113.93 2062.60 1936.79 1801.66 1656.91 1642.92 1654.42 1693.92 1544.29 1339.15 1345.78 1413.95 1620.37
1808.40 1850.12 1892.87 1935.11 1945.30 1945.54 1942.50 1827.18 1706.24 1566.38 1580.00 1635.36 1703.74 1746.87 1796.40 1849.40 1911.67 1981.83 2060.73 2133.01 2206.73 2246.54 2204.12 2155.51
2102.44 2100.91 2101.35 2105.30 2113.82 2123.24 2128.00 2186.39 2270.35 2343.89 2376.43 2405.46 2431.75 2459.44 2492.59 2528.10 2539.90 2553.34 2569.73 2550.94 2517.48 2473.99 2459.37 2447.05
2435.61 2387.94 2340.56 2292.69 2180.94 2060.44 1921.94 1829.03 1936.72 2090.49 2052.45 2017.88 1987.16 1934.93 1902.43 1892.25 1863.57 1856.64 1877.69 1836.19 1830.60 1894.97 1951.43 2025.97
2107.86 2085.92 2063.15 2042.22 2043.03 2047.70 2050.44 2101.43 2161.83 2208.06 2252.67 2296.39 2335.31 2307.64 2284.81 2266.71 2302.87 2344.42 2391.15 2416.24 2400.56 2375.09 2371.05 2364.64
2356.92 2359.91 2363.24 2367.15 2340.73 2314.00 2283.94 2337.84 2383.18 2412.35 2395.65 2380.52 2365.65 2379.72 2405.54 2441.15 2491.67 2544.43 2600.49 2580.39 2548.94 2512.30 2475.17 2434.04
2390.73 2357.02 2321.21 2283.86 2247.35 2207.87 2162.75 2235.72 2298.28 2343.41 2339.69 2335.26 2329.24 2350.07 2377.42 2408.93 2442.33 2478.45 2519.68 2493.17 2453.36 2403.06 2348.93 2289.61
2223.88 2152.51 2074.55 1989.53 2018.79 2047.41 2070.37 2187.02 2286.84 2367.23 2370.63 2380.63 2390.13 2391.84 2398.29 2402.99 2416.23 2431.82 2451.87 2425.19 2382.27 2326.42 2305.26 2286.86
2274.44 2208.97 2136.72 2058.69 2013.71 1995.61 2002.99 2088.96 2151.84 2190.09 2192.87 2216.62 2249.51 2252.04 2265.99 2287.03 2327.71 2372.31 2421.91 2425.07 2408.69 2383.33 2343.03 2300.09
2257.73 2177.54 2084.02 1973.80 1920.73 1865.21 1803.71 1928.69 2029.99 2100.02 2121.92 2141.29 2157.09 2179.52 2209.60 2240.53 2302.16 2368.02 2437.75 2446.59 2444.59 2435.26 2386.04 2332.70
2276.98 2270.81 2266.29 2263.18 2200.69 2131.59 2049.39 2204.70 2323.89 2408.25 2337.63 2263.31 2214.65 2195.49 2183.10 2168.11 2217.54 2270.54 2324.31 2383.48 2416.89 2422.42 2394.33 2362.90
2329.92 2278.89 2222.58 2161.20 2116.84 2072.09 2021.86 2173.30 2282.80 2356.21 2349.47 2348.45 2352.54 2291.64 2233.91 2179.77 2128.63 2074.74 2016.56 1993.11 1967.59 1953.48 1956.00 1961.29
1968.44 1927.74 1896.38 1877.91 1893.93 1911.60 1883.65 1899.55 1915.73 1923.67 1857.02 1792.37 1726.18 1830.36 1903.56 1982.81 2101.94 2215.05 2327.14 2323.40 2314.93 2279.79 2231.00 2174.96
2111.60 1989.24 1866.41 1792.59 1810.15 1832.71 1852.92 1836.38 1821.70 1796.40 1775.46 1756.79 1752.10 1858.03 1961.29 2070.28 2153.26 2233.26 2309.98 2328.63 2341.36 2354.14 2291.85 2222.04
2146.01 2083.91 2013.01 1931.98 1915.91 1901.26 1883.32 1892.13 1894.15 1882.69 1799.31 1734.86 1692.72 1754.87 1822.31 1887.11 1977.06 2064.86 2152.60 2159.33 2153.89 2141.68 2106.74 2063.82
2012.49 1968.45 1917.04 1863.88 1865.68 1870.53 1871.57 1849.93 1836.62 1820.64 1870.96 1911.63 1943.54 1915.57 1895.85 1870.80 1939.39 2012.65 2090.10 2142.91 2190.26 2230.36 2210.59 2191.46
2176.88 2099.61 2009.90 1904.43 1882.30 1860.69 1835.20 1875.80 1904.87 1919.05 1930.34 1942.26 1955.14 2004.32 2033.32 2056.94 2094.46 2133.28 2176.69 2221.00 2232.97 2180.58 2114.48 2036.56
1947.04 1914.91 1880.84 1844.68 1807.00 1812.32 1852.73 1780.31 1762.89 1776.44 1756.88 1750.12 1778.65 1835.57 1907.77 1985.19 2080.17 2177.31 2258.98 2274.07 2235.74 2195.10 2166.67 2134.45
2098.39 2024.08 1866.05 1655.78 1631.48 1652.15 1706.16 1694.39 1697.93 1698.45 1731.12 1757.60 1771.99 1842.46 1915.03 1985.32 1989.11 2012.69 2057.47 2033.14 1991.88 1941.92 1928.91 1919.46
1920.90 1745.31 1567.81 1538.65 1449.03 1500.90 1568.52 1535.17 1576.46 1634.72 1687.17 1773.49 1855.02 1851.42 1873.29 1917.11 1883.87 1869.46 1886.02 1875.72 1882.28 1924.29 1821.86 1708.87
1593.87 1513.62 1414.70 1285.70 1401.53 1544.36 1388.53 1276.22 1317.35 1402.16 1575.88 1701.76 1793.78 1746.40 1742.86 1779.61 1785.18 1795.94 1811.73 1805.98 1831.80 1900.42 1928.28 1981.01
2053.93 2065.52 2075.49 2081.03 2060.66 2040.98 2015.91 1925.79 1823.57 1711.89 1498.43 1172.68 1069.35 1016.21 990.09 987.20 732.05 1130.14 1252.61 1508.15 1747.43 1949.39 1959.60 1956.02
1965.73 1921.43 1878.26 1838.15 1770.37 1713.67 1671.81 1586.12 1543.07 1525.98 1571.89 1609.52 1636.64 1592.15 1554.71 1520.65 1547.43 1578.56 1615.43 1577.56 1718.81 1963.69 1993.91 1952.52
1807.83 1845.07 1897.88 1962.09 2119.40 2265.43 2397.66 2425.19 2454.84 2437.24 2374.26 2312.71 2254.92 2242.18 2232.31 2225.79 2237.44 2251.18 2266.80 2174.01 2052.28 1890.58 1904.35 1918.87
1934.59 1930.21 1932.15 1945.76 1945.74 1946.31 1942.23 1891.14 1844.62 1806.20 1795.22 1799.21 1836.76 1839.44 1848.69 1858.18 1834.39 1811.30 1785.67 1751.53 1714.13 1675.96 1542.78 1386.33
1288.41 1480.97 1629.43 1753.01 1831.96 1905.99 1938.09 1936.18 1916.15 1894.96 1716.94 1531.73 1362.39 1431.13 1544.07 1658.81 1724.46 1793.82 1869.01 1901.31 1930.12 1961.36 1961.26 1961.43
1964.21 1950.34 1938.11 1930.84 1884.03 1839.51 1793.89 1813.36 1830.76 1835.95 1735.57 1649.89 1582.73 1501.09 1418.76 1340.75 1561.82 1741.79 1898.18 1929.02 1946.78 1960.78 1971.22 1965.96
1973.15 1933.77 1918.46 1935.97 1925.70 1927.84 1939.99 1983.27 2016.13 2037.89 2024.08 2017.60 2003.51 2030.72 2060.06 2088.15 2116.73 2149.53 2187.56 2228.75 2259.37 2288.64 2272.54 2226.37
2174.63 2118.25 2056.46 1991.19 1973.66 1962.28 1953.44 2041.35 2106.03 2145.59 2126.68 2107.73 2084.27 2080.59 2083.33 2071.93 2111.31 2159.65 2214.99 2260.10 2303.87 2341.82 2331.72 2320.51
2310.24 2268.68 2223.71 2175.54 2109.43 2036.75 1950.50 2064.71 2149.21 2203.69 2144.61 2086.96 2036.89 2005.93 1955.18 1905.99 1968.30 2033.06 2095.30 2132.87 2175.61 2223.13 2289.51 2309.95
2294.94 2235.67 2179.88 2137.65 2236.68 2327.89 2411.05 2318.59 2240.82 2181.74 2040.84 1909.93 1788.32 1704.39 1622.32 1531.58 1545.77 1564.47 1586.72 1696.46 1795.02 1902.81 1954.79 1957.27
1973.25 1924.42 1882.03 1856.55 1806.16 1755.29 1697.80 1709.17 1717.72 1714.28 1705.96 1696.71 1683.20 1737.38 1793.71 1845.57 1888.86 1934.42 1982.96 1994.52 1999.06 1972.32 2012.49 2024.48
2043.99 2008.58 1971.42 1935.62 1873.18 1800.22 1713.89 1774.45 1824.84 1854.73 1868.00 1888.42 1907.08 1914.63 1930.60 1921.33 1940.17 1961.67 1985.75 2010.48 2023.84 2022.63 2005.90 1989.26
1976.71 1967.78 1957.58 1948.25 1932.73 1917.17 1895.12 1959.73 2006.49 2030.58 2031.76 2031.09 2024.94 1987.94 1939.62 1897.23 1948.70 2002.15 2059.02 2091.64 2068.89 2036.84 2031.40 2029.46
2033.69 2019.73 2003.80 1988.35 1964.37 1943.50 1926.22 2004.64 2074.69 2124.40 2118.14 2102.76 2083.61 2084.52 2089.23 2092.64 2139.91 2190.08 2242.76 2296.67 2328.21 2337.15 2315.47 2291.13
2259.72 2201.15 2137.10 2068.48 2132.95 2194.48 2249.84 2260.96 2278.68 2291.84 2265.85 2240.81 2218.13 2239.20 2263.18 2289.70 2327.77 2369.76 2416.30 2408.44 2392.89 2366.70 2341.68 2310.69
2278.76 2272.12 2264.88 2258.88 2166.15 2059.88 1930.76 2044.30 2136.11 2202.96 2150.42 2099.16 2048.36 2037.97 2022.04 2010.97 2045.44 2084.66 2128.11 2113.25 2088.00 2054.32 2056.11 2007.54
1957.84 1927.57 1895.66 1859.44 1836.54 1814.81 1792.17 1909.90 2040.21 2115.10 2173.50 2224.74 2275.14 2303.72 2337.96 2365.53 2354.02 2345.36 2337.54 2244.28 2115.93 1934.10 1932.94 1932.76
1934.58 1908.22 1887.67 1873.85 1865.81 1833.16 1795.08 1947.12 2059.82 2137.76 2136.59 2117.05 2098.77 2126.18 2158.36 2201.29 2205.11 2215.48 2234.37 2194.00 2141.95 2075.15 2084.08 2095.31
2108.61 2017.70 1912.56 1786.81 1791.02 1798.62 1806.56 1862.12 1918.68 1960.22 1922.44 1901.85 1892.30 1910.99 1937.28 1960.42 2016.79 2076.44 2137.65 2128.99 2094.20 2047.03 2014.64 1979.55
1942.11 1929.90 1922.44 1922.37 1872.62 1824.99 1776.59 1788.62 1824.09 1856.33 1839.49 1823.56 1809.62 1780.67 1804.48 1857.40 1939.02 2002.83 2067.83 2039.15 1999.58 1948.70 1953.35 1965.06
1989.83 1974.49 1958.50 1939.10 1911.47 1881.51 1843.95 1843.60 1872.66 1903.60 1876.82 1851.69 1827.16 1786.50 1777.51 1802.26 1853.54 1909.65 1971.02 1965.25 1946.67 1922.12 1947.51 1974.66
2005.59 1981.73 1958.18 1939.31 1883.35 1823.18 1752.35 1687.16 1733.72 1812.53 1752.64 1694.09 1616.49 1612.95 1619.29 1645.90 1683.95 1725.31 1769.35 1841.87 1911.67 1955.18 1996.85 2033.99
2062.62 1958.53 1837.43 1682.49 1649.84 1674.09 1743.91 1624.12 1488.42 1324.66 1120.18 1142.52 1291.65 1036.25 876.20 1089.96 1296.08 1503.54 1674.52 1756.29 1869.05 1986.96 2004.83 2028.64
2061.14 2022.16 1980.17 1935.85 1894.46 1869.79 1861.53 1847.11 1850.35 1851.80 1845.47 1839.07 1834.88 1850.64 1902.82 1978.42 2050.74 2122.38 2193.74 2220.51 2239.86 2253.48 2202.49 2143.33
2078.62 2028.47 1973.20 1910.83 1887.99 1867.16 1843.46 1782.13 1744.97 1720.62 1718.17 1717.57 1718.69 1818.55 1889.46 1939.46 2095.02 2239.11 2376.76 2389.76 2365.90 2334.56 2231.22 2110.04
1972.38 1937.24 1896.44 1851.23 1835.39 1827.53 1824.47 1903.32 1976.45 2034.48 2037.32 2041.42 2036.69 2132.90 2191.75 2263.32 2326.35 2340.63 2356.80 2326.28 2284.93 2233.51 2151.71 2058.69
1951.83 1959.42 1975.88 2000.36 1976.10 1951.21 1921.63 1957.44 2005.54 2041.11 2068.31 2087.97 2085.54 2116.21 2151.07 2187.89 2239.01 2291.25 2336.38 2301.50 2250.39 2181.09 2148.90 2113.31
2074.98 2052.06 2028.53 2003.21 1994.41 1984.76 1969.89 2062.80 2144.71 2203.94 2203.91 2203.76 2204.59 2210.71 2223.52 2239.56 2273.59 2309.73 2348.87 2300.83 2235.39 2151.13 2110.90 2065.03
2013.06 1994.38 1974.52 1954.39 1935.72 1918.19 1897.38 1843.30 1809.92 1784.75 1834.40 1877.45 1912.50 1950.64 1992.67 2035.10 2076.75 2121.81 2167.86 2123.58 2052.48 1957.31 1958.17 1957.30
1958.26 1937.49 1915.01 1890.25 1832.55 1779.23 1732.47 1638.82 1643.74 1690.85 1684.44 1681.05 1675.47 1665.51 1650.83 1612.50 1730.21 1842.41 1948.57 1981.91 1985.48 1961.11 1954.35 1947.50
1943.18 1918.34 1891.69 1861.94 1847.62 1832.24 1813.31 1829.94 1885.53 1931.21 1921.67 1912.37 1890.88 1778.86 1674.81 1601.40 1666.79 1746.95 1833.03 1909.03 1979.13 2044.83 2103.96 2083.22
2062.63 2020.38 1973.73 1922.97 1896.70 1872.29 1845.95 1857.92 1872.48 1873.57 1817.75 1764.68 1710.57 1668.24 1592.77 1547.26 1636.75 1735.98 1837.56 1934.78 2022.09 2076.79 2061.69 2044.40
2026.89 1988.51 1945.46 1900.18 1878.57 1865.73 1858.10 1858.50 1853.87 1835.33 1715.08 1600.18 1494.08 1480.50 1583.43 1717.93 1757.46 1799.80 1845.92 1853.30 1846.11 1826.77 1825.09 1841.84
1879.73 1862.75 1838.15 1817.46 1784.96 1771.69 1818.06 1664.55 1570.78 1573.64 1604.10 1836.61 2026.20 2009.16 2004.12 2000.32 2062.02 2126.96 2192.70 2143.30 2071.71 1972.58 1952.64 1930.76
1908.51 1912.17 1919.91 1930.28 1905.34 1879.30 1851.48 1811.82 1769.90 1714.58 1621.80 1550.18 1504.34 1519.06 1525.82 1542.34 1582.98 1629.28 1679.64 1733.71 1779.62 1815.40 1833.18 1875.33
1938.25 1954.39 1970.50 1987.63 1985.48 1983.61 1976.32 1826.98 1680.46 1546.21 1602.14 1622.67 1651.54 1634.00 1628.29 1632.13 1638.05 1653.00 1678.50 1717.78 1744.57 1750.31 1788.78 1842.55
1907.30 1937.20 1970.68 2006.53 1996.23 1989.07 1982.33 1883.28 1781.46 1661.18 1501.88 1357.69 1172.62 1209.23 1266.69 1335.50 1379.22 1435.60 1502.58 1577.44 1575.21 1562.06 1629.83 1717.48
1812.61 1815.67 1815.15 1820.13 1789.06 1763.60 1741.00 1702.78 1694.37 1700.06 1694.64 1692.35 1685.97 1737.76 1770.77 1807.32 1897.15 1984.47 2072.21 2092.89 2105.75 2111.03 2140.08 2158.91
2180.14 2112.51 2034.93 1944.12 1920.04 1900.47 1885.26 1950.07 2017.75 2065.59 2047.22 2029.19 2008.71 1995.83 1991.39 1995.63 2066.75 2138.09 2208.71 2246.85 2278.29 2301.12 2294.47 2286.44
2278.36 2201.43 2112.52 2009.45 1972.81 1935.57 1895.85 1998.71 2074.77 2120.14 2105.20 2091.71 2081.00 2088.78 2098.14 2115.82 2207.42 2299.20 2391.66 2395.39 2381.28 2357.32 2301.28 2236.35
2161.93 2087.39 2007.94 1927.25 1913.52 1899.00 1882.54 1947.75 2024.91 2083.33 2070.75 2059.40 2046.76 2057.89 2074.87 2094.30 2135.57 2179.87 2222.22 2258.78 2281.15 2297.91 2264.64 2228.52
2190.95 2118.11 2033.91 1935.38 1924.46 1913.16 1897.71 1945.57 1981.51 1995.32 1997.09 1998.69 1996.17 2009.04 2028.58 2050.95 2118.09 2187.74 2258.90 2310.77 2326.02 2329.62 2309.82 2288.85
2268.71 2180.60 2077.09 1951.93 1901.07 1874.74 1878.29 1912.21 1972.97 2021.43 2015.93 2013.95 2011.93 2002.42 2000.40 2002.42 2064.72 2123.98 2185.16 2235.11 2271.73 2292.97 2277.86 2256.73
2233.88 2144.24 2042.87 1931.46 1903.46 1893.12 1907.24 1887.96 1879.61 1866.79 1815.82 1767.97 1721.86 1700.75 1650.27 1619.42 1676.86 1738.80 1805.46 1925.44 2034.51 2136.55 2168.25 2198.52
2142.76 2052.53 1945.17 1812.67 1779.26 1800.06 1861.80 1684.36 1558.14 1539.87 1441.10 1295.43 1205.03 1378.59 1498.31 1626.98 1647.33 1675.31 1710.07 1723.49 1749.63 1790.45 1756.92 1757.56
1814.00 1711.72 1598.31 1489.14 1085.00 1373.64 1300.48 1512.10 1885.75 2110.69 2086.26 2062.25 1994.89 1969.07 1948.14 1920.35 1933.85 1955.08 1983.55 1984.00 1977.44 1971.00 2035.03 2096.66
2125.01 2125.59 2125.22 2125.13 2089.49 2048.95 2000.45 2022.00 2038.35 2042.41 1992.86 1948.34 1905.92 1873.72 1852.26 1833.36 1853.89 1880.41 1910.70 1925.24 1938.45 1957.85 1981.48 2007.60
2034.51 2047.60 2061.73 2073.86 2071.88 2066.90 2058.95 1959.21 1865.48 1767.87 1665.60 1628.62 1647.62 1639.71 1641.30 1646.37 1690.49 1749.72 1819.55 1866.29 1917.80 1978.43 1996.48 2014.52
2030.06 2010.61 1990.20 1967.45 1839.04 1690.65 1520.52 1460.51 1443.38 1441.46 1383.59 1349.29 1333.64 1263.30 1273.55 1348.31 1457.80 1538.48 1625.94 1716.38 1801.13 1881.69 1897.66 1915.35
1933.15 1931.17 1931.25 1941.29 1898.80 1855.33 1808.47 1808.21 1808.55 1796.53 1769.26 1733.41 1667.76 1724.40 1782.74 1843.37 1919.12 1993.86 2068.55 2149.05 2218.86 2267.83 2235.24 2198.68
2159.86 2106.24 2046.46 1979.26 1948.94 1923.32 1903.65 1946.69 1999.47 2041.51 2021.91 2003.86 1992.29 2015.85 2041.95 2077.40 2121.69 2170.55 2225.28 2259.96 2286.79 2312.06 2297.71 2265.99
2233.51 2197.45 2154.45 2107.58 2045.58 1975.81 1896.97 1965.11 2031.31 2079.43 2046.02 2014.73 1986.24 1984.67 1972.66 1958.74 2002.80 2050.93 2102.40 2133.66 2156.54 2171.74 2127.39 2080.36
2031.07 1986.16 1937.55 1882.91 1871.87 1859.61 1845.32 1874.81 1894.82 1895.58 1787.47 1675.25 1536.20 1501.08 1480.33 1473.09 1564.78 1656.78 1746.87 1789.06 1818.62 1843.98 1912.20 1962.67
2024.90 1976.77 1923.03 1863.69 1843.87 1850.15 1884.93 1798.51 1742.93 1705.02 1688.78 1674.60 1657.92 1606.03 1574.93 1564.57 1611.24 1645.50 1688.17 1740.18 1780.92 1817.62 1860.95 1913.59
1974.29 2026.75 1962.14 1900.85 1842.59 1778.14 1705.94 1669.47 1637.08 1594.14 1503.08 1437.29 1398.10 1445.91 1582.02 1716.27 1794.81 1872.51 1952.16 1921.82 1884.50 1855.35 1896.70 1943.64
1978.08 1927.59 1873.32 1820.04 1780.66 1774.86 1750.74 1684.22 1573.47 1455.44 1429.54 1408.98 1388.60 1381.71 1388.19 1404.83 1480.70 1564.56 1653.92 1702.11 1751.19 1805.76 1844.21 1880.92
1939.81 1903.87 1878.44 1869.94 1812.07 1748.95 1676.46 1614.89 1555.93 1488.12 1392.42 1393.74 1456.66 1578.21 1668.72 1737.75 1764.98 1795.18 1829.85 1849.50 1864.61 1876.97 1924.43 1968.77
2012.51 1963.25 1907.07 1844.71 1815.05 1784.84 1749.38 1715.43 1702.34 1701.42 1617.42 1549.48 1475.22 1455.33 1464.78 1479.87 1603.03 1714.43 1808.54 1817.52 1819.14 1817.37 1912.56 2005.98
2097.33 2107.43 2062.71 2013.60 1917.03 1809.35 1697.04 1613.45 1566.79 1547.37 1434.42 1419.63 1471.82 1451.64 1484.10 1563.06 1660.41 1755.49 1849.20 1895.06 1931.41 1967.86 2040.09 2114.56
2110.99 2021.98 1915.62 1785.15 1659.83 1510.37 1349.29 1320.55 1322.70 1325.24 1395.98 1461.58 1525.48 1587.61 1651.59 1711.82 1757.30 1810.08 1872.21 1944.75 2010.62 2076.76 2149.56 2195.90
2191.91 2124.95 2051.24 1975.68 1905.89 1839.89 1785.23 1824.20 1858.03 1875.00 1846.00 1807.88 1769.57 1777.90 1794.51 1819.95 1908.95 1995.41 2081.37 2096.75 2103.52 2109.05 2166.91 2173.15
2177.68 2127.95 2069.75 2005.06 1933.67 1875.89 1843.57 1872.79 1920.80 1960.46 1940.18 1926.49 1908.33 1899.38 1896.82 1897.27 1923.52 1952.87 1990.38 2059.02 2119.54 2178.23 2235.04 2262.99
2268.83 2173.64 2058.25 1918.20 1912.03 1918.41 1937.75 2012.05 2076.03 2117.35 2098.01 2088.02 2079.54 2052.92 2034.85 2023.96 2066.90 2111.70 2160.33 2201.23 2226.92 2243.47 2209.81 2170.22
2124.52 2070.55 2008.70 1936.87 1900.10 1878.54 1878.39 1874.04 1885.41 1892.92 1876.63 1870.69 1867.80 1850.74 1854.31 1873.49 1904.92 1938.74 1979.24 2000.28 1997.94 1991.76 2059.20 2106.54
2162.80 2090.62 2003.85 1900.79 1871.36 1858.17 1865.50 1828.20 1835.42 1854.70 1821.44 1792.00 1761.01 1727.71 1702.08 1661.25 1733.72 1808.68 1889.20 1965.66 2029.78 2093.20 2166.82 2180.70
2183.76 2091.24 1981.60 1846.71 1839.48 1835.49 1836.70 1880.81 1927.02 1958.07 1936.83 1920.78 1906.95 1834.30 1779.67 1742.47 1816.27 1879.50 1947.28 2017.47 2076.53 2133.94 2164.61 2132.53
2082.23 2016.91 1940.51 1853.84 1818.33 1779.94 1737.63 1727.77 1743.86 1758.73 1716.45 1678.31 1639.17 1605.16 1605.61 1635.78 1726.18 1801.31 1882.17 1949.58 2007.00 2064.68 2071.98 2012.19
1946.61 1910.09 1869.47 1823.10 1805.66 1795.38 1792.40 1644.34 1468.28 1211.82 1273.28 1390.01 1494.37 1558.23 1620.55 1685.84 1687.97 1688.06 1699.49 1708.20 1713.88 1697.71 1721.24 1787.60
1857.15 1845.97 1837.07 1833.56 1806.31 1809.97 1842.61 1735.04 1616.46 1479.05 1525.41 1580.07 1621.89 1559.13 1483.13 1419.73 1459.06 1500.50 1548.55 1629.67 1707.52 1790.77 1818.90 1858.04
1907.20 1890.18 1878.68 1871.96 1829.17 1783.58 1731.75 1685.30 1636.60 1574.30 1625.49 1670.06 1704.01 1685.81 1664.44 1644.45 1675.04 1710.63 1756.78 1806.10 1844.54 1883.78 2024.31 2132.89
2212.28 2123.97 2018.04 1886.78 1859.93 1831.14 1799.97 1807.96 1821.33 1827.96 1811.95 1805.31 1796.62 1781.42 1773.46 1770.38 1832.75 1900.78 1982.67 2030.17 2067.09 2103.78 2180.01 2242.63
2254.51 2191.03 2120.29 2042.09 1989.85 1932.03 1866.42 1966.82 2044.52 2095.47 2073.09 2052.24 2023.26 2005.96 1995.12 1988.25 2014.84 2049.52 2095.28 2153.39 2203.30 2254.19 2261.58 2241.90
2220.16 2156.82 2084.12 2001.68 1931.42 1857.76 1784.54 1857.08 1916.17 1952.23 1927.99 1915.95 1910.03 1913.15 1905.63 1912.37 1985.92 2059.41 2136.35 2199.62 2232.92 2250.90 2216.72 2181.06
2145.03 2053.90 1948.33 1824.20 1818.03 1811.69 1805.76 1856.35 1892.44 1911.17 1889.27 1872.63 1856.00 1859.66 1869.47 1884.19 1955.15 2028.03 2106.42 2103.91 2087.27 2068.63 2036.17 1998.67
1953.20 1927.74 1897.33 1865.46 1838.05 1810.59 1782.98 1777.66 1777.93 1770.65 1709.62 1666.02 1635.41 1719.49 1802.01 1876.29 1955.02 2033.30 2114.99 2165.58 2207.90 2243.22 2211.19 2174.67
2135.43 2051.46 1956.18 1853.93 1782.33 1769.71 1828.94 1711.10 1666.76 1689.67 1696.26 1718.83 1748.46 1774.63 1812.62 1850.32 1989.67 2118.46 2241.45 2258.32 2261.88 2266.26 2176.62 2069.73
1944.05 1906.09 1862.95 1817.38 1808.19 1803.09 1800.90 1747.06 1691.95 1625.34 1634.43 1626.36 1620.15 1690.13 1763.89 1860.02 1924.76 1991.39 2061.27 2163.72 2244.99 2269.67 2212.29 2146.83
2067.77 1971.12 1858.19 1722.78 1692.39 1676.60 1678.20 1714.68 1767.84 1790.98 1737.56 1667.44 1612.62 1670.34 1721.00 1773.32 1809.01 1841.76 1865.22 1856.46 1812.80 1762.53 1780.90 1788.78
1790.37 1784.20 1777.98 1772.54 1765.34 1762.12 1763.69 1754.88 1745.65 1734.09 1735.07 1740.00 1740.70 1718.75 1677.03 1652.52 1771.62 1882.64 1990.72 2070.28 2116.89 2123.06 2041.06 1944.22
1834.90 1833.39 1834.92 1840.10 1843.21 1857.38 1881.39 1932.55 1995.67 2046.37 2025.35 2007.10 1985.94 1955.26 1930.53 1911.18 1949.48 1981.34 2011.97 2028.97 2033.53 2038.80 2104.39 2151.76
2159.77 2119.47 2071.76 2019.97 1968.27 1910.48 1847.53 1911.10 1956.31 1981.10 1959.22 1943.26 1929.09 1932.21 1941.86 1957.08 1982.07 2009.11 2039.18 2067.22 2089.92 2122.26 2055.85 1975.53
1879.34 1853.12 1859.44 1902.96 1882.93 1871.07 1847.29 1789.23 1709.79 1637.88 1566.38 1506.85 1455.50 1542.61 1626.43 1671.30 1727.29 1784.44 1850.00 1881.66 1896.55 1894.38 1951.79 2016.82
2086.11 2012.07 1925.68 1824.05 1794.92 1762.62 1729.58 1671.07 1619.09 1565.22 1586.28 1604.43 1618.76 1644.24 1677.69 1716.00 1772.65 1831.68 1894.78 1898.03 1887.15 1874.19 1986.14 2044.90
2101.97 2019.00 1921.58 1807.10 1765.21 1754.71 1782.55 1728.23 1699.61 1682.85 1645.11 1612.25 1584.21 1587.95 1621.82 1668.25 1737.03 1805.18 1874.80 1892.51 1902.75 1920.55 2021.38 2116.90
2195.82 2146.34 2091.93 2032.31 1925.00 1799.14 1652.97 1668.53 1676.08 1671.42 1575.22 1485.54 1403.50 1525.49 1664.84 1811.73 1868.29 1918.94 1977.56 1943.89 1906.78 1850.64 1856.02 1875.77
1909.08 1878.96 1829.69 1723.78 1683.29 1644.48 1608.09 1564.28 1511.97 1449.86 1263.85 1077.83 968.00 1197.54 1357.78 1496.70 1597.70 1689.53 1781.04 1778.87 1763.07 1742.21 1771.70 1802.76
1841.63 1847.65 1857.97 1853.31 1769.82 1763.64 1725.41 1573.90 1391.05 1149.97 1318.50 1478.88 1595.53 1644.18 1697.14 1758.59 1865.50 1966.47 2066.22 2008.92 1929.88 1836.37 1835.20 1831.62
1837.64 1809.31 1778.35 1743.85 1756.24 1806.57 1835.41 1688.27 1518.31 1313.95 1444.83 1586.40 1694.57 1785.08 1867.49 1946.27 1993.14 2041.80 2094.56 2047.85 1978.13 1894.69 1917.11 1937.98
1959.74 1950.54 1942.45 1928.39 1910.55 1904.16 1913.53 1990.20 2040.27 2074.72 2064.90 2055.91 2062.43 2078.17 2096.72 2120.27 2141.95 2163.87 2188.61 2160.04 2128.36 2107.41 2070.76 2036.16
2006.86 1923.11 1830.71 1778.10 1802.17 1792.97 1744.93 1894.78 2000.19 2077.89 2002.34 1926.12 1884.05 1901.54 1924.45 1958.14 1936.03 1912.84 1891.07 1802.43 1725.24 1706.46 1709.04 1680.84
1631.88 1625.03 1632.19 1650.36 1641.34 1633.23 1626.45 1643.22 1666.70 1690.39 1595.45 1481.56 1361.00 1364.41 1466.99 1582.75 1660.00 1734.73 1807.65 1807.12 1796.23 1787.93 1805.89 1826.87
1850.68 1822.05 1790.64 1758.05 1742.21 1736.99 1744.98 1705.74 1661.26 1607.95 1554.20 1564.10 1611.81 1762.82 1889.23 1999.10 2063.66 2128.14 2194.36 2207.65 2204.01 2198.47 2200.84 2202.65
2201.02 2135.48 2064.00 1987.97 1941.90 1900.44 1871.76 1886.92 1920.64 1954.25 2008.88 2054.66 2089.39 2147.85 2211.50 2279.08 2308.18 2336.99 2370.83 2346.37 2307.72 2263.31 2196.62 2119.60
2032.19 1994.36 1956.31 1920.87 1901.19 1892.09 1892.34 1876.92 1886.31 1901.09 1973.91 2032.19 2087.09 2160.95 2233.20 2313.51 2356.45 2399.98 2446.18 2411.90 2366.20 2316.14 2269.35 2219.02
2167.45 2089.63 1999.76 1896.92 1886.63 1878.91 1875.82 1926.00 1968.41 1999.68 2004.90 2012.50 2035.66 2101.89 2166.95 2209.62 2246.85 2287.32 2333.41 2340.83 2326.38 2307.50 2260.58 2209.83
2159.02 2083.42 1999.89 1904.69 1858.07 1826.31 1815.05 1852.55 1902.36 1956.10 1975.06 1991.38 2001.25 2057.22 2112.70 2180.55 2188.48 2197.23 2208.58 2185.19 2151.01 2112.39 2051.41 1982.40
1906.99 1907.63 1908.77 1910.19 1884.84 1871.33 1873.72 1810.74 1742.75 1665.11 1749.83 1828.66 1896.88 1905.30 1918.75 1937.66 2032.42 2128.80 2227.24 2199.11 2157.44 2111.15 2128.22 2122.54
2116.65 2032.47 1932.80 1815.18 1790.08 1784.26 1804.27 1818.69 1816.29 1795.77 1754.36 1716.53 1688.29 1692.05 1702.55 1731.57 1861.78 1980.22 2095.69 2090.55 2024.24 1948.73 1925.80 1900.41
1873.98 1729.97 1556.40 1387.05 1054.92 1463.60 1504.46 1518.33 1519.94 1509.59 1559.30 1638.59 1728.16 1667.28 1606.73 1542.43 1616.87 1699.42 1784.96 1789.06 1786.36 1784.60 1809.02 1841.76
1884.62 1873.24 1827.15 1777.54 1671.53 1611.91 1648.63 1584.03 1514.20 1432.05 1571.58 1690.92 1787.77 1834.18 1882.62 1932.16 1922.86 1914.34 1907.89 1878.74 1841.14 1798.81 1692.52 1653.83
1722.99 1706.88 1703.37 1717.27 1647.39 1630.44 1684.55 1611.11 1559.84 1453.74 1093.25 1163.67 1428.37 1540.74 1643.49 1752.01 1744.82 1750.02 1776.26 1763.54 1744.69 1729.91 1739.58 1750.47
1764.66 1773.88 1785.65 1801.33 1815.68 1838.05 1869.87 1865.73 1855.03 1832.97 1699.74 1557.95 1406.03 1469.97 1531.35 1603.06 1656.73 1721.09 1799.58 1809.98 1815.88 1823.53 1842.57 1852.91
1850.36 1856.70 1862.65 1869.51 1848.78 1826.51 1804.07 1691.45 1631.24 1629.45 1632.80 1634.30 1601.31 1570.25 1544.44 1529.31 1559.27 1600.39 1654.03 1712.66 1765.53 1821.12 1863.93 1906.44
1949.26 1917.15 1885.72 1851.93 1823.85 1794.20 1764.18 1744.93 1732.11 1675.92 1635.14 1593.94 1555.76 1652.85 1735.86 1832.51 1879.27 1927.19 1979.27 2076.45 2168.43 2257.94 2303.93 2303.72
2274.75 2257.65 2240.33 2222.13 2157.72 2087.01 2008.67 2078.05 2129.86 2170.85 2195.24 2218.78 2260.02 2295.32 2333.37 2373.21 2394.32 2416.04 2440.71 2415.33 2383.32 2348.92 2303.68 2255.15
2202.52 2151.39 2095.24 2035.03 2056.12 2079.60 2104.90 2130.24 2149.85 2162.92 2189.44 2213.54 2235.52 2263.34 2293.73 2327.64 2347.30 2367.88 2391.06 2377.10 2355.76 2332.45 2310.31 2288.82
2270.05 2143.19 1987.79 1784.94 1784.50 1808.08 1850.59 1825.49 1893.18 1988.35 1960.69 1933.68 1910.28 1994.97 2077.07 2160.25 2164.88 2176.66 2200.66 2183.70 2160.57 2137.34 2091.02 2038.28
1980.39 1951.09 1919.44 1886.55 1819.26 1744.23 1658.27 1610.32 1554.23 1485.83 1554.78 1607.91 1647.97 1695.02 1745.97 1803.97 1879.62 1931.49 1990.90 2028.22 2068.07 2113.57 2132.90 2099.75
2063.84 2000.42 1935.63 1874.94 1811.95 1738.00 1660.90 1677.59 1694.00 1704.66 1792.19 1867.62 1931.05 1984.20 2040.08 2095.63 2139.92 2192.21 2255.27 2243.89 2217.55 2186.27 2094.08 1984.87
1857.51 1855.92 1854.62 1855.42 1829.57 1822.47 1832.09 1742.99 1661.41 1593.17 1630.76 1667.61 1696.94 1711.36 1744.28 1796.46 1864.17 1934.98 1995.52 2024.73 2051.15 2080.22 2161.28 2182.74
2201.05 2126.62 2041.24 1945.83 1862.59 1780.30 1713.71 1703.70 1696.62 1687.47 1713.84 1737.03 1752.59 1792.29 1846.60 1911.60 1976.35 2023.65 2073.60 2055.75 2031.09 2006.18 2056.27 2018.77
1973.15 1943.74 1911.32 1877.79 1872.39 1877.99 1882.06 1827.28 1770.95 1727.31 1709.47 1721.90 1744.33 1821.50 1897.42 1969.71 2016.63 2066.01 2121.70 2185.85 2251.26 2316.56 2315.10 2303.30
2289.17 2211.35 2122.62 2019.39 1949.11 1870.31 1782.06 1896.04 1979.68 2041.85 2048.57 2055.43 2063.52 2151.97 2242.85 2341.34 2345.58 2344.82 2347.47 2333.43 2313.67 2292.37 2273.98 2254.01
2236.37 2150.86 2055.39 1945.07 1970.30 1997.08 2024.84 2036.17 2042.40 2036.57 2038.67 2043.19 2057.65 2092.36 2128.53 2169.08 2208.23 2247.54 2289.28 2314.74 2337.59 2362.56 2334.31 2303.04
2269.97 2208.94 2141.49 2066.19 2054.32 2051.52 2057.40 2097.09 2129.00 2149.63 2102.75 2097.14 2134.74 2144.57 2160.72 2176.76 2210.47 2244.21 2280.05 2293.51 2307.40 2325.29 2285.23 2241.37
2195.10 2090.73 1967.46 1818.54 1812.39 1807.48 1801.97 1897.40 1975.30 2033.32 2014.92 2008.39 2010.05 2055.97 2100.93 2142.66 2190.41 2241.51 2298.54 2325.59 2354.80 2389.21 2339.06 2283.01
2219.97 2134.87 2040.07 1933.45 1884.45 1832.33 1780.96 1837.59 1876.90 1901.02 1919.59 1941.56 1958.97 1983.43 2015.67 2056.96 2100.92 2146.36 2197.98 2196.04 2174.83 2151.98 2090.88 2021.87
1942.75 1920.44 1895.17 1869.97 1859.86 1862.24 1877.19 1926.60 1955.91 1962.38 1928.26 1878.61 1823.14 1876.24 1928.09 1970.18 2035.72 2098.87 2166.30 2118.62 2053.25 1966.82 1929.27 1893.92
1864.47 1789.06 1713.38 1643.58 1679.95 1745.38 1776.70 1806.36 1831.85 1852.44 1885.20 1915.22 1950.38 1927.32 1912.24 1895.02 1914.58 1941.55 1981.78 1924.90 1863.59 1803.17 1812.16 1823.67
1838.51 1824.14 1821.72 1837.20 1705.34 1555.18 1423.72 1334.00 1291.69 1303.69 1472.49 1605.86 1702.55 1659.23 1621.44 1595.13 1596.12 1606.18 1676.63 1741.60 1801.54 1863.92 1881.66 1898.38
1920.68 1914.66 1911.68 1913.07 1854.82 1792.68 1722.59 1632.08 1537.04 1440.54 1404.23 1445.01 1505.24 1529.93 1528.63 1559.27 1581.09 1600.93 1630.68 1716.13 1813.94 1916.97 1901.68 1891.70
1890.74 1827.33 1741.86 1661.43 1702.84 1781.73 1876.72 2077.83 2235.33 2363.48 2336.66 2302.62 2265.72 2245.87 2229.63 2219.58 2217.20 2216.54 2225.80 2174.50 2111.01 2035.66 2038.49 2044.47
2057.36 2057.26 2060.53 2064.15 2063.57 2060.83 2059.22 2018.58 1970.22 1914.37 1676.59 1432.51 1262.90 1293.90 1280.41 1284.95 1505.57 1677.73 1819.05 1892.62 1956.95 2016.18 2031.09 2029.31
2030.56 2023.87 2017.21 2007.61 1983.53 1964.79 1954.58 1975.62 1993.81 2006.64 2109.78 2220.92 2316.96 2296.05 2279.05 2268.87 2293.50 2322.50 2357.84 2375.57 2396.65 2423.42 2369.83 2311.19
2248.75 2252.30 2255.87 2262.17 2234.79 2209.41 2187.19 2221.20 2245.53 2255.92 2250.40 2248.27 2240.66 2212.26 2188.05 2170.80 2180.23 2194.22 2197.55 2242.12 2295.52 2357.96 2322.55 2273.73
2219.99 2166.85 2111.87 2056.64 1874.38 1742.58 1801.88 2191.18 2505.33 2761.12 2795.96 2834.12 2859.46 2831.66 2804.26 2779.06 2747.89 2721.75 2703.21 2658.23 2611.47 2561.70 2497.42 2429.31
2356.35 2341.69 2327.11 2312.17 2313.18 2313.62 2314.94 2278.62 2239.17 2196.93 2099.70 2009.40 1924.24 1813.71 1747.72 1752.96 1800.13 1844.67 1890.56 1897.22 1906.03 1917.28 1922.62 1846.18
1766.79 1737.86 1756.61 1818.98 1772.82 1724.14 1677.33 1664.30 1645.43 1626.42 1716.00 1789.26 1855.90 1892.01 1927.86 1963.49 1924.54 1882.63 1840.67 1860.19 1878.06 1895.57 1858.31 1829.77
1813.42 1784.27 1755.25 1724.63 1624.40 1506.98 1371.41 1270.64 1515.29 1688.25 1717.53 1754.17 1782.21 1828.65 1876.83 1926.13 1938.67 1960.65 1984.21 1963.93 1945.10 1926.46 1927.03 1896.06
1863.13 1879.42 1906.30 1946.36 1923.12 1899.44 1872.17 1859.19 1838.38 1800.01 1786.81 1794.95 1805.97 1677.36 1603.26 1520.24 1336.81 1122.82 1326.76 1390.53 1453.13 1531.88 1583.13 1646.25
1719.64 1708.41 1600.11 1481.55 1753.87 2172.02 2476.29 2512.72 2535.10 2557.13 2504.50 2453.55 2407.36 2347.78 2288.84 2229.86 2137.14 2028.56 1909.31 1957.49 2008.00 2063.62 2063.25 2070.25
2084.77 2063.68 2041.45 2018.26 1938.13 1851.13 1752.15 1749.46 1762.13 1786.77 1800.40 1823.48 1826.42 1919.57 2014.98 2088.21 2070.72 2044.22 2005.10 2038.39 2074.75 2108.34 2084.06 2054.71
2026.07 2040.73 2034.10 2033.91 2029.72 2031.76 2040.18 1889.59 1716.90 1533.11 1720.75 1886.93 2010.75 2042.19 2076.56 2115.09 2064.56 2005.31 1935.81 1935.78 1935.39 1933.48 1955.15 1978.18
2004.98 1994.77 1994.39 2003.51 1920.96 1858.24 1835.40 1784.38 1724.55 1660.02 1741.52 1808.58 1858.36 1775.87 1690.91 1607.28 1642.19 1677.68 1695.82 1601.03 1461.05 1263.20 1261.93 1428.37
1586.74 1692.37 1807.54 1918.16 1896.95 1867.56 1838.29 1786.90 1724.74 1652.12 1770.24 1907.00 2017.26 2058.63 2101.19 2147.86 2135.95 2112.70 2086.09 2086.32 2093.96 2110.40 2121.51 2069.42
2017.46 1997.21 1976.68 1954.76 1770.50 1529.92 1266.22 1366.67 1511.94 1633.79 1928.76 2177.20 2274.96 2145.54 1998.44 1829.98 1855.58 1888.87 1933.63 2012.53 2106.08 2208.13 2219.62 2237.91
2262.17 2246.29 2227.91 2213.12 2186.60 2167.56 2161.25 2090.88 2021.43 1955.97 1863.74 1853.84 1897.08 1916.39 1939.16 1937.26 1996.82 2039.76 2082.53 2138.19 2193.34 2248.61 2249.35 2238.54
2227.26 2210.20 2191.42 2168.74 2157.01 2143.89 2128.23 2053.99 1968.58 1872.27 1975.95 2089.17 2184.24 2194.26 2206.46 2224.02 2209.89 2194.89 2180.44 2225.44 2269.87 2314.64 2231.69 2138.29
2034.00 2004.50 1983.07 1976.54 2015.64 2053.98 2089.92 2114.85 2128.19 2137.60 2100.21 2072.24 2053.29 2093.25 2134.97 2136.48 2084.51 2050.67 2048.35 1924.07 1918.70 1670.33 2033.78 2454.85
2804.76 2748.15 2692.75 2641.96 2626.07 2610.72 2596.96 2697.14 2782.02 2858.87 2786.26 2716.95 2649.93 2645.60 2643.96 2647.66 2618.58 2588.43 2558.72 2518.70 2477.48 2435.82 2389.43 2337.07
2281.70 2247.20 2226.81 2224.45 2220.64 2234.86 2235.45 2291.97 2334.85 2368.05 2256.12 2144.78 2029.76 1984.65 1943.51 1908.13 1771.72 1641.18 1638.84 1659.67 1722.35 1811.76 1845.17 1888.12
1939.65 1926.34 1915.60 1912.95 1932.68 1959.02 1987.90 1912.43 1829.88 1746.88 1775.49 1857.56 1939.41 1945.68 1967.19 2003.91 2036.73 2087.57 2154.49 2165.75 2177.58 2189.53 2179.30 2168.74
2159.26 2129.99 2106.33 2090.78 2054.73 2035.64 2033.08 2011.39 1982.45 1948.71 1931.34 1992.64 2075.07 2080.21 2087.71 2100.59 2073.96 2042.52 2002.55 2072.12 2119.78 2124.58 2157.38 2184.64
2173.38 2165.13 2157.31 2153.24 2241.29 2301.41 2357.79 2338.09 2313.03 2286.91 2260.43 2236.90 2213.33 2242.75 2273.04 2298.49 2300.68 2298.98 2290.05 2271.61 2253.77 2234.45 2203.06 2173.87
2146.97 2107.59 2054.76 1998.96 1991.49 1986.76 1982.35 1969.64 1879.00 1799.03 1879.33 2000.86 2126.83 2192.17 2290.22 2356.73 2416.32 2475.02 2535.34 2605.08 2678.53 2758.67 2812.12 2866.73
2922.67 2853.18 2777.91 2695.09 2635.98 2572.53 2502.46 2505.44 2501.79 2496.50 2367.17 2232.39 2084.35 2083.70 2087.83 2097.34 2066.78 2053.67 2065.75 2028.96 1996.13 1972.66 1814.27 1705.11
1669.57 1775.64 1908.26 1978.03 2020.18 2009.28 2007.26 1962.00 1907.54 1846.51 1879.27 1934.59 1995.58 1988.83 1995.03 2011.93 2044.88 2081.00 2118.49 2012.06 1895.91 1778.29 1738.16 1564.28
1525.51 1581.05 1643.21 1703.29 1856.32 2022.67 2172.88 2154.63 2089.26 2022.73 2100.22 2185.88 2199.00 2127.08 2055.62 1983.89 2049.32 2124.04 2203.74 2139.45 2084.00 2046.97 2061.99 2077.62
2095.52 2079.40 2061.01 2041.79 2015.14 1986.24 1952.55 1976.56 1918.48 1826.04 1819.61 1903.43 2008.51 2038.13 2075.80 2119.78 2128.92 2139.72 2148.98 2164.21 2180.41 2197.27 2193.85 2192.04
2192.23 2173.31 2156.25 2139.60 2109.06 2087.17 2075.79 2002.85 1920.48 1829.91 1961.21 2090.22 2200.37 2158.09 2125.70 2105.28 2084.25 2060.65 2032.01 2030.57 2044.54 2075.26 2059.42 2048.28
2040.81 2002.68 1962.02 1918.46 1872.81 1892.26 1958.53 1926.46 1874.18 1819.57 1779.27 1747.19 1718.81 1822.58 1913.22 1990.48 1979.85 1973.79 1970.08 1996.40 2005.21 2015.85 1990.49 1971.36
1962.36 1956.10 1949.11 1942.67 1909.23 1878.34 1849.00 1811.00 1794.11 1797.52 1971.78 2108.91 2217.87 2214.95 2221.82 2237.97 2201.92 2170.03 2143.65 2166.90 2191.44 2220.36 2161.48 2094.63
2018.16 1975.53 1929.71 1879.68 1931.23 1978.84 2023.86 1959.06 1890.11 1826.21 1701.05 1572.66 1576.43 1875.00 2091.27 2267.65 2353.98 2440.67 2522.01 2582.38 2654.38 2737.01 2716.13 2685.08
2652.83 2616.63 2580.30 2546.06 2537.91 2530.10 2511.79 2475.50 2436.31 2394.11 2304.69 2206.27 2096.42 2097.70 2100.53 2082.28 2040.78 2008.04 1991.03 1909.16 1825.47 1740.46 1632.01 1543.51
1502.07 1384.16 1330.51 1425.74 1392.59 1387.74 1406.81 1162.16 1465.38 1308.08 1076.86 1280.59 1477.84 1689.15 1851.33 1988.51 1956.86 1922.10 1880.83 1918.99 1961.08 2007.91 1992.16 1986.21
1990.75 1977.78 1976.62 1988.35 1943.46 1895.12 1842.65 1885.85 1911.99 1932.65 2002.26 2063.67 2116.76 2145.71 2175.51 2209.69 2171.97 2130.74 2080.73 2083.86 2088.44 2093.22 2063.65 2040.40
2026.45 1974.62 1923.92 1878.79 1893.62 1912.53 1933.76 1880.20 1815.05 1747.62 1746.59 1822.94 1894.60 1606.68 1617.05 1911.72 2315.39 2655.95 2956.13 3002.91 3046.68 3088.79 3078.25 3066.03
3053.70 3034.53 3014.85 2995.82 2986.40 2976.92 2968.84 2948.35 2923.16 2896.44 2822.24 2747.88 2675.55 2593.39 2488.10 2376.62 2378.92 2385.30 2392.63 2308.17 2214.48 2108.82 2013.75 1910.49
1804.91 1808.29 1910.24 2043.38 2041.29 2018.02 1995.54 1881.84 1750.04 1614.22 1793.85 2065.20 2287.37 2196.59 2098.50 1983.75 2044.90 2105.13 2161.72 2038.76 1892.01 1705.37 1520.24 1252.61
1224.54 1580.56 1502.36 1291.63 1506.63 1726.55 1891.63 1882.15 1879.11 1878.98 1857.39 1842.52 1829.85 2034.02 2163.17 2273.88 2318.37 2363.12 2391.50 2345.55 2293.40 2236.09 2179.17 2117.30
2051.35 2108.42 2162.68 2217.19 2239.83 2263.28 2287.50 2200.57 2104.76 2008.00 1895.59 1703.55 1478.78 1286.84 1166.80 1301.54 1576.85 1788.22 1958.49 2009.86 2059.71 2108.88 2019.29 1914.07
1793.78 1668.75 1549.64 1499.24 1458.87 1411.92 1370.08 1577.15 1664.63 1561.96 1526.16 1702.26 1866.30 1897.97 1934.57 1972.54 2010.17 2049.35 2086.59 2087.81 2089.94 2093.90 2107.05 2119.83
2135.82 2085.98 2062.94 2077.76 2023.03 1964.53 1898.85 1835.40 1760.03 1680.32 1712.72 1859.81 1968.81 1883.10 1847.34 1873.87 1799.62 1719.51 1630.75 1737.01 1839.87 1935.73 1843.39 1725.12
1624.37 1694.06 1771.63 1851.62 1829.27 1855.95 1925.26 1853.86 1749.84 1605.20 1241.27 1297.87 1644.35 1638.43 1641.01 1653.55 1741.13 1846.65 1954.33 1848.33 1738.43 1653.60 1618.58 1584.33
1547.14 1481.33 1406.69 1318.50 1380.17 1449.74 1516.61 1729.47 1776.81 1810.65 1840.54 1772.34 1792.67 1893.06 2004.26 2112.65 2108.30 2106.18 2102.45 2125.32 2152.80 2184.83 2161.33 2137.58
2110.83 2101.38 2097.87 2100.51 2098.58 2099.16 2101.81 2155.91 2193.60 2221.69 2252.39 2321.66 2403.18 2408.82 2423.61 2446.61 2429.65 2412.09 2389.26 2404.87 2420.33 2436.91 2429.80 2421.62
2415.03 2319.58 2211.66 2088.20 2086.11 2087.83 2093.02 2129.85 2155.87 2175.14 2151.16 2142.58 2147.54 2153.94 2178.43 2220.56 2198.03 2173.28 2143.04 2161.29 2157.42 2149.41 2108.38 2041.68
1952.24 1939.29 1931.45 1924.50 1784.93 1651.39 1590.34 1417.63 1478.09 1510.66 1741.93 1958.93 2127.00 2180.77 2244.45 2261.70 2218.96 2171.25 2118.07 2111.44 2115.71 2133.46 2118.37 2109.22
2109.84 1998.99 1867.00 1713.48 1622.01 1748.41 1805.70 1430.87 1498.79 1802.30 1785.44 1831.29 1898.03 1842.21 1813.07 1825.12 1698.82 1636.85 1733.82 1708.05 1711.34 1611.07 1422.68 1152.76
1305.20 1344.19 1378.07 1417.67 1292.45 1211.84 1296.62 1295.45 1285.65 1268.86 1382.26 1643.33 1832.36 1917.89 1998.07 2075.72 2115.42 2156.58 2183.80 2207.75 2220.23 2233.67 2232.73 2234.07
2235.14 2227.30 2222.30 2220.29 2205.74 2190.57 2175.37 2122.28 2076.28 2040.66 2053.65 2059.60 2060.69 2074.28 2091.56 2110.51 2126.27 2130.03 2134.22 2137.50 2154.29 2170.46 2164.41 2165.04
2171.15 2165.04 2160.86 2157.14 2138.33 2118.73 2096.59 1956.75 1811.93 1690.13 1887.89 2028.33 2125.91 2210.58 2274.75 2337.71 2261.42 2167.54 2049.32 2019.41 1987.08 1952.72 1731.08 1637.37
1824.67 1989.90 2144.55 2288.12 2409.35 2499.57 2573.51 2619.30 2660.90 2702.57 2623.25 2540.20 2447.97 2428.08 2412.81 2402.30 2385.15 2367.86 2347.02 2426.33 2509.73 2593.35 2536.11 2475.73
2411.81 2413.24 2418.98 2427.90 2396.84 2364.17 2330.73 2168.96 1946.97 1639.77 1771.69 1893.17 1989.19 1781.45 1573.50 1536.72 1496.33 1741.29 1980.40 1988.04 2005.82 2036.52 2024.16 2012.11
2002.06 1992.49 1983.04 1973.31 1975.09 1979.16 1981.24 1966.21 1947.78 1924.72 1884.88 1917.70 1990.94 2002.80 2021.13 2041.89 2079.82 2119.27 2155.71 2128.50 2100.79 2076.18 2045.61 2016.31
1992.59 1995.49 2000.96 2008.15 1997.83 1998.44 2009.80 1994.57 1989.57 1994.99 1997.88 2023.07 2048.38 2007.45 1994.83 2015.09 2032.85 2064.42 2108.55 2093.10 2079.06 2067.04 2084.77 2105.03
2127.40 2136.97 2165.44 2210.54 2185.12 2238.92 2353.36 2393.31 2432.48 2469.98 2398.90 2328.14 2229.45 2156.28 2086.68 2011.48 2048.16 2094.69 2134.11 2134.91 2148.13 2176.07 2191.05 2207.92
2225.79 2196.77 2164.98 2131.25 2147.73 2164.32 2181.67 2116.47 2041.45 1956.40 1752.92 1535.60 1414.04 1476.47 1605.24 1575.83 1678.02 1773.55 1860.74 1955.41 2043.93 2126.26 2072.88 2023.53
1984.88 1924.65 1877.54 1856.10 1841.29 1846.92 1873.63 1762.81 1726.16 1772.41 1961.26 2093.75 2191.93 2185.74 2152.85 2128.73 2107.33 2083.02 2047.52 1996.81 1987.11 2024.03 2010.58 2031.90
2057.96 1987.29 1981.11 2050.46 2065.81 2150.25 2269.28 2218.56 2159.63 2093.48 1924.56 1759.28 1641.77 1592.82 1611.39 1637.69 1757.93 1872.32 1974.45 2006.47 2039.03 2074.11 2065.44 2064.26
2072.39 1944.24 1808.10 1688.20 1675.03 1668.41 1665.32 1674.97 1681.41 1681.91 1820.58 1966.17 2082.88 2131.57 2179.15 2224.36 2196.25 2163.86 2115.08 2131.04 2146.99 2165.19 2128.01 2084.87
2038.05 1974.09 1918.90 1898.65 1910.21 2017.89 2124.28 2067.00 2211.86 2398.47 2340.68 2283.28 2227.04 2190.98 2159.88 2133.56 2146.93 2156.11 2157.44 2173.17 2195.66 2226.71 2229.45 2233.27
2238.01 2242.70 2248.09 2254.07 2232.90 2211.03 2187.59 2120.55 2050.74 1978.48 1793.28 1639.96 1605.20 1728.07 1768.09 1823.36 1856.55 1901.17 1951.08 1983.12 2013.85 2045.73 2005.55 1981.27
1976.25 2025.93 2073.08 2119.59 2137.73 2160.65 2187.31 2090.39 1984.74 1868.72 2025.72 2144.12 2232.79 2226.32 2227.39 2234.80 2207.73 2177.32 2128.14 2145.01 2153.41 2161.53 2150.23 2140.33
2128.87 2091.02 2053.27 2012.96 1904.79 1789.02 1679.12 1607.89 1624.19 1693.50 1543.08 1377.68 1186.70 1069.56 1075.94 1135.88 1460.48 1742.74 1963.02 1992.42 2053.09 2130.92 2375.93 2592.40
2783.09 2816.91 2855.10 2899.39 2925.70 2953.27 2983.47 2940.01 2881.14 2795.50 2768.90 2702.04 2637.86 2582.36 2534.39 2483.45 2428.09 2371.42 2314.12 2285.80 2249.88 2245.38 2252.38 2266.77
2286.57 2261.37 2236.04 2208.91 2202.50 2200.42 2204.03 2127.43 2045.55 1959.78 1889.51 1850.83 1838.88 1905.90 1936.82 1897.72 2026.54 2148.58 2216.24 2239.71 2264.60 2288.61 2294.37 2301.03
2309.86 2303.97 2296.85 2288.26 2246.47 2205.23 2161.97 2063.48 1967.69 1890.14 1700.09 1776.32 1952.70 2028.99 2122.69 2218.00 2203.48 2186.72 2163.93 2170.50 2178.32 2186.70 2198.13 2212.15
2229.24 2235.39 2240.50 2245.58 2235.99 2234.32 2240.28 2212.09 2176.60 2132.78 2153.55 2155.74 2164.87 2221.87 2277.24 2281.70 2262.73 2241.09 2210.66 2214.62 2212.18 2224.53 2200.38 2176.55
2146.84 2032.91 1898.31 1736.43 1598.32 1453.97 1343.38 1302.26 1456.18 1589.19 1604.72 1620.88 1638.61 1726.51 1844.35 1960.08 2020.31 2081.91 2140.22 2145.92 2156.90 2174.04 2140.64 2106.89
2072.52 1999.30 1922.23 1843.10 1844.37 1849.52 1856.42 1845.67 1830.37 1809.74 1823.52 1823.85 1871.51 1863.02 1847.98 1838.45 1901.89 1969.58 2016.43 2002.56 2024.46 2079.58 2096.94 2114.54
2128.65 2127.06 2122.58 2116.03 2020.54 1916.51 1798.13 1216.59 1492.89 1661.14 1916.17 2100.73 2241.32 2315.88 2399.51 2485.65 2542.37 2597.34 2651.52 2648.88 2645.91 2644.42 2708.37 2771.74
2834.50 2785.58 2732.34 2676.58 2636.69 2597.10 2557.37 2618.76 2671.04 2712.72 2700.03 2687.23 2675.77 2667.70 2641.26 2619.85 2548.76 2471.63 2382.71 2370.76 2360.05 2350.45 2269.10 2183.64
2096.35 2118.66 2157.75 2213.15 2180.72 2169.18 2183.36 2153.81 2119.18 2067.10 2068.16 2080.54 2098.48 2012.27 1915.52 1797.01 1565.45 1216.75 1418.76 1448.24 1532.59 1696.28 1721.95 1773.28
1841.57 1787.03 1730.52 1675.23 1704.73 1748.30 1802.92 1628.25 1578.89 1690.35 1736.50 1870.71 1998.37 2119.16 2240.06 2352.84 2317.39 2294.91 2285.94 2283.14 2285.05 2288.07 2229.67 2168.88
2102.96 2037.86 1968.87 1898.15 2021.13 2116.61 2146.20 2142.70 2145.22 2152.67 2121.25 2113.75 2125.28 2041.90 1962.78 1888.21 1924.77 1963.04 1986.06 1923.88 1857.24 1789.70 1796.79 1617.88
1413.99 1440.19 1506.28 1589.09 1772.14 1813.38 1693.97 1810.67 1899.41 1965.22 1866.49 1783.19 1727.10 1799.49 1869.57 1936.51 1798.49 1644.41 1573.29 1758.19 1834.89 1889.72 1965.54 2037.53
2106.43 1980.25 1837.81 1685.89 1221.84 1526.17 1676.17 1614.32 1444.68 1203.71 1368.60 1533.96 1843.82 1756.80 1691.41 1657.67 1486.86 1343.79 1513.20 1611.26 1699.65 1780.75 1743.50 1757.83
1822.18 1797.66 1770.84 1743.31 1674.80 1602.79 1529.60 1738.40 1898.62 1892.28 1854.05 1767.52 1652.18 1375.06 1443.42 1699.64 1801.18 1897.67 1987.10 1957.45 1941.98 1946.31 1870.95 1787.23
1692.33 1748.86 1821.85 1901.11 1951.02 2001.08 2049.65 1882.16 1670.38 1369.16 1537.36 1661.75 1751.91 1795.27 1841.84 1886.46 1932.26 1992.84 2058.27 2125.53 2202.31 2283.44 2233.24 2204.97
2204.85 2122.77 2033.67 1944.71 1880.39 1816.41 1757.42 1872.90 1984.83 2075.30 2066.10 2143.44 2221.01 2162.43 2082.20 2001.94 1919.14 1875.42 1912.67 1973.54 2056.78 2123.61 2121.52 2118.47
2108.46 2083.98 2059.66 2034.30 2033.35 1975.64 1921.13 2010.79 2087.71 2151.04 2123.41 2085.66 2067.71 2023.92 1987.73 1951.75 1945.06 1945.24 1903.33 1994.97 2093.44 2190.79 2241.41 2254.30
2270.14 2184.20 2084.82 1969.28 1999.34 2032.83 2068.90 2159.86 2232.04 2289.06 2213.59 2225.91 2296.38 2311.64 2334.89 2364.06 2339.34 2314.04 2287.56 2305.20 2323.40 2340.46 2313.66 2284.91
2254.37 2279.50 2304.26 2327.72 2304.27 2280.32 2257.07 2274.34 2290.80 2301.78 2160.10 2079.03 2083.72 2071.14 2175.39 2320.64 2253.39 2174.04 2077.65 2022.27 2002.32 2032.86 1978.51 1944.90
1839.15 1641.10 1397.67 1449.24 1452.76 1818.13 2071.22 2190.14 2209.06 2194.95 2332.62 2497.84 2652.56 2645.29 2646.15 2655.09 2551.48 2427.03 2273.68 2240.77 2204.13 2164.98 2123.98 2086.62
2053.28 2089.29 2122.89 2157.43 2092.01 2044.08 2024.54 2050.65 2072.23 2081.75 2083.44 2114.63 2136.44 2010.68 1882.11 1754.04 1929.82 2086.73 2228.77 2231.98 2237.02 2247.07 2245.87 2246.96
2252.07 2245.81 2237.63 2230.71 2176.37 2120.70 2066.12 2105.38 2139.96 2164.64 2043.53 1974.44 1984.07 1986.42 1994.39 2023.93 2004.74 1987.16 1965.82 1969.96 1974.66 1978.88 1891.53 1844.18
