2675.02 2672.67 2673.42 2678.70 2715.09 2752.67 2792.54 2816.16 2837.81 2847.23 2816.45 2781.86 2749.84 2737.48 2728.05 2722.04 2703.56 2688.86 2676.05 2582.40 2481.14 2380.11 2356.91 2312.18
2266.62 2307.15 2349.97 2393.02 2397.09 2401.01 2403.65 2355.76 2322.15 2303.19 2163.46 1946.82 1605.73 1670.46 1739.79 1794.61 1892.38 2042.70 2183.25 2176.44 2164.98 2156.92 2053.62 2020.54
2041.24 2102.63 2159.61 2213.03 2121.13 2133.90 2242.68 2250.88 2243.90 2230.07 2293.88 2378.43 2465.32 2477.18 2490.68 2502.58 2398.79 2283.81 2150.56 2137.20 2147.49 2178.72 2170.25 2157.46
2147.51 2221.77 2293.14 2362.47 2352.81 2346.76 2326.29 2320.62 2296.09 2260.66 2254.66 2246.24 2237.61 2196.95 2163.37 2136.01 2045.44 1933.72 1789.37 1905.12 2031.31 2154.90 2211.92 2268.46
2325.65 2347.25 2367.85 2387.85 2366.48 2346.70 2328.15 2286.94 2243.80 2190.21 2153.21 2120.28 2092.50 2107.20 2125.44 2147.43 2184.62 2231.15 2285.58 2305.24 2325.61 2346.96 2356.16 2370.77
2392.27 2391.99 2393.97 2395.49 2409.31 2423.19 2435.84 2514.89 2584.35 2636.68 2624.53 2609.34 2592.16 2569.29 2551.17 2537.20 2475.14 2407.68 2329.89 2385.67 2444.71 2505.02 2505.32 2522.03
2553.06 2539.41 2527.81 2519.43 2458.67 2401.44 2355.41 2315.31 2270.80 2216.19 2205.20 2197.90 2193.81 2200.46 2212.33 2229.47 2219.63 2214.50 2214.11 2236.01 2264.11 2295.79 2294.73 2294.39
2295.26 2285.45 2275.06 2264.91 2266.31 2269.19 2273.97 2185.20 2096.70 2004.73 1968.85 2030.66 2135.35 2192.22 2296.37 2417.29 2394.20 2359.76 2317.86 2344.04 2373.28 2403.43 2414.06 2424.28
2435.22 2409.24 2382.58 2356.02 2300.89 2238.78 2170.85 2153.33 2139.93 2121.85 2069.77 2086.68 2152.10 2146.64 2168.63 2211.70 2169.90 2125.28 2077.51 2071.30 2079.14 2091.75 2103.29 2110.10
2117.47 2117.60 2118.42 2121.48 2118.37 2124.88 2138.76 2292.48 2421.36 2527.37 2535.87 2544.14 2544.75 2557.52 2579.42 2606.44 2599.35 2593.84 2588.15 2569.47 2553.88 2540.42 2515.58 2492.66
2468.19 2420.12 2369.09 2314.19 2356.80 2399.66 2422.49 2503.66 2558.07 2604.18 2584.55 2565.97 2554.87 2543.23 2532.02 2518.95 2494.73 2472.57 2453.67 2455.85 2473.41 2506.18 2461.15 2417.11
2374.13 2266.80 2240.50 2318.90 2421.99 2544.29 2669.89 2719.51 2766.72 2804.06 2811.50 2824.36 2842.10 2789.11 2737.34 2684.54 2572.72 2444.81 2292.81 2275.28 2300.12 2361.91 2321.36 2278.62
2236.65 2234.11 2231.94 2229.99 2203.63 2184.66 2172.37 2171.78 2169.96 2157.73 2171.69 2183.65 2193.09 2121.30 2053.86 1998.80 2061.79 2123.05 2184.23 2128.01 2072.74 2025.23 2014.71 2012.09
2020.21 1985.95 1950.61 1917.70 1891.54 1867.72 1844.34 1809.89 1827.12 1882.31 1894.49 1925.18 1964.58 1841.88 1706.73 1549.47 1727.58 1911.58 2075.26 2115.90 2162.07 2213.18 2237.05 2261.49
2286.11 2266.07 2247.13 2227.81 2233.36 2232.97 2229.96 2247.14 2256.08 2266.06 2308.60 2343.74 2372.37 2304.95 2238.66 2174.86 2163.67 2167.16 2185.94 2234.71 2280.61 2327.07 2322.94 2324.55
2329.73 2334.82 2341.73 2349.27 2345.05 2341.46 2337.04 2385.18 2429.72 2462.18 2474.56 2483.82 2488.61 2452.47 2420.59 2393.02 2333.12 2270.52 2207.86 2233.97 2259.93 2287.30 2289.54 2299.44
2315.91 2306.28 2304.88 2309.62 2313.71 2326.28 2348.84 2249.54 2145.60 2029.06 2033.99 2078.34 2103.04 1980.21 1823.73 1657.88 1258.16 1681.69 2050.15 2123.47 2197.49 2270.82 2290.36 2319.04
2356.16 2378.73 2404.22 2430.28 2500.39 2570.87 2638.68 2665.55 2689.61 2705.26 2724.13 2738.82 2748.46 2713.67 2691.36 2680.55 2585.77 2476.01 2346.20 2321.81 2312.26 2318.80 2400.24 2529.75
2677.47 2811.64 2962.74 3117.36 3089.87 3060.47 3031.59 3019.84 3010.84 3003.71 3028.27 3048.76 3068.35 3014.60 2964.26 2917.26 2777.67 2612.23 2407.13 2363.14 2323.30 2275.00 2254.66 2248.96
2260.91 2213.83 2177.85 2162.22 1890.58 1454.72 1573.61 1855.06 2064.71 2217.85 2302.87 2369.28 2422.37 2426.42 2446.51 2479.54 2429.61 2373.23 2310.37 2375.76 2440.19 2504.71 2473.42 2452.35
2441.84 2481.14 2523.70 2570.05 2640.33 2714.06 2787.88 2811.66 2832.44 2843.09 2847.37 2846.00 2840.72 2825.74 2815.09 2808.01 2785.86 2763.69 2742.50 2785.49 2828.47 2870.52 2881.94 2893.44
2904.91 2892.34 2880.36 2867.82 2828.62 2793.68 2763.48 2717.40 2669.05 2612.36 2504.52 2410.62 2338.04 2142.05 2201.14 2380.49 2476.54 2636.73 2826.19 2866.90 2908.83 2940.53 2922.79 2904.18
2884.01 2780.58 2663.57 2536.87 2527.84 2521.30 2515.86 2466.26 2419.54 2369.67 2388.99 2399.33 2397.97 2341.33 2274.61 2216.18 2120.22 2024.16 1947.26 1996.91 2159.12 2340.79 2370.00 2397.83
2425.52 2402.20 2378.00 2352.76 2329.43 2304.57 2279.71 2162.50 2030.06 1867.03 1233.70 1716.83 2063.72 2193.17 2314.56 2434.88 2428.40 2421.15 2413.39 2412.20 2410.26 2409.04 2393.06 2375.44
2358.93 2353.16 2351.07 2354.27 2235.89 2237.68 2361.65 2273.04 2196.57 2131.87 2079.66 2056.70 2056.62 1909.55 1741.59 1536.96 1336.34 1513.19 1929.38 2074.37 2203.54 2309.84 2248.64 2186.86
2126.38 2120.32 2123.98 2138.98 2107.51 2078.71 2058.82 1973.61 1877.83 1757.08 1387.61 1652.50 1914.96 1740.74 1582.71 1551.66 1312.61 1129.02 1189.99 1639.65 1960.71 2196.02 2123.09 2042.05
1989.94 1953.56 2031.16 2174.69 2231.02 2293.45 2361.27 2332.42 2307.71 2281.26 2167.26 2077.20 2027.52 2037.92 2055.01 2072.39 2030.40 2065.17 2177.18 2224.89 2281.06 2341.60 2367.21 2392.38
2417.18 2409.45 2401.40 2393.55 2402.90 2424.87 2457.34 2368.23 2307.11 2281.50 2189.59 2583.32 2921.26 2959.78 2999.81 3043.38 3005.97 2964.41 2920.52 2853.93 2779.02 2693.36 2634.21 2570.41
2502.90 2472.98 2440.21 2410.26 2320.31 2254.53 2239.13 2168.51 2164.35 2214.31 2217.13 2245.27 2294.88 2314.01 2335.49 2356.61 2351.21 2353.71 2364.88 2367.03 2368.11 2371.36 2357.55 2343.50
2329.66 2243.59 2178.28 2154.66 2120.35 2110.57 2125.54 2131.23 2133.27 2130.27 2215.83 2287.69 2347.39 2432.75 2516.44 2597.18 2525.10 2448.73 2369.96 2405.44 2441.84 2479.23 2454.35 2427.90
2401.91 2397.73 2395.80 2393.75 2452.34 2507.93 2561.23 2610.23 2653.84 2686.30 2665.27 2641.09 2614.24 2519.78 2427.97 2337.76 2275.43 2208.10 2140.00 2195.31 2261.78 2335.92 2346.07 2358.54
2372.75 2340.37 2307.71 2274.51 2258.90 2248.15 2242.25 2238.99 2233.32 2219.85 2235.95 2249.06 2258.96 2237.01 2230.28 2241.37 2208.74 2178.17 2151.24 2177.80 2202.35 2226.63 2250.00 2276.36
2303.74 2285.35 2266.67 2247.39 2260.48 2273.51 2287.16 2284.00 2282.05 2274.27 2292.74 2317.03 2339.08 2303.45 2271.35 2244.47 2188.82 2135.79 2082.42 2158.67 2234.20 2310.60 2376.30 2419.59
2462.12 2444.13 2427.30 2411.02 2413.80 2419.05 2428.30 2444.11 2458.71 2466.17 2471.59 2474.90 2476.93 2462.68 2446.61 2437.48 2408.59 2379.33 2352.49 2364.34 2374.63 2386.02 2376.06 2360.56
2344.75 2336.27 2328.90 2320.74 2309.70 2299.92 2290.83 2288.36 2281.34 2263.67 2226.86 2190.81 2156.22 2105.35 2067.80 2046.15 2028.41 2014.28 2006.68 2063.92 2123.11 2184.78 2195.50 2207.04
2220.42 2220.30 2229.66 2249.14 2269.34 2290.94 2313.33 2338.94 2360.64 2373.06 2352.60 2335.54 2328.16 2321.30 2321.92 2332.41 2238.72 2129.31 2000.97 2021.06 2041.36 2062.66 2096.64 2130.75
2162.49 2135.21 2108.82 2071.64 2091.33 2115.52 2160.45 2159.70 2159.06 2155.99 2192.48 2254.37 2322.94 2390.40 2456.55 2522.57 2468.98 2411.21 2351.65 2346.52 2343.46 2342.18 2383.44 2426.10
2470.13 2461.81 2487.23 2543.35 2599.86 2679.46 2776.56 2706.45 2636.47 2574.71 2548.58 2524.38 2497.27 2450.34 2425.55 2426.94 2362.39 2263.93 2184.39 2298.78 2445.10 2603.12 2645.60 2675.21
2656.81 2684.65 2713.91 2745.61 2667.99 2583.50 2489.83 2509.84 2527.89 2543.41 2437.34 2323.81 2204.05 2267.67 2336.09 2405.92 2386.65 2369.62 2360.18 2295.34 2228.93 2163.41 2203.00 2242.30
2280.77 2287.81 2296.61 2307.94 2307.75 2309.38 2309.74 2332.83 2354.31 2377.06 2435.49 2493.81 2551.76 2495.56 2438.08 2376.35 2378.67 2383.71 2392.10 2348.72 2316.28 2299.41 2369.28 2435.58
2499.12 2458.47 2417.45 2374.25 2324.86 2296.80 2295.73 2329.48 2357.65 2380.17 2285.94 2228.77 2216.87 2079.62 2000.38 2012.28 2083.57 2149.36 2212.64 2227.86 2239.97 2255.12 2306.58 2356.88
2404.81 2425.33 2446.52 2467.73 2431.11 2420.58 2439.45 2513.38 2578.26 2636.17 2614.88 2611.83 2617.71 2589.16 2555.44 2519.91 2529.29 2560.45 2611.51 2514.48 2412.38 2317.33 2323.78 2527.66
2765.57 2720.36 2689.31 2681.98 2594.24 2492.44 2372.44 2327.66 2279.21 2227.88 2194.06 2148.76 2091.43 1951.86 1795.05 1611.13 1185.02 1362.50 1766.02 1998.48 2185.37 2347.31 2362.38 2387.33
2424.34 2427.28 2431.82 2439.77 2437.07 2437.26 2441.82 2549.57 2636.21 2704.42 2712.59 2715.09 2713.29 2705.24 2699.27 2697.78 2690.74 2684.22 2683.51 2698.64 2712.20 2726.24 2752.44 2783.11
2817.46 2798.92 2780.28 2762.71 2762.83 2766.18 2772.72 2750.46 2723.43 2688.89 2615.18 2544.04 2476.99 2416.82 2360.67 2310.04 2249.08 2179.07 2102.25 2118.14 2160.08 2225.35 2233.61 2243.80
2256.69 2253.93 2253.60 2258.55 2202.13 2190.64 2228.35 2260.82 2303.98 2348.05 2384.95 2412.97 2432.64 2409.20 2415.97 2450.84 2286.29 2096.54 1944.93 1913.93 1865.03 1860.46 1817.74 1785.13
1774.74 1986.66 2172.33 2339.66 2326.54 2313.32 2297.59 2230.08 2167.85 2083.93 1945.95 1994.09 2127.24 2129.30 2142.01 2161.95 2150.29 2146.89 2157.79 2234.05 2325.86 2426.81 2400.49 2392.24
2407.14 2340.56 2292.23 2280.50 2246.43 2232.22 2243.80 2264.45 2301.49 2346.47 2406.90 2453.27 2495.02 2382.42 2296.64 2260.09 2293.11 2347.36 2395.25 2373.11 2349.40 2329.21 2349.75 2370.32
2392.96 2434.70 2475.41 2516.12 2519.40 2533.13 2556.24 2650.48 2730.27 2796.81 2736.76 2685.05 2642.18 2615.82 2599.39 2595.57 2624.32 2653.56 2686.23 2641.56 2596.71 2556.62 2542.29 2528.56
2511.75 2525.29 2540.48 2554.49 2538.36 2540.24 2557.74 2529.68 2497.52 2464.37 2412.18 2366.92 2325.86 2280.78 2251.92 2234.23 2100.59 1916.20 1652.30 1710.32 1782.09 1804.09 1755.64 1703.48
1735.70 1307.17 1398.65 1836.39 1860.97 2020.52 2199.58 2338.20 2462.46 2567.48 2451.98 2343.32 2251.01 2200.41 2160.45 2135.69 2028.78 1942.61 1924.09 2065.18 2194.72 2316.10 2332.92 2349.38
2365.48 2360.03 2353.89 2347.16 2349.77 2358.48 2373.06 2465.30 2543.46 2610.51 2622.51 2637.75 2657.14 2660.04 2652.06 2642.33 2590.70 2541.66 2502.68 2487.18 2440.29 2390.54 2434.41 2484.52
2537.80 2496.38 2454.37 2414.68 2306.54 2212.24 2157.20 1970.17 1728.99 1457.20 1786.23 2006.68 2166.92 2209.97 2252.78 2292.93 2311.41 2332.00 2362.59 2317.31 2267.93 2218.75 2297.72 2373.49
2444.74 2500.65 2608.55 2736.68 2687.70 2767.51 2926.46 2943.94 2955.15 2963.35 2960.02 2957.59 2957.46 2936.09 2919.96 2910.16 2856.60 2806.94 2768.89 2625.01 2458.67 2303.55 2243.35 2211.77
2220.81 2181.11 2203.39 2235.97 2226.71 2220.00 2212.03 2143.05 2061.23 1971.98 2072.04 2195.05 2309.23 2267.60 2256.52 2277.47 2310.35 2351.87 2406.52 2394.99 2377.35 2356.64 2347.33 2341.99
2341.78 2333.59 2324.39 2313.14 2297.86 2282.79 2268.89 2351.86 2422.76 2483.79 2558.76 2619.88 2668.41 2648.52 2630.97 2618.32 2562.67 2501.93 2442.86 2445.73 2444.31 2444.06 2429.20 2420.35
2418.12 2436.55 2455.53 2474.80 2457.57 2439.23 2421.21 2445.83 2460.29 2469.15 2414.36 2375.09 2354.84 2252.30 2174.06 2117.98 2130.08 2144.67 2168.63 2201.02 2227.99 2256.24 2272.25 2286.48
2307.23 2310.32 2315.27 2320.28 2265.48 2223.57 2202.42 2126.86 2041.33 1952.73 1836.69 1749.73 1706.16 1530.21 1316.42 1108.00 1041.77 1147.36 1304.12 1536.18 1924.02 2206.86 2262.46 2318.67
2376.05 2378.24 2386.30 2403.78 2442.07 2488.37 2542.54 2491.70 2428.31 2362.02 2180.12 1973.85 1726.49 1756.82 1915.84 2061.15 2118.12 2173.67 2235.69 2205.87 2169.16 2139.10 2160.66 2190.68
2226.67 2200.12 2173.74 2146.15 2112.68 2079.36 2043.62 1935.41 1830.06 1746.43 1699.44 1813.82 1936.12 1676.48 1382.31 1461.52 1434.81 1404.10 1446.75 1645.34 1867.91 2063.71 2126.94 2199.08
2279.50 2350.18 2396.09 2436.07 2404.42 2371.17 2337.75 2269.52 2191.76 2096.65 1898.90 1738.44 1703.08 1577.56 1412.70 1582.61 1966.57 2240.35 2443.28 2439.81 2443.62 2463.13 2403.81 2324.86
2230.28 2301.55 2405.01 2524.85 2572.53 2622.02 2673.59 2752.87 2815.62 2857.39 2892.10 2926.73 2959.02 2953.99 2953.43 2957.70 2971.64 2986.88 3004.09 2961.60 2912.92 2862.35 2877.84 2893.03
2908.35 2918.67 2928.39 2938.47 2929.41 2921.31 2914.51 2867.13 2818.24 2771.55 2748.12 2726.13 2697.05 2681.35 2668.71 2667.84 2633.25 2601.70 2574.70 2484.13 2366.85 2228.69 2232.19 2235.40
2238.32 2206.97 2181.57 2163.51 2074.96 2020.91 2022.56 2021.39 2012.77 1982.61 2092.15 2188.86 2268.53 2180.02 2172.03 2243.48 2275.63 2330.51 2405.41 2355.15 2312.72 2284.76 2201.44 2171.72
2213.64 2224.76 2237.30 2249.38 2251.63 2262.18 2283.60 2372.30 2438.22 2491.15 2571.96 2640.86 2702.14 2680.20 2661.42 2649.49 2666.09 2681.72 2700.48 2654.85 2602.40 2552.19 2591.52 2634.51
2681.66 2653.52 2624.98 2594.38 2565.98 2536.55 2508.66 2563.64 2603.95 2637.55 2550.73 2461.71 2375.32 2318.96 2277.03 2250.96 2252.49 2260.53 2275.06 2354.02 2426.14 2500.16 2532.55 2573.58
2621.88 2627.16 2632.17 2638.02 2570.19 2500.05 2425.16 2374.68 2312.62 2247.34 2185.50 2124.15 2066.87 2072.32 2100.03 2144.86 2144.16 2148.59 2158.68 2181.60 2200.25 2220.78 2266.18 2318.76
2375.38 2310.09 2238.56 2157.60 2297.84 2454.46 2609.50 2661.59 2717.85 2779.92 2727.86 2673.87 2622.46 2537.67 2453.31 2370.46 2244.37 2092.42 1903.63 1898.27 1967.49 2097.05 2108.44 2139.13
2181.30 2187.02 2193.77 2198.28 2084.67 1978.38 1906.87 1936.42 2075.73 2300.14 2437.04 2559.67 2655.16 2604.87 2554.03 2497.70 2509.79 2534.33 2570.19 2489.21 2390.20 2273.39 2236.56 2201.47
2169.01 2196.38 2222.65 2250.70 2220.97 2191.23 2112.04 2225.39 2292.05 2342.72 2267.05 2201.92 2150.95 2190.86 2235.28 2286.06 2303.82 2324.98 2349.47 2293.73 2232.53 2173.11 2151.67 2149.52
2171.00 2183.72 2196.46 2209.95 2213.03 2229.52 2257.64 2299.21 2326.48 2349.00 2397.19 2454.17 2511.53 2571.51 2627.69 2682.55 2694.98 2708.91 2725.70 2816.29 2900.87 2985.27 2957.26 2932.94
2911.13 2793.54 2679.88 2585.98 2601.38 2730.98 2915.74 2868.74 2828.98 2812.10 2863.88 2912.23 2958.24 2944.21 2933.51 2928.31 2880.52 2831.62 2784.93 2751.31 2709.19 2662.79 2726.13 2794.57
2866.16 2823.36 2776.81 2726.68 2674.14 2619.96 2565.50 2528.51 2487.95 2453.26 2438.47 2461.13 2510.86 2423.56 2311.52 2197.71 2175.59 2182.07 2218.39 2233.45 2242.46 2252.32 2269.61 2286.53
2304.00 2406.96 2507.29 2606.39 2536.12 2458.73 2372.74 2419.64 2451.21 2477.96 2460.25 2444.01 2431.33 2357.22 2284.42 2215.07 2200.35 2189.37 2183.18 2174.40 2162.93 2158.44 2157.82 2157.92
2159.47 2148.39 2150.86 2170.27 2206.98 2242.78 2279.05 2128.87 1966.24 1817.77 1882.08 1939.05 1987.91 1975.42 1967.05 1966.02 1976.04 1990.72 2012.62 2028.30 2036.05 2043.09 2016.33 1991.60
1970.33 1837.53 1686.15 1515.02 1629.25 1728.18 1821.48 1723.54 1625.65 1556.84 1744.17 1883.82 1995.69 1918.26 1841.97 1770.11 1927.05 2064.05 2188.23 2209.94 2219.62 2224.44 2239.43 2253.51
2266.40 2226.13 2186.36 2151.22 2015.05 1855.06 1675.36 1517.80 1355.02 1326.49 1376.85 1499.49 1612.72 1785.80 1934.93 2066.94 2142.87 2216.17 2289.87 2276.83 2264.03 2262.11 2261.53 2268.29
2286.79 2277.87 2269.21 2263.25 2255.57 2251.23 2250.37 2245.65 2230.96 2211.86 2293.58 2362.95 2421.52 2382.47 2354.31 2336.51 2379.94 2425.87 2474.02 2405.65 2319.79 2218.87 2252.84 2289.60
2331.11 2295.98 2265.06 2243.68 2200.81 2156.22 2108.73 1867.94 1535.24 1244.36 1155.17 1436.26 1618.39 1703.63 1890.60 2077.75 2031.59 1985.05 1953.61 2001.81 2042.71 2084.38 2011.48 2005.45
2076.82 1940.41 1794.34 1685.76 1621.21 1600.32 1565.65 1603.02 1644.57 1685.61 1655.57 1588.61 1565.99 1547.26 1545.12 1561.99 1611.47 1677.74 1754.16 1899.02 2031.86 2160.32 2168.69 2181.01
2191.53 2178.90 2164.94 2149.20 2132.58 2125.84 2129.36 2128.17 2119.17 2104.89 2264.21 2386.89 2485.41 2488.97 2495.90 2505.26 2542.70 2584.38 2631.49 2622.88 2604.14 2582.62 2560.01 2549.38
2553.20 2520.43 2487.76 2457.61 2448.86 2442.40 2437.60 2443.43 2446.60 2447.66 2319.04 2211.61 2136.20 2130.23 2127.43 2131.38 2086.94 2046.32 2016.08 2019.38 2025.03 2047.44 2088.69 2137.97
2191.14 2198.82 2210.08 2223.26 2221.07 2223.46 2229.36 2280.56 2319.50 2350.42 2263.32 2187.50 2123.85 2068.55 2015.76 1970.51 1948.09 1926.10 1907.15 1817.24 1697.19 1556.80 1261.76 1179.28
1538.33 1525.65 1833.84 2140.16 2197.97 2244.43 2274.66 2349.42 2406.74 2453.78 2407.75 2366.65 2330.83 2335.03 2343.31 2356.15 2335.48 2321.83 2319.63 2287.69 2239.22 2180.45 2185.94 2191.69
2200.59 2207.63 2219.39 2238.34 2219.53 2207.51 2204.89 2151.54 2091.53 2025.82 2033.89 2046.01 2060.93 2105.40 2152.69 2203.24 2270.73 2338.94 2409.33 2400.01 2380.39 2361.09 2378.54 2404.23
2437.31 2410.41 2382.45 2352.80 2337.51 2321.09 2303.10 2396.87 2470.64 2528.67 2527.72 2524.55 2515.69 2507.79 2503.94 2502.94 2521.90 2543.53 2569.52 2567.60 2556.77 2544.08 2557.19 2571.84
2587.32 2558.28 2528.82 2499.13 2498.97 2498.96 2498.70 2521.46 2536.47 2546.99 2510.86 2474.93 2439.81 2390.51 2344.48 2293.40 2320.93 2351.60 2386.04 2398.03 2399.23 2399.58 2436.71 2475.03
2515.14 2501.39 2488.25 2476.70 2453.00 2428.62 2405.48 2480.02 2537.43 2585.79 2494.69 2401.11 2305.06 2178.78 2050.09 1918.72 1919.39 1916.65 1927.22 2046.42 2199.44 2364.36 2422.14 2487.97
2565.97 2511.79 2468.49 2443.36 1982.81 2156.73 2629.77 2779.79 2923.78 3041.09 3030.29 3020.17 3014.77 2993.26 2973.83 2958.02 2931.24 2906.32 2882.51 2821.25 2744.38 2659.95 2555.06 2435.62
2297.92 2366.33 2440.94 2518.07 2507.96 2499.39 2495.04 2500.79 2499.75 2497.72 2465.49 2433.93 2405.22 2425.22 2449.93 2486.31 2502.70 2527.89 2563.12 2471.79 2355.10 2201.49 2148.83 2093.74
2035.69 2044.72 2028.72 2011.14 1947.48 1879.46 1805.24 1642.97 1516.04 1531.93 1729.30 1881.65 1978.07 1860.30 1732.47 1591.83 1681.15 1809.52 1943.39 2022.21 2091.75 2161.84 2256.10 2344.75
2389.13 2450.39 2512.14 2571.81 2547.07 2526.28 2509.94 2516.63 2514.82 2508.57 2467.27 2431.25 2405.08 2376.25 2357.47 2362.24 2411.41 2445.78 2484.79 2490.85 2485.91 2479.05 2497.25 2524.69
2560.90 2570.04 2579.36 2587.80 2530.97 2471.19 2405.90 2482.20 2542.78 2588.07 2592.87 2599.46 2597.59 2536.26 2480.36 2429.58 2415.26 2405.30 2401.05 2440.69 2471.47 2501.76 2531.91 2573.07
2624.13 2586.02 2546.32 2505.57 2426.50 2356.09 2305.32 2258.24 2229.41 2218.37 2169.30 2148.73 2154.46 2086.21 2030.41 1991.46 1910.87 1837.77 1797.27 1723.64 1672.44 1757.77 1806.13 1885.96
1982.15 2055.15 2125.17 2178.25 2165.56 2152.22 2141.06 2039.34 1926.44 1804.55 1917.53 2004.38 2075.54 2106.29 2145.38 2186.65 2213.12 2241.06 2270.74 2296.31 2310.48 2323.41 2366.37 2414.35
2465.81 2416.12 2359.29 2296.87 2063.22 1736.88 1209.38 1413.82 1608.21 1735.20 1661.10 1776.69 1923.87 1796.75 1657.18 1496.44 1569.94 1662.42 1809.20 1917.95 2040.37 2171.07 2169.06 2175.46
2190.70 2169.51 2149.00 2129.30 2095.18 2085.94 2104.94 2049.88 1989.30 1928.15 1726.68 1474.42 1331.88 1438.78 1613.33 1769.18 1823.42 1864.03 1908.33 1745.01 1411.95 1069.35 1192.92 1323.51
1436.65 1100.17 1688.02 1886.95 1923.17 1994.82 2086.59 1991.75 1893.69 1770.01 1726.14 1731.21 1768.94 1775.84 1788.68 1806.83 1652.45 1443.53 1152.60 1468.49 1741.35 1955.73 2019.29 2096.28
2181.78 2182.22 2181.54 2180.66 2200.69 2219.48 2242.66 2246.45 2239.95 2230.02 2226.29 2209.08 2192.48 2173.34 2159.44 2150.32 2131.52 2114.07 2101.50 2213.76 2314.66 2408.89 2444.43 2490.17
2544.41 2515.58 2486.79 2458.19 2429.39 2401.40 2375.80 2392.34 2398.69 2398.34 2371.90 2341.69 2308.52 2332.66 2358.73 2381.66 2347.35 2310.24 2270.58 2265.63 2238.91 2201.37 2169.18 2202.41
2297.19 2302.16 2312.96 2335.56 2340.84 2348.42 2358.04 2336.43 2309.80 2280.31 2352.63 2425.55 2495.56 2456.07 2430.56 2418.60 2303.05 2172.72 2024.92 1651.06 1634.44 1588.29 1766.84 2045.68
2282.31 2297.82 2319.16 2346.14 2339.94 2343.70 2350.13 2294.37 2237.99 2189.78 2248.82 2295.82 2335.08 2334.39 2345.26 2366.62 2464.55 2574.04 2689.72 2641.45 2535.03 2421.34 2490.41 2574.77
2664.67 2647.34 2625.77 2604.04 2667.25 2713.09 2763.46 2666.25 2564.53 2486.28 2619.87 2738.40 2829.66 2794.66 2758.28 2725.31 2836.48 2923.98 2999.75 2976.62 2948.02 2918.43 2813.01 2696.71
2568.20 2472.66 2372.66 2274.29 2242.47 2242.59 2277.84 2176.06 2062.98 1942.77 1910.51 1917.49 1950.38 2053.47 2149.57 2236.43 2257.87 2285.59 2322.01 2317.26 2306.49 2303.82 2369.34 2431.20
2491.38 2487.92 2486.81 2486.97 2496.83 2510.24 2528.78 2563.20 2587.84 2603.36 2563.07 2526.10 2491.16 2458.22 2432.62 2412.43 2406.12 2403.85 2408.02 2426.78 2434.45 2440.49 2488.57 2538.33
2589.15 2580.50 2571.66 2561.63 2568.44 2575.00 2579.89 2567.36 2552.28 2536.65 2546.52 2553.89 2560.37 2525.82 2495.67 2470.89 2459.58 2450.31 2442.87 2481.97 2511.61 2541.90 2524.57 2520.82
2532.49 2521.51 2512.06 2502.31 2510.20 2518.23 2527.07 2531.87 2536.76 2540.25 2411.06 2318.78 2274.46 2202.37 2132.91 2065.16 2078.43 2092.92 2112.80 2114.93 2119.98 2126.35 2138.27 2151.40
2165.55 2182.49 2204.04 2218.14 2188.47 2377.33 2627.34 2743.23 2847.30 2936.78 2852.66 2769.55 2682.37 2691.15 2700.72 2713.98 2643.33 2574.22 2507.26 2394.07 2234.68 2018.15 2077.67 2135.90
2191.79 2230.62 2267.73 2306.28 2316.16 2330.61 2349.61 2391.73 2416.65 2431.30 2420.65 2397.39 2375.78 2312.09 2252.97 2199.50 2111.71 2012.12 1900.50 1723.29 1563.14 1691.71 1865.75 2077.45
2273.82 2279.55 2285.95 2293.83 2274.91 2254.58 2233.94 2208.87 2179.98 2144.33 2194.43 2232.25 2261.33 2283.91 2308.17 2334.83 2358.62 2383.65 2412.28 2411.93 2397.30 2377.79 2417.29 2458.33
2500.52 2498.61 2496.70 2496.89 2490.65 2485.41 2478.81 2504.63 2523.30 2531.47 2492.55 2452.38 2407.84 2326.77 2247.75 2172.36 2174.94 2186.58 2212.01 2293.62 2345.86 2394.40 2408.61 2425.30
2446.72 2436.89 2427.03 2416.00 2381.24 2346.49 2313.04 2321.18 2326.07 2327.64 2196.75 2068.75 1952.29 1954.43 1965.20 1985.23 2035.18 2093.87 2158.58 2197.06 2227.72 2258.88 2303.61 2353.16
2407.54 2271.36 2102.40 1885.46 1724.36 1533.01 1331.64 1660.46 1922.58 2096.13 1972.76 1843.66 1704.05 1679.50 1790.56 1943.14 1954.35 1987.90 2042.66 2137.58 2231.43 2325.05 2427.72 2532.74
2636.83 2494.14 2331.34 2142.87 1949.35 1711.01 1522.81 1646.81 1770.28 1880.74 1666.18 1379.11 1199.97 1163.29 1373.85 1654.38 1586.17 1516.00 1447.39 1571.60 1682.52 1788.86 1819.13 1868.48
1929.95 2006.18 2078.53 2144.27 2163.86 2178.66 2193.92 2162.87 2149.72 2143.67 2014.27 1998.77 2070.90 2097.25 2137.55 2188.09 2136.22 2082.54 2029.69 2001.35 1956.56 1913.78 1836.65 1746.32
1639.98 1867.65 2049.91 2194.61 2174.27 2176.44 2201.58 2186.84 2172.95 2157.73 2101.77 2094.83 2127.75 2148.66 2175.90 2206.61 2218.70 2232.09 2252.74 2264.59 2278.49 2302.07 2332.15 2366.82
2405.13 2412.06 2422.29 2435.16 2425.60 2424.75 2433.13 2476.89 2510.97 2534.81 2503.15 2472.48 2438.14 2346.23 2255.98 2168.11 2091.08 2012.41 1937.37 1869.32 1929.32 2100.45 2137.00 2183.35
2245.32 2214.60 2185.17 2161.98 2151.93 2142.46 2133.25 2142.20 2147.30 2143.15 2208.02 2265.31 2312.81 2360.06 2405.33 2450.78 2459.97 2471.10 2485.84 2500.70 2504.30 2503.13 2550.05 2602.24
2658.17 2628.40 2596.37 2561.67 2530.67 2497.13 2462.92 2439.81 2414.86 2387.71 2319.89 2254.45 2205.23 2193.62 2212.36 2256.25 2241.56 2230.08 2219.51 2191.40 2147.92 2094.50 2144.86 2201.11
2260.25 2247.53 2234.32 2223.12 2215.95 2211.47 2204.71 2304.06 2385.33 2449.35 2446.92 2444.70 2453.38 2401.80 2343.89 2300.76 2273.90 2247.49 2222.94 2236.51 2252.34 2275.42 2279.75 2284.35
2291.34 2213.14 2131.86 2058.71 2055.85 2057.79 2064.39 2003.83 1943.83 1875.40 1557.77 1025.40 1315.96 1458.53 1678.22 1865.40 1959.11 2051.39 2143.85 2161.07 2175.03 2190.78 2159.67 2127.50
2093.92 2239.09 2358.64 2464.66 2419.68 2411.24 2440.18 2294.54 2141.60 1994.00 2018.65 2030.90 2077.38 2158.36 2241.00 2305.77 2349.15 2396.42 2449.33 2399.32 2330.02 2244.22 2203.94 2168.01
2142.54 2145.84 2151.93 2158.03 2190.13 2222.46 2256.36 2196.29 2137.27 2079.30 2102.80 2133.10 2167.72 2060.60 1972.76 1874.77 1971.74 2088.93 2213.51 2135.59 2032.72 1898.89 1916.66 1981.86
1987.17 1972.21 1959.02 1949.93 1939.80 1973.99 2039.28 2074.48 2103.04 2121.90 2062.14 2020.00 1999.55 2028.96 2073.96 2126.26 2129.83 2147.26 2179.28 2158.92 2127.60 2093.51 2098.11 2118.54
2154.70 2150.80 2147.59 2144.27 2160.34 2176.06 2189.86 2217.09 2247.86 2270.42 2301.41 2336.24 2370.80 2332.75 2300.78 2271.47 2292.59 2324.48 2367.82 2375.41 2371.52 2359.85 2422.55 2487.19
2552.81 2555.97 2559.56 2565.38 2489.70 2404.44 2307.03 2306.87 2306.06 2299.00 2253.10 2208.51 2166.12 2179.44 2202.41 2230.24 2284.31 2339.30 2397.63 2381.72 2351.97 2312.38 2306.16 2302.25
2301.99 2264.16 2224.12 2182.04 2153.63 2126.74 2098.82 2153.97 2214.76 2265.71 2250.18 2237.64 2227.11 2213.73 2212.96 2222.37 2291.69 2360.96 2431.16 2507.11 2577.87 2649.89 2651.00 2669.01
2701.98 2667.53 2630.84 2592.34 2488.90 2376.52 2230.05 2294.01 2354.84 2396.04 2298.48 2207.04 2121.63 2081.73 2066.12 2071.49 2063.08 2056.85 2052.74 2097.43 2146.44 2198.07 2203.73 2200.60
2198.13 1963.01 1648.69 1567.59 1704.42 2087.57 2449.59 2519.34 2582.33 2636.03 2633.55 2632.92 2638.62 2639.95 2640.47 2646.62 2632.15 2619.65 2612.18 2581.26 2539.33 2490.04 2527.24 2570.57
2618.26 2629.12 2640.04 2650.79 2619.77 2587.38 2550.58 2527.85 2507.51 2488.62 2454.22 2429.74 2417.91 2361.79 2339.17 2353.75 2359.28 2370.85 2387.85 2381.62 2403.48 2416.95 2333.70 2244.60
2151.87 2145.34 2138.55 2112.38 1980.44 1799.57 1587.26 1836.78 2015.99 2142.93 2080.92 2026.47 1966.28 1937.52 1933.22 1953.87 2002.05 2096.39 2213.69 2180.07 2131.28 2080.06 2045.80 2010.98
1974.76 1934.80 1896.11 1861.94 1749.41 1588.70 1588.88 1462.41 1376.65 1324.63 1023.09 1279.81 1487.32 1661.80 1803.30 1923.36 1909.35 1919.18 1953.81 1990.94 2029.51 2074.52 2065.66 2082.72
2125.89 2136.47 2147.26 2159.26 2155.35 2150.81 2143.47 2090.93 2036.46 1979.63 1945.44 1922.10 1909.13 1924.59 1981.12 2060.24 2119.06 2178.52 2241.28 2217.16 2185.46 2152.76 2154.98 2159.79
2168.77 2137.72 2104.84 2068.92 2028.80 1996.08 1970.73 1884.11 1808.59 1739.38 1741.53 1744.28 1747.04 1588.10 1593.94 1754.42 1878.94 1993.46 2097.09 2090.20 2085.79 2094.41 2092.28 2094.38
2107.06 2105.22 2104.59 2105.76 2092.55 2082.05 2067.89 1965.20 1869.77 1782.94 1640.61 1515.82 1452.76 1412.21 1409.23 1443.35 1622.42 1802.72 1966.07 2017.77 2068.62 2120.51 2124.69 2132.51
2142.95 2163.30 2182.98 2204.44 2180.61 2156.61 2128.13 2161.36 2187.48 2202.52 2142.10 2084.34 2031.07 1986.54 1953.96 1930.42 2001.15 2073.05 2151.77 2204.05 2234.06 2259.33 2288.32 2325.92
2370.23 2405.84 2443.94 2485.34 2487.14 2489.54 2488.73 2508.56 2524.38 2528.73 2504.72 2479.68 2455.18 2402.68 2356.17 2301.99 2291.89 2283.35 2278.12 2303.10 2337.62 2381.01 2440.13 2500.41
2560.65 2557.78 2554.73 2550.15 2491.42 2433.38 2376.07 2426.62 2472.59 2503.45 2400.12 2300.11 2198.19 2185.64 2183.18 2188.43 2202.77 2223.40 2250.94 2225.43 2181.21 2118.60 2080.42 2039.21
1994.15 1961.58 1926.01 1860.56 1754.48 1630.23 1474.98 1061.20 1371.67 1592.33 1707.78 1804.40 1887.02 1893.39 1916.13 1947.01 2062.43 2171.42 2276.84 2289.51 2274.39 2254.67 2287.86 2321.13
2348.09 2328.15 2308.24 2289.36 2277.19 2268.27 2256.88 2328.98 2402.27 2463.21 2496.92 2531.99 2566.15 2545.68 2529.34 2515.22 2543.13 2572.67 2595.76 2575.87 2545.51 2500.15 2563.16 2623.16
2685.78 2519.05 2395.61 2349.49 2386.24 2425.59 2470.65 2524.33 2574.02 2617.96 2596.21 2576.46 2560.77 2569.85 2585.99 2605.13 2555.52 2507.06 2459.41 2390.70 2312.40 2242.50 2260.12 2280.50
2304.35 2307.48 2309.83 2311.38 2287.15 2263.60 2231.48 2204.65 2174.81 2134.73 2127.21 2124.95 2127.34 2076.33 2040.60 2020.46 2073.07 2137.92 2212.07 2213.95 2207.60 2195.74 2239.24 2285.36
2333.20 2385.91 2440.14 2496.43 2521.42 2547.37 2568.75 2554.59 2540.84 2522.68 2494.36 2466.07 2437.68 2436.94 2449.88 2471.91 2508.94 2547.70 2589.85 2616.56 2636.56 2653.39 2678.15 2706.57
2739.88 2723.20 2707.61 2692.30 2624.76 2551.32 2467.68 2455.18 2441.05 2421.94 2406.28 2393.24 2381.31 2389.40 2411.76 2444.12 2462.52 2486.52 2516.67 2507.73 2484.68 2452.17 2459.58 2468.90
2481.09 2450.29 2417.74 2383.70 2363.87 2345.06 2323.67 2395.55 2453.36 2495.46 2474.26 2456.99 2441.48 2414.82 2397.71 2388.25 2428.22 2473.25 2525.37 2497.57 2456.01 2400.68 2429.62 2459.51
2492.02 2467.17 2440.53 2414.09 2436.25 2459.25 2477.52 2462.97 2447.95 2429.59 2430.15 2429.33 2451.96 2425.70 2408.01 2390.57 2399.13 2412.32 2425.68 2437.34 2441.42 2438.58 2475.71 2518.53
2567.92 2558.99 2549.96 2542.33 2521.16 2499.84 2472.61 2438.97 2412.99 2389.80 2349.20 2309.39 2269.41 2250.31 2239.97 2233.72 2273.95 2321.58 2376.77 2379.61 2374.14 2361.67 2419.62 2478.13
2537.04 2518.09 2498.96 2480.75 2456.76 2431.91 2404.06 2415.56 2429.15 2447.01 2362.40 2285.90 2215.47 2128.07 2035.90 1925.48 1905.78 1906.67 1921.16 1927.39 1934.58 1945.36 2035.84 2096.32
2148.97 2213.10 2275.72 2335.75 2207.48 2061.94 1899.31 1951.48 2002.13 2049.52 1861.88 1637.49 1376.52 917.99 1273.26 1606.38 1765.99 1915.13 2054.06 2095.44 2134.25 2172.37 2150.03 2126.04
2101.26 2081.43 2067.05 2058.14 2039.88 2025.36 2010.07 2015.18 2017.35 2010.76 1968.91 1928.31 1872.93 1947.77 2021.51 2103.93 2164.03 2231.97 2307.29 2243.15 2158.71 2050.49 2053.68 2059.66
2067.66 1992.72 1923.04 1866.76 1992.37 2101.60 2193.04 2121.74 2046.48 1960.35 1902.76 1883.88 1880.85 1874.25 1873.94 1874.41 1926.56 1979.67 2031.34 2042.15 2044.96 2038.61 2035.49 2039.94
2051.42 2054.19 2057.68 2062.74 2032.41 2001.95 1962.57 1897.72 1833.01 1764.84 1798.00 1842.22 1889.00 1836.38 1801.35 1786.92 1890.20 1996.03 2098.23 2089.56 2068.99 2032.18 2161.55 2276.12
2378.13 2311.60 2249.65 2194.00 2084.77 1963.11 1823.17 1780.00 1745.76 1713.88 1696.27 1692.76 1700.39 1701.81 1779.01 1875.52 1936.20 2003.93 2072.01 2067.36 2051.12 2021.65 2016.56 2011.07
2003.72 1963.87 1925.83 1891.42 1998.79 2109.13 2210.52 2162.10 2113.72 2056.55 2005.62 1958.61 1914.49 1892.84 1893.03 1911.94 1887.22 1863.97 1838.68 1901.98 1969.73 2036.89 2031.44 2027.22
2020.03 2075.66 2144.06 2219.00 2206.26 2199.40 2197.96 2204.42 2219.36 2219.40 2127.67 2036.75 1953.17 1938.43 1951.66 2002.71 2027.49 2055.26 2082.23 2083.58 2076.91 2058.76 2023.94 1994.71
1975.45 2005.12 2034.94 2065.95 2035.72 2004.48 1967.26 1878.37 1782.95 1662.88 1551.45 1453.57 1391.19 1573.40 1725.37 1872.62 1938.20 2003.88 2067.26 2053.23 2031.94 1997.78 1933.95 1864.59
1787.04 1823.09 1871.62 1933.94 1858.63 1773.27 1666.84 1305.02 1087.22 1451.14 1510.55 1560.45 1604.92 1740.49 1857.43 1971.75 2000.97 2032.61 2065.09 2071.00 2068.00 2059.51 2044.37 2035.61
2034.34 2008.12 1989.18 2021.64 2041.68 2054.67 2051.61 2022.00 2013.04 2030.75 2001.76 1973.05 1945.01 1895.48 1874.48 1881.32 1840.72 1806.64 1776.09 1789.06 1832.79 1903.59 1923.17 1962.55
2019.50 1981.23 1966.79 1981.80 1925.77 1891.57 1880.83 1777.95 1670.86 1549.82 1442.67 1330.09 1213.04 1296.74 1397.58 1494.74 1645.60 1771.18 1880.96 1951.87 2012.55 2061.37 2094.62 2133.63
2176.84 2182.85 2188.19 2192.81 2196.18 2199.69 2197.26 2160.66 2139.78 2126.56 1870.93 1574.39 1340.30 1279.47 1666.06 1938.21 2059.80 2192.64 2320.99 2351.55 2378.11 2399.81 2482.05 2575.96
2671.92 2696.31 2713.75 2730.09 2685.75 2637.98 2582.99 2558.96 2537.18 2514.29 2448.88 2389.37 2335.47 2310.69 2293.01 2281.45 2258.69 2237.42 2212.13 2165.29 2100.85 2014.73 2008.73 1993.48
1976.57 1984.10 1994.88 2008.74 1884.99 1737.83 1538.02 1590.85 1790.15 1954.20 1921.63 1902.84 1883.43 1925.37 1968.87 1994.39 2079.80 2162.38 2240.99 2207.27 2161.60 2097.16 2098.11 2105.35
2119.49 2126.69 2133.79 2141.60 2070.94 2040.89 2056.01 1852.28 1612.03 1312.44 1344.51 1531.51 1653.03 1859.29 2027.32 2168.97 2189.46 2217.82 2248.59 2199.70 2132.72 2038.50 2042.22 2045.27
2050.14 2064.45 2079.39 2097.82 1946.11 1829.87 1831.39 1848.29 1867.10 1879.11 1915.30 1947.27 1975.93 2001.41 2030.27 2058.63 2155.87 2248.72 2336.67 2310.06 2271.85 2220.63 2251.06 2280.80
2311.36 2342.89 2372.68 2403.28 2423.20 2448.62 2472.57 2445.11 2420.56 2394.60 2400.45 2402.09 2401.79 2365.72 2336.42 2314.25 2328.76 2348.26 2370.67 2365.46 2350.74 2322.46 2359.39 2396.16
2434.18 2462.54 2491.61 2520.97 2512.58 2503.99 2492.92 2468.53 2442.68 2412.45 2346.76 2280.90 2208.66 2117.35 2027.68 1936.87 1941.37 1959.49 1987.64 2067.23 2151.24 2215.62 2298.15 2397.63
2504.98 2502.67 2500.42 2499.09 2484.47 2469.87 2449.47 2269.37 2074.23 1864.54 1850.19 1834.87 1822.49 1666.63 1524.76 1350.83 1420.56 1534.05 1656.40 1840.81 2013.07 2120.43 2090.43 2059.91
2027.34 1841.59 1651.40 1653.34 1529.22 1374.03 1178.20 1024.67 1149.72 1272.27 1184.10 1062.32 975.43 1113.11 1224.44 1320.76 1373.86 1437.40 1503.50 1591.83 1704.08 1822.95 1885.63 1946.54
2007.84 1996.76 1987.29 1975.71 1909.85 1839.82 1754.39 1692.17 1840.82 1999.98 2028.82 2067.13 2104.29 2088.86 2079.65 2074.11 2067.16 2063.30 2061.98 2073.89 2083.06 2086.43 2099.96 2114.59
2130.14 2185.49 2239.83 2295.05 2301.48 2312.50 2322.02 2293.25 2270.58 2247.11 2124.54 1998.27 1868.31 1775.65 1684.97 1597.55 1587.92 1587.78 1606.70 1403.10 989.79 1082.23 1362.31 1701.98
1942.68 1892.27 1901.87 1916.99 1941.13 2012.61 2102.05 2097.05 2094.36 2087.60 2054.74 2021.81 1986.65 1952.48 1926.07 1905.43 1917.88 1930.92 1946.07 2006.76 2082.48 2167.92 2242.77 2318.28
2394.49 2424.31 2456.59 2491.71 2465.24 2438.33 2407.28 2383.61 2358.92 2328.04 2282.05 2235.41 2188.70 2152.71 2122.43 2093.38 2120.88 2154.29 2191.47 2223.42 2253.52 2276.61 2313.55 2351.89
2392.92 2400.64 2409.13 2419.39 2403.49 2387.68 2365.25 2382.33 2399.92 2413.05 2389.67 2365.35 2340.62 2300.23 2264.86 2239.38 2259.20 2281.10 2303.53 2322.75 2337.82 2344.38 2403.64 2466.30
2531.28 2504.21 2476.93 2449.81 2429.82 2409.87 2385.49 2382.85 2386.84 2390.87 2282.18 2181.99 2094.82 2009.64 1924.93 1847.94 1808.73 1774.79 1754.50 1612.60 1629.01 1812.23 1818.13 1909.82
2023.25 2044.10 2066.42 2087.98 2079.47 2070.45 2054.05 1949.26 1861.08 1788.08 1745.77 1699.93 1661.98 1739.78 1819.06 1902.77 1989.00 2075.82 2163.44 2141.46 2115.21 2098.50 2080.18 2069.01
2069.24 2104.81 2143.73 2185.88 2103.44 2011.11 1901.94 1884.00 1872.45 1859.97 1900.05 1937.22 1970.72 2001.48 2038.31 2078.61 2124.20 2171.22 2217.31 2212.47 2196.99 2165.60 2201.86 2241.69
2284.90 2232.82 2177.32 2120.54 2087.92 2052.04 2008.57 2066.78 2118.04 2154.60 2152.41 2151.31 2152.37 2153.44 2165.19 2181.34 2189.75 2201.39 2212.69 2179.32 2130.11 2057.28 2096.85 2137.83
2177.37 2160.86 2143.35 2125.13 2103.46 2084.74 2067.80 2172.89 2255.25 2316.76 2264.83 2213.27 2163.92 2119.50 2082.74 2052.59 2078.43 2108.53 2139.87 2114.48 2077.81 2018.29 2019.03 2019.66
2027.55 2049.65 2070.59 2093.02 2074.94 2058.45 2038.25 2098.50 2145.15 2176.14 2081.53 1987.91 1897.17 1825.35 1811.05 1854.51 1903.30 1953.83 2002.97 2009.89 2007.59 1985.46 2001.63 2021.44
2039.13 2036.30 2034.04 2034.58 2020.31 2013.78 2010.30 2000.29 1994.77 1984.96 1848.59 1708.75 1574.95 1491.91 1434.15 1412.65 1380.77 1388.83 1439.96 1544.25 1635.50 1710.88 1800.70 1887.19
1965.50 2001.28 2016.25 2032.82 2012.16 2003.32 2002.10 1892.00 1787.57 1697.81 1574.94 1491.27 1458.27 1040.46 1127.00 1498.38 1594.95 1709.77 1823.14 1851.57 1912.45 1996.47 1997.46 1998.25
1995.38 1999.25 2004.77 2016.30 2028.73 2045.30 2058.05 2057.27 2086.77 2123.92 2008.56 1890.81 1767.52 1767.74 1815.79 1891.51 2005.15 2112.82 2216.21 2186.39 2141.99 2076.06 2125.39 2178.70
2234.08 2226.03 2217.84 2207.94 2211.17 2214.10 2211.34 2204.49 2205.17 2205.22 2097.26 1989.80 1880.54 1819.87 1793.57 1799.15 1890.12 1985.31 2079.02 2123.44 2143.55 2152.52 2224.62 2302.21
2383.15 2338.55 2289.88 2238.86 2173.72 2106.07 2029.52 2065.06 2095.85 2114.67 2065.81 2019.55 1976.08 1970.44 1977.99 1999.81 2072.51 2140.35 2210.16 2225.22 2223.24 2212.03 2233.88 2266.59
2312.32 2265.97 2214.44 2158.57 2180.95 2205.58 2225.49 2206.26 2183.69 2155.69 2094.78 2043.64 1998.45 2006.94 2014.06 2021.82 2064.43 2109.82 2157.45 2143.28 2109.66 2057.20 2119.03 2183.86
2251.64 2237.27 2223.96 2212.76 2242.71 2273.19 2296.85 2288.01 2276.89 2260.69 2183.68 2109.83 2036.92 2005.63 1986.24 1976.29 2015.79 2061.01 2109.01 2085.31 2051.25 1993.53 2034.83 2076.86
2126.96 2146.64 2167.36 2190.24 2149.12 2104.94 2051.08 2072.83 2103.16 2129.13 1942.10 1730.56 1472.85 1417.73 1438.26 1519.37 1611.88 1700.95 1786.28 1828.14 1863.78 1886.79 1905.11 1923.53
1941.49 1889.84 1857.16 1858.24 1886.94 1928.92 1977.03 1907.93 1851.04 1800.12 1746.13 1700.62 1661.58 1565.84 1481.35 1438.13 1592.09 1729.37 1843.48 1844.75 1840.29 1828.29 1825.95 1829.84
1840.92 1851.83 1886.49 1930.74 1927.66 1938.46 1958.47 1932.31 1914.59 1896.50 1809.50 1722.38 1630.03 1564.66 1514.53 1509.46 1653.32 1768.51 1900.16 1938.70 1973.96 2002.07 2049.23 2082.25
2113.56 2146.31 2184.73 2227.75 2194.31 2163.60 2132.94 2152.63 2171.13 2183.73 2075.38 1975.02 1881.86 1747.16 1599.78 1454.34 1547.08 1654.57 1762.81 1857.33 1944.18 2019.86 2052.50 2073.49
2094.58 2092.71 2091.78 2093.04 2085.54 2079.39 2070.95 2045.44 2025.92 2005.80 1819.54 1608.99 1350.30 1257.72 1326.68 1473.78 1518.37 1571.45 1626.57 1724.68 1816.20 1898.34 1905.16 1923.56
1957.47 1935.65 1909.68 1884.27 1869.41 1892.83 1945.32 1885.37 1844.71 1814.22 1899.22 1973.82 2038.10 2005.57 1979.80 1958.35 1957.80 1964.65 1979.41 1961.37 1934.64 1879.89 1816.03 1714.59
1591.73 1669.07 1742.04 1811.57 1746.26 1705.35 1716.32 1701.93 1685.54 1662.09 1741.05 1797.10 1844.90 1896.25 1948.77 2000.61 2004.64 2014.38 2029.72 2024.25 2001.05 1950.79 1959.52 1942.14
1922.51 1910.97 1922.74 1958.98 1853.72 1766.87 1734.58 1771.06 1815.93 1841.03 1927.17 1996.18 2057.78 2057.19 2071.99 2097.77 2088.35 2087.90 2096.32 2046.37 1978.70 1883.49 1895.47 1908.76
1922.74 1915.11 1908.14 1903.85 1890.67 1876.23 1857.15 1615.21 1296.82 1048.22 1384.79 1629.09 1795.63 1839.00 1884.15 1927.49 1943.24 1964.01 1988.09 1959.88 1917.85 1857.00 1859.58 1872.19
1896.07 1891.34 1888.95 1888.10 1844.46 1837.97 1869.85 1792.98 1739.65 1704.71 1616.00 1529.38 1433.19 1293.92 1134.08 911.68 1245.92 1466.51 1638.69 1744.39 1827.09 1892.03 1908.36 1935.91
1972.03 1987.34 2006.21 2027.64 2049.73 2071.58 2091.39 2114.78 2140.33 2158.90 2075.66 1995.96 1916.23 1872.10 1854.25 1861.30 1908.04 1962.93 2022.96 2027.43 2014.58 1981.06 1995.27 2010.90
2027.60 2074.28 2121.86 2171.99 2218.19 2263.65 2306.72 2311.77 2313.77 2307.80 2218.56 2133.33 2050.24 2016.77 1993.70 1978.42 2025.65 2077.58 2132.71 2111.62 2076.59 2017.91 2117.71 2210.37
2298.91 2305.86 2313.30 2323.52 2331.95 2342.25 2353.55 2366.04 2375.07 2375.31 2306.58 2240.57 2175.41 2147.44 2127.18 2111.91 2144.93 2183.79 2226.08 2197.06 2148.18 2073.70 2092.12 2110.38
2128.09 2159.39 2192.99 2228.74 2276.57 2325.31 2371.69 2369.75 2364.90 2354.08 2283.01 2214.53 2148.01 2105.80 2070.43 2040.32 2075.91 2117.06 2160.97 2148.85 2121.63 2076.81 2101.37 2124.95
2147.47 2177.82 2210.75 2246.80 2241.72 2236.36 2230.46 2244.33 2254.93 2255.42 2176.29 2099.63 2024.85 1994.41 1971.67 1954.21 1982.28 2016.35 2055.48 2065.74 2065.11 2050.70 2081.70 2112.75
2143.19 2156.28 2175.77 2202.37 2203.50 2205.58 2204.87 2194.76 2183.68 2167.16 2053.36 1940.07 1823.92 1783.27 1766.16 1774.40 1805.84 1843.52 1886.27 1925.86 1952.08 1966.22 1928.73 1889.52
1850.77 1804.57 1754.54 1698.07 1723.60 1748.47 1738.02 1270.06 1283.04 1595.59 1751.27 1938.68 2090.14 2102.57 2115.85 2133.14 2182.13 2235.58 2290.66 2297.78 2293.70 2277.04 2281.02 2285.00
2291.41 2267.85 2243.22 2219.28 2169.69 2114.79 2050.31 2151.46 2232.87 2295.12 2267.53 2244.05 2222.74 2205.73 2194.24 2186.26 2166.40 2150.09 2134.52 2109.42 2070.92 2009.18 2035.54 2061.51
2091.80 2082.26 2074.75 2068.98 2008.18 1947.39 1890.07 1728.93 1583.46 1496.49 1583.42 1672.64 1750.38 1706.88 1695.12 1711.66 1685.27 1676.03 1685.33 1747.18 1800.87 1847.79 1874.15 1889.86
1905.85 1913.97 1964.84 2046.92 2043.85 2044.31 2044.35 1992.65 1936.78 1874.93 1730.21 1585.22 1428.28 1516.37 1607.11 1694.31 1751.33 1810.92 1870.81 1937.83 1996.91 2048.69 2060.67 2060.33
2061.06 2045.45 2052.54 2084.18 2086.52 2092.70 2100.42 2055.01 2010.18 1959.01 1868.16 1783.31 1701.99 1631.30 1655.58 1742.17 1760.95 1784.13 1809.44 1876.57 1942.23 2001.46 2010.92 2026.95
2040.68 2032.21 2030.51 2040.01 2000.05 1971.94 1960.61 1919.52 1877.59 1826.09 1681.15 1565.20 1508.36 1512.74 1523.39 1537.87 1639.27 1737.57 1830.97 1886.23 1935.67 1970.50 1969.68 1972.91
1982.20 1949.53 1928.11 1924.23 1931.62 1949.15 1972.86 2034.26 2095.42 2151.03 2082.43 2016.69 1952.54 1925.55 1901.69 1883.79 1891.08 1915.00 1952.32 1935.72 1913.30 1885.43 1883.29 1880.97
1880.60 1894.22 1919.97 1958.53 1984.53 2010.60 2035.03 1981.51 1941.49 1907.72 1794.16 1677.04 1547.48 1400.61 1355.33 1460.96 1514.47 1568.92 1627.20 1724.56 1815.65 1885.66 1883.06 1868.75
1855.95 1812.40 1765.24 1717.18 1750.48 1792.02 1837.02 1803.79 1800.63 1804.97 1548.56 1275.34 1154.08 1002.56 1164.53 1356.01 1567.95 1739.83 1888.90 1904.93 1911.99 1911.94 1921.08 1935.60
1957.36 1951.57 1941.86 1930.67 1905.83 1893.94 1896.04 1797.51 1702.26 1601.77 1582.92 1592.71 1617.26 1618.86 1624.35 1636.61 1706.18 1779.12 1857.53 1873.30 1884.16 1893.05 1904.14 1922.22
1945.73 1960.64 1979.86 2003.51 2007.12 2011.04 2015.81 1972.37 1946.76 1928.42 1808.88 1694.60 1589.65 1574.12 1623.22 1710.92 1768.32 1827.18 1889.25 1901.08 1900.48 1912.42 1918.42 1923.49
1923.86 1947.88 1966.46 1985.71 1978.95 1982.00 1995.07 1993.12 2000.99 2005.40 1894.99 1784.74 1669.27 1619.36 1589.31 1583.80 1595.35 1613.47 1647.55 1736.47 1818.56 1896.09 1927.50 1959.39
1992.07 2002.59 2012.34 2026.60 2048.34 2072.17 2098.50 2116.54 2129.49 2130.59 2054.08 1975.84 1893.17 1796.49 1706.00 1631.95 1567.38 1522.35 1539.90 1492.71 1496.92 1487.64 1565.59 1773.02
1975.52 1970.67 1964.92 1951.91 1913.60 1880.74 1855.76 1625.44 1403.01 1453.99 1635.18 1810.39 1945.79 1908.42 1898.57 1900.04 1917.65 1954.85 2011.47 1992.93 1964.43 1908.78 1914.01 1920.74
1929.47 1937.40 1945.48 1956.12 1900.83 1856.53 1835.38 1734.84 1669.23 1634.51 1421.45 1187.39 1090.40 883.98 1252.79 1489.11 1576.36 1661.21 1747.01 1768.31 1792.49 1826.77 1844.81 1867.26
1893.20 1879.22 1868.50 1861.38 1768.18 1736.54 1790.67 1675.02 1596.34 1560.50 1201.82 753.69 1298.92 1426.64 1546.70 1655.63 1682.73 1718.43 1765.47 1787.12 1797.70 1818.79 1843.24 1867.71
1892.91 1874.44 1883.84 1908.95 1932.15 1965.30 2004.71 2007.07 2012.23 2011.54 1865.00 1710.06 1537.27 1491.03 1477.47 1501.00 1603.32 1705.77 1808.17 1832.15 1846.90 1858.50 1888.08 1917.30
1948.24 1965.69 1982.84 2012.64 2014.25 2014.90 2015.74 2058.00 2103.45 2140.47 2012.65 1883.21 1745.12 1689.45 1652.58 1640.16 1687.74 1743.69 1810.51 1842.67 1861.77 1876.20 1872.83 1864.72
1853.85 1855.48 1867.84 1888.11 1928.27 1973.39 2021.39 2052.42 2079.80 2096.44 1963.03 1826.66 1684.25 1657.27 1674.11 1725.11 1811.30 1895.25 1981.46 1969.11 1942.14 1905.10 1906.09 1908.56
1911.33 1943.89 1985.53 2035.00 2053.42 2072.08 2090.34 2102.33 2120.18 2134.69 2016.09 1897.56 1775.20 1674.86 1644.30 1694.36 1741.53 1792.29 1851.83 1877.92 1894.57 1905.38 1917.13 1931.94
1947.74 1969.47 1994.15 2022.29 2034.55 2049.02 2064.42 2110.36 2147.95 2171.75 2065.76 1962.58 1860.20 1801.32 1751.15 1713.90 1758.64 1805.32 1858.01 1890.86 1914.29 1932.59 1954.16 1976.31
1999.47 2017.82 2036.11 2053.70 2059.17 2065.26 2070.86 2104.08 2134.22 2153.72 2058.36 1966.90 1875.67 1818.95 1774.61 1749.71 1787.57 1829.14 1877.90 1896.39 1905.89 1912.92 1935.62 1961.12
1990.52 2001.90 2016.76 2036.54 2019.42 2001.70 1984.84 1969.59 1950.96 1923.86 1708.56 1485.15 1318.87 1448.29 1557.20 1654.37 1673.17 1696.69 1726.59 1767.52 1803.46 1838.20 1849.50 1863.97
1883.02 1867.86 1851.13 1834.97 1809.30 1788.39 1774.22 1544.17 1473.58 1596.24 1673.09 1738.90 1794.37 1770.13 1750.92 1738.35 1742.39 1758.00 1789.80 1815.64 1828.95 1844.91 1853.07 1870.75
1896.27 1889.92 1884.42 1883.58 1868.68 1855.69 1841.67 1844.33 1841.10 1827.38 1728.44 1626.18 1518.41 1458.67 1403.79 1358.92 1412.71 1468.60 1532.97 1664.39 1774.98 1877.33 1895.67 1930.18
1978.40 2008.18 2036.73 2066.62 2040.99 2017.23 1994.17 1934.05 1902.08 1885.01 1770.22 1655.70 1520.41 1476.05 1467.12 1495.11 1586.28 1674.56 1766.22 1811.63 1847.33 1881.35 1918.42 1954.88
1992.31 2016.16 2048.13 2072.66 2091.42 2119.23 2154.77 2191.30 2222.75 2243.40 2145.68 2051.50 1957.80 1930.84 1912.90 1907.62 1944.41 1987.99 2033.42 2039.40 2033.23 2022.23 2035.81 2046.30
2044.55 2105.98 2180.31 2262.18 2280.41 2302.60 2328.19 2303.36 2275.68 2241.20 2122.94 2008.71 1895.46 1886.49 1882.10 1889.71 1932.14 1982.28 2043.49 2046.19 2038.95 2017.35 2041.99 2069.15
2098.75 2083.67 2067.91 2052.04 2029.53 2007.87 1989.68 1967.75 1965.30 1967.08 1805.38 1642.86 1482.22 1514.02 1588.37 1677.48 1761.72 1845.40 1925.79 1939.55 1936.26 1932.30 2001.54 2074.78
2150.50 2151.61 2156.99 2167.65 2105.16 2036.82 1964.68 1965.47 1965.84 1957.67 1810.36 1699.56 1648.81 1664.33 1680.74 1697.04 1788.71 1879.24 1970.35 1951.25 1917.25 1874.95 1886.43 1903.87
1926.85 1924.57 1925.81 1930.11 1923.98 1957.18 2022.75 2013.66 2019.47 2028.12 1869.26 1706.52 1550.82 1557.22 1584.61 1627.58 1733.84 1843.50 1956.85 1935.61 1904.52 1873.70 1871.33 1869.39
1870.72 1882.67 1923.33 1987.59 1997.21 2008.44 2022.07 2046.24 2070.98 2088.44 1949.02 1810.59 1672.55 1624.68 1620.91 1661.67 1755.18 1845.82 1937.11 1928.65 1907.01 1880.19 1904.36 1942.95
1992.59 2041.19 2093.40 2148.73 2108.71 2065.68 2017.93 2050.44 2074.61 2088.57 1960.84 1830.96 1703.60 1652.04 1666.33 1732.59 1789.59 1852.19 1921.69 1919.32 1906.67 1891.96 1923.61 1955.94
1988.59 2026.64 2066.88 2109.61 2055.87 1998.62 1936.26 1928.20 1921.58 1904.38 1743.39 1594.85 1490.59 1617.32 1724.59 1831.02 1900.17 1967.36 2036.70 2018.49 1971.81 1910.35 1905.09 1906.41
1912.25 1903.02 1894.54 1894.70 1922.62 1948.08 1967.92 1992.05 2002.02 2001.79 1967.36 1938.92 1910.02 1864.16 1832.28 1819.18 1855.26 1894.40 1941.91 1979.72 1986.52 1996.96 2048.03 2101.43
2157.26 2162.73 2169.62 2179.58 2148.49 2113.23 2074.60 2106.28 2126.97 2135.06 2071.72 2011.68 1951.25 1927.84 1908.20 1895.58 1936.42 1980.08 2030.63 2054.97 2058.15 2065.30 2109.31 2154.90
2200.75 2176.11 2147.66 2116.74 2092.99 2069.28 2045.01 1860.71 1736.58 1703.96 1895.19 2024.03 2117.86 2070.16 2025.87 1985.37 1921.00 1853.76 1790.67 1813.72 1826.98 1840.26 1867.98 1901.73
1943.63 2009.70 2073.52 2135.55 2044.30 1938.54 1816.54 1838.56 1865.20 1875.72 1683.72 1465.28 1236.35 1372.93 1481.61 1578.07 1632.50 1688.96 1751.70 1806.91 1852.31 1899.26 1917.65 1936.90
1947.77 1951.83 1966.01 1992.10 2001.85 2028.39 2067.48 2104.07 2134.04 2154.40 2087.12 2024.65 1963.83 1935.24 1919.56 1924.60 1955.15 1988.12 2027.62 2015.92 1988.38 1958.07 1983.25 2006.95
2029.32 2027.24 2029.11 2034.74 2038.90 2044.38 2048.88 2045.02 2045.79 2045.24 1924.78 1803.32 1676.94 1617.12 1679.35 1809.90 1867.10 1918.36 1971.59 1975.42 1967.03 1957.21 1962.77 1972.51
1986.79 1979.71 1973.27 1958.16 1910.99 1883.73 1883.94 1845.47 1810.46 1775.80 1655.23 1530.93 1395.55 1339.69 1380.77 1484.62 1598.03 1695.22 1798.09 1825.95 1860.77 1916.31 1952.45 1993.23
2037.56 1986.84 1929.24 1863.01 1860.08 1856.05 1852.77 1743.11 1645.43 1578.68 1382.07 1350.16 1469.87 1593.09 1707.12 1826.39 1853.38 1910.35 1992.78 1970.80 1936.38 1899.10 1909.26 1920.40
1932.81 1926.14 1921.77 1918.42 1902.96 1886.98 1871.46 1804.11 1761.59 1721.73 1619.61 1603.60 1662.65 1713.61 1766.76 1823.46 1896.40 1962.12 2032.89 2023.11 1986.20 1950.24 1963.92 1977.99
1976.60 1987.28 1999.89 2015.56 1998.71 1980.35 1959.89 1960.38 1964.34 1965.21 1824.48 1680.32 1543.63 1642.22 1743.80 1842.72 1893.69 1946.03 2003.94 2006.98 1996.32 1984.11 1994.65 2004.58
2012.68 2019.23 2026.38 2033.52 2003.35 1973.21 1941.94 1867.93 1790.29 1705.30 1740.40 1789.51 1845.11 1872.96 1904.58 1940.82 1971.30 2004.53 2043.38 2014.11 1966.79 1915.76 1916.91 1919.08
1922.21 1914.30 1910.67 1911.25 1915.94 1934.21 1963.96 1940.63 1910.74 1874.16 1822.47 1777.06 1740.87 1700.65 1667.72 1638.57 1731.10 1821.15 1911.58 1923.47 1921.59 1918.88 1927.99 1935.85
1944.46 1945.00 1949.73 1959.52 1972.26 1986.62 2001.72 2062.57 2110.32 2140.79 2026.46 1906.55 1783.36 1762.79 1769.31 1800.33 1867.36 1935.30 2006.43 1978.02 1933.71 1874.08 1894.21 1915.18
1936.40 1921.01 1901.41 1883.12 1867.96 1867.39 1882.14 1836.21 1810.61 1796.90 1729.24 1666.04 1608.82 1620.65 1658.17 1713.45 1851.71 1981.73 2101.42 2089.21 2064.45 2031.87 2034.07 2036.76
2038.25 2061.04 2086.34 2113.54 2120.96 2131.55 2143.92 2197.82 2241.87 2275.13 2240.91 2208.42 2178.31 2179.13 2184.53 2189.05 2209.46 2231.63 2258.01 2224.62 2175.00 2116.72 2173.24 2230.63
2288.86 2307.85 2326.64 2346.37 2332.41 2319.26 2304.75 2303.03 2302.74 2299.42 2279.97 2258.52 2236.45 2222.39 2217.69 2220.65 2248.73 2277.70 2311.69 2280.03 2233.45 2178.10 2221.82 2264.07
2307.71 2344.16 2380.84 2417.59 2409.59 2401.49 2392.25 2365.47 2337.01 2304.25 2243.22 2183.40 2128.17 2126.70 2133.68 2155.24 2195.78 2237.56 2276.05 2287.02 2293.10 2300.12 2310.69 2321.18
2334.48 2345.69 2344.66 2343.80 2366.62 2389.40 2411.43 2429.45 2447.90 2460.88 2414.30 2368.27 2328.14 2288.67 2253.93 2230.11 2218.48 2208.14 2200.62 2198.73 2157.69 2112.89 2190.41 2265.10
2340.89 2318.17 2294.81 2272.38 2244.47 2217.57 2192.02 2243.08 2283.89 2313.06 2278.91 2244.33 2209.97 2182.54 2160.73 2143.41 2153.86 2174.88 2210.14 2152.41 2073.05 1974.86 2026.90 2077.55
2127.62 2111.21 2092.82 2075.03 2046.72 2025.65 2013.04 1988.16 1956.94 1918.11 1802.65 1691.85 1598.63 1595.65 1632.22 1696.65 1821.72 1938.46 2047.98 2016.04 1974.27 1929.87 1949.88 1976.06
2006.92 2006.25 2009.01 2016.32 1998.02 1978.44 1957.66 1927.93 1894.66 1856.56 1816.32 1779.07 1751.73 1719.59 1700.81 1700.95 1772.70 1850.91 1932.88 1919.33 1892.84 1862.33 1882.08 1897.54
1914.90 1925.32 1935.79 1947.07 1937.79 1931.56 1926.52 1890.67 1853.21 1812.00 1825.87 1846.05 1868.81 1823.90 1790.80 1769.33 1822.24 1880.63 1931.45 1932.27 1926.46 1923.62 1916.22 1920.70
1936.13 1946.16 1957.68 1969.74 1934.87 1897.68 1858.60 1712.77 1558.17 1410.04 1447.28 1543.13 1642.54 1661.69 1697.28 1768.45 1842.10 1915.32 1990.84 1982.17 1967.20 1954.73 1964.53 1976.78
1989.53 1964.25 1935.19 1893.87 1922.78 1952.48 1982.50 2030.68 2074.45 2110.10 1955.80 1787.69 1603.63 1621.23 1709.25 1834.07 1909.42 1986.78 2068.63 2026.50 1969.61 1901.39 1958.74 2015.46
2072.86 2076.11 2078.56 2078.21 2044.01 2008.77 1974.64 1912.59 1844.70 1767.83 1615.99 1458.49 1286.51 1355.57 1483.79 1614.25 1718.39 1821.63 1927.31 1946.40 1962.56 1983.66 2025.69 2063.83
2104.27 2064.64 2020.69 1970.02 1920.44 1867.19 1814.79 1753.91 1694.26 1635.93 1595.31 1561.23 1502.70 1645.29 1765.41 1871.84 1860.29 1864.27 1883.59 1890.83 1893.64 1900.37 1891.64 1884.61
1878.60 1872.32 1898.02 1949.70 1994.43 2053.84 2120.72 2162.88 2192.04 2209.78 2145.51 2083.09 2025.82 2056.66 2096.68 2155.65 2211.81 2257.09 2305.49 2390.78 2463.39 2530.27 2526.72 2525.40
2529.67 2526.76 2522.92 2518.96 2499.72 2479.11 2458.30 2477.43 2488.73 2493.71 2431.67 2370.76 2312.01 2291.98 2283.05 2288.33 2346.49 2405.01 2466.43 2501.39 2532.28 2564.44 2553.96 2546.30
2542.96 2529.77 2516.10 2502.04 2463.76 2422.39 2378.44 2400.10 2422.45 2442.16 2339.64 2241.90 2153.93 2077.54 2004.87 1940.66 1912.96 1894.86 1895.80 1878.92 1861.34 1852.78 1930.66 2005.76
2078.63 2146.33 2211.97 2276.43 2261.00 2250.10 2242.26 2216.00 2182.16 2147.58 2056.63 1963.42 1869.22 1806.34 1767.34 1765.51 1816.32 1875.01 1939.33 1925.50 1906.52 1885.13 1898.96 1917.01
1939.49 1985.74 2040.31 2100.68 2092.79 2090.60 2097.96 2169.32 2226.29 2270.87 2208.85 2148.29 2087.98 2035.99 1992.33 1962.89 1930.23 1901.21 1881.15 1900.73 1915.28 1931.75 1972.19 2018.28
2069.26 2094.45 2121.59 2149.76 2151.54 2152.94 2153.13 2153.76 2151.10 2146.70 2074.33 2003.37 1934.67 1892.33 1874.86 1883.43 1896.58 1919.80 1955.33 1963.27 1965.91 1970.67 1997.57 2022.59
2048.77 2060.71 2075.22 2092.78 2072.49 2052.15 2028.69 2072.91 2102.98 2120.12 2052.00 1984.25 1919.82 1951.61 1989.29 2035.72 2030.94 2032.50 2045.54 2038.99 2024.41 2008.18 2031.91 2055.29
2079.27 2118.48 2159.42 2203.36 2190.63 2177.89 2164.19 2202.75 2230.16 2247.52 2184.24 2122.53 2062.87 1995.79 1934.36 1874.53 1897.28 1918.27 1948.91 1980.41 2014.60 2054.02 2142.23 2225.63
2303.50 2319.87 2339.22 2361.21 2305.67 2245.39 2178.17 2216.32 2242.48 2260.66 2221.66 2183.85 2147.65 2152.61 2170.24 2200.05 2216.02 2234.48 2259.76 2290.81 2318.26 2347.32 2355.44 2366.68
2382.21 2383.76 2386.28 2387.98 2396.40 2405.24 2412.40 2425.55 2429.43 2426.04 2381.13 2339.05 2300.66 2262.84 2234.67 2216.56 2230.61 2249.69 2276.26 2266.12 2251.70 2235.62 2278.29 2322.18
2369.34 2379.53 2390.77 2403.35 2416.09 2431.25 2448.53 2430.67 2405.49 2374.42 2378.56 2379.07 2378.86 2370.89 2367.50 2369.23 2353.18 2338.38 2327.30 2308.96 2287.27 2266.57 2280.63 2294.48
2309.78 2353.42 2398.16 2443.86 2434.36 2424.58 2414.89 2413.68 2405.19 2391.15 2375.14 2364.63 2355.98 2308.85 2266.99 2228.12 2206.81 2194.70 2204.94 2192.78 2178.05 2164.56 2204.30 2243.03
2281.72 2306.09 2334.29 2366.06 2373.65 2383.30 2396.68 2398.69 2394.07 2384.76 2321.07 2259.74 2199.99 2121.11 2044.32 1969.92 1951.01 1939.30 1947.80 1965.35 1979.80 1992.77 2033.08 2076.08
2119.57 2119.86 2126.43 2141.46 2108.61 2072.49 2033.33 2027.99 2012.80 1991.14 1869.63 1745.90 1621.58 1699.92 1842.25 1987.75 2027.02 2086.02 2151.76 2154.31 2168.31 2199.10 2221.14 2229.31
2205.81 2153.39 2097.11 2037.16 2004.25 1970.32 1934.72 1909.86 1880.86 1847.47 1828.90 1837.10 1862.94 1824.46 1792.64 1763.42 1858.70 1948.02 2035.96 1993.48 1956.02 1925.45 1918.59 1916.60
1921.73 1917.54 1929.68 1952.53 1966.69 1982.75 1999.34 1930.32 1864.84 1811.03 1820.03 1830.44 1837.92 1772.98 1709.83 1656.05 1695.93 1744.25 1807.41 1847.49 1883.21 1919.23 1948.16 1977.81
2006.81 2002.69 2006.05 2017.90 2027.49 2040.78 2056.26 2060.11 2058.64 2050.07 2008.82 1970.25 1930.24 1706.16 1405.85 1147.10 1337.63 1515.48 1676.41 2065.23 2357.20 2602.92 2670.05 2726.07
2766.35 2701.23 2630.27 2553.84 2559.90 2565.92 2575.12 2574.47 2567.86 2559.34 2493.81 2441.17 2401.86 2331.48 2264.70 2199.29 2142.94 2082.99 2027.49 2045.96 2068.41 2096.24 2082.64 2078.24
2085.51 2077.42 2083.47 2101.84 2082.97 2069.28 2060.66 2027.14 1983.92 1937.04 1983.25 2021.09 2051.21 2091.18 2134.77 2179.08 2185.55 2190.76 2200.19 2218.53 2238.97 2265.63 2275.04 2286.51
2296.84 2355.74 2411.55 2465.39 2462.66 2460.78 2456.88 2449.03 2441.35 2434.75 2468.21 2501.63 2526.34 2473.34 2425.09 2380.87 2374.03 2368.31 2369.39 2374.56 2381.64 2392.59 2434.25 2476.52
2518.06 2532.26 2546.88 2562.00 2548.82 2538.24 2528.74 2535.81 2534.52 2526.17 2478.90 2436.94 2398.00 2337.23 2280.80 2228.79 2141.46 2037.02 1917.82 1431.52 1563.77 2066.73 2444.60 2758.14
3015.40 3025.84 3036.35 3045.30 3060.18 3074.96 3090.09 3048.41 3001.83 2945.16 2867.43 2788.28 2700.72 2637.67 2586.53 2546.25 2505.07 2460.10 2414.62 2345.97 2264.62 2169.82 2151.19 2131.45
2114.08 1985.11 1826.98 1620.21 1574.03 1569.56 1612.97 1537.29 1459.19 1401.68 1553.57 1668.27 1759.42 1925.64 2063.16 2178.06 2217.88 2260.12 2307.01 2287.58 2264.12 2241.06 2226.79 2211.31
2195.35 2170.55 2153.52 2146.47 2147.80 2148.87 2149.73 2164.87 2169.22 2164.24 2108.76 2053.45 1998.98 1947.98 1906.92 1873.33 1911.02 1948.28 1980.16 2041.05 2101.92 2163.06 2179.72 2195.41
2209.85 2191.67 2175.20 2162.86 2152.69 2144.28 2135.34 2162.80 2186.64 2213.82 2196.78 2180.63 2168.76 2213.50 2263.19 2313.77 2265.53 2218.67 2176.30 2146.42 2118.76 2094.54 2099.07 2100.29
2100.71 2089.34 2085.70 2086.24 2090.41 2102.20 2122.77 2133.04 2138.34 2144.01 2060.10 2007.98 1988.03 1929.95 1879.84 1836.57 1776.73 1766.23 1848.88 2094.82 2314.14 2511.33 2595.54 2676.78
2733.01 2683.23 2627.32 2566.56 2543.04 2518.93 2493.85 2471.50 2441.40 2407.76 2327.57 2249.32 2170.98 2156.69 2154.96 2166.01 2084.18 1980.14 1847.54 1801.30 1760.87 1733.49 1561.72 1720.39
1972.17 2022.94 2095.01 2173.38 2184.60 2219.37 2273.87 2168.72 2049.32 1918.32 1918.37 1914.49 1908.47 1904.04 1943.76 2010.71 2054.36 2093.61 2136.98 2212.26 2284.75 2348.38 2345.50 2334.48
2331.23 2309.09 2288.17 2266.52 2270.10 2274.19 2276.55 2301.48 2313.35 2316.18 2303.69 2287.14 2264.94 2261.00 2264.43 2261.69 2256.58 2251.99 2251.67 2272.00 2292.14 2311.16 2358.73 2416.17
2479.38 2430.29 2381.16 2340.87 2284.70 2243.74 2218.10 2161.73 2152.68 2196.30 2159.08 2174.45 2229.62 2149.03 2068.96 1987.64 1964.11 1947.64 1952.48 1957.10 1941.35 1936.33 1921.68 1937.40
1982.61 2017.24 2093.97 2195.18 2180.89 2202.64 2257.12 2311.19 2346.36 2367.41 2361.59 2367.93 2373.58 2354.43 2351.34 2361.59 2302.71 2229.20 2141.41 2133.30 2123.81 2111.95 1994.22 2047.06
2220.07 2204.36 2293.15 2430.53 2377.27 2319.70 2266.54 2211.55 2158.56 2114.02 2035.29 1955.51 1849.41 1491.74 1428.63 1779.97 1721.13 1667.53 1642.22 1181.82 1707.55 2086.75 2115.80 2151.86
2163.93 2094.43 2093.60 2166.10 2094.43 2039.87 2019.23 1762.30 1384.46 1273.62 1262.04 1469.67 1616.06 1646.30 1681.11 1718.21 1778.63 1876.27 1995.19 2074.20 2152.35 2228.58 2300.81 2369.82
2435.26 2439.05 2452.00 2475.38 2470.38 2466.20 2461.23 2505.99 2537.48 2559.40 2529.37 2500.97 2472.33 2394.83 2323.44 2257.72 2198.52 2135.26 2076.71 2107.31 2141.44 2179.68 2171.00 2162.18
2150.73 2095.26 2035.76 1972.37 1780.73 1561.86 1521.17 1810.88 2154.38 2413.01 2522.76 2620.24 2698.28 2754.83 2823.19 2899.51 2906.18 2913.12 2921.41 2926.12 2932.66 2941.07 2885.60 2836.25
2795.99 2858.02 2913.24 2965.18 2950.87 2936.84 2923.72 2935.73 2942.02 2942.82 2944.26 2945.28 2948.44 2926.95 2907.21 2889.46 2830.57 2767.43 2700.76 2587.63 2450.81 2290.44 2281.07 2275.92
2275.66 2286.80 2298.95 2316.72 2295.58 2276.52 2259.60 2232.24 2214.99 2195.77 2170.19 2144.80 2119.11 2008.13 1960.29 1988.39 2028.40 2112.01 2227.29 2268.62 2310.45 2353.87 2359.40 2368.95
2382.88 2395.02 2407.78 2422.29 2413.01 2404.20 2396.00 2406.14 2402.23 2391.46 2355.46 2318.46 2279.11 2195.75 2121.14 2058.11 2008.06 1989.83 2034.61 2027.09 2022.87 2027.71 1932.14 1873.72
1855.13 1920.39 1947.07 1974.76 2020.05 2069.45 2114.90 2118.13 2138.35 2172.46 1773.11 1213.19 1284.13 1328.20 1404.07 1484.35 1039.65 1634.41 2017.12 2231.54 2428.56 2605.19 2586.23 2564.76
2539.28 2495.82 2448.50 2398.95 2426.13 2452.36 2479.24 2456.16 2428.60 2397.04 2287.08 2177.66 2073.90 2181.65 2276.35 2359.81 2404.80 2454.91 2508.97 2518.89 2531.51 2547.36 2616.72 2684.99
2753.30 2731.90 2715.85 2708.77 2728.24 2754.64 2788.49 2804.32 2812.72 2821.38 2800.83 2781.99 2753.60 2769.23 2790.03 2813.77 2850.30 2888.37 2929.34 2973.16 3016.99 3061.75 3021.11 2978.41
2934.74 2814.59 2671.34 2502.85 2441.40 2382.20 2320.33 2271.08 2206.05 2136.44 2010.71 1914.16 1892.36 1888.27 1899.54 1942.11 2023.13 2122.60 2230.23 2278.51 2326.63 2372.87 2386.85 2401.66
2417.95 2421.22 2423.63 2426.79 2426.94 2428.28 2427.32 2455.25 2472.07 2484.55 2474.57 2465.10 2454.52 2397.79 2346.37 2299.59 2143.44 1939.66 1671.76 1414.27 1787.26 2168.45 2349.07 2484.74
2612.65 2611.72 2607.57 2601.21 2534.25 2457.89 2372.08 2319.81 2261.68 2202.62 2108.31 2028.90 1973.02 1826.15 1655.23 1408.78 1529.46 1816.46 2056.56 2130.02 2210.42 2294.51 2307.47 2319.80
2332.04 2318.75 2308.56 2299.87 2318.50 2340.02 2361.10 2409.51 2441.66 2466.11 2482.00 2494.98 2502.21 2477.83 2457.48 2435.99 2384.62 2327.08 2261.22 2285.99 2312.95 2340.04 2333.31 2329.86
2329.24 2307.80 2286.74 2265.52 2266.77 2271.42 2277.34 2230.22 2191.28 2165.52 2092.75 2030.30 1974.36 1828.55 1677.02 1524.50 1555.37 1698.44 1873.52 1920.00 1999.25 2096.96 2074.06 2027.54
1989.98 2022.33 2089.94 2177.36 2179.18 2179.07 2182.23 2169.40 2151.55 2134.05 2089.74 2071.53 2054.17 2057.32 2066.24 2078.52 2052.48 2018.15 1972.97 1977.31 1999.66 2042.33 2023.85 2017.91
2027.02 1998.24 1973.70 1954.01 1951.97 1965.97 1992.11 2023.40 2058.21 2094.54 2213.35 2302.14 2369.42 2359.90 2353.77 2351.15 2283.98 2218.60 2162.36 2179.31 2195.68 2213.25 2238.88 2269.26
2304.06 2161.84 1986.23 1755.35 1377.33 1629.62 1994.71 2306.51 2548.29 2754.22 2782.10 2813.13 2812.35 2800.47 2790.60 2785.16 2787.96 2791.65 2795.45 2751.44 2705.15 2657.57 2633.36 2609.22
2585.54 2533.61 2478.61 2420.52 2397.88 2375.82 2351.01 2324.99 2297.15 2264.89 2158.80 2044.69 1914.04 1820.02 1733.02 1668.06 1368.18 1282.10 1626.63 1634.46 1649.74 1644.84 1830.08 1986.46
2119.91 2147.33 2175.20 2202.92 2209.70 2216.89 2225.80 2218.77 2209.31 2199.56 2203.09 2204.10 2202.59 2125.79 2052.90 1977.71 2011.82 2079.60 2170.57 2189.99 2210.34 2230.49 2239.18 2245.34
2251.57 2248.68 2247.66 2249.63 2239.75 2228.00 2216.73 2298.25 2360.72 2409.11 2396.69 2383.72 2365.45 2352.81 2348.86 2352.20 2299.74 2242.55 2176.94 2241.98 2306.04 2366.59 2412.17 2469.09
2533.21 2492.04 2449.92 2406.68 2259.85 2115.87 2022.58 1982.17 2342.01 2649.21 2808.52 2969.51 3135.58 3189.30 3240.07 3285.68 3252.09 3216.13 3176.61 3157.53 3137.89 3118.49 3097.89 3076.35
3057.17 3014.63 2968.95 2922.37 2863.96 2800.58 2733.18 2700.46 2659.05 2615.48 2418.02 2189.13 1905.29 1911.81 1954.79 2019.34 1994.83 1983.84 1987.32 1816.32 1738.64 1947.35 2121.16 2268.81
2397.22 2408.31 2417.50 2428.21 2448.66 2469.93 2488.64 2560.34 2615.68 2661.42 2674.05 2682.53 2688.54 2707.47 2727.41 2749.42 2663.39 2564.02 2442.68 2370.58 2289.95 2185.72 2186.09 2186.16
2186.40 1950.05 1639.43 1718.31 1889.74 2081.27 2251.94 2441.32 2588.90 2709.73 2698.92 2699.09 2707.58 2647.05 2589.29 2535.40 2455.16 2363.07 2250.68 2181.33 2107.84 2032.62 1967.39 1896.44
1823.66 1790.57 1764.03 1746.07 1534.82 1260.46 1261.32 1232.13 1421.90 1538.14 1575.93 1616.70 1653.59 1683.78 1749.27 1829.31 1987.45 2134.13 2264.00 2289.44 2315.19 2341.10 2343.57 2345.07
2350.01 2320.28 2298.93 2288.40 2299.74 2310.01 2321.55 2305.77 2280.94 2251.62 2276.13 2294.39 2305.93 2298.93 2305.31 2320.78 2313.45 2305.49 2292.72 2310.03 2327.64 2347.35 2341.84 2339.43
2341.61 2322.79 2303.51 2282.32 2246.11 2236.55 2256.19 2136.88 2134.75 2229.67 2263.04 2402.87 2549.59 2485.96 2424.77 2364.53 2326.56 2276.71 2213.68 2157.39 2117.52 2110.30 1997.38 1909.22
1889.84 1982.32 2122.74 2278.09 2240.16 2202.19 2161.54 2135.31 2100.41 2057.30 2079.16 2095.15 2106.38 2059.45 2018.65 1982.58 1946.64 1924.02 1912.43 1938.68 1967.25 1992.54 2052.52 2122.57
2197.44 2151.71 2109.28 2071.67 2083.81 2098.63 2115.87 1977.34 1873.56 1845.77 1958.66 2052.21 2127.95 2161.73 2198.37 2234.82 2231.58 2233.14 2238.07 2302.43 2364.32 2424.94 2414.01 2415.95
2431.32 2424.25 2417.85 2408.73 2394.89 2381.69 2369.02 2384.97 2393.92 2396.73 2487.16 2559.97 2618.08 2584.06 2554.99 2532.13 2487.33 2443.45 2399.26 2423.57 2448.11 2472.75 2493.06 2514.97
2539.58 2475.38 2404.31 2327.68 2304.11 2287.36 2276.61 2268.44 2255.88 2236.64 2220.84 2208.16 2199.00 2134.65 2075.96 2021.78 1940.52 1892.08 1882.44 1794.21 1770.83 1838.20 1757.10 1758.67
1860.92 2198.66 2458.12 2673.72 2675.45 2672.96 2672.29 2608.72 2538.39 2463.39 2401.21 2341.17 2283.45 2164.66 2060.44 1990.95 1804.02 1629.61 1665.77 1704.31 1789.68 1895.14 1932.08 1970.01
2006.34 1975.82 1947.41 1922.48 1737.80 1634.59 1761.27 1784.52 1867.55 1963.50 1964.78 1976.32 1989.95 2059.77 2124.15 2186.19 2164.86 2144.34 2119.77 1960.48 1763.49 1526.04 1529.45 1750.62
1954.15 2082.64 2211.80 2335.58 2326.33 2325.00 2330.45 2306.05 2277.09 2242.45 2194.15 2151.03 2110.58 2183.07 2250.38 2312.75 2288.12 2260.69 2224.80 2245.17 2265.57 2287.07 2302.34 2316.45
2332.16 2350.54 2372.44 2398.09 2399.23 2401.70 2407.27 2417.33 2425.25 2429.09 2366.26 2325.85 2304.34 2268.21 2237.02 2214.94 2136.62 2069.39 2031.48 2081.18 2141.22 2208.75 2242.17 2276.73
2311.42 2352.47 2395.32 2436.77 2405.27 2372.23 2337.32 2383.08 2420.85 2451.67 2474.91 2501.77 2528.07 2594.13 2661.27 2728.36 2685.96 2638.12 2581.40 2509.16 2456.06 2445.44 2396.09 2353.48
2336.62 2349.17 2362.95 2401.64 2410.44 2432.12 2466.29 2516.31 2559.61 2594.29 2488.62 2393.85 2327.98 2343.12 2369.86 2410.41 2416.29 2422.09 2426.32 2462.89 2498.07 2533.00 2468.02 2404.69
2346.76 2378.90 2420.22 2426.39 2354.94 2285.53 2217.85 2277.49 2332.73 2383.14 2447.82 2505.91 2552.69 2464.42 2389.14 2340.92 2262.18 2183.28 2100.33 2056.75 2067.62 2133.62 2101.66 2178.56
2310.62 2250.94 2194.96 2140.93 2092.60 2052.90 2024.45 2121.62 2205.68 2273.89 2368.77 2447.30 2502.69 2551.01 2596.24 2636.71 2612.69 2590.22 2565.41 2570.83 2579.67 2591.02 2576.08 2568.47
2570.13 2479.54 2378.96 2267.65 2273.33 2290.39 2318.27 2366.51 2406.96 2441.35 2565.92 2676.14 2775.17 2753.79 2740.18 2734.31 2643.04 2532.29 2390.89 2388.00 2402.05 2430.00 2424.85 2411.75
2398.53 2379.12 2361.75 2345.99 2344.11 2343.86 2337.79 2301.28 2259.96 2211.33 2215.60 2231.30 2253.18 2245.75 2245.71 2252.90 2243.58 2235.84 2218.04 2166.67 2102.06 2031.59 2023.52 2018.18
2016.60 1906.61 1783.57 1646.29 1698.33 1802.90 1919.64 1836.80 1735.48 1612.73 1414.56 1725.42 1951.26 2005.92 2063.19 2119.05 2137.93 2184.22 2251.19 2290.71 2328.94 2368.51 2373.17 2383.32
2396.29 2380.93 2370.41 2363.67 2359.85 2356.81 2356.17 2353.14 2352.20 2348.60 2261.33 2251.29 2296.01 2256.79 2274.34 2338.75 2311.84 2283.38 2250.01 2231.24 2214.00 2199.48 2189.21 2180.33
2172.89 2146.06 2117.60 2089.37 1979.72 1834.61 1641.19 1193.74 1439.29 1696.00 1796.15 1877.83 1944.96 2022.89 2096.21 2164.23 2165.65 2161.95 2154.77 2212.48 2256.73 2307.97 2354.61 2399.89
2444.01 2424.40 2406.51 2389.94 2354.36 2326.01 2307.27 2334.80 2367.54 2396.65 2372.90 2347.94 2320.76 2329.91 2353.42 2387.89 2355.50 2317.80 2269.22 2262.39 2255.77 2250.79 2241.76 2253.65
2287.72 2303.48 2388.39 2517.43 2553.85 2589.46 2616.70 2613.00 2604.41 2588.85 2523.87 2453.66 2385.84 2367.89 2356.59 2350.67 2303.57 2252.39 2192.28 2186.62 2184.54 2188.08 2085.90 1976.79
1897.31 1916.04 1935.94 1956.62 1908.80 1860.06 1807.69 1656.57 1525.11 1505.75 1756.59 1929.67 2058.20 2110.32 2167.05 2223.61 2233.36 2245.61 2250.39 2271.01 2289.40 2309.09 2307.61 2316.93
2336.41 2336.45 2339.29 2347.55 2371.44 2401.33 2434.07 2450.30 2460.94 2461.53 2441.28 2419.18 2392.96 2382.29 2375.28 2371.60 2329.86 2280.53 2217.31 2238.27 2260.11 2281.18 2294.76 2308.44
2324.35 2320.84 2321.65 2326.93 2318.36 2309.50 2301.81 2304.43 2301.49 2292.30 2241.00 2196.48 2176.49 2176.50 2205.12 2259.72 2281.90 2342.63 2442.87 2464.10 2494.59 2535.54 2596.08 2659.69
2725.46 2699.93 2674.84 2651.05 2673.75 2696.10 2719.89 2580.26 2428.14 2270.26 2219.72 2182.72 2160.99 1979.89 1763.08 1477.92 1401.34 1458.66 1622.51 1879.77 2104.13 2293.43 2283.95 2290.56
2313.42 2289.86 2262.06 2238.78 2269.05 2300.25 2328.43 2309.71 2285.70 2251.60 2320.28 2374.82 2419.97 2437.09 2460.51 2489.23 2453.57 2417.11 2375.70 2427.22 2479.00 2529.74 2539.65 2549.35
2559.94 2538.56 2516.85 2495.67 2484.37 2473.81 2462.27 2494.38 2528.34 2557.02 2533.61 2516.81 2506.48 2428.81 2354.21 2282.49 2261.92 2247.30 2237.07 2257.75 2279.76 2303.78 2290.32 2281.72
2276.94 2244.22 2245.65 2280.94 2272.36 2272.75 2279.37 2264.94 2248.18 2221.45 2244.14 2299.02 2360.10 2324.75 2296.68 2275.62 2250.82 2223.80 2189.91 2119.59 2043.80 1966.15 1939.16 1907.83
1879.76 1862.37 1881.01 1906.81 1952.94 2013.75 2082.85 1943.00 1794.06 1669.93 1769.46 1837.25 1864.59 1866.84 1924.53 2008.99 1890.06 1742.15 1541.29 1814.46 2024.40 2194.82 2160.24 2131.07
2114.62 2101.13 2096.77 2104.01 2025.13 2034.17 2125.37 2125.75 2124.16 2113.99 2057.06 1999.38 1942.80 1847.02 1760.23 1683.66 1424.74 1514.74 1572.48 1918.94 2197.49 2430.90 2406.32 2376.59
2345.07 2378.27 2409.52 2434.59 2444.26 2462.08 2488.56 2552.01 2614.34 2668.77 2662.10 2658.86 2658.27 2673.43 2691.78 2713.48 2674.30 2633.11 2584.32 2588.73 2587.14 2591.53 2566.94 2540.98
2517.07 2550.37 2584.21 2619.27 2567.29 2510.22 2450.52 2426.92 2400.80 2367.79 2347.25 2328.73 2312.99 2279.86 2273.27 2311.01 2296.69 2284.07 2262.72 2261.49 2298.36 2364.93 2387.07 2401.47
2416.79 2408.26 2408.10 2416.07 2412.33 2408.42 2404.73 2371.45 2326.37 2269.92 2242.21 2214.84 2188.12 2159.60 2137.04 2118.10 2055.50 2033.36 2069.11 2172.45 2273.02 2368.22 2383.79 2399.47
2418.66 2375.53 2336.36 2301.04 2342.02 2383.52 2418.66 2373.02 2321.75 2266.75 2328.31 2378.11 2419.06 2482.55 2552.65 2625.50 2549.04 2469.13 2389.03 2422.03 2453.90 2484.19 2467.38 2453.37
2440.37 2385.42 2327.54 2263.50 2304.64 2345.47 2387.02 2421.26 2450.90 2471.97 2439.74 2407.19 2369.61 2226.27 2087.04 1969.92 1897.50 1812.04 1697.17 1719.35 1743.82 1770.85 1828.08 1910.49
1993.51 1897.14 2079.13 2320.73 2323.07 2325.77 2328.50 2248.43 2160.39 2054.72 1911.64 1804.65 1768.40 1811.40 1868.52 1932.74 1819.06 1686.60 1551.47 1519.86 1860.49 2131.77 2121.17 2131.64
2131.75 2062.28 2007.65 1982.39 2063.79 2164.23 2267.81 2202.58 2135.19 2056.27 2015.02 1974.99 1933.73 1855.66 1802.37 1735.00 1799.01 1893.06 1998.31 2103.08 2209.54 2313.87 2319.06 2326.83
2335.14 2329.79 2330.16 2335.77 2333.18 2332.27 2334.02 2304.09 2272.51 2228.27 2098.15 1964.12 1822.88 1814.56 1860.95 1926.75 2023.18 2120.19 2217.16 2244.84 2290.43 2349.96 2350.34 2350.25
2348.83 2358.92 2370.86 2386.33 2384.84 2385.38 2387.85 2392.82 2395.29 2386.42 2328.56 2270.02 2210.46 2188.93 2173.98 2164.37 2186.77 2221.30 2263.89 2294.89 2325.95 2356.96 2364.56 2378.08
2395.57 2416.93 2435.18 2453.85 2423.40 2399.22 2382.27 2394.49 2402.94 2400.28 2318.67 2263.88 2233.17 2227.78 2227.98 2232.70 2192.76 2153.77 2113.74 2130.93 2162.73 2202.53 2177.79 2156.46
2138.76 2123.62 2111.12 2103.84 1958.72 1824.96 1765.44 1643.23 1845.06 2011.30 1893.36 1769.82 1636.44 1593.31 1775.33 1948.76 1989.53 2032.10 2073.26 2105.61 2132.88 2154.42 2139.40 2134.00
2137.36 2138.47 2140.56 2143.31 2152.10 2161.08 2171.93 2263.61 2344.86 2408.77 2403.31 2452.70 2527.93 2521.53 2519.41 2519.04 2467.82 2415.69 2362.99 2383.54 2403.82 2424.85 2455.39 2496.98
2546.61 2595.81 2644.66 2690.81 2663.74 2640.01 2619.90 2556.03 2487.57 2409.19 2362.76 2473.52 2639.93 2665.83 2702.67 2745.84 2679.29 2603.58 2512.99 2481.83 2447.19 2409.03 2424.27 2440.35
2458.31 2412.59 2367.21 2309.55 2288.26 2255.37 2218.47 2187.90 2175.82 2178.88 2267.98 2359.40 2442.25 2462.82 2502.35 2557.49 2457.67 2334.01 2156.80 2170.00 2199.23 2240.25 2236.83 2240.23
2249.92 2269.73 2309.66 2364.04 2346.99 2349.14 2368.72 2350.96 2330.84 2298.85 2169.99 2038.88 1922.28 1869.65 1824.53 1786.39 1746.36 1711.07 1684.69 1600.79 1512.42 1340.53 1217.11 1384.24
1632.84 1630.33 1630.81 1630.23 1786.78 1917.02 2030.46 1955.66 1874.86 1777.38 1869.06 1940.91 2000.11 2039.11 2085.15 2137.34 2140.33 2153.00 2163.20 2207.68 2251.20 2295.64 2305.72 2318.40
