1440.71 1764.93 2001.98 2195.20 2232.01 2275.52 2322.49 2377.82 2427.86 2467.92 2554.82 2623.07 2665.34 2648.82 2637.58 2632.95 2577.18 2517.52 2449.52 2419.60 2391.38 2367.15 2395.37 2424.10
2450.05 2432.64 2415.12 2394.10 2360.88 2292.77 2266.01 2350.49 2412.77 2478.04 2352.50 2212.99 2042.58 2099.18 2153.15 2203.71 2264.33 2329.23 2394.38 2238.63 2047.37 1795.79 1808.12 1729.74
1823.71 1821.71 1857.46 1915.65 1557.82 1542.17 1919.91 2046.13 2161.16 2261.51 2333.77 2405.17 2468.72 2459.59 2458.76 2464.98 2372.59 2270.66 2154.82 2186.18 2221.07 2262.82 2239.98 2245.72
2280.12 2281.99 2293.17 2313.26 2301.63 2304.94 2322.49 2344.88 2369.95 2391.81 2318.25 2248.01 2181.74 2101.99 2038.73 1999.91 1964.66 1945.16 1946.29 1994.62 2080.54 2147.82 2169.76 2192.67
2216.33 2251.02 2275.65 2297.42 2278.45 2260.05 2239.71 2205.87 2156.01 2085.75 2039.99 1981.34 1955.25 1980.85 2020.45 2067.69 2120.48 2181.49 2244.44 2232.28 2232.71 2245.18 2252.73 2262.14
2272.20 2260.37 2256.84 2263.56 2261.75 2263.99 2266.83 2279.58 2291.62 2296.86 2345.56 2381.88 2410.29 2431.60 2454.26 2480.95 2425.09 2360.53 2284.44 2361.56 2435.16 2506.53 2473.02 2439.21
2404.96 2291.18 2177.27 2069.68 2061.96 2057.67 2055.14 2099.85 2138.12 2165.07 2072.08 1996.14 1946.29 1937.18 1932.52 1932.69 1992.02 2059.10 2122.51 2068.58 2045.79 2028.63 2085.36 2141.50
2187.84 2168.47 2153.52 2142.75 2147.72 2147.90 2145.14 2098.63 2047.03 1982.31 1889.57 1794.54 1725.39 1720.79 1849.44 2004.75 2053.15 2111.47 2177.83 2197.89 2208.25 2221.03 2262.75 2303.96
2345.63 2397.48 2449.87 2502.59 2492.26 2482.24 2468.66 2472.44 2473.61 2473.62 2468.94 2469.07 2460.32 2434.34 2410.11 2374.31 2281.31 2174.76 2048.86 2014.94 1984.98 1899.81 1891.90 1901.37
1917.59 1935.84 1957.74 1980.74 1931.37 1882.44 1828.06 1846.28 1876.82 1910.56 1969.81 2031.78 2083.06 2135.70 2190.53 2243.75 2228.93 2215.50 2201.67 2193.82 2194.71 2202.31 2184.77 2168.88
2151.93 2093.15 2034.98 1982.67 2060.90 2132.62 2197.98 2247.42 2291.49 2326.32 2321.16 2315.16 2322.97 2296.90 2273.40 2252.56 2220.07 2195.46 2109.87 2071.97 1975.04 1925.80 1983.58 2040.28
2095.21 2084.70 2101.03 2142.35 2097.02 2119.02 2200.97 2255.72 2352.44 2458.34 2526.41 2594.81 2663.54 2628.04 2597.39 2571.70 2486.13 2388.55 2273.00 2263.11 2288.13 2347.85 2303.86 2256.50
2208.42 2215.93 2223.71 2234.03 2240.22 2245.55 2251.71 2316.89 2371.47 2414.19 2371.95 2312.45 2247.83 2217.29 2196.80 2188.67 2181.61 2161.55 2139.35 2104.34 2068.37 2029.64 2073.48 2116.01
2159.13 2125.23 2090.56 2054.34 2045.75 2017.11 2002.64 1951.40 1893.70 1827.84 1741.59 1651.84 1551.38 1567.11 1626.80 1550.11 1594.74 1666.60 1746.86 1569.98 1429.30 1532.41 1604.61 1670.15
1732.10 1684.95 1761.84 1897.13 1821.93 1738.34 1640.82 1689.60 1754.47 1819.35 1869.05 1910.97 1947.08 1942.71 1940.84 1948.07 1962.93 1995.28 2041.67 2032.33 2043.45 2077.70 2090.00 2104.08
2117.63 2123.02 2131.37 2142.12 2134.14 2131.71 2135.33 2069.86 2002.85 1931.63 2045.08 2133.94 2202.87 2163.64 2147.76 2156.30 2178.15 2161.34 2161.80 2218.45 2196.03 2186.27 2186.52 2203.57
2238.93 2204.82 2173.91 2146.00 2164.17 2184.66 2205.79 2205.53 2214.42 2224.31 2197.89 2188.09 2191.14 2132.31 2074.74 1996.03 1746.19 1288.38 1507.60 1636.25 1738.38 1835.67 1794.53 1884.80
2040.02 2008.79 1979.58 1950.77 2032.04 2110.23 2182.67 2204.56 2232.15 2255.11 2420.12 2544.04 2639.14 2622.10 2610.79 2576.22 2521.98 2461.89 2392.05 2398.56 2408.53 2392.91 2368.82 2353.81
2346.29 2339.02 2436.62 2594.53 2690.21 2837.56 3008.13 3028.00 3046.52 3057.36 3054.36 3050.93 3048.21 2992.97 2939.37 2889.09 2823.76 2753.74 2675.18 2592.10 2499.94 2400.39 2367.30 2332.77
2296.32 2291.99 2294.54 2303.40 2224.61 2163.02 2133.24 2050.59 1891.44 1685.70 1178.22 1594.23 1372.03 1635.41 1939.53 2160.27 2116.04 2084.38 2075.01 2119.13 2185.77 2266.90 2281.08 2294.93
2309.49 2300.31 2290.91 2280.95 2285.26 2292.07 2297.77 2363.08 2420.84 2463.50 2530.95 2584.62 2626.94 2639.04 2655.67 2676.38 2626.58 2570.97 2509.57 2585.50 2657.50 2727.20 2725.46 2725.71
2726.39 2715.33 2704.30 2692.82 2701.98 2711.45 2719.99 2696.91 2670.54 2637.60 2642.14 2619.74 2565.14 2418.16 2264.24 2107.79 1956.13 1926.44 2011.90 1804.16 1818.09 2055.12 2427.18 2728.19
2987.56 2999.19 3010.34 3021.80 2965.98 2909.55 2857.73 2838.43 2816.03 2788.56 2791.74 2795.37 2801.95 2696.38 2599.56 2520.30 2432.92 2334.89 2222.60 2041.69 1837.41 1717.62 1787.05 1887.15
2074.32 2136.64 2195.19 2251.36 2221.51 2197.25 2176.97 2133.65 2086.09 2025.48 2082.33 2125.55 2160.13 2178.38 2105.97 2034.65 1854.18 1770.34 1939.65 1995.66 2063.14 2138.96 2166.47 2218.42
2277.11 2280.11 2281.69 2290.78 2252.55 2246.40 2248.91 2127.34 1996.11 1856.84 1907.75 2054.13 2187.14 2198.29 2211.00 2228.61 2171.69 2130.16 2103.09 2149.47 2192.17 2232.72 2201.60 2179.71
2167.77 2121.37 2073.65 2025.88 1942.02 1860.04 1790.68 1745.24 1731.11 1602.67 1531.60 1507.44 1648.63 1691.75 1746.38 1809.02 1854.87 1870.07 1903.45 2040.42 2163.12 2233.01 2125.11 2007.30
1882.82 1893.96 1903.23 1802.23 1530.46 1670.15 1882.43 1961.50 2026.90 2074.85 2091.79 2113.41 2139.35 2109.56 2084.50 2065.40 2006.00 1940.06 1866.63 1665.08 1777.61 2039.08 2132.59 2219.87
2300.99 2296.98 2293.24 2290.03 2295.53 2304.50 2317.08 2321.47 2317.56 2304.36 2315.20 2321.15 2305.07 2039.20 2002.85 2043.87 2104.12 2332.51 2589.33 2714.27 2833.65 2923.34 2918.43 2907.48
2886.71 2849.47 2809.33 2766.90 2705.24 2644.95 2577.51 2514.03 2441.70 2357.84 2270.41 2198.92 2155.79 2148.94 2179.10 2164.01 2115.37 2067.77 2019.71 2029.33 2054.23 2089.89 2074.93 2063.81
2058.27 2070.19 2099.58 2142.68 2124.03 2104.84 2083.93 2070.93 2055.65 2035.01 2049.84 2100.79 2167.92 2246.99 2333.58 2419.96 2392.90 2365.71 2339.45 2270.53 2192.70 2104.97 2084.76 2064.13
2042.20 2003.77 1964.66 1923.59 1963.55 2001.50 2038.92 2094.75 2141.93 2177.16 2269.77 2342.54 2397.65 2353.63 2313.33 2278.00 2264.18 2237.41 2222.49 2261.47 2264.76 2268.99 2214.42 2162.85
2116.13 2112.20 2117.51 2132.24 2057.07 2022.49 2045.74 1925.71 1802.58 1686.42 1812.24 1913.28 1994.92 2056.67 2114.24 2170.71 2159.57 2148.60 2141.11 2127.56 2111.17 2093.02 2104.07 2114.87
2123.84 2098.46 2069.53 2039.08 1996.44 1952.10 1902.88 1929.81 1952.70 1968.55 2076.75 2168.16 2211.95 2237.52 2270.33 2282.29 2268.76 2253.78 2242.22 2253.00 2264.29 2279.12 2258.62 2238.09
2217.77 2212.72 2207.56 2202.38 2191.70 2189.79 2197.63 2146.27 2101.52 2061.86 2102.29 2152.65 2200.83 2179.78 2163.82 2140.99 2097.48 2052.05 2008.25 2074.35 2136.73 2200.04 2205.77 2199.09
2185.50 2159.82 2133.26 2106.38 2090.39 2076.80 2065.56 2052.66 2031.95 2004.42 1988.40 1971.26 1958.77 1944.62 1934.92 1932.63 1908.08 1892.32 1893.55 1957.59 2019.15 2085.07 2075.17 2074.47
2082.81 2072.84 2062.49 2054.17 2056.49 2063.28 2074.39 2056.43 2036.01 2011.39 2113.57 2192.93 2255.70 2287.92 2321.24 2361.97 2296.46 2224.76 2141.71 2147.42 2151.11 2155.84 2140.33 2121.51
2101.77 2158.55 2162.34 2164.66 2150.65 2134.90 2120.76 2142.10 2158.02 2167.46 2157.03 2145.34 2136.64 2158.70 2154.96 2154.26 2123.58 2096.97 2080.20 2131.81 2183.25 2236.65 2295.27 2346.74
2369.00 2340.13 2310.88 2280.81 2231.60 2182.30 2139.58 2027.07 2165.93 2388.72 2427.79 2466.59 2516.33 2416.50 2333.83 2290.88 2306.48 2299.58 2339.41 2312.15 2279.45 2245.22 2399.58 2541.14
2651.28 2693.78 2722.88 2748.13 2696.19 2646.02 2598.90 2632.75 2666.29 2697.37 2613.70 2526.39 2436.80 2464.77 2496.31 2530.72 2486.60 2442.30 2399.54 2389.94 2383.59 2381.76 2391.39 2408.71
2432.92 2383.19 2331.48 2275.15 2264.37 2257.35 2252.26 2269.58 2265.99 2216.73 2141.80 2110.83 2137.56 2157.55 2188.01 2195.73 2193.53 2203.89 2219.38 2181.11 2161.99 2163.32 2150.24 2137.56
2124.99 2122.49 2121.71 2127.24 2078.65 2035.67 2004.07 2002.77 2000.27 1999.61 1957.14 1981.75 2047.72 2102.11 2213.94 2334.49 2289.57 2245.24 2208.27 2144.94 2073.64 1995.61 1983.57 1973.04
1961.31 1954.68 1952.46 1955.78 1977.49 2005.49 2038.45 2098.12 2155.76 2206.89 2217.03 2227.36 2244.82 2155.01 2055.53 1944.77 1929.27 1830.08 1727.52 2012.95 2226.45 2403.69 2334.94 2350.86
2448.49 2416.53 2487.89 2630.04 2645.55 2668.29 2700.15 2654.59 2610.87 2569.61 2534.35 2491.85 2450.20 2413.23 2368.60 2318.30 2191.86 2040.69 2004.45 1966.83 1986.48 1967.17 1733.18 1357.29
1413.74 1486.84 1579.03 1671.32 1804.18 1922.94 2029.37 2119.72 2188.72 2243.28 2273.99 2297.91 2316.11 2338.50 2363.11 2390.79 2400.72 2410.77 2424.42 2461.93 2498.58 2535.46 2538.22 2544.34
2552.43 2546.03 2541.80 2539.44 2551.45 2564.13 2576.91 2582.30 2580.40 2570.53 2588.02 2588.78 2545.97 2447.61 2349.20 2252.36 2216.98 2178.96 2146.60 2195.10 2239.81 2240.71 2238.10 2235.95
2234.83 2214.51 2194.11 2172.88 2169.32 2172.62 2182.10 2163.35 2135.66 2100.18 2083.06 2062.28 2038.21 2016.88 2013.37 2027.96 2002.23 1975.54 1959.08 1895.59 1820.98 1744.72 1721.37 1706.26
1699.45 1337.26 1403.78 1652.91 1730.82 1857.75 1996.63 2113.19 2209.49 2288.84 2194.02 2111.90 1984.01 1924.02 1897.96 1904.50 1890.96 1879.57 1881.17 1918.87 1965.50 2023.53 2028.97 2042.10
2063.06 2016.90 2017.47 2068.34 2080.43 2118.78 2170.09 2118.15 2207.28 2358.07 2394.42 2454.41 2526.07 2462.52 2417.45 2397.83 2383.04 2372.96 2367.20 2343.68 2312.40 2277.58 2344.99 2417.97
2492.74 2501.11 2510.86 2521.97 2536.13 2551.20 2565.46 2641.57 2704.71 2758.66 2684.74 2615.79 2554.60 2555.21 2557.96 2561.45 2574.00 2586.89 2603.95 2550.69 2488.97 2420.28 2452.84 2485.26
2516.19 2525.98 2535.28 2545.15 2538.50 2533.14 2507.08 2480.76 2453.17 2425.07 2418.90 2397.64 2372.58 2295.82 2216.58 2129.35 2109.88 2096.13 2089.99 1976.23 1908.40 2009.79 1723.27 1373.54
1723.35 1221.27 1587.20 1923.71 1993.81 2094.73 2184.53 2120.33 2064.97 2025.46 1787.88 1561.98 1530.54 1516.49 1512.34 1512.29 1553.07 1711.21 1890.05 2011.06 2120.36 2229.48 2203.17 2177.16
2152.16 2135.70 2179.11 2265.47 2175.19 2077.42 1962.61 1951.12 1932.17 1908.20 2066.08 2189.90 2292.77 2328.93 2365.40 2396.34 2388.45 2384.35 2387.46 2313.97 2229.29 2139.32 2094.69 2047.49
1997.44 2062.28 2127.66 2191.97 2161.83 2142.55 2140.41 2058.78 1961.87 1859.71 1834.73 1845.40 1871.00 1926.44 1983.71 2038.93 2090.07 2160.44 2249.97 2200.11 2143.70 2084.08 2082.25 2083.87
2088.87 2088.02 2109.43 2149.06 2111.17 2130.14 2196.53 2317.93 2530.29 2730.73 2704.74 2684.42 2672.54 2650.57 2633.81 2622.04 2578.46 2529.41 2480.20 2437.45 2382.96 2318.24 2317.53 2324.93
2340.38 2251.34 2255.80 2358.57 2365.75 2385.52 2417.22 2371.14 2314.13 2252.20 2218.63 2202.97 2206.71 2157.59 2120.22 2100.31 2134.55 2172.17 2217.61 2234.43 2246.88 2260.24 2262.67 2267.84
2275.61 2275.61 2275.90 2275.83 2263.63 2250.27 2235.58 2215.70 2194.53 2178.88 2230.80 2299.52 2371.77 2382.86 2396.85 2413.00 2379.22 2346.15 2318.41 2293.53 2262.05 2224.93 2184.14 2145.18
2104.60 2077.87 2050.98 2027.91 2035.93 2069.87 2122.65 2026.45 1912.90 1782.07 1868.96 1936.15 1891.27 1993.25 2101.87 2203.72 2240.83 2280.48 2321.82 2336.01 2344.76 2354.82 2256.68 2146.70
2025.01 2014.69 2020.02 2041.74 2037.30 2042.59 2059.22 1936.20 1785.65 1601.23 1432.19 1294.51 1276.30 1249.25 1492.31 1461.98 1463.92 1472.45 1491.73 1697.86 1872.42 1992.49 1964.03 1934.99
1906.59 1890.27 1908.62 1930.74 1846.80 1760.36 1682.54 1761.93 1885.11 2017.16 1875.48 1706.51 1495.51 1532.72 1749.87 1937.28 2036.25 2130.07 2223.70 2185.12 2123.36 2046.23 2027.12 2023.88
2040.82 2066.53 2091.81 2116.66 2117.58 2124.40 2137.24 2157.40 2191.43 2232.70 2210.14 2213.77 2230.02 2222.73 2212.85 2146.36 2044.00 1923.33 1774.31 1858.96 1977.02 2042.01 2043.44 2046.47
2054.38 2050.14 2055.53 2069.73 2027.56 1985.26 1943.86 1960.18 1964.24 1961.54 1875.95 1891.98 1963.63 2029.14 2089.91 2152.67 2114.66 2087.33 2076.17 2070.51 2062.37 2055.10 2096.60 2147.18
2198.90 2151.85 2103.13 2051.05 1897.28 1600.92 1116.33 1715.14 2151.17 2446.00 2558.36 2665.49 2769.08 2773.10 2783.57 2803.64 2831.76 2861.94 2895.24 2857.72 2812.24 2767.32 2772.51 2777.77
2772.29 2793.10 2805.17 2815.79 2827.31 2841.10 2853.63 2866.28 2874.43 2882.49 2824.86 2766.02 2709.76 2691.77 2676.37 2658.85 2590.58 2518.84 2443.02 2325.98 2185.14 2014.17 2084.13 2151.14
2165.39 2228.81 2269.66 2294.18 2254.05 2217.50 2184.16 2321.25 2425.32 2511.43 2488.80 2463.60 2441.67 2392.77 2382.80 2412.37 2418.02 2420.68 2437.92 2406.77 2341.35 2240.52 2119.64 1977.24
1800.04 1902.02 2003.67 2097.85 2058.44 1999.29 1948.59 1881.93 1841.66 1842.75 2017.69 2199.45 2352.88 2412.57 2470.17 2529.24 2518.38 2508.87 2502.12 2512.35 2523.18 2535.70 2509.00 2486.51
2470.37 2468.47 2463.65 2457.75 2403.92 2348.48 2291.63 2331.59 2356.43 2371.65 2404.94 2429.73 2447.69 2413.10 2370.20 2341.35 2318.31 2300.13 2284.01 2317.12 2345.68 2375.57 2432.40 2493.32
2557.80 2543.58 2528.85 2514.17 2488.22 2461.24 2432.67 2355.41 2266.73 2173.46 2228.21 2268.99 2299.48 2292.08 2288.79 2291.72 2241.90 2201.38 2177.16 2234.30 2286.13 2337.78 2344.02 2353.60
2366.11 2415.40 2463.96 2510.84 2511.56 2512.92 2516.59 2390.19 2274.95 2202.98 2169.01 2227.46 2329.35 2277.95 2229.33 2186.27 2025.48 1871.30 1784.48 1669.88 1526.49 1425.90 1118.90 1386.84
1655.38 1698.25 1740.21 1782.16 1868.01 1964.46 2059.56 2105.66 2135.04 2153.04 2192.38 2224.69 2251.96 2291.71 2332.74 2373.08 2384.71 2396.96 2412.38 2383.94 2351.04 2317.62 2309.16 2304.04
2302.66 2275.87 2248.02 2220.23 2179.75 2131.84 2086.99 2213.27 2294.52 2357.41 2291.23 2260.39 2259.06 2276.95 2293.94 2315.49 2335.80 2358.43 2383.88 2335.60 2277.31 2219.02 2215.47 2213.67
2213.32 2174.74 2135.64 2093.00 2073.22 2064.34 2065.35 2088.54 2100.56 2104.22 2169.93 2302.18 2432.36 2484.74 2537.00 2589.28 2598.29 2611.46 2628.19 2646.84 2660.52 2674.18 2709.34 2747.94
2789.90 2924.25 3045.52 3104.13 2898.51 2714.75 2647.98 2501.92 2318.27 2079.10 2166.45 2242.82 2304.87 2359.47 2439.20 2533.26 2491.53 2446.67 2399.83 2360.67 2311.40 2258.35 2274.95 2290.31
2305.61 2264.31 2245.27 2253.12 2249.87 2346.05 2495.23 2514.52 2525.28 2534.85 2576.77 2625.00 2677.60 2599.10 2544.61 2526.61 2467.73 2414.00 2390.83 2364.35 2315.24 2256.23 2262.69 2267.61
2273.76 2268.81 2265.32 2260.28 2344.60 2421.10 2493.73 2595.09 2677.24 2749.30 2692.84 2638.50 2589.83 2547.72 2501.81 2462.16 2436.04 2410.31 2385.29 2340.30 2281.08 2216.07 2235.81 2256.16
2277.08 2292.90 2309.29 2325.42 2332.74 2342.53 2352.73 2334.42 2306.78 2275.38 2232.03 2204.90 2201.36 2094.93 1963.63 1823.47 1865.91 1916.98 1971.36 1941.45 1901.33 1857.18 1774.07 1696.60
1644.70 1492.48 1575.19 1772.58 1840.97 1967.42 2105.12 2043.80 1976.14 1913.52 1976.47 2050.96 2131.44 2068.59 2003.65 1934.75 2007.60 2080.31 2155.52 2109.92 2053.55 1995.64 2041.11 2085.93
2128.40 2023.78 1903.10 1766.45 1801.00 1882.26 2122.29 2044.20 1952.85 1857.73 1824.82 1909.14 1995.95 2004.65 2018.43 2039.13 2111.40 2184.22 2255.70 2202.92 2143.14 2082.65 1952.91 1828.95
1764.96 1708.96 1685.13 1701.25 1610.46 1536.85 1517.92 1587.23 1671.75 1748.02 1948.47 2132.29 2288.23 2274.93 2265.16 2264.85 2265.28 2268.48 2275.72 2190.25 2093.41 1991.06 1995.31 2002.90
2010.09 1958.62 1905.72 1853.69 1760.12 1695.39 1690.66 1666.93 1636.41 1600.80 1644.59 1698.16 1753.19 1830.79 1909.01 1967.81 1969.50 1974.21 1982.31 2018.20 2034.05 2044.86 1961.19 1880.04
1811.19 1647.52 1489.72 1591.39 1551.91 1535.90 1556.26 1576.61 1591.63 1600.85 1208.19 1143.13 1470.28 1463.25 1464.92 1481.12 1520.46 1574.41 1634.95 1797.25 1932.12 2056.41 2029.61 2001.53
1975.05 1984.92 1991.34 1999.77 1944.22 1919.94 1937.91 1861.29 1770.49 1669.79 1912.41 2083.06 2214.81 2231.11 2257.15 2292.75 2339.37 2389.56 2444.48 2438.54 2429.92 2426.56 2424.49 2427.20
2435.28 2375.12 2310.44 2242.11 2232.55 2223.41 2214.34 2249.88 2272.90 2287.98 2287.16 2286.76 2251.94 2206.02 2169.62 2144.71 2207.84 2277.99 2351.96 2401.49 2446.75 2492.74 2492.77 2463.79
2436.11 2376.55 2312.89 2247.00 2203.99 2159.84 2112.88 2153.32 2182.68 2204.28 2176.57 2149.96 2124.04 2111.00 2102.69 2100.95 2088.10 2083.60 2093.20 2098.95 2095.13 2090.62 2095.95 2111.97
2138.38 2111.59 2086.46 2062.62 2020.65 1956.89 1982.53 1817.76 1714.61 1818.52 1837.48 1891.24 1960.20 2106.02 2234.76 2354.10 2378.98 2405.62 2436.22 2423.29 2396.45 2365.36 2347.87 2311.51
2273.49 2291.67 2309.71 2328.65 2276.54 2219.59 2155.96 2147.69 2140.31 2134.16 2144.55 2168.41 2195.43 2161.58 2130.90 2108.00 2135.42 2169.27 2212.87 2205.47 2188.15 2167.37 2153.80 2152.27
2162.61 2161.13 2158.39 2155.54 2154.66 2155.71 2156.05 2161.92 2165.01 2166.01 2198.84 2229.23 2254.44 2265.45 2279.86 2300.37 2317.76 2337.77 2362.70 2351.67 2331.33 2308.87 2331.53 2354.95
2380.60 2313.18 2240.32 2161.15 2144.68 2129.41 2111.07 2171.84 2217.15 2252.87 2299.64 2338.46 2371.68 2390.60 2414.44 2442.85 2458.25 2475.75 2496.02 2449.36 2392.70 2341.71 2323.00 2313.92
2318.96 2314.22 2316.97 2326.18 2318.61 2311.01 2302.77 2327.43 2353.24 2376.35 2413.93 2450.14 2435.24 2443.96 2455.45 2469.08 2471.00 2474.32 2468.82 2480.90 2484.26 2486.68 2479.74 2473.06
2468.27 2406.71 2344.91 2286.05 2226.61 2165.75 2100.86 1888.59 1820.40 1945.82 2251.60 2585.92 2863.28 2857.75 2855.40 2856.61 2848.97 2841.76 2835.78 2809.67 2773.49 2735.34 2724.70 2714.08
2705.06 2700.15 2700.96 2708.23 2728.05 2748.06 2769.30 2776.13 2778.58 2768.66 2684.07 2596.33 2510.37 2490.97 2479.29 2473.26 2467.95 2478.13 2506.12 2429.04 2328.15 2208.04 2146.97 2087.18
2031.28 2094.74 2154.79 2211.26 2098.48 1992.34 1914.83 1836.43 1747.30 1628.54 1535.96 1457.34 1404.62 1417.08 1479.30 1567.61 1678.56 1796.59 1913.40 2014.51 2144.32 2252.53 2247.55 2243.69
2242.75 2216.20 2197.16 2185.26 2102.37 2061.91 2085.21 2032.39 1994.18 1968.62 1905.18 1905.43 1947.67 1965.59 2012.63 2079.53 2154.06 2228.55 2303.61 2303.40 2290.83 2276.60 2250.31 2244.97
2262.57 2237.53 2212.35 2187.35 2146.42 2104.41 2059.15 2045.20 2036.14 2026.66 2144.72 2259.60 2347.88 2417.66 2486.64 2554.94 2590.57 2615.05 2645.96 2698.45 2705.90 2712.57 2679.20 2645.78
2611.06 2577.79 2543.76 2511.37 2441.26 2372.89 2309.88 2264.30 2234.58 2218.25 2130.08 2090.39 2096.78 1981.56 1905.52 1898.47 1852.03 1818.46 1813.74 1883.62 1950.39 2021.48 1944.49 1794.66
1611.88 1452.25 1425.74 1505.46 1567.66 1622.71 1676.51 1651.50 1620.11 1580.71 1723.26 1824.52 1908.18 1944.39 1983.30 2025.34 2032.82 2042.51 2055.79 2068.08 2065.88 2058.57 2008.45 1977.87
1979.75 2018.76 2056.72 2097.39 2100.41 2100.50 2099.67 2144.81 2184.95 2049.67 2068.13 2087.33 2055.86 2079.10 2104.44 2126.78 2106.18 2085.22 2068.27 2070.86 2062.46 2056.00 1996.89 1990.42
2042.85 2036.02 2028.98 2023.52 1541.49 1535.90 1972.00 1874.69 1707.35 1505.18 1614.53 1777.06 1926.84 1825.90 1732.15 1669.73 1734.95 1808.25 1888.65 1926.90 1975.98 2042.67 1991.71 1962.21
1963.10 1956.38 1904.38 1917.43 1882.14 1850.86 1824.68 1729.33 1644.84 1581.64 1523.19 1470.24 1425.20 1583.47 1716.22 1834.63 1773.16 1704.73 1634.50 1629.96 1668.35 1753.65 1545.55 1356.76
1529.42 1604.65 1684.70 1864.94 1915.70 1966.56 2014.09 1850.83 1690.83 1564.89 1671.60 1781.31 1874.88 1924.44 1973.61 2025.12 2004.72 1983.38 1966.14 2032.78 2090.61 2149.95 2146.81 2153.42
2171.85 2184.76 2197.61 2211.09 2222.32 2238.22 2257.66 2305.13 2337.30 2353.26 2340.94 2328.02 2314.55 2338.82 2366.24 2400.31 2399.44 2402.98 2414.60 2462.40 2500.23 2537.11 2512.05 2484.77
2455.30 2381.57 2301.27 2217.21 2108.83 2080.08 2137.81 2125.88 2185.37 2269.55 2269.50 2276.11 2290.13 2101.03 1881.20 1648.30 1367.14 1105.65 1544.20 1794.51 1800.20 1703.36 1655.59 1931.10
2191.17 2170.95 2129.37 2082.43 2115.15 2166.35 2228.80 2206.68 2179.20 2144.88 2150.17 2155.31 2163.70 2234.02 2302.92 2372.89 2433.04 2494.56 2557.12 2472.68 2361.44 2233.45 2282.48 2332.08
2381.41 2391.61 2399.09 2406.70 2389.90 2372.69 2356.21 2138.53 1809.36 1477.29 1648.24 1941.86 2370.14 2482.52 2585.78 2683.30 2728.34 2777.93 2832.33 2873.64 2920.51 2978.71 2956.41 2935.15
2917.55 2865.34 2811.64 2757.32 2654.43 2536.72 2401.03 2402.44 2400.19 2363.06 2247.07 2128.02 2006.83 1930.88 1869.89 1831.96 1742.09 1754.48 1906.22 1982.01 2099.25 2241.58 2251.78 2261.90
2272.56 2271.37 2271.91 2273.88 2267.52 2263.99 2263.29 2339.00 2393.65 2429.25 2451.88 2470.43 2487.99 2443.20 2406.26 2378.45 2341.37 2305.10 2272.82 2287.87 2290.25 2289.53 2357.23 2425.03
2494.42 2441.03 2383.17 2320.64 2292.33 2264.09 2233.58 2333.81 2413.64 2476.34 2481.40 2484.99 2490.89 2494.79 2513.95 2546.81 2538.68 2531.47 2524.95 2494.51 2446.86 2390.43 2411.83 2440.74
2475.57 2449.79 2422.73 2394.87 2373.78 2352.36 2330.28 2363.91 2391.58 2407.98 2369.26 2331.78 2278.51 2194.78 2115.79 2047.96 2052.88 2060.63 2073.97 2184.69 2301.37 2413.54 2170.62 1919.87
1915.25 1743.68 1807.96 1939.53 1898.62 1932.27 2034.33 2173.94 2298.11 2402.18 2422.14 2491.00 2587.57 2601.09 2621.45 2652.00 2659.66 2665.83 2676.93 2553.66 2393.14 2204.94 2156.99 2142.66
2142.89 2136.38 2158.45 2160.98 2206.24 2263.79 2330.21 2367.45 2400.64 2424.63 2469.56 2510.37 2549.50 2498.60 2451.67 2410.37 2336.76 2248.03 2152.22 2098.75 2023.34 1933.45 1773.58 1580.24
1457.35 1399.03 1461.46 1584.65 1637.81 1697.00 1757.71 1745.16 1746.10 1738.64 1818.72 1880.34 1928.83 1943.70 1964.39 1991.76 1992.16 1993.45 1999.95 2066.50 2124.33 2183.81 2184.76 2189.11
2196.85 2191.65 2187.54 2186.05 2182.02 2179.27 2175.51 2241.49 2290.67 2321.40 2324.92 2329.78 2335.24 2339.12 2349.27 2366.52 2385.96 2406.88 2431.77 2413.61 2379.59 2337.28 2346.29 2358.42
2372.52 2354.95 2336.22 2317.20 2238.37 2147.94 2044.85 2144.57 2220.10 2275.50 2289.61 2302.35 2317.88 2327.52 2339.98 2359.91 2373.96 2384.90 2397.52 2391.93 2372.69 2349.06 2317.59 2284.33
2250.82 2259.85 2269.17 2279.74 2212.08 2150.61 2102.08 2058.99 2018.14 1978.32 2110.64 2217.32 2311.56 2334.63 2376.01 2429.81 2461.53 2495.05 2531.11 2474.05 2393.70 2293.86 2259.82 2224.66
2186.49 2040.63 1870.07 1991.97 1990.41 2047.20 2151.94 2181.15 2228.04 2285.65 2253.69 2225.72 2198.90 2145.63 2126.90 2145.00 2135.35 2128.50 2122.64 2082.79 2036.83 1999.92 1983.66 1980.95
1995.22 2034.43 2072.71 2114.41 2124.42 2134.72 2146.14 2135.87 2124.40 2104.49 2053.08 2004.37 1960.25 1967.65 2035.65 2137.65 2081.35 2018.32 1950.77 1992.29 2025.75 2061.18 1897.51 1724.85
1436.48 1539.36 1629.43 1709.55 1874.45 2009.78 2130.71 2123.48 2177.31 2201.86 2123.16 2078.29 2071.72 2011.36 1945.70 1885.43 1873.60 1867.37 1870.02 1886.48 1947.10 2048.48 1952.54 1897.78
1917.86 1977.31 2034.28 2089.53 2104.55 2133.17 2171.01 2187.16 2197.73 2196.52 2236.59 2270.35 2300.03 2286.13 2284.46 2295.23 2267.77 2240.55 2216.53 2207.65 2191.25 2181.05 2156.71 2134.87
2118.31 2110.54 2103.63 2096.77 2101.85 2107.33 2110.90 2057.41 2018.62 1984.98 2076.94 2176.02 2265.05 2275.54 2293.19 2319.80 2330.69 2344.14 2363.40 2384.34 2394.67 2402.59 2386.28 2378.19
2381.49 2322.43 2257.62 2187.24 2143.39 2096.58 2044.72 2090.29 2124.65 2143.43 2252.97 2344.78 2428.43 2395.83 2375.71 2370.33 2380.47 2395.89 2416.71 2376.58 2318.04 2247.11 2234.93 2222.84
2213.22 2207.11 2201.39 2195.79 2216.59 2236.65 2254.26 2326.72 2385.30 2428.58 2499.00 2560.49 2617.15 2596.82 2581.88 2580.42 2554.01 2517.88 2480.00 2460.37 2427.87 2389.11 2375.61 2363.85
2360.34 2322.10 2282.06 2240.24 2176.10 2105.36 2023.61 2130.28 2213.62 2274.70 2228.81 2179.29 2139.76 2218.13 2300.10 2362.32 2343.16 2324.20 2305.14 2318.01 2321.71 2324.26 2365.28 2418.80
2482.04 2303.49 2089.49 1862.89 1980.33 2131.06 2276.94 2157.32 2119.40 2161.71 2196.54 2246.00 2319.75 2323.24 2317.41 2286.72 2275.88 2189.25 2090.18 2079.98 2061.74 2043.27 2142.83 2237.88
2325.31 2191.54 2034.96 1839.92 1756.16 1659.84 1547.57 1646.04 1736.63 1805.10 1934.54 2039.36 2127.13 2122.69 2126.59 2123.48 2031.85 1922.21 1789.11 1845.14 1772.06 1730.49 1656.57 1565.45
1459.99 1334.69 1450.38 1508.34 1692.31 1841.23 1916.92 1917.74 1919.21 1915.71 1923.70 1926.27 1930.35 1954.57 2014.12 2090.29 2056.10 2024.26 1999.25 1983.18 1951.47 1911.44 1777.35 1670.69
1679.51 1765.12 1888.21 2014.37 2019.35 2025.76 2029.55 2044.17 2058.37 2064.34 2059.73 2069.74 2092.10 2111.84 2137.40 2166.10 2204.51 2248.08 2298.30 2270.56 2230.96 2188.14 2205.86 2228.44
2258.07 2207.31 2158.94 2116.24 2069.63 2040.33 2031.21 1959.63 1901.92 1851.71 1981.52 2121.01 2244.03 2217.73 2198.44 2183.61 2172.84 2176.85 2199.52 2161.84 2100.77 2022.64 2029.71 2039.43
2051.54 2044.27 2037.53 2033.92 1996.43 1962.34 1931.23 1972.87 2004.03 2020.32 2101.32 2173.00 2237.46 2232.99 2239.44 2253.07 2356.85 2443.48 2534.56 2528.04 2508.64 2486.41 2442.95 2410.10
2391.59 2400.91 2411.82 2422.19 2338.74 2253.12 2165.15 2183.32 2200.58 2218.26 2102.89 1977.83 1799.13 1808.73 1768.80 1697.94 1744.99 1795.15 1850.77 1871.61 1881.95 1885.78 1880.00 1883.56
1905.54 1921.52 1944.43 1974.12 1986.14 1998.85 2007.82 1711.96 1328.21 1572.86 1567.67 1837.27 2062.23 2198.75 2332.11 2460.62 2469.96 2480.93 2494.06 2480.43 2440.45 2380.45 2477.39 2569.17
2638.40 2651.34 2663.72 2674.35 2641.02 2605.51 2566.36 2524.77 2483.39 2441.23 2410.38 2386.38 2344.64 2283.59 2223.96 2170.49 2203.20 2214.10 2219.41 2131.60 2027.35 1912.58 1949.33 1992.99
2040.63 1965.87 1883.64 1788.17 1932.90 2063.20 2175.79 2176.43 2182.11 2192.76 2063.62 1901.29 1698.10 1563.88 1433.60 1319.15 1446.66 1576.22 1699.22 1702.73 1697.09 1691.78 1706.36 1744.70
1800.61 1850.04 1901.10 1951.38 1976.72 2001.04 2023.62 1943.30 1861.22 1787.24 1838.79 1881.43 1922.13 1961.78 2029.84 2113.77 2087.16 2037.02 1978.06 1937.68 1878.36 1805.22 1654.90 1481.91
1384.51 1624.58 1805.75 1951.12 1886.08 1820.41 1761.58 1682.24 1597.93 1501.92 1620.90 1711.68 1788.35 1861.70 1934.25 2004.65 2073.40 2143.57 2213.23 2177.08 2128.37 2076.38 2013.05 1945.83
1875.99 1884.76 1895.26 1912.05 1748.59 1585.42 1540.47 1332.89 1129.34 1210.26 990.88 925.65 1042.20 1221.94 1573.10 1741.33 1870.70 1962.45 2062.70 2031.49 2000.12 1984.96 1966.49 1954.37
1952.75 1947.55 1942.15 1940.85 1890.10 1845.57 1803.78 1777.59 1762.64 1745.96 1766.06 1788.11 1713.90 1615.97 1515.09 1430.68 1559.68 1717.32 1863.23 1897.88 1925.10 1953.98 1978.92 2008.85
2043.32 2066.12 2089.74 2116.28 2069.08 2017.09 1956.44 1959.69 1958.87 1948.35 1948.28 1945.81 1944.57 1974.37 2003.06 2020.05 2094.15 2172.98 2255.23 2292.70 2306.79 2319.54 2329.34 2346.39
2376.10 2359.96 2343.40 2328.84 2308.27 2286.18 2259.47 2308.38 2346.56 2370.98 2352.21 2332.91 2314.76 2329.56 2351.25 2357.49 2385.86 2417.46 2452.72 2484.32 2506.63 2530.38 2520.14 2513.00
2510.36 2489.19 2467.93 2445.18 2467.02 2488.85 2505.65 2497.27 2487.43 2477.56 2412.33 2352.80 2286.41 2197.62 2102.85 1987.05 1940.48 1911.14 1906.43 1744.00 1598.69 1698.39 1398.24 1137.80
1585.07 1665.80 1742.05 1815.76 1758.09 1701.85 1645.87 1505.40 1344.63 1000.17 1037.47 1252.11 1395.55 1537.39 1627.28 1708.79 1863.00 2019.93 2168.23 2205.14 2175.34 2138.31 2105.32 2088.70
2095.01 2110.75 2137.50 2175.50 2189.63 2205.50 2216.97 2293.36 2362.52 2417.51 2449.32 2476.59 2501.49 2526.20 2557.07 2590.16 2594.13 2599.21 2606.68 2595.98 2573.76 2542.81 2559.09 2579.36
2604.06 2601.06 2599.75 2599.04 2517.41 2335.54 2139.69 2132.31 2166.67 2229.03 2205.26 2182.86 2165.70 2148.60 2142.65 2144.55 2082.81 2029.20 1989.98 1953.95 1951.88 2011.12 2067.29 2120.02
2171.87 2153.94 2135.21 2113.80 2088.42 2065.75 2040.00 2167.28 2256.66 2315.02 2355.77 2387.96 2416.06 2409.14 2392.99 2381.61 2393.16 2408.51 2412.80 2404.71 2384.27 2355.18 2387.43 2421.22
2455.68 2466.38 2477.97 2491.38 2463.82 2435.80 2403.09 2406.59 2406.75 2399.00 2401.82 2402.02 2402.30 2409.50 2429.12 2457.08 2490.55 2525.73 2563.51 2554.54 2534.35 2505.47 2479.78 2453.06
2427.94 2405.06 2381.28 2358.43 2318.15 2276.79 2227.00 2288.52 2337.47 2371.66 2378.35 2382.93 2389.16 2399.59 2419.72 2446.45 2450.21 2455.24 2462.21 2436.58 2397.42 2347.26 2317.66 2294.71
2282.58 2214.18 2139.81 2056.73 2066.24 2076.26 2081.00 2198.20 2289.79 2357.92 2377.41 2395.31 2415.19 2397.93 2391.44 2392.90 2389.65 2388.34 2389.18 2357.23 2308.30 2245.33 2261.16 2284.78
2317.79 2257.95 2194.84 2127.94 2080.94 2033.97 1984.14 2049.04 2098.97 2131.37 2199.56 2259.02 2314.30 2297.80 2293.55 2300.41 2312.74 2328.75 2347.31 2348.30 2338.20 2319.79 2326.76 2345.44
2376.84 2343.05 2308.71 2275.13 2187.22 2090.84 1975.05 2059.49 2123.74 2168.25 2216.81 2258.34 2295.49 2289.02 2296.82 2314.75 2339.32 2369.20 2404.74 2415.77 2418.20 2414.59 2401.05 2388.97
2379.06 2382.99 2387.66 2392.46 2403.61 2414.87 2421.49 2432.48 2439.30 2441.55 2429.93 2417.79 2356.56 2321.67 2276.71 2222.78 2255.83 2290.40 2313.91 2364.78 2392.83 2420.58 2412.33 2407.86
2408.54 2375.16 2339.42 2302.58 2292.25 2284.15 2272.05 2308.90 2336.55 2351.85 2362.79 2370.15 2379.70 2303.86 2234.66 2183.69 2131.39 2075.32 2015.86 1927.18 1844.19 1815.63 1769.30 1758.69
1796.19 1790.85 1786.55 1785.76 1756.92 1727.47 1682.98 1589.17 1489.88 1370.34 1307.29 1247.42 1203.57 1596.57 1859.86 2071.88 2170.46 2266.67 2361.64 2276.86 2169.72 2036.61 1975.04 1902.89
1822.72 1718.67 1648.02 1667.04 1668.35 1767.45 1810.16 1753.50 1695.93 1643.27 1562.13 1502.99 1470.82 1703.49 1816.90 1904.09 1956.66 2021.86 2094.97 2077.74 2048.51 2010.90 2011.33 2031.02
2068.03 2033.25 1999.93 1968.68 1955.26 1939.25 1915.18 1839.39 1776.61 1723.50 1709.13 1705.20 1708.20 1725.46 1759.31 1802.63 1895.35 1987.54 2079.04 2057.85 2020.02 1964.84 1979.20 1995.98
2014.19 1973.48 1938.59 1914.55 1916.76 1920.75 1918.19 1788.62 1649.12 1484.07 1643.95 1764.99 1855.08 1785.62 1743.81 1735.58 1855.85 1971.12 2081.16 2050.45 2004.04 1943.73 1972.78 2026.61
2096.59 2079.79 2066.31 2058.95 1995.51 1928.00 1849.42 1791.76 1725.30 1651.02 1759.35 1850.78 1926.18 1959.28 1997.50 2040.41 2069.28 2086.22 2103.47 2097.56 2043.74 1971.48 1988.95 2012.90
2041.78 2001.32 1963.90 1933.02 1901.46 1870.67 1833.78 1809.85 1774.32 1740.73 1681.55 1688.31 1717.78 1855.25 1975.03 2086.69 2137.08 2189.75 2244.05 2259.39 2224.26 2173.04 2140.23 2103.65
2065.57 1968.88 1855.09 1710.13 1659.47 1610.01 1565.30 1501.97 1520.27 1495.36 1605.27 1679.77 1691.69 1831.41 1963.78 2082.80 2054.31 2025.43 1998.66 1995.06 1983.02 1964.00 1889.65 1878.89
1920.01 1496.76 1355.04 1189.71 1349.51 1641.62 1586.75 1543.90 1499.73 1445.87 1517.95 1618.21 1706.27 1636.77 1604.87 1621.95 1624.36 1638.27 1664.61 1667.28 1759.46 1913.28 1958.65 2002.27
2042.28 1989.91 1939.10 1893.36 1912.41 1975.54 2017.85 1959.27 1899.95 1830.76 1893.68 1952.15 2004.44 1967.49 1954.78 1966.63 1974.43 1991.91 2020.71 1995.14 1983.66 2003.76 1988.55 1972.27
1974.91 1891.35 1805.80 1729.53 1570.37 1361.84 1183.03 1256.03 1350.23 1409.55 1366.76 1381.81 1351.39 1278.98 1210.96 1148.86 826.39 1021.51 1329.65 1599.40 1814.11 1954.12 1934.13 1927.50
1940.32 1925.91 1915.29 1907.21 1867.89 1856.80 1868.55 1776.92 1709.38 1662.55 1701.92 1736.26 1761.25 1717.19 1682.10 1646.45 1493.88 1387.34 1486.42 1819.76 1899.58 1908.98 1814.79 1815.22
1825.38 2058.36 2245.16 2375.53 2344.40 2320.00 2303.82 2346.89 2400.66 2457.82 2426.53 2395.78 2359.95 2306.81 2259.00 2202.20 2195.39 2191.15 2186.52 2151.73 2102.95 2037.74 2045.76 2052.28
2061.41 2053.73 2044.82 2036.82 2012.53 1988.94 1961.55 1870.57 1728.55 1586.18 1400.30 1167.70 1093.94 951.67 1066.46 1234.93 1229.64 1319.87 1168.48 1221.48 1271.74 1324.02 1317.05 1358.23
1432.55 1528.06 1619.87 1704.34 1761.76 1816.90 1862.91 1772.97 1708.73 1666.85 1486.86 1283.10 1079.95 1200.01 1406.02 1572.49 1637.27 1702.43 1768.21 1750.04 1721.31 1695.06 1738.89 1802.44
1877.97 1948.29 2016.49 2084.00 2049.65 2012.31 1962.77 1887.65 1812.17 1739.69 1739.59 1746.44 1754.71 1738.65 1718.12 1700.13 1848.40 1951.20 2053.01 2056.32 2050.47 2034.84 2032.27 2030.42
2029.93 2019.99 2009.61 1998.35 1949.50 1912.07 1887.15 1946.22 2021.60 2085.17 2115.05 2139.58 2160.10 2186.75 2215.16 2243.85 2247.65 2255.31 2265.32 2282.52 2291.09 2291.03 2306.19 2323.89
2343.70 2346.20 2350.91 2358.88 2337.37 2315.29 2287.05 2305.05 2317.04 2317.86 2288.38 2260.36 2232.48 2218.26 2210.07 2179.16 2199.17 2226.53 2259.48 2306.04 2350.04 2394.35 2418.61 2430.45
2445.69 2435.06 2425.19 2415.21 2417.76 2420.88 2419.02 2379.09 2339.95 2296.97 2230.90 2171.59 2117.41 2100.19 2077.31 2040.85 2094.16 2150.62 2212.45 2208.48 2206.49 2211.00 2223.38 2192.93
2159.10 2122.58 2097.32 2091.45 2067.31 2042.58 2012.02 1946.95 1885.48 1817.93 1842.54 1901.28 1963.20 1872.03 1747.40 1633.95 1608.37 1589.13 1582.88 1466.31 1372.47 1443.11 1599.13 1730.68
1847.37 1811.76 1784.55 1770.49 1819.96 1862.61 1837.56 1725.28 1540.45 1259.30 1633.84 1725.58 1802.58 1843.58 1887.56 1931.14 1916.84 1914.73 1925.84 1941.15 1950.67 1956.15 2046.68 2140.65
2234.00 2227.53 2223.62 2224.93 2175.76 2128.02 2077.92 2098.73 2112.54 2114.69 2117.10 2120.34 2122.14 2117.37 2098.80 2083.02 2091.93 2104.42 2116.80 2117.23 2105.89 2085.55 2141.62 2149.97
2158.01 2186.69 2216.50 2249.08 2242.04 2235.23 2222.73 2209.71 2197.72 2179.23 2163.88 2148.11 2130.70 2098.31 2060.20 2025.09 2065.00 2104.03 2135.06 2148.02 2152.11 2147.22 2181.79 2222.13
2267.73 2273.48 2280.35 2288.31 2231.29 2168.29 2091.33 2144.71 2183.57 2205.31 2188.88 2171.51 2152.87 2152.69 2148.30 2145.40 2184.95 2229.42 2277.70 2295.03 2298.15 2290.98 2314.23 2341.27
2371.46 2323.85 2273.89 2222.51 2214.73 2207.57 2195.03 2262.40 2317.19 2356.20 2347.34 2337.83 2329.14 2316.73 2315.28 2338.37 2356.33 2375.58 2394.49 2391.51 2380.38 2362.16 2371.93 2381.92
2393.24 2397.82 2402.94 2407.84 2377.97 2349.56 2316.93 2352.99 2380.65 2395.47 2339.02 2283.04 2203.58 2161.02 2122.91 2086.91 2118.45 2155.34 2196.39 2176.15 2141.49 2090.82 2160.27 2228.92
2230.95 2120.65 1989.48 1825.89 1802.84 1883.12 1817.18 1957.10 2090.81 2176.21 2179.35 2182.72 2182.64 2252.62 2320.84 2387.20 2345.43 2301.88 2258.22 2174.43 2063.94 1920.54 1910.52 1900.19
1888.79 1888.20 1888.41 1892.94 1866.36 1856.07 1861.95 1888.87 1907.00 1911.52 1933.18 1951.50 1967.68 2032.10 2099.15 2165.85 2178.82 2199.61 2229.80 2171.18 2087.16 1970.81 1971.70 1972.10
1972.30 1952.89 1936.56 1925.39 1879.38 1831.98 1770.41 1850.45 1921.91 1974.84 1988.91 1998.85 2001.91 2013.32 2042.09 2068.17 2075.64 2088.10 2103.70 2070.90 2027.03 1969.38 1950.35 1936.37
1934.28 1917.49 1900.81 1884.26 1850.74 1834.72 1831.14 1912.71 1975.75 2017.61 1998.12 1980.72 1973.62 1918.80 1875.02 1841.27 1966.07 2082.31 2195.73 2121.65 2025.60 1900.02 1917.87 1937.03
1956.81 1957.67 1958.22 1959.87 1928.78 1910.94 1902.27 1974.32 2027.12 2060.49 1997.66 1936.26 1875.64 1820.60 1792.13 1794.78 1834.34 1885.17 1946.03 1962.74 1971.93 1972.11 1975.12 1979.65
1988.25 1979.14 1977.01 1982.36 1956.82 1947.38 1948.27 1918.57 1887.66 1850.82 1758.81 1667.19 1498.13 1452.09 1443.32 1433.50 1465.24 1512.10 1570.51 1720.89 1845.92 1951.10 1947.06 1948.43
1944.63 1959.28 1978.09 1997.08 1932.73 1889.01 1870.54 1893.23 1925.62 1956.89 1897.83 1847.78 1813.65 1660.99 1478.11 1229.03 897.89 1216.70 1503.33 1682.53 1806.01 1893.30 1914.12 1937.44
1960.04 2002.09 2055.80 2118.91 2118.82 2119.35 2114.79 2110.52 2104.53 2093.86 2037.87 1988.18 1934.56 1920.32 1935.26 1968.08 2044.30 2122.29 2200.30 2196.10 2181.99 2157.54 2147.79 2144.61
2151.26 2103.21 2052.10 1998.32 1959.65 1918.76 1870.52 1915.64 1954.80 1981.55 1928.45 1884.88 1850.43 1908.09 1953.16 2002.54 2136.25 2254.22 2354.45 2343.96 2328.18 2307.22 2245.50 2179.48
2117.06 2075.03 2030.31 1982.53 1935.32 1885.03 1823.96 1919.10 1993.15 2042.39 2056.79 2067.93 2078.76 2116.50 2154.24 2204.15 2313.29 2366.53 2402.74 2330.42 2233.19 2101.67 2077.56 2058.93
2046.49 2070.97 2099.09 2130.72 2139.53 2149.03 2154.98 2165.03 2169.34 2163.00 2157.42 2156.84 2138.89 2164.71 2193.84 2225.71 2253.97 2278.67 2307.17 2268.23 2212.58 2133.00 2135.48 2137.23
2140.78 2153.40 2166.65 2180.39 2167.63 2155.86 2137.96 2192.14 2236.23 2265.11 2256.22 2247.22 2239.08 2220.84 2208.68 2201.35 2222.06 2246.43 2276.40 2235.29 2177.02 2097.70 2107.49 2121.63
2139.49 2097.00 2051.52 2003.05 1974.92 1948.38 1915.79 1918.07 1919.12 1912.17 1919.42 1931.07 1947.34 1954.29 1967.43 1983.63 2005.13 2031.62 2063.66 2043.52 2009.47 1955.73 1961.68 1968.33
1979.36 1971.02 1965.79 1964.11 1935.13 1910.68 1885.43 1903.60 1912.76 1907.28 1833.06 1768.56 1715.13 1665.20 1642.28 1607.18 1785.11 1938.71 2058.00 2034.27 1995.36 1935.50 1971.48 2016.54
2068.35 2038.86 2006.64 1973.96 1958.53 1943.49 1925.31 1953.29 1978.24 2001.05 1977.12 1956.31 1958.19 1809.44 1640.33 1376.10 1363.36 1502.75 1628.13 1709.07 1804.76 1906.15 2003.08 2101.46
2198.87 2204.96 2215.68 2230.73 2150.63 2060.56 1953.73 2004.71 2046.24 2073.56 1972.38 1873.15 1774.92 1703.23 1599.33 1534.00 1641.10 1753.91 1866.64 1938.70 1962.76 1953.76 2013.12 2082.58
2159.45 2120.50 2078.78 2037.08 1993.30 1950.39 1904.11 1884.05 1862.28 1829.63 1665.23 1501.13 1359.82 1401.18 1550.75 1711.69 1743.04 1769.66 1795.71 1806.84 1803.91 1791.71 1774.42 1763.63
1760.68 1728.30 1699.89 1678.88 1652.29 1281.63 1489.30 1669.01 1791.73 1877.87 1970.02 2048.79 2119.32 2089.24 2065.25 2046.17 2066.13 2090.27 2119.60 2074.80 2008.69 1900.18 1866.83 1838.00
1815.36 1815.35 1816.87 1819.85 1695.03 1627.75 1673.72 1617.24 1590.47 1583.04 1642.55 1665.86 1653.33 1758.86 1854.98 1942.37 1983.12 2026.12 2073.90 2057.33 2026.37 1957.48 1946.45 1939.74
1940.15 1931.86 1929.09 1933.09 1889.19 1885.96 1932.78 1911.86 1897.88 1879.05 1870.39 1876.07 1891.52 1894.99 1900.44 1899.11 1906.67 1925.11 1954.80 1929.03 1885.42 1796.79 1830.23 1859.88
1895.82 1903.54 1907.24 1913.38 1859.54 1831.24 1835.83 1637.29 1473.62 1499.91 1662.76 1788.76 1853.12 1843.70 1848.56 1867.02 1850.41 1839.99 1840.88 1828.50 1790.45 1742.13 1710.60 1758.05
1855.48 1848.34 1842.15 1837.71 1816.37 1798.51 1777.62 1650.85 1528.53 1409.95 1398.51 1452.64 1419.66 1426.74 1440.26 1481.71 1653.76 1801.30 1930.00 1970.61 1980.55 1964.73 2048.55 2130.03
2208.86 2211.01 2213.37 2216.87 2201.00 2183.28 2160.77 2193.32 2217.61 2228.57 2156.28 2086.80 2019.42 1986.72 1963.26 1948.34 2008.97 2069.40 2133.02 2147.33 2153.06 2148.82 2192.31 2237.22
2284.06 2278.40 2271.67 2267.16 2227.65 2185.27 2136.23 2198.29 2245.34 2274.56 2187.69 2105.77 2027.85 2050.42 2076.58 2096.70 2176.86 2250.73 2325.40 2334.43 2334.90 2328.91 2323.34 2318.87
2318.44 2246.72 2162.55 2065.61 2067.88 2068.97 2066.27 2149.19 2211.78 2252.51 2191.15 2134.93 2084.65 2083.41 2087.64 2095.65 2123.77 2155.21 2190.54 2198.03 2194.78 2181.10 2194.53 2212.17
2237.42 2228.95 2219.29 2211.00 2194.30 2178.72 2161.10 2194.10 2216.99 2225.44 2153.69 2091.06 2035.65 2027.88 2029.76 2041.18 2095.84 2152.29 2211.53 2231.82 2242.79 2245.92 2255.72 2270.62
2291.19 2279.34 2265.90 2253.67 2173.34 2079.82 1966.84 2057.77 2123.89 2165.62 2119.90 2075.51 2033.03 2010.39 1994.64 1984.04 2027.57 2075.11 2126.99 2148.18 2161.69 2167.03 2198.48 2235.55
2278.50 2242.31 2204.17 2165.99 2092.22 2005.57 1902.11 1946.09 1982.46 2002.81 1922.98 1845.92 1773.11 1751.93 1734.27 1699.50 1752.31 1812.53 1880.19 1907.03 1925.29 1933.33 2025.67 2094.50
2165.74 2093.71 2014.39 1929.95 1896.77 1863.39 1826.82 1721.48 1698.68 1749.39 1350.16 1033.97 1240.80 1446.67 1616.69 1755.52 1810.15 1867.77 1929.47 1927.39 1913.78 1893.60 1911.35 1928.94
1948.64 2006.15 2072.20 2138.91 2150.00 2160.54 2169.53 2202.80 2232.99 2248.64 2183.00 2120.03 2059.35 2069.61 2089.65 2113.59 2121.70 2133.66 2145.72 2090.67 2011.26 1903.50 1945.58 1987.14
2029.26 2026.77 2024.60 2024.21 2014.40 2005.08 1991.70 1977.10 1945.91 1923.34 1924.65 1927.04 1917.76 1898.34 1884.99 1886.89 1894.50 1907.44 1925.87 1941.67 1966.21 2004.60 2017.96 2037.74
2057.14 1982.39 1907.70 1841.26 1737.34 1612.58 1451.00 1427.94 1401.54 1362.13 1548.55 1608.21 1722.51 1724.52 1731.55 1741.76 1778.95 1832.16 1898.65 1923.69 1964.83 2023.04 2025.18 2028.14
2032.28 1997.33 1972.54 1963.05 1844.13 1702.33 1533.66 1580.96 1622.70 1645.41 1564.44 1486.60 1409.15 1448.41 1513.67 1613.49 1683.17 1752.65 1824.46 1864.48 1903.22 1939.83 1941.12 1941.43
1941.93 1904.65 1893.20 1914.09 1883.10 1880.01 1903.95 1877.99 1852.09 1816.91 1634.84 1390.02 1033.01 1254.23 1425.99 1563.53 1681.48 1792.82 1899.46 1953.49 1998.74 2039.76 2106.08 2176.34
2249.26 2226.82 2203.34 2178.21 2128.45 2073.56 2008.37 2074.93 2128.09 2164.66 2096.16 2030.34 1966.46 1978.87 1986.38 2001.10 2051.86 2109.69 2174.65 2200.28 2217.68 2231.88 2242.41 2246.49
2238.69 2232.80 2226.56 2219.94 2166.76 2107.00 2038.69 2105.72 2164.30 2208.69 2127.51 2048.33 1954.58 1903.33 1857.07 1815.55 1858.61 1906.78 1959.48 1984.03 1946.23 1894.14 1981.99 2073.58
2164.40 2152.86 2142.27 2133.87 2097.48 2059.07 2013.92 2048.07 2074.20 2052.34 1854.91 1629.46 1344.43 1264.02 1215.79 1217.83 1421.39 1590.46 1738.43 1779.10 1811.38 1838.66 1818.20 1844.86
1914.21 1927.38 1943.69 1963.66 1942.04 1918.89 1893.83 1849.62 1804.76 1753.11 1739.69 1735.94 1739.31 1676.99 1642.45 1643.19 1689.62 1737.73 1794.64 1827.36 1852.90 1869.62 1863.88 1870.42
1892.47 1882.78 1896.35 1932.63 1911.98 1894.51 1882.45 1879.47 1872.78 1854.12 1715.61 1608.88 1547.12 1566.66 1641.12 1738.63 1809.28 1879.42 1951.98 1922.96 1884.15 1847.28 1855.26 1870.76
1892.47 1880.47 1868.21 1858.47 1818.95 1775.75 1727.07 1742.87 1752.57 1746.78 1631.56 1547.08 1468.31 1435.94 1432.60 1454.65 1537.18 1619.84 1704.61 1752.18 1806.88 1851.42 1859.25 1872.19
1893.49 1850.71 1842.71 1880.03 1868.60 1860.95 1854.83 1860.08 1861.16 1849.34 1765.31 1701.05 1637.81 1688.71 1739.52 1773.14 1770.23 1772.05 1777.84 1822.63 1854.54 1843.48 1869.66 1894.80
1921.02 1936.03 1963.91 2002.02 1937.52 1865.13 1780.89 1840.81 1898.07 1941.50 1829.18 1726.04 1607.90 1537.16 1516.87 1548.95 1697.96 1830.20 1949.80 1959.38 1960.47 1960.47 1961.01 1965.74
1978.74 1953.40 1933.66 1921.12 1849.48 1813.97 1835.47 1812.94 1796.91 1776.47 1587.15 1439.11 1359.50 1395.71 1498.77 1622.35 1732.08 1837.45 1938.32 1932.12 1914.59 1893.80 1946.01 2014.73
2087.98 2040.10 1983.60 1929.94 1876.67 1831.78 1805.84 1773.71 1741.00 1698.38 1560.29 1489.74 1462.42 1500.72 1563.72 1640.96 1706.64 1778.74 1848.61 1868.25 1883.75 1907.51 2037.23 2146.67
2241.83 2217.82 2195.83 2178.79 2124.63 2063.22 1995.58 2007.56 2014.49 2010.43 1913.07 1809.64 1705.12 1692.07 1693.80 1707.26 1802.13 1886.66 1968.71 1998.89 2006.94 2008.47 2081.91 2139.72
2197.25 2209.60 2224.27 2241.20 2172.57 2094.86 2004.28 2061.51 2106.45 2133.89 2073.84 2013.41 1924.73 1893.03 1870.11 1854.70 1877.99 1905.49 1939.46 1971.95 1995.11 2014.68 2101.23 2185.83
2256.08 2251.07 2246.81 2244.93 2218.92 2191.68 2161.28 2211.02 2248.89 2270.08 2205.60 2145.09 2075.94 2019.25 1962.10 1915.63 1949.81 1987.16 2028.71 2080.68 2118.01 2132.33 2172.09 2192.82
2214.55 2214.90 2214.50 2216.10 2153.03 2082.28 2000.18 2066.77 2119.33 2151.77 2070.56 1992.85 1905.42 1859.29 1827.65 1822.95 1827.39 1834.45 1849.13 1868.21 1873.75 1873.66 1977.61 2083.33
2176.82 2166.23 2146.15 2130.78 2080.70 2021.92 1954.99 2050.01 2121.24 2166.53 2066.20 1966.38 1864.31 1807.40 1753.18 1702.88 1752.09 1808.28 1870.09 1902.63 1922.00 1938.34 2069.88 2187.92
2284.09 2239.13 2189.34 2136.70 2059.38 1969.42 1862.27 1961.08 2034.07 2081.21 2016.21 1956.31 1895.90 1823.13 1763.19 1722.30 1782.38 1843.16 1907.28 1953.08 1982.18 2008.70 2108.09 2190.28
2254.71 2226.53 2194.99 2160.91 2069.24 1961.07 1829.65 1830.02 1828.65 1815.21 1657.53 1489.94 1299.44 1239.81 1336.70 1482.96 1589.31 1689.49 1787.79 1793.62 1789.82 1789.16 1841.36 1916.93
1989.26 1976.75 1948.07 1922.57 1892.93 1861.54 1827.77 1638.86 1399.73 1342.15 772.54 1305.98 1551.98 1606.27 1661.08 1728.28 1782.09 1813.46 1836.24 1831.84 1820.43 1812.81 1833.46 1858.90
1875.63 1858.30 1840.77 1824.68 1824.93 1829.32 1833.78 1727.42 1628.58 1537.85 1607.76 1644.07 1644.38 1560.44 1475.31 1378.34 1437.65 1501.01 1568.26 1669.11 1756.94 1843.28 1914.17 1983.57
2051.70 2034.98 2002.78 1981.66 1927.27 1875.89 1831.52 1848.57 1867.27 1876.40 1794.87 1714.52 1594.59 1576.00 1570.46 1580.13 1651.05 1727.96 1811.90 1845.94 1869.12 1890.81 2026.19 2148.11
2261.90 2269.06 2236.52 2205.17 2146.22 2084.40 2019.23 2025.14 2030.87 2026.83 1945.41 1880.25 1825.19 1782.61 1746.39 1718.59 1803.13 1885.42 1971.08 1994.52 2005.62 2016.38 2120.10 2213.36
2303.72 2313.25 2298.28 2285.15 2273.11 2261.44 2249.14 2259.12 2263.01 2253.21 2167.56 2085.93 2004.28 1987.35 1977.20 1973.71 1988.04 2011.26 2047.15 2105.96 2156.05 2206.09 2235.64 2258.22
2254.22 2210.08 2161.38 2106.71 2049.50 1993.16 1940.78 2039.13 2114.11 2160.75 2073.00 1984.60 1897.34 1864.56 1860.18 1881.73 1948.86 2013.65 2082.58 2123.54 2160.92 2203.91 2214.15 2227.76
2245.80 2171.92 2090.20 2004.81 1963.63 1918.95 1866.64 1928.72 1976.00 2003.32 1884.46 1796.79 1747.15 1756.88 1769.98 1788.92 1855.39 1923.19 1994.65 1974.76 1941.67 1881.89 1958.98 2014.64
2065.28 2013.30 1955.18 1891.43 1873.66 1864.07 1866.70 1878.44 1884.29 1879.24 1719.14 1609.97 1589.80 1658.56 1724.36 1788.63 1883.96 1975.63 2068.35 2091.01 2103.36 2121.48 2166.80 2203.77
2223.01 2176.38 2130.23 2088.64 2023.25 1948.08 1860.18 1868.03 1879.89 1886.28 1800.98 1747.25 1720.15 1725.39 1751.97 1802.69 1934.74 2055.91 2170.95 2205.83 2235.83 2270.65 2234.41 2199.71
2171.40 2084.90 1983.39 1861.00 1844.38 1826.50 1805.43 1752.00 1694.97 1626.66 1595.11 1630.06 1639.07 1765.64 1881.92 2006.95 2048.66 2098.07 2158.11 2210.43 2259.59 2315.85 2273.43 2176.82
2052.45 1969.56 1874.38 1766.55 1740.39 1715.69 1689.60 1671.50 1648.86 1615.64 1533.31 1469.13 1504.49 1516.97 1553.26 1611.61 1659.99 1712.66 1753.21 1729.49 1694.17 1655.75 1647.24 1669.17
1717.72 1749.79 1793.19 1846.11 1867.81 1889.07 1912.12 1925.59 1936.67 1938.40 1894.30 1846.19 1801.92 1766.23 1748.44 1747.71 1876.28 1994.38 2107.75 2149.87 2181.31 2189.70 2146.14 2097.07
2045.27 2038.70 2032.97 2027.47 2013.07 1998.33 1981.42 2062.59 2126.20 2169.31 2143.98 2117.22 2087.80 2044.25 2004.97 1970.75 1996.80 2017.14 2042.92 2044.71 2035.61 2028.91 2130.39 2227.67
2269.35 2247.89 2224.18 2199.24 2187.30 2174.66 2161.39 2111.57 2063.01 2014.45 1945.45 1887.23 1832.97 1804.12 1781.60 1765.30 1745.07 1725.92 1708.81 1760.87 1799.09 1841.01 1850.76 1872.19
1874.11 1877.46 1853.43 1833.08 1777.89 1762.07 1795.43 1745.22 1697.54 1643.94 1527.83 1474.34 1485.04 1527.53 1569.32 1611.28 1663.96 1720.55 1781.08 1824.76 1835.28 1847.13 1870.01 1906.58
1955.18 1959.71 1983.55 2025.25 1973.02 1921.06 1869.55 1881.64 1893.18 1896.80 1828.49 1770.03 1719.47 1703.47 1702.83 1716.76 1762.34 1810.99 1864.03 1885.03 1895.03 1903.19 1971.57 2038.00
2105.01 2098.41 2066.25 2044.89 1984.63 1915.58 1838.75 1830.60 1817.21 1793.64 1674.46 1574.61 1493.72 1515.68 1613.47 1732.56 1805.36 1873.26 1949.08 1919.60 1884.02 1855.96 1935.72 2012.43
2087.49 2071.97 2044.11 2014.55 1943.90 1869.92 1794.92 1844.34 1881.75 1907.01 1751.52 1577.46 1370.91 1332.81 1489.07 1661.12 1715.75 1771.82 1832.08 1843.85 1853.84 1866.79 1871.66 1878.27
1885.72 1831.55 1799.68 1788.15 1771.06 1754.29 1734.26 1716.87 1702.50 1685.34 1485.17 1175.25 946.83 1270.71 1438.38 1585.68 1685.30 1782.24 1866.59 1861.96 1850.29 1830.80 1860.47 1893.59
1929.52 1912.65 1893.11 1874.42 1837.57 1840.31 1886.65 1742.20 1534.22 1268.55 1369.36 1580.84 1736.73 1778.75 1823.96 1874.85 1968.00 2061.84 2159.64 2102.98 2024.50 1898.60 1906.77 1914.01
1923.40 1926.74 1929.81 1934.31 1931.29 1928.89 1925.60 1780.72 1619.10 1433.59 1571.77 1650.13 1743.52 1820.12 1892.19 1960.33 2006.80 2055.16 2109.99 2069.31 1996.71 1907.20 1925.71 1944.21
1964.28 1947.34 1934.26 1925.38 1862.71 1802.20 1749.96 1796.85 1828.34 1846.38 1899.97 1947.01 1987.44 2031.23 2076.97 2121.53 2146.60 2173.92 2200.15 2122.45 2014.65 1879.61 1878.24 1879.86
1885.52 1886.26 1886.82 1887.81 1846.74 1806.76 1768.45 1818.89 1874.11 1918.02 1905.49 1894.01 1881.81 1850.95 1827.17 1813.89 1882.47 1951.37 2023.78 1972.72 1900.92 1815.31 1822.11 1813.16
1814.44 1815.78 1817.65 1821.22 1830.89 1839.78 1846.63 1795.30 1735.28 1679.57 1537.08 1379.39 1206.72 1150.69 1208.40 1326.18 1430.69 1527.87 1625.00 1632.16 1633.03 1642.35 1689.09 1752.27
1825.21 1827.51 1824.96 1835.72 1851.68 1874.53 1899.97 1877.46 1848.76 1811.44 1686.15 1614.09 1613.17 1755.25 1877.67 1985.95 2066.27 2144.50 2223.57 2208.88 2181.04 2148.61 2176.84 2205.13
2235.31 2176.11 2111.52 2039.82 2000.89 1958.73 1913.85 1992.03 2050.48 2088.31 2136.22 2175.57 2206.70 2234.09 2266.69 2304.42 2323.83 2344.66 2371.65 2336.92 2285.83 2224.30 2200.81 2177.50
2154.94 2104.57 2048.96 1985.14 1966.80 1949.33 1929.11 2007.01 2065.74 2103.28 2099.40 2098.07 2097.44 2150.34 2205.77 2266.91 2320.88 2375.30 2433.00 2416.89 2390.07 2360.89 2335.72 2308.81
2281.21 2217.10 2143.38 2059.08 2013.08 1964.44 1907.99 1970.02 2012.86 2039.75 2013.38 1993.51 1982.90 2033.69 2089.10 2153.93 2211.83 2270.39 2329.14 2336.08 2337.05 2337.04 2302.82 2267.49
2236.99 2218.55 2201.47 2184.06 2088.18 1978.52 1847.23 1990.50 2095.96 2176.17 2135.82 2094.86 2046.76 2039.00 2043.64 2068.94 2127.43 2186.41 2245.25 2224.22 2194.09 2169.98 2132.89 2092.38
2049.09 2047.78 2046.13 2044.75 1990.92 1931.21 1866.52 1880.75 1887.33 1883.11 1947.03 2000.85 2044.80 2017.50 1996.10 1981.92 2051.04 2126.23 2207.98 2172.59 2120.77 2020.27 2075.40 2097.03
2118.16 2056.51 1989.86 1923.77 1898.45 1870.81 1840.48 1702.72 1606.94 1583.47 1695.58 1784.06 1818.53 1820.53 1828.63 1842.92 1959.76 2070.29 2158.25 2071.47 1956.91 1817.90 1823.20 1828.22
1834.26 1752.11 1656.30 1548.32 1632.96 1696.04 1602.36 1614.35 1619.92 1614.52 1711.33 1795.16 1868.92 1833.53 1801.71 1774.03 1833.54 1894.87 1961.47 1946.92 1923.83 1898.98 1895.49 1898.00
1907.79 1835.23 1774.85 1743.66 1550.31 1306.95 1328.08 1218.31 1090.81 933.23 1374.91 1667.29 1850.13 1863.49 1885.33 1916.62 1942.99 1959.50 1982.49 1943.50 1883.39 1819.79 1799.70 1791.67
1795.92 1768.91 1746.52 1731.24 1528.99 1226.52 1222.04 1218.95 1310.65 1415.47 1252.05 1454.22 1652.15 1748.56 1838.03 1932.38 1938.91 1956.41 1987.85 1990.10 1987.16 1988.77 1974.86 1960.09
1947.57 1945.62 1921.56 1859.50 1855.42 1865.37 1888.24 1917.62 1898.76 1872.72 1779.38 1697.54 1630.30 1735.66 1835.62 1935.02 1986.58 2053.86 2104.79 2072.54 2032.62 1968.20 1942.84 1886.09
1823.06 1828.27 1833.77 1840.84 1709.23 1551.34 1373.29 1322.02 1256.81 1176.89 1129.37 1129.18 1102.44 1116.51 1151.05 1204.41 1451.36 1637.66 1800.47 1838.04 1870.50 1904.37 1946.49 1959.41
1943.19 1899.92 1851.52 1797.21 1744.43 1684.48 1617.81 1532.45 1442.43 1316.00 1139.95 915.63 756.28 1241.28 1512.79 1714.15 1778.85 1869.86 1976.56 2089.12 2193.16 2293.20 2334.87 2355.04
2373.89 2358.27 2341.29 2323.40 2277.44 2228.73 2176.51 2203.97 2221.46 2228.38 2252.83 2272.07 2286.57 2312.24 2344.15 2394.57 2423.31 2452.94 2485.77 2455.92 2418.13 2379.24 2346.07 2309.90
2271.33 2237.69 2204.06 2172.11 2148.47 2128.61 2113.25 2182.54 2232.20 2266.02 2247.25 2229.50 2213.17 2243.08 2275.79 2312.93 2350.44 2389.11 2430.80 2406.67 2374.29 2340.56 2352.53 2364.80
2377.56 2261.17 2126.97 1972.88 1921.90 1873.48 1831.23 1952.72 2058.39 2138.14 2101.92 2066.42 2029.24 2070.18 2099.80 2139.76 2173.81 2213.07 2259.84 2239.31 2198.43 2153.75 2097.76 2034.02
1961.66 1936.91 1914.15 1896.55 1881.66 1880.31 1896.59 1849.59 1794.03 1730.81 1727.56 1756.16 1774.12 1796.21 1811.12 1840.91 1913.00 1986.41 2043.68 2082.31 2128.28 2183.29 2170.44 2133.48
2103.00 2050.81 1994.11 1935.60 1916.48 1898.53 1879.77 1902.90 1914.03 1914.98 1964.98 2013.76 2055.88 2074.87 2098.73 2116.53 2152.45 2194.57 2240.16 2215.18 2182.60 2148.15 2113.07 2078.49
2046.10 2027.94 2010.34 1994.61 1965.27 1935.18 1904.09 1893.96 1879.82 1858.14 1839.88 1822.81 1804.45 1795.01 1811.62 1853.24 1906.79 1963.14 2025.81 2049.09 2069.42 2090.90 2114.47 2143.26
2176.35 2113.29 2046.62 1980.73 1942.53 1899.76 1853.01 1863.56 1868.98 1866.48 1779.37 1731.67 1722.64 1780.52 1841.93 1908.58 1949.55 1992.58 2043.04 2014.88 1982.76 1953.79 1972.47 1992.80
2015.48 1993.51 1971.77 1950.79 1951.04 1950.49 1950.91 1925.51 1891.63 1848.12 1884.03 1913.85 1933.60 1965.61 1987.58 2016.70 2067.18 2118.44 2174.44 2218.30 2263.25 2313.05 2341.66 2350.55
2362.11 2316.21 2266.89 2212.50 2135.71 2049.20 1949.62 2032.84 2093.10 2134.04 2147.23 2157.85 2165.12 2206.77 2260.07 2309.12 2329.87 2334.33 2340.29 2321.09 2296.12 2269.10 2281.40 2298.07
2316.93 2300.70 2284.70 2268.49 2185.14 2091.87 1986.91 2062.36 2119.85 2155.69 2151.39 2145.69 2131.47 2152.68 2178.19 2210.28 2250.25 2292.66 2338.35 2346.19 2350.87 2358.38 2334.19 2306.90
2278.95 2239.75 2199.13 2158.30 2102.74 2042.79 1973.40 2072.14 2146.48 2197.64 2215.23 2235.19 2253.76 2239.97 2229.34 2224.35 2241.52 2260.01 2279.55 2290.45 2304.25 2324.30 2292.71 2257.83
2215.89 2162.20 2103.87 2044.49 2009.22 1969.95 1929.07 2058.53 2154.59 2223.36 2206.46 2192.59 2172.68 2200.42 2220.90 2244.01 2278.55 2314.08 2357.58 2379.20 2389.65 2390.32 2348.15 2302.18
2252.21 2171.48 2083.87 1991.69 2007.29 2022.52 2038.65 2047.44 2046.58 2036.94 2057.05 2077.75 2091.59 2081.50 2085.12 2103.91 2129.56 2161.04 2199.79 2181.94 2153.13 2119.09 2065.59 2002.24
1929.90 1921.66 1920.56 1928.15 1910.67 1894.49 1877.37 1854.02 1840.32 1830.36 1851.19 1869.12 1880.29 1928.30 1978.18 2034.02 2054.27 2076.69 2105.81 2064.74 2014.58 1956.15 1936.23 1915.78
1892.45 1849.94 1802.71 1752.60 1736.16 1726.95 1730.48 1721.92 1756.18 1822.19 1893.36 1955.21 1989.07 1940.74 1906.48 1887.75 1894.13 1901.88 1915.73 1850.56 1786.40 1737.63 1742.40 1751.61
1766.24 1778.65 1803.27 1841.64 1843.54 1843.27 1845.30 1761.89 1677.78 1593.81 1625.67 1705.06 1785.37 1748.77 1716.41 1674.99 1714.62 1775.84 1842.04 1852.19 1862.74 1878.12 1889.48 1900.93
1914.99 1914.40 1931.62 1964.90 1962.13 1959.81 1959.19 1947.86 1929.43 1903.70 1775.33 1703.80 1700.69 1688.85 1712.92 1769.82 1716.13 1650.54 1576.69 1692.29 1793.50 1875.43 1736.19 1726.95
1657.43 1721.94 1962.08 2193.91 2274.57 2353.63 2430.54 2462.81 2494.87 2527.49 2481.76 2450.82 2426.72 2388.43 2351.79 2320.70 2267.62 2202.96 2140.84 2128.33 2111.95 2090.11 2085.19 2090.34
2106.44 2100.20 2094.56 2088.19 2086.38 2070.62 2052.97 1996.10 1930.86 1855.66 1771.02 1692.04 1617.96 1687.35 1754.78 1822.62 1848.35 1879.34 1920.40 1968.36 2006.12 2050.52 2045.89 2049.82
2063.41 2059.62 2058.25 2061.32 2047.88 2035.30 2023.49 2030.19 2028.81 2020.11 2156.74 2308.47 2427.79 2400.31 2376.54 2360.25 2376.39 2379.81 2385.01 2427.52 2474.72 2512.09 2471.17 2426.35
2376.94 2368.35 2359.04 2349.44 2384.52 2420.27 2455.32 2467.04 2469.59 2464.43 2451.17 2437.89 2422.29 2379.94 2340.46 2305.94 2273.99 2240.39 2212.23 2237.63 2271.35 2313.59 2324.75 2334.79
2344.76 1979.49 1491.09 1310.78 1906.63 2382.85 2743.21 2805.60 2870.40 2942.40 2923.93 2892.62 2847.26 2796.99 2747.96 2695.27 2609.72 2523.59 2440.21 2419.27 2398.47 2377.85 2389.16 2401.24
2413.94 2372.75 2329.04 2284.78 2295.03 2307.76 2325.33 2303.36 2278.14 2251.94 2095.56 1927.44 1744.70 1643.70 1652.63 1538.72 1538.81 1557.05 1598.59 1695.53 1799.91 1906.05 1909.94 1922.59
1936.96 1932.83 1959.75 2012.88 1952.39 1885.27 1809.97 1848.58 1872.05 1880.81 1891.65 1899.98 1902.01 1941.15 1980.03 2020.38 1986.14 1945.77 1905.72 1934.21 1967.77 2005.36 1982.40 1958.78
1930.67 1902.09 1873.98 1844.02 1797.51 1748.10 1695.81 1741.59 1781.57 1817.19 1852.75 1886.42 1902.28 1918.80 1935.99 1947.40 1919.42 1913.08 1937.41 2004.47 2069.51 2133.03 2103.79 2081.51
2069.03 2006.71 1953.80 1913.65 1891.26 1868.50 1848.28 1889.60 1921.69 1949.24 1941.47 1926.26 1886.34 1823.60 1773.05 1738.37 1654.55 1551.81 1410.62 1518.14 1621.48 1720.87 1518.27 1526.58
1573.44 1915.89 2235.38 2493.52 2533.76 2575.09 2617.06 2608.12 2595.20 2577.35 2523.53 2467.17 2410.38 2410.53 2413.36 2418.39 2317.30 2192.96 2039.10 2065.76 2081.49 2098.13 1956.83 1784.76
1575.92 1664.86 1763.18 1842.98 1788.99 1699.47 1539.88 1486.82 1420.83 1343.72 1570.69 1722.11 1836.82 1853.98 1871.69 1899.43 1912.86 1926.90 1940.10 1942.91 1944.20 1951.36 1904.43 1865.87
1843.21 1838.97 1903.01 2004.83 1983.88 1969.91 1959.58 1888.51 1823.61 1767.19 1943.41 2075.13 2171.27 2195.35 2220.58 2250.06 2203.11 2146.85 2081.44 2079.00 2074.39 2069.92 2064.91 2061.63
2057.91 2045.08 2034.68 2026.42 2007.03 1990.91 1980.45 1953.04 1925.49 1898.77 1860.04 1908.08 1986.54 1908.66 1833.41 1767.89 1724.23 1669.98 1602.78 1624.44 1698.59 1803.36 1812.95 1846.33
1901.92 1877.39 1882.38 1887.41 1862.61 1859.85 1878.95 1823.68 1761.64 1685.91 1733.53 1934.75 2087.08 2155.93 2221.92 2273.75 2235.89 2190.76 2138.02 2150.42 2167.12 2188.17 2236.33 2283.01
2316.71 2184.50 2050.70 1945.90 1645.30 1728.81 1782.76 1999.95 2303.28 2550.57 2505.62 2411.57 2312.56 2150.22 1958.11 1718.78 1763.72 1831.80 1921.86 2017.11 2112.55 2184.54 2188.44 2199.86
2220.27 2068.03 1896.99 1739.98 1569.18 1326.80 1167.89 1308.02 1521.37 1292.48 1373.96 1523.09 1610.05 1617.61 1642.77 1683.70 1844.63 1992.41 2132.29 2155.11 2180.37 2209.17 2210.90 2214.27
2219.75 2202.24 2196.04 2201.81 2200.22 2199.52 2199.14 2171.66 2135.14 2093.97 2228.10 2334.49 2415.43 2414.98 2417.39 2426.16 2379.15 2325.39 2266.33 2310.49 2355.19 2397.60 2358.59 2313.13
2262.84 2226.63 2188.37 2147.97 2158.20 2168.62 2179.06 2186.65 2184.44 2180.97 2179.74 2184.84 2180.12 2071.84 1954.44 1834.83 1434.98 1912.37 1879.78 2013.11 2519.01 2927.04 2850.14 2775.75
2702.61 2715.96 2729.87 2748.21 2762.01 2779.78 2802.46 2848.67 2887.92 2926.42 2894.05 2864.32 2837.35 2844.70 2854.52 2867.30 2845.57 2823.23 2799.59 2773.25 2745.40 2719.58 2667.46 2613.33
2557.75 2521.88 2485.98 2449.55 2429.72 2416.99 2415.99 2443.98 2461.47 2474.68 2359.18 2244.48 2130.11 2019.66 1908.88 1811.87 1640.10 1478.84 1575.01 1758.22 1922.53 2066.46 2107.43 2160.23
2224.34 2227.28 2229.90 2232.55 2245.20 2256.49 2269.28 2181.41 2087.88 1991.46 2089.09 2165.43 2219.96 2186.32 2163.02 2151.27 2160.66 2168.32 2176.38 2179.27 2182.22 2185.06 2182.04 2181.22
2180.33 2160.30 2139.64 2118.15 2052.74 1980.40 1898.46 1819.85 1755.68 1722.09 1931.74 2102.61 2227.05 2237.62 2249.97 2267.00 2212.65 2145.96 2061.59 2072.68 2096.89 2100.20 2094.80 2100.66
2092.78 2086.77 2083.89 2087.41 2107.72 2136.89 2171.88 2221.25 2259.09 2275.34 2242.61 2228.71 2248.65 2264.60 2283.08 2299.68 2279.37 2258.60 2231.66 2221.73 2206.29 2191.20 2138.05 2094.56
2068.44 2042.87 2006.88 1997.27 2031.45 2080.13 2139.85 2264.21 2410.82 2522.38 2524.45 2540.86 2570.35 2590.70 2613.71 2638.39 2601.39 2561.81 2521.63 2685.68 2836.16 2975.00 3002.00 3028.64
3057.01 2984.35 2905.45 2818.64 2716.72 2601.85 2473.07 2520.43 2554.67 2551.91 2393.38 2221.93 2029.27 2017.21 2010.23 2008.03 1952.34 1902.95 1871.15 1675.96 1649.66 1532.08 1272.97 1627.05
1891.53 1887.73 1903.56 1937.55 2024.27 2127.44 2231.66 2174.32 2106.54 2033.78 2126.97 2198.56 2257.15 2252.13 2251.36 2253.98 2239.56 2223.96 2202.07 2130.57 2051.42 1968.85 1735.86 1379.56
1406.45 1369.34 1335.55 1295.69 1783.12 2072.36 2292.40 2299.87 2296.55 2288.18 2231.17 2213.90 2213.99 2126.98 2036.65 1943.13 1959.73 2016.77 2104.57 2009.04 1864.99 1690.24 1648.48 1603.84
1564.41 1505.97 1439.03 1365.93 1403.67 1605.25 1779.88 1792.18 1819.20 1853.90 2030.26 2157.73 2250.11 2273.38 2296.76 2321.01 2291.35 2256.30 2210.67 2214.60 2222.73 2233.38 2220.80 2207.87
2193.28 2182.40 2174.83 2168.90 2154.79 2143.74 2136.68 2139.98 2137.25 2132.21 2214.86 2277.18 2318.35 2288.44 2267.58 2256.52 2216.21 2160.21 2062.41 2065.91 2069.63 2075.53 2064.27 2056.83
2052.62 1996.64 1938.83 1875.16 1799.74 1787.91 1849.54 1779.66 1699.58 1621.66 1704.32 1772.76 1827.79 1863.65 1900.58 1939.84 1943.18 1953.33 1965.78 1981.96 1995.34 2009.60 1968.02 1949.62
1963.02 1951.65 1959.46 1984.86 1982.27 1980.36 1977.82 2015.60 2043.23 2066.54 2181.65 2275.67 2354.79 2362.22 2372.76 2386.47 2306.26 2215.05 2111.31 2142.11 2176.57 2212.00 2173.52 2132.01
2088.11 2075.22 2059.21 2040.94 2008.59 1974.19 1937.07 1615.64 1436.11 1771.23 1901.15 1962.29 2030.52 2181.13 2326.62 2466.48 2537.14 2610.03 2683.21 2695.18 2709.61 2727.70 2708.43 2688.01
2668.67 2669.42 2671.02 2672.52 2643.92 2615.51 2584.54 2590.25 2594.18 2571.94 2515.29 2457.59 2391.84 2329.75 2267.93 2201.89 2106.15 1980.17 1836.82 1861.52 1821.35 1762.20 1751.67 1742.75
1733.52 1443.89 1170.28 1555.45 1509.86 1522.91 1596.54 1361.02 1543.85 1750.88 1677.24 1627.32 1610.78 1684.47 1792.22 1882.01 1957.07 2040.47 2116.44 2120.21 2128.07 2138.68 2132.67 2140.29
2161.01 2163.83 2167.54 2172.66 2164.28 2157.13 2147.91 2116.44 2078.33 2037.88 2141.91 2228.47 2299.68 2324.49 2351.51 2381.70 2330.15 2269.54 2194.30 2248.40 2301.66 2352.27 2366.49 2382.81
2401.26 2363.59 2324.15 2281.81 2236.22 2187.03 2134.27 2069.31 1992.43 1910.07 1728.11 1744.85 1904.38 2182.09 2528.70 2845.42 2932.22 3017.57 3103.05 3104.41 3104.34 3100.40 3108.67 3118.06
3127.72 3123.87 3120.71 3118.36 3119.88 3121.13 3126.15 3090.18 3045.51 2999.78 2942.09 2884.85 2830.46 2726.51 2594.31 2486.44 2448.07 2399.16 2282.13 2256.38 2230.42 2206.21 2080.96 1927.21
1751.83 1664.79 1934.28 1996.87 1932.05 1951.32 2046.00 2136.69 2216.94 2286.03 2307.82 2327.57 2366.81 2365.51 2370.00 2377.55 2313.66 2250.79 2193.13 2067.20 1975.84 1979.25 1983.72 2022.13
2086.23 1982.49 1873.39 1775.50 1639.40 1527.87 1285.46 1552.54 1695.49 1757.51 1821.67 1881.30 1946.02 2073.08 2188.09 2292.23 2223.94 2148.45 2064.01 2101.09 2154.88 2221.67 2244.93 2268.90
2291.70 2295.46 2301.09 2308.50 2290.44 2271.84 2252.65 2193.94 2125.73 2058.53 2022.54 1944.29 1871.28 1742.80 1629.77 1571.65 1686.29 1871.13 1946.37 1890.33 1832.46 1775.63 1618.56 1402.59
1211.12 1348.64 1527.02 1672.43 1498.08 1249.18 1232.34 1385.82 1556.59 1677.50 1833.91 1942.27 2024.25 2057.68 2094.84 2132.65 2163.52 2195.21 2222.85 2228.27 2233.16 2239.64 2239.34 2241.31
2245.97 2237.74 2229.35 2220.64 2210.32 2201.11 2195.74 2079.76 1945.14 1786.70 1881.40 1965.95 2014.32 1935.79 1859.27 1836.24 1755.09 1673.45 1634.08 1740.74 1851.71 1959.78 1946.08 1949.85
1969.17 1954.83 1951.05 1906.03 1863.11 1816.04 1766.35 1651.57 1536.57 1459.46 1558.29 1588.11 1686.16 1690.41 1704.75 1727.55 1779.11 1852.46 1938.69 1912.56 1908.00 1926.60 1989.54 2071.28
2162.38 2125.17 2091.00 2058.67 2043.24 2028.00 2011.68 1867.26 1695.20 1491.43 1478.09 1654.17 1804.01 1918.56 2020.06 2111.62 2123.61 2137.26 2148.50 2166.68 2185.08 2204.06 2192.83 2189.32
2194.25 2172.07 2151.05 2128.98 2173.13 2215.36 2256.24 2308.28 2349.52 2382.11 2441.52 2498.87 2553.50 2552.76 2554.38 2559.81 2537.88 2516.12 2490.96 2526.44 2561.69 2597.55 2591.50 2585.47
2580.52 2535.40 2488.37 2438.09 2418.05 2401.79 2388.53 2411.28 2427.97 2441.32 2430.86 2419.41 2412.30 2359.44 2324.51 2309.80 2283.90 2255.33 2217.75 2244.58 2249.30 2248.72 2231.28 2192.21
2153.83 2106.25 2056.54 2000.95 1799.78 1740.39 1939.88 1773.12 1849.22 2051.46 2110.58 2192.89 2282.36 2295.88 2322.00 2340.66 2282.27 2213.41 2112.35 2078.60 2031.31 1987.21 1800.07 1565.84
1453.67 1457.42 1614.42 1541.77 1374.60 1683.07 1932.00 1802.33 1720.42 1735.25 1767.20 1870.20 1977.51 1993.10 2011.50 2036.71 1938.64 1854.41 1822.93 1716.48 1582.64 1400.72 1220.10 1161.86
1317.40 1621.60 1834.41 2006.14 2001.23 2014.70 2040.82 2014.89 1982.21 1947.39 1887.33 1871.59 1888.57 1975.59 2054.52 2128.22 2149.99 2174.78 2200.14 2217.21 2236.57 2258.46 2256.99 2254.25
2251.57 2245.91 2241.14 2237.45 2241.19 2246.60 2251.56 2240.73 2225.33 2206.17 2174.35 2144.75 2120.14 2100.00 2084.15 2075.01 2092.04 2131.44 2142.33 2145.32 2159.04 2178.76 2198.76 2221.58
2248.95 2259.59 2271.85 2283.26 2296.82 2311.38 2325.79 2302.50 2274.15 2243.39 2184.16 2128.00 2077.59 2127.98 2180.67 2231.17 2187.70 2138.18 2077.97 2072.44 2070.53 2077.92 1974.93 2029.80
2202.15 2227.48 2259.59 2298.40 2343.04 2406.80 2483.44 2546.64 2599.87 2642.48 2574.52 2505.82 2452.80 2441.36 2432.40 2421.07 2409.70 2399.56 2385.89 2432.34 2454.72 2481.37 2458.98 2435.40
2410.54 2376.59 2347.51 2326.29 2215.50 2108.10 2022.41 1990.88 1954.74 1911.55 2054.40 2172.22 2267.33 2161.22 2052.82 1945.61 1976.13 2008.61 2034.67 2085.87 2150.81 2226.20 2157.38 2081.83
1998.75 2035.44 2086.13 2144.02 2069.14 2016.84 1996.66 1961.32 1921.47 1879.87 2000.87 2124.86 2229.16 2283.52 2344.80 2410.16 2420.37 2432.81 2442.03 2441.49 2446.11 2456.89 2442.79 2438.78
2448.16 2432.11 2416.28 2399.75 2373.19 2349.32 2328.19 2267.91 2201.96 2132.35 2110.69 2126.83 2167.93 2196.37 2259.98 2347.96 2303.96 2248.18 2172.08 2181.15 2195.84 2217.24 2223.21 2232.38
2246.77 2228.67 2248.11 2306.66 2297.68 2300.46 2317.53 2336.22 2346.83 2351.60 2322.59 2298.30 2279.32 2273.59 2275.41 2284.01 2284.20 2284.23 2276.84 2253.51 2233.71 2220.68 2241.98 2262.78
2281.99 2245.89 2206.67 2167.14 2180.20 2198.95 2221.28 2155.42 2079.16 1992.68 1843.11 1587.94 1254.77 1042.08 1242.94 1315.03 1493.83 1722.60 1916.06 1921.44 1990.75 2098.17 2107.16 2137.30
2188.22 2157.97 2129.72 2100.70 2142.50 2183.05 2220.32 2159.35 2097.05 2033.48 2087.31 2125.45 2149.60 2130.04 2125.49 2130.39 2048.35 1932.17 1785.00 1615.59 1650.38 1868.06 1985.04 2103.93
2219.28 2251.17 2284.25 2314.48 2269.47 2215.14 2156.74 2089.52 2011.71 1921.51 1784.30 1701.17 1732.42 1716.51 1788.78 1895.64 1969.59 2046.01 2114.93 2061.61 2010.35 1960.06 1980.23 2008.95
2046.34 1995.90 1980.27 2007.77 2034.01 2060.17 2084.31 2045.27 2002.65 1956.66 2093.82 2191.39 2258.38 2255.90 2238.08 2224.01 2205.77 2188.24 2167.48 2175.00 2183.78 2193.74 2191.02 2192.83
2200.76 2199.58 2208.07 2228.47 2168.71 2195.17 2294.91 2393.20 2498.18 2596.82 2540.56 2487.64 2438.74 2425.48 2424.38 2431.07 2375.53 2308.17 2220.68 2226.15 2231.93 2238.24 2236.44 2234.07
2232.64 2231.44 2229.28 2229.22 2227.94 2230.95 2236.91 2122.59 1971.60 1781.61 1493.54 1285.29 1384.43 1338.92 1615.25 1828.85 1932.89 2034.50 2126.94 2149.13 2173.75 2199.05 2197.03 2202.54
2216.47 2215.85 2216.71 2216.21 2228.22 2241.27 2255.56 2251.57 2240.10 2220.48 2300.84 2363.07 2407.00 2406.83 2395.16 2372.25 2329.06 2279.90 2184.64 2214.24 2246.44 2282.42 2266.77 2251.77
2238.58 2228.96 2220.61 2214.04 2193.36 2172.10 2150.63 2140.53 2124.25 2101.52 1945.71 1779.64 1597.15 1341.33 1495.59 1739.05 1745.06 1907.98 2120.08 2288.24 2456.03 2615.14 2699.29 2783.05
2862.29 2863.50 2863.79 2864.90 2869.24 2845.45 2820.35 2812.05 2805.93 2799.33 2732.34 2662.70 2590.40 2562.07 2535.79 2503.82 2443.41 2376.10 2302.03 2232.48 2199.95 2218.95 2198.51 2187.96
2191.24 2117.49 2038.17 1950.53 1862.95 1860.13 1948.30 1935.97 1915.69 1885.91 1909.85 1931.20 1960.61 1935.21 1947.37 1988.94 2067.64 2151.07 2229.20 2242.55 2256.67 2272.88 2277.41 2284.34
2292.40 2288.93 2291.97 2300.01 2239.06 2196.17 2181.65 2122.75 2056.46 1974.95 2028.80 2072.94 2103.47 2141.41 2181.02 2219.11 2209.95 2199.82 2182.56 2193.62 2205.57 2218.93 2217.29 2224.81
2240.07 2244.83 2250.04 2255.89 2255.14 2256.56 2259.50 2265.45 2265.48 2255.26 2171.58 2164.39 2204.42 2203.76 2210.67 2220.64 2193.04 2180.37 2184.31 2085.55 1973.23 1851.40 1882.46 1925.28
1977.41 1933.61 1886.03 1838.10 1805.03 1782.78 1851.50 1793.14 1765.36 1769.34 1771.87 1826.92 1887.80 1970.57 2058.69 2143.97 2155.45 2168.80 2178.29 2186.45 2194.25 2202.75 2199.48 2195.11
2192.68 2184.97 2177.66 2169.92 2164.49 2168.32 2182.35 2162.01 2137.72 2106.14 2105.44 2095.35 2030.50 1978.09 1935.54 1898.69 1911.63 1961.90 2042.32 2089.70 2142.96 2166.23 2145.05 2112.74
2072.30 1996.28 1922.21 1858.14 1544.78 1428.61 1769.01 2006.54 2172.47 2321.35 2391.49 2468.37 2546.39 2589.70 2638.01 2688.96 2708.49 2729.39 2748.13 2701.75 2649.84 2594.44 2684.15 2769.78
2853.09 2817.08 2778.47 2737.67 2730.00 2723.26 2715.44 2738.68 2757.40 2768.18 2769.24 2771.72 2774.15 2746.99 2724.06 2687.82 2602.34 2498.00 2361.30 2294.96 2266.60 2290.62 2257.34 2240.06
2241.83 2295.77 2352.04 2409.74 2403.03 2406.73 2424.28 2365.09 2300.46 2222.66 2150.13 2080.34 2011.99 1990.19 1975.52 1962.09 1770.64 1468.42 1246.13 1399.40 1664.83 1862.58 1933.90 2011.34
2093.09 2119.53 2146.55 2172.99 2203.14 2233.36 2263.79 2123.49 1960.25 1768.33 1944.85 2077.80 2179.53 2275.80 2372.63 2464.50 2408.00 2355.33 2308.66 2309.50 2309.32 2308.64 2280.29 2251.39
2219.76 2156.80 2091.34 2017.97 1999.23 2013.76 2054.79 2066.14 2073.36 2072.50 2099.85 2123.70 2147.20 2060.69 1967.59 1871.04 1956.32 2044.54 2128.60 2101.11 2073.85 2048.60 1970.20 1907.26
1883.28 1779.05 1764.05 1866.13 1894.89 2044.93 2219.24 2177.32 2094.74 1979.76 1860.53 1926.53 2118.25 2058.22 2002.13 1948.14 1883.33 1872.60 1938.06 2019.25 2015.62 2127.37 2015.03 1883.33
1720.59 1373.13 1474.50 1803.90 1909.23 2010.88 2119.38 1981.51 1839.32 1719.74 1599.03 1516.02 1489.70 1382.39 1463.19 1613.37 1390.90 1474.28 1682.98 1537.92 1563.72 1740.21 1694.26 1700.84
1767.26 1751.61 1737.79 1730.03 1744.84 1761.02 1777.68 1845.23 1900.14 1937.60 1768.78 1584.14 1364.76 1380.25 1596.98 1777.22 1874.33 1982.51 2089.67 2051.50 2054.49 2107.86 2066.09 2020.72
1969.82 1994.10 2019.77 2046.13 2011.40 1980.77 1954.45 1972.98 1994.01 2003.61 1906.62 1890.06 1928.78 1969.97 2011.80 2050.05 2103.59 2159.33 2213.00 2232.36 2250.67 2270.20 2252.32 2250.73
2266.24 2255.93 2248.24 2245.60 2239.37 2237.90 2241.58 2234.19 2231.53 2224.60 2133.90 2053.75 1981.41 2028.11 2077.44 2124.60 2091.45 2053.58 2056.84 2109.43 2141.78 2152.70 2141.52 2129.22
2115.40 2108.94 2101.98 2095.72 1952.36 1779.71 1565.16 1677.04 1798.40 1898.26 1906.53 1912.30 1916.32 1916.83 1929.91 1927.21 1940.52 1937.18 1933.32 1958.95 1989.86 2025.29 2040.73 2056.77
2073.46 2049.27 2025.22 2001.53 2025.08 2052.79 2086.57 2152.31 2217.36 2271.15 2253.45 2274.79 2316.92 2339.18 2368.24 2400.12 2350.61 2301.20 2251.32 2263.90 2278.79 2297.04 2320.97 2351.78
2387.11 2419.63 2453.04 2484.28 2504.64 2524.26 2542.48 2561.57 2576.95 2585.55 2540.37 2491.90 2468.66 2441.56 2422.60 2468.49 2380.25 2276.57 2150.11 2148.39 2156.93 2177.99 2136.40 2091.44
2047.18 1881.32 1724.84 1688.60 1828.07 1948.21 2055.08 2094.03 2138.06 2176.42 2261.41 2341.90 2416.26 2504.20 2596.36 2688.57 2577.25 2443.87 2280.75 2221.44 2156.64 2087.11 2058.27 2028.06
1997.08 2090.27 2178.82 2261.63 2239.77 2217.32 2192.95 2227.34 2257.96 2276.07 2201.44 2216.58 2263.12 2144.66 2016.48 1869.04 1981.26 2104.11 2222.39 2188.41 2127.40 2053.33 1932.74 1799.33
1661.90 1551.83 1423.87 1323.03 1353.76 1525.33 1681.21 1387.69 1365.99 1629.87 1473.48 1404.06 1419.45 1256.73 1592.66 1835.86 1938.78 2042.15 2127.15 2150.49 2162.64 2175.18 2123.86 2083.91
