1478.07 1586.32 1721.57 1871.07 1914.11 1955.75 1994.19 2003.76 2016.50 2027.54 2053.70 2081.28 2111.71 2092.35 2074.70 2059.32 2060.39 2075.72 2101.71 2122.90 2148.39 2176.48 2230.42 2288.90
2348.54 2280.53 2216.45 2163.02 2097.03 2028.11 1955.18 1954.90 1953.44 1952.22 1874.47 1788.01 1692.41 1724.32 1759.23 1791.30 1870.59 1943.41 2009.13 2076.85 2161.02 2252.69 2257.76 2242.89
2229.59 2037.77 1905.69 1763.51 1894.99 2059.52 2215.41 2255.08 2295.19 2336.10 2416.01 2487.62 2540.07 2450.94 2373.54 2308.48 2156.57 1976.84 1794.80 1684.87 1548.25 1369.06 1564.07 1696.71
1811.85 1858.27 1902.96 1947.67 1960.04 1982.64 2014.18 1924.05 1838.30 1767.64 1883.39 1958.31 1998.79 1908.82 1820.16 1736.85 1556.77 1416.53 1566.71 1699.91 1820.88 1921.67 1878.49 1842.82
1820.14 1711.17 1577.99 1402.89 1358.06 1313.82 1270.92 1340.40 1398.44 1432.01 1667.58 1803.65 1883.13 1942.38 2000.68 2052.89 2079.34 2107.46 2131.72 2130.76 2129.20 2125.07 2078.65 2030.62
1980.48 1948.83 1917.37 1884.19 1883.98 1884.33 1886.31 1922.33 1950.21 1968.80 2104.18 2226.44 2327.84 2319.60 2315.18 2318.80 2339.36 2363.10 2393.01 2377.74 2356.23 2331.97 2318.17 2303.67
2289.72 2227.84 2165.84 2106.94 2051.48 1993.81 1935.25 1772.95 1590.95 1466.15 1599.92 1813.47 1970.93 1927.01 1890.15 1869.32 1940.91 2015.23 2092.45 2132.39 2173.76 2214.09 2180.01 2147.02
2114.75 2069.92 2022.91 1972.12 1934.32 1916.59 1926.69 1768.32 1557.07 1230.19 1409.29 1559.47 1656.60 1617.08 1660.33 1761.41 1843.61 1890.66 1934.68 1960.24 1987.25 2014.17 1961.16 1902.29
1815.79 1749.99 1723.85 1780.55 1811.91 1850.79 1890.85 1965.14 2027.81 2080.32 2166.35 2238.54 2304.37 2333.05 2363.48 2398.60 2410.10 2408.93 2409.03 2395.11 2381.88 2368.53 2280.70 2182.90
2074.25 2027.92 1980.31 1929.17 1940.08 1955.72 1976.50 2019.84 2085.18 2158.28 2146.55 2139.20 2141.86 2129.61 2119.37 2116.56 2115.86 2127.00 2151.55 2125.81 2099.55 2071.98 2017.98 1961.89
1903.11 1930.61 1962.27 1998.72 2004.13 2009.51 2015.37 2081.29 2137.59 2185.20 2250.48 2307.24 2346.98 2334.93 2324.37 2312.78 2325.76 2320.16 2316.24 2259.06 2196.83 2133.39 2056.33 1945.81
1827.88 1803.38 1778.87 1757.73 1760.57 1784.08 1828.03 1644.00 1529.21 1532.28 1747.46 1920.00 2028.59 2007.37 1998.86 2015.37 1946.12 1890.15 1869.61 1909.98 1948.35 1990.06 1993.22 2013.01
2049.33 2098.78 2151.78 2206.93 2216.03 2224.25 2232.37 2314.59 2387.00 2451.03 2406.71 2364.15 2318.43 2288.50 2263.93 2245.13 2244.16 2249.74 2262.85 2194.42 2118.57 2032.82 2039.70 2061.31
2089.76 2156.40 2217.39 2273.58 2268.62 2263.79 2258.85 2309.47 2355.78 2396.75 2399.51 2401.99 2405.89 2391.17 2378.36 2367.42 2343.81 2321.77 2302.05 2267.72 2235.49 2206.97 2187.02 2169.73
2157.03 2143.47 2129.28 2115.85 2118.00 2124.01 2132.39 2151.04 2168.16 2175.65 2167.34 2174.05 2194.54 2192.90 2176.05 2161.57 2135.32 2108.28 2081.47 1992.54 1869.38 1729.31 1723.82 1738.54
1768.56 1764.89 1761.41 1759.39 1638.88 1490.99 1309.74 1112.38 1192.35 1145.62 1176.72 1387.75 1625.62 1248.38 1350.08 1672.41 1772.88 1864.71 1950.40 1887.07 1825.57 1773.74 1661.10 1526.09
1365.07 1423.20 1478.31 1528.60 1555.00 1580.26 1605.11 1378.02 1126.60 1349.58 1166.42 1212.02 1362.86 1311.50 1517.49 1708.81 1897.16 2069.90 2224.39 2204.00 2183.36 2161.08 2102.72 2039.17
1968.32 1897.27 1819.28 1735.21 1794.85 1858.04 1875.79 1939.41 2001.01 2055.89 2110.94 2158.47 2186.48 2263.43 2335.36 2400.95 2393.63 2387.85 2384.36 2410.02 2435.05 2456.41 2392.41 2325.66
2258.33 2196.44 2132.13 2065.79 1898.92 1863.95 2007.50 2265.63 2532.04 2746.78 2779.54 2811.34 2843.16 2819.53 2799.82 2784.46 2727.67 2663.17 2591.27 2531.24 2464.14 2389.77 2333.18 2275.77
2219.32 2204.25 2188.61 2173.05 2191.09 2208.87 2227.79 2239.81 2251.01 2259.84 2243.04 2228.11 2214.52 2196.65 2183.81 2176.11 2065.89 1980.07 1970.80 1999.18 2042.65 2095.98 2082.71 2069.41
2056.22 2000.85 1940.32 1875.02 1928.11 1976.46 2022.39 1951.14 1870.63 1776.60 1949.71 2108.88 2230.78 2293.34 2356.04 2422.62 2431.13 2440.66 2451.41 2462.35 2471.58 2482.70 2494.69 2506.83
2521.48 2513.02 2506.23 2500.48 2504.93 2509.88 2515.57 2560.97 2596.99 2622.49 2627.40 2625.08 2620.14 2606.10 2594.70 2584.80 2556.52 2522.96 2488.19 2439.50 2378.30 2302.98 2148.19 1961.68
1738.20 1560.13 1490.55 1851.57 2359.64 2684.88 2928.06 2872.58 2810.63 2742.35 2689.88 2648.68 2605.29 2620.81 2638.06 2655.14 2568.00 2470.97 2366.10 2249.63 2110.20 1938.47 1820.82 1691.84
1578.16 1219.35 1425.67 1712.67 1661.74 1613.41 1531.58 1478.64 1515.97 1592.97 1734.85 1844.03 1921.30 2041.57 2139.34 2228.69 2219.59 2210.03 2176.19 2109.54 2044.71 1985.27 1951.27 1925.93
1911.02 1913.94 1919.42 1927.85 1943.30 1958.91 1974.46 1877.81 1763.00 1632.88 1905.26 2121.69 2290.67 2356.18 2420.65 2486.05 2477.88 2469.88 2460.87 2453.10 2444.52 2436.09 2365.57 2289.86
2206.03 2152.52 2097.81 2041.68 2022.22 2011.01 2008.67 2070.86 2132.59 2191.90 2107.40 2015.78 1945.31 2129.68 2278.55 2405.09 2367.21 2325.35 2284.04 2231.95 2177.25 2120.91 2016.19 1939.79
1930.60 1902.83 1875.70 1850.28 1766.51 1678.04 1589.25 1720.24 1871.18 2001.45 1861.86 1730.91 1638.95 1169.76 1568.49 1823.03 1676.91 1541.54 1546.24 1460.00 1655.03 1958.51 1980.92 2010.66
2046.54 2017.60 2036.71 2097.37 2097.46 2098.33 2098.62 2084.82 2064.79 2034.12 2192.69 2310.41 2372.16 2317.19 2265.11 2206.68 2078.30 1919.33 1716.65 1607.14 1464.29 1269.44 1525.59 1753.55
1986.21 2263.81 2531.66 2759.04 2773.10 2772.89 2772.62 2757.58 2737.30 2714.49 2644.06 2571.90 2500.83 2427.36 2365.67 2321.50 2302.46 2303.10 2325.48 2237.90 2138.42 2023.53 2006.50 1989.76
1971.02 1966.31 1962.90 1955.99 1964.55 1976.45 1989.38 1994.43 1993.47 1991.76 2071.96 2170.57 2271.42 2279.52 2290.54 2307.72 2246.17 2180.92 2111.21 2082.86 2056.65 2033.80 1925.74 1802.27
1653.23 1595.23 1535.86 1473.49 1438.45 1400.42 1360.70 1474.91 1574.01 1657.70 1580.54 1514.24 1453.67 1728.33 1922.54 2072.25 2091.59 2104.84 2119.83 2099.44 2078.78 2062.11 1943.15 1787.85
1664.44 1680.54 1705.19 1738.11 1531.04 1366.66 1448.84 1361.31 1319.61 1352.74 1429.62 1473.31 1517.16 1586.20 1694.75 1813.44 1901.69 2005.80 2121.13 2142.22 2163.31 2184.60 2135.65 2081.09
2019.11 1917.34 1806.53 1687.15 1740.57 1792.29 1802.47 1836.21 1873.82 1910.70 1915.73 1900.26 1882.94 1881.41 1881.37 1879.48 1961.86 2041.68 2119.50 2096.49 2070.34 2041.45 2036.25 2032.46
2029.41 2042.61 2056.03 2071.71 2064.63 2058.04 2039.83 2039.38 2030.75 2011.80 2037.21 2046.48 2050.44 2067.95 2087.41 2112.81 2160.43 2210.14 2264.48 2258.91 2249.77 2239.67 2195.24 2144.94
2091.64 2017.23 1935.84 1852.19 1864.71 1876.88 1887.92 1837.30 1814.61 1825.90 1873.91 1932.58 1989.50 2006.63 2027.62 2057.21 2092.89 2129.42 2170.53 2166.29 2155.96 2144.37 2127.52 2110.62
2093.05 2058.36 2025.88 1996.43 1976.23 1955.35 1933.42 2019.79 2085.22 2134.87 2210.83 2272.56 2297.99 2333.67 2369.58 2410.62 2385.80 2358.36 2331.46 2312.27 2265.68 2212.15 2247.84 2283.09
2319.61 2313.81 2308.53 2303.34 2295.72 2287.63 2280.21 2273.42 2257.48 2232.96 2327.05 2389.14 2417.48 2435.47 2454.54 2477.88 2462.29 2445.44 2430.33 2432.78 2423.49 2412.09 2418.41 2424.86
2433.87 2406.10 2378.76 2350.84 2321.06 2290.20 2257.51 2238.44 2211.21 2174.44 2163.05 2157.62 2124.20 2033.42 1956.41 1909.68 2009.07 2156.79 2333.78 2390.90 2451.85 2516.83 2578.80 2640.59
2706.33 2706.88 2707.61 2708.74 2691.35 2680.09 2676.20 2684.81 2691.63 2697.35 2667.55 2639.89 2616.31 2623.78 2632.24 2641.61 2613.83 2584.23 2554.68 2502.69 2447.86 2390.76 2440.16 2491.19
2543.58 2536.60 2530.35 2524.00 2576.46 2628.38 2679.45 2629.42 2575.22 2518.56 2469.68 2420.08 2369.58 2360.95 2352.50 2343.02 2354.78 2367.00 2381.55 2302.72 2224.54 2153.25 2132.82 2113.57
2096.05 2039.20 2005.87 2005.17 1977.48 1953.88 1909.49 1911.92 1922.75 1955.20 1783.62 1582.30 1339.53 1355.49 1613.33 1816.57 1881.70 1949.90 2020.04 1942.85 1854.29 1760.75 1729.82 1712.18
1709.61 1759.21 1810.42 1864.17 1801.44 1738.92 1675.61 1711.98 1774.40 1815.79 1801.20 1984.03 2173.55 2148.64 2130.83 2129.16 1989.11 1822.27 1672.30 1639.65 1757.21 1935.48 1901.92 1867.75
1837.71 1662.17 1450.15 1375.77 1284.00 1695.95 1931.92 2136.03 2335.94 2502.44 2476.76 2446.87 2413.65 2406.91 2401.62 2404.74 2354.84 2303.13 2252.71 2160.91 2045.00 1907.44 1910.79 1916.22
1926.85 1929.20 1935.46 1945.23 1889.74 1847.05 1827.73 1822.58 1805.07 1780.36 1885.35 1970.86 2022.93 2084.50 2149.60 2219.65 2255.00 2292.84 2337.61 2322.44 2297.01 2268.84 2208.19 2147.85
2088.26 2072.56 2057.54 2043.45 2049.66 2066.73 2094.14 2101.61 2097.64 2087.11 2192.94 2276.55 2338.38 2275.32 2196.00 2117.67 2094.67 2073.60 2058.91 2052.51 2042.04 2032.48 2029.23 2030.34
2035.68 2018.84 2003.45 1990.56 2002.98 2014.75 2027.28 1962.03 1883.86 1795.39 1876.85 1934.08 1975.56 1965.49 1956.64 1957.12 1898.95 1837.03 1781.69 1863.68 1943.31 2022.92 2004.84 1990.62
1984.63 1984.28 1985.03 1988.44 1980.33 1973.00 1964.26 1944.23 1917.22 1886.15 1875.69 1862.09 1844.60 1892.54 1917.30 1947.10 1982.01 1986.45 1998.79 1967.60 1927.09 1876.32 1888.88 1894.58
1899.08 1912.59 1925.34 1938.45 1858.47 1809.64 1699.64 1683.30 1716.46 1741.81 1811.16 1880.76 1940.75 2019.51 2121.27 2205.84 2276.06 2350.95 2436.41 2484.73 2527.21 2567.39 2513.52 2457.42
2401.55 2346.83 2290.23 2230.54 2291.84 2361.28 2432.52 2440.58 2445.14 2449.57 2442.31 2435.31 2429.34 2411.83 2415.34 2440.73 2435.81 2431.48 2429.36 2377.60 2321.37 2261.93 2227.75 2192.10
2155.96 2086.38 2013.51 1938.77 1854.63 1761.36 1654.89 1769.12 1858.62 1935.29 1855.34 1800.47 1770.22 1296.68 1265.08 1597.04 1475.47 1319.28 1061.28 1417.10 1699.81 1868.91 1902.13 1970.84
2057.69 2086.83 2057.99 2048.19 2040.53 2070.39 2130.45 2209.47 2302.72 2401.32 2368.66 2339.95 2307.36 2223.41 2148.72 2094.47 2087.06 2083.79 2087.81 2018.63 1939.88 1849.92 1761.76 1661.28
1541.73 1512.62 1501.98 1512.41 1411.68 1290.36 1174.30 1539.24 1770.84 1938.66 1905.72 1879.97 1855.44 1886.74 1974.91 2105.64 2109.31 2113.63 2121.81 2131.29 2148.09 2176.19 2149.24 2121.88
2094.37 2048.66 2002.65 1956.36 1878.34 1804.66 1712.34 1704.52 1735.11 1793.40 1747.85 1685.28 1625.90 1747.72 1849.57 1930.82 1960.45 2012.63 2085.31 2078.47 2074.53 2077.56 2025.37 1987.32
1969.94 1948.90 1907.52 1875.70 1799.77 1745.93 1729.97 1607.89 1586.37 1507.34 1649.34 1889.08 2073.46 2106.34 2141.52 2177.18 2165.93 2160.59 2159.44 2117.57 2060.75 1987.56 1998.89 2015.81
2045.00 2067.34 2090.13 2116.75 2096.07 2075.96 2056.47 2158.59 2243.12 2315.76 2334.18 2364.24 2421.90 2411.47 2409.57 2424.02 2385.99 2341.87 2296.59 2203.15 2092.71 1966.47 1930.79 1872.25
1812.69 1893.49 1931.97 1966.19 1973.99 1981.92 1989.20 2061.37 2121.53 2158.60 2188.22 2215.24 2240.47 2265.35 2295.16 2330.77 2301.22 2271.05 2239.28 2129.23 2008.17 1886.23 1847.59 1806.07
1764.26 1809.24 1852.83 1891.75 1852.63 1807.18 1757.95 1785.58 1815.67 1849.41 1813.05 1789.19 1768.79 1957.29 2106.43 2229.03 2219.49 2211.23 2207.76 2182.93 2146.55 2101.54 2090.73 2066.42
2046.53 2041.57 2037.30 2032.63 1994.04 1959.72 1929.73 1898.30 1849.99 1796.49 1909.03 1999.25 2071.24 2133.84 2194.99 2249.20 2252.83 2255.31 2264.65 2242.96 2221.96 2201.53 2183.88 2163.56
2142.53 2104.45 2066.92 2029.55 1965.09 1901.43 1841.38 1956.36 2060.02 2153.79 2172.40 2189.63 2208.90 2228.77 2259.64 2295.96 2295.50 2297.27 2305.22 2292.19 2253.28 2210.34 2143.81 2071.33
1994.82 1981.66 1967.84 1954.25 1876.49 1829.25 1819.26 1900.99 1976.14 2047.91 2047.58 2047.73 2052.56 2110.34 2165.58 2216.61 2251.70 2298.63 2354.67 2301.35 2237.90 2166.33 2065.38 1971.91
1908.56 1774.76 1549.92 1400.43 1352.64 1300.01 1337.55 1606.61 1788.38 1916.42 1845.70 1867.20 1947.31 1997.10 2050.65 2111.99 2183.90 2249.70 2308.94 2308.47 2299.36 2289.96 2232.66 2173.98
2114.65 2053.53 1988.35 1912.25 1894.19 1877.70 1863.96 1788.76 1698.19 1598.82 1557.24 1550.84 1566.96 1862.55 2078.28 2262.01 2344.87 2429.62 2516.15 2586.62 2663.10 2726.18 2674.07 2617.16
2556.29 2556.95 2577.27 2614.69 2574.86 2533.52 2491.72 2538.09 2589.93 2650.79 2668.95 2688.00 2708.68 2706.96 2706.31 2704.99 2661.02 2617.08 2573.56 2557.74 2546.96 2544.29 2552.46 2561.53
2572.29 2598.83 2624.27 2650.58 2628.21 2604.65 2580.93 2618.85 2654.29 2691.48 2656.37 2622.57 2588.97 2533.91 2483.71 2439.91 2404.17 2368.48 2332.18 2196.67 2043.03 1886.62 1887.54 1893.81
1905.09 1938.75 1978.31 2020.94 2091.77 2157.50 2219.66 2220.41 2216.76 2212.58 2224.95 2237.72 2249.02 2195.25 2147.59 2108.62 2069.13 2029.78 1988.76 1935.54 1875.97 1809.89 1815.28 1816.73
1806.30 1692.49 1571.57 1475.82 1429.09 1382.88 1342.45 1114.73 1093.81 1242.52 1335.87 1419.82 1487.15 1710.11 1872.18 1986.11 2040.58 2093.79 2146.34 2109.18 2035.18 1948.87 1969.05 1988.82
2009.49 2052.28 2093.60 2132.91 2086.19 2037.95 1987.11 2072.19 2133.25 2179.26 2215.62 2248.42 2270.86 2323.72 2376.44 2431.85 2438.37 2446.83 2457.31 2448.06 2421.48 2382.35 2390.85 2399.30
2408.28 2451.19 2492.07 2532.07 2488.70 2445.51 2402.39 2372.93 2335.22 2290.91 2297.26 2304.95 2311.37 2143.25 1951.33 1718.93 1706.60 1773.72 1898.26 1916.01 1926.84 1938.80 1927.32 1913.60
1898.85 1886.68 1874.68 1863.74 1902.14 1939.72 1977.87 1998.76 2007.75 2007.50 2025.92 2026.96 2017.15 2026.53 2043.53 2070.88 2132.21 2197.30 2263.11 2209.72 2139.24 2055.72 1987.82 1911.83
1826.18 1840.75 1854.96 1870.08 1863.81 1858.25 1851.45 1905.51 1949.36 1982.58 2053.73 2105.15 2122.16 2132.19 2147.20 2171.67 2201.92 2237.69 2276.81 2241.14 2187.39 2129.07 2106.33 2080.78
2054.09 2070.13 2090.88 2116.74 2129.07 2144.58 2161.35 2223.05 2265.39 2281.59 2330.60 2373.86 2408.02 2416.89 2429.50 2447.44 2475.31 2505.62 2539.36 2577.12 2609.59 2636.08 2631.54 2630.78
2634.09 2650.41 2667.34 2684.31 2631.09 2576.63 2519.85 2446.96 2363.53 2270.82 2165.37 2075.17 2003.73 1849.21 1672.66 1464.48 1269.34 1024.02 1275.72 1350.66 1688.05 1949.60 1951.76 1958.97
1968.48 1972.10 1975.60 1979.31 1940.14 1898.37 1853.86 1724.13 1563.11 1364.20 1419.49 1767.65 1985.88 2141.68 2292.75 2440.03 2460.24 2486.11 2517.18 2481.75 2415.08 2328.10 2356.16 2383.97
2410.26 2434.93 2462.94 2494.04 2503.83 2513.29 2522.85 2577.41 2627.43 2675.08 2671.55 2668.22 2662.85 2618.21 2576.97 2541.04 2518.81 2494.84 2471.08 2471.02 2531.84 2647.02 2574.25 2493.90
2404.24 2360.40 2315.28 2268.51 2275.56 2282.77 2289.41 2274.26 2264.76 2264.20 2268.25 2286.93 2315.20 2301.29 2289.76 2282.62 2265.52 2249.98 2233.05 2205.04 2176.66 2151.15 2171.06 2192.81
2216.41 2174.66 2134.21 2095.21 2121.35 2150.67 2181.56 2200.64 2217.13 2232.65 2196.81 2163.59 2131.25 2086.01 2040.32 1986.60 1975.94 1974.04 1981.09 1967.90 1949.67 1933.14 1867.40 2040.52
2267.63 2251.53 2234.82 2216.48 2249.63 2289.77 2333.46 2296.94 2259.88 2226.39 2227.05 2237.79 2256.24 2188.65 2126.75 2075.63 2033.36 1990.31 1947.88 1942.58 1935.01 1928.60 1918.33 1911.82
1909.22 1934.10 1960.74 1986.12 1985.28 1985.04 1982.99 1962.07 1943.11 1928.30 1908.38 1890.33 1868.58 1863.35 1880.19 1908.61 1883.32 1861.10 1840.85 1725.93 1617.17 1561.37 1497.06 1550.32
1594.39 1435.71 1255.56 1118.54 1186.41 1325.34 1438.21 1541.45 1630.47 1704.71 1851.72 1972.03 2073.96 2069.05 2063.67 2049.79 2025.00 1989.53 1953.59 1879.03 1792.88 1693.09 1641.46 1584.45
1519.55 1510.76 1504.02 1497.30 1520.16 1542.44 1564.10 1761.51 1915.16 2019.05 1948.49 1858.67 1769.25 1859.60 1943.74 2004.59 2051.85 2100.35 2140.55 2131.71 2117.27 2100.31 2047.27 2002.95
1969.60 1991.06 2015.65 2043.42 1999.71 1953.95 1906.42 1989.21 2054.24 2107.73 2171.17 2235.44 2286.31 2363.64 2429.15 2491.64 2496.47 2504.56 2513.94 2506.69 2493.38 2474.98 2435.55 2392.65
2347.12 2303.34 2254.55 2205.78 2139.56 2070.09 1994.79 2149.77 2273.83 2367.18 2393.67 2412.65 2422.41 2445.15 2471.20 2502.53 2494.17 2487.46 2482.35 2463.69 2437.41 2403.48 2339.35 2271.31
2200.64 2168.59 2134.95 2101.15 2062.16 2023.66 1987.37 2025.77 2051.09 2062.22 2080.37 2095.97 2108.28 2148.00 2188.95 2234.52 2276.71 2321.32 2369.73 2379.36 2381.17 2381.09 2342.94 2304.60
2250.35 2181.96 2100.67 2003.87 1943.96 1895.07 1864.22 1888.95 1901.72 1902.97 1946.71 1966.40 1980.72 1980.52 1971.84 1965.45 2046.49 2127.65 2199.60 2187.74 2156.68 2116.79 2047.87 1971.97
1894.05 1855.23 1827.12 1801.68 1743.45 1774.27 1869.83 2011.17 2121.50 2207.44 2242.36 2268.65 2285.80 2297.24 2313.23 2334.40 2344.97 2359.63 2378.37 2314.41 2237.84 2159.26 2114.21 2068.73
2022.17 1941.04 1849.07 1743.96 1875.12 1988.76 2090.86 2215.46 2313.15 2383.14 2368.15 2355.24 2347.45 2398.21 2451.64 2507.82 2516.37 2526.92 2541.06 2504.07 2455.52 2401.96 2376.32 2349.22
2321.22 2286.82 2251.54 2215.51 2178.88 2140.59 2101.75 2177.22 2233.92 2273.16 2280.62 2290.62 2303.96 2347.23 2387.60 2426.13 2442.57 2460.91 2476.01 2461.22 2436.46 2399.61 2403.69 2408.11
2413.02 2391.99 2369.95 2348.07 2269.29 2182.75 2087.12 2223.00 2327.53 2395.28 2389.35 2385.71 2387.54 2412.29 2440.18 2471.34 2472.59 2475.96 2482.14 2448.78 2404.15 2347.94 2313.65 2276.70
2236.56 2198.54 2152.06 2103.13 2069.43 2033.10 1995.64 2039.40 2070.16 2087.20 2083.03 2077.70 2072.24 2005.47 1957.67 1941.61 1949.41 1995.74 2077.09 2162.72 2307.34 2490.25 2595.99 2689.60
2761.57 2727.96 2697.29 2672.32 2706.85 2744.27 2784.02 2765.86 2750.70 2739.91 2707.43 2675.41 2645.11 2609.66 2577.09 2546.48 2491.60 2434.48 2375.45 2288.63 2207.66 2144.73 2157.79 2170.62
2183.25 2181.20 2179.71 2178.04 2234.32 2289.51 2342.72 2377.11 2412.60 2450.64 2456.00 2462.54 2467.36 2436.92 2406.29 2371.74 2283.73 2202.66 2135.26 2011.07 1886.69 1806.38 1713.72 1622.18
1548.12 1564.12 1625.08 1708.17 1726.98 1747.44 1758.94 1827.69 1895.04 1956.18 1788.06 1605.53 1589.02 1786.50 1924.21 2044.06 2075.58 2109.06 2143.62 2059.67 1946.50 1811.33 1746.72 1678.03
1606.06 1675.24 1748.01 1819.23 1812.06 1804.05 1798.10 1960.71 2103.44 2214.30 2295.42 2358.02 2396.56 2418.68 2443.06 2457.48 2454.39 2454.04 2456.63 2418.63 2368.48 2307.42 2239.85 2165.97
2084.66 2075.50 2066.95 2058.55 2047.30 2039.38 2035.37 2076.17 2107.98 2126.43 2031.06 1935.77 1825.15 1718.88 1584.52 1434.34 1504.71 1600.56 1709.95 1767.72 1824.83 1889.77 1880.68 1873.31
1868.24 1825.39 1777.71 1727.59 1649.06 1627.09 1677.16 1730.18 1768.08 1794.34 1826.15 1848.19 1877.54 1931.62 1986.80 2045.81 2092.16 2140.06 2188.99 2185.30 2147.88 2102.90 2116.03 2130.37
2128.96 2122.70 2099.22 2075.97 2096.31 2118.17 2140.53 2185.97 2220.75 2245.94 2264.66 2269.07 2276.86 2260.42 2248.81 2243.71 2255.74 2268.09 2276.90 2242.48 2191.28 2131.27 2089.19 2047.86
2008.54 2054.31 2098.20 2140.12 2105.28 2090.80 2098.36 1546.86 1584.34 2048.60 1993.87 1942.62 1883.53 1774.34 1666.99 1577.57 1641.61 1720.34 1779.62 1615.01 1470.02 1696.70 1656.73 1617.38
1490.94 1222.99 1381.30 1637.30 1741.98 1837.32 1921.53 1872.68 1834.77 1800.67 1681.46 1557.83 1427.76 1055.11 1038.92 937.99 1328.18 1576.07 1771.04 1822.18 1904.61 2016.69 2002.50 1989.66
1980.81 1994.87 2014.57 2041.04 2030.41 2019.03 2007.15 1980.99 1949.71 1904.03 1939.98 1966.11 1982.05 1951.57 1931.16 1927.53 1893.50 1859.34 1829.72 1925.10 2011.24 2097.07 2098.78 2109.09
2130.25 2141.90 2154.32 2167.35 2166.28 2165.62 2163.85 2226.60 2272.62 2293.71 2270.91 2245.24 2216.36 2230.56 2248.55 2274.61 2293.44 2315.83 2343.82 2414.65 2476.83 2530.90 2522.53 2514.51
2506.69 2508.36 2510.28 2512.84 2473.77 2434.84 2395.79 2283.14 2175.27 2066.40 1599.79 1556.93 1855.12 1927.63 2027.38 2141.37 2126.74 2125.26 2141.95 2115.94 2068.01 1999.67 2007.12 2018.50
2028.97 2003.19 1979.56 1966.23 1973.95 1985.64 1997.44 2001.12 2021.70 2053.53 2055.13 2063.43 2081.12 2077.67 2089.73 2118.86 2103.90 2091.36 2079.09 2052.34 2010.47 1912.44 1908.76 1911.28
1905.58 1919.80 1932.22 1954.92 1946.89 1948.28 1957.14 1822.45 1771.58 1782.85 1797.77 1977.70 2138.72 2157.81 2183.72 2216.99 2236.05 2261.02 2295.60 2311.36 2310.70 2307.37 2352.05 2372.79
2400.77 2389.38 2384.09 2387.48 2356.24 2324.68 2290.12 2379.93 2454.56 2515.37 2423.58 2331.52 2239.35 2115.56 1992.44 1880.61 1713.32 1556.65 1578.89 1769.75 1950.36 2116.02 2111.33 2115.50
2129.47 2112.66 2095.64 2077.87 2074.27 2070.21 2065.10 2202.91 2304.41 2373.46 2341.35 2310.90 2282.07 2308.59 2342.22 2384.64 2428.25 2473.48 2520.92 2500.00 2470.79 2433.24 2403.21 2371.49
2338.35 2333.40 2330.47 2328.67 2336.08 2343.99 2351.66 2403.55 2445.01 2470.40 2475.35 2480.29 2486.56 2479.12 2471.79 2467.15 2456.22 2446.98 2437.74 2438.22 2428.49 2414.82 2423.34 2432.57
2427.68 2416.34 2393.46 2368.03 2384.51 2401.46 2417.26 2457.49 2483.71 2490.07 2468.21 2448.53 2431.61 2383.17 2339.52 2306.54 2348.44 2394.93 2445.97 2444.00 2417.65 2384.58 2418.25 2453.21
2489.32 2495.21 2508.52 2528.29 2135.20 1420.84 1963.62 2103.98 2215.46 2299.76 2324.95 2349.40 2374.29 2396.74 2422.72 2449.77 2472.08 2496.93 2523.97 2441.50 2322.29 2166.13 2127.31 2093.06
2069.41 1989.07 1897.99 1796.43 1570.03 1567.11 1748.67 1646.90 1533.99 1520.03 1731.68 1945.11 2099.59 2027.51 1964.81 1908.76 1878.73 1880.88 1922.24 1945.74 1989.84 2060.88 2011.00 1978.17
1972.86 1958.93 1947.95 1942.59 1886.11 1822.57 1751.49 1859.48 1941.30 1992.39 2055.43 2111.70 2161.74 2160.59 2164.36 2176.84 2242.01 2308.19 2376.75 2396.39 2404.12 2402.40 2372.39 2341.28
2309.02 2323.09 2336.92 2351.14 2327.30 2302.71 2277.31 2391.06 2481.48 2538.16 2530.24 2522.65 2508.80 2499.84 2495.35 2497.54 2511.23 2523.50 2537.52 2533.56 2517.18 2489.43 2456.46 2422.15
2385.90 2335.41 2281.81 2225.11 2218.08 2210.87 2202.96 2319.24 2410.04 2469.06 2466.84 2459.10 2450.69 2445.66 2444.17 2453.31 2440.45 2428.61 2416.53 2396.84 2363.93 2320.15 2310.81 2305.98
2309.86 2313.38 2316.65 2320.96 2315.65 2310.38 2304.12 2361.19 2403.10 2431.54 2454.99 2453.91 2455.79 2444.53 2437.00 2438.48 2442.24 2447.69 2453.37 2414.74 2360.93 2290.68 2240.08 2193.35
2153.61 2146.04 2144.84 2149.86 2182.34 2214.92 2246.64 2294.31 2326.34 2342.90 2329.24 2318.48 2306.26 2283.85 2265.87 2256.59 2245.58 2233.62 2226.96 2145.08 2009.32 1830.62 1609.46 1519.93
1760.92 1882.10 2001.62 2079.91 2062.59 2053.11 2059.03 2130.42 2188.83 2224.47 2149.73 2072.52 1996.52 1939.80 1881.23 1839.99 1809.38 1800.76 1824.29 1799.37 1828.78 1955.33 1830.68 1691.97
1571.58 1384.65 1185.61 1091.36 1371.02 1567.06 1660.86 1581.09 1544.88 1574.64 1698.30 1812.86 1910.49 1909.26 1928.04 1973.55 2012.06 2059.81 2115.06 2116.02 2100.61 2080.72 2043.76 2024.05
2026.30 1951.13 1870.19 1786.84 1774.04 1775.24 1787.37 1870.54 1972.60 2047.54 2084.16 2115.01 2141.81 2164.48 2198.44 2245.35 2281.73 2320.74 2364.91 2348.86 2314.90 2261.02 2246.93 2233.93
2221.40 2199.17 2175.95 2152.29 2149.92 2151.61 2156.53 2219.25 2271.37 2300.37 2309.44 2304.60 2298.14 2297.76 2308.85 2333.86 2355.66 2378.99 2405.47 2380.51 2331.64 2264.26 2217.48 2173.49
2133.53 2096.86 2060.16 2023.58 2046.99 2070.83 2093.35 2111.60 2124.87 2124.84 2240.84 2336.82 2392.23 2372.23 2354.86 2347.70 2339.82 2336.32 2337.39 2339.02 2300.87 2252.70 2251.34 2252.44
2254.83 2273.52 2292.02 2310.25 2348.08 2384.41 2417.96 2480.10 2523.17 2538.32 2528.56 2521.56 2520.78 2511.72 2506.21 2505.59 2503.32 2502.03 2500.66 2526.66 2522.71 2502.20 2484.40 2467.12
2450.38 2421.69 2391.82 2362.64 2341.45 2321.11 2299.95 2351.83 2385.98 2399.72 2396.86 2393.41 2389.62 2383.79 2382.35 2388.21 2405.61 2424.19 2446.51 2467.53 2455.46 2424.00 2409.43 2395.45
2382.74 2315.12 2242.50 2163.65 2188.49 2218.08 2248.59 2351.32 2428.98 2481.25 2468.55 2458.71 2450.20 2456.04 2466.31 2483.39 2448.07 2409.93 2369.72 2348.28 2318.40 2240.15 2204.27 2167.72
2129.88 2086.74 2040.47 1991.21 2033.56 2086.19 2142.75 2172.58 2195.73 2206.49 2253.96 2283.00 2308.99 2328.91 2352.10 2380.67 2367.55 2354.16 2341.56 2314.46 2270.02 2186.31 2046.58 1838.85
1588.50 1713.12 1809.33 1932.70 1857.31 1797.27 1705.28 1784.85 1796.48 1797.77 1824.03 1856.01 1873.69 1948.25 2022.43 2096.49 2128.06 2167.22 2215.54 2185.35 2116.13 2022.19 1910.25 1839.20
1844.82 1788.43 1728.81 1667.97 1478.11 1224.56 1211.07 1419.49 1601.29 1710.67 1902.23 2037.44 2144.20 2178.19 2217.88 2265.03 2275.69 2287.26 2302.01 2270.40 2193.84 2087.50 2052.24 2015.01
1976.51 1941.25 1907.83 1876.65 1899.17 1925.12 1950.62 2050.46 2131.39 2191.22 2180.72 2148.40 2092.76 2135.52 2193.79 2248.66 2269.05 2296.06 2330.54 2272.23 2198.88 2125.31 2042.27 1971.89
1930.11 1859.19 1784.37 1705.62 1738.16 1779.62 1823.56 1888.76 1937.23 1965.82 2069.61 2155.85 2208.89 2249.11 2293.28 2338.89 2359.85 2382.30 2409.43 2415.78 2390.20 2357.22 2338.70 2322.05
2306.55 2264.31 2220.14 2173.85 2208.10 2244.93 2279.92 2333.28 2373.51 2400.99 2346.05 2301.85 2262.16 2147.77 2023.67 1892.75 1905.36 1941.98 2004.48 2034.04 2049.27 2062.15 2064.85 2067.12
2069.26 2006.22 1936.79 1860.28 1830.18 1816.88 1819.22 1860.19 1906.96 1945.21 1942.65 1942.24 1918.61 1926.67 1959.11 2021.90 2091.09 2145.92 2202.82 2184.68 2134.05 2051.78 2048.37 2022.86
2031.40 2115.61 2194.58 2269.99 2289.79 2311.84 2307.26 2294.02 2269.94 2238.43 2204.96 2178.99 2148.13 2213.28 2296.33 2388.10 2346.16 2304.04 2261.75 2197.88 2109.92 1999.45 1966.23 1926.39
1892.28 1805.14 1704.97 1590.68 1418.60 1166.94 1066.00 1268.63 1381.88 1505.30 1547.53 1614.19 1684.04 1681.43 1702.83 1730.28 1766.11 1805.31 1850.05 1825.38 1786.27 1742.97 1693.52 1639.09
1579.36 1449.82 1405.73 1570.86 1579.99 1589.73 1594.48 1715.50 1845.76 1943.84 1939.20 1942.24 1938.56 1950.88 1993.84 2060.97 2108.52 2159.60 2215.23 2190.14 2146.05 2059.37 1961.12 1857.15
1743.23 1734.40 1720.31 1713.10 1687.21 1669.92 1659.01 1746.11 1811.41 1861.93 1937.92 2007.48 2059.49 2113.39 2158.85 2198.37 2230.56 2249.62 2268.87 2233.41 2178.53 2107.01 2023.18 1929.76
1824.44 1751.74 1696.48 1674.02 1545.84 1388.01 1205.27 1336.52 1529.89 1656.07 1820.25 1950.44 2075.94 2024.52 1976.24 1911.92 1977.54 2043.70 2109.86 2083.54 2040.02 1983.41 1929.83 1870.96
1809.32 1778.07 1766.99 1775.29 1766.48 1757.03 1741.65 1805.69 1849.84 1889.58 1903.28 1917.05 1936.32 2002.16 2071.47 2148.94 2184.08 2220.96 2261.57 2220.47 2162.55 2091.68 2005.44 1907.21
1794.44 1721.14 1689.18 1647.95 1662.51 1692.87 1725.80 1774.76 1828.20 1866.55 1921.91 1970.51 2011.31 2097.73 2182.15 2266.13 2293.46 2322.47 2355.15 2358.95 2337.99 2296.85 2237.99 2177.59
2115.79 2047.23 1974.58 1899.03 1883.19 1870.84 1859.01 1999.34 2098.76 2167.03 2169.06 2171.75 2173.64 2213.50 2255.07 2301.83 2321.73 2343.29 2367.95 2382.39 2364.29 2331.47 2312.62 2293.78
2276.10 2263.65 2251.03 2238.30 2271.89 2304.56 2333.06 2371.32 2392.57 2401.66 2383.19 2366.47 2350.16 2319.15 2292.29 2272.29 2261.16 2252.00 2247.32 2229.39 2183.77 2115.54 2089.79 2063.76
2037.91 1985.74 1930.65 1872.56 1890.29 1907.40 1919.40 1997.01 2049.80 2078.29 2072.44 2061.06 2050.07 2048.62 2055.11 2072.43 2128.44 2186.16 2248.34 2259.49 2235.32 2194.03 2151.93 2112.08
2077.92 2091.54 2104.97 2118.98 2154.84 2189.82 2219.43 2306.41 2361.63 2394.01 2398.46 2403.01 2406.14 2428.52 2454.51 2486.93 2493.98 2501.09 2510.56 2547.07 2553.37 2540.83 2542.06 2545.41
2550.51 2556.33 2562.32 2568.49 2525.31 2482.79 2437.44 2405.51 2364.38 2312.86 2142.19 1963.34 1774.42 1637.56 1501.66 1414.01 1647.81 1846.01 2024.09 2106.38 2178.65 2243.13 2218.12 2192.53
2166.41 2156.10 2148.37 2142.90 2178.16 2212.57 2240.53 2310.10 2351.48 2364.64 2362.15 2342.33 2321.80 2321.13 2325.04 2336.25 2361.16 2387.13 2416.44 2434.53 2432.04 2409.06 2410.64 2412.77
2414.61 2423.91 2432.96 2442.01 2417.65 2392.75 2362.55 2390.33 2388.39 2362.85 2356.16 2351.92 2347.44 2369.10 2394.85 2426.73 2449.33 2472.96 2499.66 2512.31 2489.93 2445.89 2409.91 2371.90
2332.53 2354.91 2378.88 2404.18 2362.34 2317.87 2265.82 2338.72 2386.05 2404.44 2389.57 2376.15 2365.66 2381.16 2402.87 2430.69 2429.28 2427.85 2427.91 2429.63 2410.62 2351.50 2327.35 2303.80
2282.37 2260.84 2238.32 2216.53 2225.10 2233.30 2236.71 2330.12 2395.71 2436.68 2427.59 2417.45 2407.00 2395.59 2389.77 2391.35 2397.84 2405.56 2416.99 2406.04 2348.93 2254.57 2221.74 2191.35
2162.58 2152.55 2143.16 2133.87 2148.20 2164.44 2176.67 2243.32 2289.31 2313.32 2301.20 2282.63 2260.46 2281.74 2307.90 2342.12 2364.67 2388.84 2417.31 2409.87 2361.88 2279.39 2182.03 2070.22
1941.87 1950.21 1958.54 1966.41 1953.80 1941.56 1923.38 2033.66 2112.95 2155.28 2225.02 2287.31 2328.67 2340.43 2357.12 2381.43 2405.60 2431.27 2460.05 2465.44 2437.58 2368.26 2378.54 2390.78
2404.88 2423.14 2442.02 2461.67 2451.52 2441.62 2426.63 2477.77 2509.44 2507.47 2486.02 2467.63 2450.01 2441.67 2437.01 2438.59 2439.29 2440.79 2444.49 2456.76 2444.93 2409.95 2387.17 2363.40
2339.44 2328.81 2318.43 2308.60 2318.07 2327.78 2331.53 2410.61 2463.87 2491.53 2460.69 2427.47 2395.17 2381.58 2371.65 2368.78 2362.85 2357.43 2354.29 2352.15 2327.82 2258.88 2224.07 2187.42
2148.51 2110.80 2071.61 2032.23 2030.02 2027.34 2019.02 2089.24 2133.81 2152.04 2170.76 2177.08 2179.74 2189.09 2203.49 2224.26 2247.82 2273.48 2303.04 2281.34 2238.57 2169.05 2114.61 2055.70
1991.41 1934.62 1873.68 1808.37 1806.20 1802.93 1794.19 1857.40 1914.81 1951.87 1953.20 1962.16 1971.02 2015.39 2069.04 2133.27 2172.11 2213.17 2255.66 2266.15 2259.63 2197.02 2116.15 2028.06
1932.82 1887.03 1837.69 1783.34 1780.28 1775.14 1733.75 1835.09 1905.83 1943.35 1934.41 1929.35 1931.62 2007.72 2073.86 2136.83 2163.68 2194.24 2228.82 2237.98 2196.27 2124.61 2059.94 1989.94
1913.00 1909.66 1906.92 1903.71 1898.45 1894.06 1882.92 1918.98 1953.60 1975.19 1987.91 1999.80 2012.58 2040.16 2074.03 2103.09 2152.65 2205.91 2264.00 2273.38 2252.56 2214.98 2172.33 2131.34
2094.92 2056.42 2016.23 1974.49 1922.08 1865.74 1795.86 1873.03 1925.87 1954.12 2000.40 2045.76 2090.42 2153.74 2217.68 2287.22 2295.41 2307.23 2322.92 2317.71 2284.66 2225.51 2186.18 2145.31
2102.70 2090.45 2078.09 2066.55 2035.48 2010.69 1989.26 2057.88 2108.94 2111.22 2159.13 2212.67 2259.42 2271.40 2269.69 2274.12 2254.83 2237.84 2206.86 2190.64 2169.31 2145.72 2113.08 2099.30
2109.30 2115.44 2124.84 2136.97 2079.90 2018.58 1947.16 1918.10 1888.82 1854.20 1744.63 1634.96 1488.08 1590.58 1677.17 1780.58 1896.59 2006.95 2109.35 2141.27 2170.52 2200.51 2131.97 2060.43
1986.58 1915.11 1841.11 1768.43 1759.96 1751.37 1735.73 1802.38 1849.34 1872.24 1848.36 1828.70 1805.30 1880.43 1952.97 2030.05 2075.42 2128.44 2188.96 2147.13 2040.74 1884.12 1865.52 1850.97
1840.39 1776.22 1704.36 1620.52 1649.35 1679.62 1707.10 1769.70 1810.77 1828.90 1762.36 1668.53 1567.39 1542.36 1497.27 1531.23 1685.27 1829.67 1960.88 2002.74 2027.62 2046.10 2004.23 1967.64
1940.08 1867.28 1794.49 1730.08 1690.70 1650.32 1602.29 1566.76 1543.24 1517.54 1423.52 1332.31 1230.99 1342.69 1517.92 1687.96 1833.88 1973.29 2090.71 2110.07 2087.39 2045.18 1967.25 1896.29
1848.74 1817.97 1786.46 1757.05 1679.94 1592.56 1485.03 1495.80 1495.48 1472.68 1514.20 1547.21 1561.85 1638.38 1722.11 1799.23 1884.05 1970.37 2058.28 2111.90 2117.78 2090.40 1995.38 1915.96
1849.22 1679.14 1466.60 1313.24 1516.20 1688.99 1829.52 1911.53 1961.15 1972.38 1978.50 1987.93 2024.92 2063.94 2110.59 2159.24 2138.01 2118.49 2101.00 2036.04 1950.96 1829.98 1762.71 1695.94
1635.76 1640.77 1660.52 1690.64 1677.06 1666.44 1654.07 1715.36 1769.01 1811.01 1719.99 1629.56 1524.59 1550.73 1637.99 1738.90 1809.14 1875.30 1945.77 1922.11 1869.30 1811.02 1806.18 1805.55
1810.98 1745.42 1657.66 1555.88 1505.65 1454.56 1392.00 1481.91 1553.54 1608.21 1551.88 1482.46 1415.55 1566.25 1690.32 1796.30 1853.81 1914.01 1970.69 1932.06 1870.24 1793.89 1779.27 1758.94
1726.58 1652.55 1550.51 1451.59 1503.28 1564.94 1621.90 1593.50 1587.10 1581.01 1675.81 1756.16 1830.61 1885.79 1952.47 2020.25 2090.51 2154.38 2219.75 2198.24 2160.23 2108.54 2037.70 1962.06
1885.66 1853.50 1820.36 1787.52 1728.61 1667.66 1601.12 1728.75 1821.92 1879.60 1917.63 1955.46 2000.52 2089.89 2168.14 2243.76 2270.01 2298.56 2328.74 2327.44 2294.61 2245.13 2223.60 2202.51
2182.77 2169.85 2157.45 2145.59 2163.59 2181.76 2193.93 2263.80 2319.77 2350.58 2343.34 2341.12 2349.10 2381.13 2414.91 2453.13 2445.91 2440.79 2436.87 2417.91 2377.91 2322.81 2307.98 2293.69
2281.02 2252.80 2223.99 2192.52 2175.41 2158.82 2136.38 2206.19 2260.12 2293.27 2270.66 2251.03 2235.01 2260.09 2289.75 2319.47 2334.28 2351.07 2369.13 2367.34 2345.85 2298.13 2232.92 2162.30
2084.41 2045.72 2008.14 1970.81 1943.24 1961.98 1987.30 2049.36 2105.93 2127.29 2055.65 1975.77 1893.59 1910.75 1930.30 1934.37 2002.58 2067.47 2123.40 2160.54 2178.56 2176.18 2112.59 2044.94
1970.91 1913.40 1850.92 1782.06 1769.22 1765.76 1767.97 1869.90 1969.83 2038.58 2019.76 2008.40 2009.87 2045.63 2079.93 2115.89 2138.32 2169.24 2206.53 2203.25 2185.66 2148.32 2092.07 2033.64
1975.90 1922.99 1865.39 1801.87 1820.71 1842.13 1855.68 1946.62 2010.87 2040.71 2055.88 2073.06 2082.85 2122.13 2167.93 2228.05 2262.56 2298.48 2334.49 2346.55 2333.83 2297.78 2239.17 2175.74
2108.59 2087.91 2069.58 2054.67 2053.00 2053.24 2049.17 2158.91 2239.27 2288.39 2299.23 2307.54 2298.64 2290.76 2287.13 2295.97 2304.08 2315.06 2328.32 2332.63 2309.19 2261.08 2216.93 2169.47
2118.31 2107.12 2097.39 2088.76 2122.91 2157.14 2184.33 2256.40 2303.32 2323.98 2334.36 2342.57 2340.70 2345.79 2355.41 2374.85 2391.93 2411.67 2434.61 2442.81 2422.13 2358.81 2355.55 2352.82
2350.09 2366.17 2381.97 2390.40 2366.42 2342.57 2311.29 2342.32 2356.18 2351.71 2348.59 2347.37 2340.68 2344.01 2352.14 2368.78 2387.99 2410.42 2436.20 2433.33 2415.34 2366.56 2373.81 2382.45
2391.40 2373.05 2354.52 2335.56 2296.65 2255.96 2207.75 2271.56 2315.19 2322.07 2296.59 2265.14 2225.57 2241.95 2263.98 2293.84 2315.35 2340.27 2369.00 2380.57 2373.97 2346.37 2328.40 2311.11
2296.33 2274.83 2252.92 2230.65 2195.95 2160.57 2117.47 2162.63 2187.71 2184.49 2182.40 2186.94 2205.63 2199.10 2218.33 2253.33 2269.31 2287.69 2286.92 2249.99 2203.97 2153.29 2077.61 1948.00
1798.56 1757.64 1720.96 1691.58 1719.28 1759.22 1803.21 1845.00 1884.40 1911.36 1956.03 2000.15 2054.85 2061.40 2073.35 2095.43 2103.27 2115.49 2130.08 2142.23 2131.63 2089.07 2068.15 2057.52
2058.73 2036.80 2013.52 1991.78 1931.58 1867.32 1789.96 1880.03 1954.67 2006.69 2034.54 2062.10 2091.63 2107.43 2129.42 2162.64 2184.28 2209.92 2238.81 2234.58 2212.80 2172.06 2121.98 2071.80
2023.93 1972.21 1917.11 1857.90 1855.38 1852.70 1847.09 1907.11 1955.68 1987.90 1997.88 1994.59 1989.09 2047.36 2108.03 2177.03 2193.05 2213.01 2235.33 2213.23 2172.64 2097.40 2062.46 2030.27
2005.63 1967.51 1929.19 1891.08 1841.39 1788.36 1729.04 1786.81 1840.26 1878.07 1890.50 1902.35 1911.48 1927.25 1950.00 1993.07 2030.83 2073.74 2119.85 2131.28 2121.78 2085.90 2079.33 2081.74
2095.14 2062.66 2034.30 2011.42 1944.58 1872.00 1785.56 1865.18 1926.77 1945.35 1929.15 1918.34 1904.33 1921.67 1959.00 2018.45 2070.07 2125.56 2184.03 2181.40 2143.03 2085.16 2078.06 2071.38
2066.59 2024.61 1983.64 1947.56 1916.58 1887.82 1855.35 1860.48 1861.80 1841.36 1799.16 1810.48 1846.01 1960.92 2060.04 2168.91 2227.59 2288.61 2344.51 2327.03 2294.29 2248.25 2203.90 2159.63
2115.43 2073.83 2032.34 1991.87 1931.62 1866.60 1788.93 1921.14 2021.54 2064.55 2047.36 2034.58 2026.78 2084.07 2143.64 2204.56 2237.31 2272.91 2312.02 2308.20 2285.68 2239.72 2209.40 2180.55
2155.00 2079.10 1994.46 1901.24 1885.08 1871.06 1854.89 1982.49 2079.92 2126.96 2148.94 2171.55 2200.10 2213.83 2234.39 2260.84 2282.98 2308.42 2335.99 2326.85 2265.95 2180.13 2167.05 2158.03
2155.22 2133.14 2110.67 2087.57 2092.55 2098.79 2102.78 2158.68 2203.74 2228.14 2255.36 2282.07 2311.88 2319.61 2328.31 2328.61 2324.58 2323.31 2324.36 2336.50 2327.07 2302.84 2263.88 2224.21
2185.45 2160.64 2135.55 2109.89 2101.77 2093.11 2081.25 2158.33 2217.69 2253.24 2265.81 2278.23 2283.00 2311.83 2334.91 2367.86 2380.06 2395.49 2414.27 2403.90 2366.55 2306.71 2290.09 2274.59
2260.21 2248.31 2236.13 2224.64 2189.03 2152.02 2107.40 2163.74 2204.74 2212.06 2221.26 2231.20 2233.25 2238.76 2252.14 2276.43 2291.27 2307.89 2327.96 2296.50 2242.67 2127.87 2112.90 2098.14
2083.47 2017.30 1945.65 1869.62 1808.22 1742.43 1664.04 1734.42 1787.17 1813.71 1895.94 1973.67 2028.21 2078.72 2131.80 2188.35 2199.22 2214.44 2234.24 2208.35 2167.23 2100.06 2071.86 2041.41
2011.63 1972.78 1931.81 1888.80 1828.16 1761.57 1680.28 1765.66 1834.86 1877.52 1903.92 1921.04 1936.33 1997.21 2057.57 2118.49 2160.33 2205.27 2252.58 2233.38 2199.22 2146.35 2132.62 2118.56
2104.38 2050.90 1993.72 1931.39 1917.95 1904.05 1884.69 2010.61 2105.56 2167.28 2151.21 2139.04 2120.15 2154.36 2193.36 2242.52 2265.58 2292.91 2326.73 2309.13 2271.68 2209.68 2198.95 2189.35
2184.01 2161.98 2139.04 2116.13 2093.42 2070.69 2042.74 2125.16 2188.47 2222.05 2177.39 2137.55 2090.99 2112.44 2148.13 2195.39 2226.48 2261.87 2302.85 2292.61 2257.68 2199.02 2189.23 2180.16
2172.02 2113.99 2051.70 1982.40 1944.22 1902.95 1855.95 1956.98 2029.85 2068.90 2013.79 1976.61 1946.73 1970.23 2000.15 2041.94 2091.70 2144.76 2202.95 2166.60 2088.14 1970.42 1899.06 1818.33
1724.18 1710.41 1698.72 1689.42 1671.46 1696.88 1751.87 1696.23 1645.64 1603.48 1332.05 1033.73 1110.22 1272.78 1501.48 1700.12 1796.44 1910.57 2014.11 1985.47 1948.96 1916.77 1862.21 1838.79
1854.05 1780.62 1710.65 1650.38 1625.03 1600.31 1576.66 1471.32 1364.84 1260.08 785.88 1193.64 1429.68 1459.85 1509.67 1579.63 1615.18 1677.70 1756.83 1786.36 1808.46 1826.43 1857.89 1940.42
2044.80 1999.63 1951.83 1896.52 1844.97 1788.85 1727.01 1771.74 1761.78 1738.79 1657.74 1591.04 1516.70 1655.54 1780.97 1924.09 1925.58 1929.22 1933.46 2013.36 2087.07 2156.12 2170.61 2188.55
2210.28 2167.56 2121.23 2072.00 2001.18 1922.30 1829.58 1920.63 1987.29 2024.99 1968.87 1922.88 1873.79 1916.39 1970.06 2048.84 2117.03 2187.64 2258.74 2250.49 2226.49 2186.85 2130.34 2068.66
1998.77 1971.41 1943.55 1916.72 1893.52 1872.28 1851.14 1986.88 2095.74 2166.20 2153.26 2143.55 2129.95 2156.89 2189.01 2228.49 2251.35 2277.33 2308.17 2301.58 2278.48 2222.91 2201.99 2181.36
2161.66 2113.74 2062.08 2005.92 1982.83 1961.76 1938.32 2077.74 2186.04 2259.32 2267.11 2270.05 2265.77 2275.91 2291.28 2322.65 2345.44 2370.93 2400.25 2370.36 2326.84 2274.81 2235.65 2176.50
2097.85 2081.12 2064.85 2047.40 1994.12 1935.95 1870.16 2032.17 2150.05 2231.43 2263.94 2290.64 2316.47 2344.46 2375.56 2409.62 2407.55 2407.59 2408.74 2394.02 2365.26 2319.89 2272.35 2219.46
2161.69 2136.78 2114.45 2094.56 2078.35 2061.69 2041.85 2128.72 2195.29 2225.48 2224.20 2225.32 2223.44 2257.38 2294.22 2335.11 2363.32 2393.76 2427.45 2415.79 2381.19 2321.98 2265.67 2205.15
2140.48 2121.49 2103.50 2085.76 2094.48 2102.98 2107.26 2156.30 2192.88 2202.82 2211.74 2223.25 2235.01 2265.05 2300.01 2336.92 2361.20 2388.72 2419.23 2402.09 2364.41 2288.62 2223.46 2154.88
2084.43 2038.20 1992.00 1945.37 1934.27 1923.01 1908.13 2041.12 2140.32 2187.28 2193.78 2202.45 2200.72 2231.77 2267.74 2311.01 2334.63 2360.53 2391.84 2390.08 2365.14 2298.22 2263.82 2227.58
2190.66 2118.38 2038.21 1949.25 1904.50 1876.35 1865.28 1962.52 2052.40 2109.03 2126.63 2143.54 2165.95 2224.64 2280.27 2341.24 2348.21 2357.58 2368.98 2349.76 2312.29 2256.48 2217.06 2176.17
2133.42 2070.98 2003.24 1930.26 1893.23 1868.82 1857.45 1942.38 2018.69 2061.27 2057.71 2057.60 2063.85 2129.91 2196.85 2277.20 2268.66 2260.30 2245.23 2198.35 2132.27 2056.62 2014.55 1973.90
1937.12 1868.65 1804.51 1754.89 1603.60 1405.38 1156.81 985.34 1003.31 1224.67 1421.70 1578.78 1696.59 1727.16 1760.99 1789.71 1811.46 1858.00 1912.58 1863.19 1795.31 1716.88 1645.67 1567.41
1484.81 1415.66 1414.84 1488.73 1209.95 1008.23 1380.63 1629.55 1803.17 1918.42 1886.67 1860.38 1835.25 1841.45 1861.18 1900.47 1949.22 2002.16 2058.49 2033.51 1994.55 1945.04 1849.90 1766.48
1722.59 1689.79 1692.06 1730.68 1768.33 1805.47 1837.12 1912.16 1973.08 2008.57 1958.20 1923.98 1914.65 1952.22 1995.93 2043.78 2079.47 2123.54 2171.67 2130.95 2058.34 1959.62 1876.04 1780.07
1665.94 1606.63 1574.97 1586.83 1620.51 1669.30 1702.65 1742.88 1793.66 1844.78 1863.41 1887.82 1907.67 1949.22 1996.56 2038.80 2064.21 2096.57 2136.05 2124.75 2098.68 2056.04 1965.27 1876.10
1803.59 1766.39 1727.59 1685.69 1658.81 1638.93 1628.82 1777.59 1883.28 1932.14 2008.23 2077.97 2144.53 2172.56 2202.52 2230.46 2235.47 2245.00 2256.82 2272.69 2266.60 2237.86 2214.09 2190.75
2167.47 2128.39 2087.13 2043.81 1999.43 1953.29 1903.32 2051.02 2162.55 2236.29 2250.75 2264.93 2265.68 2281.70 2303.29 2334.87 2365.28 2398.66 2429.51 2412.31 2373.46 2324.46 2303.87 2269.72
2231.40 2215.45 2199.93 2184.67 2143.39 2100.34 2052.77 2143.52 2216.83 2269.08 2281.05 2288.28 2294.76 2303.87 2317.73 2339.30 2346.04 2355.62 2367.41 2350.37 2322.08 2280.94 2218.39 2145.42
2065.11 2060.27 2056.45 2053.29 2034.48 2015.02 1994.66 2073.23 2132.37 2154.59 2124.81 2100.70 2080.53 2106.90 2139.78 2178.08 2224.49 2272.80 2323.92 2321.62 2286.36 2232.91 2173.26 2114.13
2058.51 2028.11 1996.22 1964.85 1931.26 1900.22 1870.73 1949.69 2014.05 2057.28 2013.45 1971.72 1920.53 1950.44 1990.77 2043.62 2108.15 2170.98 2239.41 2253.56 2252.48 2222.83 2164.44 2104.84
2044.72 1962.71 1874.56 1783.96 1645.86 1543.17 1483.12 1616.82 1707.34 1762.87 1791.52 1818.06 1843.23 1942.65 2033.41 2122.08 2142.04 2166.82 2195.45 2192.38 2178.03 2140.55 2061.12 1973.52
1875.58 1806.40 1731.89 1639.70 1588.24 1551.60 1537.43 1539.52 1546.73 1542.40 1597.22 1661.95 1694.85 1814.29 1923.22 2025.45 2063.24 2104.94 2151.49 2135.50 2101.14 2047.09 1987.38 1928.53
1877.04 1857.04 1836.72 1817.36 1718.49 1619.76 1518.84 1549.79 1572.88 1574.70 1682.25 1789.88 1895.51 1967.12 2038.71 2108.84 2130.64 2158.95 2190.52 2186.02 2168.32 2130.66 2076.31 2018.09
1954.98 1890.31 1819.86 1744.91 1750.79 1760.71 1771.95 1811.46 1863.08 1891.63 1842.98 1811.73 1805.16 1905.92 1990.53 2072.87 2116.72 2162.70 2211.23 2227.80 2226.76 2217.81 2185.65 2161.06
2147.61 2043.65 1924.42 1784.75 1734.20 1681.76 1627.20 1762.98 1870.26 1942.20 1911.16 1893.49 1893.13 1985.67 2075.15 2166.35 2208.29 2253.34 2299.21 2290.56 2259.20 2202.49 2140.64 2076.35
2010.78 1935.39 1855.31 1771.57 1768.22 1768.82 1773.01 1876.87 1957.92 2008.39 2010.77 2017.06 2025.87 2090.52 2153.69 2223.02 2272.29 2320.49 2370.01 2371.43 2345.10 2306.11 2264.39 2220.84
2176.29 2107.25 2030.87 1946.12 1940.89 1942.44 1949.60 2057.31 2139.80 2187.39 2179.02 2171.29 2150.23 2182.33 2220.16 2266.59 2290.96 2318.66 2350.80 2353.35 2339.11 2276.56 2243.23 2208.04
2173.40 2134.88 2094.00 2051.47 2060.09 2070.74 2082.45 2181.96 2258.37 2305.61 2291.55 2278.66 2254.51 2240.44 2231.38 2234.23 2273.96 2317.77 2366.85 2393.07 2397.40 2372.82 2351.43 2332.33
2315.60 2255.83 2191.28 2121.37 2118.23 2115.14 2111.69 2206.46 2273.27 2308.85 2301.47 2287.78 2262.23 2261.58 2268.07 2288.07 2300.36 2316.16 2335.91 2341.59 2317.08 2266.17 2255.03 2244.63
2234.66 2201.74 2167.57 2131.18 2096.26 2059.98 2022.88 2090.77 2140.05 2165.45 2148.85 2118.89 2087.14 2127.83 2171.04 2218.21 2245.21 2276.04 2311.89 2313.88 2298.54 2256.43 2192.37 2129.43
2071.62 2003.14 1929.19 1847.92 1832.29 1818.79 1806.81 1907.69 1992.72 2047.50 2051.63 2057.82 2063.05 2102.18 2145.00 2196.20 2230.62 2268.96 2312.40 2324.46 2315.34 2288.77 2261.06 2232.30
2203.00 2129.08 2047.51 1955.67 1920.66 1886.77 1850.94 1966.46 2060.32 2121.34 2111.38 2110.03 2116.17 2163.94 2217.07 2278.95 2299.44 2324.21 2352.72 2358.71 2335.34 2298.79 2234.19 2163.52
2087.01 2039.48 1990.49 1939.72 1933.33 1927.36 1919.94 1988.51 2034.70 2052.57 2046.14 2043.36 2029.05 2090.88 2148.64 2206.84 2240.33 2277.78 2320.14 2304.28 2271.11 2208.21 2144.63 2078.48
2012.30 1951.85 1885.40 1812.80 1784.20 1770.83 1774.90 1850.38 1916.26 1940.76 1911.40 1887.13 1884.44 1960.75 2039.04 2110.99 2125.27 2138.43 2157.30 2138.42 2097.34 2037.37 2005.95 1976.44
1950.91 1879.92 1804.90 1727.81 1696.17 1680.73 1685.57 1702.09 1708.91 1696.20 1662.23 1641.47 1620.03 1727.31 1824.62 1921.99 1997.51 2079.60 2165.17 2182.32 2192.74 2202.10 2144.79 2095.99
2062.96 1995.26 1920.76 1839.04 1785.92 1756.24 1759.50 1861.39 1941.97 1990.89 1988.39 1988.64 1982.69 2022.82 2067.13 2120.43 2158.18 2199.68 2246.60 2268.10 2271.77 2248.87 2189.16 2129.31
2069.59 2022.13 1970.34 1915.70 1882.60 1848.95 1815.46 1954.30 2055.82 2117.05 2117.48 2117.92 2117.23 2145.45 2179.44 2217.90 2256.73 2297.76 2344.33 2350.86 2341.31 2319.78 2276.71 2224.00
2172.66 2104.96 2032.71 1952.96 1953.83 1954.85 1953.74 2089.78 2187.95 2236.43 2242.34 2248.28 2251.54 2267.83 2288.66 2319.11 2333.71 2350.46 2370.81 2359.67 2330.24 2286.95 2242.00 2181.07
2115.55 2063.52 2009.94 1953.74 1907.25 1858.01 1802.16 1933.25 2025.86 2085.04 2087.43 2093.54 2095.73 2144.45 2193.49 2245.64 2269.54 2296.00 2325.29 2318.25 2298.81 2268.51 2215.39 2158.24
2102.31 2028.81 1945.91 1853.89 1826.83 1805.13 1789.64 1912.03 1992.00 2037.60 2064.82 2092.15 2118.02 2153.70 2192.58 2228.86 2246.30 2268.43 2293.38 2266.41 2217.01 2156.15 2061.62 1948.20
1812.36 1784.22 1755.74 1726.30 1727.84 1744.26 1769.49 1841.97 1921.35 1977.59 1992.75 2010.29 2032.52 2065.01 2110.50 2164.85 2209.68 2257.15 2305.54 2290.90 2250.00 2187.15 2139.14 2087.74
2032.52 1946.53 1857.22 1770.59 1679.50 1639.65 1677.07 1732.12 1824.00 1905.63 1968.52 2014.22 2051.22 2099.89 2150.23 2204.15 2222.69 2245.23 2271.12 2247.85 2190.06 2105.68 2056.07 2013.80
1986.12 1928.54 1866.18 1797.69 1790.19 1783.35 1777.11 1913.94 2000.13 2026.25 2018.47 2019.26 2031.38 2104.63 2177.86 2249.54 2263.70 2282.51 2307.03 2252.73 2173.63 2074.87 2038.14 2000.00
1960.91 1933.68 1904.58 1874.63 1841.77 1812.59 1786.60 1892.73 1958.31 1973.12 1950.63 1939.38 1930.22 1992.38 2054.19 2116.25 2161.27 2210.25 2262.49 2199.84 2113.67 2014.88 1963.46 1907.60
1847.90 1823.60 1801.52 1782.98 1781.76 1780.38 1777.59 1877.87 1964.55 2031.83 2011.94 1994.03 1985.16 1986.20 1994.37 2008.53 2057.31 2111.51 2173.12 2185.40 2191.57 2198.12 2182.85 2171.80
2163.05 2138.79 2114.81 2090.52 2100.47 2109.88 2119.75 2160.34 2189.24 2198.91 2166.70 2133.27 2073.84 2065.56 2067.15 2085.52 2151.71 2221.72 2296.35 2300.46 2291.88 2281.11 2277.68 2273.88
2268.66 2218.71 2165.34 2107.33 2101.68 2096.16 2090.69 2167.07 2224.03 2260.26 2220.61 2186.27 2144.71 2146.05 2160.25 2193.35 2228.09 2266.31 2309.71 2267.66 2205.02 2131.99 2112.26 2077.90
2042.68 2004.49 1966.95 1930.62 1883.90 1836.11 1784.35 1829.14 1860.63 1879.65 1885.91 1884.20 1893.37 1947.57 2005.51 2066.54 2115.80 2168.77 2221.96 2194.78 2156.85 2124.07 2054.36 1975.19
1885.94 1815.43 1745.58 1682.46 1657.74 1634.58 1613.68 1655.77 1682.36 1690.28 1723.67 1752.09 1765.79 1846.27 1926.66 2027.87 2079.24 2133.66 2188.59 2164.33 2127.73 2091.15 2032.51 1967.27
1893.93 1853.91 1810.36 1764.43 1730.97 1711.46 1709.18 1756.92 1790.63 1796.60 1808.74 1820.32 1819.01 1863.41 1912.29 1969.41 2040.54 2116.30 2196.26 2189.79 2165.83 2133.66 2069.64 2004.21
1938.82 1864.11 1781.53 1686.56 1637.97 1596.37 1524.38 1571.45 1635.94 1667.77 1738.30 1797.08 1846.55 1934.57 2018.71 2101.77 2137.54 2176.08 2216.66 2182.88 2135.35 2068.66 1976.94 1874.02
1761.37 1685.56 1604.77 1522.30 1419.14 1306.16 1262.11 1363.78 1433.40 1465.11 1576.66 1669.63 1747.12 1843.80 1939.77 2030.07 2052.02 2077.38 2112.04 2037.16 1930.11 1792.65 1687.71 1600.11
1584.89 1632.85 1677.43 1719.41 1734.00 1748.04 1760.57 1840.78 1905.55 1952.76 1981.96 2011.55 2059.96 2096.08 2159.78 2196.65 2198.01 2197.60 2183.05 2081.59 1946.18 1773.92 1735.29 1720.10
1733.11 1733.00 1732.82 1733.11 1780.04 1832.95 1887.35 1979.38 2054.08 2114.71 2106.09 2103.89 2094.60 2134.36 2183.24 2248.16 2240.21 2241.33 2253.40 2215.84 2169.36 2118.73 2108.84 2099.65
2090.67 2110.94 2133.63 2156.99 2196.33 2234.30 2269.56 2290.86 2309.61 2327.28 2368.56 2409.12 2449.08 2440.85 2435.07 2427.03 2381.14 2334.59 2289.78 2236.07 2172.20 2102.41 2049.33 1992.12
1930.82 1856.74 1775.63 1685.37 1648.64 1620.92 1596.23 1686.95 1763.94 1827.99 1848.80 1853.88 1832.24 1909.27 1979.72 2025.51 2039.66 2047.61 2043.34 1952.56 1841.00 1710.77 1696.38 1684.90
1675.34 1501.90 1245.23 998.55 1126.70 1251.27 1383.76 1434.50 1508.10 1584.78 1661.10 1725.21 1785.82 1832.33 1903.52 1988.59 2026.30 2068.81 2118.75 2054.01 1970.51 1871.94 1830.76 1798.79
1783.10 1759.71 1735.14 1709.77 1623.41 1522.60 1402.16 1432.91 1448.75 1419.00 1541.19 1638.04 1720.40 1882.78 2011.80 2134.94 2183.49 2233.57 2286.64 2277.33 2253.21 2232.38 2182.78 2129.33
2071.30 1991.29 1902.57 1804.56 1800.48 1803.07 1812.66 1939.49 2037.54 2108.64 2105.12 2102.46 2108.28 2158.53 2211.25 2266.92 2275.70 2285.55 2299.94 2275.16 2216.73 2142.48 2133.69 2126.50
2121.86 2091.48 2060.41 2028.57 1955.43 1876.73 1791.24 1935.72 2040.75 2115.20 2182.49 2227.34 2274.49 2296.33 2321.72 2348.36 2357.78 2368.39 2383.72 2342.22 2281.62 2212.49 2157.01 2095.99
2029.83 1989.78 1947.29 1902.18 1898.88 1896.50 1894.65 1993.64 2071.57 2128.90 2128.30 2124.15 2124.79 2131.86 2144.96 2163.28 2200.52 2241.56 2288.57 2291.33 2287.84 2275.08 2225.37 2171.51
2113.76 2029.45 1933.70 1823.32 1811.07 1802.45 1793.35 1930.97 2036.46 2096.05 2110.80 2124.48 2155.23 2162.37 2172.21 2176.12 2195.18 2215.89 2240.28 2186.89 2116.61 2035.29 1992.83 1929.31
1854.57 1825.81 1794.47 1763.13 1698.69 1626.60 1544.05 1587.19 1618.42 1641.91 1687.91 1728.29 1777.03 1857.27 1937.09 2023.57 2082.34 2140.66 2200.98 2171.72 2112.55 2045.59 1960.43 1866.44
1759.69 1666.21 1566.82 1475.57 1524.77 1586.83 1648.37 1695.57 1732.07 1768.33 1833.38 1906.18 1960.91 2016.94 2071.99 2119.70 2126.17 2133.41 2144.81 2059.19 1946.93 1810.80 1785.78 1762.55
1744.77 1693.36 1640.77 1576.83 1623.42 1693.70 1780.24 1815.87 1840.75 1858.37 1827.90 1833.72 1880.51 1936.37 2005.52 2076.26 2105.87 2138.99 2178.52 2079.44 1948.19 1778.76 1758.40 1743.42
1736.01 1558.50 1342.27 1304.77 1514.32 1667.28 1789.26 1831.33 1869.18 1905.21 1887.88 1881.52 1867.54 1932.42 2002.12 2062.26 2056.41 2051.98 2050.16 1989.75 1911.60 1818.96 1718.68 1598.23
1449.06 1476.19 1567.48 1663.61 1656.02 1652.40 1653.49 1703.52 1742.03 1779.64 1797.87 1820.23 1844.25 1844.92 1866.48 1914.16 1877.86 1851.76 1820.08 1714.75 1576.08 1390.38 1089.46 1355.49
1545.82 1575.56 1604.66 1633.07 1632.98 1635.90 1643.24 1648.18 1635.68 1619.29 1550.02 1479.49 1386.07 1468.52 1573.21 1650.71 1770.17 1878.65 1981.54 1990.91 1994.56 1999.74 1990.79 1990.36
2000.45 1993.03 1985.14 1977.61 1964.66 1951.57 1937.71 2045.41 2125.62 2182.40 2169.08 2155.53 2147.55 2157.60 2174.89 2202.03 2223.44 2244.16 2269.11 2253.73 2230.87 2204.93 2191.60 2177.67
2164.00 2125.94 2085.45 2042.86 2038.34 2034.37 2029.11 2112.74 2177.31 2220.97 2204.56 2188.91 2170.58 2208.81 2253.39 2306.79 2336.51 2362.15 2391.81 2375.78 2335.87 2288.64 2279.78 2270.91
2261.79 2242.35 2222.00 2201.85 2194.11 2186.23 2178.23 2238.43 2276.93 2290.42 2302.24 2315.09 2329.08 2325.62 2327.02 2334.19 2362.17 2390.93 2422.93 2390.98 2351.69 2291.40 2268.89 2245.99
2220.65 2158.72 2091.00 2016.44 1995.89 1976.26 1956.45 2032.97 2091.37 2138.35 2142.95 2141.41 2146.92 2181.42 2219.15 2256.10 2272.55 2290.00 2310.13 2273.07 2217.48 2129.50 2108.27 2088.84
2070.82 1986.79 1894.38 1796.83 1770.62 1746.12 1720.13 1815.02 1889.30 1950.23 1983.66 2017.20 2037.39 2078.17 2119.94 2158.63 2185.56 2214.50 2249.18 2212.23 2168.11 2117.21 2043.94 1960.59
1868.02 1817.84 1769.03 1725.93 1573.41 1367.10 1020.92 1259.61 1397.89 1496.61 1628.53 1735.81 1852.34 1925.28 1995.91 2037.88 2084.29 2133.18 2187.70 2149.84 2103.70 2054.15 1994.73 1931.30
1865.92 1835.61 1803.76 1772.01 1737.92 1706.34 1676.67 1768.37 1835.73 1871.22 1887.54 1909.17 1946.58 2001.84 2056.84 2118.57 2161.36 2205.58 2254.08 2223.08 2184.87 2130.37 2063.81 1992.93
1920.44 1874.35 1825.56 1773.94 1748.85 1725.26 1705.04 1798.82 1867.88 1891.95 1906.65 1922.31 1944.85 1995.17 2053.44 2125.00 2155.54 2187.10 2220.84 2187.74 2153.60 2121.02 2068.20 2016.12
1970.41 1892.64 1805.63 1707.45 1665.35 1628.64 1596.35 1670.48 1725.44 1761.61 1792.41 1830.21 1881.07 1949.26 2018.93 2090.54 2118.06 2146.81 2179.46 2151.78 2118.02 2062.38 1956.79 1862.84
1812.81 1758.18 1700.75 1641.94 1619.74 1606.43 1604.59 1706.46 1778.42 1812.63 1879.00 1935.38 1998.17 2086.66 2171.64 2256.84 2279.80 2303.84 2333.49 2330.75 2309.38 2276.09 2236.83 2194.56
2150.15 2092.56 2030.49 1963.27 1929.06 1893.72 1855.93 1983.61 2077.41 2147.06 2148.84 2144.12 2152.89 2159.88 2173.37 2186.20 2220.13 2251.36 2275.63 2264.56 2249.18 2231.18 2218.59 2207.01
2195.46 2159.03 2121.30 2083.62 2051.21 2019.52 1988.16 2050.78 2098.88 2130.41 2147.49 2164.97 2190.12 2183.00 2180.72 2188.55 2204.18 2221.17 2223.20 2210.24 2190.05 2168.45 2099.17 2023.60
1937.74 1883.94 1825.16 1762.59 1819.26 1872.66 1924.40 2007.65 2077.75 2136.21 2138.97 2142.76 2158.14 2147.68 2128.44 2114.19 2137.74 2172.47 2211.11 2209.84 2201.62 2192.40 2166.71 2141.49
2117.50 2012.80 1892.09 1748.37 1758.03 1767.55 1775.67 1879.46 1962.79 2025.55 2037.43 2058.75 2095.59 2127.50 2160.49 2181.35 2195.28 2208.85 2227.95 2227.46 2220.29 2206.12 2150.96 2095.10
2040.87 1965.12 1879.77 1785.18 1732.92 1686.45 1653.75 1686.68 1710.70 1724.46 1835.19 1911.60 1982.93 2040.45 2100.18 2157.99 2185.82 2213.13 2246.43 2203.59 2147.28 2065.97 1964.95 1852.60
1729.83 1679.97 1628.76 1573.21 1460.54 1343.12 1269.57 1452.44 1577.41 1662.88 1760.46 1846.55 1938.88 2010.48 2083.03 2147.67 2167.77 2181.36 2199.49 2094.42 1968.23 1813.09 1704.01 1570.94
1394.28 1374.86 1355.34 1364.69 1506.99 1620.46 1699.51 1763.37 1815.93 1856.22 1830.72 1813.29 1802.88 1834.28 1887.76 1952.81 2000.66 2047.95 2101.52 2027.00 1938.68 1838.72 1762.89 1675.01
1539.88 1420.22 1317.62 1319.27 1430.06 1522.35 1605.02 1604.56 1594.26 1580.50 1600.61 1666.55 1746.85 1798.04 1874.62 1965.91 1999.52 2036.43 2083.08 2049.08 2001.41 1945.49 1884.26 1817.92
1739.45 1640.74 1521.10 1368.21 1248.47 1398.10 1583.26 1582.49 1549.18 1499.00 1515.81 1561.71 1612.49 1697.48 1785.15 1878.17 1938.20 2000.47 2073.12 2013.35 1939.86 1853.72 1814.69 1772.36
1725.39 1651.60 1590.83 1559.39 1623.54 1695.21 1767.85 1810.81 1845.14 1870.90 1922.29 1972.03 2016.29 1992.53 1980.61 1993.10 2016.12 2047.52 2091.88 2043.66 1987.23 1923.01 1840.25 1746.42
1641.61 1632.07 1644.40 1676.29 1721.46 1769.87 1816.98 1846.57 1873.37 1898.80 1806.99 1737.13 1699.05 1772.02 1852.75 1936.54 1969.15 2013.04 2075.36 2048.58 2017.55 1985.96 1941.15 1897.55
1857.63 1844.83 1831.68 1818.21 1755.81 1690.27 1616.86 1744.47 1842.21 1917.35 2002.84 2077.67 2113.17 2159.23 2210.44 2259.30 2269.44 2279.07 2292.87 2291.51 2284.46 2276.96 2276.74 2282.09
2292.60 2260.86 2228.74 2195.08 2139.66 2080.20 2016.04 2095.06 2155.28 2195.51 2188.72 2187.76 2189.49 2227.98 2269.47 2313.46 2328.49 2341.70 2355.75 2345.39 2328.84 2309.53 2262.35 2212.69
2161.71 2138.84 2116.00 2093.07 2053.64 2016.01 1980.80 2026.84 2057.01 2054.07 2011.35 1997.47 2026.71 2064.85 2172.79 2318.94 2407.37 2528.54 2637.81 2621.38 2608.51 2601.98 2555.63 2507.52
2458.86 2463.01 2469.17 2477.99 2476.55 2476.16 2475.77 2474.98 2473.08 2475.18 2424.49 2374.22 2318.59 2277.41 2238.43 2200.82 2114.59 2030.25 1955.70 1890.30 1830.59 1779.93 1705.67 1650.88
1632.19 1584.24 1544.74 1524.37 1608.14 1708.94 1806.18 1805.54 1847.74 1915.21 1919.15 1927.88 1930.32 1866.75 1825.35 1814.54 1778.11 1760.02 1767.99 1634.85 1464.70 1215.08 1238.71 1275.80
1314.66 1229.38 1259.00 1368.89 1345.71 1448.14 1575.90 1464.92 1325.80 1145.24 909.50 1303.50 1493.04 1691.48 1845.56 1982.22 2042.19 2100.90 2157.82 2127.68 2093.54 2059.28 2062.06 2067.41
2078.67 2055.29 2035.45 2019.85 1993.98 1967.05 1938.83 2005.27 2054.64 2087.94 2083.30 2082.08 2082.59 2111.74 2147.25 2196.23 2195.83 2195.04 2198.31 2166.09 2125.30 2066.22 2012.34 1953.31
1887.49 1863.90 1838.18 1811.23 1701.17 1566.97 1392.09 1504.10 1806.88 1999.17 2009.67 2014.65 2028.25 2104.07 2177.30 2246.61 2236.79 2224.43 2211.59 2211.88 2215.29 2225.24 2222.22 2226.82
2238.63 2237.13 2237.19 2238.54 2172.72 2103.89 2030.15 2088.11 2165.01 2248.37 2190.23 2136.13 2074.49 2061.93 2051.97 2035.80 2050.19 2070.71 2095.15 2015.10 1926.40 1829.78 1781.65 1745.25
1727.75 1739.51 1754.39 1770.73 1760.47 1756.54 1759.29 1736.43 1707.56 1674.63 1582.67 1592.94 1647.38 1654.12 1687.78 1737.92 1817.63 1894.97 1941.43 1929.30 1917.60 1909.64 1869.27 1826.62
1783.97 1781.59 1782.98 1789.53 1764.82 1738.97 1712.05 1715.66 1705.48 1689.30 1712.05 1737.86 1757.19 1842.40 1924.91 2011.17 2070.99 2129.24 2189.56 2172.21 2154.88 2135.33 2090.64 2043.91
1996.55 1927.94 1854.25 1775.33 1743.59 1725.82 1723.83 1794.89 1850.95 1889.69 2024.76 2126.53 2205.25 2246.82 2290.54 2335.25 2346.83 2355.97 2364.46 2328.14 2288.48 2243.91 2241.52 2236.22
2230.76 2218.52 2206.03 2195.12 2142.03 2085.30 2025.05 2002.41 1955.76 1846.97 1483.64 838.02 1402.09 1624.80 1828.22 2015.50 2013.88 2013.01 2021.24 2005.75 1970.46 1938.89 1937.22 1941.04
1952.85 1997.16 2046.21 2099.16 2079.47 2060.57 2043.01 2140.22 2214.26 2274.69 2284.02 2307.96 2340.23 2352.55 2370.24 2397.74 2436.84 2477.52 2517.66 2445.33 2363.97 2271.17 2186.08 2095.68
2003.10 1949.05 1890.58 1827.40 1795.38 1761.87 1726.73 1764.89 1788.11 1806.69 1913.48 2008.16 2100.42 2152.21 2199.38 2249.10 2266.37 2283.65 2301.21 2257.81 2201.98 2141.52 2093.36 2042.06
1989.27 1939.42 1890.43 1847.19 1833.24 1820.19 1808.56 1896.45 1958.70 2006.84 2066.37 2095.34 2130.06 2146.52 2166.87 2195.04 2208.80 2223.12 2237.50 2145.03 2019.37 1834.10 1749.42 1720.78
1733.41 1883.50 2182.17 2427.75 2559.89 2667.28 2778.65 2781.22 2781.59 2782.72 2769.20 2758.82 2733.07 2688.16 2644.36 2588.89 2575.48 2557.21 2537.79 2484.88 2428.60 2371.49 2357.13 2342.82
2329.88 2284.66 2238.64 2194.82 2216.84 2239.91 2263.42 2261.94 2249.56 2234.17 2209.38 2194.91 2180.81 2094.81 1995.66 1897.15 1715.85 1467.61 1399.77 1398.31 1449.44 1532.46 1681.67 1815.48
1935.50 1920.30 1905.40 1889.02 1715.97 1486.17 1126.51 1269.44 1359.60 1418.77 1661.61 1825.71 1924.78 1958.10 1999.84 2051.41 2093.47 2131.45 2149.05 2116.68 2081.67 2043.54 1983.58 1919.70
1856.14 1817.22 1774.70 1730.40 1698.60 1665.53 1633.04 1767.73 1861.71 1931.96 2029.80 2083.90 2125.33 2163.14 2208.16 2265.09 2260.92 2254.08 2245.62 2206.84 2160.64 2107.93 2057.96 1997.69
1919.34 1880.98 1842.77 1805.35 1815.29 1825.34 1833.75 1894.83 1942.35 1950.92 1986.44 2017.90 2043.48 2123.18 2199.98 2272.89 2289.18 2306.19 2326.57 2293.71 2258.06 2220.81 2197.70 2168.79
2129.58 2098.66 2066.97 2032.19 2033.25 2034.95 2036.04 2067.48 2075.23 2067.31 2053.96 2078.38 2130.51 2115.65 2106.96 2109.14 2073.85 2087.67 2157.43 2300.43 2457.08 2631.67 2675.25 2725.33
2782.59 2791.41 2802.49 2816.52 2826.47 2837.11 2847.17 2849.92 2846.32 2842.68 2767.76 2693.27 2605.19 2554.95 2515.05 2488.10 2432.09 2369.42 2297.40 2238.34 2174.48 2103.92 2072.85 2040.32
2002.28 2013.72 2028.42 2046.11 2052.28 2058.15 2064.25 2091.86 2113.39 2131.68 2084.62 2046.24 2008.83 1908.19 1847.80 1841.56 1810.32 1780.43 1755.94 1782.28 1811.13 1841.08 1830.64 1861.86
1921.83 1924.79 1938.47 1961.80 2053.01 2133.66 2207.80 2244.95 2273.96 2300.22 2293.14 2287.82 2279.90 2257.30 2241.31 2230.15 2180.18 2124.46 2066.72 2044.41 2021.13 1996.36 1968.04 1945.71
1934.11 1934.37 1935.25 1934.95 1944.83 1958.88 1978.13 2010.34 2033.74 2058.08 1987.38 1935.46 1911.83 1887.51 1902.92 1957.02 1972.27 1994.63 2018.80 1971.85 1928.02 1881.01 1803.08 1715.43
1615.73 1615.87 1620.14 1626.00 1663.45 1688.95 1700.25 1782.63 1845.18 1898.28 1975.69 2049.34 2111.05 2112.28 2118.12 2126.58 2148.20 2170.77 2190.98 2185.08 2177.48 2171.01 2135.79 2098.80
2062.18 1989.50 1907.38 1813.86 1782.38 1775.38 1808.02 1881.65 1933.62 1979.28 2001.68 2021.56 2040.94 2055.57 2078.90 2110.11 2119.69 2129.50 2134.37 2112.71 2091.68 2074.80 2022.34 1965.03
1902.06 1872.44 1848.50 1831.92 1828.52 1832.78 1842.59 1896.16 1935.42 1968.55 2053.46 2141.38 2205.50 2226.30 2249.40 2276.29 2244.11 2209.50 2171.12 2164.55 2151.45 2115.23 2089.99 2070.53
2058.17 2040.29 2022.92 2007.05 1936.04 1869.66 1811.46 1867.42 1899.19 1904.72 1964.45 2018.49 2065.66 2095.99 2128.65 2161.64 2150.32 2145.20 2146.83 2162.41 2214.77 2297.84 2299.35 2313.93
2337.73 2337.21 2352.03 2384.04 2453.83 2521.10 2586.70 2574.53 2562.11 2549.35 2533.29 2522.28 2518.37 2491.26 2465.11 2438.96 2381.76 2323.34 2265.64 2252.43 2246.57 2248.99 2242.25 2237.45
2233.84 2218.70 2211.02 2212.74 2218.28 2222.51 2227.84 2252.41 2274.20 2296.02 2198.30 2099.60 2001.44 1949.15 1903.79 1867.05 1784.19 1689.87 1580.95 1499.48 1464.60 1503.53 1492.18 1480.11
1469.75 1470.18 1482.13 1501.94 1501.74 1515.61 1537.69 1618.43 1710.71 1798.65 1820.63 1862.50 1912.50 1935.95 1985.72 2051.79 2076.95 2102.64 2123.13 2107.73 2094.40 2082.67 2089.10 2104.17
2128.54 2119.58 2110.68 2104.11 2063.94 2020.95 1977.16 1984.71 1981.20 1972.04 2024.93 2073.27 2113.69 2034.44 1960.80 1900.77 1887.73 1916.46 1984.10 2043.96 2127.72 2218.12 2330.66 2539.02
2767.44 2796.33 2824.14 2857.44 2867.38 2877.67 2889.93 2891.39 2891.82 2893.56 2884.99 2878.20 2872.52 2855.07 2839.21 2824.90 2763.29 2699.51 2630.95 2566.10 2503.23 2444.78 2415.30 2388.55
2365.56 2347.32 2329.79 2311.20 2305.73 2302.12 2300.27 2325.29 2346.14 2368.09 2358.77 2355.63 2359.44 2342.00 2336.04 2339.54 2282.44 2223.18 2159.42 2138.30 2121.00 2109.63 2091.23 2073.67
2055.41 2025.14 2035.35 2079.19 2114.70 2150.43 2184.29 2236.90 2280.24 2318.92 2312.12 2307.39 2305.24 2331.08 2358.72 2390.43 2347.92 2302.02 2250.20 2284.60 2327.99 2377.00 2402.08 2427.25
2453.13 2474.57 2496.51 2519.22 2485.63 2450.63 2415.80 2435.22 2451.53 2467.29 2425.84 2385.41 2342.03 2277.71 2216.72 2161.07 2110.55 2057.09 2002.25 1953.06 1927.54 1938.40 1910.34 1885.99
1867.52 1871.12 1879.12 1893.31 1901.35 1921.63 1954.47 1934.91 1904.92 1874.20 1713.57 1592.03 1571.83 1512.76 1511.77 1570.57 1626.18 1684.15 1736.23 1729.34 1731.70 1742.67 1659.77 1565.81
1459.77 1448.60 1437.10 1442.99 1491.41 1540.68 1589.54 1511.28 1427.07 1357.33 1515.60 1676.83 1803.52 1835.15 1869.97 1912.12 1800.89 1648.38 1513.96 1420.14 1399.78 1481.23 1518.80 1587.29
1672.66 1728.04 1784.15 1838.91 1810.58 1780.03 1714.82 1800.52 1860.62 1910.58 1800.38 1685.56 1561.05 1361.90 1205.48 1337.70 1512.26 1662.48 1786.03 1800.57 1800.76 1809.10 1748.66 1681.80
1607.31 1607.66 1612.56 1625.23 1687.14 1746.19 1802.41 1777.83 1742.16 1706.65 1736.28 1804.44 1876.93 1924.07 1979.53 2042.37 2057.69 2073.81 2087.46 2120.78 2153.01 2185.03 2175.40 2157.16
2138.99 2169.51 2194.06 2209.54 2223.33 2237.22 2250.83 2274.51 2286.59 2291.61 2351.40 2400.34 2437.96 2457.03 2479.71 2508.59 2501.40 2479.75 2452.65 2411.06 2363.45 2313.33 2309.09 2304.54
2299.70 2271.01 2239.72 2199.59 2216.39 2220.51 2226.91 2246.17 2253.59 2257.67 2286.77 2314.80 2343.23 2350.20 2360.95 2376.19 2355.75 2334.30 2307.91 2302.38 2295.05 2286.13 2269.52 2256.99
2246.46 2224.11 2198.21 2171.85 2110.11 2042.03 1969.32 1971.41 1960.09 1941.56 1918.56 1906.20 1901.99 1704.14 1509.26 1498.37 1507.48 1617.46 1760.30 1875.11 1980.27 2078.42 2126.88 2180.97
2236.71 2235.20 2223.16 2218.22 2205.68 2193.63 2181.41 2205.65 2222.53 2234.29 2142.58 2046.39 1945.42 1941.23 1942.88 1956.88 1878.58 1800.91 1736.30 1644.66 1547.71 1483.85 1384.28 1344.89
1441.53 1375.81 1400.38 1434.60 1292.92 1117.70 1173.35 1242.44 1376.05 1480.60 1448.46 1464.77 1510.71 1570.94 1650.02 1737.05 1818.51 1897.44 1968.61 1976.78 1991.09 2008.93 1972.00 1936.97
1901.72 1888.25 1878.02 1872.24 1818.29 1780.43 1767.51 1795.56 1838.06 1890.13 1834.38 1792.64 1768.08 1704.23 1670.18 1675.10 1756.62 1848.55 1939.38 1969.17 1997.42 2026.24 2043.85 2061.93
2079.76 2095.75 2112.69 2131.39 2129.94 2128.26 2126.45 2137.74 2139.54 2139.39 2221.45 2284.07 2330.79 2292.57 2257.50 2229.00 2179.01 2115.63 2033.10 2041.38 2048.43 2057.24 2016.28 1972.43
1924.58 1781.60 1623.94 1511.20 1636.29 1751.16 1871.40 1963.13 2055.05 2143.44 2208.24 2271.48 2339.11 2377.80 2418.77 2464.69 2445.91 2416.72 2391.17 2381.86 2373.82 2367.44 2289.37 2198.25
2101.81 2009.69 1907.95 1792.91 1756.34 1717.84 1679.07 1676.86 1683.37 1700.11 1568.33 1567.33 1607.68 1765.70 1879.03 1981.51 1936.13 1887.99 1837.27 1892.18 1955.89 2021.89 1922.47 1808.27
1654.62 1622.12 1588.31 1554.66 1583.90 1655.77 1759.33 1901.76 2009.93 2097.40 2088.66 2096.90 2107.33 2189.04 2265.62 2342.68 2312.64 2277.65 2231.27 2212.92 2196.18 2180.08 2221.87 2266.27
2311.80 2305.66 2298.61 2292.06 2233.00 2171.05 2104.77 2145.18 2171.49 2187.40 2274.96 2347.97 2407.41 2355.72 2307.17 2264.76 2194.23 2106.36 1992.18 1979.24 1964.31 1947.13 1928.05 1908.04
1887.92 1770.40 1597.98 1407.27 1608.21 1784.52 1955.27 2187.85 2359.58 2479.37 2458.86 2428.37 2399.92 2340.30 2279.69 2216.56 2146.50 2068.68 1976.66 1932.70 1885.82 1836.07 1868.31 1900.19
1931.53 1939.48 1946.08 1954.63 2023.27 2087.60 2148.96 2185.59 2215.57 2242.59 2223.00 2210.33 2199.84 2168.87 2146.99 2134.37 2079.54 2028.39 1984.54 1954.90 1924.96 1919.27 1838.38 1756.00
1680.68 1654.51 1640.36 1633.96 1627.61 1623.39 1626.25 1644.78 1656.75 1655.63 1600.79 1755.94 1891.68 1906.77 1915.15 1919.26 1925.31 1934.14 1937.15 1863.96 1786.32 1703.39 1651.07 1601.89
1562.61 1457.10 1318.28 1148.70 1307.20 1517.88 1688.42 1773.24 1837.37 1867.53 1764.98 1656.24 1526.91 1372.78 1431.64 1610.28 1728.61 1845.79 1951.10 1933.07 1914.00 1894.10 1820.16 1736.30
1638.21 1561.20 1472.97 1338.96 1272.92 1226.27 1216.87 1159.34 1088.27 1037.57 1405.58 1746.28 1937.48 1978.35 2029.59 2088.50 2092.40 2099.33 2100.69 2091.56 2078.42 2065.00 2044.81 2024.45
2003.19 1968.83 1933.84 1896.62 1773.85 1626.46 1440.41 1210.27 1047.80 1138.96 1409.88 1571.22 1685.13 1680.56 1807.74 1972.05 1964.94 1966.68 1953.94 1953.56 1952.47 1955.44 1966.28 1980.68
1997.71 2014.46 2031.85 2050.01 2050.66 2054.96 2065.91 2121.21 2162.35 2193.94 2116.52 2042.48 1965.00 1969.69 1987.42 2016.95 1998.51 1990.01 1988.97 1959.35 1938.13 1910.14 1840.95 1764.33
1677.02 1672.16 1668.25 1659.40 1684.12 1669.16 1651.01 1764.63 1855.12 1927.75 1961.23 2003.26 2041.17 2063.29 2089.14 2119.24 2079.99 2034.95 1981.37 2046.10 2111.01 2176.63 2202.19 2228.02
2253.95 2194.12 2131.66 2067.02 2016.53 1964.14 1909.65 1873.87 1830.84 1783.08 1880.69 1953.29 2007.08 2043.91 2086.43 2133.50 2127.66 2125.98 2127.27 2151.81 2174.33 2196.70 2202.38 2208.91
2215.14 2146.13 2069.36 1985.52 1771.76 1631.22 1629.61 1767.07 2071.81 2308.33 2496.72 2654.75 2783.35 2805.62 2829.49 2855.82 2825.30 2794.63 2761.24 2738.58 2716.24 2694.48 2667.21 2638.73
2609.49 2589.08 2567.93 2546.43 2520.70 2494.51 2467.75 2470.84 2468.49 2463.73 2416.34 2371.07 2325.54 2256.18 2195.13 2149.99 2115.81 2102.73 2114.49 2059.77 2000.42 1935.13 1928.04 1925.92
1930.20 1926.67 1929.16 1936.83 1902.83 1867.25 1830.19 1882.58 1925.45 1964.20 1917.35 1882.69 1861.93 1801.48 1741.29 1679.22 1632.84 1668.24 1763.45 1688.63 1645.15 1652.31 1615.53 1580.81
1550.75 1452.12 1332.09 1189.28 1098.79 1343.21 1537.11 1515.71 1500.93 1492.40 1702.66 1830.62 1934.54 1813.37 1756.37 1792.63 1724.58 1649.81 1562.06 1507.35 1572.33 1687.01 1800.70 1899.86
1987.19 1988.61 1977.26 1973.22 1877.32 1769.33 1647.73 1621.44 1587.03 1545.71 1610.41 1669.59 1711.29 1780.65 1854.31 1926.65 1985.30 2050.19 2110.44 2116.54 2122.56 2129.73 2117.09 2105.50
2094.08 2067.55 2039.52 2011.52 2042.00 2073.31 2103.31 2083.06 2052.39 2014.55 2106.78 2181.53 2239.40 2258.45 2281.29 2308.35 2310.58 2311.15 2304.45 2311.06 2318.24 2325.79 2339.88 2354.80
2369.68 2341.58 2312.07 2281.77 2245.13 2206.88 2164.26 2135.33 2099.08 2058.50 2046.35 2063.52 2092.55 1786.31 1702.52 1965.23 2020.85 2109.69 2214.97 2424.65 2615.30 2778.82 2772.56 2763.23
2754.16 2710.06 2666.35 2626.36 2649.75 2676.74 2707.52 2755.89 2798.56 2839.14 2806.12 2776.83 2748.62 2736.89 2731.80 2732.97 2683.39 2632.23 2574.74 2526.78 2475.03 2420.24 2441.34 2461.84
2483.40 2458.74 2432.53 2407.65 2373.43 2336.75 2299.38 2310.22 2311.25 2305.72 2301.36 2303.87 2310.01 2244.45 2191.99 2155.81 2129.28 2100.25 2063.70 1985.61 1896.15 1792.40 1836.13 1884.49
1933.91 1984.04 2038.11 2092.74 2076.73 2065.37 2058.49 2011.66 1954.16 1888.06 1843.39 1966.30 2131.33 2159.64 2184.81 2209.86 2200.65 2173.10 2131.45 2105.29 2079.67 2053.49 1970.82 1877.24
1771.15 1696.67 1624.79 1566.89 1649.72 1729.05 1802.94 1797.70 1793.86 1792.10 1844.74 1880.69 1916.80 1882.18 1846.80 1809.84 1713.31 1632.67 1559.61 1604.58 1663.98 1728.39 1746.78 1789.49
1792.41 1842.53 1888.98 1933.28 1999.92 2038.18 2076.32 2142.21 2201.36 2258.12 2258.07 2259.34 2261.12 2218.48 2180.84 2146.28 1941.82 1659.19 1267.81 1192.47 1391.49 1159.16 1446.31 1651.54
1789.98 1812.24 1835.73 1860.97 1915.56 1995.32 2087.54 2055.96 2014.07 1964.19 1992.14 2029.49 2067.53 2064.74 2070.53 2082.30 2007.08 1927.28 1853.61 1683.98 1456.81 1135.39 1139.56 1328.03
1495.00 1539.10 1597.42 1704.13 1725.53 1745.49 1766.83 1690.38 1618.73 1570.02 1350.37 1201.18 1255.89 993.68 1385.35 1619.89 1737.26 1867.34 1965.08 1934.35 1906.36 1882.75 1809.38 1726.30
1630.45 1598.01 1587.60 1558.66 1275.52 1156.14 1336.39 1475.36 1570.35 1637.92 1438.16 1547.27 1732.01 1777.43 1825.54 1874.62 1927.35 1966.71 1999.86 2030.65 2061.49 2091.48 2026.59 1955.67
1878.54 1847.13 1848.14 1881.21 1877.67 1874.21 1868.01 1747.25 1598.78 1406.71 1654.46 1846.71 1986.37 1998.42 2017.43 2040.23 2055.46 2073.56 2089.82 2087.74 2078.37 2055.91 2035.88 2008.55
1973.37 1983.33 2008.63 2048.02 2012.20 1976.25 1940.63 1951.87 1959.81 1960.34 2028.45 2114.78 2176.44 2212.41 2255.53 2303.35 2288.49 2274.66 2248.07 2263.59 2266.35 2266.88 2228.31 2187.55
2146.96 2096.36 2044.98 1982.14 1962.84 1947.84 1937.69 1930.40 1915.74 1893.82 2034.18 2132.11 2201.33 2237.82 2277.77 2320.81 2296.90 2271.52 2241.45 2232.67 2219.68 2192.05 2196.33 2197.63
2195.83 2195.96 2186.81 2177.49 2191.70 2209.09 2227.92 2223.14 2215.73 2203.84 2205.27 2210.54 2226.85 2182.45 2139.56 2095.50 2046.56 1993.22 1931.96 1813.21 1669.08 1502.73 1492.18 1532.34
1603.91 1442.15 1528.55 1727.89 1731.12 1773.16 1838.46 1880.95 1933.48 1974.24 2063.29 2256.50 2431.92 2428.97 2434.95 2446.09 2343.54 2224.17 2098.49 2062.61 2038.98 2032.33 2017.03 2005.96
2000.33 2012.05 2023.76 2036.36 2039.57 2043.13 2046.19 2032.35 2010.99 1982.67 2012.50 2047.17 2078.70 2087.28 2102.20 2122.08 2104.82 2087.13 2066.71 2049.48 2031.12 2009.45 1984.46 1960.59
1935.11 1927.91 1921.74 1914.72 1964.09 2012.99 2059.28 2099.58 2136.08 2169.71 2192.13 2220.94 2258.24 2268.49 2279.64 2289.51 2255.95 2220.96 2183.24 2147.10 2107.99 2066.43 1967.38 1898.06
