1635.63 1427.24 1370.09 1591.67 1593.31 1595.19 1595.55 1582.54 1692.50 1815.49 1984.11 2113.74 2215.03 2194.84 2183.80 2183.51 2212.61 2242.36 2268.22 2278.26 2293.68 2313.24 2308.02 2303.22
2298.12 2295.64 2293.02 2290.75 2270.74 2248.75 2225.24 2223.92 2228.77 2190.05 2101.74 1942.38 1766.69 1968.23 2131.35 2271.62 2151.91 2039.04 1973.92 1987.22 2027.79 2089.61 2052.03 2014.54
1977.55 1919.18 1870.61 1837.73 1752.83 1795.99 1923.08 2089.03 2230.53 2349.00 2437.68 2528.06 2604.95 2530.47 2454.47 2379.61 2319.78 2251.35 2169.01 2047.53 1913.38 1783.31 1735.99 1695.73
1670.16 1715.49 1766.30 1816.41 1850.20 1891.53 1936.78 1888.88 1838.80 1782.19 1979.21 2120.85 2222.10 2114.12 1999.32 1879.51 1821.69 1808.25 1862.61 1789.02 1759.01 1792.88 1747.60 1730.86
1730.46 1651.60 1561.48 1459.95 1457.97 1464.80 1476.37 1417.70 1352.24 1269.14 1442.08 1582.00 1676.42 1762.00 1834.50 1905.13 1946.05 1989.11 2036.88 2027.75 2019.80 2012.39 2011.03 2010.39
2010.56 1976.79 1944.82 1913.80 1906.99 1899.34 1890.01 1813.64 1731.83 1645.80 1831.38 2012.87 2112.23 2113.40 2146.41 2202.28 2161.73 2122.04 2085.82 2110.06 2136.51 2167.18 2117.11 2069.22
2023.96 1960.19 1894.95 1782.59 1737.03 1702.45 1684.72 1644.85 1599.96 1540.53 1397.14 1078.97 1393.88 1320.76 1255.37 1226.38 1302.49 1380.55 1450.39 1550.05 1699.90 1844.93 1842.84 1840.48
1838.44 1798.13 1781.92 1733.29 1726.60 1729.55 1744.21 1625.10 1486.16 1343.10 1279.57 1250.45 1324.92 1082.51 959.42 1223.28 1493.25 1717.29 1900.43 1885.23 1866.20 1847.74 1940.70 2036.23
2128.51 2194.36 2261.27 2330.09 2372.09 2413.74 2455.46 2481.23 2503.96 2526.30 2513.35 2503.60 2497.73 2448.77 2398.20 2346.84 2311.26 2274.73 2239.45 2172.50 2099.42 2019.40 1968.24 1912.45
1826.54 1823.16 1804.64 1778.45 1760.03 1743.29 1729.20 1901.95 2054.26 2184.85 2122.40 2058.31 1987.91 2019.24 2056.74 2095.43 2119.29 2143.79 2168.24 2153.00 2138.58 2126.69 2071.43 2011.65
1946.11 1954.22 1962.90 1969.49 1978.47 1987.23 1995.58 2037.66 2078.01 2115.64 2181.17 2207.80 2247.13 2180.83 2122.00 2071.80 2018.74 1959.96 1891.79 1747.09 1593.37 1479.68 1514.39 1547.14
1582.00 1487.52 1380.34 1285.40 1177.23 1515.21 1732.86 1692.13 1643.16 1578.80 1814.87 2054.11 2192.60 2182.29 2174.67 2161.25 2124.76 2083.41 2034.02 1962.79 1907.39 1888.63 1997.32 2109.92
2220.76 2209.26 2197.90 2187.68 2198.04 2208.98 2202.88 2152.80 2096.52 2029.18 2102.27 2161.24 2224.12 2206.81 2196.17 2164.56 2138.72 2113.87 2091.80 2075.08 2059.23 2042.14 2061.92 2081.61
2100.69 2136.64 2171.85 2206.14 2236.36 2270.33 2309.17 2303.81 2296.33 2287.46 2232.03 2175.18 2117.03 2081.76 2047.25 2014.56 2048.29 2085.03 2124.30 2026.35 1913.56 1778.41 1760.69 1747.45
1739.01 1696.55 1654.90 1620.12 1785.54 1912.43 2020.79 1950.70 1888.18 1840.59 1763.32 1667.01 1575.10 1413.80 1281.71 1125.94 1133.59 1142.28 1151.02 1268.65 1492.99 1657.84 1483.15 1404.99
1551.38 1649.40 1741.50 1837.98 1845.28 1871.83 1911.68 1862.71 1814.43 1772.08 1440.55 1130.81 1527.09 1345.55 1399.68 1670.15 1730.98 1823.79 1928.27 1943.99 1962.57 1979.00 1947.48 1913.08
1878.48 1815.08 1633.30 1735.34 1757.60 1774.61 1792.46 1629.63 1408.40 1108.70 1546.28 1958.33 2147.49 2053.16 1957.31 1865.44 1814.72 1821.00 1899.17 1883.93 1871.41 1861.75 1871.42 1890.09
1916.98 1889.10 1866.34 1850.52 1852.09 1854.41 1854.73 1849.54 1842.30 1825.72 1946.07 2034.39 2097.78 2190.75 2243.75 2295.96 2249.59 2199.80 2149.50 2129.01 2104.80 2079.96 2035.52 2004.86
1998.00 1965.96 1996.86 2080.97 2180.03 2381.83 2588.84 2670.84 2761.92 2819.28 2815.60 2813.55 2817.31 2763.46 2711.43 2663.21 2579.97 2485.60 2377.09 2326.26 2269.94 2203.31 2089.94 1965.32
1836.58 1863.69 1911.65 1975.21 1960.26 1943.93 1929.51 2035.73 2125.98 2181.04 2145.67 2107.52 2074.24 2105.31 2124.64 2151.70 2093.06 2052.40 2048.37 2098.84 2150.73 2204.80 2196.90 2188.77
2179.52 2107.95 2034.53 1963.32 1990.96 2019.44 2044.69 1970.42 1887.25 1787.80 1879.59 2059.64 2199.32 2255.82 2313.26 2375.30 2349.48 2322.38 2292.85 2340.72 2389.46 2434.92 2427.75 2422.15
2419.80 2391.54 2363.25 2337.83 2283.84 2228.35 2170.29 2132.08 2090.59 2038.61 2153.56 2264.40 2358.22 2272.15 2185.53 2098.52 1948.44 1749.49 1441.00 1205.06 1553.48 1496.96 1639.17 1806.75
1959.39 2289.18 2545.14 2733.97 2695.50 2667.31 2651.01 2594.74 2520.93 2440.71 2474.51 2504.26 2525.72 2444.55 2352.81 2261.44 2140.50 1998.20 1833.81 1568.69 1342.57 1443.51 1576.71 1716.36
1846.74 1753.34 1642.31 1503.09 1580.28 1666.63 1749.96 1724.34 1705.33 1688.91 1743.63 1847.06 1876.51 1893.51 1931.90 1985.66 1932.13 1884.51 1855.49 1932.73 2026.14 2024.72 2022.22 2025.37
2035.88 2058.36 2081.49 2106.18 2096.92 2096.59 2107.97 2003.87 1881.68 1733.45 1639.93 1777.80 1952.11 1962.67 1979.56 2007.29 2058.35 2114.53 2176.82 2258.84 2342.87 2360.09 2270.90 2172.75
2062.86 2042.90 2027.94 2016.36 2009.74 2013.42 2027.04 2086.90 2141.21 2188.58 2142.76 2099.78 2059.65 2150.64 2217.24 2274.96 2218.10 2164.16 2091.15 2037.41 1987.78 1950.21 1759.78 1521.12
1435.97 1476.52 1517.09 1555.16 1322.27 1315.13 1627.30 1576.44 1537.21 1515.75 1253.67 1482.05 1713.96 1712.26 1714.66 1726.77 1761.02 1807.71 1866.87 1520.21 1250.39 1674.05 1729.89 1784.07
1838.09 1941.99 2029.47 2102.74 2048.67 1990.18 1918.70 1853.38 1797.17 1746.80 1890.09 2081.01 2223.80 2070.97 1953.37 1923.73 1830.50 1683.52 1734.21 1850.11 1974.33 2096.04 2323.38 2556.73
2726.61 2704.29 2680.35 2656.57 2607.52 2556.81 2505.39 2462.09 2413.01 2356.79 2331.66 2307.36 2290.98 2245.48 2212.25 2196.66 2219.24 2204.18 2204.49 2156.74 2101.77 2039.02 2045.59 2051.59
2058.81 2072.79 2087.48 2102.60 2075.94 2063.29 2064.63 2134.37 2195.67 2251.38 2279.73 2309.81 2348.58 2346.94 2347.20 2351.84 2325.20 2298.12 2271.01 2179.24 2076.45 1959.26 1956.64 1956.74
1958.43 1895.56 1829.26 1760.21 1766.15 1772.20 1779.49 1896.59 1964.15 2008.63 1947.62 1865.59 1779.99 1818.19 1769.27 1712.08 1774.76 1841.55 1910.62 1936.19 1961.29 1987.54 1868.99 1755.12
1690.99 1764.91 1843.10 1921.02 1777.08 1612.28 1468.42 1555.30 1689.20 1803.34 1809.76 1834.00 1873.71 1898.40 1924.35 1954.20 2004.53 2055.60 2112.20 2118.97 2124.23 2130.94 2095.48 2057.52
2016.72 1900.66 1778.78 1684.05 1720.37 1767.04 1820.16 1770.94 1719.46 1662.49 1752.33 1865.03 1953.73 1982.60 2012.79 2053.44 2059.94 2068.06 2079.78 2132.64 2114.84 2081.75 2093.74 2110.53
2132.67 2139.17 2120.49 2058.25 2043.70 2030.42 1963.97 1893.21 1819.55 1744.46 1692.37 1628.52 1684.27 1676.48 1674.88 1681.99 1681.35 1681.98 1687.93 1794.15 1898.65 2002.94 2013.42 2024.03
2034.43 2015.27 1996.24 1923.63 1859.88 1795.94 1736.20 1677.18 1638.64 1625.48 1516.05 1394.36 1440.73 1457.73 1511.45 1587.54 1555.96 1556.90 1603.00 1736.68 1867.43 1993.65 1989.89 1981.10
1963.69 1946.54 1945.75 1962.71 1918.46 1871.44 1822.07 1841.26 1857.33 1866.44 1881.66 1979.18 2083.44 2113.60 2145.36 2177.80 2152.45 2128.82 2113.93 2105.09 2097.70 2098.66 2082.27 2064.26
2045.85 2040.39 2035.45 2032.29 2012.02 1991.05 1969.19 1919.44 1864.87 1808.41 1799.45 1897.28 2009.25 2057.69 2107.63 2156.75 2158.01 2159.88 2169.94 2176.80 2178.81 2181.98 2156.26 2129.54
2097.98 2009.10 1921.67 1845.42 1839.42 1849.56 1818.15 1709.93 1579.56 1421.52 1303.36 1197.20 1144.87 1744.51 2059.09 2296.68 2351.60 2384.80 2402.50 2362.17 2315.46 2269.32 2304.46 2349.08
2400.40 2516.61 2618.87 2665.43 2629.59 2559.70 2486.48 2513.59 2540.53 2568.11 2539.50 2510.86 2487.99 2493.39 2499.44 2505.39 2503.18 2496.68 2484.61 2444.28 2401.30 2355.34 2370.40 2384.48
2398.63 2397.04 2397.16 2399.38 2344.46 2285.91 2223.19 2254.12 2283.21 2311.45 2296.03 2293.12 2306.10 2298.26 2288.47 2264.64 2183.99 2093.27 1975.50 1962.58 1940.68 1916.20 1916.37 1890.55
1864.47 1972.84 2067.62 2154.89 2019.75 1894.61 1836.57 1846.07 1867.55 1896.38 1828.54 1864.63 1960.85 1624.13 1622.36 1924.97 2042.98 2144.82 2239.23 2117.59 1972.19 1792.57 1742.37 1696.80
1659.38 1606.97 1567.35 1546.75 1561.09 1519.63 1483.82 1491.83 1499.88 1466.61 1527.00 1574.71 1612.73 1766.73 1891.38 1999.01 1924.30 1826.21 1714.71 1777.83 1726.35 1674.75 1766.82 1852.57
1934.21 1760.68 1820.69 2037.48 2105.33 2222.82 2356.28 2277.70 2184.36 2022.48 2043.49 2061.24 2080.47 2002.82 1925.84 1852.57 1812.68 1813.21 1871.40 1921.13 1918.29 1912.50 1884.02 1858.01
1838.77 1819.93 1806.98 1800.73 1784.46 1788.01 1810.70 1798.75 1794.80 1793.62 1848.67 1932.94 2012.33 2049.89 2088.19 2130.20 2174.18 2218.98 2271.33 2269.01 2251.72 2218.78 2201.26 2155.22
2098.67 2022.56 1948.68 1884.73 1779.15 1685.83 1643.81 1577.61 1496.75 1368.16 1703.17 1965.40 2134.21 2066.26 2008.40 1968.18 1957.86 1948.77 1943.56 1943.45 1939.95 1936.78 1957.72 1988.49
2007.41 1904.17 1799.65 1719.11 1587.47 1426.05 1145.72 1137.43 1207.26 1271.30 1206.50 1507.56 1655.84 1742.07 1816.87 1880.63 1850.51 1815.36 1785.41 1724.39 1684.03 1616.23 1592.14 1598.06
1638.80 1691.91 1786.63 1858.05 1764.17 1611.90 1417.95 1582.03 1645.57 1689.93 1672.84 1575.62 1507.10 1496.17 1525.24 1587.62 1544.36 1486.38 1429.27 1623.46 1845.30 1972.60 1962.93 1952.99
1943.68 1933.70 1925.71 1919.66 1831.60 1734.24 1632.16 1444.73 1605.59 1802.59 2026.83 2182.39 2297.48 2258.74 2243.69 2259.07 2290.08 2332.29 2394.55 2412.41 2384.64 2351.02 2343.03 2333.80
2324.41 2366.92 2425.53 2497.06 2471.29 2444.94 2414.87 2460.73 2496.01 2523.74 2474.11 2426.46 2383.60 2389.78 2407.54 2438.20 2425.59 2412.63 2403.60 2390.65 2373.72 2353.72 2363.15 2375.17
2388.24 2377.72 2377.14 2386.31 2334.79 2279.09 2218.93 2271.93 2324.59 2367.13 2331.31 2285.64 2238.01 2246.10 2254.90 2257.07 2206.21 2164.65 2140.03 2069.57 2038.16 2063.68 1999.84 1984.56
2027.88 1890.84 1732.41 1467.43 1354.69 1797.91 2070.37 2008.05 1973.34 1976.00 1839.29 1832.22 1923.86 1884.66 1874.80 1896.00 1952.38 2019.98 2089.28 2045.08 1982.78 1909.98 1865.44 1835.58
1822.41 1819.58 1818.03 1818.48 1787.63 1756.18 1721.83 1794.24 1871.45 1947.65 1950.68 1957.99 1959.21 2042.45 2134.71 2224.21 2215.37 2210.84 2214.23 2154.93 2086.54 2011.66 2036.81 2064.46
2094.94 2151.16 2207.84 2265.91 2120.23 1954.79 1785.35 1804.36 1823.01 1840.34 1828.19 1852.12 1891.12 1886.88 1889.41 1891.91 1899.94 1914.52 1941.97 1999.52 2051.75 2097.08 2077.85 2046.33
2012.00 1975.38 1938.67 1902.65 1633.76 1488.64 1731.81 1837.88 1951.64 2052.94 2131.02 2234.26 2336.86 2329.78 2330.44 2341.38 2297.71 2249.49 2203.88 2146.34 2068.58 1972.24 1941.40 1906.49
1871.20 1864.49 1874.57 1901.95 1991.47 2112.75 2242.19 2292.79 2333.34 2358.03 2316.36 2274.41 2234.58 2226.58 2221.98 2247.65 2244.34 2241.60 2244.85 2212.76 2171.90 2128.16 2094.05 2056.99
2015.03 2067.90 2121.84 2174.84 2131.09 2084.42 2033.64 2095.43 2137.95 2169.46 2139.22 2158.96 2206.78 2247.46 2282.06 2300.09 2330.43 2359.50 2375.77 2253.56 2100.38 1905.36 1842.43 1782.61
1733.93 1803.25 1869.20 1884.43 1891.50 1900.33 1905.77 1947.34 1960.78 1972.03 1816.79 1762.20 1809.32 1735.99 1682.26 1656.08 1835.62 1988.78 2126.97 2159.87 2186.17 2209.58 2166.57 2116.47
2054.94 2041.79 2007.77 1974.49 1908.05 1841.09 1775.46 1730.50 1679.29 1622.06 1440.44 1341.18 1433.09 1299.71 1296.43 1413.54 1434.55 1462.65 1500.99 1670.21 1816.19 1948.81 1950.20 1951.08
1954.86 1933.32 1900.34 1842.27 1778.91 1724.63 1688.45 1758.46 1810.21 1848.05 1836.75 1801.16 1777.60 1906.83 2005.47 2103.85 2136.89 2170.42 2210.93 2173.84 2126.00 2075.54 2051.76 2028.34
2007.35 2006.92 2044.30 2112.66 2033.41 1974.52 1955.21 1988.87 2010.81 2026.71 1952.50 1919.24 1922.63 1970.54 2015.13 2059.08 2110.64 2164.23 2192.38 2172.62 2148.11 2127.78 2121.64 2079.00
2026.53 1970.64 1916.26 1867.02 1712.75 1505.41 1214.09 1455.34 1618.18 1724.34 1592.88 1653.03 1735.13 1743.14 1837.29 1956.92 2047.67 2143.73 2243.97 2259.84 2271.07 2255.87 2216.60 2172.61
2125.17 2044.71 1956.25 1857.11 1754.34 1673.00 1650.04 1623.45 1584.20 1518.01 1628.26 1723.71 1768.31 1956.20 2178.50 2396.76 2521.00 2646.34 2757.96 2751.67 2736.86 2718.61 2749.88 2783.33
2817.74 2763.48 2705.33 2645.55 2657.57 2653.82 2629.15 2647.61 2663.30 2682.79 2598.58 2512.17 2423.86 2446.01 2468.85 2489.76 2434.76 2378.29 2320.12 2288.00 2250.34 2210.80 2117.01 2011.06
1892.37 1904.53 1923.23 1947.30 1983.14 2034.11 2099.11 2168.43 2268.03 2370.50 2296.05 2228.68 2171.41 2201.46 2264.14 2342.58 2376.38 2392.43 2411.34 2319.72 2201.07 2053.58 1976.66 1890.19
1792.90 1891.64 1983.17 2067.68 2054.71 2043.37 2033.91 2004.70 1980.07 1966.62 1847.94 1779.03 1791.16 1839.18 1886.48 1934.69 1884.41 1844.68 1822.71 1720.94 1602.45 1486.45 1260.42 1168.17
1373.80 1256.57 1251.64 1459.72 1293.65 1199.62 1348.61 1318.48 1274.22 1251.98 1508.86 1668.02 1778.30 1807.99 1902.53 1979.38 2010.71 2054.26 2106.06 2079.83 2020.19 1949.15 1897.82 1843.27
1787.31 1829.09 1865.58 1903.82 1943.00 1986.68 2027.18 1941.58 1842.39 1732.60 1763.20 1861.73 1996.67 2029.66 2069.93 2113.86 2169.23 2235.75 2313.39 2297.96 2270.20 2232.87 2180.41 2123.60
2056.60 2033.09 2006.89 1981.31 1950.65 1918.31 1887.48 1732.97 1552.11 1389.92 1199.58 1495.49 1610.21 1318.42 1301.91 1576.10 1654.53 1743.93 1829.62 1855.92 1877.65 1915.63 1916.45 1918.08
1921.08 1918.55 1921.07 1930.58 1956.54 1981.14 2005.74 1971.95 1931.80 1889.46 1881.33 1905.30 1941.60 1939.37 1933.84 1936.15 1987.07 2038.90 2093.13 2090.05 2084.45 2035.06 1994.75 1955.26
1923.18 1921.49 1921.70 1924.52 1886.72 1851.25 1819.94 1861.03 1893.52 1920.49 1913.74 1905.97 1899.83 2001.82 2092.74 2179.62 2203.65 2229.47 2254.53 2208.72 2147.44 2076.70 2062.86 2048.59
2033.90 2035.24 2037.48 2042.06 2065.74 2089.68 2115.41 2140.65 2151.69 2158.72 2243.84 2336.30 2420.69 2449.05 2478.03 2509.21 2502.98 2500.74 2503.72 2534.64 2558.34 2581.74 2549.98 2515.57
2480.46 2482.10 2493.79 2513.61 2348.71 2126.74 1981.38 1655.00 1038.56 1303.63 1392.66 1594.21 1747.75 1759.26 1787.73 1828.97 1788.45 1749.77 1719.63 1627.83 1646.38 1793.71 1795.74 1796.28
1797.83 1705.27 1604.05 1512.40 1370.89 1643.88 1886.35 1935.74 1984.72 2028.11 2175.95 2301.84 2398.86 2373.62 2364.04 2370.36 2384.12 2402.50 2428.85 2379.32 2308.27 2217.38 2274.99 2331.39
2386.77 2383.72 2379.06 2374.28 2384.21 2394.65 2376.42 2425.47 2461.91 2492.05 2468.37 2445.42 2426.90 2364.51 2304.83 2245.77 2254.80 2268.68 2285.83 2203.74 2106.19 1980.21 1999.55 2018.95
2038.33 2061.32 2070.04 2111.18 2093.19 2077.93 2065.23 2145.03 2205.67 2197.13 2153.78 2120.36 2095.67 2096.11 2097.05 2097.61 2066.76 2034.17 2001.45 1915.24 1808.19 1678.08 1652.59 1670.66
1682.51 1678.76 1725.55 1805.16 1758.25 1723.05 1706.64 1653.84 1593.11 1527.50 1567.20 1676.88 1785.02 1781.71 1759.37 1718.40 1887.70 1995.53 2099.79 2046.60 1974.31 1887.21 1855.40 1821.15
1783.38 1760.48 1748.21 1750.86 1721.09 1727.28 1774.84 1758.99 1788.47 1818.21 1884.88 1931.53 1976.93 2006.57 2043.62 2084.43 2132.11 2186.12 2246.94 2170.36 2069.31 1941.18 1823.42 1700.78
1622.24 1648.63 1692.04 1745.37 1774.31 1804.33 1828.66 1797.60 1768.88 1746.26 1743.19 1761.89 1809.29 1877.32 1947.72 2013.81 1989.14 1965.51 1942.26 1909.72 1871.38 1828.77 1779.47 1726.49
1668.02 1656.85 1656.60 1665.80 1761.02 1840.08 1911.42 1948.90 1979.70 2010.45 2039.22 2071.94 2097.39 2097.46 2100.03 2100.20 2071.45 2043.46 2017.76 1967.27 1906.55 1840.68 1773.86 1736.02
1750.33 1689.01 1617.95 1537.68 1442.72 1363.00 1352.49 1395.52 1428.47 1448.88 1514.62 1609.48 1698.30 1756.41 1813.70 1877.45 1922.18 1970.83 2022.75 2043.09 2053.12 2066.24 2036.50 1985.93
1932.54 1946.48 1980.64 2032.12 1950.73 1862.68 1767.41 1789.50 1800.90 1804.41 1959.99 2082.59 2172.93 2234.23 2291.71 2335.29 2376.83 2406.98 2441.42 2408.28 2359.52 2301.57 2302.78 2305.69
2310.76 2243.05 2168.83 2086.49 2018.31 1951.56 1891.78 2000.53 2013.77 2026.17 1978.21 1965.46 1977.08 2008.50 2049.10 2102.67 2180.23 2257.31 2336.71 2370.07 2389.54 2385.17 2348.81 2308.69
2265.84 2188.40 2103.16 2009.25 1936.91 1865.77 1801.85 1770.72 1778.26 1747.00 1660.53 1633.52 1655.05 1733.72 1806.23 1876.37 1943.60 2020.08 2108.02 2134.86 2152.64 2140.80 2101.23 2055.69
2003.73 1991.95 1979.49 1967.20 1869.28 1755.29 1619.17 1501.68 1366.99 1226.53 1316.83 1294.39 1284.96 1341.75 1485.33 1631.08 1746.91 1846.08 1942.56 1967.08 1985.29 2004.12 1957.15 1917.66
1893.17 2005.17 2123.22 2241.83 2309.34 2374.29 2438.59 2450.73 2462.08 2474.50 2396.81 2323.10 2263.30 2230.30 2205.67 2195.41 2191.80 2191.74 2195.92 2165.49 2124.00 2079.93 2064.97 2048.92
2032.35 1981.73 1935.07 1892.68 1923.58 1954.15 1983.03 2102.16 2197.08 2273.82 2237.12 2220.07 2217.86 2238.00 2259.03 2287.73 2336.93 2387.96 2443.09 2398.82 2336.97 2265.01 2243.16 2219.15
2194.56 2133.50 2070.51 2005.87 2002.30 2000.53 1999.42 2042.46 2091.31 2108.44 2117.84 2138.75 2167.05 2201.09 2237.75 2277.14 2312.99 2352.39 2395.26 2356.69 2300.05 2234.94 2234.22 2232.76
2231.77 2174.82 2114.38 2049.84 2049.56 2038.73 2026.00 2017.33 2039.33 2073.19 2106.07 2131.36 2164.41 2214.25 2263.77 2299.01 2302.81 2310.58 2325.59 2346.64 2361.69 2382.52 2329.83 2269.93
2202.00 2131.67 2053.15 1964.04 1893.24 1772.80 1616.01 1545.00 1390.08 997.53 1048.43 1242.14 1496.74 1906.56 2213.34 2465.05 2559.37 2659.85 2755.55 2704.48 2643.43 2579.50 2564.37 2550.89
2539.52 2579.39 2623.47 2659.31 2603.75 2528.80 2444.61 2450.64 2454.39 2458.35 2351.83 2241.49 2120.44 2065.66 2020.25 1959.01 1984.50 2046.66 2133.53 2028.78 1888.19 1706.25 1656.64 1617.52
1586.84 1734.07 1853.99 1957.66 2016.01 2077.74 2113.13 2181.17 2234.91 2274.38 2171.43 2055.54 1917.10 1819.08 1736.47 1562.64 1632.79 1727.30 1834.02 1892.41 1945.93 2006.72 2025.31 2047.11
2071.20 2011.33 1948.00 1883.75 1893.04 1920.60 1961.04 1900.15 1833.72 1766.75 1592.26 1552.33 1639.44 1841.68 1997.24 2123.86 2202.51 2280.29 2356.34 2299.41 2226.47 2141.47 2048.11 1939.09
1807.34 1782.58 1765.64 1758.02 1715.17 1670.71 1624.97 1774.74 1899.58 1946.74 1950.13 1983.63 2021.20 2190.89 2327.52 2434.31 2464.02 2497.48 2516.87 2509.53 2487.16 2467.36 2404.14 2332.31
2250.30 2182.49 2103.48 1981.15 1854.63 1704.45 1514.45 1463.86 1602.55 1690.40 1735.10 1769.20 1793.45 1642.72 1498.58 1409.16 1412.90 1453.04 1531.96 1380.43 1142.03 1277.22 1346.73 1412.53
1476.26 1505.27 1538.03 1569.35 1611.84 1659.35 1708.12 1706.48 1693.47 1668.25 1679.53 1747.76 1826.12 1869.73 1918.34 1972.70 2001.70 2033.94 2071.50 2087.72 2091.79 2094.54 2066.93 2034.20
1997.57 1984.53 1981.11 1987.95 1973.47 1960.08 1942.34 1987.93 2020.86 2041.75 1965.63 1836.60 1757.93 1703.06 1656.30 1618.25 1737.11 1848.17 1951.11 1920.08 1909.34 1946.86 2010.61 2017.56
2030.36 2037.18 2043.49 2047.39 1897.32 1776.39 1764.98 1501.27 1311.77 1329.30 1009.73 1235.84 1515.47 1626.68 1771.72 1912.94 1943.04 2005.89 2095.89 2019.74 1906.06 1754.82 1468.09 1529.31
1850.88 1802.46 1769.60 1762.07 1690.33 1644.53 1648.87 1534.75 1449.89 1392.54 1410.23 1567.01 1695.90 1674.61 1662.94 1662.64 1610.63 1551.82 1491.38 1360.10 1019.41 1151.76 1339.73 1490.75
1618.23 1605.18 1590.01 1573.96 1359.73 1149.60 1388.94 1382.67 1401.10 1420.17 1315.58 1518.75 1678.33 1752.40 1823.55 1893.98 1870.31 1848.72 1833.08 1893.78 1969.02 2068.93 2063.48 2067.56
2085.22 2098.94 2113.34 2128.83 2123.41 2087.32 2047.74 1836.11 1592.05 1405.01 1621.87 1923.39 2090.85 2110.73 2132.41 2156.29 2153.98 2156.34 2169.07 2250.22 2303.25 2359.63 2318.63 2270.24
2213.31 2150.80 2089.22 2035.79 1769.62 1617.53 1707.02 1673.20 1853.40 2003.00 2012.45 2129.42 2174.23 2102.35 2037.13 1982.00 1895.53 1803.26 1713.19 1633.07 1808.79 1867.92 1826.97 1813.40
1838.87 1828.33 1839.63 1872.75 1881.20 1889.39 1898.09 1881.45 1940.81 2009.71 2020.49 2024.71 2046.42 2130.41 2215.49 2299.30 2329.32 2329.96 2333.74 2261.05 2159.35 2038.11 2069.89 2101.04
2134.08 2076.96 2014.35 1945.40 1900.39 1867.18 1847.93 1591.68 1710.26 1952.82 2168.61 2384.51 2557.75 2522.32 2490.58 2465.22 2480.30 2503.78 2540.26 2564.04 2581.76 2600.81 2588.23 2578.26
2567.46 2550.98 2534.05 2517.10 2416.91 2291.38 2154.29 2123.86 2083.10 2028.67 1960.66 1899.76 1845.83 1691.19 1517.32 1323.94 1092.70 1173.00 1332.58 1619.36 1889.29 2115.02 2135.94 2156.75
2179.16 2164.72 2148.95 2132.82 2067.36 1994.56 1910.58 2029.35 2092.84 2092.04 2140.78 2174.25 2167.76 2165.46 2165.70 2163.80 2215.09 2269.16 2330.98 2339.11 2320.26 2293.90 2281.81 2267.71
2252.24 2211.06 2165.85 2088.42 2067.48 2051.70 2040.42 2132.77 2220.22 2288.09 2284.79 2289.11 2292.51 2329.62 2368.51 2409.04 2396.20 2384.10 2371.87 2319.06 2236.45 2139.67 2223.87 2251.44
2262.77 2260.58 2258.87 2250.73 2170.67 2078.96 1973.30 2062.80 2134.64 2183.08 2154.39 2131.11 2112.91 2025.65 1949.32 1892.98 1934.52 1978.96 2028.72 2116.24 2234.18 2301.73 2199.23 1960.65
1637.39 1538.47 1717.12 2230.21 2005.47 1686.48 1057.87 1710.01 2041.89 2252.82 2314.33 2381.29 2437.64 2384.96 2366.68 2387.43 2392.09 2396.02 2404.66 2333.13 2229.00 2095.24 1952.00 1761.05
1495.85 1472.06 1448.32 1342.38 1531.60 1754.48 1885.76 1756.36 1675.15 1737.46 1856.05 1950.19 2030.20 1990.56 1954.36 1925.87 1897.80 1869.47 1845.75 1886.16 1925.58 2034.65 2011.00 1983.26
1952.74 1936.97 1921.08 1907.53 1895.61 1885.49 1878.02 1882.10 1878.49 1859.57 1774.96 1772.90 1821.37 1840.24 1862.56 1887.52 1944.95 2002.93 2065.67 2122.04 2158.51 2199.66 2173.39 2143.61
2110.96 2112.30 2115.49 2121.14 2112.18 2097.98 2078.86 2095.86 2127.60 2162.96 2166.34 2168.40 2168.98 2185.62 2202.47 2225.04 2263.05 2303.75 2349.33 2349.25 2334.61 2299.07 2293.88 2288.03
2282.51 2242.91 2200.07 2154.54 2096.68 2043.08 1998.80 2060.50 2099.80 2121.61 2204.05 2276.14 2323.28 2342.24 2367.09 2396.10 2422.54 2420.89 2417.62 2362.81 2294.90 2235.53 2232.69 2230.04
2226.82 2213.46 2202.17 2193.31 2125.31 2049.13 1963.87 2073.09 2153.29 2204.97 2305.30 2392.35 2465.35 2464.64 2469.67 2481.98 2455.92 2429.46 2404.52 2364.81 2305.35 2232.88 2227.83 2224.74
2222.27 2156.19 2084.78 2007.58 1981.10 2025.06 2116.45 2212.86 2294.44 2351.50 2251.94 2162.16 2094.81 2047.40 1977.42 1832.03 1810.15 1555.73 1694.32 1855.07 1991.62 2119.68 2059.63 1991.20
1865.87 1834.86 1895.36 2015.19 2020.31 2031.43 2051.33 2050.52 2045.08 2023.87 1934.08 1846.16 1760.93 1700.60 1717.71 1770.89 1752.50 1741.94 1748.74 1721.15 1678.51 1638.99 1611.32 1579.59
1544.90 1577.37 1611.19 1645.55 1580.20 1548.97 1570.65 1531.18 1549.90 1582.71 1679.72 1754.41 1813.97 1798.88 1792.76 1798.77 1800.25 1819.38 1863.05 1900.05 1948.20 2020.05 1992.53 1982.70
1996.94 1936.54 1876.28 1824.24 1736.54 1637.85 1515.06 1597.38 1677.00 1719.86 1842.13 1931.31 1999.21 1986.04 1995.61 2028.14 2068.04 2113.66 2166.39 2200.00 2220.88 2221.43 2178.84 2127.86
2061.94 2036.26 2010.20 1995.16 2015.46 2038.22 2061.16 2071.28 2088.62 2094.90 2086.62 2103.81 2135.28 2142.60 2169.73 2213.22 2274.98 2304.43 2337.55 2311.47 2262.15 2196.14 2144.10 2085.74
2022.45 1984.03 1957.69 1951.99 1958.65 1967.79 1977.79 1980.53 2007.82 2040.87 2127.47 2179.25 2240.48 2270.17 2290.06 2308.28 2312.75 2300.03 2290.81 2271.24 2234.10 2189.11 2187.57 2184.98
2182.87 2181.05 2180.02 2176.26 2194.80 2213.44 2229.63 2298.59 2347.98 2386.27 2414.96 2434.45 2455.52 2416.46 2381.75 2354.15 2326.21 2298.89 2271.88 2277.58 2280.19 2280.56 2289.41 2286.94
2288.61 2225.02 2156.83 2082.85 2043.51 2016.31 2006.54 2080.18 2142.07 2182.17 2165.11 2156.87 2155.73 2147.34 2145.21 2148.88 2191.60 2236.65 2286.36 2304.04 2311.47 2288.87 2288.57 2288.62
2289.65 2198.56 2092.63 1977.59 1957.49 1949.29 1951.06 2074.67 2202.74 2299.72 2320.36 2286.15 2242.52 2289.37 2337.04 2387.75 2397.79 2393.81 2391.08 2333.66 2262.60 2198.46 2157.52 2116.31
2076.96 2013.05 1940.90 1857.42 1656.63 1545.87 1620.07 1620.11 1740.41 1860.00 1970.10 2092.38 2142.53 2170.04 2168.43 2163.10 2196.58 2251.64 2326.03 2204.22 2034.89 1794.15 1841.26 1783.59
1648.69 1689.77 1731.24 1759.17 1718.28 1675.97 1633.46 1625.35 1611.99 1564.94 1573.88 1632.33 1690.99 1775.39 1853.76 1923.64 1906.43 1895.85 1898.41 1927.94 1944.83 1959.70 1875.06 1774.38
1659.27 1652.93 1646.10 1639.85 1671.12 1714.50 1762.35 1775.49 1801.88 1819.68 1882.34 1978.33 2042.19 2099.96 2155.01 2206.63 2232.02 2260.66 2294.28 2234.93 2143.49 2019.31 2037.57 2057.11
2077.52 1987.30 1898.92 1829.65 1695.75 1654.65 1741.20 1660.26 1734.88 1863.71 1608.97 1254.19 1168.81 1522.02 1822.14 2037.16 2074.09 2118.22 2168.37 2111.06 2029.51 1926.38 1950.27 1974.82
1998.77 1955.30 1909.75 1863.81 1833.80 1822.08 1827.62 1852.58 1908.23 1962.44 1988.09 2022.15 2064.23 2084.61 2111.68 2148.55 2241.60 2322.10 2375.46 2362.27 2338.51 2312.77 2310.63 2307.77
2306.18 2279.33 2252.87 2226.34 2169.32 2081.98 1940.34 1886.25 1837.66 1793.94 1522.31 1391.31 1555.37 1271.10 1326.74 1436.29 1513.76 1421.19 1320.00 1475.85 1596.55 1704.79 1783.68 1808.32
1809.34 1814.57 1820.24 1824.47 1785.46 1770.50 1780.04 1730.53 1689.70 1648.33 1639.52 1675.19 1729.30 1852.86 1964.48 2074.43 2146.41 2223.53 2306.69 2288.66 2265.42 2246.07 2341.63 2432.28
2520.64 2513.51 2506.89 2502.13 2473.59 2442.12 2405.76 2401.28 2401.65 2403.43 2301.57 2175.41 2032.18 2044.65 2066.02 2029.40 2100.37 2184.63 2275.65 2184.09 2060.33 1911.38 1858.47 1807.38
1762.76 1779.85 1800.46 1822.90 1766.13 1722.07 1695.57 1766.98 1836.94 1896.89 1891.70 1837.16 1754.48 1862.19 1959.20 2036.04 2009.97 2006.22 2027.25 1995.30 1959.42 1928.89 1918.58 1911.05
1905.96 1776.44 1617.98 1431.65 1442.61 1481.99 1498.44 1662.26 1777.91 1860.27 1841.34 1845.63 1857.77 1904.16 1960.23 2022.98 2041.09 2063.24 2090.09 2069.73 2032.80 1983.54 1952.40 1917.07
1877.37 1890.85 1904.10 1918.13 1904.01 1918.38 1955.09 2007.85 2052.95 2081.50 2014.13 1965.37 1943.83 1960.56 1980.06 2022.38 2045.41 2070.85 2098.63 2082.04 2053.64 2023.11 1972.63 1896.01
1814.04 1772.45 1657.18 1541.63 1445.76 1511.22 1386.33 1287.63 1344.65 1358.00 1467.56 1514.36 1584.18 1647.19 1733.43 1834.26 1962.08 2041.66 2091.13 2071.16 2045.38 2021.21 1954.96 1882.95
1810.81 1771.99 1746.95 1744.92 1745.71 1752.41 1763.00 1738.46 1756.04 1783.69 1654.16 1529.65 1449.02 1512.04 1605.17 1711.53 1850.93 1976.87 2078.15 2076.53 2067.10 2057.20 2004.64 1941.95
1873.58 1829.21 1799.94 1795.90 1796.90 1805.86 1818.50 1804.84 1837.81 1877.91 1846.62 1813.74 1814.32 1847.33 1886.73 1934.97 2028.85 2126.19 2227.97 2288.74 2278.09 2262.05 2243.90 2223.79
2204.51 2173.46 2140.52 2105.38 2063.02 2017.84 1966.44 2070.90 2141.34 2170.70 2129.71 2090.78 2056.51 2102.60 2150.95 2200.17 2260.96 2326.34 2361.80 2365.86 2357.62 2343.29 2338.74 2333.38
2327.74 2305.68 2281.72 2256.68 2258.35 2246.77 2231.85 2222.30 2230.79 2241.27 2140.48 2061.38 2015.17 1910.95 1805.69 1704.73 1650.21 1601.09 1567.28 1476.15 1494.74 1654.11 1735.11 1813.24
1890.30 1841.44 1801.99 1788.10 1806.58 1824.46 1835.69 1784.27 1725.15 1604.91 1672.97 1733.33 1779.11 1853.70 1923.22 1991.66 2046.40 2102.71 2161.24 2148.26 2116.69 2073.62 2066.79 2057.91
2048.70 2070.83 2092.53 2115.13 2130.13 2145.54 2135.56 2197.74 2260.80 2294.30 2313.24 2329.40 2338.39 2352.64 2372.24 2396.45 2398.43 2401.60 2407.97 2409.69 2397.26 2375.48 2387.29 2400.92
2416.59 2378.44 2315.40 2249.44 2144.57 2036.41 1942.75 1843.30 1966.16 2102.30 1929.04 1850.72 1894.87 1784.82 1665.56 1530.82 1291.15 930.71 1348.81 1498.91 1637.27 1849.51 1914.06 1979.12
2021.33 2028.87 2015.24 2001.49 2007.45 2012.53 2016.36 2052.14 2108.28 2150.03 2171.18 2197.01 2218.25 2201.92 2192.29 2189.09 2218.68 2253.06 2288.16 2289.36 2275.85 2252.21 2266.71 2280.73
2295.74 2323.05 2350.68 2379.31 2379.09 2366.20 2349.73 2368.34 2377.27 2362.07 2342.82 2325.72 2305.46 2320.14 2341.04 2367.99 2396.06 2426.44 2460.26 2447.43 2420.78 2385.57 2357.28 2326.25
2292.48 2291.30 2289.85 2289.38 2297.38 2306.76 2309.07 2321.84 2326.77 2318.07 2316.07 2295.41 2271.82 2291.24 2314.85 2344.78 2381.94 2398.59 2417.23 2387.91 2343.62 2289.30 2260.74 2228.76
2195.31 2170.86 2145.24 2120.17 2124.48 2128.52 2124.68 2214.51 2284.57 2329.91 2337.16 2345.82 2346.84 2346.61 2350.89 2360.66 2366.41 2369.97 2377.04 2338.68 2280.92 2205.10 2186.16 2166.92
2150.68 2125.47 2098.54 2069.50 2080.36 2098.45 2114.07 2149.96 2175.99 2184.85 2180.52 2175.03 2166.02 2186.14 2212.39 2243.16 2275.01 2310.03 2349.75 2330.78 2291.62 2235.16 2192.50 2143.58
2089.72 2021.40 1943.00 1852.06 1823.76 1802.95 1783.67 1826.18 1883.68 1928.35 2010.01 2059.82 2076.36 2105.62 2137.87 2171.68 2240.19 2311.85 2380.88 2368.99 2343.09 2305.58 2300.54 2294.65
2289.45 2304.36 2298.55 2292.24 2264.96 2235.31 2199.69 2255.16 2296.93 2319.61 2273.03 2226.72 2177.48 2178.77 2188.53 2207.77 2250.56 2297.82 2349.00 2355.53 2333.30 2305.17 2293.08 2279.72
2265.38 2248.68 2231.27 2212.56 2197.86 2182.97 2132.32 2210.27 2274.87 2316.53 2291.10 2269.23 2249.14 2209.08 2176.03 2151.08 2125.26 2099.92 2077.05 2072.77 2070.34 2061.65 2056.10 2050.36
2044.26 2012.70 1984.48 1962.45 1918.47 1876.35 1832.01 1894.16 1958.26 2004.56 1959.29 1896.78 1803.20 1881.90 1948.09 2015.81 2101.30 2185.85 2252.72 2226.22 2188.12 2143.10 2096.92 2038.65
1963.13 1817.99 1639.48 1433.60 1592.15 1753.55 1859.12 1866.16 1867.06 1847.44 1828.73 1808.63 1792.28 1869.99 1947.24 2033.16 2112.95 2191.37 2257.61 2250.86 2230.98 2200.36 2136.21 2062.11
1974.96 1920.46 1863.31 1807.16 1801.70 1801.64 1799.15 1808.30 1815.41 1812.16 1755.28 1709.07 1643.70 1719.85 1798.46 1873.27 1967.53 2059.77 2147.96 2168.04 2161.87 2126.60 2058.95 1983.46
1900.53 1873.94 1852.56 1838.07 1829.61 1820.42 1803.20 1817.41 1844.31 1861.43 1901.50 1913.35 1918.21 1898.03 1885.82 1880.34 1955.82 2033.12 2105.11 2148.83 2185.04 2173.60 2152.14 2128.40
2104.17 2051.11 1991.31 1925.13 1878.59 1829.53 1770.83 1865.38 1933.18 1967.00 1962.22 1933.04 1891.70 1948.60 2009.21 2074.88 2151.72 2222.09 2288.85 2267.08 2200.08 2110.76 2092.59 2071.52
2048.65 1969.49 1876.92 1767.15 1727.42 1715.82 1730.85 1780.77 1789.22 1803.77 1869.01 1923.48 1980.71 2060.13 2136.23 2217.31 2258.33 2300.62 2307.64 2293.38 2278.52 2272.81 2242.65 2209.68
2174.00 2093.14 2034.85 1955.92 1941.47 1925.66 1899.16 1849.44 1799.64 1737.00 1659.12 1584.54 1501.40 1697.87 1850.35 1974.18 1958.23 1950.13 1951.75 1938.04 1911.95 1879.18 1841.52 1799.95
1753.44 1691.93 1623.95 1546.85 1631.86 1706.99 1765.50 1677.92 1690.53 1730.59 1607.96 1601.27 1625.69 1614.22 1611.50 1620.61 1645.11 1677.59 1722.33 1694.06 1629.79 1615.03 1488.09 1468.94
1606.22 1590.15 1572.26 1414.31 1224.56 1091.27 1272.53 1322.89 1359.77 1412.99 1512.93 1600.72 1666.17 1599.49 1607.61 1681.63 1679.82 1695.21 1729.07 1687.87 1699.24 1803.63 1807.56 1825.45
1861.34 1853.10 1868.87 1908.21 1893.09 1880.60 1865.14 1843.53 1821.67 1787.90 1562.80 1249.22 832.26 780.35 599.10 673.72 1064.04 1302.04 1481.32 1631.16 1774.30 1877.02 1837.78 1804.46
1785.49 1721.39 1647.93 1563.88 1499.88 1482.94 1522.05 1420.94 1381.67 1368.68 1433.36 1486.54 1511.55 1457.33 1411.83 1372.37 1423.71 1476.06 1532.03 1662.16 1845.22 2036.02 2029.67 1946.46
1830.84 1764.91 1724.77 1727.25 1747.41 1794.93 1850.27 2058.95 2208.51 2312.46 2268.84 2228.64 2172.27 2151.28 2135.91 2128.73 2161.88 2197.29 2234.31 2161.08 2064.36 1943.92 1916.98 1889.14
1862.60 1859.38 1855.47 1841.81 1834.24 1814.02 1788.48 1812.05 1838.79 1859.64 1823.41 1789.47 1762.77 1791.72 1825.15 1854.54 1851.64 1853.04 1857.16 1868.29 1867.42 1838.35 1787.07 1703.64
1635.00 1625.26 1618.50 1621.83 1598.75 1578.25 1556.58 1645.42 1714.50 1756.51 1647.03 1536.02 1386.43 1518.01 1634.13 1732.07 1780.73 1833.51 1883.15 1868.99 1849.59 1830.84 1826.39 1820.41
1814.56 1731.65 1638.78 1540.57 1471.20 1419.25 1396.05 1426.80 1470.11 1491.11 1504.31 1532.56 1530.37 1453.62 1385.51 1328.52 1486.85 1633.75 1767.13 1836.41 1895.89 1950.85 1950.55 1967.12
1987.72 1943.68 1894.50 1839.59 1798.39 1755.74 1705.93 1835.09 1925.90 1980.96 1979.37 1969.98 1956.11 1968.34 1985.15 2006.70 2053.24 2103.93 2158.55 2216.97 2269.10 2277.15 2237.39 2192.55
2141.93 2125.26 2109.69 2095.51 2049.80 1998.58 1936.80 2011.39 2063.36 2086.64 2049.53 2017.18 1986.86 1992.59 2003.89 2021.39 2097.84 2176.41 2257.31 2281.77 2299.62 2263.75 2276.07 2289.22
2304.30 2261.47 2214.76 2162.66 2132.37 2100.45 2059.18 2124.84 2156.67 2169.76 2087.60 2011.25 1929.75 1905.33 1892.49 1892.84 1976.65 2058.94 2143.87 2211.96 2278.40 2284.07 2273.77 2261.57
2250.80 2142.80 2039.76 1973.46 2072.59 2164.62 2243.95 2209.68 2175.75 2138.82 2031.83 1919.04 1782.92 1673.31 1560.74 1438.37 1583.10 1667.85 1703.52 1790.33 1868.82 1940.36 1987.80 1987.18
1996.09 1929.62 1852.42 1762.96 1714.38 1690.87 1694.55 1710.38 1786.18 1849.85 1801.51 1758.67 1704.31 1733.87 1769.34 1805.17 1877.89 1951.36 2025.54 2062.53 2093.55 2119.78 2083.43 2018.87
1945.02 1904.44 1858.20 1808.66 1750.14 1700.75 1666.31 1682.05 1723.78 1756.47 1772.61 1790.89 1799.51 1806.76 1824.35 1849.42 1894.93 1943.49 1994.88 2035.56 2068.49 2095.86 2087.79 2071.19
2031.26 2009.86 1957.33 1894.56 1871.38 1852.84 1832.51 1918.14 1992.13 2026.43 2008.47 1991.53 1961.79 1936.40 1923.67 1920.12 1966.04 2014.69 2065.65 2100.96 2130.71 2139.02 2135.63 2133.26
2133.43 2093.30 2050.90 2007.15 1996.04 1964.27 1925.95 2006.66 2080.13 2134.17 2113.06 2087.93 2056.61 2060.71 2068.66 2073.90 2127.22 2182.05 2239.31 2287.05 2295.41 2277.79 2306.02 2328.52
2301.08 2250.03 2203.22 2150.24 2167.80 2184.33 2195.79 2216.00 2240.50 2251.14 2210.72 2172.47 2135.81 2157.09 2182.52 2217.78 2259.42 2304.36 2348.38 2352.60 2349.95 2329.57 2317.02 2301.37
2284.90 2285.17 2285.17 2285.53 2221.07 2138.80 2041.23 2069.64 2101.17 2120.17 2041.60 1966.86 1891.11 1901.15 1916.52 1935.43 1985.97 2034.46 2083.66 2097.24 2107.05 2116.54 2107.95 2102.33
2102.11 2036.32 1962.75 1882.36 1836.41 1784.03 1722.32 1843.90 1922.98 1975.64 2050.59 2126.56 2197.65 2272.24 2349.21 2386.66 2342.60 2297.38 2252.03 2182.48 2085.95 1960.51 1967.42 1976.65
1988.13 1975.09 1961.55 1950.54 1983.41 2015.52 2042.58 2079.94 2118.95 2144.49 2106.19 2074.68 2056.91 2077.48 2103.97 2140.72 2161.66 2184.03 2207.01 2199.78 2183.60 2160.77 2103.02 2038.18
1966.34 1921.87 1874.99 1825.66 1805.89 1791.23 1774.74 1842.90 1929.57 1955.66 1901.28 1862.78 1845.89 1884.11 1940.36 2008.44 2049.84 2094.43 2140.57 2145.84 2141.44 2112.65 2071.27 2022.13
1965.77 1959.05 1952.92 1944.72 1866.14 1779.68 1679.27 1721.50 1760.56 1777.21 1807.01 1833.72 1831.07 1848.42 1881.85 1925.98 1983.79 2043.72 2101.69 2111.44 2110.33 2085.67 2058.14 2027.04
1992.41 1965.40 1939.82 1915.41 1857.82 1796.88 1728.20 1752.80 1827.61 1886.90 1840.91 1800.06 1759.57 1771.23 1801.63 1863.91 1904.92 1946.56 1988.84 1993.14 1993.41 1992.99 2037.54 2073.45
2113.19 2054.34 1988.17 1913.13 1831.64 1745.40 1655.66 1602.31 1653.67 1667.62 1609.48 1556.36 1500.84 1501.65 1538.80 1610.48 1659.43 1711.89 1745.18 1809.17 1869.67 1928.64 1997.94 2068.28
2119.93 2077.54 2026.37 1990.63 1780.18 1660.26 1674.98 1612.28 1559.93 1501.62 1326.62 1116.66 822.42 1059.36 1253.12 1399.70 1537.52 1663.75 1782.18 1857.77 1936.08 2018.85 2077.12 2143.75
2161.58 2091.65 2013.85 1926.17 1861.90 1806.32 1759.73 1817.46 1865.43 1879.70 1846.46 1817.79 1787.50 1838.93 1907.90 1988.16 2056.85 2123.95 2189.81 2232.15 2235.41 2225.73 2189.03 2146.96
2101.50 2058.88 2017.43 1981.23 1904.47 1831.62 1770.24 1803.25 1813.38 1795.22 1772.36 1750.74 1736.07 1830.53 1913.67 2008.01 2136.18 2257.44 2346.06 2294.60 2226.44 2140.41 2101.34 2064.62
2032.82 1971.65 1904.20 1828.65 1840.21 1861.87 1886.86 1942.94 2002.36 2047.33 2036.97 2031.24 2041.65 2114.26 2182.21 2247.84 2200.87 2148.99 2088.94 2128.21 2170.44 2217.41 2172.95 2131.57
2098.58 2056.16 2016.62 1982.19 2048.03 2055.50 2033.39 2007.19 1999.63 1997.28 2017.23 2032.37 2038.35 2064.83 2093.82 2125.07 2171.53 2221.44 2268.94 2253.03 2222.74 2176.06 2174.59 2172.47
2170.88 2161.09 2150.01 2139.30 2125.36 2111.84 2089.39 2120.29 2139.86 2144.42 2151.01 2158.98 2156.37 2165.98 2179.63 2198.52 2227.66 2258.79 2292.36 2251.28 2190.16 2106.94 2081.34 2051.52
2019.70 1974.00 1925.84 1875.46 1805.81 1733.50 1656.71 1629.66 1617.02 1603.10 1723.91 1816.62 1883.32 1940.64 1993.60 2032.97 2079.47 2124.56 2164.18 2116.32 2047.34 1954.48 1971.78 1989.98
2010.29 1973.22 1932.08 1886.80 1778.75 1677.37 1613.13 1528.64 1557.15 1619.64 1654.00 1674.14 1662.73 1654.57 1654.10 1665.02 1774.89 1876.30 1973.38 2006.92 2034.52 2015.55 2013.69 2012.00
2010.93 1977.57 1939.90 1899.93 1851.64 1797.33 1733.36 1782.69 1813.54 1832.48 1827.06 1823.46 1813.26 1768.97 1754.47 1769.83 1843.54 1916.70 1989.79 2056.78 2115.63 2127.43 2122.95 2116.99
2110.28 2097.85 2084.43 2071.05 1981.34 1876.06 1744.00 1761.17 1758.72 1746.57 1695.94 1647.89 1595.15 1622.97 1675.26 1741.01 1831.25 1917.67 2003.10 2047.28 2078.74 2062.90 2055.99 2048.93
2043.65 2014.27 1981.57 1946.78 1878.09 1799.51 1700.70 1748.95 1772.80 1760.02 1662.07 1579.41 1507.26 1586.24 1674.41 1737.53 1797.28 1857.82 1921.33 1909.61 1882.89 1834.12 1821.48 1800.29
1780.17 1711.94 1633.74 1544.57 1442.42 1315.52 1148.56 1142.47 1270.71 1359.25 1417.52 1625.86 1779.33 1749.66 1731.65 1736.89 1799.56 1878.85 1966.16 1909.87 1830.43 1722.26 1687.38 1650.80
1615.59 1594.21 1572.25 1550.36 1559.60 1588.24 1625.91 1711.07 1785.29 1833.39 1731.18 1634.21 1514.33 1457.59 1403.66 1357.81 1401.68 1465.94 1526.11 1514.75 1501.00 1492.27 1518.27 1580.05
1665.58 1709.85 1754.86 1800.50 1757.85 1727.43 1712.64 1693.34 1674.69 1644.54 1528.90 1464.03 1451.32 1482.82 1517.09 1554.51 1526.61 1502.27 1488.05 1443.62 1408.54 1422.61 1516.35 1627.41
1739.30 1732.89 1729.46 1729.68 1706.91 1713.70 1748.39 1631.27 1507.55 1360.14 1235.51 1106.46 958.93 959.02 1083.48 1224.73 1373.64 1469.68 1550.65 1613.59 1668.62 1718.06 1774.59 1853.68
1944.94 1908.57 1872.50 1836.32 1793.24 1737.59 1671.51 1741.78 1753.70 1763.99 1728.02 1705.70 1688.98 1748.47 1808.24 1861.96 1944.49 2027.39 2109.76 2130.48 2141.97 2146.98 2156.38 2142.21
2126.24 2091.34 2052.22 2009.96 1944.93 1878.04 1810.18 1916.32 2010.30 2068.97 2041.84 2017.36 1990.69 1998.56 2009.26 2024.84 2090.86 2158.01 2225.56 2259.40 2278.73 2265.62 2225.78 2180.35
2129.08 2083.23 2032.79 1977.48 1925.93 1871.49 1810.98 1937.04 2031.60 2090.55 2087.59 2081.60 2076.65 2101.79 2126.41 2160.12 2233.72 2307.87 2374.44 2354.43 2321.17 2275.92 2208.18 2130.46
2041.76 2047.10 2052.06 2058.63 1991.82 1916.47 1824.74 1938.56 2025.31 2066.44 2054.12 2043.63 2027.07 2044.03 2061.34 2082.35 2129.11 2177.77 2229.48 2254.71 2260.14 2237.97 2204.18 2165.54
2122.48 2080.62 2035.53 1987.00 1948.25 1906.13 1854.26 1916.02 1964.97 1985.20 1984.21 1983.74 1977.54 2001.06 2022.23 2049.93 2137.66 2224.60 2312.41 2328.69 2313.25 2284.00 2244.38 2201.51
2157.33 2092.18 2020.95 1944.62 1924.40 1917.80 1922.96 1947.02 1992.05 2028.42 2019.25 2007.33 1994.92 1998.83 2004.56 2019.48 2089.38 2160.15 2231.45 2253.33 2267.38 2250.00 2228.64 2204.31
2176.64 2111.68 2037.46 1953.41 1889.65 1844.22 1831.47 1866.29 1917.30 1949.93 1868.77 1796.28 1723.03 1784.91 1846.07 1913.98 1984.09 2053.67 2124.23 2186.62 2227.63 2213.56 2174.27 2128.34
2076.07 2006.94 1928.17 1839.18 1782.17 1758.49 1779.13 1718.29 1709.18 1718.30 1687.80 1640.18 1548.94 1553.80 1586.23 1639.05 1702.65 1773.18 1849.97 1929.49 2017.87 2109.98 2074.94 2029.41
1984.83 1904.96 1814.78 1716.37 1527.72 1244.65 1087.79 1135.70 1214.01 1272.10 1463.17 1610.82 1720.13 1697.49 1691.00 1689.01 1687.95 1717.88 1778.19 1743.90 1696.43 1638.32 1642.01 1645.59
1649.69 1680.21 1724.12 1779.70 1834.45 1890.02 1946.16 1988.95 2029.73 2061.28 2020.89 1987.69 1928.08 1900.24 1877.91 1860.37 1873.79 1896.00 1925.87 1899.78 1879.62 1888.90 1848.59 1802.33
1749.15 1697.26 1676.13 1700.03 1709.12 1720.92 1729.77 1763.36 1796.76 1813.62 1815.21 1808.39 1785.70 1764.15 1749.82 1742.68 1773.37 1816.54 1865.43 1864.56 1880.16 1927.50 1862.52 1785.68
1690.92 1624.32 1579.42 1580.72 1563.52 1561.35 1575.17 1567.28 1574.46 1575.05 1470.57 1384.46 1314.66 1337.29 1325.51 1334.18 1440.18 1543.90 1646.92 1726.45 1803.45 1881.73 1876.45 1879.92
1892.73 1869.17 1845.00 1818.06 1744.40 1683.05 1650.24 1690.72 1748.89 1795.06 1812.95 1830.75 1814.98 1897.77 1975.45 2058.33 2115.98 2174.49 2234.40 2243.53 2219.20 2189.69 2159.75 2126.59
2092.53 2054.60 2013.82 1969.84 1930.26 1891.17 1850.91 1928.07 2001.55 2049.96 2024.04 2003.64 1990.97 2027.43 2067.04 2109.74 2157.16 2207.64 2259.99 2284.45 2287.93 2272.13 2238.06 2198.78
2155.54 2129.11 2099.61 2068.02 2034.73 1998.97 1957.70 2004.70 2042.77 2068.95 2063.00 2056.44 2035.35 2033.75 2040.02 2054.45 2106.46 2160.53 2216.58 2234.95 2229.71 2219.67 2163.57 2099.01
2025.26 1997.10 1966.61 1935.25 1883.51 1831.57 1778.52 1859.32 1931.31 1956.61 1830.25 1701.27 1562.96 1559.10 1569.19 1596.63 1715.15 1823.38 1928.09 1988.94 2041.28 2089.07 2072.65 2061.15
2019.96 1970.99 1904.50 1814.48 1825.12 1817.55 1824.72 1790.75 1799.81 1776.41 1732.59 1692.99 1649.45 1637.12 1634.88 1643.78 1692.43 1743.33 1800.02 1854.88 1898.56 1940.39 2011.51 2086.11
2100.77 2038.75 1968.83 1892.74 1764.70 1632.14 1554.23 1510.51 1495.94 1485.83 1467.93 1421.64 1371.17 1469.28 1600.02 1723.46 1803.71 1885.30 1968.49 2001.39 2035.95 2078.47 2075.36 2027.35
1949.98 1874.81 1795.79 1721.80 1716.85 1734.28 1768.62 1689.17 1614.00 1530.91 1489.02 1408.20 1318.19 1374.04 1428.08 1476.00 1550.16 1624.97 1703.38 1748.00 1798.90 1863.38 1931.98 2011.46
2033.37 1949.10 1847.97 1725.71 1668.89 1633.35 1634.60 1556.74 1488.30 1421.61 1429.63 1462.21 1486.04 1589.17 1683.22 1766.42 1819.61 1875.85 1934.95 1965.28 1999.28 2045.01 2068.36 2080.92
2045.05 1976.59 1897.03 1802.85 1751.05 1704.06 1667.04 1657.48 1670.44 1674.16 1596.22 1527.51 1442.64 1465.58 1469.79 1480.88 1602.05 1713.45 1808.83 1885.96 1951.73 2014.01 2073.89 2147.75
2164.11 2100.89 2031.12 1955.77 1855.34 1738.79 1602.71 1518.04 1415.95 1311.71 1370.85 1434.95 1487.61 1544.93 1607.55 1681.32 1798.28 1916.92 2034.15 2113.03 2183.11 2193.83 2145.12 2089.43
2027.21 1932.92 1824.32 1701.01 1617.48 1556.65 1551.05 1546.63 1604.64 1643.31 1644.82 1647.68 1646.17 1699.66 1755.52 1813.93 1890.24 1973.54 2063.15 2142.43 2195.48 2212.61 2191.69 2167.33
2140.48 2079.25 2010.25 1932.40 1851.67 1787.36 1762.94 1835.84 1915.08 1946.12 1891.84 1845.33 1802.75 1842.85 1883.26 1928.14 2007.05 2084.84 2163.98 2180.54 2191.41 2194.96 2179.40 2161.46
2143.46 2097.68 2046.64 1991.21 1960.48 1938.96 1927.59 1939.10 1973.29 1976.94 1942.84 1915.37 1888.47 1897.82 1914.09 1926.85 1971.96 2020.48 2074.24 2141.80 2204.74 2264.63 2257.15 2251.74
2250.26 2166.14 2069.06 1958.07 1947.72 1944.31 1946.86 2012.65 2070.04 2105.83 2093.26 2067.89 2046.94 2046.31 2050.13 2056.64 2105.29 2156.60 2210.95 2224.45 2211.08 2191.16 2172.57 2150.60
2126.29 2085.54 2040.28 1988.71 1940.16 1898.54 1868.22 1904.19 1935.56 1949.08 1893.22 1867.38 1859.41 1860.50 1874.81 1896.17 1939.42 1987.50 2040.18 2093.63 2137.96 2182.73 2135.82 2080.33
2019.30 1953.30 1877.27 1790.21 1745.58 1726.58 1738.22 1693.07 1729.53 1771.00 1740.15 1712.21 1682.13 1695.45 1719.85 1746.86 1846.95 1944.24 2041.10 2106.84 2162.51 2189.85 2163.54 2133.23
2099.02 2041.01 1974.71 1899.39 1850.55 1803.34 1758.75 1840.49 1910.99 1960.20 1923.20 1890.39 1856.61 1820.15 1800.08 1796.30 1897.05 1995.44 2093.74 2142.01 2181.13 2173.90 2150.32 2122.66
2091.82 2019.34 1936.90 1841.11 1805.60 1777.58 1759.12 1750.62 1757.38 1777.45 1725.57 1677.45 1627.01 1655.42 1701.26 1752.13 1850.44 1946.28 2042.50 2100.81 2150.74 2170.67 2082.71 1974.76
1837.87 1801.55 1764.19 1728.84 1736.68 1748.49 1762.41 1673.36 1607.67 1504.41 1481.75 1490.99 1507.85 1574.88 1639.15 1697.22 1706.82 1720.78 1738.05 1735.34 1719.23 1702.58 1815.27 1934.99
2038.22 1944.17 1828.17 1679.52 1660.37 1669.62 1703.99 1646.65 1585.02 1510.66 1514.96 1519.30 1525.49 1499.62 1477.56 1455.04 1511.79 1571.50 1634.62 1738.59 1793.54 1847.30 1926.79 2016.27
2068.78 1999.30 1918.18 1824.27 1755.19 1702.01 1681.50 1639.13 1622.81 1606.02 1643.76 1674.85 1693.09 1694.92 1699.96 1708.63 1764.13 1822.64 1886.14 1969.39 2042.39 2113.81 2152.46 2169.25
2143.35 2082.24 2012.86 1934.54 1868.86 1798.52 1723.97 1758.09 1783.06 1803.07 1800.21 1797.81 1791.14 1790.27 1792.87 1797.40 1889.25 1986.08 2085.81 2143.47 2190.92 2238.56 2240.29 2223.13
2206.17 2149.14 2084.61 2012.27 1950.10 1879.02 1797.39 1937.31 2039.05 2087.25 2051.16 2017.31 1982.23 1993.72 2005.06 2017.53 2065.24 2117.53 2177.21 2214.72 2243.28 2232.34 2207.05 2177.29
2145.53 2071.14 1984.95 1884.12 1816.90 1741.11 1654.81 1755.95 1845.18 1907.28 1907.03 1893.95 1880.74 1930.10 1977.85 2027.82 2094.47 2161.78 2232.58 2246.05 2225.62 2199.82 2146.61 2088.63
2026.55 1930.78 1816.94 1678.27 1673.44 1700.25 1755.10 1810.95 1888.41 1946.66 1941.62 1938.78 1927.59 1928.64 1937.11 1949.94 2027.16 2105.52 2182.62 2175.86 2155.13 2130.77 2067.47 1992.62
1904.12 1860.57 1813.19 1762.91 1732.48 1709.60 1696.47 1696.92 1730.62 1763.13 1734.16 1708.66 1687.72 1778.98 1864.73 1950.91 2039.11 2125.51 2211.21 2201.42 2179.83 2156.62 2122.05 2082.45
2038.84 1956.41 1859.22 1741.12 1688.72 1704.21 1782.02 1683.94 1664.05 1696.58 1741.26 1784.84 1823.63 1847.98 1876.87 1910.93 2038.15 2148.86 2235.15 2212.46 2176.48 2136.95 2053.82 1955.60
1839.48 1803.49 1767.40 1735.75 1716.55 1709.50 1714.53 1720.51 1745.38 1767.00 1735.23 1700.07 1664.24 1754.52 1834.25 1925.21 1999.43 2075.72 2155.67 2146.42 2108.56 2064.34 1999.32 1923.18
1834.53 1785.05 1733.98 1681.67 1689.93 1712.02 1743.73 1766.98 1827.36 1876.56 1816.66 1735.27 1674.04 1716.86 1762.63 1816.22 1865.31 1914.49 1966.71 1994.28 2011.79 2018.79 1990.15 1958.49
1924.65 1910.55 1896.48 1883.52 1877.29 1872.56 1867.44 1845.71 1809.99 1763.13 1702.51 1647.12 1590.82 1677.55 1760.31 1842.12 1900.36 1961.54 2027.32 2076.95 2081.00 2067.65 2037.44 2006.52
1975.83 1958.69 1934.86 1907.18 1943.76 1964.66 1981.28 2022.08 2046.11 2068.84 2034.71 2003.04 1962.44 1937.96 1920.16 1904.55 1945.03 1989.19 2039.05 2071.80 2096.12 2125.15 2149.55 2171.61
2171.29 2127.55 2079.44 2026.03 2001.76 1976.73 1937.98 1969.61 1989.88 1997.09 1971.96 1953.86 1936.00 1961.06 1988.55 2017.47 2055.73 2097.54 2141.68 2165.44 2140.79 2111.17 2045.28 1966.76
1872.94 1846.11 1835.08 1845.98 1815.40 1787.42 1761.28 1765.81 1762.14 1746.85 1657.87 1589.14 1511.48 1587.46 1654.58 1718.57 1805.06 1889.71 1976.99 2013.30 2026.13 2042.54 2012.70 1979.97
1945.05 1875.51 1796.96 1712.79 1692.12 1679.13 1673.80 1669.04 1661.99 1641.55 1625.52 1613.70 1598.87 1657.42 1709.67 1759.22 1826.20 1896.33 1970.72 2008.44 2034.79 2062.89 2065.53 2036.08
2002.96 1917.17 1814.79 1689.73 1670.80 1697.93 1762.54 1754.38 1779.72 1793.57 1739.74 1693.97 1648.72 1653.22 1675.06 1711.75 1786.47 1860.41 1934.60 2007.27 2068.79 2132.14 2133.09 2111.68
2086.79 2016.58 1935.28 1841.69 1792.14 1740.11 1686.38 1695.21 1708.16 1712.77 1619.94 1535.77 1463.66 1571.51 1689.09 1816.78 1881.21 1949.50 2020.50 2030.66 2024.31 2010.00 1957.08 1898.90
1837.22 1790.48 1739.36 1681.51 1563.71 1469.10 1468.26 1430.28 1409.52 1404.69 1320.29 1267.54 1219.65 1345.74 1477.78 1596.59 1664.66 1731.42 1801.06 1794.92 1779.03 1766.14 1786.30 1780.51
1778.50 1697.39 1606.42 1517.35 1503.66 1599.04 1733.07 1702.61 1638.83 1536.57 1590.83 1633.16 1666.88 1699.10 1741.55 1796.16 1876.47 1956.31 2040.13 1980.44 1890.11 1816.91 1755.18 1682.83
1598.33 1540.09 1483.79 1444.20 1389.80 1445.90 1563.03 1572.65 1460.05 1324.05 1514.37 1644.67 1744.16 1837.87 1921.04 2003.69 2033.19 2064.60 2102.50 2099.63 2086.87 2076.82 2071.37 2050.19
2008.22 1932.11 1854.50 1782.48 1785.84 1797.92 1815.77 1946.01 2043.92 2120.80 2122.54 2127.43 2145.94 2164.34 2188.65 2217.28 2187.28 2166.20 2159.19 2148.39 2132.48 2119.15 2009.86 1877.78
1715.77 1723.71 1738.19 1712.45 1748.00 1746.94 1700.36 1798.11 1887.39 1951.81 1880.47 1821.30 1772.46 1849.98 1924.10 1992.72 1957.98 1920.70 1881.68 1820.79 1748.28 1679.55 1662.70 1650.36
1643.53 1542.90 1445.96 1387.07 1289.95 1197.62 1179.23 1201.61 1224.68 1246.05 1164.23 1165.86 1219.79 1235.61 1442.62 1625.05 1693.97 1765.38 1838.75 1805.72 1757.82 1704.09 1697.29 1693.18
1692.73 1668.80 1645.08 1609.58 1546.88 1452.34 1336.35 1320.65 1330.78 1350.31 1426.75 1489.49 1546.61 1718.04 1837.48 1942.40 2023.37 2103.10 2181.99 2181.05 2162.58 2142.19 2119.16 2094.01
2067.18 1994.19 1909.87 1816.46 1781.62 1763.83 1768.08 1789.33 1857.35 1927.64 1963.98 1992.24 2020.35 2086.69 2157.31 2224.60 2246.47 2270.08 2297.78 2255.46 2195.44 2126.24 2094.58 2060.45
2022.79 1994.92 1966.60 1937.31 1867.38 1806.96 1768.18 1779.21 1822.18 1870.33 1963.08 2036.39 2093.37 2164.02 2232.24 2306.34 2331.51 2354.95 2380.71 2323.80 2250.45 2167.48 2134.26 2099.31
2059.92 2003.98 1942.46 1876.15 1851.92 1831.39 1813.04 1893.35 1956.91 2004.62 2005.61 2007.35 2029.26 2110.54 2162.54 2209.03 2252.19 2271.91 2280.54 2273.86 2259.22 2244.06 2176.55 2101.66
2017.70 1945.98 1864.34 1771.91 1716.23 1677.88 1668.68 1754.83 1873.41 1969.92 1982.28 1994.50 2018.47 2081.87 2144.35 2197.00 2194.35 2191.00 2190.26 2157.11 2111.84 2062.47 2011.98 1955.32
1893.32 1856.74 1817.15 1773.67 1725.07 1688.08 1671.68 1659.81 1642.14 1621.20 1714.19 1788.75 1840.39 1893.26 1942.38 1985.49 2059.95 2128.90 2199.42 2178.18 2147.25 2116.30 2029.54 1927.02
1808.15 1747.45 1679.14 1602.03 1590.99 1622.97 1685.67 1724.31 1749.46 1764.19 1785.81 1752.36 1733.96 1753.03 1782.55 1824.07 1923.91 2018.52 2112.12 2030.06 1925.95 1805.30 1728.47 1635.67
1520.49 1384.87 1207.43 1114.52 1326.53 1500.69 1635.78 1623.02 1615.14 1554.74 1541.98 1596.37 1682.93 1649.64 1623.16 1605.93 1678.72 1749.67 1819.95 1795.20 1773.83 1768.12 1772.89 1779.58
1735.53 1667.30 1590.20 1511.08 1506.24 1575.57 1681.76 1680.51 1673.34 1644.66 1672.12 1695.27 1732.99 1796.61 1862.84 1924.75 1915.46 1907.21 1901.39 1876.81 1839.50 1809.29 1757.83 1712.26
1661.02 1571.63 1464.29 1327.12 1080.54 1086.13 1341.82 1457.84 1537.05 1544.77 1354.44 1372.88 1525.39 1623.29 1709.57 1799.57 1798.54 1808.32 1830.53 1810.31 1758.96 1713.51 1702.57 1690.68
1678.86 1644.86 1614.59 1589.33 1578.73 1576.01 1583.77 1649.69 1695.92 1727.44 1613.15 1491.56 1369.94 1297.28 1229.37 1193.70 1317.46 1446.88 1570.77 1645.09 1710.76 1776.93 1751.44 1729.79
1715.96 1714.33 1712.09 1711.70 1681.56 1649.44 1614.66 1715.78 1748.07 1763.51 1732.34 1702.66 1676.60 1673.68 1676.07 1690.20 1735.65 1784.83 1842.79 1893.75 1939.77 1989.54 2020.55 2052.31
2086.00 2027.69 1961.64 1886.85 1851.35 1817.51 1762.87 1786.51 1793.24 1793.60 1737.76 1687.20 1643.08 1748.21 1845.09 1940.97 2014.56 2086.82 2160.05 2214.20 2266.49 2277.72 2263.06 2246.23
2228.59 2192.30 2152.99 2111.92 2109.96 2107.63 2104.51 2146.98 2172.08 2188.14 2219.00 2232.12 2246.03 2265.45 2284.30 2295.83 2328.22 2362.12 2398.98 2361.79 2313.71 2258.90 2208.99 2152.64
2089.31 2057.60 2022.74 1983.83 1962.56 1941.68 1920.06 2030.30 2110.08 2156.66 2173.80 2167.36 2174.09 2191.93 2212.07 2231.44 2270.09 2308.53 2349.53 2318.85 2279.76 2238.06 2167.63 2087.32
1993.47 1938.59 1876.52 1805.11 1766.56 1728.68 1691.45 1679.37 1661.37 1639.22 1781.59 1891.03 1950.02 2017.55 2081.69 2137.92 2158.30 2181.72 2209.16 2177.32 2136.13 2093.13 2027.26 1951.87
1867.66 1835.77 1802.42 1767.13 1636.55 1514.05 1485.71 1456.12 1460.20 1477.98 1560.55 1638.25 1690.63 1740.55 1787.74 1845.29 1901.69 1960.58 2022.91 2071.66 2113.56 2118.75 2044.63 1955.22
1848.67 1818.93 1787.28 1757.12 1678.95 1608.83 1565.30 1626.90 1699.73 1762.62 1799.81 1833.48 1861.04 1940.67 1997.10 2063.19 2117.79 2176.86 2239.37 2192.35 2133.98 2067.45 1986.68 1890.35
1774.76 1764.30 1752.99 1742.88 1716.90 1705.83 1713.81 1678.69 1655.84 1641.36 1648.32 1659.77 1674.76 1748.20 1790.59 1851.58 1912.72 1974.60 2038.87 2089.95 2137.31 2171.34 2125.79 2074.06
2015.85 1922.62 1812.79 1682.02 1662.83 1665.48 1692.12 1675.02 1668.45 1663.68 1693.69 1718.86 1750.04 1820.27 1883.99 1957.53 2003.45 2051.48 2102.58 2116.85 2092.64 2068.24 1985.06 1884.92
1765.19 1745.55 1732.21 1728.68 1732.99 1745.03 1762.60 1722.67 1702.40 1692.20 1690.88 1683.47 1679.52 1771.84 1855.56 1940.74 2013.25 2087.08 2165.49 2208.88 2227.66 2208.54 2207.17 2205.96
2205.35 2136.67 2058.79 1971.47 1902.64 1835.23 1778.87 1933.99 2038.45 2094.14 2083.98 2072.41 2070.21 2133.72 2197.00 2251.28 2254.60 2257.27 2260.78 2248.11 2229.91 2210.85 2181.79 2151.39
2117.37 2090.95 2063.10 2034.24 2013.12 1995.77 1968.70 1986.56 1997.05 2002.92 2015.64 2028.98 2052.41 2089.70 2124.88 2158.62 2192.43 2227.21 2264.34 2266.29 2259.56 2252.52 2210.72 2164.01
2113.07 2069.40 2020.97 1965.89 1949.15 1936.15 1926.53 1977.46 2022.48 2060.22 2071.31 2082.93 2085.64 2120.29 2159.48 2198.65 2215.76 2233.71 2253.21 2264.96 2240.27 2210.80 2163.14 2111.39
2055.79 1982.41 1899.82 1806.96 1774.46 1746.29 1720.46 1794.34 1857.40 1911.33 1955.15 1998.97 2028.93 2046.34 2068.42 2088.29 2162.77 2229.03 2297.08 2302.03 2299.52 2300.65 2253.16 2202.59
2149.57 2053.24 1942.57 1815.34 1778.96 1743.99 1712.17 1753.65 1773.44 1782.80 1835.40 1887.50 1931.87 1979.48 2022.34 2071.72 2120.20 2170.68 2216.76 2166.74 2105.25 2036.02 1960.81 1872.65
1766.77 1705.39 1655.60 1620.60 1667.52 1710.73 1750.00 1799.96 1848.87 1889.22 1854.64 1834.30 1822.80 1842.95 1861.75 1900.52 1993.55 2086.73 2153.25 2074.16 1976.21 1855.49 1813.62 1765.30
1710.26 1661.91 1624.55 1606.54 1637.78 1678.98 1724.99 1745.55 1757.15 1757.34 1749.38 1744.66 1748.64 1765.04 1802.32 1832.90 1895.01 1961.49 2035.57 2004.50 1969.57 1934.30 1889.43 1837.35
1780.23 1695.65 1592.00 1462.38 1366.66 1341.28 1417.08 1319.56 1200.22 1056.88 1218.62 1414.00 1539.30 1551.80 1560.62 1544.84 1584.91 1650.50 1740.35 1771.46 1803.06 1835.30 1869.81 1904.62
1905.07 1868.53 1827.49 1783.04 1658.31 1520.72 1427.52 1386.07 1334.85 1268.76 1376.42 1463.83 1462.36 1500.04 1542.96 1593.68 1632.15 1672.63 1724.39 1773.60 1832.70 1902.78 1897.75 1850.50
1796.44 1679.08 1543.66 1418.80 1466.77 1545.12 1632.13 1724.37 1795.56 1841.87 1957.69 2059.66 2101.91 2102.60 2107.32 2118.25 2139.31 2161.04 2182.64 2129.38 2061.52 1976.58 1967.88 1957.03
1945.63 1937.77 1928.38 1919.04 1925.91 1937.03 1952.15 1982.70 2007.85 2024.79 1825.03 1547.23 1120.09 1104.86 1097.97 1103.26 1335.12 1507.25 1674.90 1740.58 1804.98 1870.07 1863.26 1857.45
1853.87 1838.22 1821.44 1804.53 1784.77 1765.34 1743.80 1838.83 1915.67 1969.01 2080.20 2173.82 2247.18 2225.16 2201.61 2185.19 2217.97 2254.65 2296.71 2316.23 2313.18 2309.93 2285.92 2260.06
2234.14 2236.60 2240.18 2243.61 2193.79 2140.28 2081.77 2136.36 2164.92 2179.71 2150.34 2129.42 2107.42 2091.42 2077.84 2072.01 2110.83 2157.03 2216.05 2253.50 2292.90 2311.52 2267.52 2219.46
2167.44 2125.39 2080.14 2030.40 1945.63 1863.51 1794.38 1919.80 2111.02 2268.92 2414.67 2554.53 2646.05 2633.80 2621.57 2608.90 2607.04 2606.00 2611.91 2577.76 2542.23 2504.78 2443.58 2378.03
2308.29 2293.64 2282.48 2275.02 2260.62 2245.21 2229.21 2227.61 2221.87 2216.16 2146.37 2079.41 2015.68 1946.93 1880.34 1808.19 1848.75 1888.48 1922.48 1870.45 1816.21 1759.30 1706.88 1653.81
1600.86 1651.66 1735.51 1815.55 1740.47 1639.26 1520.92 1446.68 1478.87 1566.23 1608.10 1647.60 1683.96 1707.61 1745.35 1789.40 1807.74 1829.60 1857.81 1830.81 1802.77 1776.99 1735.72 1697.46
1663.23 1637.44 1610.00 1580.99 1474.51 1424.35 1475.16 1118.29 1245.96 1501.68 1489.20 1481.34 1464.05 1590.75 1690.77 1768.86 1837.04 1913.27 1983.73 1967.66 1953.72 1945.88 1922.68 1897.88
1874.24 1875.55 1880.79 1889.93 1878.70 1862.14 1844.20 1830.47 1801.58 1768.49 1757.43 1770.51 1787.36 1651.74 1497.01 1326.60 1205.54 1161.57 1306.75 1515.64 1681.94 1824.10 1837.64 1859.07
1888.66 1829.59 1763.65 1678.67 1505.31 1536.06 1726.60 2059.19 2286.99 2472.17 2375.82 2267.88 2162.02 2159.03 2156.26 2150.03 2079.12 2000.98 1920.62 1895.15 1845.04 1755.89 1821.74 1883.94
1908.20 1871.56 1846.19 1838.22 1805.26 1765.88 1723.45 1851.55 1947.20 2024.79 2006.62 1993.92 1970.08 1957.40 1965.78 1992.05 1961.07 1925.06 1885.32 1895.10 1906.11 1914.62 1846.57 1772.14
1691.07 1623.08 1570.56 1547.15 1598.18 1664.40 1736.63 1654.17 1554.99 1436.35 1561.97 1706.82 1824.72 1882.14 1940.75 2004.72 1989.74 1974.24 1939.85 1900.36 1861.36 1822.32 1846.88 1827.18
1806.93 1769.76 1728.98 1688.76 1553.22 1401.32 1315.39 1160.67 1017.36 1011.79 1342.78 1543.57 1667.02 1591.22 1515.01 1439.72 1481.94 1523.00 1568.06 1406.55 1150.54 1088.70 1386.22 1592.62
1753.31 1815.85 1869.35 1888.26 1821.14 1758.29 1707.60 1730.64 1677.27 1596.19 1667.17 1776.94 1871.04 1917.56 1966.69 2021.40 2039.06 2057.43 2079.60 2107.45 2140.24 2179.35 2153.31 2125.90
2094.79 2067.40 2032.05 1996.58 1857.79 1690.64 1490.86 1403.38 1427.75 1390.44 1380.23 1707.66 1926.85 1977.09 2003.49 1976.90 1950.00 1921.18 1901.97 1987.53 2088.69 2142.59 2144.63 2146.02
2148.75 2124.47 2099.20 2073.95 2076.79 2079.87 2082.13 2138.87 2177.57 2202.23 2143.15 2087.14 2032.18 2011.93 2002.55 2004.93 2021.75 2036.54 2054.37 2115.27 2141.93 2171.62 2134.15 2091.93
2045.24 1968.73 1893.79 1831.61 1810.22 1791.96 1772.67 1736.16 1690.25 1636.89 1810.04 1975.96 2098.44 2116.04 2129.71 2147.94 2170.27 2193.99 2217.59 2247.05 2257.36 2234.01 2159.64 2076.79
1983.86 1978.54 1975.35 1973.97 1993.63 2013.50 2033.07 2068.72 2064.89 2035.97 2015.65 2011.52 2024.68 2058.28 2085.46 2119.50 2178.57 2242.21 2313.42 2233.23 2147.98 2059.54 1890.36 2022.39
2290.54 2392.59 2512.42 2579.71 2554.95 2531.29 2474.03 2576.00 2662.33 2737.21 2696.27 2661.99 2608.89 2593.53 2581.72 2575.75 2525.16 2466.94 2401.85 2366.18 2327.63 2289.89 2251.62 2210.12
2166.82 2125.33 2117.53 2134.74 2175.07 2214.88 2254.31 2311.97 2347.10 2365.01 2283.72 2208.73 2130.41 2058.10 1988.24 1925.40 1766.16 1600.26 1453.45 1283.15 1396.64 1609.04 1589.82 1567.54
1546.07 1603.98 1668.43 1736.44 1680.84 1622.09 1559.76 1622.26 1656.15 1673.62 1639.05 1703.67 1804.72 1862.06 1905.61 1958.67 2000.18 2044.48 2090.88 2083.44 2075.07 2065.71 2046.74 2026.41
2005.75 1930.68 1898.01 1928.27 1886.61 1842.72 1795.36 1789.92 1783.96 1777.69 1801.61 1908.58 1972.04 1979.74 1991.04 2010.37 1996.84 1983.89 1966.85 2055.84 2145.74 2231.13 2152.14 2065.45
1973.77 1949.25 1924.06 1899.32 1958.38 2065.26 2189.37 2172.17 2153.55 2137.48 2145.66 2152.18 2146.79 2175.10 2204.33 2230.13 2244.80 2262.07 2281.76 2256.47 2230.81 2205.44 2174.60 2145.85
2122.73 2070.96 2015.38 1953.94 1917.63 1884.22 1855.53 1858.43 1851.36 1844.90 1873.90 1938.23 2018.53 2098.46 2174.34 2250.69 2306.85 2361.20 2416.73 2467.50 2523.10 2571.32 2658.16 2717.11
2776.07 2712.97 2645.47 2572.46 2554.92 2535.77 2517.73 2518.11 2512.99 2508.55 2407.19 2304.87 2193.17 2192.75 2204.96 2229.14 2196.24 2171.48 2137.50 2069.31 1993.39 1910.13 1807.90 1696.74
1605.36 1611.18 1623.94 1639.05 1644.04 1653.62 1663.46 1674.22 1668.23 1654.14 1616.91 1696.65 1804.06 1835.10 1872.79 1911.10 1934.16 1957.93 1980.47 1902.98 1843.39 1821.08 1841.31 1869.22
1901.39 1907.85 1921.90 1946.11 1944.99 1951.70 1967.00 1987.15 1936.45 1840.46 1937.36 2024.57 2101.65 2096.68 2098.41 2106.26 2105.84 2102.22 2062.13 2003.50 1937.56 1863.71 1846.27 1830.49
1816.53 1805.34 1797.44 1797.48 1805.26 1819.81 1837.60 1802.17 1759.73 1719.01 1660.18 1749.76 1869.29 1903.97 1952.40 2007.78 1999.14 1988.62 1974.65 1985.71 1998.44 2013.09 1961.65 1906.75
1848.24 1816.27 1788.36 1764.42 1753.60 1743.89 1737.03 1799.50 1847.01 1884.28 1880.44 1915.05 1963.31 1925.72 1898.29 1880.12 1895.13 1910.54 1917.43 1932.90 1957.71 1995.78 1988.97 1981.05
1958.41 1901.45 1838.64 1769.50 1774.48 1816.72 1884.37 1855.97 1817.84 1778.22 1800.61 1800.39 1779.32 1859.18 1934.23 2007.80 1988.06 1966.95 1942.23 1994.12 2010.77 2030.00 1968.97 1898.50
1819.13 1827.53 1841.72 1860.99 1833.76 1810.23 1788.61 1757.92 1726.35 1696.37 1889.55 2040.73 2153.16 2185.33 2220.68 2258.58 2249.96 2240.53 2230.01 2189.75 2145.59 2100.25 2090.30 2079.45
2064.44 1983.23 1894.59 1794.16 1856.12 1914.27 1968.56 1937.96 1904.28 1869.41 1854.93 1864.81 1881.45 1894.06 1976.02 2102.35 2180.21 2271.71 2370.03 2399.14 2441.61 2495.76 2520.83 2547.26
2572.76 2508.16 2442.86 2378.69 2353.24 2328.46 2304.28 2256.38 2206.26 2155.72 2141.22 2126.64 2106.68 2059.66 2011.59 1960.64 1930.76 1934.84 1971.95 1895.56 1820.63 1758.62 1691.47 1661.24
1682.06 1586.15 1552.61 1620.74 1657.51 1694.41 1730.01 1704.38 1669.98 1630.60 1371.50 1153.92 1267.87 1328.44 1577.51 1768.64 1756.87 1743.86 1729.76 1799.23 1865.81 1929.33 1838.60 1732.86
1604.79 1576.62 1572.05 1587.57 1531.72 1475.65 1424.63 1469.66 1505.82 1537.35 1691.48 1836.96 1954.41 1992.47 2031.28 2068.81 2087.77 2104.20 2075.23 2115.58 2120.87 2117.55 2056.71 1990.78
1918.58 1875.69 1831.32 1786.83 1800.92 1819.83 1845.12 1821.54 1787.64 1754.38 1617.24 1656.27 1778.38 1468.17 1306.89 1035.27 1598.18 1969.17 2234.59 2508.03 2764.42 2912.31 2902.99 2889.79
2869.13 2835.63 2800.99 2765.76 2774.13 2782.70 2791.46 2760.68 2726.06 2689.78 2639.11 2589.86 2538.26 2477.26 2415.59 2350.48 2299.31 2263.36 2246.95 2161.35 2054.93 1931.54 1812.95 1669.31
1488.81 1648.48 1763.18 1755.19 1675.26 1583.93 1476.46 1625.75 1741.78 1742.53 1604.62 1671.12 1844.05 1827.28 1784.77 1660.40 1768.47 1761.84 1823.03 1602.10 1322.75 1476.57 1540.84 1637.96
1779.16 1888.06 1982.37 2064.75 2080.79 2095.29 2103.59 2031.98 1944.93 1848.12 1776.10 1756.22 1798.84 1931.98 2071.81 2199.89 2225.56 2253.14 2278.05 2235.12 2189.50 2141.43 2073.60 2002.10
1924.50 1911.92 1904.27 1897.08 1941.94 1987.45 2017.53 2046.63 2045.28 2042.48 1937.39 1829.24 1717.01 1614.82 1542.33 1522.28 1722.62 1865.94 1958.64 1918.80 1878.07 1838.97 1841.01 1853.59
1875.20 1810.77 1734.90 1649.48 1655.79 1685.48 1731.84 1691.86 1636.84 1573.30 1399.74 1471.90 1619.35 1668.44 1718.26 1768.63 1816.79 1864.07 1906.82 1903.84 1905.55 1913.14 1864.20 1812.83
1759.63 1801.70 1858.08 1922.14 1906.10 1890.13 1874.52 1814.95 1745.54 1679.93 1491.75 1559.37 1743.04 1736.48 1768.20 1827.63 1745.52 1627.15 1461.54 1436.45 1409.08 1384.39 1291.46 1188.71
1121.45 1255.04 1404.43 1530.39 1460.39 1379.51 1290.59 1304.85 1306.08 1230.37 1042.38 1337.99 1501.58 1447.88 1424.57 1435.84 1370.39 1286.70 1184.36 1264.11 1556.52 1763.77 1722.06 1682.64
1654.51 1658.65 1667.05 1681.41 1710.51 1758.63 1819.30 1846.48 1869.04 1889.23 1679.47 1707.32 1855.36 1938.01 2014.65 2087.34 2071.19 2054.31 2037.54 2062.66 2087.47 2114.11 2088.65 2060.70
2029.75 2035.25 2042.32 2050.61 2036.70 2022.59 2008.29 2066.21 2109.06 2107.95 2169.92 2264.59 2356.75 2352.66 2353.96 2354.90 2344.22 2331.68 2311.56 2328.66 2347.10 2350.93 2336.82 2317.85
2294.64 2258.33 2211.16 2161.00 2168.77 2179.28 2193.95 2154.88 2105.24 2053.63 2025.32 2016.10 2029.49 2074.99 2128.63 2192.29 2175.22 2160.53 2146.52 2157.75 2168.98 2178.71 2095.13 1999.06
1887.27 1881.75 1888.79 1909.24 1843.31 1758.68 1660.74 1560.82 1449.94 1354.58 1232.40 1544.83 1737.89 1804.92 2006.76 2207.02 2185.47 2123.44 2050.75 2070.01 2093.74 2124.27 2102.59 2087.12
2081.97 2060.23 2015.73 1968.02 1858.06 1722.86 1544.84 1462.53 1476.31 1695.29 1654.77 1648.21 1656.24 1692.35 1729.60 1769.98 1675.84 1601.90 1558.65 1388.97 1217.24 1348.83 1428.37 1478.83
1527.57 1545.66 1632.38 1746.32 1731.75 1726.69 1728.94 1669.43 1592.17 1504.00 1367.41 1468.97 1601.50 1629.62 1677.90 1737.89 1787.36 1867.12 1962.90 2018.91 2071.97 2124.64 2112.99 2100.69
2086.30 2051.60 2016.17 1978.74 1910.00 1850.18 1810.11 1653.68 1436.41 1452.16 1647.88 1776.28 1862.76 1851.66 1840.57 1835.20 1851.83 1881.27 1918.92 1922.40 1936.45 1962.09 1977.52 2001.33
2032.56 2035.20 2043.19 2051.90 2006.13 1958.06 1907.36 1753.48 1566.21 1346.97 1649.92 1826.13 1939.80 2029.63 2031.04 2041.45 1990.62 1928.03 1849.27 1736.16 1648.64 1651.39 1365.97 1150.51
1515.31 1581.55 1771.68 1960.79 2084.62 2208.09 2322.41 2485.14 2615.05 2701.83 2636.54 2560.23 2480.12 2431.83 2385.46 2341.64 2317.84 2292.94 2263.57 2310.89 2358.21 2404.76 2338.90 2268.06
2190.83 2176.36 2162.15 2147.49 2051.18 1940.63 1813.65 1618.75 1343.95 1218.74 1054.42 1327.67 1499.00 1445.49 1397.99 1348.33 1482.07 1611.93 1728.68 1729.03 1745.61 1779.78 1690.07 1587.73
1473.22 1413.66 1501.71 1640.45 1727.52 1806.89 1877.39 1897.69 1915.61 1929.93 1914.70 1881.46 1884.73 1919.65 1956.92 1990.58 2013.54 2043.38 2074.91 2075.97 2076.07 2076.45 2037.34 1996.07
1950.69 1941.82 1934.89 1932.53 1918.68 1914.72 1921.33 1830.39 1767.91 1744.94 1792.88 1852.11 1905.83 1882.45 1882.32 1880.03 1832.82 1807.27 1825.79 1748.92 1655.80 1545.46 1487.64 1421.94
1350.66 1355.76 1477.43 1618.71 1832.96 2029.64 2202.88 2250.33 2284.74 2310.70 2265.38 2224.86 2191.12 2106.69 2025.72 1951.85 1982.34 2004.15 2006.60 1986.69 1970.34 1959.78 1959.37 1961.73
1966.64 1931.38 1891.94 1851.52 1877.45 1901.40 1925.23 1883.42 1831.87 1714.70 1786.42 1849.78 1906.02 1825.81 1764.61 1703.32 1717.12 1748.74 1795.78 1831.21 1868.36 1905.55 1865.59 1820.72
1773.04 1779.23 1804.67 1844.94 1847.45 1854.74 1865.55 1701.13 1511.38 1379.15 1296.13 1662.37 1851.42 1836.56 1837.96 1834.42 1817.86 1809.25 1831.21 1708.08 1541.41 1319.03 1348.59 1443.25
1550.71 1425.23 1319.28 1359.95 1465.36 1576.79 1679.13 1719.17 1755.82 1784.20 1731.27 1696.09 1672.82 1489.60 1290.98 1238.10 1418.83 1574.29 1706.88 1735.67 1765.59 1797.45 1756.21 1713.50
1671.74 1596.72 1534.27 1508.10 1473.61 1443.03 1420.16 1455.71 1479.25 1484.05 1621.79 1794.81 1923.77 1974.82 2024.59 2070.78 2044.93 2021.85 2008.79 2000.01 1993.82 1992.77 1940.79 1884.92
1825.48 1744.71 1648.84 1535.46 1308.30 1115.98 1346.85 1534.40 1660.25 1746.58 1857.49 1993.12 2072.31 2040.55 2016.46 1998.22 2026.11 2065.07 2106.42 2110.00 2130.18 2160.15 2170.99 2181.91
2189.90 2175.91 2156.62 2136.61 2065.76 2004.25 1963.69 1980.90 1987.43 1961.50 1886.73 1813.05 1742.38 1746.64 1726.91 1725.68 1714.96 1729.51 1768.47 1814.84 1859.92 1905.53 1876.95 1844.96
1811.06 1837.68 1863.96 1891.71 1855.76 1819.22 1780.90 1712.38 1633.73 1546.89 1656.24 1881.86 2007.95 2031.76 2059.88 2070.36 2058.19 2027.34 1996.60 1997.36 2001.94 2000.35 1949.45 1880.88
1803.97 1728.17 1641.29 1542.08 1544.31 1555.52 1575.16 1316.28 1092.52 1310.60 1191.18 1167.91 1212.08 1130.82 1065.79 1019.96 1274.67 1581.95 1805.04 1873.16 1947.93 2006.37 1969.34 1962.46
1988.03 2242.43 2468.26 2660.00 2718.04 2775.55 2787.34 2792.26 2796.23 2805.00 2728.45 2650.25 2568.66 2502.25 2448.09 2410.54 2332.30 2250.14 2160.66 2137.97 2117.04 2105.67 2152.08 2201.07
2252.33 2183.78 2109.85 2032.47 2056.53 2084.52 2112.98 2146.23 2174.39 2196.96 2110.68 2022.39 1934.23 1873.06 1830.55 1808.44 1934.66 2047.16 2146.92 2147.04 2146.27 2144.75 2121.25 2097.00
2070.46 2021.25 1966.62 1907.63 1814.94 1710.30 1597.18 1637.38 1757.30 1872.17 1659.60 1662.50 1815.43 1828.60 1890.55 1975.47 1919.28 1860.80 1795.71 1769.76 1760.31 1769.91 1778.48 1791.16
1810.65 1803.87 1795.43 1791.58 1679.19 1563.10 1485.96 1511.30 1523.08 1519.20 1816.14 2031.14 2166.54 2186.22 2195.55 2205.93 2148.41 2077.75 1984.46 1931.95 1912.48 1942.14 1874.24 1796.66
1706.74 1656.54 1600.64 1540.22 1458.91 1356.98 1240.09 1176.42 1177.34 1211.42 1290.17 1362.24 1397.45 1556.80 1692.38 1806.14 1870.89 1936.12 1998.30 1983.11 1987.18 2016.04 2000.03 1991.24
1983.60 1924.80 1860.67 1799.20 1797.72 1797.47 1800.93 1762.15 1714.48 1651.24 1678.72 1601.56 1676.48 1693.56 1716.32 1741.05 1784.91 1833.19 1876.28 1861.48 1913.34 2019.05 2022.77 2025.45
2026.97 2029.24 2032.96 2036.34 1952.52 1835.19 1701.88 1504.82 1242.15 1209.58 1531.86 1742.62 1880.99 2028.08 2237.52 2385.76 2425.36 2474.73 2529.13 2551.25 2578.19 2611.67 2627.64 2643.52
2659.82 2592.53 2519.80 2444.69 2411.11 2384.99 2371.51 2454.57 2524.61 2581.49 2575.57 2570.94 2567.25 2561.02 2561.30 2566.70 2505.72 2442.29 2377.03 2356.00 2329.78 2261.04 2164.62 2060.76
1946.31 2005.30 2086.14 2153.62 2063.58 1975.24 1902.38 1822.69 1726.76 1605.23 1772.66 1885.05 1961.81 1829.81 1696.57 1573.09 1386.75 1310.94 1545.01 1544.87 1559.94 1667.37 1651.57 1638.34
1623.72 1536.31 1427.92 1307.26 1364.33 1420.50 1478.97 1517.68 1586.20 1648.97 1617.08 1679.31 1759.92 1932.13 2096.13 2240.16 2193.69 2150.52 2107.17 2086.11 2067.55 2050.65 2010.40 1969.48
1929.51 1863.61 1811.11 1783.29 1852.69 1934.93 2020.23 2046.69 2076.21 2108.42 2079.44 2067.01 2072.05 1980.78 1878.43 1770.42 1772.35 1782.63 1735.31 1707.83 1692.88 1693.88 1747.82 1784.77
1813.09 1861.95 1909.85 1954.97 1886.85 1806.18 1697.95 1636.69 1531.19 1406.60 1480.93 1529.07 1555.78 1695.00 1813.54 1916.85 1724.78 1497.57 1555.06 1395.35 1358.17 1613.10 1576.70 1567.14
1476.13 1352.88 1232.42 1249.34 1275.85 1486.05 1682.34 1523.73 1502.34 1630.36 1227.48 1270.62 1534.79 1585.76 1655.11 1737.09 1597.60 1429.52 1134.05 1290.36 1433.97 1558.41 1469.79 1364.19
1276.30 1183.61 1190.35 1298.85 1357.87 1420.05 1480.83 1275.42 1192.86 1289.32 1109.11 1118.28 1268.14 998.28 1253.96 1496.22 1636.11 1771.11 1891.34 1870.32 1845.53 1819.39 1765.11 1702.18
1634.73 1635.44 1637.24 1641.89 1447.95 1208.86 1346.96 1322.97 1308.71 1290.72 1234.05 1401.69 1531.84 1596.82 1658.96 1720.53 1808.27 1903.40 1998.90 2060.03 2122.13 2186.22 2076.75 1951.19
1801.12 1690.08 1733.19 1889.67 1869.96 1849.76 1828.17 1694.71 1654.10 1720.26 1722.15 1704.47 1683.42 1732.24 1782.15 1831.92 1771.74 1810.69 1941.12 1977.82 2021.48 2053.21 2000.66 1951.91
1908.41 1957.54 2003.45 2047.30 2024.01 2006.49 1996.49 2057.91 2115.62 2163.06 2081.80 2044.04 2045.52 2023.51 1969.38 1920.79 1882.33 1845.21 1804.36 2001.91 2161.44 2246.75 2227.03 2206.58
2187.13 2151.59 2112.55 2073.26 2116.10 2174.69 2242.20 2196.84 2143.71 2080.39 2114.40 2180.75 2253.12 2274.42 2298.13 2325.72 2308.64 2291.18 2269.99 2264.67 2257.42 2249.25 2238.19 2226.03
2212.58 2226.08 2239.52 2251.79 2224.57 2195.51 2165.44 2158.14 2122.47 2073.27 1929.32 1816.36 1754.22 1733.43 1806.67 1800.27 1700.63 1608.55 1580.65 1539.06 1552.29 1622.21 1645.75 1671.15
1698.22 1583.76 1456.21 1371.14 1648.56 1851.44 2015.77 2066.29 2106.66 2134.85 2306.22 2438.99 2547.09 2527.28 2527.16 2545.57 2449.35 2331.80 2187.20 2061.51 1907.92 1726.15 1735.81 1746.10
1754.83 1758.83 1762.50 1766.63 1687.94 1604.32 1518.54 1563.88 1613.52 1654.53 1762.56 1861.27 1909.18 1883.23 1869.33 1867.09 1969.87 2047.65 2116.17 2060.86 1999.19 1929.54 1942.60 1956.41
1970.89 2008.96 2044.71 2078.58 2040.53 2001.89 1963.03 2010.51 2050.07 2078.46 2048.83 2033.33 2035.68 2024.09 2018.30 2020.00 1992.91 1969.10 1950.92 1938.08 1925.88 1913.85 1712.77 1458.44
