2661.94 2667.87 2674.69 2682.64 2732.70 2783.09 2834.64 2848.65 2861.52 2868.87 2811.63 2754.08 2697.91 2673.34 2647.84 2615.57 2584.54 2559.24 2536.54 2437.17 2336.32 2242.85 2191.31 2136.78
2078.91 2066.80 2071.58 2094.84 2136.20 2174.93 2214.08 2103.39 1994.59 1909.00 1847.66 1790.42 1749.26 1685.29 1611.81 1524.52 1609.76 1855.70 2068.41 2099.84 2121.33 2144.43 2036.76 1980.36
2043.60 2167.72 2276.42 2351.14 2243.69 2144.54 2073.78 2043.85 2012.50 1974.99 2028.96 2138.83 2236.01 2262.10 2269.27 2266.94 2130.44 1966.50 1752.52 1842.77 1935.83 2024.38 2021.50 2020.02
2023.89 2140.33 2245.80 2342.57 2338.41 2336.81 2337.82 2367.49 2391.62 2403.74 2387.10 2369.62 2343.23 2240.81 2140.87 2047.02 1845.91 1597.94 1433.94 1734.29 1991.03 2198.50 2259.59 2290.98
2325.21 2349.66 2374.85 2398.84 2393.15 2391.48 2389.44 2395.56 2401.25 2395.85 2301.90 2209.52 2121.40 2114.76 2110.88 2112.03 2128.70 2149.92 2171.28 2201.23 2230.29 2260.64 2279.51 2303.82
2332.63 2331.77 2330.69 2328.04 2330.12 2333.56 2337.25 2381.97 2419.01 2442.77 2432.49 2418.42 2398.54 2401.96 2407.53 2415.47 2358.40 2294.67 2217.01 2238.38 2264.80 2293.93 2351.44 2407.21
2460.07 2440.92 2423.12 2408.30 2373.05 2338.20 2307.76 2326.65 2342.60 2348.80 2302.10 2258.09 2218.77 2212.43 2214.58 2224.54 2221.05 2223.21 2228.92 2248.21 2269.16 2292.27 2298.07 2303.09
2308.17 2314.03 2314.53 2316.83 2322.16 2326.60 2332.70 2221.93 2096.38 1942.06 1739.85 1937.41 2169.94 2289.63 2421.51 2549.59 2476.29 2390.93 2287.43 2279.35 2273.34 2271.85 2255.27 2238.12
2219.26 2197.03 2172.71 2149.26 2096.14 2042.77 1986.63 1931.12 1871.75 1797.55 1747.85 1809.75 1914.41 1927.51 1980.81 2056.68 2070.25 2083.08 2095.51 2054.06 2021.71 2003.18 2000.14 2000.45
2001.78 1982.49 1965.43 1952.76 1954.32 1960.68 1968.87 2076.16 2175.11 2258.90 2316.32 2365.68 2407.52 2414.87 2433.14 2457.77 2410.13 2360.58 2305.95 2266.69 2226.01 2183.06 2144.58 2102.61
2058.94 2051.54 2044.06 2036.74 2094.66 2155.86 2218.20 2265.46 2313.70 2359.10 2321.72 2292.68 2268.16 2298.89 2330.13 2354.66 2295.81 2233.06 2161.53 2216.22 2286.03 2363.23 2279.54 2195.77
2105.41 2107.94 2169.23 2282.15 2337.55 2403.02 2470.70 2542.05 2607.16 2664.70 2665.50 2676.69 2695.41 2653.40 2613.47 2574.68 2465.58 2340.26 2189.03 2176.37 2202.56 2262.96 2196.35 2123.31
2047.54 2050.63 2052.17 2053.97 2002.90 1955.76 1916.37 1948.26 1978.06 2001.59 2037.72 2073.56 2115.17 2057.53 2003.05 1956.18 2090.91 2215.15 2326.36 2221.01 2100.96 1962.31 1960.64 1987.02
2024.21 1961.61 1891.85 1818.44 1753.31 1695.45 1654.89 1669.39 1781.05 1900.34 1976.65 2040.87 2094.45 2004.80 1914.10 1820.27 1904.41 2003.40 2106.75 2127.78 2149.26 2169.58 2191.82 2216.71
2242.66 2181.68 2115.25 2042.27 2107.19 2170.23 2230.44 2256.64 2281.09 2296.78 2327.87 2350.26 2367.27 2301.91 2240.32 2181.60 2173.21 2170.01 2173.72 2184.72 2198.08 2212.53 2213.95 2218.95
2224.87 2236.29 2249.21 2263.84 2261.11 2261.02 2260.49 2303.74 2341.86 2366.88 2404.41 2431.01 2449.54 2418.65 2391.77 2368.40 2311.75 2250.47 2184.74 2209.78 2235.45 2263.78 2279.81 2300.31
2323.25 2326.35 2329.36 2335.07 2340.65 2347.79 2360.00 2222.84 2095.41 1963.21 1829.81 1799.60 1869.47 1667.49 1519.34 1590.47 1551.98 1737.32 1958.78 2010.05 2063.05 2118.71 2151.13 2194.65
2247.04 2250.48 2258.20 2269.25 2281.33 2298.45 2318.24 2381.43 2437.07 2478.65 2542.79 2591.18 2623.25 2615.84 2617.31 2624.81 2536.98 2434.48 2312.03 2326.01 2358.41 2407.66 2397.48 2533.53
2740.23 2812.04 2883.95 2955.69 2917.14 2875.10 2833.61 2814.34 2800.26 2786.12 2815.35 2842.98 2868.29 2832.58 2801.70 2778.25 2628.89 2446.52 2211.30 2195.09 2201.92 2233.79 2236.90 2248.63
2267.19 2190.61 2121.58 2061.27 1656.50 1646.17 1975.60 2011.90 2046.48 2068.27 2182.87 2272.74 2345.56 2338.66 2352.75 2382.40 2345.84 2306.65 2261.40 2275.26 2290.53 2305.76 2299.06 2297.95
2302.91 2296.97 2303.88 2320.46 2326.71 2353.01 2393.65 2461.96 2520.81 2564.15 2614.53 2652.06 2678.58 2667.59 2660.06 2655.47 2615.87 2573.32 2529.28 2565.22 2600.31 2636.08 2659.30 2682.59
2707.41 2675.28 2642.01 2608.39 2557.84 2508.01 2461.40 2437.51 2411.40 2376.42 2276.90 2200.38 2186.38 2087.99 2373.65 2683.20 2724.94 2768.13 2811.53 2781.52 2751.14 2723.17 2669.89 2612.95
2550.75 2465.53 2375.12 2283.51 2253.43 2227.30 2207.25 2178.52 2190.42 2226.93 2208.72 2208.33 2219.84 2146.56 2081.85 1996.75 1872.34 1799.90 1860.58 2049.28 2213.68 2331.11 2333.22 2335.03
2336.71 2221.30 2096.73 1971.48 1913.25 1873.30 1865.59 1855.88 1969.85 2104.31 2238.83 2344.46 2429.15 2471.17 2514.02 2560.21 2505.73 2444.84 2374.31 2369.75 2363.71 2357.45 2344.00 2328.25
2313.18 2292.73 2275.07 2262.05 2102.64 2012.40 2076.01 1874.45 1605.22 1310.85 1196.91 1444.75 1614.14 1337.13 1291.41 1556.35 1808.71 2001.06 2143.46 2177.11 2215.27 2255.88 2167.69 2069.64
1960.00 1906.36 1874.94 1876.33 1694.70 1659.77 1770.83 1583.85 1368.60 1359.25 1633.06 1803.05 1925.53 1748.82 1533.94 1262.53 1298.62 1555.72 1765.40 1823.87 1981.98 2071.79 1857.46 1562.21
1393.18 1774.52 1870.97 2008.37 2116.86 2230.32 2339.13 2314.97 2303.13 2296.09 2227.20 2152.54 2086.54 2118.90 2135.14 2153.88 2150.67 2173.24 2224.73 2255.56 2287.16 2320.09 2331.42 2341.86
2352.76 2350.11 2348.08 2346.34 2354.23 2372.16 2396.92 2243.73 2183.46 2160.95 2291.78 2709.69 3008.75 2993.61 2981.55 2972.87 2915.39 2850.79 2778.89 2679.51 2564.74 2427.37 2350.99 2264.48
2172.18 2176.29 2181.74 2189.72 2144.12 2124.06 2135.53 1973.03 1912.60 1998.77 2113.98 2210.68 2296.34 2297.83 2303.75 2310.86 2278.34 2247.26 2222.47 2209.00 2193.88 2175.70 2171.93 2168.06
2165.09 2045.31 2040.36 2158.18 1995.94 1896.14 1953.44 1904.16 1858.87 1813.07 1966.93 2083.41 2171.56 2295.62 2406.05 2506.49 2423.11 2329.68 2228.88 2262.40 2295.75 2328.49 2321.97 2315.05
2307.81 2306.59 2306.95 2311.07 2311.40 2310.56 2309.69 2348.70 2383.34 2406.63 2435.77 2456.14 2468.56 2368.56 2267.35 2165.11 2122.39 2084.03 2055.33 2072.25 2117.34 2184.90 2184.51 2208.92
2254.88 2241.68 2229.93 2214.00 2177.04 2130.48 2081.34 1946.73 1786.67 1577.25 1832.10 1995.98 2115.55 2110.98 2122.01 2146.16 2106.74 2065.66 2027.94 2069.85 2111.92 2154.02 2143.14 2139.16
2141.16 2114.84 2095.22 2083.46 2069.76 2055.54 2041.86 2032.89 2023.66 2003.94 2126.19 2226.51 2305.64 2266.38 2229.46 2198.64 2137.28 2074.59 2026.49 2076.31 2127.51 2180.54 2202.29 2223.70
2246.71 2230.54 2214.79 2203.54 2212.04 2225.03 2240.35 2301.01 2354.85 2392.43 2428.63 2452.59 2468.68 2463.98 2460.98 2462.87 2444.94 2424.95 2406.84 2407.97 2406.80 2405.51 2377.69 2346.16
2312.25 2309.19 2304.73 2301.16 2301.93 2302.26 2304.26 2331.95 2355.37 2365.91 2285.35 2205.52 2128.68 2049.34 1929.97 1820.01 1822.23 1853.12 1916.48 1944.42 1970.40 2005.46 2039.92 2082.50
2131.53 2130.68 2134.73 2145.58 2165.14 2188.95 2219.81 2189.17 2159.50 2120.75 2133.39 2142.67 2155.65 2182.23 2210.21 2247.29 2162.34 2062.29 1948.07 1986.61 2022.62 2060.75 2078.88 2098.05
2118.66 2138.18 2163.92 2193.31 2155.80 2119.29 2087.65 2036.43 1978.90 1910.57 2046.34 2157.25 2248.27 2316.91 2383.14 2445.69 2415.17 2381.39 2349.41 2298.27 2236.21 2165.08 2179.92 2199.60
2226.14 2225.05 2240.26 2275.12 2416.63 2550.31 2656.31 2491.46 2420.62 2364.62 2326.54 2295.99 2276.91 2303.50 2360.74 2439.89 2482.06 2541.33 2620.65 2653.15 2685.97 2675.37 2603.22 2520.88
2428.80 2449.38 2473.72 2501.18 2427.33 2346.66 2258.89 2318.53 2369.15 2411.05 2322.71 2228.46 2107.78 2164.84 2219.56 2278.44 2294.59 2290.87 2288.73 2176.95 2053.17 1921.98 1940.56 1958.50
1978.99 2021.70 2069.82 2117.39 2134.04 2152.17 2171.45 2179.32 2185.54 2190.35 2257.67 2335.95 2418.22 2376.23 2333.18 2290.71 2282.30 2287.98 2309.60 2259.43 2213.34 2173.18 2207.56 2247.22
2291.71 2221.80 2148.27 2069.99 2041.58 2027.05 2031.58 2068.23 2100.44 2126.73 2100.37 2139.59 2216.70 2102.36 2039.57 2057.75 2048.41 2042.55 2038.73 2091.03 2144.40 2198.17 2248.24 2298.78
2349.60 2298.21 2245.59 2194.48 2160.44 2158.81 2192.16 2321.00 2426.80 2512.92 2584.47 2648.37 2717.07 2697.14 2682.07 2663.00 2612.74 2563.08 2517.43 2450.25 2376.97 2304.55 2280.30 2367.54
2514.81 2450.97 2433.30 2476.26 2408.36 2329.60 2236.84 2094.07 1926.41 1725.27 1735.18 1814.64 1911.41 1702.82 1424.46 1090.46 1287.00 1670.85 1923.78 2061.96 2179.60 2293.81 2293.43 2306.63
2334.24 2339.38 2346.36 2355.62 2363.75 2375.67 2391.10 2437.85 2474.79 2498.55 2554.44 2594.53 2622.27 2620.22 2620.36 2624.45 2604.34 2582.06 2564.39 2561.17 2554.95 2547.10 2574.21 2603.46
2634.88 2613.28 2590.26 2567.19 2611.32 2654.49 2697.15 2671.23 2639.85 2599.88 2546.22 2491.60 2437.45 2363.86 2295.29 2218.63 2158.97 2089.77 2013.99 1871.24 1818.04 1938.40 1858.56 1774.05
1688.66 1546.56 1612.32 1118.61 1519.17 1847.19 2079.11 1781.98 1578.77 1246.43 1644.68 1858.24 1998.65 1946.77 1989.76 2093.01 2023.43 1892.93 2087.27 2258.12 2422.26 2581.89 2564.41 2544.03
2497.23 2526.10 2552.23 2568.27 2521.00 2469.25 2403.75 2306.43 2198.24 2078.80 1850.84 1814.10 2009.61 2051.04 2087.89 2121.81 2080.08 2037.07 1998.94 2074.77 2186.55 2247.66 2194.62 2212.15
2301.10 2068.99 1979.18 2227.76 2216.36 2210.24 2210.64 2169.71 2117.31 2052.94 2223.29 2351.96 2457.03 2393.30 2353.94 2347.10 2340.24 2337.79 2362.03 2342.27 2319.26 2296.61 2315.79 2329.10
2347.50 2348.15 2350.51 2351.97 2400.88 2452.89 2506.99 2596.87 2674.83 2740.31 2699.17 2661.63 2632.52 2601.76 2578.59 2565.68 2590.74 2616.47 2644.23 2598.86 2555.74 2525.41 2501.52 2477.23
2450.31 2484.89 2518.82 2550.62 2552.92 2558.69 2567.33 2540.85 2510.94 2470.90 2418.50 2374.21 2341.07 2251.16 2162.04 2073.82 1992.94 1910.19 1833.09 1647.17 1537.05 1532.86 1559.70 1596.81
1636.71 1422.45 1726.99 1991.66 2068.28 2199.99 2341.50 2408.88 2462.20 2503.94 2405.29 2313.82 2236.41 2211.41 2190.04 2175.25 2064.40 1955.81 1887.77 1991.89 2102.82 2213.71 2213.70 2214.64
2216.34 2216.39 2216.96 2220.03 2202.11 2183.01 2167.03 2203.43 2240.12 2272.26 2338.51 2396.08 2446.90 2489.74 2533.82 2577.62 2546.12 2519.84 2506.57 2415.16 2304.06 2172.84 2235.20 2300.26
2368.58 2347.88 2330.22 2315.44 2112.93 1872.96 1712.25 1563.40 1771.20 1937.09 1914.85 1903.63 1961.17 2073.25 2171.53 2255.83 2266.28 2278.25 2296.78 2240.59 2171.60 2093.61 2191.74 2281.04
2363.56 2211.98 2237.50 2411.33 2488.90 2670.25 2898.40 2925.52 2946.41 2960.79 2955.69 2953.00 2953.89 2919.35 2892.43 2873.79 2804.64 2740.11 2697.46 2521.68 2338.72 2274.58 2205.12 2144.19
2102.08 2028.15 1952.77 1885.54 1744.48 1559.21 1309.39 1235.93 1221.31 1269.48 1588.24 1932.16 2148.74 2118.12 2129.25 2176.91 2211.16 2249.46 2301.65 2297.52 2290.29 2284.23 2258.70 2237.56
2225.69 2190.63 2155.31 2116.62 2082.14 2042.62 2002.10 1996.33 2029.92 2086.52 2274.39 2412.02 2517.55 2514.14 2512.68 2514.42 2444.80 2368.39 2289.28 2283.81 2275.81 2269.91 2257.66 2253.05
2258.63 2259.01 2261.06 2263.49 2261.73 2260.28 2258.72 2229.59 2194.17 2153.80 2245.59 2319.82 2379.74 2280.59 2198.64 2149.39 2117.53 2086.17 2063.16 2108.58 2151.54 2194.82 2187.51 2189.20
2203.08 2195.66 2189.31 2184.40 2160.63 2154.64 2160.88 1993.40 1799.78 1671.33 1547.52 1431.84 1345.76 1248.43 1525.34 1740.74 1858.53 1966.46 2071.80 2285.91 2471.25 2644.16 2614.18 2577.77
2538.67 2552.77 2569.51 2590.63 2584.54 2577.83 2570.32 2491.31 2400.53 2303.69 2084.61 1817.68 1460.90 1816.25 2059.05 2226.54 2236.02 2247.93 2268.83 2247.35 2219.53 2174.49 2179.67 2183.47
2187.48 2180.89 2173.59 2170.39 2208.13 2245.92 2283.43 2210.78 2113.52 2002.86 1790.07 1543.28 1292.87 1521.43 1779.86 1985.48 1907.68 1820.52 1746.22 1942.86 2106.92 2253.81 2305.93 2359.89
2414.49 2409.77 2405.56 2396.01 2395.94 2396.38 2396.93 2407.13 2413.25 2421.35 2305.42 2184.07 2058.69 2153.46 2242.87 2318.97 2320.64 2324.39 2332.15 2391.77 2440.29 2455.74 2462.30 2472.28
2487.70 2485.22 2501.48 2538.03 2630.58 2720.71 2808.93 2816.21 2819.20 2820.74 2854.63 2888.69 2920.74 2936.57 2953.74 2974.10 2973.35 2972.59 2972.93 2931.74 2886.14 2839.99 2854.99 2870.51
2885.02 2890.80 2897.45 2903.55 2878.22 2853.31 2828.82 2773.33 2715.31 2659.80 2647.02 2636.46 2622.21 2587.99 2570.53 2565.33 2565.03 2568.03 2574.59 2468.95 2338.55 2180.79 2153.78 2125.30
2093.02 2069.37 2056.07 2059.11 1831.48 1820.05 2050.52 2005.89 1954.70 1905.49 1913.02 1978.20 2063.67 1977.64 1982.44 2063.08 2097.26 2177.69 2285.77 2255.01 2199.21 2122.29 1999.21 2008.67
2145.71 2107.51 2078.82 2062.43 2094.88 2149.77 2218.23 2245.03 2267.93 2291.06 2419.98 2522.06 2611.85 2599.38 2591.79 2584.42 2586.89 2589.79 2596.97 2524.29 2437.18 2341.44 2345.52 2350.90
2356.01 2357.24 2357.14 2358.73 2355.17 2354.10 2354.67 2379.68 2392.86 2403.40 2362.66 2318.34 2247.70 2222.02 2190.14 2168.65 2153.02 2141.63 2132.57 2228.71 2318.11 2410.46 2429.49 2455.73
2488.44 2457.18 2423.85 2386.15 2365.78 2343.10 2299.71 1982.51 1557.88 1343.59 1326.78 1309.85 1289.57 1359.33 1712.70 1922.92 1954.92 1988.44 2023.22 2049.03 2081.03 2129.49 2181.64 2243.28
2304.47 2245.58 2183.15 2120.29 2349.59 2545.21 2716.89 2743.19 2761.09 2778.35 2709.52 2641.94 2575.99 2498.75 2422.10 2348.79 2237.32 2107.43 1931.35 1885.78 1932.54 2018.33 1970.48 1955.46
1977.22 1892.37 1857.91 1897.93 2006.29 2146.90 2288.80 2341.42 2388.06 2433.45 2538.90 2635.94 2689.19 2588.50 2509.25 2464.13 2439.39 2423.51 2418.48 2329.66 2228.30 2084.99 2073.34 2064.98
2055.55 2068.21 2084.17 2102.46 2097.91 2101.99 2114.06 2166.04 2218.33 2263.59 2230.56 2192.41 2162.31 2189.54 2222.32 2260.79 2274.74 2291.17 2310.99 2240.26 2168.48 2114.31 2088.12 2073.34
2072.41 2059.03 2045.68 2031.04 2033.46 2037.43 2039.91 2119.47 2181.71 2237.08 2168.08 2146.31 2161.50 2280.89 2379.20 2463.90 2487.92 2513.35 2541.35 2644.42 2738.59 2830.30 2746.72 2662.25
2579.17 2539.40 2504.14 2477.34 2553.29 2715.53 2907.18 2894.55 2883.12 2881.31 2933.59 2982.59 3029.01 3004.27 2982.51 2965.10 2924.17 2882.72 2842.53 2806.47 2757.07 2702.53 2732.09 2763.26
2796.57 2740.51 2676.82 2606.61 2546.97 2482.86 2397.70 2294.78 2161.03 2031.49 2123.87 2272.75 2419.38 2337.94 2254.47 2170.21 2148.29 2134.97 2132.32 2121.43 2102.59 2082.09 2112.95 2143.86
2177.81 2231.99 2294.87 2364.44 2329.69 2292.86 2254.07 2178.02 2087.82 1987.01 2105.46 2209.04 2298.36 2227.80 2158.95 2093.07 2091.59 2097.64 2115.84 2124.23 2128.27 2136.20 2096.42 2052.39
2006.57 1992.08 1994.14 2014.16 2049.65 2083.11 2118.25 1914.02 1636.71 1200.36 1523.77 1732.82 1864.66 1831.92 1813.11 1815.89 1844.39 1875.14 1909.13 1949.76 2002.01 2002.59 1945.95 1886.01
1824.94 1783.67 1763.75 1623.34 1628.62 1548.42 1431.53 1356.52 1304.09 1298.11 1574.95 1756.36 1888.15 1828.99 1776.96 1732.32 1872.35 1996.93 2113.55 2120.78 2119.68 2119.31 2128.07 2139.54
2154.13 2058.80 1948.20 1816.41 1714.76 1603.98 1507.72 1400.99 1161.17 1169.53 1130.64 1319.67 1400.06 1664.60 1853.08 2006.90 2078.73 2148.30 2219.61 2220.36 2213.87 2212.06 2195.24 2201.36
2233.73 2193.92 2158.79 2134.57 2135.63 2137.93 2144.12 2099.22 2045.49 1984.79 2145.56 2263.60 2355.53 2305.35 2267.32 2244.37 2275.37 2309.86 2349.91 2312.20 2258.21 2192.59 2196.20 2205.46
2221.06 2176.64 2133.25 2078.69 1764.06 1268.26 1423.12 1429.75 1485.97 1556.47 1723.48 1862.45 1971.90 1997.12 2020.41 2008.39 1929.01 1841.87 1746.02 1596.59 1464.87 1551.04 1704.63 1810.93
2000.00 1988.86 2040.27 2138.23 2156.64 2175.82 2195.43 2118.99 2032.38 1935.66 1815.09 1689.50 1557.98 1483.93 1464.91 1544.34 1582.67 1638.82 1705.46 1822.17 1976.49 2136.56 2136.60 2134.55
2135.11 2128.58 2123.02 2116.97 2068.30 2020.73 1974.27 1898.60 1811.11 1711.76 1966.15 2171.66 2323.41 2340.35 2361.22 2383.61 2420.26 2464.03 2515.06 2477.31 2424.39 2361.99 2305.95 2263.51
2240.86 2234.25 2230.67 2230.93 2219.63 2209.69 2201.25 2226.58 2240.85 2250.82 2150.76 2076.22 2026.28 2040.45 2058.13 2081.45 2040.88 2000.40 1953.31 1952.08 1945.76 1929.94 1952.51 1965.34
1985.68 2017.68 2053.64 2091.50 2158.05 2226.69 2286.42 2246.83 2189.77 2127.93 2077.66 2008.74 1960.16 1779.10 1567.65 1330.13 1276.30 1246.78 1270.96 1186.84 1525.65 1893.39 2008.10 2123.95
2238.19 2234.29 2230.83 2228.24 2218.43 2207.90 2199.24 2271.96 2326.82 2370.45 2331.84 2286.48 2238.76 2224.01 2212.23 2208.35 2207.82 2217.16 2237.78 2227.90 2205.55 2180.09 2174.92 2170.86
2166.48 2157.35 2152.95 2156.59 2112.14 2072.06 2037.26 1960.62 1871.41 1774.30 1778.61 1826.77 1890.60 1960.84 2030.54 2100.18 2170.93 2238.89 2309.58 2279.83 2235.16 2181.91 2173.00 2178.55
2199.10 2187.05 2174.61 2163.57 2149.21 2137.20 2127.03 2203.41 2263.52 2314.49 2342.41 2367.13 2384.56 2382.02 2382.28 2379.83 2394.52 2409.89 2430.65 2386.72 2325.40 2252.14 2249.59 2248.44
2249.31 2229.20 2207.44 2186.54 2177.41 2168.40 2157.66 2246.72 2312.96 2366.07 2348.18 2330.01 2311.72 2257.90 2209.03 2166.92 2185.64 2206.76 2231.39 2224.20 2202.66 2176.26 2225.21 2276.12
2327.95 2295.89 2264.31 2234.39 2203.97 2170.21 2136.22 2260.35 2353.43 2425.04 2335.45 2245.36 2156.61 2007.41 1845.57 1669.21 1689.02 1715.89 1751.71 1843.18 1985.74 2152.33 2155.42 2187.50
2245.53 2161.85 2002.76 2094.53 2065.72 2590.09 3002.86 2981.29 2953.86 2926.56 2922.93 2920.69 2925.02 2893.48 2864.99 2834.39 2806.20 2779.47 2755.70 2673.50 2572.04 2455.83 2362.23 2257.66
2137.18 2154.83 2180.36 2214.19 2220.72 2224.78 2233.17 2269.99 2296.09 2316.24 2317.22 2316.02 2318.00 2330.13 2345.24 2371.85 2408.52 2451.68 2501.31 2410.20 2285.11 2127.19 2071.99 2010.63
1942.86 1976.35 2004.19 2016.33 1959.50 1867.28 1757.81 1526.01 1255.88 1392.41 1771.17 1998.08 2146.09 2047.00 1949.69 1853.81 1899.63 1964.91 2043.64 2117.11 2189.24 2270.59 2267.26 2263.35
2259.19 2273.87 2288.46 2302.99 2291.67 2286.07 2286.64 2329.85 2358.21 2374.66 2363.30 2364.94 2376.36 2377.77 2378.31 2383.66 2361.79 2362.86 2385.17 2357.12 2315.45 2269.23 2260.89 2265.26
2281.49 2279.25 2275.24 2271.43 2256.15 2240.81 2223.38 2283.41 2330.14 2371.56 2395.02 2423.04 2428.36 2376.50 2332.32 2292.46 2279.65 2273.95 2278.09 2272.55 2253.51 2228.82 2278.52 2358.90
2454.75 2410.65 2364.32 2319.23 2273.35 2231.71 2199.80 2173.08 2144.24 2143.76 2040.39 1976.08 1959.33 1876.74 1803.87 1706.89 1718.06 1743.59 1803.26 1838.04 1924.47 2053.29 2072.92 2093.38
2114.20 2107.59 2099.13 2091.29 2065.35 2040.00 2013.48 1935.64 1848.18 1752.80 1797.15 1888.42 1981.42 2044.54 2104.59 2163.67 2183.53 2205.69 2231.20 2236.20 2230.07 2224.29 2254.35 2259.82
2212.48 2145.99 2073.62 1931.33 1924.33 1937.60 1926.88 1893.15 1811.39 1722.38 1421.27 1698.30 1950.11 1807.71 1653.78 1480.05 1561.15 1688.31 1829.47 1867.13 1933.98 2033.67 2053.46 2086.68
2134.96 2115.10 2100.10 2089.62 2057.46 2037.16 2034.92 2006.13 1968.89 1926.75 1787.47 1669.87 1590.35 1432.77 1431.85 1501.37 1528.44 1653.68 1761.46 1714.09 1648.62 1593.03 1802.14 1974.99
2126.28 2126.48 2131.43 2139.61 2112.09 2085.86 2060.65 1877.29 1676.57 1493.79 1543.17 1699.88 1838.71 1810.21 1789.38 1774.05 1617.38 1421.21 1283.19 1609.40 1773.71 1918.32 1946.06 1977.77
2015.70 1984.68 1955.76 1927.63 1976.66 2025.88 2072.65 2047.07 2029.13 2015.41 2067.61 2114.10 2154.90 2154.31 2158.91 2168.40 2163.34 2161.21 2165.90 2192.47 2206.33 2219.71 2235.54 2266.66
2312.56 2295.18 2283.21 2277.89 2274.65 2275.90 2281.84 2272.56 2256.90 2236.85 2234.01 2228.08 2217.49 2259.68 2301.38 2339.86 2297.52 2250.75 2202.27 2206.73 2193.99 2176.30 2194.22 2240.49
2320.41 2318.50 2312.78 2305.76 2302.18 2297.41 2292.21 2231.83 2188.23 2161.76 2222.76 2284.89 2347.60 2299.10 2273.34 2252.19 2035.78 1823.76 1856.37 1985.11 2198.61 2312.74 2276.27 2256.72
2206.13 2211.49 2217.31 2225.91 2228.16 2229.29 2231.40 2303.23 2356.65 2397.05 2419.04 2453.53 2493.80 2497.65 2510.48 2532.74 2602.60 2675.73 2735.78 2655.67 2545.86 2427.65 2513.85 2602.72
2691.60 2655.98 2620.19 2586.40 2685.13 2779.84 2871.21 2742.64 2625.03 2537.83 2656.08 2761.93 2857.03 2816.92 2779.12 2741.91 2819.65 2892.00 2960.69 2853.34 2734.87 2611.45 2486.31 2345.98
2189.65 2142.06 2123.16 2144.28 2166.32 2217.09 2290.17 2204.07 2102.13 1998.49 2063.14 2103.92 2133.99 2191.30 2250.87 2308.12 2288.94 2275.58 2269.39 2260.92 2243.89 2230.47 2247.00 2265.05
2282.85 2280.33 2282.11 2288.15 2302.17 2319.86 2339.91 2373.20 2397.19 2409.95 2409.51 2409.04 2407.04 2371.31 2344.20 2324.28 2310.26 2299.71 2295.34 2305.59 2300.93 2290.55 2301.28 2313.54
2328.62 2313.73 2296.78 2278.88 2255.91 2231.75 2204.29 2246.63 2284.98 2317.90 2361.35 2401.32 2438.77 2377.24 2322.81 2276.40 2285.97 2298.02 2311.83 2323.63 2323.26 2322.74 2320.22 2332.97
2361.21 2307.53 2246.71 2178.23 2165.90 2154.46 2142.43 2228.67 2273.65 2288.31 2220.96 2178.11 2157.78 2103.42 2054.72 2014.84 2060.21 2108.33 2150.99 2172.49 2183.94 2196.48 2200.96 2210.44
2224.55 2203.11 2182.06 2171.03 1965.04 2318.55 2686.72 2730.66 2769.83 2797.34 2700.16 2604.42 2507.37 2529.83 2556.65 2588.84 2505.46 2415.45 2320.17 2223.98 2093.84 1928.52 2034.76 2134.13
2231.16 2208.50 2193.44 2192.55 2214.56 2241.23 2270.99 2232.32 2212.16 2203.85 2220.74 2239.44 2261.34 2199.09 2141.91 2092.98 2001.05 1901.99 1799.64 1628.16 1607.91 1865.51 1937.63 2019.45
2116.24 2095.60 2073.70 2050.56 2009.95 1971.31 1934.74 1971.58 2006.38 2027.61 2091.74 2141.02 2179.56 2206.11 2235.81 2266.63 2275.65 2286.06 2300.37 2289.28 2263.35 2230.65 2234.28 2239.54
2246.91 2243.30 2244.27 2248.00 2245.63 2241.91 2238.86 2303.79 2353.16 2383.86 2357.61 2332.39 2307.66 2234.62 2167.52 2107.07 2082.13 2062.13 2053.53 2106.51 2149.00 2192.25 2198.19 2207.44
2220.70 2200.30 2178.30 2156.08 2141.16 2129.12 2121.76 2127.46 2128.55 2123.66 1914.26 1711.22 1594.34 1663.51 1729.11 1794.40 1876.93 1960.56 2045.24 2014.13 1968.73 1916.23 1920.31 1940.69
1942.48 1774.60 1697.87 1824.18 1914.99 2004.69 2090.10 2128.63 2163.52 2198.13 2197.03 2165.67 2115.98 2048.70 2011.71 2006.87 2114.81 2217.74 2318.32 2333.65 2330.99 2319.88 2316.62 2312.23
2306.01 2108.01 1851.17 1488.83 1131.44 1434.10 1775.43 1706.37 1636.75 1561.96 1454.40 1441.37 1510.43 1624.17 1716.77 1860.15 1955.54 2080.03 2192.82 2162.98 2118.28 2065.09 2067.42 2077.97
2096.10 2100.02 2106.25 2112.36 2121.19 2129.96 2136.04 2064.37 2019.92 1995.18 1796.62 1782.62 1918.75 1977.17 2039.00 2101.66 2076.29 2054.93 2041.95 2050.57 2053.64 2060.91 2058.50 2057.97
2059.76 2087.56 2115.24 2143.49 2126.20 2118.77 2125.81 2068.43 2011.99 1932.31 1929.45 1987.15 2077.71 2113.06 2156.63 2204.71 2208.84 2217.80 2231.64 2207.30 2178.28 2160.40 2164.27 2174.65
2189.81 2196.67 2205.36 2215.80 2234.81 2262.20 2296.71 2348.16 2385.06 2406.83 2401.08 2397.29 2389.59 2243.35 2063.20 1854.14 1610.41 1414.91 1576.42 1808.04 2024.01 2179.56 2183.95 2184.08
2131.60 2104.05 2074.55 2046.24 2037.96 2032.06 2027.49 1973.03 1926.69 1881.45 1956.97 2069.11 2171.54 2226.51 2280.48 2332.89 2339.42 2346.20 2356.90 2353.35 2336.92 2311.67 2355.93 2404.92
2457.97 2414.23 2366.29 2315.13 2275.62 2234.11 2191.15 2219.81 2240.19 2250.00 2143.59 2038.56 1951.77 1912.84 1934.30 2006.85 1961.53 1916.95 1874.53 1889.01 1920.61 1959.57 1959.31 1950.76
1954.57 1953.19 1954.46 1962.23 1951.83 1945.18 1938.43 1997.52 2084.73 2168.74 2221.58 2269.94 2311.44 2269.66 2234.48 2218.86 2154.67 2081.56 2001.08 2018.57 2038.99 2069.09 2066.93 2064.45
2066.15 2024.97 2000.38 2005.44 1952.31 1893.02 1836.79 1687.76 1531.03 1331.59 889.23 1283.13 1519.85 1424.12 1422.88 1440.99 1715.26 1906.15 2079.44 2050.93 2010.90 1966.77 2111.06 2242.26
2364.16 2308.45 2262.08 2234.26 2142.35 1986.03 1872.66 1465.49 1653.38 1985.84 1951.71 1983.75 2073.82 2063.82 2060.36 2056.92 2118.38 2184.38 2255.41 2192.39 2108.74 2012.64 1990.33 1989.33
2010.30 1974.93 1955.18 1957.08 1956.96 1958.46 1959.35 1875.91 1792.18 1703.77 1777.92 1831.92 1810.82 1789.17 1808.55 1852.82 1964.77 2080.26 2197.26 2144.32 2161.85 2265.08 2138.57 2009.74
1923.92 1882.29 1896.30 1968.33 2048.22 2126.04 2196.54 2183.23 2169.34 2150.83 2078.83 2006.61 1931.16 1942.88 1978.34 2029.11 2044.20 2075.91 2119.96 2104.47 2073.92 2031.94 2027.01 2025.82
2029.15 2008.55 1995.53 1988.84 1990.84 1994.57 1996.75 1955.33 1981.54 2035.14 2114.41 2190.04 2254.47 2223.84 2201.61 2182.39 2195.70 2217.09 2248.71 2216.69 2164.70 2095.96 2158.70 2223.90
2286.96 2321.82 2359.79 2405.22 2330.74 2245.10 2143.02 2133.91 2126.84 2117.99 2068.52 2025.34 1985.59 2019.39 2062.29 2112.05 2166.54 2223.74 2283.95 2253.65 2205.25 2140.59 2134.27 2132.09
2134.45 2103.16 2069.21 2033.07 1997.96 1979.69 1979.61 1973.43 2032.20 2106.85 2117.34 2133.08 2149.89 2152.32 2163.56 2181.90 2232.47 2284.18 2339.97 2384.73 2423.39 2459.93 2417.91 2385.24
2365.24 2386.29 2406.41 2427.67 2424.53 2419.56 2399.98 2396.49 2380.52 2360.43 2266.93 2179.87 2102.47 2063.57 2036.08 2010.06 2007.04 2008.62 2017.96 2063.04 2103.67 2146.31 1836.16 1633.02
1650.72 1489.93 1911.47 2216.23 2395.92 2547.32 2681.26 2669.62 2657.77 2646.62 2633.40 2622.43 2615.60 2593.01 2578.22 2561.24 2551.20 2545.69 2542.65 2514.91 2477.84 2434.30 2446.59 2457.69
2459.82 2431.36 2402.77 2370.76 2393.12 2394.29 2392.84 2404.44 2416.38 2431.92 2417.09 2414.62 2435.82 2302.39 2210.93 2228.03 2201.84 2183.56 2175.54 2205.14 2248.11 2332.33 2250.62 2113.54
1981.61 1963.24 1947.93 1934.04 1864.56 1827.70 1832.45 1861.27 1915.12 1961.24 1894.07 1871.33 1882.58 1909.05 2007.55 2142.67 2185.11 2234.87 2246.01 2138.30 2005.46 1851.38 1806.88 1730.56
1570.72 1418.28 1256.60 1278.75 1634.83 1877.02 2059.59 1920.65 1769.03 1593.87 1352.39 1212.01 1197.95 1320.72 1469.72 1602.86 1660.05 1759.81 1867.32 1910.14 1952.10 1996.68 2013.97 2043.23
2085.10 2084.48 2083.72 2084.13 2100.00 2118.87 2136.66 2065.42 1994.27 1916.59 1924.45 1936.92 1952.89 1920.57 1926.44 1965.86 2027.68 2092.84 2162.59 2141.87 2111.06 2077.71 2066.69 2058.59
2052.51 1990.94 1925.01 1853.26 1797.35 1749.32 1712.33 1711.57 1724.29 1733.89 1732.33 1738.94 1747.36 1607.59 1583.65 1692.46 1804.09 1909.65 2010.42 2009.11 2013.59 2029.97 2024.43 2030.20
2047.21 2050.01 2056.30 2065.04 2067.39 2071.41 2068.27 1912.88 1756.62 1611.11 1503.24 1423.87 1391.59 1379.40 1418.27 1486.79 1640.50 1797.46 1945.45 1973.82 2002.14 2035.15 2034.22 2039.13
2049.46 2051.49 2054.48 2058.95 2049.02 2038.75 2025.47 2064.74 2095.01 2111.16 2053.34 1998.18 1943.72 1905.40 1880.67 1868.78 1927.99 1998.44 2076.08 2076.29 2066.10 2047.63 2040.28 2044.67
2064.61 2096.40 2134.23 2176.69 2187.11 2199.33 2207.00 2287.26 2350.42 2393.76 2383.50 2372.77 2361.29 2310.21 2265.42 2225.39 2212.66 2201.74 2195.82 2182.21 2167.41 2161.03 2239.41 2313.27
2382.74 2376.25 2371.88 2368.15 2355.19 2340.85 2323.19 2372.12 2416.17 2442.38 2342.12 2254.20 2182.28 2168.50 2170.55 2169.77 2205.28 2241.57 2279.59 2253.38 2209.76 2151.67 2158.75 2164.89
2172.94 2176.69 2179.04 2182.84 2066.41 1933.73 1774.68 1432.93 1618.24 1863.22 1925.51 2002.41 2078.26 2062.83 2066.42 2084.27 2148.01 2216.49 2287.10 2241.57 2176.95 2090.29 2086.65 2084.46
2079.29 2081.25 2088.35 2099.90 2111.15 2123.53 2129.89 2111.17 2157.27 2219.28 2266.07 2338.35 2409.26 2400.74 2394.08 2392.86 2417.24 2444.85 2477.25 2418.40 2341.96 2249.61 2326.43 2392.52
2425.14 2368.77 2360.19 2426.28 2447.94 2470.56 2496.58 2543.07 2589.66 2633.28 2620.07 2610.00 2601.64 2599.11 2602.35 2609.77 2550.31 2490.63 2430.91 2363.23 2283.51 2205.41 2212.00 2218.66
2225.53 2225.07 2224.30 2224.18 2192.59 2160.21 2120.79 1982.29 1836.56 1674.13 1785.98 1874.06 1943.11 1883.54 1840.87 1817.08 1864.64 1927.80 1999.50 1995.31 1982.88 1967.78 1981.15 1996.70
2014.64 2044.01 2082.39 2128.95 2196.04 2259.64 2313.69 2324.43 2333.69 2335.09 2318.22 2302.27 2286.76 2291.28 2309.84 2340.25 2375.97 2415.45 2457.93 2468.67 2472.17 2468.63 2498.63 2532.68
2571.21 2541.38 2511.68 2482.55 2379.66 2260.56 2117.89 2147.42 2176.27 2195.68 2213.03 2233.82 2254.46 2256.67 2274.41 2307.07 2331.04 2358.54 2392.17 2348.76 2288.18 2211.22 2218.33 2226.18
2237.17 2191.15 2142.08 2093.40 2043.83 1991.10 1929.73 2098.57 2224.30 2317.72 2307.72 2298.92 2290.12 2266.90 2255.27 2254.48 2304.26 2359.28 2420.63 2362.63 2284.21 2179.72 2198.19 2217.64
2238.17 2210.29 2182.12 2152.22 2183.24 2214.78 2239.44 2250.35 2257.78 2258.24 2265.89 2272.54 2304.85 2283.34 2270.73 2277.65 2290.79 2309.96 2327.25 2307.42 2276.14 2229.71 2260.29 2299.70
2345.47 2310.55 2276.27 2243.56 2249.84 2254.90 2255.88 2260.44 2269.22 2276.11 2239.61 2205.60 2172.50 2141.24 2120.38 2107.09 2144.07 2189.76 2243.69 2236.22 2217.77 2190.39 2244.29 2299.26
2355.33 2312.66 2269.01 2224.94 2181.49 2135.37 2082.98 2193.27 2281.90 2358.92 2270.72 2190.97 2118.81 2034.61 1951.22 1856.63 1851.98 1866.48 1903.62 1897.57 1875.80 1839.78 1888.10 1945.08
2010.85 1913.55 1847.61 1841.09 1748.97 1689.95 1693.68 1710.55 1744.75 1780.66 1518.09 1455.13 1590.24 1719.83 1832.33 1928.05 1982.67 2032.51 2086.08 2066.89 2041.14 2001.14 2004.53 2007.09
2010.57 2025.96 2031.41 2024.28 2013.99 1979.70 1939.43 1953.20 1961.12 1960.53 1925.97 1894.23 1848.49 1862.75 1903.91 1960.99 2028.45 2105.84 2189.65 2134.91 2072.76 1987.29 1993.10 1997.16
1998.47 1966.70 1926.16 1896.26 1848.88 1859.28 1919.67 1830.07 1738.18 1639.87 1689.53 1782.38 1879.47 1833.91 1796.65 1766.36 1820.43 1877.64 1933.22 1942.47 1942.79 1933.86 1929.29 1935.42
1950.00 1927.33 1909.52 1898.02 1869.87 1842.90 1809.51 1748.25 1686.09 1611.35 1606.57 1682.96 1775.96 1720.72 1689.37 1667.51 1802.52 1920.91 2035.92 1995.19 1949.33 1897.20 2025.81 2144.40
2258.14 2074.21 1846.90 1593.10 1629.38 1710.45 1808.10 1724.16 1636.43 1519.91 1496.50 1484.88 1499.44 1543.30 1648.88 1722.61 1793.49 1881.88 1959.81 1961.97 1956.45 1938.53 1934.20 1930.12
1924.73 1857.27 1796.49 1753.03 1753.40 1779.44 1822.50 1760.00 1756.50 1770.49 1789.72 1817.79 1836.14 1813.37 1821.35 1848.86 1821.64 1795.77 1772.30 1829.50 1892.18 1955.45 1947.81 1939.40
1928.79 1900.14 1905.22 1943.68 1931.01 1929.20 1932.65 2017.99 2069.86 2107.07 2030.41 1965.53 1877.59 1845.08 1841.48 1869.17 1910.33 1953.60 1997.34 1991.99 1976.55 1948.37 1901.75 1855.90
1810.80 1841.19 1872.99 1903.47 1879.70 1859.25 1842.66 1797.79 1752.77 1700.98 1630.68 1564.70 1512.05 1557.70 1613.86 1692.80 1880.16 2017.77 2136.96 2099.68 1999.51 1837.08 1825.03 1814.32
1806.64 1782.52 1761.32 1748.60 1586.04 1602.76 1673.17 1650.33 1662.22 1631.97 1642.47 1653.52 1669.03 1755.81 1840.09 1929.41 1940.26 1953.11 1962.46 1971.14 1973.33 1970.88 1922.56 1880.89
1854.63 1836.98 1877.62 1961.95 1967.74 1971.82 1969.70 1888.83 1897.48 1955.58 1916.74 1880.15 1847.15 1802.74 1784.40 1792.56 1745.69 1703.41 1667.39 1737.77 1822.10 1910.73 1912.91 1915.31
1919.67 1822.37 1718.55 1630.99 1538.01 1462.46 1432.48 1361.32 1333.20 1327.52 1289.14 1259.85 1218.08 1381.54 1499.92 1602.82 1716.97 1822.26 1921.54 1929.97 1929.89 1919.82 1924.00 1932.23
1944.22 1943.38 1943.44 1944.00 1937.08 1931.49 1917.73 1917.63 1956.51 2001.41 1554.32 989.99 1635.60 1854.57 2051.90 2225.93 2284.22 2345.44 2382.58 2422.15 2453.10 2471.72 2541.37 2616.83
2694.71 2667.14 2636.18 2601.71 2566.51 2528.44 2485.84 2458.72 2433.01 2400.09 2340.89 2287.00 2240.42 2220.81 2209.14 2206.08 2185.55 2167.33 2146.94 2097.17 2035.06 1954.98 1945.35 1936.30
1925.00 1940.29 1957.32 1976.37 1819.89 1641.04 1498.11 1477.86 1591.14 1706.49 1773.27 1830.65 1859.78 1923.62 1985.54 2043.39 2102.02 2161.46 2220.80 2163.46 2090.73 2000.17 2001.91 2009.43
2024.12 2025.55 2027.69 2031.60 1817.61 1748.13 1907.81 1533.07 1086.22 1280.79 1653.32 1900.74 2067.02 2123.11 2186.10 2250.75 2244.07 2242.89 2247.13 2188.82 2109.34 2003.42 1984.74 1956.12
1911.38 1904.59 1897.26 1889.21 1641.53 1397.98 1636.77 1635.48 1635.28 1626.42 1744.75 1852.71 1945.67 1984.21 2027.22 2072.54 2149.39 2224.50 2298.40 2247.05 2174.84 2073.48 2072.29 2072.76
2073.64 2104.24 2137.50 2172.93 2155.08 2140.79 2122.54 2193.31 2251.88 2292.49 2300.95 2306.46 2315.36 2290.59 2276.87 2266.93 2271.63 2279.16 2290.39 2259.79 2214.07 2146.69 2184.63 2223.69
2265.87 2278.63 2291.30 2306.43 2305.21 2304.94 2300.94 2303.10 2301.28 2290.96 2223.79 2158.28 2094.09 2017.66 1947.28 1880.57 1876.69 1885.35 1909.23 1946.10 1987.23 2029.47 2021.02 2004.07
1940.30 1996.87 2052.97 2109.77 2101.85 2082.14 1989.99 1830.38 1712.26 1692.54 1635.28 1580.85 1528.04 1542.06 1677.24 1850.78 1883.05 1920.81 1965.47 1993.70 2043.65 2112.71 2070.86 2022.54
1967.88 1879.00 1785.50 1697.72 1752.56 1804.35 1848.92 1771.03 1696.32 1601.40 1636.29 1666.62 1690.86 1670.08 1655.46 1649.71 1635.48 1633.74 1647.47 1663.98 1728.86 1828.71 1873.05 1916.07
1965.24 1904.56 1837.53 1762.47 1674.06 1660.83 1727.65 1749.39 1813.97 1881.00 1919.40 1936.40 1947.05 1917.22 1895.68 1879.62 1883.70 1896.21 1915.56 1938.61 1958.37 1978.64 1966.51 1967.38
1982.15 2016.31 2049.57 2086.73 2105.38 2126.51 2119.70 2088.65 2066.16 2044.49 1890.77 1733.09 1583.02 1455.12 1327.22 1209.73 1281.09 1352.99 1424.02 1411.47 1566.77 1796.94 1871.51 1946.88
2020.63 2004.60 1987.00 1970.05 1864.43 1810.29 1840.14 1747.61 1800.45 1902.03 1889.28 1860.91 1834.98 1840.36 1828.73 1827.73 1845.44 1866.65 1891.43 1926.79 1977.66 2042.21 2082.24 2130.22
2184.32 2224.46 2269.31 2316.21 2298.04 2281.91 2262.25 2276.59 2285.17 2281.81 2224.50 2168.07 2111.90 2072.13 2040.92 2018.62 2038.94 2070.21 2109.98 2114.85 2111.89 2095.14 2127.61 2160.82
2195.36 2190.21 2186.46 2183.48 2171.86 2159.81 2140.68 2202.70 2253.93 2292.08 2266.20 2240.84 2218.37 2179.77 2149.57 2127.78 2135.00 2148.51 2167.56 2157.44 2142.93 2118.42 2189.72 2267.39
2348.34 2328.89 2312.61 2300.05 2266.35 2232.32 2195.03 2244.60 2290.97 2326.86 2202.44 2080.96 1955.82 1865.85 1778.91 1688.47 1671.53 1680.52 1729.12 1592.96 1706.85 1974.58 1982.40 2001.59
2031.92 2035.78 2039.74 2046.22 2065.37 2085.43 2101.11 2088.79 2080.46 2067.88 2015.40 1971.07 1934.40 1900.24 1889.41 1900.02 1971.78 2045.05 2118.26 2048.45 1965.66 1865.00 1840.09 1833.96
1853.37 1845.80 1854.76 1894.51 1835.89 1753.22 1650.70 1704.45 1745.58 1769.62 1784.65 1807.08 1830.62 1861.72 1901.89 1949.84 1994.87 2041.25 2090.18 2074.26 2046.34 2001.09 2016.96 2040.93
2072.94 2046.74 2024.04 2008.72 1980.14 1949.61 1908.95 1920.03 1933.62 1938.77 1947.00 1956.35 1964.81 1967.08 1989.02 2025.80 2045.07 2069.97 2101.32 2063.37 2008.69 1929.43 1952.00 1981.54
2017.38 1998.03 1977.16 1952.26 1935.31 1924.84 1916.17 2024.04 2105.17 2160.56 2123.18 2087.70 2052.66 2007.41 1971.71 1947.40 1954.04 1965.74 1981.95 1967.99 1944.83 1904.98 1896.65 1897.82
1912.06 1929.79 1947.50 1965.88 1957.52 1951.96 1944.49 1989.96 2025.03 2044.62 1977.16 1913.63 1852.82 1771.88 1746.02 1781.54 1819.65 1861.29 1904.67 1914.74 1917.92 1908.82 1915.22 1924.74
1938.00 1923.08 1904.70 1885.44 1877.95 1890.63 1917.22 1904.06 1888.29 1861.06 1742.34 1618.02 1495.96 1421.81 1378.28 1375.17 1337.07 1353.91 1424.07 1508.54 1584.39 1645.29 1704.47 1762.19
1820.30 1866.56 1921.58 1981.67 1935.48 1890.25 1844.56 1708.23 1557.88 1373.05 1086.00 795.02 1087.20 1376.86 1606.94 1786.06 1835.79 1895.64 1962.29 1956.90 1947.15 1929.24 1922.47 1917.66
1914.89 1917.00 1920.72 1924.57 1915.56 1909.71 1900.10 1788.56 1802.27 1880.55 1770.51 1658.64 1544.87 1569.76 1657.79 1763.24 1880.87 1990.71 2096.51 2060.65 2010.29 1934.28 1957.36 1990.29
2031.66 2024.52 2017.17 2012.54 2006.23 2000.77 1987.69 2024.39 2060.30 2083.02 1998.40 1914.83 1832.62 1765.08 1728.58 1730.27 1801.23 1879.78 1963.05 1973.01 1975.93 1966.49 2011.96 2068.31
2132.08 2085.26 2037.65 1991.44 1957.97 1926.00 1889.39 1923.12 1952.56 1968.94 1946.66 1926.61 1907.99 1896.39 1902.71 1920.54 1971.40 2024.61 2080.50 2077.41 2067.40 2043.89 2066.81 2106.50
2160.40 2098.93 2028.57 1951.13 1931.79 1919.78 1909.27 1952.97 1987.76 2007.08 1957.61 1918.94 1889.35 1904.56 1924.81 1946.59 1981.65 2021.07 2064.26 2025.31 1976.51 1915.85 1925.63 1947.53
1982.03 1963.76 1956.31 1961.81 1959.59 1958.44 1949.31 2006.27 2051.44 2079.48 2009.77 1941.79 1876.83 1844.41 1833.04 1839.33 1888.52 1942.34 2000.24 1972.18 1939.44 1901.30 1893.46 1894.88
1906.65 1919.05 1937.43 1964.44 1944.22 1922.77 1894.44 1864.75 1856.11 1881.92 1586.48 1143.70 862.14 1209.89 1467.88 1671.61 1780.36 1884.85 1986.29 1952.72 1908.90 1842.38 1869.12 1884.53
1899.69 1880.83 1861.31 1835.87 1767.84 1741.23 1770.07 1607.21 1430.35 1259.79 1346.19 1384.29 1422.69 1427.03 1435.05 1471.61 1609.83 1733.34 1854.10 1814.21 1764.68 1702.24 1718.14 1749.93
1794.57 1792.04 1792.48 1797.91 1728.51 1693.35 1709.95 1660.05 1615.85 1572.59 1505.68 1451.90 1410.30 1399.41 1408.16 1448.00 1656.86 1827.40 1973.90 1959.10 1933.99 1894.91 1906.81 1919.76
1937.02 1956.57 1985.29 2020.23 1992.16 1964.60 1935.65 1987.02 2030.95 2056.45 1966.41 1880.88 1798.82 1682.09 1589.78 1551.79 1631.35 1714.03 1798.03 1850.62 1899.47 1938.82 1946.53 1956.64
1966.82 1965.76 1967.14 1969.32 1960.50 1951.89 1937.13 1856.26 1775.91 1712.94 1478.42 1189.37 903.39 1160.15 1392.27 1577.99 1632.76 1692.36 1752.17 1797.92 1840.65 1867.20 1882.69 1892.81
1908.90 1901.99 1904.69 1918.23 1941.83 1970.08 1997.56 1950.68 1904.14 1847.91 1893.69 1933.01 1967.10 1933.33 1895.90 1863.07 1872.64 1890.19 1915.45 1904.39 1884.34 1847.72 1819.81 1790.35
1761.11 1815.57 1864.90 1913.88 1906.78 1901.11 1891.38 1833.08 1775.38 1708.74 1741.68 1770.95 1790.99 1846.49 1902.03 1955.69 1966.07 1983.28 2006.14 1993.03 1965.83 1919.71 1929.48 1939.16
1950.13 1959.98 1969.41 1977.90 1927.03 1891.56 1885.90 1844.80 1799.37 1752.04 1842.34 1918.72 1984.57 1997.15 2028.72 2069.89 2059.56 2055.82 2057.38 2013.91 1945.87 1850.85 1859.37 1868.61
1877.57 1877.59 1877.45 1875.59 1860.41 1842.00 1817.72 1610.11 1345.72 946.52 1352.56 1559.52 1702.73 1771.88 1837.75 1898.63 1930.18 1968.07 2011.45 1972.45 1917.78 1839.57 1842.01 1843.91
1847.14 1840.20 1832.84 1825.20 1666.48 1546.10 1594.73 1606.92 1655.99 1698.29 1643.92 1593.07 1548.62 1427.60 1298.34 1127.23 1277.67 1445.85 1599.81 1688.01 1735.77 1775.32 1777.86 1788.28
1810.58 1817.16 1823.25 1831.21 1885.29 1936.92 1982.57 1989.94 2010.92 2027.44 1951.56 1878.95 1809.10 1778.01 1784.94 1823.35 1863.33 1908.82 1957.95 1954.43 1938.11 1905.96 1914.36 1922.39
1929.80 1936.76 1957.17 1991.75 2009.04 2027.84 2045.50 2107.11 2154.57 2183.43 2113.30 2045.88 1982.01 1943.63 1918.85 1904.71 1943.46 1988.24 2039.12 2016.31 1978.56 1917.70 1948.65 1979.72
2008.61 2040.53 2074.84 2112.48 2131.77 2155.07 2179.56 2231.04 2272.51 2299.36 2233.41 2170.58 2110.20 2086.21 2070.99 2061.68 2090.92 2124.89 2164.94 2123.64 2059.58 1963.27 1968.99 1973.39
1976.80 1989.05 2004.65 2026.55 2043.87 2064.60 2083.63 2166.63 2229.98 2270.49 2203.91 2141.39 2082.33 2045.85 2017.37 1995.29 2028.92 2066.92 2108.82 2082.31 2038.19 1973.00 1980.64 1987.59
1993.60 2004.74 2020.85 2040.71 2043.20 2047.80 2052.65 2102.27 2138.83 2157.32 2083.08 2011.44 1943.96 1921.11 1908.84 1902.35 1925.42 1954.45 1989.81 1991.94 1984.88 1963.39 1973.31 1981.83
1988.59 1989.00 2002.74 2029.47 2026.11 2022.60 2014.02 2024.63 2026.14 2015.26 1911.35 1809.55 1707.22 1681.40 1691.55 1725.88 1752.74 1786.23 1825.41 1848.62 1864.70 1872.73 1819.59 1772.72
1742.69 1715.32 1697.64 1691.97 1683.35 1759.67 1885.65 1958.09 1977.28 1984.92 2051.46 2114.77 2174.08 2155.03 2142.80 2133.26 2190.10 2250.67 2314.32 2306.71 2289.26 2257.67 2224.94 2188.62
2151.79 2100.14 2043.53 1981.69 1970.92 1958.65 1943.94 2071.39 2172.16 2246.52 2223.36 2200.76 2179.98 2154.49 2135.41 2119.20 2101.02 2085.05 2070.00 2053.29 2027.80 1991.13 2000.79 2016.09
2036.70 1994.25 1950.66 1905.27 1781.10 1631.48 1458.01 1367.79 1343.00 1356.97 1465.81 1558.44 1617.81 1615.87 1647.88 1688.51 1673.46 1677.29 1702.37 1731.25 1753.50 1767.72 1774.45 1783.55
1798.73 1696.68 1638.69 1674.50 1689.64 1713.45 1742.06 1726.98 1715.30 1691.80 1645.66 1603.56 1568.71 1631.93 1709.32 1789.25 1824.91 1863.61 1906.60 1927.31 1940.60 1945.16 1919.36 1891.15
1860.69 1808.76 1803.04 1850.26 1852.48 1860.89 1873.33 1838.05 1810.64 1777.29 1746.35 1719.95 1701.07 1660.42 1696.67 1781.52 1782.02 1786.98 1796.05 1841.00 1881.16 1913.29 1913.08 1928.17
1959.87 1898.12 1834.35 1773.07 1678.04 1594.13 1557.00 1578.08 1594.47 1591.84 1546.53 1544.73 1573.71 1570.43 1572.14 1580.41 1659.75 1739.30 1820.19 1846.03 1864.32 1872.84 1846.39 1858.31
1909.76 1884.93 1862.77 1841.97 1808.69 1781.36 1758.84 1641.52 1747.98 1899.70 1902.57 1906.22 1910.46 1896.88 1886.22 1870.78 1881.57 1903.97 1934.06 1860.98 1768.07 1659.17 1603.48 1562.24
1549.61 1515.80 1542.87 1616.55 1733.99 1839.90 1935.75 1827.84 1729.14 1634.65 1569.56 1507.94 1440.44 1245.28 1202.33 1439.29 1459.35 1486.56 1518.26 1621.95 1704.25 1774.75 1680.11 1573.81
1461.91 1509.91 1608.04 1720.61 1748.95 1776.97 1803.72 1633.22 1430.48 1155.13 1228.08 1303.43 1363.10 1396.23 1487.46 1591.16 1704.40 1809.86 1911.47 1918.96 1915.46 1901.12 1910.25 1917.96
1926.38 1915.95 1904.68 1893.91 1801.97 1694.77 1563.13 1493.70 1430.42 1364.39 1451.33 1519.67 1575.71 1604.97 1640.71 1677.88 1739.71 1802.89 1872.42 1870.96 1856.25 1831.43 1816.38 1807.10
1806.31 1818.94 1844.66 1880.77 1877.44 1874.04 1868.14 1824.47 1794.28 1762.06 1704.17 1650.66 1602.47 1576.84 1604.65 1671.13 1717.74 1766.69 1821.90 1811.56 1794.30 1776.69 1754.21 1743.11
1746.92 1789.93 1836.13 1885.44 1867.77 1860.23 1864.48 1866.70 1876.39 1877.39 1827.10 1779.61 1733.96 1689.52 1665.89 1667.57 1663.78 1669.79 1685.15 1749.96 1809.68 1866.30 1892.24 1921.37
1953.25 1935.72 1934.34 1951.95 1965.73 1984.45 2006.52 2025.35 2037.24 2034.29 1990.11 1950.38 1914.92 1783.86 1645.59 1522.57 1379.22 1400.87 1580.21 1685.13 1814.60 1949.82 1998.73 2047.17
2095.34 2087.30 2078.99 2069.53 2053.07 2030.13 1987.20 1918.98 1862.13 1810.08 1893.11 1958.92 2001.96 1982.28 1982.11 1999.94 2000.99 2015.96 2049.34 2008.75 1949.81 1869.49 1878.51 1887.14
1897.95 1892.20 1886.37 1881.21 1778.97 1658.85 1521.61 1412.53 1324.47 1264.43 1034.74 763.69 714.56 1075.76 1357.47 1546.76 1594.61 1644.03 1700.67 1759.39 1807.91 1831.13 1845.31 1862.24
1883.26 1880.61 1877.08 1872.83 1717.31 1515.00 1234.08 1060.29 922.51 939.18 951.38 1139.99 1301.29 1415.39 1517.34 1611.74 1642.95 1674.08 1715.17 1726.40 1731.76 1732.16 1763.78 1795.95
1829.44 1781.07 1752.75 1755.35 1783.11 1824.19 1873.00 1877.25 1882.87 1880.50 1763.33 1643.54 1518.09 1469.00 1456.44 1483.43 1565.69 1650.54 1739.66 1768.32 1788.98 1804.86 1835.44 1865.39
1898.74 1887.49 1898.33 1932.23 1938.28 1944.73 1950.72 1981.16 2016.96 2043.88 1910.70 1746.24 1567.85 1522.78 1528.12 1562.24 1617.00 1678.44 1748.81 1782.86 1812.23 1839.26 1797.18 1762.30
1744.51 1699.80 1653.45 1609.10 1654.53 1771.91 1905.08 1937.75 1964.61 1979.62 1838.00 1690.51 1536.40 1527.06 1573.63 1653.30 1729.01 1806.85 1890.27 1884.52 1864.51 1831.57 1807.78 1782.34
1758.88 1784.63 1856.02 1944.90 1960.39 1976.55 1992.42 2011.94 2031.50 2042.89 1938.40 1833.43 1726.27 1601.54 1551.25 1605.12 1652.03 1703.70 1763.93 1785.23 1795.74 1798.05 1791.81 1783.04
1776.17 1834.27 1896.35 1960.53 1970.04 1984.16 2001.87 2044.37 2074.20 2086.89 1996.90 1909.96 1824.18 1754.23 1696.68 1659.77 1706.16 1754.76 1809.71 1841.97 1864.05 1881.33 1906.16 1931.34
1956.70 1972.13 1987.00 2002.95 2006.89 2010.85 2014.02 2048.61 2073.77 2084.25 1992.69 1903.85 1818.47 1766.40 1731.18 1716.20 1746.15 1781.18 1822.90 1824.47 1821.41 1822.49 1855.23 1888.85
1923.83 1917.75 1927.63 1952.46 1946.09 1949.40 1960.10 1893.35 1826.67 1752.10 1554.73 1381.10 1331.81 1454.99 1561.81 1647.16 1675.28 1700.15 1733.08 1774.25 1791.82 1806.43 1828.95 1856.64
1891.27 1889.64 1889.03 1893.26 1904.12 1911.66 1913.38 1895.39 1878.70 1855.90 1839.71 1829.15 1820.88 1781.20 1745.18 1713.82 1720.26 1743.04 1787.33 1828.75 1854.96 1867.81 1898.41 1906.09
1915.01 1903.10 1891.49 1883.26 1849.42 1811.91 1768.14 1715.60 1688.20 1669.68 1615.72 1568.19 1523.00 1496.93 1477.62 1466.31 1525.61 1587.28 1654.67 1731.74 1804.20 1878.77 1886.81 1906.34
1936.61 1935.80 1940.66 1953.16 1936.00 1924.88 1919.86 1858.12 1804.55 1754.70 1701.72 1654.41 1609.95 1552.19 1538.53 1573.04 1648.49 1724.29 1803.42 1834.40 1860.32 1888.16 1907.62 1928.24
1949.41 1945.36 1948.31 1958.90 1951.78 1963.46 1992.36 2067.27 2121.96 2155.25 2077.65 2003.53 1930.15 1903.67 1887.78 1884.12 1914.29 1951.21 1998.94 1991.03 1967.31 1931.83 1935.42 1942.72
1955.75 1951.81 1970.77 2013.15 2022.61 2035.57 2053.05 2097.99 2130.84 2146.93 2036.26 1928.80 1824.98 1814.19 1817.32 1834.04 1875.06 1920.77 1976.32 1961.41 1926.89 1878.41 1897.89 1917.32
1937.83 1923.62 1911.80 1899.19 1884.05 1875.47 1873.19 1879.11 1891.36 1896.56 1746.71 1589.48 1421.15 1443.03 1505.95 1578.87 1653.39 1727.75 1805.04 1841.87 1867.36 1889.00 1903.66 1923.02
1949.25 1942.06 1950.79 1978.76 1962.79 1950.79 1946.74 1938.90 1926.45 1904.10 1757.13 1628.60 1547.24 1566.69 1592.43 1626.71 1699.48 1774.94 1855.31 1863.96 1857.88 1847.18 1844.22 1863.77
1905.45 1897.11 1887.38 1878.75 1817.12 1854.34 1968.25 1919.57 1895.66 1888.38 1766.95 1640.06 1498.17 1477.41 1481.90 1507.56 1614.54 1731.38 1851.63 1849.07 1841.09 1839.32 1815.73 1813.88
1838.09 1803.43 1821.16 1890.42 1900.43 1920.60 1948.41 1973.64 2021.54 2047.78 1913.98 1774.72 1625.51 1514.57 1435.33 1448.14 1559.01 1663.66 1765.55 1786.43 1788.75 1778.58 1799.74 1828.96
1864.83 1880.67 1906.14 1941.27 1939.87 1946.74 1960.56 1993.27 2017.21 2027.13 1916.87 1802.83 1690.93 1621.40 1589.58 1607.79 1730.90 1811.90 1891.70 1892.48 1879.17 1863.71 1864.04 1873.14
1891.35 1892.63 1895.68 1898.66 1875.89 1863.75 1866.26 1806.32 1751.41 1706.05 1583.80 1480.13 1440.68 1577.49 1694.25 1802.32 1882.91 1959.23 2036.33 1999.57 1945.26 1880.12 1871.62 1864.30
1862.80 1831.91 1801.68 1776.69 1797.27 1817.41 1838.66 1870.24 1898.53 1913.48 1918.42 1922.18 1924.31 1873.49 1837.08 1819.37 1815.31 1814.06 1822.08 1833.03 1845.58 1875.98 1882.88 1892.65
1905.43 1914.24 1930.77 1958.96 1951.25 1943.41 1934.92 1969.16 1990.60 1996.33 1934.03 1873.49 1811.53 1801.25 1794.75 1794.23 1827.15 1864.24 1909.53 1911.83 1903.74 1900.20 1905.64 1912.05
1922.04 1908.82 1895.63 1874.05 1785.73 1706.21 1587.23 1628.09 1874.80 2074.18 2014.50 2005.01 2027.42 1959.05 1866.28 1780.23 1785.30 1794.94 1811.49 1873.75 1926.04 1977.31 2007.71 2036.92
2069.12 2100.79 2132.92 2165.83 2062.82 1945.43 1813.06 1876.88 1935.75 1982.05 1770.96 1526.52 1252.66 1344.00 1432.58 1515.38 1586.33 1656.39 1730.11 1771.67 1802.46 1836.67 1843.79 1850.38
1858.62 1853.41 1862.16 1882.15 1873.52 1887.86 1925.97 1975.29 2013.82 2037.07 1998.15 1962.26 1927.23 1892.91 1881.72 1896.87 1920.80 1946.49 1977.72 1953.92 1915.52 1872.36 1889.65 1904.04
1920.77 1924.31 1929.89 1940.36 1945.56 1951.16 1957.17 1943.97 1939.83 1935.55 1851.40 1767.40 1685.76 1587.17 1622.07 1755.26 1798.28 1843.52 1897.62 1913.85 1916.60 1918.27 1917.82 1923.64
1936.80 1926.39 1919.01 1916.30 1892.42 1867.19 1839.03 1735.56 1625.99 1500.30 1376.58 1278.24 1236.14 1272.90 1366.79 1475.69 1614.92 1742.41 1865.70 1874.60 1877.98 1889.62 1916.31 1943.02
1972.78 1932.85 1888.45 1836.84 1811.23 1787.84 1765.84 1641.20 1533.76 1473.92 1402.05 1405.61 1440.95 1558.40 1660.07 1755.62 1800.12 1861.79 1944.69 1929.88 1897.75 1862.53 1857.78 1853.43
1849.38 1846.74 1846.08 1847.92 1787.60 1725.91 1667.82 1596.40 1584.47 1606.90 1516.40 1528.02 1601.94 1643.65 1688.24 1740.63 1788.16 1840.27 1899.30 1902.82 1892.65 1882.14 1895.53 1910.06
1927.83 1912.86 1899.62 1891.29 1847.40 1799.16 1747.56 1800.04 1846.39 1876.84 1759.09 1638.40 1514.43 1581.55 1671.29 1771.67 1815.20 1863.60 1917.75 1940.50 1949.98 1959.58 1951.50 1942.14
1930.21 1935.33 1942.73 1954.37 1844.57 1719.77 1590.48 1564.28 1533.23 1493.08 1547.70 1647.38 1730.85 1761.81 1797.24 1838.46 1862.08 1888.59 1922.11 1921.69 1903.89 1882.63 1812.56 1741.24
1675.56 1650.11 1643.55 1663.98 1743.12 1824.10 1903.20 1867.62 1826.94 1775.63 1717.49 1672.99 1646.12 1628.45 1616.17 1615.44 1674.98 1737.87 1808.00 1829.67 1838.60 1848.77 1843.65 1839.26
1835.14 1819.64 1821.07 1838.60 1856.02 1873.43 1890.71 1959.93 2005.93 2031.91 1920.04 1804.47 1674.99 1617.41 1627.50 1699.33 1773.42 1843.34 1918.52 1902.32 1870.98 1835.82 1845.61 1857.99
1872.08 1817.72 1757.24 1688.81 1639.21 1603.37 1590.14 1621.33 1652.43 1674.74 1625.26 1577.34 1518.96 1537.86 1561.52 1602.13 1722.88 1841.07 1959.23 1946.31 1918.40 1882.83 1892.81 1902.05
1914.27 1923.22 1936.44 1954.78 1955.43 1963.99 1979.51 2064.64 2125.47 2167.79 2134.96 2104.85 2076.62 2078.11 2085.83 2103.28 2106.95 2113.13 2125.63 2091.15 2036.34 1968.13 1986.46 2008.72
2034.16 2071.50 2107.79 2145.07 2118.48 2091.35 2062.58 2116.47 2162.40 2197.47 2192.70 2185.36 2175.05 2144.72 2122.67 2112.87 2127.22 2143.57 2163.57 2107.71 2026.46 1925.40 1992.17 2055.73
2117.24 2151.42 2186.49 2223.75 2216.65 2208.98 2200.60 2209.00 2212.49 2211.47 2158.46 2107.01 2057.99 2036.06 2026.60 2035.92 2075.02 2117.36 2160.74 2161.72 2155.88 2151.31 2158.55 2165.21
2174.17 2143.13 2109.23 2077.78 2083.29 2090.53 2096.87 2211.53 2311.77 2395.56 2347.75 2301.54 2253.45 2201.07 2154.07 2120.09 2139.14 2160.96 2187.06 2117.83 2026.84 1917.42 1996.94 2072.48
2141.48 2121.58 2101.71 2087.05 2055.48 2022.44 1989.26 2083.14 2153.66 2206.03 2180.17 2154.47 2128.74 2103.53 2083.79 2072.13 2062.90 2062.84 2077.28 2032.14 1966.20 1883.52 1905.75 1926.46
1947.02 1933.75 1919.74 1907.15 1891.73 1895.93 1929.75 1864.39 1780.54 1671.68 1629.47 1594.00 1575.67 1483.32 1503.59 1607.27 1750.24 1879.11 1999.89 1968.72 1923.19 1869.88 1877.69 1894.42
1921.00 1915.93 1923.82 1945.80 1894.62 1841.48 1783.90 1792.44 1795.91 1790.99 1780.98 1771.12 1763.54 1710.66 1668.84 1646.93 1719.11 1801.48 1891.69 1889.98 1878.33 1866.61 1840.54 1812.16
1782.71 1759.73 1741.56 1729.51 1689.30 1649.99 1613.88 1603.04 1603.27 1606.67 1660.43 1709.19 1742.06 1700.77 1676.29 1673.45 1740.21 1808.89 1884.72 1887.47 1879.26 1870.63 1861.70 1859.56
1864.90 1872.37 1881.33 1892.53 1820.12 1738.95 1643.06 1539.96 1460.65 1422.85 1479.82 1555.76 1625.94 1648.90 1704.95 1789.65 1859.99 1931.42 2003.17 1961.21 1904.41 1840.42 1843.08 1845.94
1849.45 1827.74 1803.79 1781.16 1830.58 1878.83 1927.20 1928.13 1961.09 2002.73 1883.53 1760.27 1636.56 1609.01 1680.67 1805.33 1873.32 1943.88 2018.57 1980.57 1928.80 1867.34 1886.52 1906.98
1932.57 1936.16 1939.39 1944.36 1922.38 1905.56 1892.94 1835.15 1768.58 1692.81 1580.61 1467.86 1356.38 1387.98 1477.05 1575.23 1697.17 1805.95 1913.75 1922.53 1923.87 1924.16 1930.24 1940.66
1955.89 1945.30 1933.63 1922.35 1868.73 1825.88 1805.95 1745.55 1676.86 1601.59 1587.22 1577.90 1570.93 1685.88 1783.59 1875.37 1883.93 1903.98 1939.11 1932.67 1916.19 1895.81 1899.71 1903.73
1907.85 1877.00 1846.75 1817.24 1681.81 1588.88 1620.75 1781.62 1905.24 2001.77 1946.49 1895.51 1846.55 1884.34 1940.75 2027.85 2047.18 2067.37 2091.88 2134.96 2174.48 2216.32 2249.29 2298.58
2361.83 2353.92 2344.69 2334.46 2308.07 2280.14 2251.92 2282.38 2300.80 2313.17 2279.00 2246.57 2216.41 2171.06 2137.04 2120.80 2160.38 2200.77 2245.21 2291.59 2334.76 2377.53 2371.33 2372.50
2381.30 2377.66 2374.17 2371.35 2337.98 2302.22 2264.95 2307.68 2348.03 2386.81 2293.85 2205.65 2125.40 2040.12 1954.46 1871.02 1798.07 1725.74 1663.19 1649.72 1657.42 1696.64 1739.51 1780.94
1821.31 1845.36 1897.49 1966.12 1999.44 2040.63 2085.90 2054.92 2018.84 1979.02 1916.60 1851.24 1780.95 1701.29 1671.06 1696.96 1778.76 1859.51 1919.54 1930.27 1940.07 1947.51 1896.36 1822.62
1715.32 1754.48 1805.91 1865.44 1830.47 1850.04 1919.47 2012.45 2084.01 2143.88 2105.12 2065.21 2025.32 1976.60 1939.25 1917.21 1849.97 1777.80 1712.55 1767.43 1817.85 1868.77 1891.89 1919.71
1953.41 1966.49 1983.47 2005.04 2002.35 1999.23 1994.83 2016.68 2026.72 2029.31 1988.00 1946.94 1908.83 1863.15 1839.50 1842.97 1805.65 1771.17 1745.37 1804.26 1862.03 1923.91 1936.28 1949.06
1963.21 1973.32 1983.55 1997.41 1992.36 1986.57 1980.79 1984.84 1979.21 1965.05 1939.42 1914.60 1889.57 1917.87 1953.23 1998.07 1955.21 1912.63 1876.52 1895.48 1912.05 1929.09 1944.95 1959.65
1976.45 1993.26 2017.66 2047.29 2045.30 2042.79 2039.08 2100.70 2143.45 2172.90 2136.64 2102.94 2070.50 1999.14 1932.29 1874.03 1834.34 1789.95 1747.59 1818.09 1888.28 1961.30 1981.41 2005.28
2031.97 2047.40 2067.19 2091.40 2059.09 2023.89 1985.90 2016.92 2037.75 2049.29 2029.97 2009.95 1990.53 1990.30 2009.26 2051.63 2043.88 2038.22 2037.69 2041.10 2039.95 2038.65 2056.57 2083.85
2117.52 2116.16 2114.33 2112.16 2124.35 2135.82 2146.41 2212.08 2258.64 2291.87 2269.35 2250.03 2231.92 2186.31 2151.48 2132.82 2125.48 2122.22 2124.10 2089.28 2043.91 1992.95 2011.87 2035.42
2063.31 2077.28 2091.97 2108.35 2144.21 2180.43 2219.21 2233.24 2237.26 2234.11 2245.51 2252.79 2256.59 2263.25 2274.23 2292.54 2255.90 2214.63 2172.04 2117.21 2049.99 1976.39 1989.10 2003.58
2017.96 2081.70 2145.07 2209.00 2193.12 2176.21 2158.46 2202.50 2235.17 2256.54 2253.97 2259.38 2266.26 2229.97 2197.98 2171.21 2112.62 2051.75 2005.13 1990.81 1974.46 1961.24 1965.60 1971.12
1976.89 2013.02 2058.95 2110.66 2125.16 2143.30 2164.26 2207.11 2239.58 2264.55 2225.75 2189.60 2153.63 2062.34 1971.00 1878.67 1814.35 1745.64 1691.44 1762.33 1831.33 1902.67 1917.91 1939.05
1966.20 1960.14 1965.15 1982.10 1973.02 1961.73 1951.48 1904.91 1849.14 1786.30 1541.92 1175.52 1147.18 1574.69 1865.85 2083.43 2196.75 2320.12 2453.57 2444.43 2428.79 2410.27 2362.88 2310.75
2251.03 2199.29 2142.99 2079.48 2076.66 2074.35 2072.85 2056.30 2034.90 2009.85 1938.84 1891.25 1867.82 1763.67 1650.75 1544.21 1632.38 1716.01 1800.65 1806.56 1812.47 1812.49 1810.55 1810.05
1812.11 1685.42 1564.35 1513.71 1580.82 1643.18 1702.40 1670.93 1641.93 1620.16 1731.57 1815.84 1878.00 1807.37 1742.58 1688.07 1665.22 1643.51 1638.96 1617.27 1606.20 1614.25 1687.52 1757.38
1823.30 1775.65 1749.45 1754.98 1769.51 1792.78 1825.16 1804.76 1782.61 1758.17 1831.57 1890.94 1935.93 1699.45 1502.30 1599.91 1835.08 2075.66 2297.04 2424.71 2551.56 2679.98 2662.89 2641.23
2609.27 2539.03 2451.78 2352.69 2360.61 2368.64 2381.10 2397.79 2407.65 2413.28 2366.03 2333.65 2311.11 2236.47 2165.00 2096.40 2044.03 1983.95 1912.60 1966.89 2023.78 2082.58 2027.71 1967.19
1899.19 1841.44 1790.01 1751.84 1700.64 1653.44 1617.11 1562.37 1493.79 1416.10 1717.80 1903.29 2032.42 2061.32 2093.04 2127.87 2081.96 2028.59 1974.15 2014.72 2060.06 2107.76 2095.47 2082.90
2067.85 2113.42 2159.98 2203.95 2189.11 2174.32 2157.91 2179.09 2208.59 2241.28 2311.87 2372.84 2414.00 2369.23 2329.43 2293.85 2263.15 2229.07 2197.58 2203.87 2210.04 2216.84 2257.24 2298.06
2340.05 2352.33 2364.71 2378.32 2357.65 2338.17 2321.07 2362.72 2390.33 2407.33 2361.02 2320.90 2281.34 2170.22 2060.93 1955.68 1705.75 1737.43 1681.83 2054.92 2495.76 2865.89 2902.07 2935.51
2968.68 2952.34 2936.52 2920.49 2931.17 2940.95 2950.57 2906.53 2855.17 2800.19 2737.48 2677.16 2616.64 2553.83 2502.54 2464.09 2385.32 2277.32 2151.00 2094.24 2024.24 1925.07 1895.74 1856.76
1813.96 1528.44 1219.32 1560.19 1687.85 1793.69 1888.50 1867.45 1833.63 1795.54 1833.02 1874.56 1915.54 2013.60 2099.98 2178.04 2143.13 2107.23 2075.74 2103.38 2129.04 2153.76 2148.84 2143.86
2138.79 2072.56 2003.56 1936.75 1947.97 1957.16 1966.75 1969.52 1963.11 1948.69 1921.20 1895.65 1867.28 1809.48 1772.33 1754.32 1795.24 1834.41 1881.44 1921.27 1970.78 2030.66 2042.68 2056.75
2070.47 2040.23 2013.83 1993.83 1993.27 1999.03 2009.90 1964.66 1919.39 1878.39 1968.44 2010.05 2042.99 2124.22 2200.80 2240.55 2206.01 2164.58 2120.24 2098.10 2071.14 2040.10 2027.01 2012.71
1997.74 1984.70 1973.68 1967.95 1979.19 1998.48 2024.20 2024.70 2017.02 2000.57 1933.16 1913.80 1931.56 1852.49 1798.01 1783.62 1872.68 2031.96 2216.39 2355.85 2490.41 2623.72 2608.94 2592.85
2577.84 2515.33 2443.39 2361.79 2312.06 2256.51 2197.41 2183.93 2160.46 2132.17 2103.20 2078.36 2054.60 2030.44 2014.41 2020.39 1930.15 1821.65 1703.26 1665.54 1658.98 1682.70 1690.24 1884.58
2096.00 2020.31 1947.00 1890.16 1999.14 2124.44 2248.20 2145.62 2027.78 1895.87 1925.07 1944.81 1954.23 1902.79 1889.98 1913.27 1972.93 2036.77 2108.26 2145.61 2184.08 2224.20 2214.77 2218.47
2237.29 2227.38 2218.23 2210.10 2206.73 2202.97 2201.15 2157.18 2103.55 2043.97 2101.46 2144.03 2168.46 2166.76 2173.69 2187.01 2147.09 2099.64 2051.03 2072.84 2095.01 2115.73 2156.93 2216.80
2290.14 2245.45 2207.44 2186.18 2190.57 2204.58 2214.72 2098.15 2034.55 2062.10 2078.43 2155.60 2249.45 2186.84 2130.43 2083.21 2059.41 2038.33 2027.55 1985.55 1949.89 1928.87 1904.49 1869.29
1838.59 1842.99 1881.77 1948.99 1886.51 1927.16 2045.61 2079.45 2103.48 2116.71 2208.04 2280.84 2329.22 2312.98 2310.60 2320.14 2263.45 2186.99 2092.31 2099.53 2106.86 2114.78 2006.27 2095.76
2295.56 2235.77 2232.89 2313.14 2239.46 2156.95 2068.78 1846.09 1549.52 1290.82 1291.03 1452.59 1590.00 1131.59 1525.61 1846.15 1725.29 1578.93 1445.23 1115.61 1716.67 2059.28 2002.96 1944.35
1866.59 1558.75 1541.57 1873.02 1852.56 1841.43 1839.34 1538.50 1137.67 1506.07 1394.13 1293.12 1205.41 1282.34 1429.60 1563.89 1601.74 1663.17 1740.95 1865.71 1989.47 2108.13 2148.65 2199.06
2256.07 2224.35 2229.50 2272.14 2272.23 2273.15 2275.34 2308.82 2328.83 2337.72 2339.61 2340.12 2335.44 2241.19 2151.48 2056.60 1980.12 1892.23 1801.65 1686.09 1665.89 1787.24 1745.19 1704.81
1693.85 1683.34 1717.24 1783.76 1936.60 2099.57 2246.80 2448.41 2613.73 2757.80 2766.84 2776.09 2761.76 2769.77 2790.92 2825.04 2831.67 2817.91 2804.19 2767.08 2730.12 2691.86 2681.51 2682.05
2694.88 2743.79 2792.85 2843.69 2809.08 2773.69 2737.10 2746.16 2751.02 2755.95 2764.90 2776.39 2792.06 2768.81 2747.01 2727.34 2664.16 2596.02 2523.87 2395.44 2243.42 2055.50 2012.74 1974.87
1943.93 1982.19 2030.16 2087.33 2135.15 2185.02 2238.27 2220.06 2199.04 2181.65 2143.84 2110.85 2077.91 2019.43 2008.52 2037.12 2079.19 2142.40 2221.68 2233.75 2253.94 2280.41 2275.88 2283.89
2305.94 2310.14 2315.51 2323.74 2328.03 2333.89 2341.97 2279.12 2203.91 2122.24 2101.58 2082.02 2050.98 1813.13 1511.61 1261.02 1475.58 1854.20 2133.67 2185.98 2239.64 2285.93 2281.47 2275.97
2272.05 2265.54 2257.81 2249.21 2249.20 2249.54 2249.09 2316.57 2366.28 2405.47 2269.89 2128.95 1979.42 1904.89 1838.52 1784.30 1977.21 2145.18 2298.16 2369.04 2447.61 2531.47 2471.59 2405.79
2326.24 2369.86 2412.11 2454.54 2452.04 2449.11 2447.79 2440.25 2427.65 2409.65 2356.54 2300.90 2242.77 2359.99 2464.87 2560.86 2586.01 2612.40 2638.72 2628.06 2616.19 2605.08 2668.41 2730.27
2791.19 2744.83 2703.38 2670.72 2661.03 2660.83 2669.00 2710.10 2743.78 2777.65 2735.61 2694.35 2644.09 2673.30 2703.50 2736.36 2748.55 2762.37 2778.00 2816.39 2855.49 2896.30 2808.56 2710.63
2604.40 2522.46 2433.93 2338.71 2223.06 2198.65 2287.67 2269.56 2239.07 2203.31 2160.80 2121.89 2082.88 2042.82 2026.88 2048.29 2123.26 2191.19 2263.49 2299.07 2336.39 2373.43 2380.84 2391.25
2404.88 2408.59 2412.14 2415.67 2416.78 2419.77 2420.72 2327.83 2225.14 2117.31 2217.78 2292.85 2347.73 2262.51 2182.23 2090.00 1745.12 1564.07 2044.26 2171.96 2292.95 2408.43 2400.48 2388.26
2375.21 2355.62 2335.45 2315.13 2252.47 2186.20 2121.31 1977.46 1850.04 1788.49 1638.77 1642.92 1716.16 1534.47 1357.74 1307.31 1497.48 1727.42 1919.04 1982.70 2049.41 2115.87 2123.66 2131.19
2140.34 2120.64 2113.50 2120.57 2202.36 2280.36 2354.35 2280.13 2194.52 2101.90 2241.80 2342.74 2416.19 2386.73 2361.44 2340.09 2302.80 2261.34 2215.60 2227.58 2240.70 2254.14 2251.10 2248.19
2246.98 2251.69 2254.95 2258.90 2219.14 2180.66 2142.97 2063.14 1988.76 1934.97 1902.96 1840.82 1783.91 1542.94 1223.15 1026.28 1483.55 1778.71 1979.62 2117.01 2248.00 2372.72 2338.67 2287.68
2229.05 2214.52 2199.30 2185.57 2195.66 2208.63 2223.39 2213.87 2194.70 2169.35 2163.94 2174.27 2195.43 2191.44 2191.49 2194.10 2119.84 2036.57 1940.11 1930.96 1915.16 1928.20 1908.56 1889.07
1871.30 1824.04 1778.83 1732.79 1747.70 1768.16 1802.52 1642.78 1508.95 1518.41 1848.69 2048.01 2179.60 2165.38 2155.74 2152.65 2003.97 1851.37 1792.24 1706.03 1620.09 1560.31 1601.21 1706.40
1828.92 1877.70 1832.58 1787.85 1968.72 2215.77 2441.39 2640.15 2818.16 2982.88 2906.58 2821.31 2730.64 2733.63 2737.90 2745.39 2721.01 2696.37 2670.54 2619.71 2565.28 2507.46 2478.46 2448.83
2417.88 2364.38 2307.10 2246.46 2214.42 2180.14 2145.77 2104.16 2056.00 1998.09 1821.33 1648.39 1511.26 1261.21 1135.94 1357.19 1453.69 1563.74 1669.46 1735.69 1796.84 1858.62 1985.90 2100.87
2205.80 2208.49 2212.99 2217.05 2228.85 2240.20 2250.89 2258.86 2257.97 2252.82 2252.31 2247.98 2240.59 2183.06 2129.81 2079.82 2096.15 2131.27 2181.62 2196.12 2209.88 2223.97 2225.37 2226.86
2229.24 2226.33 2225.48 2224.94 2219.55 2214.12 2206.67 2196.54 2176.19 2149.90 2203.03 2244.34 2275.42 2255.51 2244.72 2241.79 2194.15 2145.82 2096.40 2110.73 2124.86 2140.67 2141.60 2158.30
2189.53 2172.67 2142.45 2114.54 1801.85 1771.12 2087.97 2424.44 2717.30 2959.28 3041.96 3125.34 3215.59 3202.73 3189.96 3176.41 3128.28 3077.19 3022.13 2991.20 2959.05 2929.00 2896.85 2864.10
2832.09 2752.03 2662.30 2562.71 2488.16 2405.79 2314.66 2315.92 2308.25 2296.39 2085.12 1825.27 1451.51 1254.35 1395.91 1581.46 1712.60 1843.13 1961.09 1957.87 2072.31 2230.64 2266.39 2301.13
2334.61 2332.90 2329.52 2326.29 2338.56 2352.58 2364.97 2346.63 2320.13 2288.03 2407.62 2499.59 2569.64 2571.15 2576.80 2584.05 2501.62 2405.69 2287.47 2195.69 2088.19 1962.00 1929.43 1896.52
1856.91 1231.27 1898.05 2274.65 2281.52 2286.59 2292.52 2340.74 2378.00 2406.33 2471.67 2534.66 2567.32 2496.86 2429.43 2363.56 2325.01 2282.98 2229.28 2050.03 1798.70 1385.76 1207.12 1296.27
1538.37 1629.76 1707.77 1783.49 1825.18 1891.29 1946.90 1915.43 1873.74 1824.75 1850.11 1873.77 1893.55 1896.70 1922.39 1965.08 2056.17 2148.37 2233.80 2240.30 2246.28 2252.76 2230.33 2209.73
2195.06 2130.72 2067.97 2011.43 2085.94 2156.22 2224.65 2186.51 2141.47 2091.70 2132.08 2164.71 2190.44 2178.04 2184.05 2205.01 2213.50 2223.29 2227.77 2235.74 2244.31 2253.48 2250.62 2251.67
2255.76 2197.38 2133.03 2064.89 1985.84 1978.34 2051.95 1993.14 1973.43 1992.54 2092.52 2309.42 2493.49 2422.46 2354.18 2285.80 2263.01 2242.14 2218.75 2008.83 1763.52 1669.81 1722.15 1867.44
1958.84 2077.36 2204.75 2317.86 2284.04 2249.27 2209.66 2181.55 2146.04 2102.44 2118.80 2127.92 2131.72 2082.86 2040.23 2002.37 1938.85 1872.19 1804.39 1747.79 1685.55 1617.74 1723.26 1828.83
1928.13 1903.87 1881.55 1868.74 1952.05 2031.67 2107.71 1962.95 1830.54 1764.90 1847.86 1919.84 1977.08 2020.76 2064.91 2110.08 2125.97 2151.89 2183.97 2196.76 2208.41 2221.65 2201.22 2206.17
2234.95 2224.61 2215.62 2206.02 2190.06 2176.16 2160.75 2164.51 2164.30 2154.65 2295.18 2401.39 2482.89 2457.30 2438.57 2430.45 2359.36 2277.23 2180.75 2187.35 2193.26 2197.18 2260.72 2321.20
2378.20 2296.70 2201.57 2092.25 2064.24 2057.47 2074.99 1957.83 1817.94 1642.60 1688.21 1699.74 1652.05 1476.72 1532.06 1618.53 1776.26 1972.66 2151.73 2262.09 2386.14 2516.70 2525.97 2539.30
2560.27 2639.97 2717.85 2793.90 2749.17 2701.55 2652.11 2586.99 2513.91 2435.56 2343.85 2246.48 2143.22 2022.60 1910.83 1830.09 1642.85 1512.21 1770.27 1675.67 1686.91 1697.59 1879.10 2051.74
2207.24 2183.58 2170.17 2157.30 2087.72 2066.52 2095.64 1962.10 1805.88 1630.32 1603.95 1723.17 1851.03 1897.13 1972.15 2055.18 1987.02 1916.00 1845.85 1664.27 1403.74 1162.91 1664.00 1972.31
2203.08 2250.60 2297.48 2343.51 2345.79 2347.52 2350.39 2356.14 2355.62 2348.37 2284.54 2220.81 2158.80 2194.02 2230.89 2265.82 2255.45 2243.11 2224.40 2236.88 2249.17 2262.63 2273.27 2282.73
2293.60 2312.33 2334.56 2359.04 2369.54 2380.87 2396.61 2403.13 2406.17 2403.17 2316.67 2244.92 2192.25 2118.49 2048.74 1981.66 1808.14 1636.39 1666.77 1753.15 1855.91 1920.01 2001.31 2083.92
2164.36 2186.44 2234.82 2299.80 2308.69 2317.03 2327.65 2345.50 2355.61 2357.30 2418.91 2476.84 2524.48 2600.06 2672.21 2743.57 2696.79 2644.23 2579.21 2486.34 2406.46 2373.10 2346.65 2321.56
2300.80 2232.06 2245.94 2347.96 2325.92 2305.24 2286.19 2287.02 2284.92 2278.68 2266.90 2271.89 2293.94 2301.68 2299.88 2316.89 2338.19 2360.87 2380.61 2367.03 2351.85 2337.30 2311.31 2272.29
2201.35 2210.83 2260.25 2335.61 2295.28 2259.76 2226.21 2281.69 2334.63 2381.76 2439.77 2492.51 2534.93 2432.42 2330.82 2228.03 2166.63 2105.70 2041.69 2081.59 2126.65 2124.06 2092.72 2062.40
1995.21 1968.36 1942.52 1913.18 1932.69 1952.97 1974.18 1896.38 1840.67 1818.89 1824.48 1913.62 2003.33 2174.70 2306.10 2411.65 2350.21 2283.60 2202.36 2223.27 2253.65 2290.51 2305.76 2332.79
2369.68 2304.32 2232.33 2154.28 2178.55 2203.65 2231.69 2310.87 2377.73 2433.05 2543.12 2653.18 2756.71 2741.37 2732.05 2729.60 2626.30 2499.79 2335.29 2323.57 2324.70 2343.18 2348.53 2356.51
2370.02 2354.08 2338.52 2322.57 2274.97 2225.23 2172.69 2166.92 2163.72 2159.32 2050.91 2079.16 2189.77 2172.51 2160.89 2156.17 2119.94 2080.92 2027.73 1909.00 1773.99 1640.46 1665.34 1692.18
1721.59 1636.92 1567.65 1542.79 1287.44 1348.96 1610.13 1505.99 1379.17 1246.23 1441.13 1757.71 1911.05 1993.74 2073.56 2150.57 2126.44 2118.89 2127.62 2178.53 2230.42 2285.55 2294.19 2307.79
2328.35 2327.44 2327.44 2329.96 2331.84 2334.03 2336.33 2326.42 2302.36 2285.19 2114.58 2078.84 2130.40 2104.33 2163.13 2271.03 2231.20 2187.86 2136.79 1974.39 1801.91 1703.15 1678.00 1654.24
1630.39 1623.21 1622.83 1630.00 1767.31 1924.98 2044.49 2002.53 1990.04 1952.23 1811.37 1701.00 1665.46 1809.54 1928.54 2031.96 2040.61 2049.81 2052.25 2091.91 2139.96 2198.28 2213.54 2230.26
2247.11 2243.85 2242.01 2241.44 2228.42 2235.05 2259.92 2297.18 2329.97 2353.63 2336.89 2318.16 2296.56 2279.61 2267.40 2256.16 2253.46 2249.82 2233.96 2231.35 2235.74 2248.73 2174.08 2180.97
2248.55 2197.62 2233.52 2347.01 2346.04 2346.13 2345.16 2358.67 2367.24 2366.56 2346.08 2327.78 2314.99 2295.84 2282.31 2275.76 2230.44 2187.38 2148.07 2135.53 2121.64 2107.90 2000.55 1879.47
1741.40 1796.07 1850.83 1911.26 1870.51 1835.80 1808.11 1623.88 1361.89 1181.14 1616.47 1892.85 2074.06 2079.65 2101.59 2136.40 2149.23 2163.91 2175.38 2190.21 2206.94 2226.98 2221.21 2226.23
2244.98 2254.35 2266.32 2282.89 2356.65 2426.94 2494.31 2473.17 2448.39 2413.66 2402.90 2388.56 2369.76 2366.97 2365.07 2365.57 2339.98 2307.76 2265.59 2294.27 2323.07 2351.25 2347.65 2344.46
2341.29 2356.39 2371.20 2387.94 2380.23 2372.69 2363.49 2371.61 2376.38 2374.39 2291.78 2242.24 2235.00 2123.06 2052.48 2073.13 2123.53 2243.50 2393.42 2351.01 2314.25 2292.20 2401.38 2504.45
2600.66 2553.30 2501.10 2446.34 2415.56 2369.30 2322.93 2160.62 2000.78 1898.57 1769.00 1828.45 1958.70 1722.55 1445.01 1457.15 1622.03 1772.59 1901.54 2032.25 2151.26 2263.76 2220.73 2199.70
2211.74 2142.72 2067.19 1985.42 2058.78 2130.02 2198.28 2139.51 2076.09 1998.11 2133.70 2235.92 2317.52 2343.45 2376.73 2416.39 2382.31 2348.60 2308.32 2311.42 2315.82 2323.66 2322.13 2320.54
2319.55 2308.53 2299.18 2289.04 2288.29 2285.62 2283.55 2281.67 2283.96 2282.88 2348.81 2405.92 2454.34 2361.88 2269.16 2179.67 2144.49 2116.82 2097.10 2101.26 2107.46 2112.56 2007.69 1886.02
1740.67 1591.23 1553.33 1829.82 1898.69 1963.24 2026.84 2040.47 2028.35 2030.81 2007.45 2007.93 2025.90 2052.19 2087.22 2123.70 2056.31 1968.43 1855.92 1865.73 1889.83 1925.95 2012.54 2098.50
2181.42 2145.56 2107.24 2065.74 1830.56 1460.95 1339.68 1478.05 1849.90 2091.14 2072.84 2064.41 2065.69 2003.82 1975.82 1988.92 1964.77 2001.36 2091.14 2139.88 2189.62 2237.52 2229.99 2220.34
2211.36 2188.01 2164.71 2143.70 2121.26 2121.95 2144.99 1889.99 1600.79 1672.83 1651.43 1638.51 1630.73 1484.31 1763.50 1999.47 2112.10 2213.75 2238.34 2327.50 2413.46 2489.57 2433.96 2376.22
2317.36 2304.73 2289.54 2274.99 2271.17 2272.08 2278.72 2373.78 2461.31 2533.71 2525.85 2519.99 2516.42 2562.30 2608.07 2654.79 2567.60 2469.23 2348.95 2335.41 2325.32 2321.96 2304.12 2285.92
2269.23 2285.91 2303.97 2324.38 2283.99 2242.41 2200.13 2078.31 1978.65 1932.15 1976.78 2013.63 2046.58 2141.26 2234.37 2324.31 2310.56 2310.05 2321.35 2337.50 2360.30 2391.08 2408.45 2425.93
2443.41 2432.12 2422.98 2418.35 2413.63 2407.66 2402.01 2390.48 2370.79 2329.24 2255.46 2180.74 2109.84 2075.00 2049.32 2034.78 2084.66 2160.66 2252.67 2286.76 2320.88 2356.21 2372.15 2389.26
2408.21 2391.02 2375.97 2365.78 2379.76 2396.11 2412.40 2378.29 2343.47 2297.99 2302.42 2305.31 2304.06 2371.60 2443.72 2517.80 2449.08 2381.91 2319.90 2320.20 2322.15 2323.61 2294.88 2266.33
2238.14 2217.17 2195.10 2172.80 2208.41 2244.96 2282.65 2264.32 2247.43 2222.91 2252.17 2275.09 2294.72 2131.77 1945.64 1726.48 1684.84 1652.61 1638.84 1592.37 1709.16 1878.19 1817.04 1759.94
1719.15 1667.92 1738.30 1877.84 1851.74 1904.44 2008.08 2005.98 1994.93 1989.48 1831.81 1660.28 1470.52 1434.09 1410.18 1396.73 1117.17 1149.57 1432.61 1640.72 1802.90 1941.27 1846.24 1744.93
1643.86 1658.75 1701.09 1756.78 1942.83 2105.13 2250.50 2206.15 2156.94 2095.49 2041.18 1990.09 1937.98 1902.42 1894.20 1909.35 1886.30 1873.55 1869.43 1917.37 1993.77 2084.91 2103.48 2122.88
2142.99 2164.38 2192.95 2229.11 2259.61 2290.42 2323.15 2326.41 2327.40 2315.22 2133.42 1930.64 1696.23 1770.04 1849.14 1925.91 1905.22 1904.67 1921.18 1993.64 2090.60 2199.25 2166.42 2132.57
2094.73 2132.94 2171.96 2212.00 2223.01 2237.77 2252.90 2282.08 2308.19 2324.06 2247.37 2172.41 2098.73 2084.25 2074.86 2073.29 2084.11 2105.93 2136.25 2182.46 2230.84 2279.03 2284.37 2293.00
2308.45 2311.43 2314.49 2317.56 2315.75 2321.37 2335.83 2345.07 2353.49 2348.15 2293.05 2241.90 2193.45 2213.65 2234.47 2238.92 2224.01 2214.87 2193.58 2212.47 2231.31 2251.77 2247.54 2243.35
2238.06 2245.81 2253.31 2261.25 2216.82 2170.28 2120.98 2074.28 2025.34 1964.60 1765.77 1540.04 1318.61 1348.47 1732.87 1959.99 2030.74 2107.52 2170.82 2176.02 2182.28 2188.83 2181.73 2173.99
2164.96 2152.05 2141.42 2127.82 2152.44 2176.86 2198.02 2257.77 2311.52 2352.56 2266.47 2250.84 2291.94 2294.64 2299.40 2304.81 2257.34 2213.68 2175.65 2185.84 2195.83 2204.19 2172.70 2167.43
2191.68 2287.85 2385.94 2481.25 2433.39 2398.49 2378.83 2306.27 2228.92 2145.28 2221.63 2332.53 2453.81 2534.19 2610.72 2681.10 2634.13 2563.33 2458.80 2437.02 2411.11 2382.96 2406.71 2430.51
2454.50 2415.16 2373.32 2323.62 2268.08 2214.42 2160.67 2031.05 2045.35 2181.49 2246.96 2308.32 2353.92 2363.07 2402.15 2459.08 2361.00 2249.96 2115.73 2161.23 2233.81 2321.71 2324.31 2328.74
2339.11 2344.04 2352.04 2363.08 2344.81 2327.59 2312.33 2283.54 2254.32 2211.60 2112.15 2020.23 1940.32 1964.74 1995.53 2033.24 1932.97 1827.22 1742.84 1740.28 1748.37 1764.85 1840.83 1910.41
1978.62 1933.10 1889.45 1839.41 1924.53 2002.79 2073.28 2040.85 2011.09 1969.94 2038.34 2070.11 2098.96 2124.30 2152.73 2184.79 2186.31 2191.78 2199.00 2229.30 2258.96 2290.66 2309.50 2329.47
