1663.72 1612.92 1646.42 1748.05 1803.80 1872.05 1938.28 1930.87 1931.61 1933.16 1924.21 1918.87 1925.29 1912.77 1903.09 1902.98 1902.83 1943.76 2014.42 2003.21 2009.35 2033.19 2067.62 2100.39
2133.75 2095.89 2058.43 2023.30 1975.54 1933.74 1903.02 1869.15 1842.03 1823.34 1766.11 1740.69 1754.03 1757.37 1756.07 1752.20 1814.49 1880.86 1922.36 1996.17 2069.13 2139.60 2168.82 2201.18
2237.56 2106.21 1982.29 1876.36 1873.49 2009.26 2136.75 2215.44 2282.52 2335.11 2382.70 2422.41 2442.45 2357.22 2282.98 2219.54 2053.95 1848.96 1632.59 1467.43 1313.62 1388.95 1423.98 1519.84
1641.85 1682.18 1730.77 1786.31 1855.28 1926.78 2000.49 1890.70 1788.33 1712.01 1819.59 1899.74 1961.07 1862.20 1763.43 1669.03 1492.29 1410.11 1605.70 1705.24 1800.19 1888.79 1891.14 1910.35
1913.13 1805.83 1674.88 1502.22 1476.10 1447.40 1415.01 1480.98 1526.37 1551.23 1769.87 1906.76 2002.45 2017.79 2029.32 2046.12 2075.28 2106.39 2133.97 2144.13 2153.21 2161.74 2143.66 2114.56
2085.43 2038.32 1988.66 1935.07 1938.93 1945.82 1955.27 1979.31 1970.54 1954.09 2085.92 2214.28 2325.72 2299.59 2281.16 2271.28 2290.77 2312.90 2340.04 2332.51 2324.58 2318.63 2305.59 2291.96
2276.19 2227.20 2178.51 2129.62 2060.96 1987.19 1913.79 1743.47 1581.82 1415.23 1460.88 1712.59 1902.32 1807.16 1708.15 1613.54 1745.85 1876.80 1998.24 2049.20 2100.19 2153.08 2141.88 2129.85
2119.84 2092.94 2064.03 2034.79 1984.00 1950.48 1939.21 1797.70 1607.18 1317.66 1423.42 1562.32 1680.79 1578.38 1589.95 1697.06 1705.71 1718.68 1737.70 1831.01 1920.08 1997.42 1951.23 1898.40
1838.72 1748.80 1689.15 1692.23 1754.22 1802.51 1854.13 1863.50 1871.76 1877.86 1997.29 2097.66 2189.75 2230.15 2272.66 2315.51 2304.87 2292.55 2281.28 2298.42 2317.96 2338.32 2261.09 2179.25
2091.86 2047.14 1991.27 1924.97 1925.95 1935.32 1952.25 1946.31 1991.54 2069.20 2043.30 2031.54 2035.67 2022.50 2016.72 2014.74 2031.12 2067.96 2122.97 2122.43 2122.45 2120.97 2061.08 1998.32
1936.42 1968.17 2001.95 2026.26 1995.29 1962.41 1930.64 2016.73 2085.29 2139.23 2230.57 2305.51 2367.41 2347.94 2332.24 2324.24 2301.85 2280.34 2260.79 2183.25 2095.48 1999.99 1939.06 1870.52
1793.83 1784.19 1779.61 1781.34 1742.42 1745.17 1794.55 1638.00 1537.31 1563.74 1754.07 1930.63 2055.38 1987.26 1943.24 1933.39 1886.31 1856.95 1865.87 1897.93 1940.79 1951.14 1953.94 1965.66
1969.46 1959.12 1982.94 2036.99 2051.47 2065.19 2076.16 2188.89 2285.15 2364.33 2311.73 2260.62 2206.87 2158.46 2123.20 2102.38 2109.21 2118.98 2135.46 2126.19 2118.29 2082.25 2075.03 2081.54
2097.54 2135.32 2178.15 2224.02 2208.67 2194.03 2181.00 2240.10 2292.51 2338.38 2325.75 2313.01 2304.14 2275.97 2252.11 2228.65 2214.51 2200.12 2186.18 2153.91 2123.84 2100.43 2066.00 2040.78
2028.50 2028.73 2027.80 2027.33 2004.94 1983.11 1964.71 2036.83 2101.61 2160.32 2132.17 2122.28 2133.95 2096.21 2066.34 2049.63 2041.56 2034.08 2031.38 1986.67 1939.02 1886.74 1864.70 1842.48
1820.60 1807.78 1803.94 1800.24 1781.16 1770.55 1768.82 1616.57 1411.65 1118.73 1415.39 1606.03 1738.73 1218.81 1216.56 1632.34 1717.42 1794.80 1867.58 1890.51 1919.82 1953.01 1855.97 1724.21
1544.88 1646.41 1744.99 1823.30 1780.56 1714.79 1638.50 1453.77 1200.80 1143.40 1193.05 1384.93 1522.10 1545.59 1689.04 1837.54 1999.19 2139.90 2265.18 2259.27 2254.43 2249.47 2217.69 2183.32
2145.45 2085.00 2020.76 1955.17 1933.69 1912.69 1888.41 1951.97 2007.45 2050.69 2115.80 2156.14 2176.43 2234.69 2290.80 2343.48 2327.80 2310.60 2294.65 2319.97 2343.91 2368.53 2288.72 2196.36
2090.41 2030.35 1970.11 1915.62 1742.01 1784.54 1952.21 2247.20 2536.24 2734.93 2766.71 2801.06 2840.96 2813.36 2789.09 2769.45 2708.08 2640.10 2565.38 2509.01 2442.31 2366.18 2302.41 2230.50
2148.87 2134.73 2118.33 2102.54 2059.09 2015.12 1968.31 1945.47 1924.79 1907.98 1923.76 1951.87 1987.04 1984.65 1989.18 1999.74 1890.48 1826.01 1872.64 1962.08 2054.22 2137.77 2143.86 2149.15
2153.10 2109.14 2056.27 1996.48 2056.63 2110.77 2155.92 2058.52 1948.24 1826.66 1926.42 2073.42 2196.61 2249.36 2305.51 2362.98 2372.47 2381.80 2391.66 2425.56 2458.49 2493.01 2498.13 2503.06
2509.87 2501.61 2496.83 2492.93 2476.17 2458.66 2441.29 2490.59 2529.20 2554.99 2563.47 2565.59 2564.18 2537.27 2513.55 2494.28 2453.47 2407.61 2361.29 2314.28 2256.87 2188.71 2008.02 1801.45
1682.47 1643.59 1487.55 1737.66 2251.11 2578.75 2820.79 2787.01 2745.79 2698.50 2646.69 2608.30 2573.18 2575.03 2582.59 2595.25 2511.85 2422.06 2330.72 2205.70 2049.79 1854.72 1679.56 1491.12
1498.61 1349.38 1341.19 1634.49 1608.74 1589.32 1580.80 1583.53 1687.00 1793.46 1862.60 1914.31 1952.90 2091.99 2179.11 2257.92 2209.27 2156.09 2097.75 2052.63 2020.40 1953.95 1934.59 1924.87
1915.02 1912.59 1914.30 1916.93 1909.44 1900.18 1893.29 1781.30 1644.28 1471.06 1744.45 1997.53 2191.16 2275.80 2359.21 2437.94 2438.90 2439.32 2442.39 2446.75 2446.07 2445.74 2366.87 2279.75
2181.86 2130.94 2075.52 2012.12 1991.87 1977.78 1969.03 2016.70 2063.51 2107.66 2037.49 1960.19 1890.30 2007.16 2133.71 2243.09 2225.43 2213.49 2209.54 2127.35 2038.67 1943.04 1901.42 1919.11
1959.20 1941.42 1889.60 1833.79 1690.31 1535.22 1458.08 1324.78 1538.15 1718.44 1558.55 1457.67 1481.23 973.65 1559.38 1849.44 1820.20 1829.02 1878.91 1521.31 1403.59 1824.03 1907.77 1988.18
2064.27 2032.36 2030.44 2082.55 2094.56 2101.75 2111.34 2090.27 2060.56 2021.52 2181.60 2297.88 2384.32 2284.18 2188.57 2102.07 1961.98 1795.83 1632.58 1567.66 1463.42 1327.71 1573.01 1832.86
2043.82 2262.93 2456.22 2630.16 2644.54 2657.92 2671.15 2668.08 2661.27 2651.22 2566.85 2479.26 2390.31 2292.74 2207.01 2142.34 2121.23 2142.05 2207.22 2131.69 2043.17 1937.68 1944.94 1953.47
1959.70 1947.27 1935.62 1921.33 1909.62 1918.96 1946.99 1942.77 1932.58 1921.17 1939.35 2027.03 2140.52 2133.23 2134.38 2141.88 2046.63 1946.20 1852.49 1841.20 1832.42 1826.92 1739.91 1641.98
1534.06 1458.84 1390.60 1296.44 1126.40 1159.11 1344.69 1120.74 1106.92 1216.25 1182.65 1194.01 1249.14 1426.87 1628.76 1823.71 1898.02 1967.48 2037.42 2048.03 2060.96 2079.11 1955.93 1818.88
1682.91 1652.32 1640.60 1656.19 1502.43 1505.62 1642.35 1441.80 1203.72 1281.50 1395.58 1511.83 1607.99 1566.52 1535.53 1522.66 1583.16 1690.48 1813.61 1946.56 2065.17 2156.81 2128.57 2098.66
2065.86 1983.74 1902.76 1830.77 1811.86 1790.88 1768.39 1814.38 1857.33 1875.39 1892.59 1937.25 1986.47 1950.67 1917.17 1879.11 1935.34 1991.45 2048.69 2062.65 2074.90 2087.17 2112.22 2130.45
2141.55 2156.46 2172.13 2187.89 2145.64 2099.23 2051.64 2041.12 2022.14 1995.13 2018.34 2043.56 2067.98 2058.05 2056.10 2059.31 2113.90 2168.74 2227.28 2238.83 2246.29 2253.66 2204.81 2152.01
2095.38 2023.23 1946.45 1858.09 1877.72 1898.04 1917.95 1867.44 1839.76 1831.46 1825.04 1851.14 1890.75 1910.59 1932.02 1959.36 2014.94 2072.59 2135.30 2132.28 2127.61 2123.17 2114.25 2104.63
2094.50 2090.87 2091.91 2095.50 2038.83 1971.94 1896.50 1975.00 2031.41 2071.17 2175.21 2259.13 2322.35 2330.84 2342.78 2358.45 2345.19 2330.84 2318.63 2281.73 2234.24 2179.43 2220.22 2262.94
2305.32 2291.70 2276.83 2262.24 2253.97 2245.92 2237.90 2208.25 2171.80 2128.37 2256.22 2349.03 2417.36 2428.89 2442.73 2458.87 2440.56 2420.62 2402.68 2393.68 2378.40 2360.00 2365.08 2372.13
2379.42 2358.78 2337.48 2315.76 2284.37 2250.54 2214.87 2184.68 2145.98 2101.52 2088.62 2074.34 2057.38 1963.22 1879.48 1825.85 1846.75 1974.52 2148.31 2230.72 2311.05 2392.33 2427.81 2474.82
2534.14 2542.41 2550.15 2559.12 2544.02 2534.56 2532.66 2542.84 2551.47 2558.60 2524.18 2491.86 2463.52 2472.09 2482.39 2493.45 2470.30 2446.87 2423.78 2373.75 2317.44 2258.87 2293.32 2330.64
2370.76 2382.72 2394.30 2406.75 2484.23 2560.81 2635.62 2579.41 2518.01 2453.33 2364.72 2268.43 2165.94 2147.46 2129.79 2110.56 2163.19 2214.09 2263.21 2167.06 2070.58 1981.25 1917.16 1849.41
1776.67 1754.66 1761.88 1800.89 1821.56 1843.65 1866.27 1836.53 1826.56 1836.40 1678.75 1493.61 1259.43 1451.44 1726.57 1927.10 2010.88 2089.45 2157.76 2134.03 2108.22 2080.59 2019.04 1953.98
1889.68 1920.42 1930.79 1944.33 1913.06 1881.72 1852.73 1806.13 1778.76 1758.11 1701.23 1896.22 2089.34 2076.30 2074.13 2086.02 1926.69 1737.81 1547.41 1557.90 1709.51 1880.43 1862.23 1843.64
1828.09 1674.97 1471.62 1233.79 1083.17 1462.50 1776.00 2098.39 2332.38 2505.84 2444.61 2384.18 2324.15 2323.57 2327.78 2341.53 2290.85 2237.81 2184.05 2082.64 1953.98 1794.24 1810.22 1833.21
1867.58 1895.81 1926.41 1960.96 1906.88 1866.41 1847.83 1837.18 1817.65 1790.30 1961.70 2070.84 2151.83 2183.46 2221.50 2245.04 2276.29 2309.39 2347.83 2330.23 2306.04 2281.03 2239.07 2195.96
2151.97 2109.03 2065.07 2021.02 2018.57 2027.35 2044.46 2023.96 1992.82 1955.40 2079.99 2176.77 2254.19 2156.63 2057.92 1953.10 1940.28 1929.56 1927.50 1937.94 1946.19 1955.76 1961.33 1967.32
1974.64 1974.13 1977.68 1985.89 1992.09 1997.67 2002.23 1908.74 1802.75 1686.58 1767.05 1828.63 1870.75 1823.05 1785.33 1761.27 1688.53 1604.17 1515.74 1665.29 1814.32 1960.71 1952.50 1945.05
1940.79 1953.39 1960.61 1969.91 1969.83 1971.25 1972.20 1930.33 1877.92 1822.76 1804.47 1790.20 1772.07 1832.23 1889.53 1944.68 1918.62 1891.06 1872.00 1880.22 1885.46 1896.70 1905.96 1913.21
1921.71 1908.68 1898.47 1888.71 1806.82 1771.08 1815.07 1762.04 1705.91 1653.43 1718.82 1789.49 1849.43 1918.56 2031.12 2127.91 2173.63 2228.87 2298.45 2356.39 2420.45 2493.93 2441.53 2382.63
2316.77 2254.46 2190.53 2116.80 2163.26 2239.01 2335.93 2359.40 2378.53 2396.13 2373.46 2351.57 2331.72 2293.13 2295.96 2334.87 2324.58 2313.30 2304.58 2205.66 2088.97 1956.29 1966.08 1974.50
1984.83 1910.13 1840.49 1785.17 1684.12 1552.96 1445.74 1583.80 1691.02 1781.06 1733.32 1681.19 1621.09 1300.53 1562.48 1881.72 1749.19 1611.37 1541.17 1631.24 1825.46 2032.00 1962.01 1981.22
2083.57 2012.07 1943.25 1884.34 1877.35 1987.58 2120.03 2167.22 2249.37 2358.39 2292.93 2229.46 2160.14 2074.24 2013.41 1988.89 1977.22 1971.39 1973.68 1915.32 1847.33 1770.75 1691.32 1603.76
1511.81 1452.60 1397.27 1349.71 1295.96 1200.53 1116.23 1446.07 1624.85 1753.58 1712.17 1685.51 1661.29 1844.13 2096.48 2303.23 2251.55 2180.95 2105.57 2117.68 2140.81 2178.68 2188.66 2198.56
2203.80 2150.94 2103.76 2062.95 1963.06 1851.78 1724.71 1727.83 1750.34 1789.12 1738.99 1689.41 1632.64 1730.81 1816.06 1886.17 1932.05 1985.50 2051.86 2055.17 2068.65 2100.52 2073.14 2044.83
2016.09 1964.15 1910.65 1857.82 1677.02 1460.16 1362.50 1532.33 1627.78 1756.50 1902.86 2088.35 2239.73 2218.15 2201.25 2185.02 2164.72 2154.87 2153.79 2111.34 2046.97 1963.30 1967.54 1968.96
1971.63 1991.30 2015.29 2044.90 2031.93 2032.66 2047.37 2050.31 2050.47 2051.65 2085.16 2164.85 2258.48 2267.52 2297.50 2358.15 2341.28 2318.43 2283.75 2209.77 2121.23 2020.57 2009.34 1999.13
1988.32 1999.00 2004.70 2010.73 2013.26 2016.91 2021.92 2103.58 2169.22 2224.29 2237.24 2252.04 2280.13 2271.59 2273.74 2288.75 2270.14 2251.98 2233.24 2114.92 1982.02 1848.97 1806.59 1761.70
1716.34 1806.18 1888.89 1950.57 1869.09 1779.99 1674.73 1710.03 1747.99 1784.70 1710.94 1636.34 1549.97 1772.94 1948.08 2085.74 2096.42 2109.86 2131.05 2091.44 2044.86 2000.51 2023.91 2049.72
2080.31 2083.17 2086.97 2091.23 2060.41 2030.35 2000.53 1942.00 1870.87 1793.42 1880.59 1955.07 2014.62 2077.40 2139.23 2203.08 2212.18 2221.81 2239.25 2216.42 2188.47 2163.08 2154.32 2144.76
2133.54 2113.14 2091.23 2070.84 1984.07 1890.96 1792.02 1918.13 2025.63 2122.69 2164.56 2222.34 2284.95 2308.96 2332.43 2346.82 2324.37 2305.10 2290.74 2272.80 2243.90 2212.97 2161.19 2087.71
2003.46 2004.24 2004.75 1999.33 1937.79 1904.49 1906.31 1974.59 2032.15 2087.08 2136.27 2160.83 2179.96 2168.90 2166.68 2172.24 2246.11 2318.82 2391.97 2344.14 2290.66 2241.80 2166.90 2101.16
2059.65 1878.54 1636.91 1339.89 1383.64 1536.37 1680.41 1758.36 1800.56 1829.98 1723.13 1809.39 1949.36 1939.39 1946.58 1971.40 2026.31 2083.92 2144.86 2179.04 2220.67 2274.58 2233.49 2187.25
2137.96 2059.59 1969.59 1867.28 1865.26 1862.09 1859.67 1779.03 1688.21 1598.74 1510.06 1444.43 1406.57 1709.24 1914.86 2089.72 2216.98 2344.13 2470.35 2523.09 2577.08 2637.90 2568.97 2488.61
2394.72 2426.62 2481.26 2553.57 2477.86 2391.88 2293.98 2357.83 2435.80 2527.85 2563.08 2597.58 2627.32 2629.03 2632.29 2634.05 2587.61 2540.84 2491.65 2472.05 2454.10 2444.19 2438.34 2433.13
2429.69 2488.60 2545.81 2600.72 2575.22 2547.83 2520.13 2550.71 2581.40 2619.35 2584.53 2551.53 2516.00 2453.99 2395.12 2340.87 2303.99 2266.83 2228.59 2096.25 1947.72 1798.93 1727.40 1653.48
1580.28 1629.77 1692.93 1755.11 1857.30 1954.18 2044.90 2029.21 2007.60 1988.23 2000.59 2025.76 2057.32 1982.85 1914.76 1858.88 1844.49 1831.81 1818.53 1774.38 1726.60 1686.95 1683.53 1693.52
1715.91 1628.01 1544.05 1480.61 1542.60 1611.46 1681.85 1418.03 1107.38 1398.99 1421.89 1456.19 1496.30 1704.68 1863.19 1990.61 2067.64 2141.65 2212.51 2136.28 2038.08 1926.65 1973.61 2019.25
2067.84 2108.38 2146.66 2182.78 2118.48 2050.22 1977.23 2065.42 2125.98 2170.59 2183.42 2202.78 2222.65 2285.70 2344.89 2403.89 2417.33 2431.96 2448.68 2426.13 2391.46 2352.06 2365.23 2378.30
2391.05 2423.36 2454.67 2483.23 2431.66 2379.44 2325.56 2280.94 2231.26 2179.98 2172.37 2167.17 2163.28 1963.35 1719.75 1377.54 1419.32 1585.77 1768.44 1816.24 1858.22 1901.69 1898.77 1894.39
1886.58 1888.60 1892.12 1895.22 1917.67 1926.24 1939.04 1951.26 1950.28 1942.78 1954.44 1963.98 1969.51 1955.26 1944.39 1940.97 2012.88 2084.36 2158.92 2118.10 2062.18 1993.80 1942.76 1888.97
1821.22 1835.78 1844.31 1850.70 1847.16 1845.17 1842.44 1850.63 1860.03 1872.12 1981.63 2068.94 2136.02 2124.70 2119.23 2122.91 2154.82 2190.10 2220.75 2188.70 2141.47 2086.66 2069.76 2050.44
2030.49 2057.46 2085.66 2101.95 2128.69 2158.72 2179.90 2254.46 2303.07 2336.08 2399.52 2442.60 2479.20 2489.56 2503.87 2522.22 2524.67 2528.21 2533.61 2567.90 2596.55 2625.31 2623.82 2620.68
2622.26 2613.68 2604.94 2595.90 2516.40 2427.87 2324.72 2246.49 2157.20 2062.97 1897.69 1757.15 1677.39 1521.09 1400.40 1411.38 1352.40 1063.66 1273.55 1238.38 1560.18 1806.67 1814.28 1826.43
1825.17 1835.96 1848.45 1861.00 1803.36 1739.42 1666.01 1513.07 1306.27 1018.87 1050.15 1669.05 1953.56 2132.75 2306.79 2442.06 2444.60 2451.43 2464.86 2401.77 2320.49 2224.65 2239.28 2255.87
2272.54 2291.06 2312.58 2336.32 2348.45 2360.74 2373.20 2445.45 2510.44 2570.97 2564.23 2557.08 2549.41 2511.50 2478.29 2451.82 2441.22 2427.40 2419.16 2459.68 2539.95 2657.71 2570.30 2478.71
2380.27 2336.99 2294.10 2251.18 2255.09 2260.52 2265.56 2253.48 2243.72 2236.21 2195.41 2178.79 2189.70 2168.37 2157.12 2150.82 2151.47 2153.52 2157.58 2098.23 2031.22 1959.31 1995.07 2030.33
2063.92 2054.66 2045.57 2037.75 2039.39 2041.62 2045.98 2069.78 2089.34 2105.96 2098.22 2093.33 2086.83 2025.31 1964.43 1892.77 1878.89 1876.31 1882.76 1869.80 1848.67 1826.56 1923.73 2172.24
2408.93 2323.42 2225.26 2107.88 2174.78 2242.29 2309.80 2281.75 2247.91 2212.72 2199.14 2195.69 2199.60 2124.71 2039.74 1954.23 1926.96 1902.57 1881.54 1858.64 1835.68 1812.89 1836.82 1860.98
1882.88 1911.96 1939.16 1965.57 1943.48 1921.87 1898.44 1910.71 1921.72 1932.06 1896.39 1861.19 1823.48 1798.10 1793.64 1805.53 1788.83 1773.82 1758.16 1525.25 1224.67 1453.13 1531.10 1643.33
1805.97 1611.55 1181.50 1462.56 1455.83 1407.91 1413.76 1485.71 1534.18 1578.33 1700.22 1823.98 1935.56 1935.80 1937.02 1930.30 1870.51 1808.91 1748.03 1678.26 1609.79 1558.13 1495.98 1434.27
1378.25 1352.71 1330.16 1321.33 1343.40 1370.35 1397.27 1684.35 1888.35 2044.94 1951.28 1850.22 1712.97 1835.60 1945.41 2034.97 2067.16 2093.41 2121.16 2120.39 2115.08 2109.93 2055.73 2005.89
1968.64 2005.82 2043.69 2080.88 2030.29 1977.21 1920.06 1998.91 2044.57 2077.05 2132.56 2181.66 2225.72 2317.47 2402.95 2488.88 2498.59 2510.33 2522.26 2518.13 2508.49 2501.89 2469.70 2434.05
2396.57 2350.56 2304.94 2253.35 2149.41 2033.60 1906.29 2059.14 2186.61 2286.33 2307.54 2324.14 2339.63 2349.01 2362.69 2384.58 2401.21 2420.13 2441.05 2438.43 2419.99 2389.79 2339.10 2284.14
2227.62 2210.35 2192.18 2174.55 2099.65 2008.80 1912.27 1974.38 2015.93 2044.27 2027.28 2009.30 1989.68 2031.71 2074.12 2119.68 2187.17 2255.94 2326.75 2344.36 2353.21 2360.67 2340.79 2318.11
2290.27 2219.61 2142.52 2057.33 1991.88 1936.92 1905.21 1943.27 1943.18 1936.59 1936.76 1938.83 1940.31 1879.19 1826.50 1787.43 1909.41 2022.69 2132.35 2132.74 2120.51 2092.45 2041.32 1986.36
1929.23 1899.18 1874.54 1856.41 1844.76 1881.88 1932.63 2023.30 2093.45 2148.76 2174.25 2197.03 2217.94 2250.21 2285.68 2326.02 2340.96 2360.05 2383.33 2322.65 2250.80 2175.04 2138.37 2102.44
2070.12 1979.86 1876.41 1759.23 1879.01 1985.44 2082.07 2221.24 2312.53 2376.93 2336.20 2295.80 2271.32 2322.91 2376.09 2432.81 2453.42 2475.59 2500.75 2474.13 2434.96 2392.75 2373.26 2352.38
2330.36 2300.99 2269.59 2235.93 2206.05 2170.51 2119.89 2178.42 2218.77 2245.92 2240.18 2234.96 2232.80 2273.38 2315.36 2359.86 2380.82 2403.42 2429.09 2427.97 2416.99 2402.25 2411.42 2421.22
2431.25 2407.23 2381.53 2354.18 2270.48 2179.31 2078.56 2217.63 2322.57 2402.60 2375.44 2348.06 2322.31 2346.78 2374.31 2404.05 2408.17 2413.86 2422.12 2428.25 2424.66 2411.43 2377.27 2339.79
2296.38 2238.10 2174.50 2105.26 2054.17 1998.20 1936.47 1957.11 1968.57 1970.21 1990.82 2002.01 2009.88 1925.66 1860.31 1828.11 1810.81 1848.15 1937.11 2030.71 2190.15 2380.49 2514.53 2602.89
2675.96 2625.59 2574.60 2525.55 2581.31 2640.58 2702.44 2706.34 2710.14 2716.15 2660.73 2605.77 2550.42 2527.32 2509.09 2497.67 2453.23 2409.29 2365.35 2262.58 2170.16 2111.92 2096.99 2082.96
2069.18 2062.16 2056.71 2049.88 2123.20 2191.43 2256.39 2294.03 2331.90 2371.53 2366.93 2365.27 2365.28 2326.90 2289.14 2248.42 2154.70 2066.87 1995.15 1882.13 1823.59 1870.53 1767.13 1632.64
1487.16 1403.65 1200.11 1309.85 1413.35 1505.06 1586.38 1606.73 1692.55 1789.00 1589.24 1442.04 1476.73 1731.46 1919.70 2061.97 2090.68 2111.29 2131.50 2025.08 1890.18 1719.17 1659.61 1599.59
1550.98 1632.24 1717.84 1817.00 1743.15 1675.24 1624.83 1822.77 2017.35 2170.42 2248.96 2315.04 2374.83 2409.25 2444.92 2476.47 2486.60 2499.31 2514.38 2463.80 2397.42 2319.11 2304.17 2287.91
2273.52 2212.14 2144.56 2070.49 2034.71 2000.79 1967.55 2014.49 2053.17 2079.04 1968.94 1857.39 1743.95 1544.41 1279.26 796.40 986.88 1194.63 1365.21 1477.01 1641.80 1808.35 1815.33 1824.57
1834.50 1816.92 1792.76 1751.72 1670.62 1619.11 1622.50 1689.32 1723.57 1738.02 1804.62 1875.51 1941.92 1976.88 2015.06 2059.44 2104.22 2141.65 2179.22 2156.42 2115.83 2053.92 2111.31 2160.36
2207.27 2170.90 2133.35 2092.73 2127.49 2142.26 2157.69 2177.67 2191.99 2199.39 2205.66 2217.13 2230.45 2171.98 2115.84 2066.67 2086.35 2112.73 2144.20 2128.27 2096.39 2059.67 2043.50 2029.25
2017.22 2057.77 2097.13 2136.25 2067.68 2068.97 2138.31 1755.81 1630.96 1940.42 1904.33 1885.57 1869.57 1744.64 1651.99 1628.40 1631.14 1668.16 1735.18 1527.79 1456.18 1689.44 1711.56 1754.76
1790.18 1701.70 1672.47 1727.84 1839.45 1941.02 2035.32 1963.65 1886.69 1805.67 1776.95 1742.39 1707.15 1492.83 1203.16 1032.82 951.07 1376.53 1639.82 1730.73 1831.27 1913.45 1928.41 1944.79
1962.52 1964.21 1966.89 1978.01 1965.88 1954.36 1942.51 1891.59 1837.67 1775.31 1837.49 1882.19 1913.00 1880.02 1856.38 1849.69 1819.66 1790.71 1763.77 1850.42 1933.66 2012.34 2028.20 2035.31
2050.63 2059.34 2070.43 2080.89 2086.68 2094.15 2099.91 2143.49 2169.87 2177.55 2151.40 2122.95 2089.79 2097.91 2109.98 2130.18 2144.11 2163.62 2189.80 2275.84 2352.12 2427.70 2424.27 2419.63
2414.35 2409.94 2405.44 2402.07 2336.45 2267.84 2196.55 2040.98 1895.10 1779.57 1555.94 1637.83 1950.92 2021.64 2109.30 2208.56 2194.21 2184.31 2179.31 2138.38 2073.00 1978.84 1958.31 1917.47
1889.77 1892.47 1925.61 1982.99 2014.77 2045.23 2051.32 1959.93 1877.29 1834.29 1841.35 1934.13 2038.31 2039.26 2054.20 2083.85 2088.51 2099.86 2108.77 2055.99 1973.38 1866.43 1913.17 1960.41
2009.13 1990.08 1939.95 1893.82 1888.25 1895.26 1918.91 1677.51 1622.44 1756.55 1941.53 2136.41 2283.66 2229.87 2178.36 2135.11 2180.88 2234.69 2292.24 2294.10 2258.94 2223.14 2226.51 2242.58
2272.51 2260.31 2256.82 2265.28 2242.16 2219.12 2197.26 2312.01 2401.66 2470.72 2379.36 2288.44 2198.84 2074.18 1951.21 1841.08 1652.51 1440.15 1449.28 1745.96 1971.77 2162.80 2157.16 2160.85
2174.59 2154.59 2118.75 2053.59 2061.70 2070.77 2078.69 2222.41 2324.15 2387.73 2345.41 2301.60 2257.97 2261.85 2270.81 2289.73 2336.39 2386.06 2438.47 2452.06 2444.62 2436.96 2422.00 2406.09
2387.98 2374.65 2350.81 2327.61 2324.67 2321.60 2317.38 2370.34 2410.10 2438.17 2428.66 2419.77 2406.50 2418.95 2433.95 2451.80 2433.75 2417.86 2401.30 2403.09 2393.21 2383.31 2409.46 2435.47
2462.12 2433.58 2403.74 2369.38 2377.07 2386.58 2395.85 2419.07 2435.93 2441.82 2408.31 2378.25 2349.13 2292.99 2243.93 2208.13 2251.74 2302.33 2359.18 2368.79 2363.61 2352.94 2379.19 2408.43
2440.48 2435.15 2435.85 2441.31 2103.02 1658.60 1807.16 1966.17 2158.40 2306.28 2318.47 2343.65 2377.38 2383.42 2384.31 2395.25 2431.59 2470.36 2511.72 2412.76 2272.55 2089.38 2048.36 2014.35
1994.85 1908.39 1814.64 1722.15 1501.07 1545.57 1792.64 1620.93 1407.30 1065.54 1356.02 1656.09 1839.90 1777.31 1719.46 1675.84 1690.69 1747.19 1831.91 1908.50 1994.21 2049.30 2021.78 2006.29
1987.05 1988.42 1996.36 2013.36 1966.03 1912.96 1852.98 1942.17 2010.00 2052.26 2065.02 2075.66 2083.17 2062.88 2048.32 2043.74 2126.82 2209.57 2294.09 2327.20 2347.04 2364.35 2345.16 2322.73
2297.00 2307.83 2319.62 2331.41 2302.35 2272.30 2239.42 2358.12 2450.86 2517.42 2495.22 2472.82 2444.93 2429.43 2417.72 2413.92 2425.89 2442.38 2462.56 2471.81 2466.69 2457.43 2450.31 2440.91
2427.03 2375.38 2310.73 2238.70 2220.95 2202.88 2182.97 2309.85 2402.94 2469.70 2454.06 2436.26 2422.24 2427.26 2435.37 2450.24 2455.01 2452.73 2449.01 2423.25 2377.57 2321.65 2332.57 2350.81
2369.51 2369.47 2368.92 2368.98 2357.75 2345.56 2331.39 2380.17 2416.49 2437.22 2459.11 2474.73 2488.94 2469.54 2448.34 2434.37 2431.52 2424.55 2413.25 2380.03 2326.28 2263.88 2230.09 2201.23
2178.98 2180.67 2181.10 2170.47 2223.01 2273.19 2319.94 2330.37 2334.73 2328.76 2278.71 2233.71 2188.55 2145.11 2106.52 2079.13 2085.17 2096.53 2110.82 2020.38 1893.43 1749.17 1652.42 1645.05
1804.58 1875.19 1980.66 2099.56 2092.42 2096.86 2107.92 2146.93 2182.05 2205.99 2119.86 2036.57 1955.08 1919.85 1879.64 1835.79 1819.89 1826.52 1859.94 1796.88 1783.42 1929.06 1834.40 1723.36
1607.82 1488.71 1343.60 1207.92 1174.70 1367.02 1619.54 1386.63 1320.46 1440.74 1580.31 1692.14 1781.49 1763.26 1769.04 1803.56 1856.29 1920.96 1991.94 2019.25 2016.32 2009.58 1984.90 1974.23
1970.40 1914.75 1861.28 1808.99 1805.84 1805.98 1815.70 1830.57 1891.85 1947.72 1978.12 2005.16 2026.96 2036.38 2059.25 2096.75 2153.04 2215.60 2282.32 2273.65 2246.17 2199.22 2207.76 2205.50
2204.80 2186.93 2167.73 2148.44 2150.21 2152.60 2154.91 2201.11 2239.39 2260.12 2273.33 2284.21 2289.96 2276.13 2272.25 2282.62 2312.74 2329.39 2345.46 2320.84 2273.43 2212.78 2192.09 2174.21
2159.84 2115.55 2068.54 2020.33 2073.51 2125.77 2163.09 2140.37 2115.63 2086.27 2209.40 2306.47 2402.24 2402.24 2398.09 2378.92 2362.50 2343.16 2326.90 2311.88 2278.23 2236.29 2254.91 2273.55
2293.49 2310.75 2319.30 2327.83 2362.61 2397.03 2428.90 2480.83 2519.86 2542.17 2535.34 2530.76 2528.36 2489.82 2455.62 2429.26 2438.43 2450.91 2463.76 2468.21 2457.54 2443.89 2437.41 2430.45
2424.32 2390.37 2353.27 2314.86 2298.86 2284.00 2268.49 2313.21 2345.78 2358.60 2355.95 2353.15 2348.32 2329.25 2316.15 2310.25 2339.26 2371.25 2406.45 2405.33 2387.25 2355.21 2351.72 2346.02
2336.31 2269.37 2195.20 2113.49 2151.03 2189.22 2224.03 2349.64 2446.84 2511.54 2501.27 2488.31 2475.82 2477.22 2483.18 2495.04 2486.36 2471.77 2457.47 2389.88 2297.35 2192.95 2169.42 2145.59
2120.21 2069.94 2014.56 1935.33 1984.85 2040.93 2098.67 2137.35 2171.62 2193.25 2265.33 2326.39 2376.72 2370.32 2368.23 2377.38 2388.85 2403.16 2413.21 2346.81 2256.57 2146.80 2069.40 1977.85
1871.16 1804.16 1816.79 1904.59 1871.49 1837.51 1822.10 1815.14 1806.36 1785.18 1787.74 1792.84 1807.85 1861.23 1926.15 1996.27 2046.30 2104.71 2169.48 2118.95 2041.97 1946.29 1878.36 1862.64
1916.43 1878.97 1844.18 1784.38 1656.22 1422.97 1060.88 1429.42 1619.39 1730.29 1916.92 2039.43 2132.78 2168.23 2212.00 2262.99 2268.10 2261.73 2256.24 2187.74 2087.82 1957.82 1947.07 1935.79
1924.06 1913.08 1905.49 1883.42 1895.12 1912.10 1931.65 2017.93 2077.15 2117.39 2085.28 2056.72 2036.38 2051.67 2098.31 2158.43 2180.40 2213.09 2255.91 2188.50 2104.43 2027.94 1965.43 1922.56
1917.00 1840.67 1765.67 1698.86 1728.42 1781.25 1814.72 1871.71 1912.34 1931.51 2006.48 2066.72 2121.76 2139.95 2162.11 2184.96 2240.96 2297.24 2355.06 2341.91 2308.13 2259.88 2260.28 2260.91
2263.02 2233.29 2198.15 2161.71 2185.51 2213.50 2242.83 2275.79 2304.05 2317.98 2244.40 2186.03 2138.25 1979.83 1803.36 1601.24 1563.26 1563.58 1615.12 1665.79 1709.97 1763.24 1818.45 1872.14
1926.90 1890.81 1851.60 1809.20 1777.65 1759.43 1755.71 1748.70 1774.81 1799.88 1801.85 1809.18 1818.35 1756.65 1727.03 1738.83 1882.18 2019.14 2149.00 2103.47 2012.04 1895.35 1901.94 1951.36
2033.37 2157.63 2248.78 2332.55 2305.62 2283.07 2267.39 2235.36 2212.48 2204.12 2181.64 2162.29 2144.60 2197.85 2275.63 2367.57 2325.38 2292.68 2254.74 2183.67 2088.34 1971.22 1933.81 1895.79
1859.33 1796.58 1667.09 1504.45 1423.96 1297.35 1286.72 1503.29 1637.19 1721.71 1611.50 1572.11 1581.58 1642.74 1757.61 1877.69 1881.69 1888.75 1896.77 1921.44 1895.92 1861.35 1818.88 1771.34
1720.29 1501.41 1151.03 1277.99 1211.65 1144.89 1066.70 1449.00 1659.24 1788.81 1817.31 1850.88 1871.98 1863.42 1887.27 1937.68 2034.68 2129.69 2223.09 2188.96 2111.24 2012.08 1937.14 1858.17
1789.41 1755.25 1723.24 1693.24 1674.31 1655.50 1630.15 1681.74 1720.61 1739.12 1828.91 1900.57 1953.74 2004.38 2056.51 2111.11 2137.56 2166.14 2194.04 2138.16 2061.76 1969.44 1940.84 1908.57
1843.65 1691.01 1538.72 1498.97 1457.19 1408.67 1354.84 1295.34 1383.42 1523.45 1640.07 1737.83 1845.33 1854.70 1867.97 1848.06 1899.18 1950.20 2000.47 1964.03 1906.25 1833.58 1799.15 1761.58
1723.43 1678.01 1668.17 1701.17 1716.40 1734.37 1747.05 1730.59 1754.69 1786.92 1769.60 1755.26 1754.26 1826.43 1900.83 1982.74 2043.81 2105.00 2166.92 2135.38 2071.39 2001.32 1928.47 1842.76
1741.15 1661.87 1623.58 1656.74 1640.79 1647.71 1671.29 1726.85 1786.29 1831.31 1868.94 1908.94 1953.12 2012.80 2077.79 2154.64 2216.61 2279.72 2343.97 2320.40 2282.00 2238.55 2192.21 2142.86
2092.68 2025.27 1954.55 1878.59 1874.83 1876.53 1880.87 2010.82 2093.75 2148.68 2126.42 2104.51 2081.94 2131.69 2182.65 2236.19 2275.37 2316.98 2346.57 2333.00 2302.79 2264.64 2264.97 2265.47
2266.32 2261.31 2256.33 2245.58 2282.46 2317.24 2346.90 2356.30 2363.17 2360.37 2336.18 2310.38 2284.78 2214.58 2149.19 2089.04 2074.01 2062.84 2056.24 2043.79 2009.50 1964.87 1971.79 1981.22
1993.87 1936.40 1873.86 1807.18 1845.60 1881.40 1912.03 1955.99 1997.41 2021.45 2020.36 2019.21 2016.47 2014.58 2020.13 2034.93 2093.38 2154.97 2218.25 2200.49 2164.21 2119.31 2095.90 2075.40
2059.47 2081.38 2098.52 2110.87 2146.99 2183.05 2213.90 2296.01 2356.83 2392.81 2395.41 2395.40 2393.31 2415.21 2442.14 2474.48 2479.72 2485.28 2485.01 2491.66 2484.33 2469.91 2472.66 2475.62
2479.50 2475.18 2471.21 2467.46 2392.80 2311.08 2218.04 2181.05 2145.91 2104.03 1885.29 1670.33 1532.10 1335.04 1056.05 837.12 1268.73 1598.52 1835.03 1933.02 2022.32 2113.50 2113.69 2113.74
2113.48 2113.58 2114.92 2119.80 2151.53 2183.76 2209.84 2269.28 2309.15 2326.11 2320.36 2313.86 2304.29 2284.25 2271.72 2266.44 2299.75 2336.02 2372.40 2375.30 2361.59 2340.39 2355.42 2370.54
2386.74 2404.44 2421.04 2434.45 2416.64 2396.29 2370.47 2400.53 2412.94 2409.03 2400.49 2393.71 2384.07 2385.76 2391.81 2401.79 2438.75 2476.26 2501.86 2475.81 2433.05 2379.27 2358.94 2336.94
2312.86 2344.98 2379.60 2413.93 2369.27 2320.23 2264.55 2339.56 2394.77 2421.49 2405.43 2388.00 2370.18 2382.12 2399.16 2422.11 2434.79 2449.43 2460.44 2426.06 2372.25 2306.27 2291.23 2275.22
2259.47 2243.25 2226.68 2210.28 2226.78 2239.41 2247.84 2336.64 2405.90 2454.34 2453.30 2449.81 2445.50 2421.21 2403.66 2392.87 2411.19 2430.41 2438.74 2380.46 2296.43 2190.07 2173.07 2156.77
2140.85 2138.93 2137.86 2137.27 2158.17 2179.19 2192.76 2243.13 2281.77 2302.61 2283.91 2267.39 2250.20 2259.30 2273.75 2294.74 2326.41 2360.45 2397.26 2369.54 2309.38 2229.54 2145.13 2046.98
1929.89 1935.83 1936.20 1910.50 1907.71 1906.11 1899.39 2005.35 2075.76 2115.37 2177.05 2234.64 2278.85 2276.41 2279.35 2289.15 2351.93 2416.70 2483.33 2447.30 2387.18 2310.45 2334.66 2357.67
2370.62 2397.75 2424.56 2451.21 2432.73 2413.68 2390.56 2447.25 2487.43 2508.59 2475.58 2445.27 2414.84 2408.27 2406.47 2409.92 2416.91 2425.98 2436.55 2426.46 2402.71 2370.27 2360.77 2349.20
2337.16 2330.68 2324.72 2310.54 2317.77 2324.89 2326.35 2396.33 2448.76 2480.07 2440.21 2400.63 2360.08 2330.63 2305.81 2287.25 2298.45 2313.10 2331.00 2313.86 2279.19 2222.61 2195.03 2163.34
2128.68 2105.87 2074.01 2035.39 2034.87 2034.21 2027.21 2084.51 2122.12 2139.83 2151.03 2160.22 2166.32 2158.82 2157.79 2162.82 2207.67 2254.76 2304.06 2268.08 2197.79 2106.57 2071.82 2033.40
1990.11 1952.60 1912.06 1869.77 1860.81 1850.97 1836.13 1896.74 1949.50 1978.65 1970.47 1965.07 1960.39 1993.13 2038.35 2096.00 2156.61 2219.66 2266.87 2238.07 2186.95 2117.80 2055.78 1983.49
1903.89 1872.75 1839.76 1783.20 1815.75 1844.72 1858.54 1916.03 1951.76 1968.18 1925.71 1887.85 1851.77 1937.86 2018.83 2104.54 2143.25 2185.07 2229.00 2182.46 2113.63 2029.07 1985.19 1935.47
1877.73 1883.10 1889.59 1895.11 1910.52 1925.88 1933.35 1962.20 1970.99 1970.80 1980.26 1988.90 1998.70 2008.21 2027.27 2059.15 2104.86 2154.02 2206.77 2203.52 2165.92 2121.27 2102.51 2085.83
2074.49 2055.77 2036.38 2017.67 1975.70 1931.90 1877.77 1940.66 1986.51 2010.82 2032.98 2045.91 2058.98 2109.06 2163.61 2229.35 2260.63 2296.49 2333.94 2283.52 2216.49 2141.08 2125.18 2107.82
2089.16 2050.02 2003.87 1956.21 1919.91 1895.27 1881.53 1964.49 2032.77 2085.29 2065.97 2050.10 2031.50 2103.05 2142.36 2172.83 2160.87 2155.35 2156.60 2148.08 2126.74 2097.32 2083.84 2083.39
2096.89 2074.29 2038.98 1993.26 1912.97 1826.05 1728.15 1699.13 1670.69 1633.04 1525.94 1417.66 1312.07 1408.66 1497.68 1585.83 1725.52 1852.50 1971.20 2026.33 2076.23 2116.98 2059.41 1993.68
1921.20 1875.67 1816.40 1760.10 1770.39 1781.47 1785.25 1813.78 1830.91 1830.45 1777.82 1737.25 1695.73 1762.50 1826.78 1887.51 1956.31 2030.39 2109.31 2066.83 1995.29 1885.56 1832.36 1773.36
1709.23 1678.31 1645.21 1610.91 1630.99 1642.54 1655.18 1703.62 1747.62 1768.36 1720.44 1679.39 1632.03 1509.30 1387.42 1284.28 1448.28 1606.92 1754.83 1835.33 1903.80 1967.96 1945.71 1918.01
1882.07 1848.09 1816.34 1790.06 1749.06 1704.53 1647.26 1614.68 1570.37 1527.58 1431.15 1355.35 1287.79 1149.39 1246.55 1426.91 1627.78 1801.76 1958.98 1976.65 1965.60 1914.96 1863.22 1815.44
1777.98 1757.08 1733.85 1710.51 1639.84 1560.42 1463.26 1473.37 1477.82 1460.20 1464.65 1464.03 1450.71 1530.49 1615.63 1698.91 1787.18 1876.31 1964.97 2002.60 2007.20 1969.37 1927.83 1901.12
1905.79 1772.98 1625.41 1514.82 1556.38 1693.47 1773.52 1811.78 1838.98 1846.73 1865.32 1884.77 1925.92 1957.73 1997.37 2049.37 2057.03 2066.83 2081.42 2001.03 1897.39 1765.62 1699.60 1621.91
1533.83 1458.74 1446.26 1510.55 1516.94 1523.79 1525.57 1612.77 1688.05 1741.23 1657.28 1575.12 1475.15 1427.30 1483.58 1601.55 1646.89 1706.26 1778.53 1795.52 1810.47 1825.76 1854.68 1864.84
1871.27 1848.76 1826.38 1805.26 1677.85 1541.63 1437.37 1508.81 1566.52 1609.55 1526.72 1444.86 1352.89 1507.41 1620.57 1709.19 1773.14 1837.37 1899.18 1892.36 1850.49 1799.71 1789.14 1778.58
1766.41 1658.27 1531.34 1404.53 1465.39 1504.57 1535.32 1530.89 1536.90 1540.48 1595.48 1645.08 1688.85 1765.36 1844.89 1932.86 2029.47 2131.24 2235.89 2199.69 2143.68 2075.90 2012.83 1948.18
1884.95 1855.47 1822.87 1787.58 1742.35 1706.27 1657.98 1759.76 1829.13 1868.26 1889.51 1893.44 1890.67 1974.87 2053.42 2130.51 2183.51 2239.50 2298.20 2285.81 2253.81 2212.25 2197.32 2182.23
2166.48 2161.96 2157.27 2141.94 2155.56 2169.46 2175.85 2237.62 2283.81 2310.21 2289.61 2271.52 2251.65 2274.28 2301.60 2336.85 2346.31 2358.02 2371.90 2354.01 2322.16 2281.73 2280.95 2281.39
2279.98 2255.68 2226.99 2196.36 2175.57 2153.73 2124.36 2181.30 2224.84 2247.47 2203.13 2160.32 2117.55 2135.39 2158.87 2192.01 2238.22 2287.33 2339.20 2336.92 2297.80 2245.04 2191.86 2133.27
2066.80 2046.56 2026.77 2008.49 1982.91 2015.11 2087.15 2082.99 2078.71 2058.17 1981.13 1912.46 1861.85 1848.77 1842.20 1841.70 1912.77 1987.51 2063.18 2099.16 2112.35 2099.65 2063.57 2021.91
1976.03 1930.37 1879.07 1822.72 1814.40 1814.97 1817.50 1912.89 1988.27 2045.75 2005.43 1967.07 1927.71 1959.39 1998.03 2047.43 2096.67 2150.46 2206.24 2171.17 2123.14 2070.12 2024.90 1972.77
1918.30 1872.85 1822.80 1747.23 1773.50 1798.89 1818.30 1912.03 1982.41 2022.81 2025.54 2029.18 2022.60 2038.75 2063.26 2094.84 2141.52 2191.64 2244.11 2250.56 2243.38 2206.70 2159.60 2106.66
2047.68 2051.76 2059.00 2056.50 2061.54 2067.52 2069.76 2150.79 2220.00 2264.63 2264.98 2266.73 2256.20 2241.22 2231.05 2224.02 2235.19 2248.95 2266.18 2255.58 2231.12 2174.58 2139.70 2101.41
2059.99 2071.40 2079.23 2071.66 2103.00 2134.32 2160.57 2234.91 2287.75 2316.08 2318.32 2318.67 2309.38 2316.42 2328.33 2342.53 2376.25 2412.88 2453.32 2419.80 2357.60 2278.14 2297.97 2317.13
2336.59 2368.72 2401.23 2433.27 2418.64 2405.23 2387.97 2392.61 2385.85 2365.16 2351.79 2341.82 2323.31 2322.92 2326.22 2334.95 2362.28 2393.86 2429.92 2412.19 2379.42 2326.15 2342.71 2360.46
2379.44 2370.36 2358.79 2344.54 2298.62 2249.20 2190.12 2248.45 2291.94 2316.57 2257.76 2203.33 2143.49 2154.60 2170.90 2189.96 2221.26 2256.94 2296.87 2303.73 2298.31 2284.70 2265.00 2244.55
2225.42 2219.62 2213.97 2209.52 2159.46 2105.26 2041.67 2102.99 2145.89 2161.44 2154.85 2151.29 2153.79 2154.76 2178.19 2224.05 2218.82 2215.61 2221.77 2182.90 2135.11 2083.89 2058.31 2007.10
1944.42 1945.35 1950.24 1962.75 1977.63 1997.65 2019.81 2022.06 2025.06 2022.45 2066.00 2109.81 2172.03 2136.00 2103.72 2068.09 2085.67 2107.16 2127.88 2113.92 2087.80 2054.97 2047.43 2023.72
2005.01 1972.80 1937.27 1900.87 1842.00 1779.54 1709.41 1811.06 1904.78 1961.47 2001.25 2032.00 2071.48 2081.01 2094.57 2114.51 2157.30 2199.48 2237.96 2211.18 2173.83 2131.75 2099.41 2067.07
2035.68 1994.16 1948.76 1901.22 1897.71 1894.81 1888.23 1936.18 1972.79 1993.76 1997.31 2002.84 2002.12 2041.09 2086.31 2134.08 2165.76 2192.74 2218.54 2185.21 2134.83 2069.62 2043.83 2022.04
2006.72 1973.96 1941.90 1908.46 1855.44 1799.09 1734.47 1785.46 1834.67 1864.14 1873.07 1877.15 1878.76 1902.66 1935.37 1969.90 2008.14 2051.74 2091.49 2087.64 2068.74 2038.83 2055.21 2079.64
2112.19 2088.74 2066.65 2049.47 1968.56 1873.71 1757.67 1872.35 1957.84 1992.16 1960.40 1932.49 1899.47 1917.71 1959.63 2007.21 2054.42 2100.24 2145.97 2124.84 2087.41 2037.37 2050.45 2064.81
2080.17 2046.49 2013.75 1978.98 1936.93 1880.74 1809.05 1842.83 1870.59 1880.05 1833.68 1802.97 1779.45 1895.38 2003.54 2109.73 2155.64 2204.42 2256.54 2260.57 2236.30 2202.18 2169.17 2134.63
2101.35 2077.48 2055.67 2036.75 1973.28 1890.68 1789.57 1929.07 2032.57 2099.55 2067.77 2037.31 2006.44 2055.59 2107.19 2165.70 2203.40 2242.92 2284.85 2267.80 2236.87 2196.62 2180.69 2165.54
2153.34 2083.00 2003.67 1915.65 1909.36 1906.28 1900.67 2024.06 2100.97 2146.61 2151.42 2156.66 2167.88 2186.01 2210.89 2242.35 2279.05 2318.53 2349.15 2292.50 2214.00 2114.00 2112.16 2115.25
2122.50 2112.08 2099.17 2059.88 2063.45 2069.92 2075.09 2129.32 2169.24 2192.53 2201.09 2208.75 2218.24 2226.45 2238.75 2249.37 2265.46 2284.44 2306.37 2302.24 2288.80 2269.02 2250.81 2231.35
2210.14 2167.43 2121.24 2071.74 2058.76 2044.92 2028.51 2103.03 2162.20 2199.40 2192.29 2185.93 2170.36 2209.91 2252.95 2299.08 2319.61 2343.11 2364.65 2342.72 2304.95 2253.86 2253.70 2254.66
2257.52 2251.65 2245.90 2240.19 2205.58 2169.12 2125.92 2182.06 2217.31 2231.01 2234.61 2235.11 2220.92 2232.55 2246.40 2266.12 2282.97 2302.85 2326.57 2269.73 2186.71 2075.18 2075.91 2076.98
2077.71 2020.71 1958.52 1891.35 1835.07 1766.52 1681.76 1766.60 1813.89 1836.73 1906.56 1950.56 1977.77 2040.29 2102.88 2173.84 2190.91 2202.44 2206.01 2168.26 2115.74 2050.68 2032.35 2012.69
1993.47 1968.68 1942.07 1912.52 1839.37 1755.57 1652.94 1740.69 1815.29 1868.23 1863.54 1860.92 1867.12 1919.32 1970.12 2023.20 2067.73 2114.52 2162.64 2159.84 2133.83 2093.39 2086.59 2078.78
2070.92 2026.69 1978.19 1924.48 1926.75 1918.30 1895.18 1998.33 2074.66 2122.43 2098.06 2076.32 2045.53 2069.59 2101.90 2140.77 2171.36 2206.04 2245.60 2237.36 2202.47 2153.15 2146.95 2140.89
2136.03 2139.18 2141.93 2145.56 2106.47 2061.90 2010.05 2085.07 2139.53 2171.03 2114.41 2061.27 1998.70 2009.38 2034.83 2074.14 2122.67 2175.86 2234.32 2224.51 2183.85 2125.91 2132.71 2140.42
2149.94 2110.91 2067.47 2021.26 1975.02 1924.12 1864.09 1947.63 2010.73 2046.14 1975.96 1916.14 1855.33 1876.41 1904.53 1939.79 1997.08 2058.17 2123.11 2095.17 2011.91 1893.17 1833.92 1761.76
1646.99 1661.27 1680.05 1704.49 1678.18 1686.72 1727.34 1689.76 1662.36 1629.78 1335.29 1084.99 1219.56 1165.65 1396.55 1577.84 1676.75 1807.57 1947.58 1918.85 1885.14 1840.09 1806.90 1800.11
1827.25 1761.29 1690.39 1616.91 1582.17 1543.94 1502.05 1419.37 1335.12 1245.52 917.04 1010.79 1209.90 1264.04 1324.20 1384.07 1451.88 1534.76 1625.44 1667.64 1725.88 1798.03 1851.10 1924.85
2007.60 1964.81 1918.69 1868.62 1832.40 1785.67 1727.15 1805.88 1847.32 1868.52 1749.64 1628.27 1497.42 1608.68 1711.71 1839.11 1801.84 1782.48 1789.12 1890.23 1980.40 2065.88 2097.30 2129.46
2165.35 2136.22 2103.83 2068.80 2002.67 1929.37 1844.34 1880.22 1914.48 1933.72 1881.61 1835.12 1782.61 1815.28 1859.47 1917.14 2006.87 2095.97 2186.99 2185.71 2156.91 2100.84 2062.05 2018.61
1970.09 1960.11 1950.26 1940.06 1915.80 1892.56 1866.66 1976.88 2077.95 2152.77 2125.24 2100.49 2069.15 2090.18 2116.40 2146.32 2183.69 2224.56 2270.68 2264.40 2219.87 2159.55 2154.89 2150.77
2147.23 2107.00 2062.78 2014.82 2009.59 2007.85 2005.53 2112.41 2204.18 2269.08 2261.47 2253.21 2236.82 2231.11 2231.29 2237.95 2294.13 2352.71 2414.26 2395.58 2346.19 2283.34 2223.11 2155.30
2078.87 2074.49 2070.50 2065.55 2009.63 1949.65 1879.58 2047.31 2154.67 2228.59 2248.82 2264.01 2276.32 2309.75 2345.18 2382.87 2397.80 2414.07 2432.12 2406.40 2366.48 2317.47 2265.60 2207.94
2143.76 2130.75 2120.30 2114.70 2110.98 2105.93 2078.70 2157.39 2218.71 2258.50 2235.65 2212.27 2184.07 2215.22 2249.30 2283.66 2317.38 2352.82 2393.89 2371.66 2324.41 2260.92 2224.96 2184.49
2140.95 2130.84 2120.16 2110.00 2127.58 2145.14 2153.80 2189.50 2215.76 2229.66 2230.50 2231.02 2228.47 2246.54 2268.05 2288.58 2329.40 2372.88 2415.67 2375.26 2314.63 2235.05 2179.89 2118.18
2050.62 2030.74 2011.89 1997.14 1985.83 1974.89 1962.08 2091.97 2185.42 2242.31 2230.22 2220.18 2197.16 2219.55 2245.89 2278.50 2315.89 2356.54 2401.16 2372.87 2318.15 2243.74 2227.10 2208.03
2186.90 2115.56 2034.95 1942.71 1923.10 1921.52 1932.07 1991.74 2062.66 2116.11 2107.86 2098.21 2088.90 2148.93 2212.67 2288.05 2298.43 2309.99 2323.12 2313.69 2271.75 2219.30 2191.79 2162.46
2131.64 2087.08 2040.58 1993.86 1953.62 1920.34 1893.85 1990.11 2060.69 2115.09 2084.27 2051.47 2034.79 2092.78 2149.00 2209.20 2219.97 2232.24 2224.80 2170.41 2101.54 2023.48 1978.52 1931.63
1889.38 1842.13 1796.63 1703.56 1580.38 1418.53 1129.38 975.78 1035.35 1142.99 1344.96 1458.55 1567.00 1642.73 1714.34 1788.11 1816.44 1867.44 1938.07 1901.64 1850.29 1795.36 1767.29 1740.46
1715.27 1684.48 1677.34 1697.86 1476.83 1120.22 1009.79 1449.45 1673.47 1818.41 1776.02 1738.34 1705.50 1674.76 1659.83 1677.05 1742.70 1812.23 1884.95 1917.33 1913.97 1888.86 1788.15 1688.85
1627.90 1571.84 1516.79 1537.60 1629.11 1718.90 1801.28 1858.85 1920.54 1966.08 1868.61 1791.44 1739.88 1785.02 1835.56 1896.60 1961.05 2035.13 2117.41 2085.17 2004.03 1904.46 1833.33 1749.76
1651.57 1561.75 1500.90 1512.54 1547.78 1588.07 1642.36 1651.84 1711.76 1766.77 1773.93 1786.79 1809.96 1865.93 1921.99 1981.17 2013.77 2053.34 2098.17 2102.45 2069.32 2031.38 1962.84 1902.53
1864.80 1826.98 1781.82 1730.55 1704.14 1688.32 1684.85 1845.39 1946.19 2016.26 2042.78 2065.32 2100.17 2145.17 2189.71 2231.98 2251.64 2274.39 2298.19 2280.23 2241.05 2194.92 2179.66 2162.57
2145.89 2110.87 2071.36 2030.18 2000.58 1958.65 1902.04 2043.72 2150.14 2223.69 2233.87 2244.16 2241.89 2268.06 2299.14 2335.64 2351.05 2369.36 2391.40 2389.38 2369.63 2343.26 2307.24 2268.97
2226.90 2209.52 2192.39 2175.41 2147.75 2114.43 2069.21 2149.80 2215.75 2262.34 2271.22 2279.82 2289.25 2295.31 2306.66 2326.54 2335.29 2346.44 2360.17 2342.75 2303.20 2257.04 2189.21 2110.88
2022.78 2037.12 2052.30 2066.87 2059.04 2051.82 2042.33 2114.46 2175.06 2218.62 2164.94 2110.82 2050.67 2069.38 2094.33 2122.42 2175.88 2231.80 2293.02 2275.71 2221.58 2151.70 2110.57 2067.51
2023.37 2018.23 2012.26 1996.81 1977.94 1952.20 1928.42 1999.05 2039.16 2065.00 2016.61 1970.32 1915.65 1918.33 1933.67 1959.63 2037.99 2117.41 2199.75 2211.52 2185.76 2134.18 2092.45 2047.62
2000.42 1945.66 1885.05 1774.18 1709.96 1653.71 1663.65 1758.78 1833.14 1875.51 1826.12 1784.58 1755.36 1855.38 1953.00 2053.40 2092.37 2133.92 2177.78 2179.63 2137.21 2089.85 2033.50 1971.64
1906.25 1844.48 1774.68 1696.29 1694.68 1711.38 1744.35 1739.90 1747.60 1747.32 1663.66 1585.62 1521.78 1666.54 1790.48 1908.61 1972.56 2037.28 2104.66 2098.88 2046.67 1986.29 1942.74 1902.62
1870.25 1849.03 1805.76 1741.98 1703.45 1675.76 1627.14 1664.78 1671.86 1651.20 1672.52 1706.29 1744.75 1852.34 1954.74 2062.34 2094.95 2132.23 2171.79 2158.97 2114.55 2066.42 2019.05 1966.81
1911.20 1857.30 1798.08 1701.49 1714.13 1736.81 1763.75 1798.25 1869.63 1931.11 1830.43 1734.65 1659.13 1757.26 1847.95 1945.61 2002.36 2059.21 2118.21 2158.17 2164.68 2152.58 2128.63 2109.14
2098.95 2007.55 1903.15 1750.40 1728.83 1699.45 1653.21 1775.22 1866.16 1938.62 1867.08 1801.02 1755.21 1855.70 1949.34 2044.99 2123.68 2203.44 2285.31 2261.29 2202.23 2135.15 2084.72 2028.25
1969.86 1930.62 1889.47 1828.45 1789.77 1750.51 1711.01 1822.26 1917.53 1982.13 1960.62 1938.28 1928.97 1980.84 2033.89 2093.65 2170.08 2248.41 2328.93 2332.89 2299.66 2257.98 2221.90 2184.15
2145.14 2083.84 2015.04 1938.59 1949.48 1964.09 1982.49 2082.19 2150.81 2195.13 2168.61 2143.31 2109.40 2129.01 2155.99 2184.40 2242.41 2303.49 2371.26 2339.42 2280.84 2206.56 2186.12 2164.08
2139.93 2110.17 2079.44 2042.16 2061.57 2083.32 2103.90 2180.77 2243.61 2286.87 2262.02 2238.07 2203.78 2186.48 2178.31 2174.79 2230.63 2289.65 2355.77 2363.30 2338.70 2304.67 2293.93 2283.80
2276.23 2220.66 2160.88 2095.18 2119.52 2141.76 2145.08 2218.82 2271.90 2303.02 2287.61 2272.64 2246.52 2247.38 2254.47 2263.56 2280.42 2300.30 2323.42 2295.21 2246.68 2184.84 2195.30 2205.72
2217.55 2189.63 2160.48 2128.92 2105.54 2079.58 2048.44 2100.06 2139.14 2162.56 2137.50 2111.89 2076.99 2094.92 2117.23 2140.01 2186.94 2236.95 2295.79 2284.57 2244.37 2192.41 2141.80 2091.16
2044.81 1982.24 1910.82 1831.71 1835.37 1842.62 1848.09 1943.23 2008.92 2055.84 2043.14 2031.69 2008.98 2034.50 2070.18 2111.13 2163.25 2217.33 2278.12 2288.06 2259.39 2223.69 2210.73 2197.10
2182.96 2125.50 2061.90 1987.77 1957.03 1920.66 1883.59 1988.02 2069.31 2132.19 2104.26 2077.37 2044.84 2078.58 2121.70 2170.35 2212.17 2257.19 2306.39 2299.81 2267.20 2227.70 2178.45 2123.72
2061.59 2027.92 1991.27 1932.18 1930.71 1928.20 1923.01 1979.15 2020.80 2041.60 2019.22 1998.05 1966.81 2028.31 2091.47 2150.92 2192.82 2238.47 2292.45 2271.47 2220.12 2159.46 2109.95 2058.48
2007.12 1950.04 1887.61 1820.66 1821.28 1836.20 1861.50 1922.28 1956.47 1982.47 1900.82 1824.92 1751.82 1813.42 1887.70 1974.94 1991.14 2013.76 2042.13 2054.65 2019.60 1968.50 1948.33 1925.75
1904.47 1850.41 1789.95 1702.59 1689.94 1688.87 1697.16 1707.02 1716.49 1714.77 1645.32 1586.52 1524.63 1608.74 1687.99 1761.13 1852.67 1945.63 2043.66 2097.03 2113.74 2121.84 2082.35 2047.46
2024.55 1964.74 1896.36 1813.97 1772.76 1746.88 1747.71 1840.42 1924.32 1984.34 1972.69 1962.58 1942.14 1973.53 2010.29 2046.60 2088.87 2134.89 2189.67 2211.65 2195.45 2164.20 2121.88 2077.57
2032.02 2002.50 1969.21 1928.75 1901.97 1873.87 1843.77 1967.77 2059.69 2121.50 2092.61 2065.78 2027.85 2041.60 2062.37 2086.37 2153.47 2223.29 2301.27 2323.96 2310.76 2281.60 2235.96 2188.90
2142.64 2093.78 2042.14 1988.54 1992.87 1988.83 1975.02 2099.72 2195.41 2260.53 2249.26 2238.72 2216.99 2232.00 2251.84 2276.16 2302.46 2330.78 2366.35 2362.55 2317.09 2261.97 2218.66 2170.09
2116.69 2071.47 2023.39 1971.91 1937.17 1900.56 1857.71 1975.97 2052.46 2104.49 2098.45 2089.96 2085.22 2150.36 2214.60 2275.55 2300.69 2327.79 2357.04 2334.61 2296.70 2253.17 2200.93 2146.99
2093.98 2019.73 1935.30 1839.49 1835.12 1836.44 1842.59 1962.31 2048.26 2108.80 2108.45 2105.62 2109.58 2140.50 2177.02 2221.45 2254.59 2290.86 2323.09 2267.86 2194.89 2115.88 2032.63 1934.87
1818.35 1793.92 1770.59 1732.35 1716.01 1722.63 1750.93 1826.12 1917.42 1992.79 1988.19 1985.66 1996.60 2037.05 2088.80 2152.23 2203.95 2257.85 2310.15 2261.80 2198.43 2129.05 2096.12 2060.97
2026.59 1940.68 1845.29 1737.68 1650.14 1603.45 1640.13 1735.37 1845.74 1928.65 1972.02 2012.46 2058.73 2085.71 2117.65 2157.10 2192.75 2232.01 2261.57 2200.26 2118.89 2025.57 1980.41 1939.45
1909.43 1877.81 1843.22 1805.40 1785.53 1767.36 1749.51 1907.21 2020.83 2095.54 2050.32 2006.38 1973.23 2038.17 2103.57 2174.88 2199.72 2227.18 2260.26 2203.26 2109.88 2007.42 1985.25 1960.89
1935.54 1915.45 1895.31 1855.41 1842.45 1831.87 1823.22 1921.24 1991.66 2035.54 1939.98 1845.05 1770.84 1840.19 1908.09 1975.05 2048.25 2122.30 2197.85 2147.69 2069.40 1963.83 1904.11 1838.11
1767.70 1765.05 1768.18 1779.16 1781.95 1784.01 1785.01 1875.48 1943.94 1998.08 1959.81 1927.64 1899.96 1884.40 1877.54 1880.07 1916.80 1958.63 2010.22 2054.73 2091.84 2131.76 2139.03 2146.43
2154.43 2138.75 2122.46 2105.10 2111.22 2117.61 2124.64 2152.20 2175.42 2190.40 2134.65 2081.80 2012.52 1993.11 1980.96 1971.99 2037.01 2106.10 2184.73 2210.17 2221.54 2233.52 2237.45 2240.91
2244.16 2200.38 2152.28 2100.56 2090.99 2081.66 2072.45 2139.67 2195.60 2233.24 2180.46 2132.57 2080.67 2079.15 2090.52 2109.55 2175.10 2243.34 2318.98 2278.09 2206.23 2118.41 2091.03 2063.08
2034.62 2009.60 1984.36 1959.66 1923.10 1885.50 1846.08 1886.91 1904.76 1906.55 1878.39 1857.59 1851.31 1888.11 1932.78 1987.20 2048.35 2111.04 2176.97 2162.10 2127.63 2098.27 2024.61 1939.92
1840.11 1803.09 1773.73 1759.04 1771.76 1780.20 1788.49 1793.58 1799.07 1779.80 1789.11 1781.68 1760.74 1816.15 1874.71 1938.14 2002.30 2069.88 2144.32 2130.67 2096.98 2064.82 2009.29 1945.04
1872.33 1843.47 1813.19 1776.52 1763.04 1760.06 1767.90 1792.25 1818.18 1833.59 1828.35 1827.16 1819.95 1853.32 1891.63 1929.70 1977.19 2029.57 2092.01 2117.37 2116.77 2089.43 2028.41 1963.69
1896.78 1847.75 1793.33 1732.02 1715.08 1699.34 1685.67 1682.34 1675.48 1661.85 1735.65 1768.43 1808.30 1891.11 1971.95 2054.47 2109.46 2167.06 2227.41 2189.47 2130.64 2064.36 1966.20 1857.42
1739.39 1681.68 1621.61 1570.98 1475.83 1374.02 1291.05 1397.31 1467.92 1513.14 1569.44 1565.45 1582.10 1716.49 1834.52 1935.41 1966.09 2001.41 2043.24 1985.38 1873.62 1732.31 1626.65 1507.89
1414.98 1519.56 1611.38 1695.03 1715.03 1735.62 1752.61 1769.05 1797.01 1823.28 1834.31 1845.21 1879.68 1944.10 2041.83 2150.16 2135.55 2121.69 2107.03 2007.79 1856.17 1659.20 1649.30 1599.13
1634.19 1648.34 1664.00 1679.94 1753.19 1824.31 1891.17 1945.85 1988.40 2033.38 2028.07 2029.43 2017.47 2043.04 2073.30 2112.04 2113.18 2135.85 2180.15 2140.38 2088.65 2031.52 1998.40 1965.78
1933.08 1965.18 1997.13 2028.52 2102.87 2171.77 2236.56 2253.58 2271.81 2287.72 2315.69 2344.29 2373.26 2378.53 2386.28 2385.18 2326.57 2265.74 2204.29 2138.59 2056.50 1963.31 1911.35 1856.89
1800.39 1727.39 1645.34 1551.57 1551.87 1575.98 1617.63 1558.39 1620.69 1728.29 1701.57 1677.29 1648.57 1746.41 1830.75 1908.08 1932.67 1959.35 1992.67 1913.02 1816.51 1703.28 1714.82 1726.80
1739.41 1545.21 1246.15 1105.84 1167.20 1253.73 1329.85 1256.47 1362.42 1493.31 1549.29 1606.96 1653.87 1710.45 1786.16 1865.99 1913.88 1968.28 2027.05 1955.09 1863.40 1757.01 1747.14 1747.42
1761.55 1728.66 1692.27 1652.76 1602.48 1536.41 1449.03 1488.63 1513.50 1524.84 1596.58 1626.64 1667.32 1822.80 1955.27 2080.29 2141.96 2204.42 2268.07 2253.78 2228.13 2208.01 2167.61 2122.42
2074.12 2001.28 1918.26 1823.42 1832.77 1847.44 1864.21 1984.38 2060.33 2111.25 2098.20 2086.38 2077.01 2135.68 2196.88 2254.82 2278.84 2300.24 2318.89 2270.85 2205.53 2130.77 2124.20 2119.26
2116.56 2093.44 2070.21 2046.69 1982.90 1915.16 1843.39 1986.33 2085.49 2147.13 2195.53 2237.30 2283.59 2297.80 2314.36 2335.41 2347.49 2361.66 2377.44 2328.79 2266.27 2197.40 2153.71 2106.14
2056.07 2018.26 1977.56 1933.46 1934.68 1936.81 1939.89 2026.67 2091.51 2138.34 2127.30 2117.48 2113.91 2141.48 2174.24 2209.13 2235.52 2265.69 2298.65 2297.71 2289.52 2283.39 2240.77 2194.50
2144.34 2052.75 1944.97 1801.96 1760.22 1726.86 1706.83 1894.63 2042.25 2148.07 2143.01 2138.28 2148.35 2164.12 2184.46 2185.86 2197.16 2211.34 2229.12 2195.14 2148.28 2096.84 2040.32 1977.49
1910.36 1880.26 1847.20 1796.27 1731.31 1660.77 1579.17 1650.09 1692.21 1718.19 1746.86 1760.03 1787.21 1837.48 1894.50 1954.89 2035.56 2114.51 2192.30 2157.32 2105.48 2048.97 1979.20 1903.96
1826.27 1716.47 1587.68 1436.34 1453.00 1490.01 1543.44 1607.43 1655.48 1697.73 1727.38 1758.22 1776.89 1863.99 1946.19 2026.26 2056.88 2090.76 2127.68 2057.89 1975.24 1880.73 1826.02 1770.32
1717.59 1667.00 1612.26 1549.48 1562.78 1663.49 1789.49 1787.01 1775.87 1756.96 1720.66 1705.62 1711.02 1764.89 1841.36 1936.29 1991.39 2052.79 2118.49 2053.27 1957.62 1823.68 1790.30 1760.03
1715.72 1561.48 1306.77 1136.94 1371.09 1567.03 1717.51 1740.88 1753.20 1777.23 1766.83 1768.22 1779.13 1833.51 1900.41 1967.57 1963.24 1961.32 1959.70 1910.18 1848.35 1778.11 1662.46 1516.76
1323.27 1348.15 1442.85 1555.08 1571.73 1599.71 1632.67 1637.59 1647.89 1660.96 1646.68 1634.24 1631.41 1634.81 1670.02 1730.22 1732.27 1762.69 1818.02 1745.99 1663.15 1587.31 1509.55 1472.98
1474.33 1535.67 1597.27 1657.05 1669.01 1681.24 1692.52 1726.84 1753.64 1774.52 1684.06 1589.54 1480.15 1540.49 1603.11 1650.47 1755.13 1851.37 1942.33 1951.70 1954.91 1954.31 1951.37 1946.10
1948.54 1943.91 1941.58 1938.70 1929.58 1918.89 1907.36 2017.74 2096.35 2151.12 2131.43 2112.02 2086.05 2089.17 2100.50 2116.40 2144.49 2173.94 2208.59 2209.37 2202.58 2186.48 2180.69 2174.38
2168.63 2133.96 2096.85 2056.57 2044.73 2031.61 2017.53 2086.71 2139.89 2176.79 2153.79 2130.93 2102.52 2132.39 2169.12 2207.75 2261.30 2315.81 2374.51 2352.00 2310.53 2258.93 2258.05 2257.10
2256.65 2243.45 2229.82 2214.07 2214.06 2214.97 2214.95 2271.37 2309.80 2334.77 2334.82 2334.37 2329.11 2314.31 2306.76 2301.62 2349.56 2394.73 2441.21 2402.63 2352.76 2296.63 2278.53 2258.89
2233.38 2177.15 2115.58 2045.11 1984.85 1923.56 1855.87 1977.95 2072.36 2145.79 2141.87 2137.67 2137.24 2166.56 2199.33 2235.28 2274.25 2314.68 2345.37 2280.67 2202.57 2114.45 2100.95 2086.70
2075.73 1996.02 1908.82 1813.63 1768.48 1722.83 1675.18 1794.37 1883.16 1950.58 1966.52 1981.15 1993.21 2047.54 2102.10 2158.79 2189.97 2225.29 2265.16 2218.70 2162.29 2101.52 2037.68 1964.86
1885.29 1843.64 1804.56 1773.13 1633.36 1451.68 1168.54 1364.78 1483.75 1556.14 1665.94 1767.18 1855.47 1929.23 2003.66 2075.81 2101.67 2129.45 2158.34 2122.20 2078.56 2039.89 1988.86 1932.63
1874.58 1834.03 1788.69 1723.51 1718.46 1716.86 1719.27 1805.19 1861.12 1899.03 1906.23 1919.53 1914.69 1975.43 2038.62 2106.69 2150.61 2196.09 2241.91 2206.04 2161.96 2117.95 2065.52 2010.25
1955.14 1907.94 1857.25 1801.57 1797.28 1797.60 1799.35 1880.27 1936.95 1973.49 1967.81 1955.15 1945.90 1978.74 2022.11 2079.72 2133.32 2187.18 2243.40 2204.75 2158.14 2114.48 2064.56 2015.48
1972.12 1899.12 1815.78 1723.99 1718.58 1732.86 1761.49 1782.67 1804.11 1821.38 1833.99 1817.29 1803.50 1892.05 1979.44 2075.84 2102.59 2130.52 2160.29 2135.47 2097.85 2058.24 1959.74 1871.58
1821.11 1775.96 1725.71 1676.57 1661.29 1655.78 1660.41 1766.74 1840.98 1889.99 1936.58 1963.69 1997.75 2072.34 2145.14 2223.49 2261.99 2301.73 2344.11 2314.72 2273.30 2232.10 2200.55 2165.79
2130.06 2076.58 2018.96 1955.51 1936.72 1896.59 1852.32 1988.75 2082.95 2148.02 2152.30 2154.44 2168.69 2165.52 2170.06 2175.67 2196.85 2220.63 2243.24 2237.62 2227.72 2219.75 2212.50 2205.29
2180.82 2132.45 2079.71 2024.68 1996.05 1965.75 1937.24 2000.74 2049.04 2089.37 2103.48 2117.73 2139.73 2139.99 2146.70 2168.43 2164.51 2161.15 2159.09 2158.80 2150.30 2142.38 2067.96 1983.90
1888.19 1835.03 1775.78 1679.07 1754.28 1823.28 1877.90 1974.39 2052.33 2121.43 2120.98 2123.55 2139.22 2135.91 2137.39 2133.46 2137.30 2150.46 2172.77 2169.06 2161.62 2153.80 2146.15 2137.73
2130.57 2005.78 1852.23 1658.05 1653.10 1650.46 1647.99 1804.19 1922.07 2015.79 1997.87 1986.93 1987.80 2053.76 2120.14 2176.75 2190.46 2206.52 2226.28 2218.11 2207.86 2198.56 2141.19 2082.99
2027.52 1961.74 1886.77 1785.37 1731.89 1695.09 1664.66 1682.48 1692.19 1697.10 1809.54 1903.52 1986.45 2044.18 2104.72 2171.97 2204.70 2237.98 2266.02 2209.23 2143.93 2073.96 1979.43 1876.96
1771.88 1767.06 1763.84 1719.46 1580.52 1378.91 1160.82 1405.12 1536.05 1612.17 1697.83 1775.03 1851.11 1898.36 1947.39 1992.10 2062.22 2130.94 2202.32 2095.05 1963.24 1791.64 1676.65 1534.92
1354.23 1266.99 1204.83 1289.68 1450.02 1575.99 1679.83 1723.49 1758.91 1786.79 1731.73 1680.86 1628.59 1656.33 1714.71 1788.37 1872.79 1953.26 2035.50 1995.58 1928.78 1857.87 1785.10 1702.27
1607.42 1496.09 1384.18 1330.37 1330.31 1366.78 1423.88 1421.18 1408.03 1385.67 1412.82 1473.75 1543.20 1605.19 1696.37 1802.09 1880.70 1957.07 2036.64 2027.32 1984.87 1944.02 1884.09 1818.54
1750.14 1693.02 1626.99 1554.06 1350.15 1404.21 1552.99 1496.01 1431.44 1366.54 1408.38 1443.33 1471.08 1533.09 1602.28 1674.11 1774.89 1876.61 1982.54 1960.29 1925.35 1863.82 1827.19 1786.42
1731.20 1665.01 1593.60 1531.39 1590.78 1660.19 1722.02 1737.22 1743.90 1746.47 1808.73 1863.34 1918.44 1895.03 1883.88 1892.33 1911.94 1939.41 1980.73 1967.10 1954.45 1929.50 1841.18 1732.76
1601.26 1543.83 1446.41 1403.51 1489.14 1594.97 1698.67 1712.50 1740.76 1769.06 1649.84 1543.52 1469.84 1578.10 1680.23 1782.14 1847.04 1923.81 2009.70 2010.37 1993.43 1982.92 1936.49 1890.55
1851.61 1838.56 1824.43 1775.03 1725.74 1675.61 1620.55 1737.92 1819.50 1876.93 1959.21 2025.51 2079.23 2116.73 2147.19 2184.98 2216.39 2248.94 2272.16 2263.46 2251.65 2238.57 2248.80 2264.25
2283.38 2258.43 2229.72 2200.50 2142.68 2074.28 1996.92 2083.73 2147.42 2192.13 2171.41 2151.07 2127.49 2148.92 2177.51 2211.93 2243.47 2274.59 2310.36 2322.92 2317.55 2310.06 2263.05 2212.68
2157.82 2149.99 2142.31 2134.15 2106.36 2079.87 2055.35 2099.52 2102.74 2095.15 2068.45 2047.38 2045.37 2060.57 2142.27 2275.36 2335.12 2427.38 2550.05 2540.68 2544.67 2570.09 2513.37 2451.70
2386.85 2402.85 2420.93 2441.38 2439.27 2440.13 2444.38 2433.06 2421.03 2412.51 2355.53 2297.80 2236.56 2206.61 2179.99 2152.14 2048.42 1948.68 1875.28 1811.44 1739.22 1660.44 1479.52 1242.96
1228.22 1290.66 1413.68 1528.82 1414.92 1377.66 1463.63 1391.87 1496.29 1639.21 1653.77 1679.73 1707.68 1706.15 1732.70 1776.10 1770.72 1777.92 1808.18 1671.74 1496.51 1251.99 1311.23 1363.97
1413.39 1357.10 1336.16 1319.78 1051.43 1175.11 1403.51 1180.79 998.57 1022.85 1106.42 1377.00 1511.75 1676.33 1806.82 1919.03 1984.09 2049.67 2118.21 2107.39 2094.42 2075.06 2079.27 2087.97
2101.17 2082.80 2059.99 2037.87 2022.34 2005.82 1987.97 2045.45 2083.77 2106.73 2098.55 2092.39 2082.75 2088.12 2102.40 2127.91 2145.69 2162.67 2183.00 2155.83 2107.00 2048.21 2012.89 1973.54
1931.25 1912.19 1891.43 1870.32 1780.12 1663.80 1517.71 1615.55 1765.42 1890.91 1906.14 1926.77 1969.04 2037.12 2112.27 2186.78 2159.74 2130.28 2101.89 2118.70 2141.37 2171.56 2166.98 2164.88
2168.42 2175.95 2191.25 2213.71 2151.23 2084.59 2012.40 2049.77 2103.33 2163.98 2076.06 1993.96 1906.48 1890.49 1879.50 1869.97 1908.93 1961.81 2026.50 1970.80 1905.10 1806.79 1706.66 1611.78
1469.85 1491.46 1520.61 1558.22 1592.39 1622.98 1654.17 1592.66 1528.00 1465.25 1519.42 1600.90 1682.17 1700.09 1744.10 1800.45 1849.73 1897.85 1948.10 1938.82 1934.26 1937.48 1902.47 1850.28
1793.34 1791.98 1793.42 1798.52 1771.02 1743.63 1713.91 1686.19 1649.42 1606.67 1618.93 1631.52 1635.46 1730.66 1821.01 1908.00 1985.89 2060.95 2137.44 2132.34 2124.59 2110.27 2070.23 2026.46
1979.87 1927.56 1872.33 1816.53 1783.62 1762.48 1749.12 1786.47 1815.19 1835.35 1987.45 2108.73 2203.13 2237.72 2277.58 2321.95 2331.76 2339.70 2346.64 2320.03 2290.52 2251.75 2241.10 2223.47
2205.73 2179.91 2156.00 2135.19 2064.35 1986.35 1899.68 1908.32 1913.16 1914.01 1502.47 1125.54 1064.89 1449.02 1700.58 1864.00 1869.94 1895.70 1946.61 1929.77 1901.25 1877.70 1871.95 1857.18
1844.56 1846.54 1874.11 1925.13 1921.62 1919.02 1916.81 2027.83 2108.50 2170.62 2158.49 2177.76 2217.64 2237.38 2265.21 2301.96 2355.59 2412.43 2473.06 2418.59 2355.21 2283.93 2194.89 2094.25
1985.80 1943.18 1895.39 1843.79 1788.95 1734.04 1678.75 1697.21 1702.69 1699.89 1842.28 1960.07 2062.14 2117.16 2173.38 2235.20 2257.08 2272.15 2289.83 2248.78 2203.92 2155.55 2111.72 2060.44
2006.51 1975.08 1946.13 1923.37 1882.56 1826.40 1768.33 1837.43 1886.88 1920.30 1984.83 2045.02 2105.58 2140.04 2177.80 2225.97 2244.73 2264.13 2283.43 2147.62 1979.80 1769.17 1716.53 1707.01
1753.76 1914.63 2127.75 2319.29 2487.30 2664.15 2828.95 2821.97 2811.56 2795.11 2774.41 2756.32 2722.66 2675.51 2631.99 2586.78 2567.66 2547.29 2526.77 2463.96 2395.69 2323.49 2301.24 2278.87
2255.18 2236.83 2220.32 2205.54 2230.37 2258.63 2288.26 2254.22 2210.66 2162.22 2146.78 2141.10 2137.98 2047.38 1957.33 1868.55 1668.38 1375.28 1397.16 1418.50 1441.93 1505.31 1694.91 1851.85
1964.51 1955.97 1949.92 1942.59 1794.77 1592.76 1253.36 1403.73 1497.84 1548.64 1724.49 1868.72 1968.22 1982.17 2003.78 2036.12 2065.10 2094.60 2122.64 2101.97 2078.73 2051.55 2001.35 1947.11
1893.12 1879.95 1859.81 1835.87 1801.67 1768.29 1734.19 1807.70 1863.42 1908.00 2018.50 2114.92 2188.10 2194.25 2204.49 2223.88 2243.89 2265.72 2266.69 2231.20 2189.86 2147.08 2092.06 2030.84
1963.47 1939.53 1916.21 1895.69 1889.44 1881.38 1873.30 1959.22 2017.11 2056.20 2079.57 2101.08 2116.30 2173.19 2222.83 2277.91 2305.82 2319.66 2335.69 2311.34 2288.01 2268.76 2236.31 2201.36
2164.07 2142.47 2120.65 2096.82 2102.83 2097.63 2082.06 2115.28 2138.14 2156.45 2127.88 2119.50 2144.81 2152.02 2167.01 2193.08 2184.01 2183.53 2206.62 2260.25 2377.81 2520.74 2557.28 2622.08
2712.11 2710.18 2710.94 2717.19 2730.55 2745.53 2761.00 2778.78 2791.27 2801.45 2721.58 2642.92 2554.79 2485.62 2429.31 2385.83 2327.45 2261.01 2182.87 2131.84 2075.00 2012.44 1927.53 1827.51
1703.94 1729.89 1773.17 1822.17 1843.63 1864.81 1886.23 1927.40 1962.46 1995.18 1926.52 1868.35 1812.93 1712.22 1713.66 1803.30 1779.17 1737.64 1700.19 1763.47 1823.44 1882.79 1853.92 1866.23
1887.58 1863.33 1861.23 1882.25 1979.09 2067.57 2148.50 2188.64 2219.78 2248.02 2221.59 2196.53 2171.67 2149.19 2133.37 2120.48 2051.90 1980.15 1908.28 1893.96 1876.00 1858.64 1835.17 1816.45
1804.08 1825.70 1847.27 1864.94 1875.69 1886.88 1899.16 1921.35 1937.86 1955.47 1864.38 1798.13 1770.90 1807.63 1878.05 1963.60 1987.08 2008.64 2032.29 2009.68 1988.86 1971.77 1916.12 1855.53
1789.69 1788.50 1787.39 1786.10 1786.44 1787.78 1790.13 1857.25 1895.88 1926.39 1990.75 2046.24 2090.01 2080.44 2080.25 2087.50 2107.52 2127.25 2145.91 2158.98 2172.43 2186.59 2160.62 2129.93
2098.08 2046.79 1990.73 1929.35 1867.56 1835.79 1859.70 1908.94 1956.15 2000.09 2028.98 2057.61 2080.39 2079.34 2085.74 2097.81 2120.51 2133.29 2132.46 2113.03 2098.26 2089.89 2040.68 1983.71
1920.28 1899.07 1882.53 1873.28 1852.83 1837.20 1798.65 1857.98 1899.13 1931.22 2037.51 2133.31 2217.46 2241.59 2269.10 2297.41 2279.88 2245.13 2207.30 2179.16 2149.44 2119.24 2108.55 2103.13
2102.93 2085.87 2068.41 2049.07 1978.35 1904.53 1834.87 1901.75 1950.35 1975.78 2011.00 2040.36 2073.78 2074.08 2080.89 2095.79 2110.54 2126.62 2144.36 2161.23 2192.87 2258.13 2253.50 2273.83
2322.90 2289.98 2267.93 2283.16 2364.79 2442.76 2516.60 2518.23 2516.55 2516.05 2498.43 2482.16 2467.56 2433.03 2398.13 2363.21 2302.14 2239.15 2174.19 2162.49 2159.68 2165.30 2152.86 2143.30
2135.73 2099.98 2077.58 2070.94 2081.67 2092.73 2105.64 2152.48 2195.56 2238.02 2125.87 2015.33 1913.19 1828.74 1747.81 1680.13 1560.01 1414.32 1265.98 1284.77 1352.26 1428.19 1470.13 1513.47
1532.62 1543.07 1554.83 1567.38 1514.73 1455.64 1438.32 1550.00 1659.66 1756.10 1782.54 1858.97 1945.61 1995.95 2050.96 2087.88 2107.10 2126.74 2145.36 2141.61 2135.10 2122.45 2124.35 2132.23
2147.27 2143.69 2139.70 2135.48 2086.80 2036.27 1981.86 1963.15 1931.78 1895.52 1943.39 1993.58 2039.02 1934.74 1831.18 1727.97 1729.91 1769.67 1839.66 1897.70 1962.87 2030.84 2097.49 2310.32
2569.85 2648.27 2729.07 2803.81 2811.48 2817.82 2824.72 2825.47 2825.45 2826.17 2821.30 2815.75 2809.75 2803.88 2799.55 2795.57 2743.75 2689.43 2632.02 2565.27 2499.70 2436.61 2391.27 2345.31
2300.99 2281.61 2259.88 2238.97 2239.57 2241.70 2245.15 2288.88 2330.64 2372.42 2346.53 2324.90 2309.04 2268.45 2234.41 2203.99 2144.27 2080.47 2009.88 1997.61 1989.79 1988.50 1928.35 1868.61
1813.95 1764.55 1806.38 1909.74 1973.92 2033.85 2089.84 2171.15 2236.86 2294.53 2265.86 2238.97 2217.11 2248.54 2280.84 2315.19 2283.30 2250.12 2214.18 2230.60 2252.58 2279.36 2308.15 2338.70
2371.75 2394.21 2418.29 2444.30 2410.29 2373.10 2335.75 2369.22 2395.85 2421.36 2363.34 2305.35 2243.78 2176.56 2114.97 2057.89 2008.35 1954.34 1898.58 1880.92 1894.14 1938.72 1906.37 1876.26
1850.11 1810.21 1774.46 1753.11 1755.52 1787.68 1844.89 1794.27 1737.80 1684.80 1401.64 1197.06 1407.04 1437.72 1474.74 1570.14 1605.35 1651.46 1701.11 1726.87 1769.48 1822.03 1737.44 1643.66
1533.06 1537.33 1566.02 1609.69 1602.54 1593.19 1586.83 1500.21 1412.18 1354.73 1542.62 1733.03 1877.89 1913.24 1952.18 1963.09 1827.97 1651.03 1398.44 1161.60 1239.30 1398.60 1548.33 1685.07
1795.36 1827.77 1858.06 1893.68 1840.10 1781.51 1718.11 1782.51 1826.11 1858.84 1744.67 1627.10 1509.45 1281.30 981.85 1186.38 1360.41 1516.00 1649.74 1741.41 1806.71 1863.60 1805.72 1737.60
1659.32 1650.04 1647.78 1654.56 1729.68 1799.02 1858.37 1837.60 1803.80 1763.40 1759.78 1838.09 1931.02 1976.20 2025.80 2077.37 2085.63 2091.76 2095.83 2136.09 2177.20 2217.92 2226.47 2235.79
2244.50 2249.93 2253.83 2257.74 2252.97 2248.79 2245.08 2259.98 2262.36 2258.62 2324.88 2381.64 2430.73 2435.38 2444.11 2458.74 2445.69 2429.67 2409.83 2376.88 2340.93 2302.93 2297.44 2290.77
2284.42 2257.87 2230.90 2204.65 2198.41 2195.03 2194.08 2209.47 2213.52 2214.93 2236.81 2258.08 2282.96 2286.57 2292.68 2301.46 2280.08 2258.43 2236.13 2242.92 2250.58 2259.39 2257.57 2256.59
2254.95 2224.58 2192.44 2161.18 2080.58 1991.10 1888.80 1870.94 1839.89 1802.41 1732.35 1684.38 1660.77 1334.96 1159.69 1483.88 1562.71 1677.76 1800.39 1873.42 1942.89 2011.78 2070.35 2134.36
2201.73 2187.74 2153.65 2123.59 2118.16 2114.20 2113.33 2131.39 2141.84 2150.14 2044.21 1934.51 1829.15 1818.16 1812.04 1810.62 1730.60 1651.40 1600.89 1508.72 1420.11 1393.82 1397.61 1452.19
1540.58 1422.11 1333.35 1301.21 1289.67 1227.49 1234.74 1161.94 1271.81 1379.47 1406.59 1473.58 1541.89 1573.44 1625.16 1686.88 1758.66 1827.87 1892.72 1950.51 2005.64 2056.14 2001.62 1943.24
1882.23 1851.93 1822.43 1800.42 1777.13 1780.41 1815.33 1776.23 1761.77 1791.99 1685.92 1626.35 1617.16 1500.73 1409.18 1385.06 1508.48 1639.60 1762.59 1832.33 1901.17 1968.75 1973.47 1978.48
1981.74 2002.62 2022.54 2045.03 2049.12 2051.75 2054.73 2016.83 1976.61 1937.67 2041.84 2117.57 2171.39 2128.82 2089.31 2054.33 1982.45 1892.23 1777.27 1802.41 1838.68 1884.24 1875.77 1866.31
1855.98 1725.88 1593.81 1532.35 1618.94 1699.43 1771.39 1845.17 1919.91 2006.65 2079.13 2140.97 2212.10 2260.57 2311.82 2370.37 2362.77 2358.42 2358.24 2348.51 2339.77 2333.02 2263.17 2186.75
2101.48 2038.71 1969.20 1895.91 1848.35 1779.68 1686.68 1667.82 1662.81 1674.60 1578.07 1626.86 1710.50 1764.49 1826.07 1889.10 1864.85 1837.60 1804.96 1859.74 1934.34 2018.15 1964.03 1905.35
1807.77 1733.80 1652.20 1561.79 1583.65 1591.26 1621.58 1809.32 1945.21 2049.41 2025.13 2018.44 2015.55 2096.01 2169.21 2239.38 2215.29 2185.22 2147.55 2137.33 2130.78 2128.91 2173.56 2218.41
2264.94 2253.24 2241.64 2227.96 2158.80 2083.82 1999.57 2016.68 2028.07 2034.54 2139.83 2221.51 2282.24 2217.50 2156.52 2099.53 2017.19 1913.29 1779.91 1782.43 1786.65 1793.99 1802.04 1809.96
1817.73 1755.57 1704.56 1678.61 1665.13 1750.02 1887.79 2079.75 2220.70 2335.77 2326.30 2317.85 2309.89 2246.88 2185.21 2124.99 2055.42 1978.05 1890.74 1824.78 1751.98 1668.76 1702.64 1734.07
1768.05 1758.75 1749.39 1743.48 1830.87 1908.98 1980.59 2031.65 2074.87 2115.48 2089.96 2072.85 2063.53 2038.81 2026.72 2022.00 2017.11 2020.40 2035.76 2004.93 1958.84 1920.05 1887.22 1863.03
1846.60 1801.62 1760.99 1725.63 1750.12 1775.49 1805.08 1769.87 1737.68 1700.61 1656.53 1790.87 1939.48 1905.23 1878.16 1855.16 1891.15 1923.33 1951.69 1879.26 1804.61 1730.25 1680.79 1631.47
1578.50 1465.39 1329.72 1212.83 1372.90 1524.08 1659.29 1743.47 1803.56 1850.82 1722.00 1586.30 1435.10 1201.69 1321.25 1556.76 1679.14 1797.64 1902.14 1904.94 1906.81 1908.30 1844.10 1770.91
1688.86 1616.33 1530.82 1433.34 1359.85 1285.30 1217.53 1233.16 1232.91 1216.46 1561.21 1821.29 1986.77 2025.05 2069.21 2118.32 2105.10 2093.93 2083.04 2086.50 2088.40 2090.45 2076.56 2061.09
2045.05 2003.77 1960.10 1913.96 1781.71 1629.10 1463.90 1262.59 1155.81 1099.84 1384.26 1551.57 1664.42 1625.16 1765.60 1946.65 1956.71 1944.20 1932.49 1923.06 1918.07 1914.00 1916.70 1912.45
1910.28 1933.43 1960.42 1992.14 1979.80 1974.88 1980.87 2046.77 2094.88 2131.46 2024.79 1919.23 1811.85 1832.19 1860.66 1896.63 1877.87 1873.74 1887.76 1904.85 1931.07 1953.26 1924.21 1893.92
1860.03 1845.50 1834.13 1820.49 1776.44 1735.73 1696.05 1830.37 1916.95 1983.58 1996.65 2023.69 2051.56 2042.47 2041.03 2044.92 2011.83 1971.99 1922.24 1990.65 2057.34 2122.34 2161.97 2201.10
2239.36 2168.09 2091.17 2005.47 1941.28 1870.44 1794.63 1735.20 1664.40 1584.36 1679.10 1755.01 1807.93 1844.89 1891.74 1942.66 1947.25 1961.53 1987.74 2037.63 2087.03 2136.66 2167.27 2197.61
2227.35 2136.36 2033.15 1911.29 1694.74 1530.04 1678.10 1843.47 2083.04 2283.32 2472.37 2641.21 2777.37 2785.61 2792.27 2799.84 2770.68 2739.34 2704.01 2684.82 2665.95 2648.16 2607.93 2566.30
2522.63 2512.11 2499.99 2489.09 2447.34 2403.02 2356.58 2362.82 2363.50 2361.23 2304.15 2247.77 2193.08 2095.78 2003.83 1920.28 1909.41 1945.14 2015.22 1971.24 1924.09 1872.48 1864.23 1856.33
1852.68 1802.74 1752.89 1707.26 1654.60 1596.48 1536.09 1653.37 1744.94 1817.31 1763.54 1738.77 1744.12 1647.75 1546.02 1430.88 1560.03 1712.20 1837.95 1754.44 1679.65 1633.35 1608.19 1571.60
1529.81 1461.20 1377.43 1288.06 1148.42 1389.49 1595.56 1563.12 1540.42 1472.43 1694.35 1842.54 1949.09 1816.52 1822.55 1934.43 1872.31 1799.54 1708.25 1607.96 1525.22 1521.89 1665.46 1810.10
1944.90 1920.72 1900.19 1889.73 1788.51 1674.26 1546.71 1514.60 1483.21 1451.80 1526.02 1574.89 1604.52 1675.80 1756.76 1836.32 1903.95 1971.13 2006.99 2035.47 2062.54 2069.52 2065.06 2060.77
2057.92 2028.05 1999.17 1974.23 1995.18 2015.08 2034.38 1995.97 1946.16 1886.97 1957.52 2034.38 2094.67 2117.75 2144.80 2171.82 2171.57 2169.22 2161.82 2184.35 2206.38 2230.35 2260.04 2288.66
2318.31 2287.36 2255.56 2220.86 2173.22 2122.12 2066.68 2009.72 1947.81 1885.06 1857.11 1885.62 1933.60 1751.08 1765.05 2015.81 2065.62 2157.78 2266.90 2372.36 2485.89 2605.27 2619.44 2632.13
2646.78 2596.42 2548.06 2508.65 2534.12 2566.11 2604.02 2667.89 2723.68 2773.55 2753.83 2734.93 2716.82 2699.68 2689.20 2682.29 2640.37 2596.33 2548.48 2469.50 2377.03 2272.21 2311.32 2350.94
2390.52 2382.44 2374.79 2367.44 2336.41 2305.80 2276.35 2263.29 2241.88 2212.25 2212.27 2219.34 2228.68 2138.02 2064.71 2015.86 2018.62 2018.53 2014.39 1917.74 1808.24 1686.36 1741.99 1799.91
1856.03 1884.06 1932.49 1990.98 1994.82 1998.64 2006.47 1975.76 1934.99 1882.41 1722.75 1898.18 2104.98 2165.64 2226.38 2285.37 2235.11 2174.26 2096.26 2047.11 1999.41 1953.43 1871.55 1780.11
1676.06 1539.61 1359.29 1110.30 1314.78 1472.01 1595.75 1591.28 1592.83 1594.89 1696.44 1785.94 1870.44 1928.61 1963.70 1993.31 1823.20 1638.69 1579.55 1632.79 1676.84 1728.46 1722.57 1769.75
1851.48 1869.90 1894.12 1920.72 1959.92 2004.11 2049.57 2122.51 2188.64 2249.11 2240.01 2231.77 2220.42 2177.33 2140.52 2100.15 1830.55 1474.44 1243.47 1314.56 1507.40 1673.29 1679.63 1765.66
1862.69 1856.90 1851.57 1848.45 1883.81 1980.97 2104.06 2050.99 1988.44 1918.04 1877.63 1860.27 1857.42 1897.63 1943.22 1989.84 1902.27 1818.01 1770.59 1597.57 1492.74 1341.65 1196.07 1385.81
1587.66 1383.56 1273.51 1504.13 1539.14 1581.28 1631.20 1504.82 1397.86 1403.32 1085.77 1136.61 1249.17 1111.54 1511.38 1715.83 1793.92 1868.87 1945.62 1945.22 1951.42 1967.83 1901.93 1829.24
1746.08 1737.05 1744.73 1766.28 1503.60 1180.37 1525.54 1631.16 1683.88 1687.90 1540.00 1662.16 1838.53 1858.74 1885.16 1913.83 1934.28 1957.07 1978.74 2050.07 2119.68 2185.74 2139.69 2088.95
2020.90 1953.03 1910.03 1906.65 1907.38 1909.54 1904.21 1813.18 1693.75 1547.44 1589.07 1676.17 1756.82 1796.55 1847.14 1899.14 1911.90 1923.59 1935.59 1953.22 1972.77 1994.98 1970.06 1943.62
1914.11 1948.65 2006.83 2076.77 2065.07 2056.26 2051.55 2024.17 1994.26 1958.00 2024.67 2117.38 2204.06 2224.79 2250.49 2280.43 2258.92 2236.13 2208.64 2244.88 2281.37 2316.68 2285.47 2252.63
2217.80 2166.20 2112.65 2056.75 2045.97 2040.97 2042.22 2006.70 1964.55 1911.45 2059.12 2174.56 2261.17 2300.26 2336.28 2366.61 2353.22 2331.41 2299.99 2277.52 2251.80 2224.60 2247.22 2269.52
2291.13 2276.81 2253.59 2229.48 2216.07 2204.21 2192.27 2155.87 2118.19 2076.43 2074.33 2080.18 2101.00 2040.54 1982.89 1913.51 1838.02 1750.19 1646.46 1486.97 1294.15 1319.13 1440.95 1486.94
1531.15 1371.90 1198.47 1549.44 1613.73 1692.06 1759.28 1843.18 1932.04 2012.99 2111.23 2292.33 2455.84 2444.19 2440.41 2424.20 2306.63 2164.34 1994.98 1966.73 1968.01 2001.74 1964.28 1926.64
1890.81 1890.66 1893.70 1897.66 1940.26 1985.25 2033.57 2006.76 1975.69 1933.46 1904.07 1906.86 1923.65 1938.32 1960.58 1988.10 1976.33 1963.11 1948.10 1976.73 2004.43 2029.81 1981.72 1933.54
1879.66 1850.74 1821.67 1790.69 1851.98 1913.34 1970.42 2006.12 2039.72 2070.71 2076.39 2094.29 2124.60 2139.24 2155.68 2171.06 2132.83 2091.32 2046.27 2007.13 1965.40 1923.00 1855.26 1819.83
