2261.75 2337.72 2409.61 2478.80 2538.44 2594.01 2646.85 2696.65 2742.50 2780.45 2767.50 2755.30 2745.66 2754.84 2768.74 2787.36 2686.87 2574.38 2440.39 2449.85 2458.64 2466.17 2484.34 2502.47
2519.58 2528.61 2538.16 2546.44 2505.92 2473.24 2447.48 2482.24 2515.96 2548.00 2539.75 2535.27 2533.67 2484.29 2438.29 2399.11 2365.53 2330.22 2292.83 2259.28 2225.08 2188.49 2157.76 2127.17
2096.87 2114.49 2136.88 2162.83 2097.26 2030.02 1948.76 2030.41 2187.76 2330.84 2316.84 2305.33 2296.27 2268.17 2274.82 2310.04 2265.75 2223.93 2179.97 2289.33 2394.71 2494.87 2495.03 2497.04
2500.89 2462.46 2422.86 2385.71 2425.78 2465.14 2504.76 2448.91 2403.32 2365.14 2357.73 2350.51 2343.01 2267.14 2190.87 2114.28 1999.77 1863.25 1678.56 1518.67 1775.60 2040.50 2117.75 2205.05
2292.91 2283.45 2270.88 2261.71 2265.05 2267.80 2270.97 2223.64 2174.24 2113.38 2046.45 1993.68 1958.17 2010.69 2061.61 2111.77 2152.65 2196.64 2237.67 2235.38 2236.57 2243.26 2246.25 2248.73
2251.99 2256.51 2262.60 2272.70 2287.29 2304.36 2323.94 2347.58 2367.32 2377.29 2419.40 2450.63 2473.97 2491.34 2512.64 2536.30 2508.19 2478.76 2444.77 2464.82 2485.11 2504.63 2505.69 2508.67
2511.79 2510.48 2511.15 2511.97 2505.94 2499.38 2492.10 2472.02 2452.66 2432.77 2286.88 2162.90 2083.47 2052.08 2026.52 2009.51 2053.29 2100.04 2145.54 2163.77 2186.47 2212.33 2223.11 2234.46
2244.58 2249.13 2253.90 2258.93 2205.17 2156.52 2120.00 2059.73 2011.65 1977.42 1922.08 1995.73 2117.86 2169.81 2245.33 2328.45 2319.04 2304.27 2283.46 2349.64 2417.25 2486.42 2504.29 2522.38
2540.62 2490.48 2437.04 2378.04 2333.35 2285.55 2232.32 2225.63 2224.75 2223.98 2208.43 2245.03 2311.17 2267.04 2226.09 2188.21 2185.86 2185.20 2179.87 2084.37 1989.81 1909.17 1817.59 1713.73
1588.81 1734.35 1940.89 2123.03 2028.15 1920.94 1789.22 1796.50 1843.70 1909.26 1947.99 2003.62 2067.25 2169.49 2262.08 2347.27 2324.65 2302.46 2278.97 2266.54 2253.23 2243.13 2224.92 2208.02
2193.36 2212.64 2234.80 2259.42 2275.37 2292.16 2309.51 2403.10 2490.36 2569.17 2562.81 2557.27 2554.86 2550.49 2547.35 2543.89 2534.71 2526.35 2517.29 2440.23 2364.36 2292.78 2239.52 2181.74
2122.82 2158.59 2203.10 2252.84 2208.78 2219.32 2284.13 2329.82 2479.00 2646.02 2697.85 2749.28 2804.12 2803.86 2809.08 2820.51 2741.66 2656.02 2558.06 2547.36 2546.37 2558.00 2512.00 2462.12
2410.94 2381.82 2352.15 2321.35 2268.83 2215.02 2161.50 2261.87 2350.14 2423.32 2407.83 2399.54 2398.76 2362.53 2328.23 2297.65 2278.62 2265.70 2255.02 2225.04 2192.60 2158.52 2155.29 2152.54
2154.40 2145.32 2135.23 2125.64 2099.86 2074.73 2050.47 2018.95 2013.28 2027.43 1990.88 1958.61 1931.37 1896.94 1868.98 1852.33 1678.62 1515.35 1560.13 1421.31 1280.12 1287.65 1537.11 1720.90
1864.84 1904.84 1965.72 2038.37 2031.92 2041.90 2069.37 2033.60 1994.61 1948.28 2073.45 2168.70 2249.31 2236.22 2231.47 2233.02 2189.91 2143.71 2092.10 2128.12 2176.44 2235.80 2221.82 2210.75
2204.38 2234.16 2267.08 2300.65 2312.61 2326.14 2339.04 2339.48 2336.08 2323.59 2378.03 2430.60 2478.85 2502.20 2529.26 2559.33 2542.34 2528.22 2515.75 2524.03 2531.60 2540.00 2550.18 2560.56
2571.85 2550.02 2533.00 2522.19 2467.45 2418.57 2380.71 2312.61 2254.94 2210.38 2100.96 2123.07 2229.63 2191.18 2161.45 2140.15 1982.49 1835.70 1817.60 1795.44 1770.51 1747.94 1555.36 1346.29
1415.96 1649.14 1821.47 1965.85 2071.21 2171.49 2258.21 2350.40 2429.13 2491.31 2520.17 2540.18 2552.95 2584.11 2619.41 2656.17 2631.54 2607.02 2579.62 2534.32 2488.53 2440.42 2428.81 2427.18
2437.72 2271.73 2432.58 2718.10 2866.52 3016.99 3148.64 3171.60 3193.60 3212.25 3216.87 3221.65 3223.36 3179.25 3137.89 3100.17 3051.23 3000.40 2945.62 2892.71 2837.10 2781.76 2724.00 2661.28
2592.34 2533.37 2470.93 2404.29 2316.84 2225.87 2137.49 2125.14 2108.72 2084.82 1871.06 1652.79 1558.65 1591.78 1856.85 2076.25 2114.03 2178.77 2260.19 2268.04 2279.85 2292.59 2324.18 2360.69
2400.17 2368.25 2334.06 2299.63 2371.77 2441.03 2506.27 2585.83 2652.89 2705.51 2749.97 2784.41 2811.30 2836.82 2863.18 2889.96 2854.47 2817.79 2776.52 2804.13 2831.74 2856.97 2849.76 2845.01
2841.95 2823.41 2805.19 2785.43 2778.63 2773.07 2767.49 2745.20 2719.38 2689.54 2613.49 2535.91 2459.71 2435.04 2411.38 2386.63 2240.60 2083.79 1944.85 1980.36 2475.08 2865.64 2942.30 3014.69
3078.79 2994.90 2902.86 2800.29 2848.40 2895.52 2945.37 2912.61 2876.40 2835.23 2832.86 2828.36 2825.32 2747.93 2670.92 2594.90 2502.99 2396.54 2266.22 2156.85 2060.54 2013.98 1906.59 1951.57
2110.22 2137.69 2163.73 2190.59 2182.02 2177.77 2179.45 2106.80 2027.78 1940.61 1958.06 1972.20 1984.08 1952.16 1967.25 2022.21 2063.85 2139.13 2236.01 2237.74 2274.76 2338.27 2391.06 2441.52
2492.37 2463.03 2434.75 2408.46 2307.49 2224.12 2182.71 2130.39 2071.12 2001.92 1960.01 2019.30 2127.57 2111.55 2100.62 2092.70 2050.79 2008.25 1965.68 1876.24 1867.55 1946.06 1955.66 1966.51
1975.51 1987.48 1999.66 2011.68 2031.10 2049.79 2075.37 1995.41 1905.36 1796.75 1236.92 1512.90 1861.08 1684.81 1482.58 1313.74 1592.24 1794.05 1957.78 1945.19 1931.89 1919.50 1707.00 1529.50
1658.16 1603.46 1563.38 1550.44 1703.57 1938.95 2141.71 2117.56 2098.79 2082.87 2106.11 2138.58 2170.14 2133.14 2106.23 2087.89 1964.37 1815.18 1632.28 1647.72 1982.42 2261.19 2278.39 2293.65
2308.67 2304.61 2300.39 2296.73 2331.17 2368.74 2408.89 2372.77 2334.80 2290.95 2098.48 1912.97 1787.33 1906.59 2326.67 2646.32 2750.23 2856.15 2949.52 2949.41 2949.62 2951.05 2906.63 2858.12
2807.94 2778.68 2748.50 2719.77 2601.87 2479.54 2366.02 2250.14 2117.00 1965.00 1818.56 1659.18 1515.88 1469.55 1424.19 1385.89 1530.45 1721.39 1898.06 1963.72 2054.87 2150.84 2150.33 2151.88
2158.36 2004.80 1857.18 1790.06 1792.92 1825.11 1879.92 1813.26 1740.90 1669.82 1888.82 2058.08 2189.34 2302.01 2406.79 2500.85 2425.79 2339.07 2240.87 2278.47 2314.50 2351.53 2328.36 2306.06
2283.76 2271.06 2258.35 2240.81 2275.98 2310.48 2339.73 2366.62 2387.15 2400.84 2402.55 2404.26 2409.91 2438.29 2465.43 2487.23 2475.28 2465.18 2457.90 2454.15 2450.39 2446.34 2406.73 2367.77
2331.89 2227.44 2114.14 1999.43 2030.48 2064.53 2103.37 1984.04 1834.70 1639.36 1824.48 1948.03 2043.13 2033.28 2029.83 2035.38 2046.83 2059.06 2074.32 2090.42 2106.63 2122.79 2123.75 2128.95
2138.38 2126.26 2114.24 2101.37 2089.90 2079.27 2069.33 2065.20 2056.29 2040.72 2158.87 2252.35 2335.97 2370.69 2403.88 2439.82 2406.77 2370.53 2335.02 2338.44 2343.49 2349.64 2398.09 2447.29
2496.30 2468.04 2440.92 2414.38 2415.01 2415.66 2417.06 2409.62 2396.94 2378.62 2412.87 2445.19 2476.46 2468.60 2462.27 2463.64 2444.45 2424.64 2406.57 2418.60 2432.29 2447.58 2445.25 2443.84
2444.39 2418.80 2391.31 2364.07 2332.97 2299.29 2264.82 2249.41 2237.81 2225.51 2170.63 2130.12 2104.24 1996.95 1881.97 1764.65 1731.70 1780.88 1902.42 1960.27 2022.37 2087.06 2078.39 2070.62
2065.85 2059.51 2054.71 2051.30 2063.28 2076.41 2093.63 2082.62 2064.53 2037.61 2090.48 2130.84 2162.82 2220.85 2273.17 2327.89 2271.14 2205.70 2130.78 2157.23 2185.21 2214.91 2230.28 2249.54
2272.68 2297.22 2321.26 2345.44 2320.25 2293.94 2268.49 2224.08 2172.24 2111.20 2194.17 2263.25 2323.52 2256.88 2191.31 2133.24 2063.24 1984.46 1898.88 1985.19 2069.84 2151.07 2279.03 2396.83
2505.23 2544.39 2582.92 2619.89 2532.81 2473.81 2456.78 2337.61 2427.19 2655.79 2618.61 2609.15 2645.11 2694.33 2752.62 2825.57 2777.48 2725.83 2673.91 2702.40 2732.64 2766.72 2760.41 2756.64
2756.91 2733.84 2721.08 2719.32 2690.25 2662.78 2636.65 2669.94 2709.14 2749.65 2684.87 2620.50 2560.76 2545.90 2532.04 2521.93 2473.77 2426.52 2381.03 2331.43 2288.52 2252.50 2236.63 2224.07
2217.28 2229.35 2242.43 2257.61 2325.23 2414.95 2513.57 2493.24 2470.15 2446.07 2347.04 2238.53 2121.73 2134.80 2149.49 2167.73 2197.36 2236.42 2281.43 2183.25 2070.97 1943.14 1957.58 1996.44
2057.47 2101.00 2142.95 2178.20 2153.92 2129.46 2100.55 2145.61 2191.32 2239.65 2170.82 2096.14 2008.37 2036.58 2091.26 2154.67 2172.85 2196.77 2226.91 2157.08 2086.90 2018.89 2059.93 2096.21
2134.59 2116.42 2117.39 2137.47 2179.71 2218.93 2256.14 2328.27 2389.26 2442.63 2431.99 2421.67 2411.86 2328.27 2259.50 2230.20 2087.16 1938.60 1826.60 2070.30 2259.98 2417.94 2386.20 2393.18
2438.08 2320.20 2408.99 2624.65 2699.06 2804.62 2928.79 2870.64 2805.62 2736.30 2669.13 2602.41 2540.79 2460.82 2381.06 2308.73 2194.18 2059.66 1913.41 1743.58 1524.45 1369.35 1636.86 1904.70
2116.56 2100.80 2090.24 2086.79 2157.58 2222.99 2283.57 2277.99 2275.32 2275.57 2405.95 2507.02 2587.39 2601.77 2615.89 2634.43 2630.80 2627.69 2627.44 2663.26 2698.42 2733.17 2737.01 2746.33
2760.09 2747.69 2735.90 2727.21 2755.82 2784.44 2813.65 2813.00 2806.12 2793.29 2745.40 2705.19 2674.42 2590.37 2507.19 2429.03 2350.72 2263.25 2171.90 2201.96 2232.82 2264.68 2259.69 2255.37
2250.94 2208.82 2172.56 2146.47 2116.19 2084.30 2050.00 2101.61 2155.52 2204.07 2173.53 2161.46 2156.88 2012.93 1941.52 1967.59 1911.38 1971.91 2136.18 2325.71 2496.26 2657.73 2619.67 2576.13
2527.56 2527.83 2530.84 2536.28 2508.36 2480.53 2453.71 2415.28 2375.72 2337.53 2189.51 2043.81 1919.36 1901.15 1910.53 1948.25 2030.12 2107.73 2184.23 2135.66 2122.11 2156.14 2147.31 2138.58
2130.48 1935.91 1681.94 1395.16 1603.96 1971.58 2222.79 2320.53 2400.67 2471.49 2535.20 2593.43 2649.71 2594.48 2548.49 2519.63 2471.59 2419.73 2366.81 2338.81 2306.22 2270.42 2411.58 2556.17
2696.32 2672.13 2648.32 2623.64 2629.52 2637.83 2648.94 2689.27 2720.60 2748.38 2688.82 2631.77 2580.68 2540.68 2505.30 2478.03 2482.91 2486.91 2495.12 2479.86 2466.04 2454.73 2411.54 2370.73
2334.90 2377.56 2429.28 2483.89 2491.14 2503.34 2520.41 2496.59 2471.53 2446.18 2402.54 2361.06 2322.45 2176.22 2003.82 1791.60 1974.34 2121.21 2246.71 2048.84 1843.96 1795.61 1722.04 1823.17
1991.55 1753.83 1860.29 2130.60 2096.80 2055.97 2008.56 1958.74 1961.44 2008.42 1963.53 1955.07 1975.99 1956.41 1951.63 1967.16 1845.94 1844.86 1992.70 2091.19 2185.06 2278.23 2285.68 2290.36
2293.79 2259.23 2253.59 2282.16 2182.61 2089.73 2016.71 2026.75 2028.56 2029.06 2211.95 2359.11 2480.95 2480.60 2483.06 2484.91 2478.48 2474.71 2481.14 2426.59 2376.79 2340.21 2274.33 2202.28
2123.93 2087.17 2055.93 2029.97 2157.49 2266.89 2364.45 2331.00 2293.37 2255.36 2193.73 2130.05 2073.83 2110.64 2147.10 2185.20 2213.50 2236.73 2264.25 2232.56 2202.80 2180.71 2129.68 2088.83
2067.55 2031.79 2050.59 2115.47 2081.07 2115.53 2196.60 2204.65 2301.20 2425.36 2542.59 2640.48 2726.88 2728.95 2732.37 2742.82 2708.53 2671.55 2634.77 2565.61 2500.95 2456.46 2448.58 2493.69
2582.26 2519.24 2448.95 2372.76 2357.29 2342.42 2329.54 2310.22 2280.27 2247.24 2235.96 2271.65 2338.10 2201.74 2048.80 1879.02 1890.56 1904.53 1929.72 2001.36 2067.78 2133.45 2111.52 2098.16
2094.79 2161.00 2232.59 2306.70 2286.17 2264.62 2241.56 2174.21 2126.88 2107.99 2263.50 2385.31 2483.19 2490.93 2497.77 2508.67 2419.57 2317.56 2204.98 2270.96 2335.83 2401.03 2358.44 2315.61
2271.72 2233.22 2194.94 2158.00 2091.73 2050.92 2044.75 2037.57 2021.41 2000.07 2032.91 2060.08 2084.52 2144.70 2199.99 2255.05 2289.90 2324.24 2364.35 2417.74 2472.41 2531.06 2479.73 2430.98
2384.43 2304.90 2218.60 2126.31 2099.14 2079.45 2054.90 1949.62 1826.04 1702.03 1595.24 1477.23 1353.97 1514.78 1680.07 1827.96 1795.38 1754.20 1713.36 1523.23 1673.70 1952.09 2188.39 2384.21
2552.29 2531.45 2507.66 2482.50 2542.15 2603.54 2664.26 2681.27 2692.65 2700.82 2642.00 2581.89 2524.02 2476.27 2434.34 2402.19 2247.63 2083.34 1956.48 1890.97 1907.95 2009.84 1999.25 2016.26
2056.01 2078.53 2153.74 2250.80 2219.73 2189.96 2161.73 2102.83 2037.95 1970.63 1887.72 1904.24 1970.79 1924.76 1938.07 1988.51 2010.00 2034.74 2055.77 1965.19 1952.01 2066.13 2147.70 2217.38
2279.25 2281.92 2288.54 2294.62 2324.96 2355.67 2387.83 2318.43 2264.58 2254.11 2158.47 2058.11 1955.08 1878.66 1804.12 1737.53 1843.40 2044.87 2240.99 2313.73 2382.70 2449.65 2420.83 2396.39
2376.26 2378.36 2384.18 2395.72 2519.01 2659.74 2802.91 2842.77 2876.89 2911.42 2940.00 2969.36 2996.29 3000.16 3006.86 3014.24 2980.48 2945.35 2909.17 2897.54 2883.49 2869.20 2877.97 2893.26
2916.37 2909.01 2902.42 2894.60 2920.50 2946.28 2971.84 2942.55 2911.64 2883.63 2857.88 2834.08 2807.81 2790.61 2776.74 2765.15 2735.49 2705.01 2678.09 2572.67 2448.40 2304.07 2273.72 2242.39
2209.71 2228.12 2246.89 2265.97 2237.25 2212.78 2194.99 2291.28 2369.60 2436.41 2435.77 2436.69 2439.77 2367.10 2298.72 2241.43 2172.71 2111.76 2075.73 2066.68 2058.30 2058.66 1979.76 1984.24
2076.60 1972.81 1976.56 2086.69 1888.06 1616.29 1299.75 1509.28 1667.66 1784.41 2100.99 2334.03 2511.84 2521.36 2532.98 2549.27 2534.77 2522.45 2512.34 2509.34 2506.11 2505.99 2523.57 2550.28
2583.61 2595.64 2607.61 2620.85 2629.42 2638.48 2646.16 2659.00 2660.22 2656.29 2606.57 2558.25 2509.92 2508.74 2508.84 2512.94 2494.09 2476.55 2460.26 2503.14 2542.27 2581.49 2590.61 2602.01
2617.52 2628.59 2639.62 2651.44 2610.71 2568.09 2522.11 2436.53 2338.03 2231.08 2207.20 2191.62 2182.50 2143.12 2137.30 2163.46 2119.63 2081.19 2054.15 2144.45 2227.49 2307.22 2353.55 2404.21
2457.16 2480.99 2505.20 2529.00 2540.37 2556.05 2574.53 2520.64 2500.67 2511.06 2507.56 2538.75 2591.46 2500.55 2406.94 2313.94 2181.55 2037.30 1920.24 1732.38 1443.13 1198.54 1464.09 1665.11
1822.05 1887.38 1946.99 1999.91 2024.02 2106.27 2218.84 2230.85 2235.70 2245.66 2324.30 2395.08 2454.12 2467.09 2480.90 2492.25 2516.26 2544.18 2577.00 2530.66 2475.99 2412.30 2426.07 2439.98
2453.53 2452.25 2451.68 2450.81 2465.30 2480.03 2494.52 2494.87 2491.95 2485.02 2452.41 2425.53 2402.73 2375.69 2353.49 2342.04 2335.40 2330.86 2328.78 2310.71 2291.22 2273.21 2268.44 2267.28
2272.10 2250.34 2229.15 2209.35 2230.13 2252.38 2276.64 2290.35 2304.61 2326.16 2324.79 2342.29 2361.19 2393.25 2425.94 2451.66 2444.68 2440.52 2440.84 2495.34 2544.54 2594.05 2674.73 2752.20
2826.37 2882.20 2937.33 2990.29 2923.62 2880.23 2865.27 2725.40 2572.85 2400.07 2467.29 2538.50 2607.01 2613.52 2647.67 2705.32 2666.97 2628.11 2590.75 2581.59 2567.25 2550.98 2564.26 2582.38
2604.19 2541.53 2494.23 2474.10 2508.41 2573.70 2662.34 2582.55 2494.92 2406.80 2458.58 2547.12 2651.21 2604.60 2558.82 2516.54 2434.66 2345.56 2252.39 2248.58 2240.12 2235.33 2244.81 2254.24
2261.97 2320.61 2383.88 2450.86 2430.20 2407.72 2385.11 2486.88 2566.33 2634.21 2617.49 2609.74 2609.92 2559.22 2510.34 2465.56 2406.23 2343.52 2277.70 2257.41 2236.72 2228.40 2233.66 2239.74
2245.85 2272.40 2298.17 2325.68 2332.07 2339.59 2347.13 2259.22 2160.64 2054.44 2014.80 2017.62 2046.92 1992.01 1943.00 1905.42 1869.50 1839.03 1819.06 1869.62 1916.74 1970.06 2000.69 2040.13
2086.19 2046.91 2010.37 1975.24 1945.16 1913.49 1881.56 1784.89 1687.61 1611.57 1559.06 1713.86 1875.47 1764.20 1643.28 1518.19 1645.11 1764.80 1878.29 1781.54 1652.32 1484.86 1663.31 1801.95
1920.58 1899.78 1895.18 1909.33 1994.80 2096.60 2200.49 2056.04 1886.09 1682.81 1549.63 1623.35 1764.32 1824.90 1886.60 1949.76 1938.83 1937.11 1950.19 1917.28 1885.52 1869.16 1826.46 1817.84
1849.82 1871.16 1909.98 1961.09 1836.29 1680.29 1467.91 1585.21 1677.81 1754.49 1914.56 2042.30 2149.54 2186.60 2223.90 2259.37 2244.90 2231.44 2223.12 2217.23 2200.62 2178.67 2149.38 2120.61
2088.54 2056.60 2034.83 2027.41 1918.10 1790.11 1637.27 1683.55 1722.60 1757.97 1841.79 1946.94 2055.98 2000.54 2002.31 2053.50 2021.10 1992.79 1980.46 2043.85 2106.66 2174.37 2025.90 1838.96
1580.42 1550.92 1611.01 1707.80 1787.41 1879.66 1972.15 1918.20 1859.74 1800.29 1794.21 1792.89 1794.42 1697.77 1604.73 1534.66 1485.70 1428.55 1368.84 1139.65 1413.29 1669.66 1654.67 1638.97
1623.63 1824.62 1988.98 2130.53 2059.97 1986.61 1913.22 1809.41 1693.31 1570.25 1756.38 1902.17 2012.95 2051.13 2092.16 2139.11 2186.29 2241.58 2305.73 2290.52 2268.02 2243.37 2270.34 2301.19
2333.19 2326.54 2327.22 2333.41 2301.95 2270.83 2238.44 2264.35 2282.20 2297.16 2360.01 2416.94 2466.99 2436.38 2408.23 2382.55 2408.61 2438.59 2474.06 2472.08 2464.83 2454.51 2487.95 2525.09
2566.84 2519.24 2466.89 2413.44 2366.77 2317.04 2262.47 2309.87 2347.22 2375.42 2310.41 2249.27 2189.51 2120.73 2052.66 1988.10 1959.06 1929.58 1903.80 1900.70 1899.51 1911.85 1696.82 1426.54
1466.12 1501.99 1758.43 1989.26 2130.31 2256.91 2360.01 2391.29 2414.58 2432.87 2409.82 2389.32 2371.15 2397.14 2424.66 2455.75 2429.79 2402.11 2376.41 2350.81 2314.25 2273.28 2273.94 2276.47
2279.22 2264.38 2248.92 2234.63 2201.15 2166.06 2128.37 2103.90 2076.18 2045.41 1897.27 1773.48 1711.90 1757.07 1811.26 1874.08 1898.23 1932.09 1975.21 2021.38 2080.52 2155.88 2150.15 2159.49
2185.87 2188.31 2193.06 2197.54 2199.06 2202.77 2210.53 2245.23 2280.04 2312.55 2326.98 2341.69 2352.32 2348.65 2347.23 2349.80 2340.52 2332.21 2328.49 2336.27 2337.33 2340.32 2360.33 2381.21
2403.29 2376.98 2348.74 2319.19 2293.97 2267.27 2238.89 2324.45 2390.71 2443.18 2461.18 2478.52 2493.56 2518.98 2546.20 2574.32 2569.10 2564.19 2563.43 2558.15 2545.00 2530.65 2510.28 2488.79
2466.39 2413.46 2356.89 2297.70 2291.25 2287.85 2286.52 2363.52 2435.73 2498.94 2510.13 2519.56 2521.57 2546.66 2574.49 2606.97 2590.02 2573.11 2559.66 2566.19 2565.08 2562.51 2570.11 2578.50
2589.53 2570.24 2552.91 2538.44 2333.31 2108.62 1970.39 2139.12 2510.88 2803.28 2877.43 2948.65 3005.23 2948.95 2892.69 2840.36 2848.88 2859.53 2873.94 2854.71 2829.00 2801.39 2746.45 2690.31
2631.92 2654.39 2680.52 2710.15 2681.07 2650.49 2620.74 2642.65 2659.17 2674.56 2613.12 2553.62 2495.62 2475.48 2463.56 2459.70 2452.18 2448.34 2452.13 2374.73 2280.03 2173.90 2177.00 2179.22
2180.71 2117.15 2060.59 2014.21 1952.00 1883.53 1806.79 1689.99 1552.54 1382.50 1210.26 1137.70 1071.86 1354.11 1654.46 1852.79 1905.31 1957.71 2010.76 1950.48 1909.84 1918.54 2026.00 2125.29
2216.30 2231.66 2256.48 2288.88 2275.40 2272.86 2278.99 2258.23 2230.50 2198.96 2185.17 2175.13 2164.66 2127.86 2099.36 2081.50 2103.09 2171.42 2274.92 2278.69 2280.47 2287.39 2271.69 2259.13
2250.86 2247.91 2245.78 2243.59 2228.79 2214.62 2200.71 2221.20 2231.33 2241.17 2331.28 2407.23 2471.31 2543.01 2613.33 2673.76 2681.16 2689.51 2699.15 2695.15 2693.43 2698.92 2707.30 2718.73
2734.91 2703.15 2671.92 2642.24 2556.94 2463.76 2357.62 2315.22 2280.70 2255.72 2052.73 1977.61 2052.30 1826.76 1673.68 1771.44 1800.38 1833.44 1878.67 1953.67 2021.57 2090.82 2080.82 2068.51
2057.91 2050.48 2042.84 2035.55 2041.66 2054.68 2074.69 2037.91 2002.69 1967.50 1982.77 2002.29 2024.41 2047.38 2073.16 2102.66 2108.42 2117.41 2129.25 2124.63 2112.33 2099.85 2041.12 1974.13
1898.12 1951.24 2018.10 2091.62 2140.61 2189.90 2237.75 2077.33 1907.85 1775.78 1785.90 1954.61 2122.87 2238.89 2356.72 2458.26 2429.61 2400.65 2366.76 2282.90 2172.97 2041.11 2028.62 2022.16
2022.63 1984.55 1962.07 1958.63 1878.86 1792.33 1706.64 1581.47 1509.78 1501.34 1233.15 1559.28 1790.70 1723.56 1737.70 1829.95 1925.12 2021.36 2115.06 2063.09 1980.20 1883.42 1721.73 1517.99
1303.34 1596.41 1807.44 1976.35 2000.56 2030.92 2065.79 2122.35 2164.84 2195.98 2119.35 2067.56 2040.32 2081.14 2125.84 2173.06 2120.61 2061.54 1997.00 2036.59 2067.99 2100.53 2051.25 1999.98
1949.89 1838.21 1705.15 1548.99 1436.32 1292.40 1137.44 1269.21 1426.30 1533.09 1576.79 1715.15 1843.53 1862.54 1889.89 1926.01 1939.11 1956.85 1982.08 2054.62 2122.36 2187.16 2203.63 2219.74
2236.01 2296.70 2355.12 2412.02 2411.93 2412.03 2413.56 2432.41 2443.15 2443.73 2452.07 2462.84 2474.00 2488.88 2507.16 2527.71 2555.19 2585.21 2619.87 2640.98 2653.52 2664.43 2664.70 2665.42
2666.82 2558.20 2435.17 2301.68 2238.49 2176.10 2119.28 1972.61 2000.09 2123.68 2250.92 2364.08 2470.50 2376.20 2278.48 2176.98 1958.31 1697.24 1630.13 1837.09 2004.84 2157.12 2159.92 2164.95
2175.30 2199.58 2227.34 2258.75 2251.90 2257.47 2272.37 2370.01 2444.79 2498.72 2515.44 2534.70 2553.33 2537.33 2524.98 2517.62 2523.58 2533.67 2547.41 2506.95 2465.09 2446.80 2421.43 2397.09
2374.11 2465.57 2549.36 2625.28 2661.94 2698.11 2731.57 2761.80 2792.91 2827.95 2627.26 2397.19 2139.57 2119.28 2263.18 2452.16 2364.85 2271.09 2171.38 2495.33 2753.08 2974.53 2992.52 3003.35
3013.37 2978.07 2942.01 2909.06 2794.01 2664.57 2520.06 2497.90 2478.24 2458.89 2398.52 2341.18 2286.62 2215.64 2168.52 2151.45 2003.01 1888.37 1889.64 1953.90 2094.38 2260.62 2292.28 2322.32
2352.91 2364.04 2375.09 2386.79 2384.46 2383.11 2381.05 2403.92 2420.06 2425.59 2485.24 2534.39 2575.96 2547.94 2526.44 2511.86 2496.37 2481.13 2467.74 2460.92 2441.65 2418.61 2470.95 2525.26
2580.28 2533.33 2481.93 2425.94 2408.21 2389.52 2370.55 2424.87 2468.23 2500.38 2501.35 2502.91 2506.36 2522.02 2552.04 2592.60 2585.55 2579.53 2573.81 2597.11 2611.94 2625.85 2600.38 2581.64
2573.37 2534.33 2491.94 2447.02 2377.41 2301.35 2218.43 2302.75 2372.89 2432.72 2413.51 2395.99 2364.69 2379.65 2400.48 2425.90 2418.80 2413.56 2410.16 2406.05 2392.32 2375.60 2330.68 2332.91
2385.43 2235.71 2051.45 1818.67 1817.07 1830.38 1858.67 1531.73 2188.37 2538.00 2586.64 2637.95 2678.92 2703.08 2729.80 2756.08 2702.96 2647.16 2589.07 2479.13 2341.52 2195.06 2197.66 2202.27
2209.59 2267.53 2318.58 2371.96 2382.40 2392.34 2402.07 2461.85 2518.41 2564.10 2585.44 2614.71 2650.72 2607.63 2567.98 2531.85 2462.74 2387.59 2304.55 2265.27 2208.67 2146.16 2012.86 1912.80
1906.07 1855.82 1805.12 1757.33 1680.49 1595.33 1503.28 1582.29 1652.08 1703.72 1868.97 1991.51 2087.79 2098.80 2118.58 2145.06 2128.50 2114.54 2104.25 2150.08 2185.44 2222.01 2226.13 2230.70
2236.36 2271.26 2307.10 2341.61 2317.40 2292.13 2264.24 2296.48 2321.69 2333.80 2379.47 2417.19 2448.73 2470.52 2495.08 2521.57 2520.27 2521.64 2525.66 2509.56 2479.97 2445.45 2448.68 2451.98
2457.34 2451.64 2445.46 2440.37 2386.94 2328.39 2264.02 2294.51 2317.69 2332.29 2298.46 2268.18 2242.76 2263.00 2285.52 2314.98 2326.14 2338.60 2351.67 2351.55 2339.21 2323.41 2328.30 2334.69
2342.33 2278.92 2213.00 2147.61 2153.81 2165.71 2182.59 2163.19 2155.25 2149.76 2153.30 2194.68 2261.40 2212.76 2174.31 2157.99 2120.50 2088.53 2067.28 2042.75 2015.36 1998.23 1888.30 1764.46
1629.41 1214.81 1827.14 2178.78 2039.57 1864.58 1618.60 1562.19 1726.03 1912.45 1848.80 1924.05 2067.43 2094.20 2122.31 2144.90 2144.54 2149.19 2158.93 2077.77 1975.69 1872.47 1931.02 1985.72
2033.88 2043.04 2050.85 2058.19 2064.18 2066.63 2066.62 2064.33 2060.67 2051.18 2059.17 2082.33 2115.25 2135.60 2166.82 2206.13 2155.88 2102.82 2047.24 2057.56 2060.34 2067.56 2076.24 2094.48
2123.56 2100.07 2113.17 2163.72 2180.38 2226.84 2293.58 2259.76 2240.65 2230.16 2133.25 2061.01 2018.70 1997.09 1986.55 1980.77 1957.38 1939.49 1931.42 2011.78 2098.91 2195.38 2182.90 2178.03
2181.16 2176.38 2171.62 2166.13 2185.48 2210.22 2235.01 2246.06 2253.40 2250.85 2302.11 2349.55 2391.24 2377.09 2370.36 2371.33 2303.05 2227.65 2145.46 2123.60 2102.76 2099.27 2070.87 2049.95
2037.37 2032.66 2028.08 2028.62 2010.44 2011.92 2028.86 1990.59 1952.73 1907.82 2001.97 2113.66 2215.61 2238.55 2265.97 2297.27 2318.34 2341.71 2368.50 2406.66 2435.85 2464.72 2485.47 2509.71
2537.83 2496.96 2453.67 2406.75 2380.48 2352.46 2319.98 2314.01 2305.77 2291.30 2331.52 2369.86 2418.87 2384.22 2353.92 2326.21 2278.43 2245.27 2232.62 2242.86 2242.27 2238.43 2222.37 2206.11
2191.64 2208.40 2225.89 2245.01 2249.66 2254.69 2256.67 2327.80 2393.84 2449.35 2495.34 2536.14 2572.39 2571.65 2574.56 2598.65 2583.27 2566.31 2548.89 2518.12 2477.99 2433.97 2407.80 2380.69
2352.19 2335.81 2318.25 2300.47 2284.22 2267.61 2247.51 2257.03 2262.90 2264.68 2203.49 2153.43 2109.58 2223.61 2328.81 2433.58 2390.19 2347.21 2310.72 2334.54 2351.32 2367.74 2289.43 2208.57
2130.20 2020.21 1878.55 1708.93 1821.34 1925.17 2021.44 1938.55 1847.44 1755.23 1640.45 1621.80 1658.20 1617.57 1678.83 1812.62 1886.92 1958.26 2027.48 2031.31 2024.48 2015.82 2025.07 2032.83
2039.06 2018.37 1998.46 1972.81 1935.91 1896.32 1850.60 1848.31 1846.16 1840.88 1893.17 1943.19 1994.45 2022.28 2051.14 2087.61 2053.38 2022.10 1998.67 1877.56 1744.83 1670.95 1704.71 1781.75
1876.62 1865.34 1860.86 1863.71 1917.39 1970.63 2021.69 2117.17 2200.67 2268.45 2212.01 2158.09 2105.06 2074.82 2055.32 2049.27 2004.25 1959.25 1917.27 1920.75 1916.32 1917.35 1867.45 1857.08
1894.08 1946.39 1996.64 2046.81 2022.68 2019.86 2036.43 2086.59 2129.86 2159.22 2148.79 2143.61 2140.22 2143.89 2151.87 2165.67 2188.46 2213.05 2242.28 2212.49 2165.67 2110.51 2183.15 2253.64
2322.47 2297.67 2273.62 2254.13 2202.65 2148.13 2085.31 2064.33 2041.66 2010.15 2041.59 2072.14 2104.01 2079.55 2062.79 2054.92 2063.33 2086.30 2126.23 2128.46 2116.96 2100.04 2107.83 2119.97
2137.53 2099.92 2060.11 2018.43 1949.20 1911.99 1915.29 1872.32 1858.78 1857.82 2034.89 2168.99 2298.02 2308.95 2325.68 2353.80 2391.06 2428.38 2468.33 2442.35 2406.19 2368.02 2374.32 2379.85
2386.87 2334.84 2279.11 2216.16 2187.18 2157.20 2123.28 2076.76 2029.37 1986.28 1952.63 1891.30 1811.25 2025.81 2192.20 2311.55 2316.76 2327.22 2345.88 2279.49 2189.70 2080.72 2088.20 2095.06
2103.16 2080.19 2057.82 2038.99 1894.64 1714.87 1457.07 1530.07 1987.88 2256.61 2364.61 2462.66 2559.64 2542.57 2535.18 2538.85 2547.39 2556.56 2569.92 2568.11 2555.40 2539.23 2570.98 2603.15
2635.08 2614.82 2593.93 2572.74 2574.66 2576.19 2572.87 2543.79 2514.85 2489.49 2455.05 2427.95 2404.21 2373.55 2356.12 2355.37 2347.79 2339.96 2332.16 2225.19 2108.88 2001.90 1960.36 1918.75
1873.21 1854.95 1833.47 1807.76 1868.98 1967.00 2073.75 2011.02 1945.89 1891.19 1891.69 1908.81 1951.85 1816.56 1665.42 1453.96 1429.12 1407.82 1396.28 1675.78 1892.39 2072.23 2069.47 2066.94
2064.13 2058.78 2048.88 2038.72 2030.97 2022.21 2011.37 1942.98 1891.91 1858.82 1852.99 1850.18 1854.88 1756.94 1691.81 1683.79 1533.41 1322.98 1026.24 1061.38 1222.04 1348.67 1400.67 1476.67
1563.15 1675.26 1856.65 2020.29 2054.89 2088.38 2111.14 1996.26 1878.22 1754.22 1728.43 1734.38 1764.21 1717.66 1696.37 1706.78 1765.82 1827.58 1890.76 1892.23 1905.94 1946.10 1943.11 1952.35
1973.96 1913.35 1861.80 1827.61 1717.21 1589.86 1434.30 1426.63 1490.65 1563.25 1635.66 1722.60 1795.53 1575.56 1480.59 1634.67 1803.90 1950.49 2083.07 2062.23 2050.86 2063.99 2037.75 2024.27
2024.97 2010.86 1996.50 1981.60 1977.14 1979.62 1976.48 1922.24 1865.33 1803.91 1812.77 1822.18 1841.55 1851.13 1867.63 1901.56 1913.32 1935.60 1970.38 2002.51 2029.51 2060.02 2052.58 2049.21
2050.32 2031.92 2013.99 1996.06 1973.73 1950.65 1924.19 2016.62 2090.65 2145.10 2137.62 2131.99 2129.97 2144.41 2167.64 2200.54 2217.35 2237.93 2264.37 2259.35 2243.08 2221.72 2271.39 2324.77
2378.88 2377.76 2376.95 2377.37 2341.18 2302.55 2257.33 2307.89 2347.85 2375.35 2380.74 2387.47 2394.67 2415.53 2441.99 2474.19 2496.97 2520.11 2546.68 2563.93 2574.66 2584.26 2563.57 2543.73
2525.89 2518.43 2512.83 2507.58 2512.51 2519.79 2524.90 2551.29 2573.59 2601.44 2578.08 2562.61 2567.10 2514.78 2463.47 2400.43 2383.17 2367.08 2351.44 2285.53 2195.20 2080.55 2108.34 2137.67
2170.85 2124.52 2078.05 2036.25 1968.53 1912.64 1874.37 1638.97 1658.56 1844.72 1922.64 2009.68 2092.41 2100.02 2125.41 2165.72 2156.87 2155.36 2163.18 2161.99 2150.26 2132.09 2110.20 2086.20
2057.54 2029.92 2019.28 2029.51 2060.09 2091.02 2117.48 2196.32 2289.10 2368.63 2438.80 2505.28 2567.56 2564.47 2566.91 2576.07 2612.97 2650.69 2691.12 2678.75 2656.11 2628.07 2648.06 2668.78
2690.92 2670.82 2652.88 2637.34 2601.61 2564.48 2518.86 2448.06 2390.73 2342.65 2330.89 2363.54 2426.80 2409.08 2398.57 2397.53 2346.76 2303.62 2273.71 2249.08 2220.55 2199.39 2204.22 2209.16
2215.41 2203.08 2191.45 2177.86 2140.94 2105.67 2063.23 2125.50 2169.00 2191.53 2208.23 2227.71 2247.46 2306.73 2367.62 2431.26 2440.21 2449.86 2462.64 2433.80 2389.93 2333.58 2360.54 2388.04
2417.55 2427.51 2438.20 2450.13 2433.49 2417.92 2396.37 2402.32 2404.75 2399.84 2402.96 2404.74 2407.38 2418.97 2439.25 2467.38 2494.49 2522.51 2553.31 2545.29 2529.06 2508.57 2496.85 2487.96
2482.56 2455.99 2427.62 2397.97 2344.61 2286.34 2216.12 2259.39 2293.33 2314.70 2364.43 2409.06 2450.83 2447.84 2452.17 2466.14 2452.66 2438.74 2426.53 2404.97 2369.46 2323.04 2291.68 2259.36
2226.50 2167.88 2106.97 2047.84 2067.14 2086.42 2098.85 2153.72 2207.14 2248.81 2306.05 2360.87 2413.95 2362.72 2324.12 2300.21 2320.20 2347.63 2384.85 2365.51 2335.61 2300.76 2301.19 2304.22
2311.71 2249.07 2180.67 2107.04 2093.03 2082.78 2069.22 2099.20 2121.19 2131.56 2188.81 2242.15 2292.57 2259.12 2238.50 2234.78 2238.20 2246.94 2262.15 2268.69 2264.98 2254.31 2244.57 2241.91
2251.08 2254.23 2259.13 2265.81 2225.71 2183.84 2132.91 2110.60 2087.02 2058.55 2183.76 2306.78 2416.88 2406.92 2408.67 2422.57 2431.76 2444.61 2462.06 2456.80 2443.26 2427.22 2421.98 2417.71
2416.55 2387.74 2358.02 2327.75 2359.40 2391.12 2415.05 2440.61 2460.55 2472.09 2472.88 2473.85 2482.09 2464.36 2451.11 2450.70 2436.59 2422.02 2406.00 2415.21 2416.63 2412.66 2427.02 2444.05
2464.34 2409.91 2349.98 2285.37 2250.23 2214.33 2169.38 2163.33 2158.39 2163.68 2181.54 2203.58 2241.25 2155.26 2068.49 1974.47 1855.35 1729.86 1626.81 1187.50 1405.86 1813.18 1827.30 1842.85
1861.35 1825.81 1787.77 1747.54 1824.75 1906.69 1981.39 2032.21 2072.14 2100.52 2105.82 2111.17 2119.32 2092.19 2084.29 2098.62 2108.26 2127.36 2157.21 2118.30 2062.65 1987.25 2001.12 2020.61
2045.63 2038.76 2034.52 2031.16 2026.44 2023.73 2015.74 1957.66 1898.97 1842.21 1651.27 1566.37 1617.41 1618.86 1634.82 1660.11 1693.46 1730.52 1765.58 1767.26 1757.80 1741.02 1778.83 1822.14
1870.08 1843.26 1821.60 1810.25 1778.19 1747.96 1711.13 1646.97 1588.73 1536.09 1429.43 1442.20 1542.52 1508.57 1479.28 1445.30 1495.68 1607.12 1742.01 1779.80 1823.02 1859.30 1767.64 1710.04
1721.96 1768.71 1814.22 1859.57 1752.92 1673.60 1672.20 1493.34 1476.86 1590.03 1497.83 1405.80 1301.59 1144.97 1194.21 1372.55 1597.45 1773.81 1925.56 1922.18 1918.68 1922.03 1905.02 1887.43
1866.45 1841.33 1817.58 1795.23 1776.68 1774.07 1782.67 1758.27 1737.42 1717.27 1689.55 1675.05 1674.59 1729.35 1788.62 1852.59 1830.12 1810.48 1794.37 1852.77 1908.89 1962.93 1957.73 1955.62
1957.11 1982.32 2021.33 2072.14 2006.58 1934.07 1845.49 1831.38 1815.48 1794.96 1710.41 1636.29 1588.37 1637.98 1739.76 1853.40 1916.84 1986.92 2060.48 2040.73 2017.28 1997.32 1999.08 2013.03
2041.28 2000.74 1956.50 1903.69 1868.35 1826.88 1777.38 1861.14 1929.86 1991.99 1931.51 1861.32 1765.88 1802.67 1874.00 1947.56 1922.50 1925.00 1956.65 1963.21 1963.73 1958.62 1953.43 1948.23
1942.70 1653.50 1518.88 1800.90 1641.70 1440.47 1264.94 1445.56 1605.98 1716.42 1546.92 1522.97 1639.78 1665.05 1707.19 1774.25 1584.79 1347.02 1315.76 1304.65 1633.16 1890.36 1910.52 1940.74
1977.87 1964.08 1956.14 1952.97 1955.90 1959.89 1959.68 1986.91 2019.94 2049.73 2048.64 2050.71 2055.62 2034.30 2040.12 2080.00 2092.60 2107.30 2125.45 2079.78 2020.24 1950.05 1922.66 1893.59
1864.53 1764.86 1648.02 1502.74 1580.90 1694.32 1799.36 1681.18 1582.88 1516.64 1537.77 1567.74 1597.95 1618.62 1653.17 1695.80 1677.97 1711.88 1793.88 1809.23 1873.95 1981.24 1935.75 1904.87
1895.44 1860.61 1822.32 1784.93 1776.35 1771.47 1760.31 1812.03 1866.44 1905.93 1806.39 1759.63 1775.66 1807.27 1906.24 2030.87 1965.55 1901.48 1842.53 1856.60 1926.51 2039.53 2159.69 2279.78
2396.29 2440.98 2485.13 2529.49 2537.49 2545.67 2548.80 2542.88 2537.55 2529.30 2460.95 2400.87 2346.96 2347.84 2353.24 2361.78 2353.99 2348.61 2344.63 2287.71 2208.88 2107.44 2101.03 2094.05
2086.08 2085.60 2085.37 2087.31 2065.43 2045.97 2018.06 1854.51 1683.97 1526.20 1407.97 1495.80 1637.11 1392.14 1003.72 1133.81 1103.12 1498.00 1737.45 1769.76 1808.06 1851.74 1895.20 1940.66
1988.27 2017.48 2052.38 2093.18 2027.09 1955.16 1863.68 1778.92 1726.39 1683.38 1607.14 1656.57 1759.55 1761.72 1905.03 2077.43 2074.00 2091.69 2132.74 2121.88 2100.24 2068.81 2073.53 2077.82
2083.13 2077.93 2071.14 2064.15 2019.44 1977.59 1931.73 1850.50 1771.55 1689.16 1683.27 1736.94 1813.01 1760.33 1712.68 1665.83 1764.93 1881.38 2003.53 2016.18 2032.29 2058.86 2077.95 2097.25
2117.04 2106.16 2096.66 2085.99 2046.44 2005.87 1952.28 2045.66 2117.61 2164.29 2168.56 2192.07 2223.14 2237.20 2257.94 2281.95 2282.82 2286.80 2294.16 2313.33 2325.35 2329.71 2347.04 2364.48
2382.70 2389.19 2397.51 2407.47 2395.79 2384.34 2365.08 2384.09 2396.73 2399.06 2370.46 2345.98 2322.14 2312.12 2309.14 2310.85 2326.28 2343.77 2367.93 2379.20 2385.03 2387.86 2463.82 2539.99
2614.84 2544.69 2467.64 2380.13 2345.98 2320.47 2302.60 2330.02 2357.60 2376.90 2364.57 2355.65 2349.57 2291.01 2233.93 2204.37 2226.28 2256.41 2289.59 2221.43 2134.00 2026.65 2030.42 2056.35
2104.73 2099.54 2104.26 2120.68 2092.58 2071.36 2053.58 2045.98 2035.92 2020.58 1994.34 1981.25 1975.03 1872.97 1780.37 1706.33 1617.48 1520.90 1427.31 1132.26 1301.31 1614.37 1550.08 1490.19
1456.44 1465.96 1482.09 1504.74 1508.92 1620.06 1746.32 1694.63 1651.69 1618.15 1607.12 1616.39 1627.19 1546.17 1481.66 1439.71 1418.36 1503.52 1644.42 1763.93 1871.83 1967.83 2003.46 2038.34
2074.83 2128.45 2209.90 2300.78 2320.40 2340.74 2357.99 2316.11 2273.77 2226.53 2214.72 2206.77 2197.94 2159.51 2126.05 2095.18 2066.30 2037.01 2008.73 2017.55 2018.02 2009.98 1923.60 1828.81
1729.72 1694.20 1671.15 1666.61 1740.88 1809.33 1865.20 1956.10 2025.27 2074.34 2078.68 2088.90 2101.27 2105.04 2114.63 2128.33 2134.29 2142.71 2155.15 2166.48 2169.76 2164.82 2211.30 2259.12
2308.38 2320.93 2334.81 2350.63 2343.37 2336.73 2321.07 2310.11 2295.56 2273.18 2267.25 2262.97 2256.64 2244.03 2237.61 2235.78 2245.26 2259.58 2279.21 2290.15 2291.81 2283.55 2303.59 2326.18
2353.00 2358.58 2366.45 2375.88 2349.59 2322.37 2287.47 2301.88 2310.98 2310.78 2313.09 2317.51 2322.10 2285.48 2254.91 2244.07 2264.17 2290.13 2322.53 2320.88 2311.90 2295.71 2305.33 2314.94
2326.18 2356.89 2388.91 2422.39 2418.97 2416.31 2407.46 2442.30 2472.96 2495.26 2432.24 2372.80 2317.07 2270.56 2228.48 2189.73 2218.40 2251.29 2288.64 2234.92 2160.48 2057.68 1977.93 1927.96
1928.19 1896.86 1901.36 1950.39 1869.43 1789.73 1712.98 1852.58 1982.27 2086.00 2074.92 2071.42 2070.90 2086.92 2109.05 2134.91 2144.72 2156.78 2173.09 2106.32 2017.96 1906.59 1908.13 1908.40
1911.55 1906.70 1902.26 1900.32 1912.65 1934.30 1956.93 1924.37 1890.70 1849.47 1863.78 1893.69 1926.75 1991.53 2055.47 2117.10 2128.72 2143.07 2161.00 2162.16 2151.94 2129.33 2108.10 2084.97
2061.80 2056.75 2050.80 2044.56 2016.61 1986.12 1946.76 2005.14 2049.07 2077.01 2110.42 2142.37 2172.90 2158.50 2159.28 2172.14 2170.51 2172.41 2179.59 2135.98 2072.10 1984.40 1974.82 1972.78
1981.84 1959.28 1935.02 1910.16 1875.13 1843.78 1809.55 1858.77 1893.86 1912.13 1926.62 1941.19 1953.99 1906.53 1874.88 1858.84 1952.84 2046.51 2139.85 2106.81 2057.55 1989.49 1984.83 1979.10
1973.34 1989.95 2006.58 2022.04 2007.35 2008.85 2019.40 2040.21 2054.19 2055.41 1994.44 1939.60 1887.36 1830.28 1805.84 1818.66 1827.70 1842.02 1863.18 1902.11 1933.35 1957.76 1962.23 1969.01
1978.43 1964.26 1953.28 1946.99 1897.02 1856.28 1819.76 1791.00 1762.05 1727.28 1598.88 1471.22 1361.28 1100.61 748.58 1120.83 1446.41 1671.82 1857.21 1894.57 1926.76 1953.79 1930.96 1965.52
2051.52 1982.37 1928.36 1907.50 1851.65 1790.72 1712.91 1637.62 1566.98 1499.18 1470.07 1473.36 1515.69 1671.96 1804.76 1937.42 1998.23 2058.54 2116.39 2060.53 1992.01 1910.14 1872.45 1836.76
1804.77 1789.27 1769.18 1748.89 1785.27 1823.88 1858.53 1863.47 1912.30 1971.03 1934.36 1901.76 1859.33 1843.39 1853.23 1881.66 1965.79 2044.85 2128.40 2100.52 2062.21 2013.81 2034.69 2067.78
2108.20 2065.31 2018.61 1974.27 1969.28 1966.32 1959.08 1958.62 1971.50 1982.77 1937.09 1898.86 1865.97 1922.45 1991.91 2066.75 2142.50 2219.09 2298.17 2298.37 2296.17 2292.90 2231.44 2162.76
2089.85 2042.70 1994.12 1945.29 1950.56 1956.82 1954.96 1991.39 2021.86 2039.35 2035.93 2036.18 2037.74 2068.36 2105.76 2161.26 2244.17 2326.69 2409.73 2338.35 2241.09 2109.01 2101.16 2093.56
2086.42 2062.68 2042.26 2028.38 2034.70 2043.13 2043.76 2084.97 2122.22 2147.57 2121.73 2102.78 2092.72 2120.22 2150.44 2187.49 2204.82 2225.88 2250.72 2192.35 2110.77 1999.61 2047.31 2097.08
2149.75 2161.24 2173.54 2186.35 2184.39 2182.46 2172.45 2171.22 2168.08 2157.11 2165.61 2175.53 2185.54 2129.20 2077.42 2031.35 2044.14 2069.91 2109.70 2081.57 2039.44 1984.57 2018.75 2066.87
2127.59 2078.19 2024.87 1969.66 1932.13 1891.47 1837.65 1848.00 1871.78 1890.62 1819.07 1764.80 1728.45 1730.13 1746.00 1775.99 1731.16 1688.37 1660.44 1549.08 1501.48 1598.18 1641.16 1686.33
1739.69 1731.46 1749.97 1793.06 1787.10 1798.50 1816.16 1845.48 1873.96 1894.00 1825.80 1762.40 1702.86 1581.04 1457.29 1346.46 1520.95 1716.58 1894.10 1917.68 1938.42 1956.81 1950.34 1944.64
1941.28 1961.37 1982.02 2003.97 1978.72 1952.54 1916.70 1910.64 1902.53 1887.32 1868.51 1856.33 1863.63 1828.71 1812.38 1839.53 1820.70 1808.29 1803.22 1855.82 1903.08 1946.96 1955.34 1964.05
1972.64 2057.41 2137.68 2214.93 2160.44 2102.19 2033.50 2049.81 2072.76 2091.03 1997.86 1907.57 1818.58 1839.17 1874.83 1919.54 1968.66 2019.71 2075.03 2066.52 2044.42 2006.34 2034.52 2064.03
2095.14 2059.21 2022.62 1987.80 1943.53 1896.22 1836.17 1811.61 1791.18 1763.02 1580.37 1449.17 1436.90 1536.60 1626.14 1712.04 1718.40 1732.40 1762.92 1745.68 1723.87 1708.58 1755.67 1796.37
1839.44 1817.66 1817.85 1846.41 1876.83 1914.30 1947.35 1975.95 2000.90 2016.49 2041.42 2077.59 2119.00 2061.10 2004.89 1949.59 1923.59 1898.99 1877.79 1895.36 1903.52 1903.62 1897.30 1904.92
1930.97 1940.78 1952.91 1968.04 1949.44 1931.05 1904.22 1922.49 1939.03 1946.22 1912.21 1882.56 1856.92 1888.70 1923.09 1958.33 1969.67 1985.42 2006.43 2001.56 1983.69 1950.00 1918.33 1882.79
1845.37 1864.13 1901.40 1953.10 1967.35 1980.99 1985.99 1965.35 1943.17 1911.36 1915.90 1940.39 1980.38 2037.30 2097.98 2165.71 2191.36 2218.91 2250.10 2159.67 2037.94 1871.37 1896.80 1922.10
1949.04 1922.56 1896.22 1873.85 1849.83 1846.80 1861.36 1952.19 2022.46 2077.02 2073.54 2091.17 2122.88 2108.59 2100.30 2093.51 2084.44 2079.12 2081.89 2034.84 1968.58 1879.54 1831.86 1786.82
1750.91 1720.39 1686.52 1651.47 1345.82 1524.22 1805.27 1729.64 1662.05 1597.77 1546.20 1505.66 1476.67 1420.96 1369.25 1321.41 1370.16 1441.65 1525.32 1601.40 1708.71 1826.97 1866.47 1907.81
1949.87 2013.34 2084.47 2159.94 2181.94 2203.65 2218.94 2238.25 2255.80 2264.32 2156.50 2051.08 1946.32 1878.81 1826.39 1793.01 1841.84 1903.53 1978.45 1999.07 2009.68 2009.20 2059.82 2112.21
2165.98 2199.87 2237.81 2278.99 2279.96 2280.25 2275.47 2288.83 2296.45 2294.00 2235.46 2181.80 2131.74 2109.94 2098.10 2095.06 2131.55 2175.83 2227.63 2221.45 2201.10 2167.47 2216.95 2271.28
2329.21 2288.66 2246.12 2205.33 2192.92 2180.36 2162.61 2221.26 2265.38 2292.63 2249.30 2209.35 2171.75 2132.24 2099.64 2074.14 2113.63 2159.70 2213.54 2209.89 2191.61 2158.09 2170.12 2185.95
2206.88 2193.26 2185.84 2186.42 2201.05 2216.17 2226.52 2239.59 2246.53 2242.43 2180.14 2122.43 2068.55 2062.55 2063.55 2070.50 2093.01 2118.45 2148.59 2165.72 2175.13 2178.53 2205.28 2236.95
2273.54 2259.63 2248.66 2243.20 2233.99 2224.36 2208.61 2232.19 2246.92 2250.66 2187.36 2128.02 2071.89 2039.34 2012.36 1989.79 2004.65 2028.29 2062.63 2092.34 2113.17 2127.19 2145.65 2172.00
2206.53 2194.16 2182.92 2172.77 2143.94 2113.31 2076.04 2072.76 2068.85 2056.53 1952.39 1851.48 1750.70 1703.11 1674.51 1668.04 1737.49 1816.65 1902.88 1946.10 1979.74 2003.25 1997.33 1990.96
1987.57 1960.44 1945.23 1945.47 1924.13 1903.47 1876.94 1782.47 1788.58 1842.95 1708.82 1766.93 1916.53 1966.83 2029.55 2096.97 2147.70 2207.28 2275.34 2251.22 2210.83 2155.54 2157.07 2158.78
2161.77 2134.08 2105.88 2079.08 2071.89 2064.53 2051.60 2097.79 2141.07 2171.62 2117.57 2069.40 2025.71 2042.91 2063.13 2085.64 2103.29 2130.33 2169.23 2138.95 2088.14 2012.06 2022.70 2034.87
2049.70 2039.10 2031.91 2030.57 2002.77 1976.27 1944.02 1878.67 1850.93 1847.90 1780.55 1720.01 1660.71 1674.12 1696.15 1720.98 1663.64 1602.94 1538.46 1678.55 1805.20 1920.36 1911.18 1904.37
1902.15 1859.53 1844.67 1865.92 1791.13 1718.08 1649.05 1611.05 1586.04 1563.82 1547.08 1675.58 1815.25 1856.51 1899.34 1943.05 1961.02 1984.42 2014.17 2022.37 2025.95 2042.12 1998.98 1951.00
1894.34 1818.96 1745.42 1684.34 1666.16 1654.16 1640.71 1670.93 1693.68 1699.97 1649.19 1604.67 1566.33 1620.04 1681.61 1747.17 1805.58 1866.03 1926.26 1944.42 1951.21 1960.20 1889.51 1820.85
1753.90 1789.07 1828.05 1871.41 1809.92 1772.36 1767.50 1801.46 1838.29 1861.48 1820.91 1786.38 1754.95 1772.59 1794.27 1819.62 1846.63 1879.10 1918.93 1947.26 1964.69 1968.41 1998.66 2025.23
2050.96 2077.72 2109.43 2145.27 2122.58 2101.47 2080.60 2105.82 2136.39 2161.00 2089.12 2020.60 1957.14 1958.38 1965.79 1986.56 2035.72 2094.45 2160.17 2163.30 2157.73 2146.46 2188.10 2228.87
2271.24 2261.14 2253.65 2249.32 2221.16 2191.32 2157.00 2158.62 2186.63 2223.75 2133.69 2050.69 1976.51 1880.17 1779.62 1662.82 1590.06 1526.22 1485.62 1605.74 1734.13 1860.88 1859.86 1858.64
1858.40 1872.08 1917.95 1986.14 1995.23 2006.44 2012.67 2005.58 2005.78 2001.45 1750.43 1452.92 1208.56 1038.89 1249.32 1475.42 1657.98 1833.59 1997.04 1994.96 1976.40 1944.76 1906.94 1874.49
1854.52 1864.80 1874.72 1886.61 1889.40 1895.14 1896.49 1856.99 1824.15 1789.12 1788.56 1790.29 1792.81 1778.07 1787.05 1816.61 1869.99 1924.95 1987.30 2001.21 2002.24 1994.63 1977.87 1962.30
1950.44 1928.69 1910.79 1893.75 1879.42 1864.42 1843.66 1820.89 1807.13 1793.32 1764.08 1751.84 1754.24 1751.38 1764.57 1792.87 1830.25 1871.29 1916.58 1921.44 1909.55 1883.17 1917.85 1947.79
1977.70 1970.99 1968.17 1966.97 1933.29 1897.30 1850.38 1843.19 1847.47 1865.02 1818.34 1784.85 1760.51 1749.47 1748.95 1735.86 1762.56 1791.95 1826.72 1876.94 1916.39 1955.59 1971.02 1988.32
2006.47 1999.25 1998.73 2006.37 1994.39 1987.17 1980.85 2009.20 2031.10 2037.75 2008.12 1979.24 1956.14 1919.10 1885.74 1856.47 1814.89 1788.92 1782.89 1850.65 1929.12 2021.27 2057.22 2093.60
2122.99 2056.15 1977.53 1885.88 1847.02 1808.78 1770.02 1680.88 1589.67 1498.39 1361.49 1256.08 1187.73 1163.54 1498.19 1713.91 1847.43 1970.39 2084.38 2045.46 1993.94 1934.02 1892.54 1853.15
1823.90 1829.30 1835.89 1844.53 1773.19 1694.63 1596.92 1413.58 1240.10 1168.38 1081.22 1141.28 1268.36 1480.45 1638.53 1778.88 1849.47 1917.52 1986.06 1976.15 1959.45 1942.31 1907.40 1867.11
1825.08 1820.56 1817.07 1814.88 1803.21 1800.73 1804.59 1729.22 1681.56 1649.45 1517.50 1388.58 1290.28 1277.32 1324.56 1415.47 1536.56 1645.21 1748.61 1750.64 1749.86 1755.70 1789.79 1824.16
1857.81 1840.03 1847.10 1882.04 1915.99 1959.98 2008.46 2011.70 2012.48 2002.55 1900.67 1802.48 1703.35 1679.72 1674.19 1685.62 1718.62 1755.71 1800.17 1830.00 1850.48 1870.61 1893.47 1917.87
1943.63 1987.67 2046.90 2115.03 2096.87 2076.86 2053.01 2085.95 2115.63 2131.21 1994.08 1852.83 1703.43 1654.04 1622.43 1615.66 1706.79 1796.65 1888.77 1890.18 1880.38 1869.49 1882.47 1896.83
1915.35 1962.79 2037.26 2126.42 2143.12 2160.80 2177.93 2205.78 2225.96 2233.73 2125.00 2016.24 1906.89 1804.12 1718.06 1665.29 1730.38 1796.91 1866.92 1875.88 1875.05 1875.46 1887.36 1901.37
1917.05 1962.42 2035.03 2123.37 2133.78 2144.92 2155.32 2166.73 2175.75 2173.87 2074.72 1978.38 1883.31 1745.85 1634.44 1591.75 1618.42 1648.95 1688.34 1754.16 1819.38 1890.55 1914.74 1942.12
1972.04 1982.78 2002.62 2030.53 2026.44 2025.12 2024.40 2046.33 2066.09 2073.42 1964.15 1858.35 1754.81 1688.77 1632.68 1590.52 1660.13 1738.70 1826.87 1872.98 1907.84 1942.99 1976.81 2017.40
2064.06 2076.03 2094.60 2119.10 2104.37 2089.55 2074.23 2093.62 2107.83 2108.91 2005.21 1903.98 1802.28 1736.58 1698.68 1695.84 1743.49 1795.38 1853.13 1890.29 1915.03 1938.47 1976.03 2017.31
2062.83 2101.29 2149.78 2205.61 2130.81 2043.75 1938.58 1883.44 1830.00 1767.99 1444.27 875.56 1166.76 1326.34 1509.35 1665.25 1704.68 1748.75 1801.16 1798.29 1787.27 1780.56 1793.89 1805.94
1819.11 1815.33 1811.01 1806.35 1811.06 1815.92 1817.94 1650.67 1486.70 1381.88 1480.14 1559.11 1630.95 1681.22 1729.26 1773.58 1820.10 1895.91 1990.52 1946.31 1885.39 1824.31 1839.05 1855.32
1871.70 1863.38 1853.80 1845.11 1846.58 1849.19 1848.50 1805.46 1781.09 1760.94 1779.15 1799.54 1821.31 1800.27 1784.42 1782.63 1827.01 1874.36 1928.48 1962.63 1985.16 2007.94 2015.07 2026.49
2045.44 2011.77 1977.29 1944.20 1927.00 1911.08 1891.97 1913.23 1929.89 1931.94 1849.75 1772.84 1698.77 1666.28 1659.68 1680.72 1814.37 1937.81 2056.33 2073.98 2079.39 2080.24 2137.73 2197.07
2258.04 2240.56 2233.72 2239.13 2206.01 2173.27 2140.82 2111.09 2083.86 2051.91 1949.97 1850.46 1751.22 1709.41 1688.09 1692.02 1796.39 1905.11 2016.22 2034.65 2041.92 2046.91 2101.60 2158.72
2218.66 2234.53 2262.47 2301.77 2300.75 2300.99 2302.58 2292.58 2280.47 2259.33 2139.74 2022.30 1907.13 1887.83 1889.12 1910.48 1941.12 1975.57 2015.82 2037.15 2045.52 2052.12 2086.77 2125.09
2166.63 2143.17 2117.14 2090.12 2040.17 1986.69 1928.84 1958.59 1985.07 1996.38 1888.54 1789.99 1702.60 1686.76 1708.96 1760.31 1852.38 1945.19 2040.73 2026.06 1994.30 1956.21 1990.83 2037.29
2092.11 2051.95 2017.54 1995.56 1959.21 1924.27 1891.11 1852.75 1831.25 1811.07 1690.25 1626.22 1625.18 1666.22 1708.05 1755.48 1807.87 1861.98 1921.23 1899.22 1858.73 1808.98 1856.60 1902.54
1949.06 1912.85 1878.08 1848.48 1841.50 1850.50 1871.76 1813.86 1765.18 1717.55 1597.77 1564.73 1611.28 1647.73 1687.56 1733.51 1856.16 1969.35 2077.93 2045.21 1995.25 1939.34 1948.68 1958.60
1971.18 1983.01 2015.17 2065.88 2042.36 2017.50 1990.73 1956.44 1954.87 1964.23 1838.89 1725.33 1634.53 1617.68 1642.05 1700.75 1812.72 1917.23 2019.62 2046.84 2064.07 2082.72 2116.66 2157.21
2204.27 2174.58 2147.58 2125.11 2078.36 2025.54 1964.56 1977.26 1988.91 1985.51 1809.35 1675.13 1648.90 1770.44 1886.27 2010.41 2032.24 2060.68 2098.85 2082.83 2056.27 2029.03 2001.52 1973.25
1946.63 1910.16 1872.13 1823.55 1839.66 1855.86 1868.68 1826.51 1784.25 1732.51 1638.29 1628.49 1700.73 1752.72 1805.05 1864.31 1901.39 1942.81 1992.64 1971.74 1938.18 1901.36 1913.01 1927.22
1944.58 1898.72 1849.94 1791.52 1818.78 1845.71 1871.50 1875.96 1897.38 1915.91 1875.97 1841.04 1813.92 1864.60 1925.84 1999.83 2050.04 2107.28 2170.80 2142.75 2098.09 2047.05 2068.86 2091.27
2114.69 2097.84 2079.47 2061.80 2070.06 2079.66 2089.50 2130.89 2163.08 2178.91 2143.29 2108.80 2072.50 2030.73 1992.59 1960.93 1998.27 2039.09 2086.22 2077.28 2058.39 2045.98 2115.40 2189.57
2267.70 2255.00 2240.78 2225.71 2139.52 2045.42 1945.43 1858.20 1836.67 1884.02 1784.36 1753.37 1774.04 1516.49 1194.24 1273.25 1461.10 1628.86 1773.52 1736.34 1744.83 1831.11 1830.31 1837.11
1851.64 1835.27 1819.23 1805.72 1768.21 1735.66 1708.14 1754.34 1792.24 1810.06 1685.06 1569.48 1468.38 1480.04 1492.88 1522.14 1642.43 1752.20 1857.86 1886.81 1912.42 1948.13 1926.85 1916.09
1918.75 1916.18 1919.02 1927.08 1920.72 1917.26 1919.60 1934.92 1949.52 1956.02 1915.59 1880.63 1848.99 1791.44 1757.63 1777.23 1811.77 1847.83 1887.72 1919.96 1942.36 1966.18 1976.29 1986.32
1997.61 1972.29 1947.80 1926.94 1906.04 1884.56 1863.91 1869.19 1875.14 1871.08 1789.85 1709.65 1649.80 1479.06 1368.57 1524.95 1649.99 1761.31 1863.02 1873.09 1870.73 1867.07 1859.74 1851.79
1844.07 1822.87 1799.31 1774.15 1743.70 1714.02 1684.49 1412.07 1440.10 1644.70 1369.22 1247.06 1447.51 1568.09 1677.43 1779.61 1850.82 1920.53 1993.77 1975.67 1943.35 1904.90 1899.37 1894.68
1895.70 1885.46 1879.50 1879.30 1882.28 1886.71 1891.05 1797.45 1723.57 1671.04 1566.20 1457.29 1342.93 1449.16 1562.43 1671.79 1759.06 1858.59 1968.00 1959.27 1935.01 1901.46 1908.17 1917.58
1930.63 1913.20 1894.29 1876.13 1848.39 1839.42 1852.26 1714.28 1561.70 1382.36 1593.88 1735.65 1842.25 1843.30 1850.85 1864.95 1933.84 2002.21 2078.14 2042.49 1985.38 1912.96 1848.24 1773.40
1688.84 1700.09 1713.86 1728.28 1734.92 1755.77 1786.52 1611.47 1424.45 1269.41 1343.83 1425.65 1498.26 1617.56 1721.61 1816.70 1822.93 1833.18 1854.37 1819.61 1771.95 1725.04 1626.06 1536.48
1502.19 1481.44 1597.87 1753.22 1643.35 1619.57 1712.95 1647.17 1587.42 1530.83 1667.51 1769.94 1852.33 1917.49 1985.16 2055.22 2032.64 2007.93 1988.44 1941.88 1875.32 1797.15 1746.18 1717.82
1726.58 1724.10 1720.88 1717.44 1712.05 1734.12 1777.49 1694.92 1612.76 1528.13 1564.86 1604.36 1662.25 1650.28 1644.05 1629.94 1674.23 1726.10 1792.13 1765.97 1726.16 1682.50 1668.98 1679.19
1711.92 1707.29 1708.34 1716.69 1732.06 1750.59 1771.72 1593.35 1426.54 1343.42 1317.02 1500.69 1661.02 1590.87 1542.10 1529.06 1511.58 1510.58 1540.71 1555.72 1593.93 1659.86 1638.42 1627.94
1630.98 1641.93 1662.44 1690.23 1600.26 1494.02 1344.40 1159.21 1295.49 1435.06 1445.01 1452.47 1457.79 1538.73 1614.76 1687.73 1775.25 1870.65 1977.69 1981.31 1972.53 1958.45 1993.78 2028.61
2063.85 2080.39 2101.86 2128.57 2115.06 2099.44 2083.61 2104.71 2114.61 2111.39 2124.29 2132.98 2138.48 2149.03 2167.20 2194.40 2198.31 2202.14 2213.17 2174.74 2114.77 2036.07 2048.69 2065.81
2088.92 2078.42 2067.49 2056.42 2036.45 2017.83 1998.85 1995.34 1989.91 1977.57 1986.02 1990.58 1992.54 2016.02 2051.67 2098.52 2138.77 2179.75 2227.36 2196.29 2148.20 2089.41 2104.60 2122.45
2142.44 2149.69 2159.01 2170.70 2120.71 2065.55 2002.86 2017.11 2022.99 2018.68 1978.82 1948.65 1924.59 1969.22 2024.62 2092.13 2163.11 2234.44 2309.73 2310.75 2307.33 2306.06 2289.33 2285.32
2299.68 2257.66 2211.71 2163.70 2094.58 2018.84 1937.71 2047.23 2139.03 2209.35 2156.13 2104.41 2063.17 2020.46 1986.31 1969.15 2035.40 2110.01 2197.03 2180.39 2160.46 2145.93 2156.23 2168.34
2185.09 2150.38 2111.02 2068.23 2040.01 2009.98 1979.15 2013.89 2042.43 2055.23 2075.70 2093.36 2107.92 2088.33 2073.57 2066.83 2098.69 2135.93 2183.89 2142.13 2082.44 2009.15 2015.10 2022.55
2034.63 1996.89 1958.97 1919.73 1921.00 1923.02 1925.58 1830.11 1727.69 1618.87 1407.52 1289.37 1357.35 1453.59 1546.44 1640.73 1760.44 1870.94 1979.74 1955.10 1916.27 1876.38 1886.46 1899.61
1918.05 1911.65 1912.34 1920.57 1896.21 1894.66 1918.01 1858.64 1799.27 1736.34 1646.17 1560.96 1483.12 1530.27 1585.01 1649.20 1792.18 1920.82 2045.74 2015.38 1971.26 1920.22 1918.80 1916.72
1914.79 1888.61 1863.15 1838.16 1765.82 1715.58 1703.04 1576.97 1435.52 1269.08 1458.86 1608.37 1720.90 1762.36 1806.48 1856.54 1920.63 1983.44 2050.71 2028.39 1996.24 1964.92 1936.61 1905.70
1867.53 1857.56 1847.83 1839.43 1794.56 1795.14 1847.13 1744.79 1643.00 1541.78 1591.75 1727.44 1858.91 1925.73 1991.03 2057.12 2086.69 2117.29 2154.19 2099.85 2025.86 1932.94 1929.86 1926.85
1922.66 1858.49 1786.72 1708.69 1755.33 1809.87 1869.70 1869.71 1864.13 1850.32 1844.30 1838.10 1831.81 1916.37 2000.48 2092.42 2160.93 2230.53 2305.10 2243.66 2166.15 2077.60 2015.29 1940.84
1856.19 1864.39 1873.30 1881.92 1855.96 1827.56 1794.66 1811.22 1825.84 1833.18 1861.48 1888.55 1905.70 1915.03 1927.78 1940.72 1981.89 2023.85 2071.23 2037.75 1989.45 1933.93 1914.66 1893.46
1869.44 1861.69 1853.07 1847.41 1820.88 1797.96 1781.07 1765.17 1742.84 1712.46 1685.73 1659.43 1640.49 1768.41 1885.87 2004.25 2041.42 2096.12 2169.84 2175.71 2174.95 2174.38 2154.78 2160.60
2194.54 2221.45 2250.35 2281.70 2289.27 2301.53 2317.83 2298.07 2273.82 2244.80 2247.82 2248.77 2259.52 2250.15 2249.83 2268.32 2327.78 2386.49 2448.16 2458.06 2464.93 2473.62 2441.89 2406.92
2370.33 2340.81 2308.14 2273.40 2245.29 2217.72 2190.81 2245.42 2285.64 2311.47 2276.57 2243.66 2218.52 2248.27 2286.71 2339.43 2381.60 2423.55 2468.62 2447.47 2420.67 2391.91 2408.70 2428.37
2451.97 2384.63 2308.33 2228.10 2195.10 2158.70 2113.46 2194.51 2263.61 2316.97 2225.24 2134.10 2044.02 2018.59 2002.83 2001.75 2024.39 2049.12 2079.26 2096.69 2113.52 2132.90 2162.62 2196.03
2234.52 2186.56 2132.57 2072.32 2032.89 1991.94 1949.99 1935.09 1909.76 1876.21 1788.61 1706.52 1636.41 1617.80 1635.37 1691.25 1786.95 1881.24 1976.52 1970.84 1966.99 1970.76 1998.99 2041.14
2095.54 2056.08 2012.35 1967.07 1955.19 1942.33 1928.49 1992.42 2045.63 2085.34 2051.39 2018.06 1991.65 1991.88 2003.57 2032.43 2035.32 2040.38 2052.47 2031.95 2006.67 1980.82 2064.96 2146.82
2227.15 2227.08 2226.06 2225.82 2182.48 2136.65 2087.83 2091.23 2098.63 2102.09 2015.52 1928.00 1839.95 1789.48 1768.20 1784.10 1832.51 1883.07 1941.14 1973.83 2004.22 2036.44 2091.35 2150.29
2212.18 2179.00 2144.89 2111.43 2055.87 1993.88 1923.62 1938.45 1947.00 1945.49 1804.42 1662.53 1528.27 1602.33 1681.83 1766.52 1828.01 1891.79 1965.51 1981.46 1995.48 2011.52 2025.77 2044.81
2069.94 2090.60 2113.46 2139.90 2095.40 2047.13 1992.24 2032.07 2056.50 2065.73 2045.12 2023.29 2001.37 2010.69 2027.11 2051.58 2097.97 2145.76 2199.17 2234.11 2267.83 2301.22 2329.91 2359.59
2389.61 2368.95 2348.87 2329.15 2228.43 2111.10 1971.68 2056.86 2116.83 2154.92 2137.37 2121.83 2109.51 2119.05 2140.00 2180.52 2209.66 2238.78 2271.08 2296.72 2321.38 2349.03 2349.02 2348.52
2349.87 2335.41 2319.58 2302.56 2273.80 2244.18 2211.41 2198.46 2180.09 2155.39 2158.21 2162.00 2144.51 2126.57 2121.74 2130.34 2172.08 2214.65 2259.41 2257.33 2252.52 2249.01 2273.78 2301.01
2333.56 2314.20 2292.76 2269.31 2237.60 2204.13 2169.04 2206.77 2229.69 2239.60 2246.71 2249.72 2248.64 2224.59 2204.46 2190.68 2175.15 2156.36 2133.84 2120.38 2110.76 2109.87 2160.28 2213.79
2270.86 2274.21 2277.97 2286.74 2260.58 2232.35 2202.61 2216.66 2222.97 2220.76 2216.33 2211.61 2204.64 2214.39 2230.33 2251.08 2293.90 2336.10 2384.22 2347.80 2304.23 2253.85 2217.86 2178.46
2137.74 2150.36 2171.62 2201.21 2175.81 2150.68 2126.54 2163.39 2185.88 2193.33 2175.93 2160.76 2145.66 2136.37 2136.95 2147.69 2131.86 2113.53 2100.83 2057.81 2002.11 1932.18 1929.74 1925.82
1922.17 1913.64 1915.64 1929.92 1922.83 1917.45 1913.55 1819.92 1716.19 1600.16 1627.17 1649.04 1666.83 1619.48 1645.31 1732.21 1815.50 1908.69 2010.85 2042.38 2073.18 2105.73 2046.87 1973.72
1891.90 1847.60 1818.73 1817.08 1852.81 1890.04 1929.01 1965.20 1991.45 2006.63 1924.86 1895.87 1911.74 1897.42 1892.25 1905.24 1960.23 2013.73 2070.72 2056.60 2039.47 2020.22 2059.05 2098.58
2139.28 2108.90 2084.43 2070.48 2040.11 2012.96 1990.96 1890.31 1781.34 1658.69 1674.12 1695.34 1717.57 1709.89 1716.71 1737.61 1757.40 1781.30 1816.73 1828.27 1837.71 1848.13 1866.32 1884.21
1903.82 1898.11 1901.02 1915.65 1919.62 1925.79 1935.88 1927.75 1922.17 1914.10 1859.22 1814.66 1776.15 1649.45 1522.85 1418.68 1207.16 917.95 1249.07 1528.97 1758.49 1950.33 2202.84 2425.25
2624.56 2623.98 2624.01 2627.25 2613.34 2598.95 2586.08 2596.36 2602.99 2607.74 2506.25 2413.07 2328.94 2294.19 2265.18 2242.22 2215.63 2190.14 2172.98 2155.64 2134.13 2108.96 2107.50 2112.21
2124.64 2104.45 2083.49 2062.97 2059.07 2054.85 2051.06 2033.61 2009.42 1978.23 1934.34 1898.07 1871.81 1850.72 1836.80 1827.30 1863.31 1893.61 1927.79 1966.72 2025.09 2090.88 2100.72 2112.60
2126.33 2119.94 2111.46 2104.13 2089.97 2079.83 2072.67 2077.33 2087.92 2094.23 2167.63 2251.86 2329.26 2344.78 2360.94 2374.10 2351.26 2327.84 2307.94 2351.54 2394.89 2437.93 2447.21 2458.27
2472.19 2468.90 2465.38 2460.47 2448.80 2436.97 2425.68 2469.89 2504.00 2528.57 2495.30 2463.98 2430.11 2404.32 2383.09 2363.88 2358.61 2354.56 2354.89 2342.04 2329.02 2317.11 2045.12 1613.11
1195.48 2055.87 2539.74 2915.66 2950.11 2978.38 3007.97 2950.42 2884.75 2808.50 2755.89 2704.44 2637.44 2651.80 2672.42 2692.15 2614.51 2525.53 2424.65 2384.67 2340.06 2290.21 2300.06 2311.16
2324.09 2282.86 2247.11 2220.65 2191.24 2159.56 2127.94 2123.22 2113.76 2098.18 1900.84 1705.32 1581.37 1363.13 1382.21 1611.31 1751.72 1906.91 2057.74 2068.57 2083.99 2103.06 2080.87 2059.33
2036.83 1983.54 1933.46 1888.06 1895.70 1928.67 1966.99 2022.69 2082.30 2132.39 2101.39 2073.07 2043.90 2001.50 1981.25 1983.69 1996.01 2003.20 2011.72 2031.59 2053.23 2075.79 2066.20 2056.03
2044.31 2029.06 2014.26 1997.57 2004.07 2009.67 2013.31 2004.83 1990.31 1972.51 2089.15 2180.30 2261.21 2273.68 2288.72 2312.46 2306.09 2303.77 2310.69 2306.31 2301.10 2298.37 2246.63 2190.35
2128.86 2086.13 2042.17 1994.39 1989.93 1992.30 2000.18 2056.94 2100.81 2138.90 2067.37 2001.22 1936.66 1876.38 1826.16 1781.51 1680.67 1558.80 1418.98 986.44 1559.07 1883.72 2215.04 2473.27
2686.42 2694.35 2701.49 2710.55 2684.59 2656.25 2627.53 2623.17 2612.27 2600.95 2506.85 2414.99 2324.59 2311.86 2313.12 2324.39 2256.36 2170.56 2056.56 2066.39 2069.72 2073.74 2027.09 1989.46
1966.77 1818.20 1652.46 1536.75 1529.30 1578.42 1657.59 1566.55 1541.52 1584.60 1725.46 1829.51 1909.48 1891.72 1884.73 1887.11 1944.92 2004.09 2064.54 2093.66 2126.09 2159.71 2166.92 2173.59
2180.92 2158.16 2132.97 2113.68 2113.45 2130.58 2160.70 2076.22 1981.29 1879.75 1959.47 2047.89 2121.90 2170.54 2220.29 2270.75 2240.40 2200.93 2153.44 2176.52 2200.20 2223.06 2207.11 2192.73
2180.03 2202.97 2225.31 2245.64 2266.48 2288.87 2313.66 2290.60 2278.25 2275.97 2038.08 1949.89 2054.80 1993.12 1953.64 1940.96 1951.56 1965.38 1986.83 2018.70 2049.69 2082.38 2090.13 2098.21
2109.44 2089.16 2064.00 2036.76 1850.59 1617.17 1438.12 1490.17 1541.37 1587.70 1842.88 2063.11 2209.63 2232.52 2259.21 2289.88 2248.67 2198.89 2137.28 2156.45 2177.14 2199.60 2354.00 2496.15
2624.26 2361.08 2108.33 2146.66 2136.19 2246.83 2434.49 2419.02 2398.31 2377.35 2341.57 2310.64 2282.64 2142.41 1983.34 1794.14 1796.29 1822.39 1874.61 1747.80 1625.75 1582.62 1270.39 1138.03
1551.02 1586.15 1784.18 1979.44 1972.75 1966.63 1958.42 1771.36 1654.57 1707.39 1560.34 1411.39 1275.34 1138.91 1001.65 969.13 1357.24 1622.68 1821.86 1959.78 2086.80 2207.39 2220.80 2235.47
2249.75 2243.09 2241.68 2246.16 2257.33 2268.84 2280.29 2290.11 2290.72 2284.44 2389.50 2466.12 2520.45 2510.79 2506.89 2508.37 2445.62 2370.01 2277.95 2279.03 2280.65 2281.00 2287.74 2295.20
2304.59 2301.39 2297.64 2294.63 2267.00 2240.00 2213.56 2164.31 2110.04 2058.45 1962.06 1861.83 1772.59 1020.47 1931.92 2400.31 2468.42 2534.73 2600.12 2623.89 2650.50 2677.90 2598.43 2516.88
2434.16 2450.56 2466.30 2485.08 2567.02 2645.59 2720.94 2745.96 2780.07 2825.64 2791.93 2759.27 2727.17 2748.63 2771.36 2795.31 2768.04 2739.16 2707.64 2701.18 2694.65 2688.22 2635.82 2580.85
2523.05 2523.70 2528.10 2536.83 2532.57 2535.12 2543.98 2522.11 2495.41 2466.01 2402.43 2340.44 2278.26 2142.17 1996.31 1836.03 1678.49 1627.86 1794.84 1916.45 2044.00 2167.22 2171.39 2177.25
2184.67 2187.41 2193.22 2204.00 2218.49 2235.69 2254.80 2276.10 2284.50 2285.49 2305.22 2319.20 2327.53 2298.03 2276.86 2262.43 2244.37 2219.28 2185.64 2186.47 2189.17 2192.59 2173.51 2153.51
2131.29 2118.69 2106.33 2094.01 2042.48 1989.70 1939.99 1806.39 1644.80 1446.35 1751.07 1966.41 2120.18 2156.12 2196.68 2240.74 2162.91 2074.88 1965.60 1881.58 1853.51 1912.82 2018.48 2202.52
2397.29 2411.19 2426.55 2443.39 2446.92 2444.76 2445.75 2432.78 2415.91 2402.10 2283.42 2174.25 2083.45 2089.24 2100.42 2119.43 2146.42 2193.31 2253.22 2382.78 2503.73 2619.25 2634.42 2647.50
2663.04 2666.93 2674.83 2687.43 2684.82 2683.83 2683.96 2696.05 2704.96 2713.38 2711.30 2714.31 2721.37 2733.54 2748.44 2763.79 2776.76 2787.16 2795.83 2888.36 2971.04 3050.40 3057.53 3065.16
3074.72 2981.66 2877.59 2764.43 2667.97 2558.49 2430.96 2479.21 2513.51 2541.40 2437.15 2335.27 2237.60 2223.11 2226.70 2245.74 2115.51 1963.37 1794.72 1313.01 1512.35 1933.78 2057.21 2170.55
2275.04 2264.47 2253.12 2243.01 2269.82 2299.53 2330.30 2307.84 2279.09 2247.58 2295.22 2334.95 2367.50 2384.15 2404.40 2427.23 2379.60 2325.55 2257.76 2123.53 1960.24 1748.78 1518.63 1708.44
1987.82 2060.96 2158.30 2265.40 2269.36 2282.12 2299.16 2323.75 2338.83 2346.89 2245.24 2171.87 2132.50 2091.81 2056.23 2025.15 1979.33 1938.62 1905.79 1768.33 1614.39 1482.74 1525.93 1577.25
1629.84 1505.36 1616.73 1814.02 1966.59 2097.46 2212.08 2150.68 2090.08 2037.27 2211.64 2341.45 2441.02 2466.91 2494.97 2525.16 2466.80 2396.71 2306.89 2313.85 2322.98 2333.32 2300.39 2265.27
2227.77 2262.77 2296.16 2329.42 2323.27 2316.09 2308.54 2300.13 2283.43 2263.10 2341.51 2403.30 2450.34 2421.21 2396.52 2375.62 2301.00 2211.65 2098.22 2037.53 1993.26 1975.42 1888.37 1826.50
1798.67 1832.71 1900.52 1986.64 1983.92 1985.31 1990.37 1978.39 1961.99 1945.39 1976.08 2036.74 2107.22 2041.42 1981.04 1927.99 1926.55 1922.69 1917.96 1937.12 1956.16 1976.89 1904.15 1897.98
1974.85 1996.60 2027.16 2068.03 2075.73 2086.17 2097.94 2067.32 2039.42 2016.32 2143.92 2244.17 2323.34 2328.40 2337.21 2350.57 2284.35 2211.29 2126.20 2173.83 2220.34 2267.33 2252.04 2243.85
2242.20 2182.56 2118.06 2047.05 1938.92 1826.57 1730.57 1610.33 2069.69 2386.82 2526.97 2664.00 2784.00 2768.94 2755.80 2746.65 2734.91 2722.57 2708.65 2718.48 2728.71 2739.12 2719.94 2702.26
2687.78 2657.91 2627.96 2601.45 2568.81 2533.99 2497.38 2534.31 2563.80 2593.03 2491.44 2387.61 2279.10 2227.98 2179.39 2130.17 2028.75 1924.43 1825.31 1818.44 1845.15 1910.69 1726.08 1462.10
1201.62 1355.46 1622.92 1811.54 1938.77 2070.00 2193.16 2107.74 2014.97 1922.82 1972.87 2014.88 2047.98 2069.36 2102.89 2144.88 2140.89 2150.73 2172.71 2182.19 2194.42 2208.00 2207.81 2208.28
2208.32 2202.94 2198.29 2196.01 2185.01 2174.51 2162.86 2167.51 2159.78 2147.27 2208.86 2258.53 2296.42 2350.84 2409.63 2469.15 2440.21 2408.24 2366.90 2403.03 2439.56 2474.83 2474.41 2475.85
2479.67 2453.50 2426.89 2398.68 2325.64 2245.67 2158.78 2049.68 1936.62 1847.03 1772.62 2332.28 2706.61 2890.39 3070.32 3238.37 3233.53 3227.45 3219.99 3215.85 3210.73 3205.95 3200.82 3195.91
3193.68 3155.66 3114.29 3072.52 3021.36 2966.38 2909.03 2916.88 2916.49 2914.45 2809.38 2703.73 2595.78 2540.33 2489.00 2442.76 2367.42 2281.51 2175.83 2151.92 2133.47 2124.14 1967.00 1788.25
1649.48 1703.75 1964.04 2200.00 2227.09 2256.90 2291.47 2313.17 2327.28 2336.64 2400.56 2478.23 2556.84 2561.26 2572.65 2586.78 2550.99 2511.83 2464.63 2455.26 2450.88 2449.20 2426.41 2403.48
2381.07 2266.02 2136.16 1987.39 1916.09 1839.13 1750.68 1214.53 1872.84 2195.92 2266.74 2364.27 2462.50 2417.29 2375.93 2337.21 2305.00 2272.26 2232.15 2234.12 2240.81 2255.42 2259.01 2263.19
2268.31 2247.23 2226.96 2206.28 2164.87 2124.55 2085.12 2034.71 1973.76 1905.78 1921.58 1937.22 1951.37 1895.76 1867.17 1868.71 1848.82 1859.90 1899.45 1761.17 1590.95 1374.70 1419.32 1476.83
1542.86 1512.36 1482.39 1449.79 1633.82 1781.64 1905.11 1937.06 1968.37 2003.24 2047.48 2091.20 2128.71 2154.29 2187.17 2224.33 2239.66 2254.61 2263.75 2265.84 2269.26 2274.84 2263.73 2252.22
2240.47 2225.13 2213.28 2204.99 2200.75 2200.54 2203.95 2168.47 2125.50 2077.26 1912.21 1895.69 1994.43 1915.96 1869.51 1882.66 1970.20 2073.16 2176.19 2126.68 2110.52 2140.42 2116.74 2090.63
2064.08 2047.75 2067.64 2121.23 2012.33 1886.61 1738.19 1772.15 1794.19 1809.79 1840.08 1903.04 1969.18 1973.38 1980.58 1993.38 2035.28 2081.86 2127.73 2147.21 2179.24 2221.16 2216.80 2217.86
2224.95 2173.23 2118.67 2063.98 2096.86 2129.90 2160.78 1992.95 1784.53 1501.97 1511.58 1674.94 1810.81 1946.60 2059.35 2158.43 2171.50 2185.48 2191.46 2208.33 2225.00 2243.31 2253.70 2274.37
2303.75 2302.39 2303.08 2303.96 2321.87 2343.47 2367.38 2385.20 2394.96 2401.99 2476.11 2535.91 2581.09 2591.14 2603.22 2618.20 2583.89 2546.19 2500.16 2526.47 2552.39 2579.09 2589.81 2600.46
2612.09 2579.85 2545.56 2510.18 2451.26 2391.81 2334.16 2344.70 2350.24 2351.66 2336.94 2325.21 2316.82 2269.27 2227.45 2194.02 2156.50 2131.91 2120.27 2092.83 2072.25 2062.44 2076.22 2090.18
2103.95 1971.03 1851.45 1808.38 1678.48 1964.17 2258.10 2399.61 2537.74 2645.69 2614.17 2584.70 2553.39 2520.88 2497.01 2483.69 2401.89 2309.53 2201.15 2173.85 2143.29 2107.78 2124.05 2139.49
2154.37 2109.17 2062.55 2016.51 1962.32 1953.65 1997.36 2071.90 2203.52 2336.66 2294.97 2256.56 2220.17 2157.59 2114.13 2096.46 1998.88 1902.69 1822.56 1678.24 1529.83 1497.25 1404.60 1736.78
1994.28 2098.73 2195.69 2287.05 2276.46 2263.32 2250.12 2197.35 2138.03 2071.52 2035.48 2005.14 1976.64 2046.82 2116.64 2184.09 2195.27 2211.01 2225.48 2237.67 2250.72 2264.19 2304.30 2344.05
2384.02 2403.47 2428.26 2457.48 2456.70 2456.01 2455.83 2430.73 2401.16 2369.48 2266.36 2172.10 2086.60 2068.68 2056.46 2049.79 2026.50 2006.71 1985.44 2023.42 2066.71 2113.63 2139.28 2176.10
2221.05 2257.93 2299.90 2346.08 2349.32 2353.51 2354.87 2363.48 2367.52 2362.79 2325.25 2289.57 2253.28 2249.42 2248.40 2245.95 2205.81 2158.89 2097.37 2022.99 2034.39 2137.46 2216.53 2365.25
2523.82 2573.53 2633.72 2703.04 2659.89 2617.30 2576.12 2557.79 2533.11 2503.46 2443.53 2394.87 2359.35 2335.41 2317.68 2308.97 2314.51 2323.40 2330.10 2327.80 2326.16 2324.36 2319.34 2316.65
2315.70 2368.35 2429.56 2495.59 2477.01 2472.09 2473.63 2439.79 2406.52 2369.03 2359.25 2405.86 2483.24 2431.85 2378.94 2321.07 2280.04 2252.49 2239.55 2206.97 2209.02 2247.10 2187.67 2124.52
2059.85 2097.18 2143.29 2194.41 2116.52 2033.48 1944.37 1913.95 1916.82 1950.66 1926.61 1915.36 1911.93 2087.39 2256.26 2402.25 2444.32 2489.40 2533.74 2540.08 2554.17 2574.27 2572.37 2579.74
2597.01 2549.38 2500.86 2451.07 2438.00 2426.54 2415.87 2368.05 2325.74 2292.54 2305.37 2372.25 2454.16 2496.46 2541.73 2590.15 2492.84 2370.86 2206.44 2270.32 2355.57 2456.49 2452.93 2448.29
2445.98 2418.94 2397.10 2383.12 2378.22 2381.00 2393.69 2414.33 2441.37 2472.27 2533.24 2590.61 2643.32 2629.98 2623.29 2622.78 2551.22 2466.38 2355.99 2335.62 2313.61 2292.36 2285.57 2278.92
2271.26 2256.82 2240.11 2223.02 2235.29 2248.77 2263.76 2242.68 2216.13 2184.58 2124.35 2072.37 2028.51 1932.88 1836.58 1733.54 1583.30 1531.73 1659.31 1702.13 1899.63 2098.57 2166.66 2230.59
2290.31 2288.93 2288.97 2291.23 2291.14 2290.94 2291.20 2280.02 2263.40 2240.82 2230.27 2222.15 2213.17 2034.28 1942.41 2003.51 1973.08 1975.69 2038.20 2102.95 2168.86 2226.76 2221.30 2216.62
2211.91 2217.43 2222.68 2228.84 2151.87 2078.18 2015.61 1934.13 1837.65 1720.89 1521.00 1341.34 1344.91 1459.77 1640.39 1801.53 1687.05 1564.94 1485.40 1710.90 1881.93 2027.52 2063.59 2125.45
2203.74 2170.51 2143.06 2122.78 2146.02 2176.55 2211.13 2229.79 2240.63 2242.84 2381.13 2488.52 2569.84 2516.91 2475.93 2445.76 2396.46 2340.34 2270.96 2298.30 2325.78 2353.76 2340.01 2334.99
2341.39 2215.68 2168.35 2225.11 2296.30 2444.89 2598.98 2640.73 2683.71 2725.65 2665.12 2607.21 2552.49 2560.31 2572.93 2591.37 2534.03 2469.17 2387.59 2366.10 2341.96 2318.49 2277.71 2234.06
2184.35 2169.53 2154.25 2139.80 2156.60 2175.17 2192.64 2105.38 2006.10 1895.57 1700.71 1459.55 1131.63 1330.91 1669.35 1886.64 1966.23 2045.67 2115.73 2152.41 2188.38 2224.93 2227.22 2230.00
2234.27 2263.36 2291.76 2319.33 2407.91 2494.24 2576.61 2572.64 2562.46 2546.20 2570.96 2589.41 2601.92 2603.31 2607.34 2612.78 2576.53 2536.52 2483.33 2498.16 2514.71 2533.35 2511.40 2490.89
2470.31 2462.06 2457.10 2457.13 2412.59 2363.90 2311.96 2339.45 2359.37 2371.07 2288.22 2230.35 2193.18 2129.98 2199.94 2354.79 2368.91 2422.16 2508.06 2596.86 2684.17 2768.90 2840.72 2912.32
2983.22 2909.84 2829.77 2740.86 2763.23 2785.13 2807.00 2724.65 2634.62 2538.97 2502.05 2473.09 2454.37 2388.28 2337.02 2307.11 2196.63 2072.50 1941.58 1963.50 1989.07 2022.05 1954.89 1887.25
1821.42 1857.34 1911.45 1976.82 1838.92 1708.75 1657.63 1734.34 1794.57 1837.58 1907.68 2024.34 2142.50 2150.89 2167.05 2189.22 2201.14 2220.09 2235.34 2259.66 2283.27 2307.05 2298.72 2290.07
2282.62 2286.26 2289.53 2293.25 2259.26 2224.12 2185.97 2202.26 2211.94 2212.33 2237.20 2265.53 2291.10 2305.35 2324.29 2348.88 2311.78 2272.22 2219.58 2222.95 2226.07 2229.21 2216.26 2201.80
2186.97 2202.94 2219.57 2236.40 2221.83 2226.69 2248.84 2211.87 2170.00 2119.22 1939.52 1920.42 2034.43 1953.54 1878.01 1811.39 1758.98 1752.46 1800.43 1774.33 1747.98 1721.72 1585.58 1434.51
1382.52 1421.66 1511.83 1616.12 1629.09 1663.68 1708.76 1579.74 1456.83 1401.29 1294.32 1397.30 1526.21 1752.75 1929.46 2074.27 2073.79 2083.12 2096.98 2113.82 2148.13 2196.01 2238.93 2284.02
2330.45 2292.89 2265.39 2252.06 2228.96 2206.70 2185.58 2049.16 2066.93 2196.99 2158.23 2118.12 2075.31 1945.92 1809.50 1663.74 1377.47 1691.95 2056.42 2131.87 2210.99 2290.71 2335.81 2380.98
2425.35 2397.08 2367.73 2336.15 2372.98 2417.15 2463.86 2516.50 2565.44 2609.04 2641.80 2674.55 2704.05 2735.07 2768.88 2805.00 2798.83 2793.06 2778.88 2789.15 2802.65 2819.14 2817.59 2815.74
2815.97 2817.08 2817.80 2820.89 2789.17 2755.66 2721.24 2733.21 2741.27 2741.89 2710.90 2681.15 2652.57 2608.08 2568.86 2535.17 2438.95 2325.84 2181.55 2115.64 2096.32 2138.44 2090.83 2102.51
2181.98 2217.33 2254.10 2290.38 2291.29 2298.15 2307.76 2238.37 2161.68 2074.04 2012.44 1957.62 1907.07 1884.25 1871.43 1867.40 1712.23 1570.58 1606.47 1746.47 1865.54 1972.78 2041.38 2107.43
2172.07 2167.00 2162.63 2157.77 2210.90 2263.15 2314.07 2252.77 2187.98 2113.10 2142.40 2167.22 2185.85 2270.42 2349.96 2425.24 2377.67 2339.58 2311.15 2324.30 2336.19 2347.01 2326.06 2303.63
2278.26 2249.80 2219.18 2186.79 2166.77 2154.11 2147.77 2131.94 2111.01 2087.18 2129.02 2172.03 2205.28 2193.65 2191.25 2199.66 2185.35 2170.75 2155.60 2184.98 2222.73 2257.21 2246.60 2236.57
2228.36 2164.85 2096.34 2023.56 1914.93 1821.52 1783.18 1810.89 1838.80 1858.30 1401.52 1378.62 1776.52 1847.31 1981.26 2120.47 2076.57 2035.89 1988.26 1954.55 1921.51 1888.09 1828.14 1795.19
1792.51 1734.66 1770.78 1879.96 1891.21 1913.15 1949.41 1814.32 1690.14 1641.18 1468.77 1261.53 1080.45 1125.19 1243.93 1388.26 1208.93 1302.32 1560.24 1325.63 1178.49 1374.31 1476.57 1660.75
1825.97 1732.34 1621.15 1493.56 1501.37 1598.26 1716.26 1771.63 1842.62 1904.66 1874.39 1866.21 1871.73 1907.89 1976.22 2057.57 2059.92 2090.83 2144.20 2176.03 2216.62 2268.33 2252.03 2236.26
2220.61 2231.29 2243.29 2257.17 2237.53 2231.82 2244.01 2225.87 2202.30 2169.12 2167.58 2170.34 2172.77 2189.31 2210.77 2234.05 2242.67 2252.88 2255.52 2266.07 2277.87 2290.78 2282.75 2279.88
2285.44 2285.12 2288.70 2296.85 2286.37 2274.63 2265.02 2265.97 2266.42 2258.75 2239.84 2223.70 2206.91 2189.24 2184.02 2187.43 2177.58 2173.95 2172.32 2173.23 2182.25 2198.82 2189.76 2179.67
2170.70 2164.92 2160.05 2157.51 2150.49 2143.58 2135.76 2144.95 2147.57 2140.46 2109.04 2078.90 2052.20 1945.91 1861.16 1806.14 1774.94 1752.88 1739.40 1875.51 1998.79 2112.24 2093.38 2083.60
2080.82 2051.28 2020.78 1987.34 1984.83 1983.76 1990.54 2013.02 2034.48 2045.09 2063.65 2098.61 2138.42 2175.38 2218.08 2257.90 2230.21 2210.51 2197.13 2211.96 2227.03 2243.52 2264.01 2298.51
2345.44 2371.63 2399.35 2425.66 2444.01 2464.31 2482.30 2492.96 2501.23 2502.58 2546.73 2590.32 2632.07 2623.77 2648.75 2701.27 2602.35 2504.26 2417.02 2340.17 2255.89 2181.50 2194.11 2208.66
2226.31 2134.01 2023.88 1910.02 2008.18 2100.43 2178.56 1989.57 1741.47 1337.10 1839.19 2172.09 2387.27 2442.30 2495.23 2538.31 2449.45 2344.68 2211.37 2210.82 2226.12 2256.22 2258.34 2269.59
2290.64 2301.00 2310.91 2321.49 2306.26 2306.12 2323.92 2322.72 2319.35 2312.24 2284.67 2262.08 2240.72 2282.36 2326.38 2370.97 2294.45 2207.54 2100.38 2089.40 2077.77 2066.03 2085.01 2111.01
2143.16 2154.96 2167.22 2179.17 2178.43 2177.57 2177.51 2115.11 2060.15 2009.20 1966.05 1924.15 1881.39 1824.77 1808.05 1831.67 1891.79 2006.84 2131.36 2163.32 2215.88 2283.60 2292.92 2302.84
