1340.96 1333.61 1602.33 1797.49 1788.89 1803.20 1833.25 1821.72 1813.90 1808.38 2041.23 2205.72 2328.59 2322.67 2320.74 2323.16 2244.28 2154.32 2039.96 2068.61 2112.06 2165.36 2199.59 2234.00
2266.52 2147.80 2034.77 1952.91 1899.96 1852.75 1814.05 2055.09 2238.08 2388.39 2317.43 2244.87 2173.98 2126.37 2149.76 2239.24 2228.75 2220.08 2213.87 2318.29 2373.09 2435.18 2363.76 2289.88
2213.07 2215.38 2210.66 2206.72 2141.33 2085.36 2047.82 1998.80 1952.94 1918.90 1749.05 1501.23 1882.12 2106.80 2284.45 2428.36 2390.01 2349.42 2190.32 2289.36 2380.14 2464.87 2448.29 2432.52
2420.36 2321.96 2229.18 2158.87 2264.55 2359.38 2447.16 2452.02 2455.31 2448.98 2445.10 2464.20 2493.71 2435.48 2384.81 2315.23 2232.66 2094.19 1910.20 1896.13 1986.67 2127.78 2094.75 2061.60
2031.61 2003.53 1992.49 1999.29 1839.75 1675.17 1607.37 1441.80 1244.78 1226.31 1594.38 1797.79 1931.32 2004.78 2078.98 2152.26 2123.09 2107.03 2106.20 2064.14 2020.95 1977.64 1983.86 1990.18
2000.32 1942.37 1904.36 1895.49 1955.93 2012.16 2065.68 1995.06 1921.55 1841.88 1977.39 2100.26 2199.69 2219.96 2244.72 2271.42 2235.93 2197.03 2149.67 2189.98 2228.41 2267.44 2303.54 2342.63
2380.80 2331.68 2277.52 2217.88 2170.99 2121.75 2067.07 2053.02 2034.94 2005.48 2113.76 2210.38 2286.35 2311.56 2339.63 2313.23 2245.70 2166.20 2065.56 2062.04 2062.01 2067.52 2075.50 2084.09
2093.90 2063.76 2027.15 1989.00 1953.02 1916.70 1876.86 1803.41 1717.98 1616.71 1718.01 1732.55 1784.75 1728.23 1606.58 1548.73 1285.63 1149.74 1530.30 1588.41 1778.01 1969.24 2060.36 2167.05
2276.76 2339.69 2404.17 2424.53 2399.09 2370.49 2341.49 2358.01 2370.39 2377.82 2429.47 2483.40 2537.91 2491.07 2448.69 2414.32 2354.22 2285.43 2203.98 2186.16 2144.96 2084.15 2061.46 2042.23
2028.65 2062.89 2129.21 2190.15 2140.17 2086.45 2025.89 2039.71 1990.08 1952.31 1924.63 1925.41 1956.39 1979.08 1902.59 1854.33 1908.46 1965.30 1994.69 1968.67 1944.72 1920.42 2005.69 2033.77
2055.57 2098.21 2138.79 2177.52 2200.82 2225.69 2248.26 2278.67 2310.40 2290.58 2293.28 2294.31 2295.64 2285.73 2276.98 2270.73 2271.64 2275.00 2277.39 2296.63 2328.31 2368.93 2380.28 2403.61
2437.31 2401.41 2242.01 2069.02 2025.69 1991.00 1968.06 2065.11 2150.10 2221.15 2109.52 2179.36 2330.74 2361.28 2397.94 2441.14 2423.31 2404.81 2379.97 2419.48 2469.64 2475.92 2484.99 2495.06
2488.10 2460.01 2432.24 2405.85 2378.84 2332.59 2284.79 2417.10 2520.75 2592.58 2546.24 2494.69 2445.61 2424.35 2366.75 2312.97 2257.52 2202.50 2148.48 2156.54 2173.42 2198.23 2194.34 2193.44
2191.66 2178.57 2166.87 2154.14 2170.65 2186.18 2202.58 2217.93 2233.93 2246.95 2212.06 2171.76 2109.07 2037.99 1967.71 1898.10 1821.72 1738.79 1637.87 1709.01 1770.92 1834.70 1747.69 1628.13
1572.98 1672.05 1800.09 1924.42 1918.59 1913.87 1907.01 1787.28 1651.87 1499.08 1678.92 1881.58 1855.84 1747.40 1708.64 1764.25 1733.48 1702.61 1657.60 1647.35 1648.15 1663.81 1705.62 1748.40
1788.03 1785.19 1784.86 1791.26 1895.88 1985.28 2063.72 2104.36 2122.50 2134.83 2075.59 2043.51 2047.62 2031.91 2044.12 2083.42 2089.33 2091.82 2090.67 2152.48 2210.34 2264.96 2204.76 2169.87
2173.09 2154.19 2145.17 2148.77 2078.00 2032.47 2027.21 1872.12 1717.47 1623.86 1891.86 2093.36 2239.73 2297.87 2316.18 2315.59 2226.13 2119.79 1988.77 1948.41 1932.27 1948.21 1885.62 1814.97
1734.91 1594.58 1409.44 1181.62 1582.93 1915.68 1946.47 1912.10 1912.40 1941.27 2114.90 2244.02 2343.33 2362.67 2403.07 2452.93 2446.22 2440.50 2433.98 2448.49 2465.24 2483.57 2494.59 2508.54
2524.84 2554.17 2554.59 2462.50 2304.31 2474.49 2598.36 2584.88 2735.60 2965.95 2981.93 3000.50 3024.09 2989.08 2955.01 2918.79 2930.78 2949.01 2972.41 2978.76 2985.18 2992.37 2946.97 2900.47
2852.29 2763.29 2666.64 2563.29 2547.55 2532.15 2516.73 2470.77 2419.38 2363.56 2319.62 2284.18 2258.00 2104.50 1946.84 1806.59 1660.32 1456.77 1216.57 1558.69 1778.16 1785.27 1738.79 1710.58
1717.75 1903.50 2057.14 2188.83 2196.91 2208.98 2220.46 2258.22 2285.63 2304.00 2364.89 2442.52 2515.13 2533.23 2555.58 2580.40 2552.25 2522.20 2485.76 2520.01 2554.53 2588.63 2612.74 2637.47
2663.24 2656.07 2650.00 2644.65 2632.97 2620.24 2607.81 2610.75 2611.37 2608.54 2636.55 2663.22 2664.33 2683.17 2684.34 2688.44 2677.45 2666.63 2648.77 2578.27 2476.22 2338.37 1872.74 2133.47
1947.27 1475.01 2017.79 2407.20 2567.57 2744.78 2762.39 2798.24 2764.49 2674.36 2725.97 2776.34 2815.94 2753.04 2698.91 2652.89 2587.02 2516.05 2434.14 2380.06 2323.61 2230.10 2161.09 2084.49
1998.46 1934.51 1849.56 1706.14 1591.29 1666.87 1838.18 1652.23 1431.72 1358.10 1386.79 1421.56 1449.23 1327.40 1359.07 1495.99 1813.11 2057.21 2162.47 2024.69 1865.18 1699.80 1766.27 1871.40
1986.93 2038.27 2089.02 2138.12 2165.93 2192.02 2220.74 2172.24 2077.86 1970.77 1934.73 1997.93 2036.80 2030.30 2032.60 2042.11 2089.34 2160.27 2229.45 2190.83 2138.39 2077.04 2057.50 2032.50
1975.89 1964.30 1900.98 1833.59 1748.60 1655.20 1553.36 1555.61 1590.07 1638.38 1814.26 1955.12 2061.13 2069.47 2091.86 2122.71 2123.55 2106.57 2049.95 2005.86 1966.66 1937.40 1851.18 1753.48
1636.87 1422.58 1177.40 1340.37 1487.44 1684.72 1853.79 1717.26 1539.68 1292.00 1384.40 1616.92 1776.33 1638.87 1478.06 1283.32 1412.59 1524.96 1627.26 1718.90 1792.37 1834.03 1929.05 2081.37
2145.31 2101.77 2054.88 2002.82 2020.63 2039.78 2056.69 2028.71 1992.91 1947.48 2084.99 2193.01 2275.79 2281.74 2293.66 2297.87 2107.12 1968.27 2028.32 1980.67 1933.46 1884.26 1903.14 2539.04
2960.83 2941.42 2913.99 2891.34 2829.73 2764.91 2697.29 2683.67 2662.09 2636.60 2553.59 2469.93 2384.81 2342.15 2302.53 2270.05 2240.66 2214.92 2193.65 2096.92 2082.90 2168.98 2084.52 2013.62
1972.50 1763.84 1469.17 1342.46 1543.84 1766.16 1939.39 1922.36 1899.49 1869.05 1973.22 2061.42 2137.86 2166.67 2224.99 2298.42 2281.79 2267.06 2236.34 2214.46 2183.72 2150.67 2153.32 2157.78
2161.29 2172.82 2183.17 2194.08 2193.31 2191.10 2190.90 2275.09 2348.37 2395.15 2369.42 2344.59 2316.15 2361.34 2395.81 2420.58 2391.20 2366.35 2310.20 2280.08 2249.03 2219.92 2282.64 2290.08
2283.73 2181.26 2074.98 1973.90 1969.76 1960.41 1975.62 1948.38 1888.86 1826.02 1879.19 1964.29 2052.37 1939.09 1825.35 1736.63 1805.94 1917.85 2047.44 2027.02 2007.00 1981.53 1974.55 1981.41
2001.09 1990.66 1991.43 2002.69 1987.45 1955.96 1922.69 1925.99 1922.35 1916.70 2024.82 2124.96 2193.76 2173.56 2153.18 2135.08 2107.94 2082.95 2060.15 2072.48 2068.43 2065.09 2121.53 2130.29
2145.09 2165.88 2186.18 2205.18 2133.09 2064.34 2009.46 1956.69 1901.02 1839.45 1990.62 2111.24 2206.54 2257.32 2304.12 2353.84 2303.56 2248.67 2186.79 2200.41 2220.98 2246.59 2243.22 2240.80
2240.29 2233.05 2226.60 2223.20 2110.25 2005.54 1937.40 1949.33 1958.61 1961.48 1985.53 2024.60 2067.23 2099.21 2133.98 2144.44 2088.49 2047.20 2037.33 2038.50 2049.18 2068.08 2120.64 2097.88
2056.05 2006.00 1952.16 1896.84 1903.00 1908.79 1916.61 1975.02 2038.25 2092.58 2130.30 2172.25 2213.57 2276.67 2314.48 2344.59 2326.92 2311.85 2300.15 2327.79 2298.82 2267.87 2247.85 2227.39
2204.52 2193.53 2181.69 2171.63 2183.25 2195.28 2206.44 2286.76 2304.50 2291.78 2348.29 2404.21 2436.21 2432.01 2429.16 2430.53 2413.66 2394.65 2370.36 2390.86 2407.25 2424.51 2429.94 2435.50
2440.68 2394.62 2346.96 2296.19 2292.74 2289.49 2285.59 2324.80 2359.84 2387.91 2174.98 2092.27 2206.54 2135.14 2112.21 2197.22 2232.52 2523.77 2700.11 2687.72 2670.06 2647.47 2667.00 2687.55
2710.66 2713.37 2720.33 2726.12 2770.17 2787.93 2810.38 2841.21 2866.36 2891.90 2818.27 2743.65 2665.86 2665.18 2670.37 2681.60 2628.90 2577.71 2530.55 2496.87 2461.75 2425.93 2447.14 2469.42
2493.85 2502.82 2511.71 2521.03 2582.68 2637.18 2666.99 2664.42 2654.93 2622.35 2500.77 2364.01 2212.61 2214.06 2215.65 2218.90 2233.54 2252.62 2275.92 2257.43 2238.66 2218.98 2178.74 2140.58
2106.46 2166.73 2247.36 2272.81 2173.99 1982.15 1753.16 1954.81 2135.97 2269.70 2176.42 2099.92 2072.48 2036.21 2013.55 2001.98 1955.63 1904.89 1850.24 1954.39 2047.43 2133.89 2158.23 2167.48
2177.91 2205.82 2233.65 2261.36 2241.42 2225.31 2212.75 2187.27 2155.27 2118.14 2213.90 2293.13 2312.01 2307.94 2306.34 2315.83 2175.85 2000.34 1764.62 1832.92 1896.51 1956.22 2057.06 2160.34
2261.49 2174.02 2033.34 1930.78 1960.54 2374.13 2701.37 2677.61 2669.16 2683.39 2660.96 2644.89 2601.46 2516.80 2431.62 2349.13 2269.98 2184.71 2102.38 2099.71 2107.53 2131.46 2105.92 2089.19
2089.94 1999.31 1902.35 1801.20 1551.60 1299.68 1574.16 1697.49 1702.11 1625.02 1730.23 1869.94 1990.77 2089.45 2177.68 2261.91 2260.04 2260.78 2257.04 2329.78 2391.06 2451.41 2440.64 2433.31
2429.59 2436.28 2449.40 2468.28 2444.28 2419.80 2393.14 2424.43 2443.05 2451.41 2534.81 2611.64 2677.45 2652.01 2628.03 2609.66 2565.51 2521.95 2485.57 2467.13 2448.98 2430.77 2385.08 2337.96
2290.51 2193.56 2097.45 2024.74 2036.80 2049.89 2067.92 2082.69 2094.37 2104.21 2144.71 2179.35 2207.32 2283.08 2353.13 2363.14 2264.17 2146.09 2007.06 1856.15 1715.01 1701.60 1738.22 1842.60
1943.21 1899.49 1865.75 1849.67 1760.79 1719.92 1748.74 1778.26 1798.58 1806.28 1840.03 1868.88 1902.29 1933.70 1968.20 2000.90 1989.48 1989.81 2007.25 1985.69 1970.30 1986.52 1974.25 1962.50
1951.81 1926.09 1944.58 1998.14 1954.09 1998.86 2047.09 1830.06 1522.09 1063.78 1899.79 2287.51 2528.83 2496.05 2466.78 2443.72 2374.27 2299.44 2219.17 2236.28 2211.87 2184.95 2258.70 2343.62
2434.37 2470.65 2507.52 2543.06 2596.17 2647.30 2697.33 2737.23 2746.46 2751.64 2702.23 2655.22 2613.72 2599.44 2585.99 2577.59 2557.00 2536.33 2516.14 2509.19 2500.13 2488.31 2516.61 2550.10
2587.11 2608.50 2632.26 2644.59 2690.05 2719.73 2749.14 2753.65 2713.10 2664.01 2596.04 2526.89 2447.89 2349.94 2241.74 2117.91 2052.44 2012.18 2064.38 1786.30 1528.45 1797.03 1883.91 2012.26
2146.54 1963.76 1721.80 1352.18 1714.59 1986.70 2194.78 2305.53 2419.49 2372.41 2175.29 1949.63 1682.24 1758.00 1826.98 1882.34 1691.29 1768.28 1980.11 1935.44 1818.19 1684.72 1854.90 1995.63
2088.46 2124.15 2134.34 2140.87 2158.21 2183.65 2216.39 2372.52 2447.27 2416.43 2413.27 2412.43 2415.05 2364.19 2312.25 2255.72 2195.80 2137.28 2079.66 1994.69 1913.99 1858.01 1809.85 1758.59
1707.06 1602.61 1484.45 1349.84 1594.62 1771.48 1914.70 2021.43 2104.01 2172.13 2066.86 2047.84 2090.08 2001.15 1908.37 1809.21 1821.50 1847.10 1883.88 1872.88 1880.69 1911.91 1939.07 1989.29
2051.72 2163.70 2240.36 2285.00 2281.52 2277.29 2272.32 2299.25 2324.47 2357.54 2189.05 2115.50 2169.74 2116.01 2068.37 2032.18 2092.18 2155.81 2226.75 2200.12 2168.66 2132.38 2134.49 2135.84
2140.26 2143.33 2182.51 2250.15 2317.67 2455.88 2596.18 2577.24 2543.90 2500.57 2469.50 2441.02 2441.55 2337.46 2227.28 2112.56 2095.63 2078.87 2068.57 2118.45 2167.31 2202.48 2150.32 2100.80
2053.52 2134.66 2222.19 2233.74 2249.81 2265.49 2282.72 2334.92 2383.52 2430.64 2421.12 2390.49 2380.02 2358.99 2337.98 2307.01 2246.34 2192.92 2154.84 2290.73 2403.29 2455.93 2374.80 2289.17
2197.48 2151.42 2104.07 2053.76 2089.71 2066.57 2055.50 2140.56 2150.77 2132.29 2143.91 2158.29 2084.19 2153.62 2220.60 2266.74 2234.76 2189.63 2139.70 2179.26 2223.45 2270.33 2239.47 2205.53
2172.00 2142.83 2087.59 1979.28 1941.87 1907.69 1875.67 1860.57 1869.45 1890.86 1830.84 1772.24 1716.31 1867.77 1994.37 2103.75 2152.77 2203.47 2255.35 2167.92 2033.95 1866.22 1867.78 1874.01
1885.36 1797.56 1708.76 1639.23 1632.91 1728.46 1767.72 1705.81 1640.01 1585.08 1184.63 1543.15 1825.29 1763.12 1706.35 1672.47 1646.26 1655.39 1711.26 1691.56 1673.26 1663.57 1799.95 1920.44
2029.34 1979.16 1941.63 1931.92 1912.49 1920.75 1957.82 1870.62 1721.15 1533.52 1703.01 1823.26 1886.86 2052.32 2081.87 2109.61 2100.20 2092.87 2086.57 1970.68 1903.27 1950.26 1875.76 1783.66
1677.90 1555.98 1407.27 1229.42 1368.55 1700.81 1918.20 1815.34 1693.47 1550.61 1586.57 1648.02 1712.26 1804.32 1900.96 1898.06 1902.27 1910.09 1923.92 1947.92 1972.71 2002.71 2017.45 2035.21
2053.16 1958.99 1851.25 1728.37 1826.56 1743.18 1647.25 1512.42 1588.19 1750.00 1830.08 1995.63 2163.87 2375.26 2584.52 2782.20 2780.29 2764.45 2741.88 2724.41 2704.87 2685.79 2713.84 2743.51
2769.79 2727.84 2685.07 2641.45 2688.35 2735.75 2782.32 2837.38 2869.39 2880.17 2842.38 2805.98 2773.19 2741.43 2711.17 2683.52 2643.08 2600.12 2556.57 2455.89 2344.23 2221.81 2237.91 2256.60
2282.82 2304.91 2332.37 2365.28 2360.01 2353.95 2346.93 2436.19 2507.28 2566.69 2548.88 2538.18 2537.57 2495.59 2442.97 2369.88 2345.18 2253.77 2176.65 2212.37 2258.16 2310.24 2256.06 2206.13
2168.77 2165.35 2163.05 2165.96 2124.28 2087.96 2058.14 2020.37 2024.42 2058.91 1951.39 2024.27 2105.26 2071.40 2064.35 2088.87 2118.80 2150.19 2179.38 2185.34 2186.03 2189.04 2105.69 2018.03
1924.24 1917.42 1913.52 1912.34 1966.50 2022.08 2078.68 2115.08 2148.41 2178.56 2101.47 2040.36 1994.60 2037.98 2087.18 2134.59 2111.99 2089.63 2070.52 2131.23 2190.56 2251.43 2263.34 2285.70
2319.58 2347.53 2375.29 2405.04 2368.84 2330.12 2288.70 2328.28 2353.32 2368.94 2352.31 2291.25 2233.21 2246.61 2269.11 2291.86 2278.27 2270.25 2276.46 2376.72 2398.64 2398.57 2426.34 2454.83
2484.01 2519.83 2556.72 2592.74 2553.70 2513.83 2472.33 2460.78 2441.10 2413.94 2398.71 2389.30 2391.02 2402.81 2416.95 2357.80 2229.79 2076.59 1895.12 1841.23 1803.95 1809.13 1768.82 1790.88
1810.03 1713.82 1612.27 1528.56 1565.58 1771.19 1964.60 1994.80 2044.22 2098.71 2058.35 2039.79 2037.33 2088.31 2152.29 2203.25 2182.22 2133.72 2084.59 2055.81 2018.61 1974.49 1922.62 1890.88
1891.61 1892.34 1894.70 1899.89 1893.67 1887.36 1878.35 1800.81 1709.55 1612.27 1649.94 1697.86 1745.88 1820.04 1894.68 1972.11 1968.32 1985.25 2031.89 2058.36 2083.22 2111.26 2219.42 2318.35
2386.81 2336.20 2251.95 2159.14 2142.61 2125.89 2111.65 2144.91 2178.35 2211.84 2167.27 2160.12 2178.56 2264.99 2299.86 2324.22 2336.67 2333.05 2278.97 2325.45 2369.45 2415.63 2451.83 2489.33
2529.09 2526.68 2524.54 2518.23 2516.96 2524.03 2539.45 2597.16 2641.06 2404.99 2362.73 2355.91 2386.80 2374.44 2370.05 2370.79 2378.31 2395.25 2403.81 2421.14 2435.23 2448.35 2394.60 2336.88
2275.59 2325.63 2373.22 2416.37 2322.45 2236.13 2172.44 1881.71 1738.57 1955.12 2099.78 2230.84 2348.08 2360.80 2377.94 2401.64 2403.37 2326.80 2243.49 2249.53 2251.13 2252.79 2229.30 2205.52
2183.89 2187.87 2194.50 2204.40 2287.24 2369.84 2450.27 2536.04 2602.73 2654.00 2615.05 2579.33 2546.21 2521.30 2501.00 2484.20 2453.59 2411.25 2349.69 2220.63 2007.55 1701.23 1865.75 2004.12
2129.76 2154.91 2178.79 2202.81 2287.45 2366.73 2430.21 2412.83 2396.75 2383.03 2368.67 2356.33 2346.10 2289.05 2234.88 2151.98 2132.00 2089.29 2032.84 2039.86 1989.73 1948.58 1979.94 2021.04
2070.89 2082.37 2079.81 2080.03 2091.48 2102.04 2116.22 2108.79 2097.67 2081.64 2122.19 2171.56 2223.62 2178.42 2139.34 2112.09 2071.68 2031.58 1993.43 1950.62 1905.15 1779.69 1832.42 1885.50
1936.98 1995.58 2052.95 2107.93 2130.38 2161.32 2196.72 2143.99 1999.66 1845.04 1806.09 1866.60 1966.78 2003.70 2041.94 2081.52 2040.67 1996.98 1957.45 1948.76 1932.64 1892.69 1867.68 1818.99
1761.15 1918.66 2012.07 2085.96 2068.30 2046.13 1994.18 1990.23 1992.79 1998.01 2011.63 2040.39 2061.20 2050.11 2043.70 2034.73 1987.29 1932.93 1877.60 1948.88 1936.07 1924.91 1913.35 1902.24
1891.31 1851.95 1811.90 1768.58 1757.45 1757.78 1767.72 1611.00 1517.64 1540.32 1618.23 1681.16 1746.01 1590.28 1420.99 1317.04 1500.20 1646.92 1774.60 1862.87 1947.10 2030.09 2011.90 1966.43
1933.11 1935.26 1937.30 1940.12 1912.99 1884.75 1858.98 1739.22 1709.42 1749.72 1625.58 1513.16 1430.77 1547.53 1658.76 1761.97 1748.09 1735.23 1729.67 1653.81 1677.63 1722.35 1757.96 1795.70
1834.41 1789.68 1854.01 1824.89 1789.26 1761.85 1742.09 1665.36 1627.39 1631.12 1293.29 1068.52 1395.38 1523.10 1640.14 1749.38 1785.79 1822.66 1866.69 1952.22 2035.41 2124.18 2080.32 2037.98
2000.47 1955.94 1932.65 1935.50 1928.33 1953.79 2008.15 2102.66 2111.26 2083.89 2147.34 2215.26 2273.61 2296.21 2323.47 2352.04 2382.13 2396.33 2353.44 2335.32 2307.86 2276.70 2234.44 2189.80
2141.95 2095.91 2054.86 2023.87 2004.91 1998.69 2004.47 2042.73 2099.17 2154.86 2198.91 2248.51 2260.96 2219.14 2174.78 2135.80 2149.62 2167.19 2196.24 2257.31 2276.38 2263.28 2240.30 2221.71
2208.19 2193.65 2182.85 2175.19 2093.78 1983.51 1792.99 1755.84 1769.15 1772.10 1752.26 1734.94 1713.55 1573.48 1408.65 1196.94 1037.47 1358.19 1594.52 1712.19 1819.55 1928.40 2119.78 2261.80
2305.00 2313.91 2322.62 2332.52 2291.47 2245.88 2197.70 2239.83 2294.24 2347.75 2254.99 2163.00 2075.60 2085.56 2103.44 2107.19 2102.57 2104.03 2117.01 2056.83 2004.54 1982.31 1979.80 1975.84
1974.37 2006.66 2038.17 2067.62 2100.87 2130.09 2163.61 2211.40 2249.82 2282.69 2163.25 2031.34 1834.80 1890.10 1948.56 2011.07 2005.19 1991.78 1970.85 2054.15 2047.69 2041.95 2031.26 2031.02
2045.97 2013.07 1981.71 1947.87 1951.55 1955.08 1961.84 2067.66 2159.58 2228.04 2302.09 2367.82 2384.81 2392.84 2402.06 2409.78 2425.82 2401.27 2376.62 2260.45 2103.07 1887.74 1943.33 2000.72
2055.25 2072.11 2093.95 2115.03 2101.97 2091.13 2082.22 2016.14 1948.55 1888.48 2056.24 2192.40 2282.66 2358.72 2429.81 2495.27 2444.79 2387.11 2326.79 2330.16 2327.13 2323.80 2291.65 2259.22
2227.17 2174.89 2118.96 2058.49 2046.00 2047.52 2061.23 2072.30 2105.31 2072.38 1954.76 1825.78 1840.76 1764.97 1702.18 1677.21 1909.17 2158.30 2385.18 2531.26 2665.90 2782.03 2772.78 2765.47
2762.23 2747.40 2733.51 2723.97 2711.51 2702.48 2697.06 2714.08 2729.15 2742.99 2688.18 2634.74 2584.14 2559.83 2543.09 2534.02 2501.51 2474.80 2459.58 2387.11 2302.32 2215.91 2194.32 2187.41
2182.86 2170.65 2146.27 2125.67 2097.61 2076.74 2064.08 2047.20 2023.95 2011.47 2027.74 2060.23 2104.07 2132.26 2153.64 2143.84 2150.13 2157.95 2161.10 2130.70 2076.88 2017.71 2046.76 2080.78
2120.85 2032.08 1944.44 1867.67 1789.17 1737.50 1736.14 1629.93 1729.13 1632.53 1509.24 1445.46 1459.87 1312.92 1406.36 1753.53 1863.43 1966.56 2067.82 2015.12 1940.04 1847.83 1875.20 1905.91
1939.38 1910.94 1910.23 1931.46 1954.51 1976.43 1998.24 2173.68 2236.91 2281.24 2301.17 2333.87 2379.40 2419.58 2458.95 2496.21 2497.17 2498.41 2501.25 2529.64 2543.47 2545.74 2474.43 2397.59
2314.66 2335.61 2357.16 2380.50 2338.84 2297.00 2254.58 2207.68 2171.01 2118.23 2146.14 2150.04 2145.60 2103.14 1929.96 1795.75 1753.00 1817.50 1960.50 1970.63 1977.10 1986.73 1953.47 1945.44
1971.94 1927.19 1869.06 1821.87 1665.37 1488.42 1398.80 1588.72 1758.27 1879.34 1942.40 2016.16 2088.19 2091.16 2077.74 2081.70 2103.47 2129.42 2156.11 2162.47 2160.78 2153.09 2125.92 2096.60
2067.67 2027.07 1983.81 1937.88 1956.23 1972.87 1983.81 2063.26 2120.31 2166.95 2177.17 2187.87 2213.91 2219.47 2192.06 2135.40 2093.50 2047.37 1997.96 2092.41 2206.22 2174.36 2124.68 2077.59
2035.82 2064.39 2095.40 2128.92 2076.76 1990.93 1797.51 1820.37 1831.84 1836.60 1396.67 1450.56 1827.35 1590.35 1754.18 2050.86 2131.15 2211.43 2280.77 2172.36 2044.03 1896.20 1788.78 1742.06
1709.04 1777.27 1873.39 1975.86 1980.29 2058.39 2157.55 2193.53 2229.11 2254.34 2215.45 2180.03 2147.22 2143.14 2144.06 2154.58 2196.86 2239.74 2277.77 2211.59 2125.72 2027.16 2003.70 1978.94
1954.94 1943.93 1934.21 1925.67 1931.97 1945.47 1964.40 1874.06 1779.11 1634.08 1625.71 1626.27 1636.65 1575.33 1512.00 1451.43 1405.36 1346.88 1282.29 1278.90 1486.88 1597.78 1686.64 1770.64
1851.00 1795.60 1776.73 1804.45 1888.22 1966.33 2040.76 2059.72 2076.51 2083.20 2105.96 2152.44 2206.91 2253.18 2300.67 2351.71 2359.63 2367.40 2381.70 2419.02 2450.53 2482.43 2492.63 2503.03
2509.65 2517.57 2525.83 2535.72 2485.81 2354.39 2199.78 2207.80 2211.21 2209.10 1926.67 1897.82 2114.16 2010.98 1776.61 1427.55 1273.41 1414.30 1649.76 1655.02 1722.26 1837.72 2036.00 2119.19
2144.55 2151.65 2159.47 2168.10 2208.67 2253.78 2299.71 2356.30 2332.37 2291.99 2282.76 2281.46 2294.64 2346.91 2408.71 2471.28 2441.91 2412.41 2370.84 2332.09 2297.55 2276.97 2334.63 2329.97
2309.93 2337.58 2365.72 2394.20 2382.57 2370.71 2358.43 2361.61 2397.26 2447.65 2453.55 2433.10 2391.80 1961.93 1444.84 2086.79 2081.88 2105.60 2165.52 2299.00 2415.17 2486.50 2608.13 2701.37
2763.13 2822.05 2840.62 2852.70 2805.44 2765.64 2737.04 2745.29 2751.07 2754.12 2695.00 2641.76 2592.93 2522.85 2451.73 2384.80 2296.11 2179.59 2000.51 1694.46 1318.43 1616.26 1634.31 1653.76
1669.89 1746.12 1823.56 1901.99 1944.62 1992.39 2039.90 1984.29 2006.95 2055.07 2109.19 2163.41 2216.09 2249.25 2283.82 2320.83 2304.70 2287.57 2274.92 2264.91 2242.33 2215.28 2240.18 2269.25
2302.77 2293.80 2286.37 2274.62 2258.85 2242.74 2225.35 2323.49 2395.78 2444.85 2425.04 2382.86 2345.37 2368.97 2395.88 2427.49 2448.10 2449.58 2450.61 2443.20 2429.85 2419.89 2425.13 2433.14
2443.10 2450.46 2457.78 2465.15 2418.73 2356.41 2249.58 2329.56 2393.49 2428.73 2433.52 2422.05 2397.60 2470.15 2518.97 2549.24 2521.70 2491.60 2464.56 2451.81 2432.18 2412.95 2452.41 2423.71
2384.66 2329.68 1975.16 1841.42 1661.66 1744.33 1961.67 1873.50 1766.85 1771.48 1268.53 1784.62 2111.10 2106.46 2108.73 2117.83 2287.37 2450.44 2607.44 2554.88 2387.78 2176.08 2136.26 2126.03
2155.32 2174.11 2180.25 2197.12 2224.17 2265.53 2314.58 2351.87 2406.83 2457.91 2508.20 2555.70 2604.20 2594.50 2587.98 2566.23 2538.62 2495.22 2446.81 2403.04 2338.57 2256.52 2156.54 2039.39
1903.24 1912.86 1920.23 1929.05 1937.61 1948.50 1956.72 1827.66 1651.87 1443.20 1536.81 1700.67 1818.39 1760.56 1739.58 1766.67 1727.08 1687.44 1653.44 1813.85 1962.06 2103.56 2076.93 2048.13
2015.33 1990.91 1984.49 1996.48 1991.93 1988.81 1982.63 2134.76 2247.52 2307.01 2298.50 2292.44 2288.52 2318.83 2349.80 2386.12 2396.61 2408.07 2410.26 2383.30 2344.39 2306.12 2258.28 2206.38
2149.44 2144.13 2136.68 2127.62 2098.65 2087.80 2094.35 2146.13 2216.74 2276.44 2254.94 2217.60 2178.37 2208.28 2238.79 2275.05 2280.24 2285.79 2295.22 2248.58 2183.81 2108.92 2129.53 2150.14
2172.10 2213.25 2252.10 2273.75 2225.74 2175.49 2120.10 2151.27 2177.85 2194.80 2192.24 2226.07 2272.20 2254.40 2240.34 2235.55 2160.95 2078.58 1990.86 2017.35 2040.30 1947.79 1946.98 1960.48
1985.48 1978.97 1956.99 1972.42 1783.15 1521.40 1199.11 1410.40 1549.37 1635.86 1578.95 1528.13 1502.84 1575.32 1641.77 1700.96 1831.45 1959.20 2082.58 2049.55 2091.24 2202.80 2117.10 2015.94
1908.85 1891.33 1885.43 1895.11 1816.49 1829.21 1963.55 2023.72 2080.42 2125.30 2119.00 2116.17 2116.80 2074.68 2036.10 2007.31 2023.08 2040.17 2063.17 2054.86 2034.94 2012.62 1950.96 1889.01
1829.51 1825.69 1822.93 1826.08 1860.31 1894.18 1924.16 1894.87 1945.59 2014.51 2023.27 2054.23 2100.85 2019.81 1936.20 1850.94 1839.42 1838.83 1857.15 1885.06 1920.25 1974.99 1969.00 1965.09
1961.56 1944.27 1929.80 1919.72 1901.67 1888.54 1877.48 1944.53 2004.59 2046.62 2180.50 2304.51 2412.37 2404.75 2400.85 2399.53 2345.00 2280.96 2210.08 2181.33 2137.69 2090.77 2089.86 2088.70
2087.53 2066.26 2043.44 2015.46 2004.08 2004.79 2014.27 2046.88 2067.46 2071.82 2151.13 2194.22 2238.59 2226.20 2215.72 2216.39 2217.02 2216.45 2221.88 2224.76 2203.05 2182.38 2142.04 2096.47
2046.55 2046.17 2046.26 2044.11 2037.15 2036.80 2039.14 2107.40 2163.35 2199.99 2237.28 2275.14 2315.16 2309.67 2291.95 2281.15 2226.27 2181.86 2163.95 2222.60 2273.31 2298.74 2302.23 2306.89
2305.28 2306.12 2303.27 2299.98 2299.73 2299.02 2293.39 2336.66 2372.82 2398.85 2417.01 2433.93 2454.28 2455.54 2459.14 2468.41 2436.83 2403.26 2370.16 2368.58 2355.08 2340.91 2312.68 2282.95
2252.31 2273.00 2294.59 2316.69 2310.98 2305.36 2295.66 2348.94 2387.74 2409.75 2428.60 2397.02 2366.85 2375.54 2396.78 2434.60 2428.58 2420.86 2416.20 2398.19 2347.96 2287.08 2265.57 2251.32
2242.55 2185.03 1852.36 1724.55 1724.58 1501.64 1857.08 1546.86 1468.20 1705.33 1930.38 1973.30 1922.32 1908.80 1897.16 1888.02 1904.22 1920.54 1941.07 2029.88 1950.68 1789.93 1763.24 1743.83
1741.04 1785.01 1826.45 1866.44 1887.09 1845.25 1824.29 1919.00 1997.06 2062.26 2038.03 2038.39 2057.76 2140.34 2218.29 2290.91 2257.09 2220.62 2181.51 2079.37 1972.96 1910.53 1844.88 1773.54
1695.82 1596.35 1525.45 1525.71 1565.28 1696.14 1836.76 1783.91 1754.24 1752.09 1807.74 1905.85 2006.94 1907.78 1805.73 1707.32 1730.46 1754.83 1784.12 1792.24 1791.27 1791.27 1784.58 1778.35
1781.57 1836.61 1896.90 1963.08 1981.07 2001.69 2019.66 2036.16 2065.46 2089.47 1971.97 1875.24 1807.04 1791.66 1786.74 1794.28 1786.13 1792.24 1813.86 1840.16 1853.56 1869.99 1839.45 1807.89
1773.01 1789.81 1826.63 1881.27 1949.09 2038.61 2068.28 2003.93 1942.25 1875.08 1862.77 1894.46 1969.26 1915.28 1869.97 1840.96 1815.02 1804.99 1822.17 1931.37 2008.52 2020.46 1968.43 1913.22
1853.89 1873.29 1906.92 1951.78 1910.87 1848.73 1806.50 1771.28 1759.02 1760.17 1950.83 2083.91 2183.77 2167.62 2152.73 2148.98 2104.70 2056.30 2005.94 2034.99 2063.56 2086.36 2070.59 2020.49
1967.93 1983.79 2000.95 2019.42 2139.66 2246.86 2313.09 2306.03 2292.44 2290.43 2266.70 2245.45 2226.12 2261.72 2213.23 2174.12 2200.57 2228.54 2258.75 2274.26 2291.77 2317.43 2358.22 2392.37
2394.17 2353.33 2266.88 2158.80 2139.23 2102.40 1974.72 1848.39 1563.86 1371.10 1538.16 1554.01 1592.65 1468.98 1549.08 1748.41 1820.54 1889.21 1960.55 2023.49 2079.87 2136.70 2085.16 2033.58
1988.40 1938.65 1906.19 1906.13 1924.61 1947.28 1970.48 1972.08 1973.52 1959.90 1776.21 1611.04 1536.56 1739.41 1896.25 2031.62 1999.21 1964.90 1930.55 1887.76 1832.30 1778.20 1732.04 1680.27
1628.64 1685.65 1737.77 1713.64 1631.25 1544.87 1450.66 1025.01 1445.88 1689.65 1629.55 1617.12 1648.24 1758.75 1860.67 1961.27 1843.16 1465.09 1815.38 1733.58 1711.20 1734.60 1788.08 1845.31
1903.98 1893.83 1886.09 1882.10 1868.54 1877.72 1915.52 1922.84 1954.66 1992.75 1941.75 1896.16 1860.36 1761.77 1678.53 1633.61 1646.20 1709.97 1813.81 1874.17 1924.40 1979.93 1936.94 1873.46
1810.78 1719.97 1690.40 1753.57 1677.10 1589.46 1475.99 1521.70 1566.63 1596.56 1665.29 1724.90 1774.87 1797.11 1824.47 1857.94 1857.02 1857.05 1861.97 1895.70 1877.92 1816.83 1797.25 1780.75
1768.62 1850.47 1926.04 1998.06 1990.43 1985.68 1972.13 1872.10 1755.91 1673.07 1511.44 1375.12 1337.99 1258.52 1501.00 1728.37 1835.87 1951.95 2070.02 2066.67 2025.81 1965.99 1837.73 1689.67
1551.96 1637.22 1734.20 1830.08 1808.57 1768.15 1738.14 1674.59 1622.63 1575.82 1582.52 1591.71 1611.05 1641.95 1673.53 1717.39 1659.19 1596.00 1539.29 1722.59 1868.14 1916.76 1858.50 1796.24
1733.33 1582.29 1371.58 1066.28 1405.72 1684.68 1666.49 1690.85 1710.49 1715.80 1817.10 1916.10 2006.63 2035.29 2065.60 2098.50 2088.87 2081.34 2080.50 2101.16 2087.56 2022.05 1996.91 1971.45
1945.23 1902.88 1864.15 1836.57 1851.62 1874.31 1893.24 2030.33 2155.79 2248.36 2271.71 2295.85 2316.37 2332.75 2351.98 2374.70 2374.34 2374.26 2364.31 2368.26 2358.81 2350.16 2336.66 2324.23
2312.80 2292.74 2271.56 2251.16 2260.94 2270.49 2271.45 2324.99 2371.11 2394.32 2385.51 2381.64 2374.52 2424.38 2477.06 2538.19 2532.07 2521.98 2512.38 2479.09 2386.99 2279.01 2300.35 2327.54
2324.84 2297.84 2237.36 2170.20 2089.43 1999.96 1894.71 1813.59 1771.68 1762.66 1579.14 1509.85 1595.98 1479.13 1496.21 1641.76 1708.72 1793.20 1890.55 1917.66 1964.83 2037.61 2043.71 2071.79
2056.36 2068.37 2079.77 2087.34 2131.69 2175.58 2205.92 2226.86 2240.12 2245.53 2283.31 2323.33 2362.65 2387.91 2416.25 2448.81 2440.03 2429.53 2421.21 2457.62 2483.36 2508.38 2503.27 2500.47
2499.49 2522.79 2545.90 2569.79 2593.06 2557.43 2502.60 2470.69 2436.27 2395.69 2408.48 2444.94 2481.46 2381.38 2260.06 2140.30 2112.88 2091.68 2083.06 2057.65 2026.95 1995.75 2072.79 2144.53
2213.17 2249.93 2283.67 2317.04 2320.21 2314.21 2294.51 2325.67 2324.73 2314.46 2338.39 2365.06 2392.53 2424.22 2454.23 2475.41 2470.42 2464.28 2461.20 2455.97 2434.15 2407.74 2443.88 2463.63
2475.82 2465.63 2457.65 2451.59 2419.50 2386.86 2345.93 2322.00 2297.45 2266.26 2295.29 2306.77 2297.49 2292.28 2289.76 2295.76 2310.66 2326.73 2329.92 2304.42 2263.58 2213.68 2156.08 2090.95
2013.88 2044.38 2074.38 2104.62 2124.13 2146.11 2158.28 2159.90 2157.35 2145.25 2178.21 2210.89 2241.45 2231.16 2228.42 2233.52 2194.42 2148.79 2075.55 2070.60 2052.27 2029.69 2059.52 2089.87
2109.90 2068.94 2034.81 1999.44 1968.40 1938.05 1900.01 1968.74 2034.66 2082.89 2100.81 2123.64 2151.97 2179.85 2139.80 2118.98 2101.85 2087.94 2081.13 2084.66 2039.50 1974.41 1979.60 1985.23
1990.94 2010.63 2025.74 2032.20 1992.26 1953.70 1909.22 1948.39 1974.43 1982.66 2022.30 2040.28 2057.58 2038.56 2032.61 2042.06 2039.51 2042.68 2057.89 2083.48 2042.42 1998.13 2038.49 2082.44
2129.77 2136.16 2143.63 2152.07 2046.61 1933.35 1807.01 1927.82 2049.51 2083.48 2129.91 2175.42 2209.99 2255.17 2296.60 2309.17 2326.50 2299.16 2270.83 2269.60 2255.78 2240.83 2244.41 2249.28
2255.89 2249.37 2241.98 2236.56 2218.90 2201.66 2177.21 2250.54 2303.02 2336.95 2333.14 2333.27 2333.32 2336.47 2342.86 2354.38 2338.36 2320.91 2303.36 2325.62 2343.97 2363.07 2328.34 2292.04
2255.85 2230.06 2202.83 2174.63 2195.99 2216.24 2228.61 2224.07 2215.94 2194.67 2227.03 2260.58 2292.46 2296.07 2304.18 2317.43 2310.96 2305.02 2295.06 2214.43 2117.80 2026.56 1985.91 1931.90
1876.76 1838.51 1798.36 1756.72 1880.96 1936.45 1861.34 1879.26 1919.01 1954.60 1855.46 1770.32 1684.12 1710.33 1686.30 1803.87 1848.77 1899.65 1931.22 1909.05 1865.89 1807.78 1759.82 1713.55
1678.53 1640.30 1599.53 1555.22 1569.24 1626.69 1691.16 1571.61 1443.43 1305.50 1201.69 1150.23 1194.94 1235.52 1027.13 1319.85 1090.49 943.70 1167.61 1390.48 1528.48 1640.20 1604.30 1575.49
1558.52 1517.23 1398.67 1229.29 1052.66 1164.30 1343.19 1329.85 1312.81 1286.66 1146.23 993.44 834.54 730.39 728.84 851.33 968.50 1287.78 1504.14 1662.66 1795.40 1868.20 1824.52 1779.66
1738.23 1644.30 1534.86 1417.09 1292.61 1386.77 1541.70 1238.67 960.65 1226.98 1054.62 1114.07 1236.45 973.35 888.36 1190.97 1479.80 1695.24 1876.10 1911.53 1931.02 1904.77 1886.42 1873.11
1860.82 1718.29 1533.60 1253.17 1150.61 1392.95 1566.81 1478.34 1441.16 1441.77 1475.31 1510.30 1555.80 1676.61 1783.80 1883.19 1861.62 1840.92 1818.28 1858.56 1885.08 1881.60 1811.78 1730.91
1639.60 1599.58 1573.49 1572.73 1617.58 1660.01 1688.58 1689.00 1644.84 1595.49 1612.52 1683.00 1779.15 1862.50 1942.09 2017.26 2003.63 2005.94 2028.85 2018.80 1957.67 1867.05 1848.12 1837.54
1836.19 1880.02 1856.36 1831.20 1713.19 1606.94 1544.56 1676.56 1787.61 1880.77 1985.05 2063.61 2071.33 2097.85 2127.17 2151.02 2141.15 2138.50 2091.73 2083.58 2065.78 2045.96 2004.04 1919.39
1803.88 1805.41 1726.05 1607.04 1567.44 1589.93 1533.68 1494.96 1455.63 1406.61 1278.27 1223.63 1249.88 1497.36 1626.63 1654.10 1604.19 1580.59 1603.13 1644.75 1703.26 1777.50 1761.25 1777.44
1819.85 1838.40 1853.76 1787.27 1875.64 1962.36 2037.87 2005.99 2003.69 2016.46 2004.52 1996.90 1981.88 1941.33 1905.20 1873.06 1861.17 1853.98 1851.44 1807.23 1741.77 1654.84 1691.70 1747.19
1815.57 1795.20 1776.29 1773.11 1756.21 1743.80 1727.95 1682.24 1638.42 1586.10 1627.23 1667.80 1644.26 1674.61 1707.29 1744.95 1690.30 1644.84 1620.43 1518.76 1416.92 1438.41 1415.78 1414.13
1441.83 1503.68 1563.42 1618.25 1647.98 1701.74 1709.88 1544.95 1461.81 1482.04 1333.78 1199.80 1107.66 1229.46 1409.27 1449.68 1439.32 1435.92 1442.56 1499.89 1547.95 1596.65 1650.62 1762.68
1892.17 1883.61 1880.75 1886.54 1854.49 1822.17 1775.81 1897.13 1991.24 2063.18 2106.90 2150.42 2189.47 2153.83 2121.82 2094.36 2105.01 2119.29 2137.18 2127.41 2107.62 2011.96 2018.73 2028.49
2041.21 2052.04 2066.92 2083.60 2085.61 2085.16 2081.39 2021.47 2012.12 2044.84 1918.18 1783.95 1631.11 1486.61 1405.98 1216.49 1222.85 1285.33 1381.49 1560.39 1711.65 1848.40 1870.58 1893.27
1916.02 1898.19 1885.45 1876.63 1868.72 1860.55 1807.67 1672.12 1554.36 1471.06 1347.20 1361.89 1454.68 1475.61 1501.98 1534.19 1514.39 1496.95 1486.89 1498.72 1357.37 1275.17 1202.75 1147.12
1129.25 1049.29 1102.67 1257.96 1433.95 1581.36 1690.95 1642.04 1701.17 1782.16 1752.33 1729.13 1699.09 1651.42 1608.86 1570.79 1564.06 1596.41 1666.61 1726.40 1794.25 1874.60 1880.77 1892.91
1911.80 1914.25 1915.06 1917.68 1921.39 1925.05 1916.93 1799.44 1762.80 1789.86 1849.92 1910.01 1961.22 2053.99 2126.69 2183.77 2202.19 2209.92 2200.54 2194.25 2176.82 2155.77 2116.79 2071.21
2022.70 2038.05 2055.81 2076.09 2080.37 2085.76 2080.97 2147.18 2204.41 2244.91 2250.04 2258.05 2272.43 2312.71 2325.02 2344.37 2343.08 2343.85 2348.37 2353.55 2321.84 2269.72 2268.37 2266.81
2259.19 2290.19 2320.50 2323.82 2256.34 2185.47 2100.58 2086.63 2071.61 2058.42 1959.30 1867.07 1814.81 1849.21 1956.41 2100.79 2137.37 2138.11 2132.45 2119.51 1995.39 1839.07 1922.49 1999.15
2023.74 1924.29 1831.48 1776.86 1749.64 1726.71 1706.30 1634.79 1576.05 1529.46 1283.40 1116.32 1244.08 1121.50 1063.25 1145.04 1465.07 1597.88 1644.54 1753.99 1867.65 1908.37 1898.11 1890.40
1888.06 1836.76 1780.03 1715.34 1671.44 1633.55 1592.05 1642.13 1708.15 1764.07 1762.97 1781.65 1801.27 1783.87 1714.39 1655.39 1511.72 1313.90 1020.05 1400.62 1640.69 1827.19 1864.92 1916.71
1978.93 1960.33 1919.17 1879.24 1896.18 1912.20 1916.63 1954.65 1981.65 1995.25 2049.31 2100.61 2139.44 2151.00 2174.43 2209.03 2210.39 2213.29 2217.02 2225.31 2221.38 2210.80 2201.81 2193.18
2182.46 2168.80 2157.07 2148.96 2146.21 2142.71 2126.97 2143.04 2154.85 2159.86 2174.07 2187.74 2162.90 2137.76 2125.82 2127.98 2138.22 2145.05 2154.10 2169.74 2115.34 2038.74 2042.11 2046.24
2050.16 2053.99 2052.51 2050.67 2051.44 2056.31 2054.42 2110.56 2154.93 2183.93 2188.10 2195.28 2200.57 2223.69 2251.62 2281.52 2276.12 2271.76 2267.93 2249.60 2217.40 2176.43 2163.89 2149.94
2137.30 2154.15 2171.63 2165.31 2147.93 2105.08 2049.69 2109.39 2155.36 2190.58 2236.91 2268.52 2263.26 2229.04 2204.50 2193.78 2215.69 2241.30 2270.03 2270.87 2262.87 2248.86 2231.80 2212.00
2189.93 2206.93 2226.96 2248.40 2220.96 2192.98 2154.21 2209.33 2253.14 2283.86 2291.76 2302.00 2320.58 2332.65 2316.15 2308.79 2309.84 2307.39 2305.46 2331.44 2315.88 2291.73 2284.73 2211.01
2017.05 1970.81 1916.79 1859.36 1978.95 1914.48 1750.84 1851.00 1939.25 2005.95 2049.21 2084.01 2062.26 2122.08 2182.01 2245.15 2215.53 2165.36 2058.55 1975.02 1881.34 1824.10 1821.34 1819.36
1816.11 1827.04 1840.86 1855.81 1885.81 1924.81 1959.52 1916.30 1888.20 1875.77 1820.70 1780.73 1754.81 1833.37 1936.54 2039.54 1974.13 1897.25 1821.02 1816.85 1805.81 1788.71 1791.58 1800.25
1818.62 1829.90 1840.67 1852.75 1839.45 1821.93 1771.73 1831.02 1878.56 1913.40 1929.12 1948.57 1958.56 1946.08 1947.50 1965.57 1933.84 1905.09 1877.07 1878.64 1878.06 1861.14 1831.23 1799.64
1766.02 1755.68 1745.26 1735.95 1690.72 1641.93 1577.59 1539.49 1501.38 1453.62 1525.67 1495.27 1497.69 1511.20 1619.24 1740.61 1736.44 1736.30 1741.12 1766.29 1781.79 1790.87 1798.48 1785.82
1770.93 1728.20 1680.22 1631.62 1478.43 1307.53 1260.62 1237.57 1212.87 1181.22 1261.23 1329.58 1379.22 1495.56 1588.46 1571.32 1527.53 1478.75 1437.24 1496.11 1554.09 1618.43 1744.82 1864.78
1906.25 1881.87 1872.08 1880.10 1810.65 1759.39 1656.24 1616.75 1496.71 1364.56 1308.74 1421.37 1178.73 879.00 988.26 1282.47 1439.29 1591.09 1619.64 1628.51 1631.93 1639.75 1645.40 1689.41
1761.04 1665.53 1551.56 1413.62 1288.03 1133.33 1039.41 1238.29 1374.13 1466.94 1421.21 1429.44 1473.76 1669.72 1740.79 1825.66 1887.85 1950.80 2013.03 1991.27 1960.76 1922.62 1909.13 1893.41
1869.69 1763.54 1639.20 1481.11 1503.33 1565.91 1635.08 1627.72 1701.19 1782.75 1815.54 1840.51 1832.56 1766.24 1733.94 1738.64 1791.20 1847.79 1908.08 1933.26 1948.83 1908.13 1890.79 1871.91
1854.23 1813.81 1772.41 1727.89 1714.47 1759.42 1756.56 1710.88 1644.26 1627.58 1670.82 1648.76 1652.24 1801.45 1930.32 2049.44 2068.77 2089.41 2103.35 2033.15 1936.63 1811.46 1770.37 1745.20
1738.85 1743.13 1761.47 1792.14 1810.38 1828.08 1833.40 1835.81 1894.57 1964.33 1975.86 1995.83 2044.79 2103.10 2159.43 2193.90 2173.18 2154.26 2141.06 2115.51 2044.08 1968.98 1994.53 1931.55
1868.12 1903.53 1939.64 1971.18 1869.33 1753.53 1610.84 1805.75 1944.99 2003.73 2038.92 2072.52 2111.47 2124.40 2142.99 2163.01 2114.69 2058.53 2006.73 1995.25 1964.60 1921.13 1909.02 1901.61
1897.82 1888.16 1877.96 1869.40 1846.51 1825.46 1789.32 1816.58 1859.15 1894.53 1917.98 1942.93 1965.52 1987.01 1995.88 1959.94 1938.41 1932.27 1945.05 1969.06 1926.09 1869.76 1846.46 1821.04
1793.33 1694.32 1574.11 1421.03 1389.55 1397.72 1426.95 1181.18 913.10 1006.15 1025.54 1147.08 1252.31 1447.76 1600.47 1727.04 1773.51 1702.90 1658.69 1784.57 1905.96 1901.66 1890.11 1880.43
1871.55 1823.17 1776.70 1734.92 1581.71 1378.43 1116.23 1485.06 1678.36 1796.31 1749.87 1746.95 1774.38 1813.82 1771.26 1755.86 1764.90 1789.40 1834.87 1890.06 1931.65 1888.81 1861.09 1830.67
1801.85 1764.54 1728.67 1695.64 1601.31 1496.16 1379.79 1564.70 1683.52 1759.20 1727.72 1710.77 1708.97 1664.51 1709.58 1818.93 1824.35 1837.81 1863.08 1935.35 1992.33 1991.79 1932.41 1868.86
1806.06 1803.59 1800.70 1798.89 1708.87 1614.55 1512.99 1659.01 1793.15 1895.39 1857.30 1829.91 1799.86 1847.54 1859.06 1884.86 1900.53 1918.50 1939.85 1970.63 1992.09 1957.84 1919.53 1882.85
1850.60 1826.91 1808.94 1794.57 1618.40 1408.10 1307.42 1326.72 1442.86 1531.53 1370.52 960.29 1061.79 1013.05 1161.69 1380.71 1423.65 1465.26 1481.77 1568.99 1642.58 1702.20 1654.15 1644.80
1599.22 1617.49 1660.11 1720.17 1718.05 1729.22 1740.42 1746.79 1765.98 1783.73 1791.10 1868.93 1968.74 1928.11 1892.68 1860.27 1865.26 1870.90 1876.33 1896.83 1902.71 1905.39 1910.38 1917.50
1926.54 1943.71 1961.07 1977.86 1986.37 1996.08 1997.06 1996.25 1991.60 1973.74 1942.38 1915.76 1890.82 1920.05 1963.79 2013.93 2004.21 1995.85 1991.74 2007.69 2011.75 2008.42 1971.64 1932.15
1875.08 1862.06 1852.64 1844.11 1816.45 1838.45 1892.94 1949.92 2004.60 2048.03 2056.18 2065.92 2103.75 2061.70 2036.22 2031.57 2041.09 2050.62 2060.89 1986.53 1890.32 1775.57 1707.64 1709.60
1784.65 1797.97 1814.64 1834.90 1821.61 1808.97 1792.18 1728.74 1723.80 1740.58 1697.13 1658.07 1610.65 1639.34 1676.71 1717.51 1731.62 1748.87 1775.20 1735.23 1681.71 1617.24 1451.54 1327.25
1422.42 1458.71 1499.36 1541.78 1575.06 1606.66 1633.50 1573.33 1512.65 1449.90 1563.29 1707.04 1834.55 1916.81 1997.99 2082.45 2118.79 2156.37 2197.47 2185.12 2165.72 2083.65 2074.82 2067.30
2060.26 2055.78 2051.67 2049.04 1986.49 1919.79 1837.77 1961.31 2050.57 2110.83 2125.71 2142.12 2143.66 2108.46 2076.87 2067.62 2084.12 2108.70 2143.77 2176.04 2175.07 2121.99 2049.95 1969.24
1875.29 1865.85 1855.75 1844.93 1815.44 1782.92 1738.17 1806.74 1855.68 1886.17 1964.75 2034.58 2114.77 2111.91 2115.30 2114.57 2132.11 2151.32 2144.81 2127.44 2096.97 2056.29 2018.73 1977.76
1928.00 1918.04 1908.86 1899.01 1867.99 1845.77 1821.36 1887.77 1977.50 2054.37 2072.08 2094.28 2126.86 2133.42 2146.13 2156.41 2163.92 2172.44 2185.27 2182.05 2136.35 2076.41 2027.47 1975.88
1922.19 1928.59 1935.38 1943.95 1900.67 1855.98 1799.15 1883.56 1943.91 1981.54 2029.14 2047.93 2043.41 2094.67 2146.22 2204.43 2215.38 2219.62 2226.64 2201.47 2159.60 2103.55 2063.31 2020.12
1979.96 1945.50 1911.63 1876.22 1835.84 1795.47 1743.44 1806.85 1855.49 1884.68 1928.57 1971.11 2009.19 2016.09 2038.22 2068.01 2096.46 2125.67 2158.78 2165.76 2072.92 1955.92 1982.43 2009.17
2039.34 1981.06 1916.73 1842.65 1695.98 1552.15 1494.58 1549.20 1620.88 1675.32 1709.03 1754.78 1708.35 1730.07 1765.42 1817.39 1865.29 1915.97 1969.98 1981.37 1976.20 1870.12 1874.57 1878.91
1884.30 1834.70 1787.84 1751.73 1560.45 1381.11 1448.09 970.63 1384.89 1599.55 1527.75 1489.19 1481.96 1460.49 1501.31 1592.56 1699.40 1718.75 1738.08 1808.72 1878.24 1869.08 1841.82 1815.00
1788.97 1764.17 1745.28 1735.75 1688.57 1667.84 1680.19 1637.91 1788.40 1940.08 1961.88 1986.40 2003.77 1987.80 2007.41 2054.12 2027.49 1999.23 1975.12 1958.44 1925.43 1886.29 1879.10 1873.23
1869.99 1913.61 1958.00 1958.09 1939.71 1921.58 1898.82 1945.09 2009.32 2067.62 2007.25 1956.18 1915.41 1923.70 1938.02 1955.21 1955.28 1959.30 1969.30 2001.06 2033.26 2027.08 2010.29 2004.70
1988.87 1934.55 1876.99 1813.97 1777.48 1739.78 1694.91 1704.03 1730.70 1751.00 1777.90 1805.45 1799.57 1803.15 1811.97 1823.11 1823.25 1833.86 1856.10 1888.88 1909.85 1927.95 1884.39 1813.88
1700.04 1709.13 1723.38 1743.37 1816.78 1871.04 1910.58 1874.52 1836.79 1794.98 1719.29 1649.72 1583.05 1682.68 1774.01 1856.95 1895.55 1940.76 1994.96 1996.61 1982.90 1966.57 1947.86 1920.47
1893.41 1885.91 1876.01 1866.86 1832.63 1795.43 1749.22 1777.16 1812.57 1840.96 1855.57 1847.88 1852.16 1891.31 1939.47 1988.80 2041.09 2093.52 2148.92 2127.41 2016.04 1869.16 1846.07 1821.45
1797.48 1798.63 1798.81 1799.66 1788.49 1775.62 1754.31 1854.64 1932.60 1988.52 1943.14 1878.57 1836.93 1883.78 1962.92 2063.96 2090.19 2118.17 2150.62 2114.99 2070.20 2022.26 1981.12 1909.46
1831.18 1838.07 1845.18 1853.28 1798.00 1752.47 1715.73 1727.40 1805.67 1881.88 1887.65 1896.86 1922.97 1940.86 1901.37 1885.20 1831.33 1791.13 1778.28 1885.20 1980.03 1963.76 1960.02 1961.94
1969.61 1984.89 2005.68 2028.98 1951.36 1865.76 1766.97 1813.62 1846.46 1867.49 1798.05 1733.66 1665.62 1667.43 1553.98 1270.19 1347.36 1594.75 1823.27 1861.78 1904.49 1843.02 1840.99 1840.42
1839.79 1837.57 1835.10 1834.59 1703.75 1537.23 1299.75 1307.43 1307.25 1297.35 1361.84 1444.88 1526.25 1660.56 1717.89 1796.37 1818.54 1842.18 1870.16 1897.19 1913.50 1870.36 1850.74 1831.31
1810.26 1784.02 1756.32 1726.90 1700.40 1671.38 1636.17 1605.49 1574.83 1537.65 1513.47 1542.30 1602.07 1680.15 1757.57 1792.10 1829.07 1870.17 1912.19 1906.03 1874.49 1838.26 1788.15 1737.07
1682.21 1633.75 1582.10 1522.87 1423.26 1303.84 1171.75 1088.57 997.31 881.65 1254.14 1470.29 1607.62 1588.91 1572.88 1565.98 1530.11 1498.88 1477.29 1566.98 1677.93 1802.26 1760.28 1718.73
1686.85 1673.02 1666.14 1667.40 1602.10 1543.98 1499.45 1474.07 1452.32 1423.89 1414.69 1419.15 1432.75 1449.14 1340.61 1217.47 1407.24 1587.26 1744.89 1822.12 1895.05 1870.82 1837.75 1805.51
1775.71 1745.28 1714.84 1681.46 1651.82 1566.83 1496.99 1399.29 1558.29 1714.71 1591.33 1424.66 1294.86 1189.95 1080.65 1366.94 1490.19 1624.80 1752.65 1797.24 1808.32 1810.13 1766.02 1691.86
1636.84 1694.76 1749.44 1746.49 1644.89 1521.11 1360.36 1387.74 1405.87 1411.17 1212.04 900.27 1083.37 1362.52 1560.38 1713.22 1768.32 1824.99 1883.18 1878.73 1878.72 1857.01 1814.94 1771.11
1725.79 1709.54 1691.93 1674.16 1548.47 1398.41 1236.85 1239.16 1374.44 1473.77 1373.47 1352.47 1186.05 1157.84 1249.53 1380.82 1508.95 1633.15 1749.90 1793.90 1841.11 1900.61 1909.14 1920.12
1933.39 1925.14 1903.95 1883.95 1844.35 1801.74 1752.16 1801.65 1839.27 1855.81 1863.86 1872.83 1796.64 1751.61 1727.05 1724.16 1754.85 1792.54 1838.48 1900.17 1950.56 2002.08 2040.15 2023.60
1975.67 1977.72 1979.36 1981.56 1924.81 1862.04 1787.14 1828.13 1857.32 1869.27 1898.81 1927.24 1909.43 1860.17 1818.70 1785.16 1812.47 1857.94 1920.10 1965.78 2000.55 2039.24 2059.79 2012.42
1951.97 1930.12 1909.99 1891.53 1866.78 1840.73 1808.89 1928.59 2011.75 2063.52 2056.52 2055.16 2049.93 1962.80 1865.58 1778.78 1758.52 1748.57 1753.61 1857.59 1948.34 2038.85 2039.40 2003.18
1964.91 1974.51 1983.89 1991.53 1927.99 1856.38 1771.76 1811.23 1837.34 1845.53 1856.47 1870.00 1879.28 1881.03 1796.53 1751.82 1732.72 1713.13 1699.54 1809.50 1911.16 2015.56 2039.71 2045.79
2027.44 2000.56 1976.02 1953.01 1885.49 1814.44 1732.68 1773.16 1802.07 1816.31 1818.31 1824.66 1769.38 1697.16 1640.51 1602.87 1651.75 1719.99 1801.80 1879.87 1945.82 2011.95 2050.92 2033.26
2001.28 1936.66 1862.62 1776.02 1718.12 1653.64 1576.52 1718.27 1819.38 1883.59 1842.60 1806.09 1772.06 1769.45 1743.04 1736.74 1754.48 1775.81 1803.80 1881.86 1947.55 2012.65 2053.30 2012.98
1971.98 1931.99 1888.82 1842.55 1750.42 1641.36 1503.89 1564.66 1625.50 1665.56 1550.10 1456.62 1406.46 1150.87 1259.99 1524.63 1608.01 1630.24 1666.22 1727.02 1802.31 1898.52 1861.15 1821.40
1782.01 1757.06 1707.17 1650.58 1575.61 1495.00 1411.47 1610.17 1611.47 1686.67 1366.88 1216.42 1337.05 1370.52 1450.11 1564.09 1545.56 1534.64 1539.58 1542.37 1557.26 1601.79 1547.23 1503.12
1479.56 1396.02 1394.30 1473.57 1402.68 1358.26 1365.79 1392.46 1421.14 1447.99 1244.67 974.47 903.67 1137.59 1299.57 1417.42 1514.33 1605.11 1693.65 1724.09 1746.88 1774.82 1775.73 1782.51
1798.22 1773.38 1755.33 1745.30 1703.41 1659.77 1608.42 1514.68 1438.73 1378.53 1341.95 1332.60 1338.92 1538.29 1659.77 1737.52 1851.89 1950.83 2014.63 2004.72 1986.24 1975.52 1917.07 1852.48
1780.46 1786.03 1790.25 1799.06 1785.66 1772.79 1753.64 1828.61 1890.04 1931.94 1920.70 1909.07 1904.90 1926.82 1964.19 2020.71 2068.59 2118.36 2171.29 2137.32 2082.32 2020.43 2015.07 2009.44
2009.30 2001.80 1995.31 1981.82 1959.75 1938.12 1913.61 2019.16 2096.50 2151.10 2141.14 2106.84 2038.11 2030.87 2034.51 2054.91 2076.62 2102.75 2132.30 2140.05 2050.94 1940.20 1910.77 1878.79
1844.44 1799.42 1755.02 1715.30 1659.19 1601.60 1532.18 1640.61 1752.56 1833.28 1821.79 1810.87 1798.09 1768.08 1795.04 1864.14 1890.37 1921.56 1960.02 1937.02 1910.69 1846.67 1831.14 1818.93
1809.53 1706.70 1578.12 1402.68 1335.93 1427.46 1565.44 1433.64 1396.41 1435.66 1362.15 1322.31 1332.98 1513.98 1667.94 1788.70 1795.57 1802.78 1815.68 1854.10 1866.53 1841.92 1797.41 1757.96
1728.62 1717.43 1710.44 1706.57 1692.82 1683.81 1673.29 1629.38 1633.33 1666.72 1535.84 1362.56 1392.95 1452.96 1514.49 1561.22 1715.90 1854.22 1980.37 1964.45 1952.51 1830.56 1833.11 1839.64
1850.45 1828.50 1803.18 1778.30 1729.89 1714.10 1736.59 1659.71 1603.63 1565.64 1658.33 1712.71 1668.76 1710.25 1801.66 1915.70 1994.30 2071.86 2148.95 2111.52 2030.95 1932.78 1905.30 1877.00
1848.87 1812.18 1777.89 1748.79 1744.62 1742.83 1738.56 1622.76 1608.79 1666.52 1702.72 1793.13 1911.14 1981.78 2038.61 2068.92 2093.13 2116.06 2096.33 2062.56 2013.60 1961.89 1924.31 1876.88
1788.44 1731.16 1704.37 1720.81 1754.52 1791.11 1829.42 1706.56 1607.99 1546.89 1674.18 1774.41 1864.95 1870.21 1888.12 1919.03 1943.32 1935.50 1929.90 1911.61 1866.98 1774.94 1763.80 1756.42
1756.06 1736.27 1718.75 1704.60 1678.73 1651.81 1624.79 1629.04 1641.93 1656.92 1626.33 1604.35 1575.58 1712.83 1843.61 1950.67 1951.28 1956.64 1968.11 1950.58 1918.74 1880.84 1841.79 1803.61
1770.88 1785.91 1809.41 1837.56 1836.50 1842.13 1852.38 1951.84 2038.03 2098.49 2105.83 2083.85 2039.43 2054.78 2077.65 2107.37 2143.00 2181.77 2225.71 2215.64 2157.61 2087.01 2102.56 2118.97
2135.69 2098.56 2054.01 2006.92 1955.03 1898.54 1836.52 1848.95 1761.82 1697.33 1541.09 1424.57 1390.32 1423.44 1467.04 1525.89 1532.45 1537.03 1548.53 1617.04 1785.70 1976.08 1959.54 1893.11
1782.58 1735.12 1682.66 1628.87 1527.10 1405.93 1243.95 1071.44 965.55 1032.87 826.33 1117.84 1289.24 1380.33 1479.70 1579.06 1627.38 1678.04 1731.40 1719.50 1733.23 1783.23 1749.22 1728.81
1725.05 1712.32 1700.70 1690.94 1599.29 1491.25 1359.31 1133.23 924.11 1040.09 1131.30 1298.55 1427.45 1562.13 1681.09 1779.74 1770.96 1764.89 1750.70 1765.04 1766.98 1777.01 1767.98 1761.12
1759.99 1707.86 1654.12 1605.93 1621.26 1643.89 1673.07 1641.65 1612.84 1580.77 1629.63 1628.23 1584.67 1609.17 1682.03 1777.82 1802.48 1829.47 1854.93 1862.15 1858.49 1831.29 1778.82 1722.54
1664.45 1551.28 1437.65 1374.45 1364.31 1407.95 1479.04 1430.18 1383.28 1320.70 1135.45 978.80 1014.71 1262.48 1443.89 1597.77 1635.70 1687.48 1734.26 1701.39 1654.22 1607.34 1476.23 1334.95
1294.23 1384.10 1528.37 1665.15 1710.35 1769.32 1834.81 1797.51 1653.67 1493.37 1547.24 1594.30 1636.30 1692.80 1750.93 1809.50 1805.78 1800.62 1805.33 1874.59 1839.66 1771.84 1753.20 1736.32
1723.31 1576.34 1410.92 1319.69 1542.18 1712.33 1848.96 1835.68 1742.05 1645.15 1743.33 1823.05 1888.14 1897.34 1911.24 1930.11 1943.14 1954.09 1976.00 1974.04 1946.82 1854.95 1800.69 1747.33
1694.77 1753.39 1808.48 1863.82 1856.06 1848.57 1840.43 1817.70 1713.10 1612.93 1641.11 1666.34 1692.33 1786.07 1873.05 1957.09 1916.89 1872.43 1830.60 1841.57 1849.21 1811.58 1751.92 1699.29
1662.37 1738.59 1809.26 1875.44 1830.66 1799.59 1787.91 1801.40 1788.17 1727.63 1795.07 1771.81 1755.85 1835.03 1917.40 2002.23 1996.06 1984.76 1980.26 1906.48 1829.94 1794.22 1679.67 1532.75
1335.53 1320.40 1308.15 1300.33 1033.00 1189.74 1424.17 1376.21 1352.56 1334.53 1278.37 1228.99 1189.71 1115.69 1320.41 1526.20 1588.22 1653.98 1645.87 1694.99 1737.51 1780.65 1777.78 1778.31
1781.97 1758.23 1733.97 1710.79 1752.03 1719.94 1677.62 1686.36 1720.09 1658.62 1610.70 1465.91 1331.65 1433.84 1385.94 1267.46 1242.04 1262.88 1349.14 1473.70 1578.15 1676.06 1724.12 1788.14
1859.88 1804.13 1744.12 1676.72 1678.98 1695.53 1724.80 1773.60 1803.98 1816.92 1716.30 1663.28 1661.01 1735.88 1745.12 1754.28 1744.36 1736.64 1751.51 1865.33 1964.11 1956.88 1876.90 1785.38
1683.89 1603.01 1522.27 1467.97 1273.81 1057.05 1217.15 1015.45 1105.62 1205.67 1497.98 1673.66 1794.62 1813.27 1837.40 1903.99 1864.58 1819.44 1782.70 1873.92 1958.39 1947.28 1905.40 1858.73
1809.08 1726.40 1627.93 1506.81 1401.16 1404.23 1510.42 1435.78 1483.85 1553.23 1681.37 1749.43 1758.21 1791.93 1839.82 1904.84 1920.03 1935.94 1962.04 1991.91 2016.26 1940.68 1848.66 1736.99
1600.68 1650.85 1727.59 1813.66 1828.86 1847.83 1865.52 1819.70 1710.78 1598.65 1666.43 1730.35 1805.92 1883.55 1963.47 2053.42 2031.65 2005.21 1974.57 2006.66 2037.67 1959.45 1934.50 1902.86
1868.49 1867.61 1867.14 1868.49 1802.86 1741.11 1686.82 1678.18 1670.34 1661.30 1705.97 1749.77 1720.02 1755.22 1825.79 1933.00 1936.17 1934.68 1935.02 1934.33 1963.71 1829.90 1778.86 1750.12
1761.89 1770.83 1790.51 1816.06 1811.31 1824.04 1852.12 1821.11 1767.78 1710.71 1806.93 1886.28 1964.58 1977.67 1994.73 2013.11 1992.33 1967.95 1951.09 1876.95 1789.78 1713.70 1617.17 1524.17
1473.58 1454.76 1435.30 1415.74 1406.13 1447.17 1494.55 1281.25 1369.30 1510.59 1573.71 1682.12 1787.59 1840.83 1851.80 1796.46 1833.28 1862.25 1861.11 1776.56 1614.07 1429.25 1355.73 1262.78
1155.79 1110.14 1220.93 1360.13 1376.00 1584.16 1770.76 1758.52 1774.18 1792.96 1797.54 1700.70 1619.33 1733.59 1836.76 1933.69 1915.66 1893.02 1875.73 1896.61 1844.95 1720.54 1645.92 1558.26
1456.88 1417.45 1478.72 1589.77 1529.23 1573.98 1688.16 1626.22 1522.49 1408.06 1576.24 1706.26 1808.23 1850.88 1897.12 1949.00 1926.64 1898.99 1872.22 1898.13 1824.70 1757.63 1671.92 1572.89
1452.01 1363.69 1314.93 1345.58 1501.89 1651.30 1782.70 1809.72 1732.03 1644.73 1774.67 1890.39 1999.74 2020.34 2044.49 2078.85 2053.26 2022.93 1995.91 1957.89 1911.22 1861.65 1856.93 1863.76
1882.26 1877.95 1875.01 1875.26 1893.11 1922.02 1957.74 2040.56 2110.30 2159.94 2160.32 2167.69 2177.90 2200.36 2229.24 2261.65 2223.46 2167.29 2107.27 2031.20 1941.73 1841.99 1930.67 1936.36
1933.09 1969.59 2011.95 2057.71 2071.38 2018.62 1985.98 1990.94 2039.95 2020.54 2028.22 2052.97 2086.58 2065.80 2048.75 2027.03 1994.02 1910.61 1818.83 1844.34 1770.75 1637.71 1714.63 1784.43
1846.46 1915.69 1960.56 1920.40 1833.65 1792.11 1821.31 1874.94 1902.46 1926.78 1926.92 1933.96 1880.12 1923.55 1965.31 2008.92 2012.88 2014.55 2018.36 2036.58 2054.51 2074.32 2080.37 2090.48
2103.94 2088.95 2074.32 2058.58 2059.63 2062.02 2064.27 2116.09 2127.36 2116.07 2171.76 2230.34 2253.39 2255.66 2256.43 2245.67 2226.54 2192.02 2157.48 2169.13 2156.18 2131.30 2116.69 2101.08
2085.00 2085.31 2086.60 2059.15 2020.84 1949.34 1872.53 1922.21 1958.18 1994.44 2043.04 2090.24 2136.22 2138.61 2143.34 2135.86 2126.72 2115.01 2103.87 2048.94 1986.39 1915.18 1929.51 1947.01
1970.64 1932.73 1891.84 1850.68 1805.81 1765.89 1732.46 1840.22 1949.07 2036.59 2065.41 2085.66 2104.32 2122.69 2143.42 2171.99 2126.40 2072.78 2019.34 1968.05 1918.00 1882.54 1876.92 1871.67
1864.50 1861.94 1861.62 1862.58 1813.47 1781.17 1771.16 1695.47 1633.70 1585.79 1696.24 1712.10 1739.89 1801.32 1875.79 1959.33 1989.20 1952.36 1911.21 1876.06 1835.69 1798.67 1734.07 1663.37
1589.35 1642.77 1694.96 1746.07 1714.14 1692.78 1686.43 1576.11 1453.47 1317.76 1517.57 1663.77 1776.85 1874.16 1892.87 1947.02 1951.60 1954.64 1959.54 1926.38 1857.38 1776.59 1743.92 1708.19
1673.00 1717.52 1762.19 1804.46 1817.40 1854.29 1907.39 1868.91 1838.38 1813.06 1848.04 1876.26 1903.32 1907.90 1890.95 1893.62 1906.41 1915.73 1928.80 1981.27 1945.41 1892.82 1873.69 1854.92
1836.98 1765.54 1681.98 1586.16 1623.03 1720.83 1833.61 1733.65 1622.52 1495.68 1425.39 1159.60 978.76 1245.99 1427.99 1573.77 1662.58 1747.10 1834.55 1872.94 1903.09 1919.07 1914.74 1910.31
1906.15 1907.65 1914.67 1928.36 1873.80 1830.73 1813.40 1869.77 1911.47 1939.18 1963.75 1992.35 1977.34 2013.07 2063.62 2126.47 2185.80 2196.10 2161.95 2138.70 2111.28 2083.56 2086.45 2090.80
2093.86 2063.11 2031.86 1999.94 1943.23 1898.71 1868.93 1961.35 2024.67 2067.04 2069.83 2053.31 2022.90 2100.52 2161.70 2194.16 2163.18 2124.52 2081.83 2105.93 2128.69 2152.45 2163.03 2175.06
2181.03 2140.56 2090.56 2038.11 1993.00 1944.78 1894.25 1926.41 1953.15 1971.11 2029.58 2064.63 2056.15 2097.88 2150.85 2213.17 2219.60 2168.12 2107.45 2086.13 2066.59 2055.34 2063.80 2069.74
2076.15 2064.01 2052.30 2037.75 2026.67 2015.49 2000.90 2077.11 2133.01 2172.78 2137.44 2115.14 2107.17 2099.07 2075.34 2055.40 2025.52 1988.83 1944.44 1892.74 1836.07 1797.31 1793.16 1801.01
1824.80 1795.91 1797.86 1833.66 1838.86 1844.16 1848.31 1893.04 1920.52 1931.96 1974.49 2018.33 2059.50 2085.29 2113.64 2144.79 2123.41 2094.82 2063.32 2021.99 1971.80 1915.19 1916.48 1914.00
1912.57 1815.38 1714.14 1615.58 1485.43 1525.43 1678.33 1690.48 1691.95 1683.38 1663.38 1706.93 1770.40 1881.72 1987.27 2052.17 2033.82 1990.40 1921.63 1894.55 1863.74 1829.05 1737.57 1628.81
1491.72 1475.36 1458.17 1442.14 1449.70 1537.08 1646.18 1420.73 1153.79 1287.63 1209.81 1255.92 1352.80 1587.23 1772.00 1900.69 1863.40 1820.05 1773.73 1738.48 1715.16 1711.88 1606.58 1507.53
1461.16 1453.02 1445.05 1435.99 1227.83 1062.35 1295.09 1182.72 1389.73 1541.95 1561.69 1633.60 1708.61 1732.55 1775.50 1832.80 1810.12 1807.72 1799.12 1795.81 1775.07 1784.87 1761.65 1758.34
1780.98 1770.96 1753.06 1735.65 1589.41 1391.36 1072.89 1159.82 1299.92 1391.17 917.27 1262.84 1402.09 1430.74 1486.73 1558.04 1635.74 1711.54 1787.90 1830.97 1838.08 1837.71 1809.15 1780.13
1747.79 1715.82 1682.11 1652.95 1518.67 1393.93 1384.63 1389.70 1384.36 1370.25 1617.37 1765.42 1792.79 1747.11 1715.57 1708.57 1743.40 1781.66 1825.17 1902.22 1878.79 1830.83 1834.51 1838.36
1843.94 1754.34 1650.44 1529.23 1253.95 1365.04 1629.67 1714.10 1787.51 1847.64 1912.17 1985.33 2060.78 2054.56 2053.44 2059.96 2007.31 1947.44 1880.51 1937.48 1996.25 2058.18 2134.69 2208.13
2280.47 2256.55 2212.60 2165.86 2134.12 2101.85 2066.77 2122.67 2164.68 2146.93 2010.78 1878.85 1742.89 1714.03 1702.92 1708.18 1771.31 1840.05 1914.16 1919.40 1926.51 1933.94 1944.81 1956.29
1968.89 1959.72 1953.41 1949.93 1946.60 1943.64 1939.38 1939.84 1931.15 1914.52 1828.62 1901.61 2028.28 2094.48 2158.49 2223.02 2186.59 2143.61 2091.51 2093.69 2096.92 2106.82 2109.34 2112.56
2105.47 2120.24 2138.24 2159.86 2088.05 2009.65 1924.07 2013.66 2079.93 2126.13 2150.89 2177.28 2205.43 2228.18 2255.89 2283.12 2267.35 2248.80 2225.20 2211.26 2193.19 2174.45 2169.60 2160.07
2145.33 2079.03 1887.70 1721.69 1554.87 1772.64 1721.87 1492.52 1732.58 2002.64 2218.97 2430.56 2588.44 2620.47 2658.11 2707.48 2662.36 2613.62 2558.36 2526.57 2492.32 2458.05 2463.35 2470.13
2479.39 2450.65 2423.95 2397.78 2419.11 2447.18 2483.26 2487.97 2494.35 2501.97 2356.15 2186.32 2003.90 1837.15 1635.58 1375.98 1540.13 1719.83 1873.88 1823.28 1767.60 1710.98 1736.25 1749.16
1766.02 1562.58 1346.68 1459.09 1480.04 1600.29 1595.48 1447.60 1509.82 1670.36 1752.04 1840.42 1914.24 1896.68 1894.21 1899.14 1877.95 1839.05 1860.93 1842.43 1832.74 1829.47 1804.05 1781.52
1762.47 1752.76 1744.72 1735.10 1672.02 1637.87 1644.37 1682.71 1718.33 1749.81 1581.63 1356.81 1000.80 1023.24 1201.34 1345.59 1316.42 1764.21 2035.02 2036.51 2044.51 2063.16 2028.77 2004.25
1992.90 1946.68 1927.09 1933.16 1886.32 1834.99 1783.06 1897.91 1975.10 2033.18 2003.34 1987.96 1982.98 2000.89 1991.81 1970.15 1891.57 1801.38 1706.79 1727.01 1768.23 1828.19 1729.24 1614.30
1469.46 1324.39 1763.21 1685.83 1451.03 1462.99 1701.58 1913.61 2139.80 2334.08 2323.16 2291.87 2181.13 2242.52 2304.07 2362.15 2278.65 2178.23 2053.90 2061.78 2070.13 2082.12 2050.70 2019.73
1989.90 1992.57 1994.72 1996.02 2016.07 2004.43 1978.67 1974.28 1915.93 1889.11 1920.83 1952.78 1979.93 1922.14 1868.98 1817.26 1871.82 1899.27 1925.50 1897.36 1907.95 1960.44 1964.10 1969.50
1978.36 1928.42 1879.35 1827.76 1865.33 1906.33 1947.34 1952.15 1894.51 1795.63 1742.75 1740.62 1742.16 1702.77 1683.18 1686.40 1656.02 1613.08 1558.81 1609.68 1659.27 1710.38 1729.49 1758.34
1794.75 1805.78 1819.12 1830.53 1785.88 1735.32 1686.56 1657.47 1638.52 1625.21 1705.52 1795.73 1871.07 1913.32 1956.94 2003.45 1998.45 1973.41 1938.74 1873.22 1805.64 1743.73 1734.48 1738.26
1754.89 1797.03 1835.89 1873.57 1746.42 1613.21 1516.28 1482.92 1582.68 1694.97 1842.41 2020.58 2123.98 2200.41 2256.13 2308.23 2336.87 2368.77 2377.39 2384.47 2391.47 2398.79 2379.91 2361.21
2341.85 2393.24 2440.34 2483.25 2262.82 1979.79 1608.56 1315.45 989.82 1378.66 1528.53 1655.94 1762.82 1692.98 1769.30 1921.74 1851.82 1875.09 2006.81 2052.30 2107.09 2136.06 2144.09 2152.54
2165.07 2104.04 2033.73 1953.76 1894.82 1831.70 1764.59 1870.62 1942.80 1993.85 2011.64 2032.11 2041.90 2024.77 2013.64 2006.97 1941.15 1912.29 1965.81 1948.42 2001.05 1958.51 1960.97 1979.74
2010.01 2078.50 2143.25 2206.55 2193.06 2179.05 2164.26 2169.33 2168.96 2160.72 2170.14 2215.71 2271.98 2314.96 2362.39 2409.73 2373.72 2326.84 2268.64 2235.78 2201.49 2167.11 2116.52 2069.08
2026.80 2022.92 2019.33 2016.76 2080.09 2141.57 2199.04 2236.35 2260.15 2275.09 2258.89 2271.18 2296.39 2270.95 2236.46 2205.43 2205.56 2194.89 2177.85 2029.88 1909.48 1909.70 1845.03 1783.53
1733.16 1721.38 1552.28 1576.60 1416.78 1523.15 1836.19 1934.71 2043.44 2151.08 2174.11 2198.60 2213.88 2199.00 2218.38 2252.11 2296.92 2342.22 2382.95 2482.92 2577.91 2669.05 2674.34 2660.77
2647.29 2614.49 2540.90 2493.69 2475.41 2466.01 2467.08 2485.41 2484.56 2484.40 2393.78 2310.32 2228.00 2224.29 2224.12 2212.66 2121.96 2013.98 1879.69 1619.34 1435.24 1490.16 1319.64 1199.56
1345.76 1220.78 1180.13 1307.56 1632.63 1909.42 2117.07 2051.42 1992.46 1944.34 1885.39 1880.31 1910.10 1990.77 2054.56 2060.56 2085.31 2065.39 2008.47 1970.93 1930.15 1892.85 1867.36 1846.35
1827.86 1830.24 1833.76 1841.50 1881.01 1931.29 1989.59 2013.05 2022.48 2044.92 2071.34 2100.47 2125.43 2152.34 2183.12 2216.55 2155.72 2084.30 1993.65 2005.41 2040.57 2096.87 2077.88 2022.79
1940.00 1963.79 1914.48 1849.12 1825.36 1838.31 1886.05 1959.67 2013.90 2044.47 2060.66 2103.83 2200.00 2155.00 2112.97 2069.43 1999.87 1899.29 1842.04 1925.53 1972.22 1972.88 1924.65 1874.09
1825.18 1578.50 1157.56 1380.28 1784.45 1553.91 1203.20 1231.12 1266.20 1306.98 1301.61 1496.83 1672.30 1859.86 2017.18 2161.09 2326.72 2486.09 2605.20 2708.11 2795.63 2878.33 2923.15 2966.28
3010.87 2989.36 2966.88 2942.40 2887.59 2830.66 2771.87 2798.39 2819.66 2841.81 2758.13 2678.69 2597.95 2599.79 2559.21 2509.50 2450.85 2378.26 2284.63 2234.87 2175.14 2108.58 2146.75 2113.20
1985.21 1985.60 1807.23 1422.65 1547.83 1956.50 2071.80 2100.94 2121.06 2079.49 2045.12 1989.06 1980.78 1941.96 1907.56 1877.33 1902.64 1932.29 1953.65 1959.51 2001.74 1925.91 1690.65 1646.72
1885.49 1865.91 1849.69 1841.18 1972.10 2062.25 2086.04 2119.64 2139.87 2150.48 2209.48 2242.83 2289.69 2282.01 2259.05 2227.95 2184.05 2131.47 2064.12 2047.26 2002.43 1872.93 1909.16 1943.43
1978.19 1850.12 1688.60 1467.35 1508.90 1660.60 1811.85 1902.39 1960.78 1978.49 1985.80 2026.30 2079.86 2085.37 2117.21 2168.16 2171.23 2174.08 2167.31 2100.09 2024.83 1939.27 1912.55 1892.49
1879.14 1906.07 1931.22 1958.12 1969.92 2001.12 2043.90 2071.06 2110.46 2150.50 2126.95 2133.13 2165.48 2188.01 2214.32 2238.95 2217.85 2182.28 2080.27 2063.31 2050.47 2023.14 1981.92 1940.10
1897.08 1861.80 1833.16 1815.19 1855.96 1903.10 1940.55 1758.43 1530.69 1256.73 1439.13 1562.26 1652.92 1698.20 1760.32 1830.65 1887.16 1946.93 1970.72 1956.15 1942.58 1928.58 1911.96 1905.49
1913.47 1910.88 1915.22 1928.81 1950.49 1976.83 2004.68 2048.20 2081.52 2109.49 2062.62 2054.96 2077.10 2106.35 2136.70 2167.56 2120.19 2069.70 2016.94 2011.22 2006.76 2003.94 1999.24 1992.11
1981.75 1972.29 1962.97 1954.65 1922.38 1897.53 1882.69 1723.15 1538.24 1372.41 1209.79 1359.37 1554.26 1503.25 1553.49 1666.76 1820.49 1953.16 2069.11 2194.72 2316.33 2433.26 2466.44 2499.82
2534.93 2583.94 2633.26 2621.15 2616.78 2612.13 2607.87 2650.02 2688.95 2729.15 2658.10 2583.73 2487.56 2449.86 2414.57 2379.37 2322.46 2243.32 2142.72 2149.37 2140.75 2102.64 2136.64 2172.45
2180.72 2142.31 2122.15 2126.54 2023.75 1906.65 1768.70 1393.54 1372.21 1682.81 1717.86 1749.82 1775.71 1713.10 1554.09 1427.77 1523.43 1621.04 1707.51 1633.48 1571.79 1545.93 1399.90 1220.19
1205.24 1238.90 1361.41 1488.11 1439.36 1637.40 1829.80 1783.06 1730.32 1676.49 1738.50 1852.02 1956.80 2025.26 2091.55 2156.31 2152.94 2141.17 2115.46 2107.29 2097.13 2083.83 2049.72 2016.90
1986.43 1958.67 1929.84 1899.75 1891.86 1889.02 1888.35 1950.92 2000.65 2043.49 2069.71 2110.69 2154.77 1985.96 2072.80 2082.01 1949.01 1847.59 1867.47 2276.20 2740.03 3080.94 3100.96 3120.49
3140.66 3124.51 3108.11 3091.01 3075.81 3060.74 3046.59 3043.43 3034.75 3025.77 2954.26 2886.17 2822.35 2774.10 2730.10 2687.20 2582.59 2460.96 2308.15 2309.76 2311.68 2316.51 2291.87 2273.44
2260.51 2199.30 2193.56 2246.99 2221.76 2221.14 2234.42 2191.12 2134.39 2081.37 2050.95 1891.21 1735.80 1547.94 1368.68 1430.96 1209.73 1678.34 1946.81 1860.87 1845.23 1913.87 1986.80 2012.94
2035.44 1966.31 1914.34 1894.52 1811.68 1714.89 1603.64 1512.07 1676.17 1865.68 1944.64 2013.72 2077.95 2047.06 2017.60 1990.68 2018.39 2046.27 2076.06 2085.21 2102.07 2127.17 2158.72 2189.13
2221.72 2226.01 2232.57 2239.98 2200.57 2159.96 2116.18 2115.79 2121.16 2132.93 2153.68 2174.93 2195.43 2195.93 2201.16 2210.09 2173.98 2124.45 2057.25 2028.44 2001.22 1888.31 1916.45 1946.54
1979.31 2043.75 2104.78 2134.77 2113.49 2089.44 2066.35 2059.96 2036.21 1956.38 1715.71 1427.52 1309.83 1340.87 1490.24 1521.31 1468.63 1426.77 1395.08 1441.04 1489.43 1536.34 1601.72 1695.13
1795.38 1739.25 1727.51 1777.76 1845.15 1833.38 1819.83 1837.16 1856.06 1733.54 1230.17 1391.42 1718.68 1677.71 1646.68 1627.15 1730.78 1829.99 1914.39 1866.67 1837.40 1834.95 1747.00 1663.53
1604.82 1612.29 1620.71 1627.54 1530.47 1412.91 1267.99 1539.55 1686.90 1588.47 1683.63 1776.09 1857.57 1843.93 1802.94 1766.09 1683.29 1601.78 1433.21 1580.53 1763.04 1951.39 1932.97 1917.14
1906.04 1875.21 1868.92 1889.43 1784.94 1728.69 1764.99 1707.03 1646.89 1593.47 1352.03 1310.15 1430.62 1646.22 1837.34 1996.65 2040.31 2080.14 2107.04 2076.27 2069.68 2092.89 2073.51 2054.97
2039.41 2048.93 2058.66 2068.30 2070.10 2074.25 2079.50 2121.43 2156.34 2184.65 2245.45 2326.87 2407.68 2416.55 2430.53 2443.35 2400.46 2352.37 2290.37 2300.65 2316.04 2336.11 2324.50 2315.00
2307.49 2280.09 2252.79 2226.00 2242.78 2259.86 2278.03 2263.11 2242.43 2219.34 2293.50 2350.25 2322.79 2319.14 2316.06 2318.15 2301.04 2282.61 2228.72 2236.44 2245.55 2254.47 2229.66 2212.92
2181.46 2111.09 1998.24 1863.78 1954.09 2037.42 2112.73 1957.60 1828.24 1831.86 1892.95 1931.74 1982.80 1927.02 1869.67 1813.26 1681.96 1500.69 1206.35 1743.07 2132.51 2315.09 2260.10 2199.94
2132.24 2093.41 2054.70 2019.23 1959.97 1970.13 1978.78 2024.57 2079.76 2139.97 2214.88 2281.28 2339.62 2273.50 2211.83 2153.82 2061.78 1948.28 1791.79 1859.81 1924.73 1989.13 2006.89 2012.01
1897.94 1765.06 1660.46 1671.57 1769.16 1862.51 1950.79 1885.38 1769.40 1645.36 1317.41 1233.34 1500.19 1762.03 1953.71 2106.48 2096.41 2085.49 2061.94 2049.80 2039.48 2033.19 2009.20 1986.06
1966.51 1945.87 1934.51 1931.54 1992.99 2057.73 2124.01 2159.47 2176.12 2183.62 2250.99 2316.99 2375.94 2389.98 2409.50 2433.86 2415.92 2389.98 2309.61 2356.00 2372.60 2397.04 2363.79 2329.56
2295.02 2290.60 2286.67 2282.85 2286.22 2293.72 2302.53 2361.80 2410.16 2452.97 2464.42 2471.51 2458.07 2480.09 2505.26 2529.33 2484.34 2418.62 2328.84 2322.78 2317.46 2313.19 2195.60 2096.32
2054.47 1934.23 1816.21 1821.30 1866.64 2195.10 2385.32 2429.63 2465.11 2500.05 2471.44 2448.70 2436.70 2416.86 2402.25 2394.72 2399.41 2405.84 2408.43 2388.60 2367.83 2347.06 2363.38 2387.44
2418.93 2428.59 2411.90 2397.77 2354.80 2326.35 2316.24 2354.55 2382.83 2403.07 2388.04 2321.05 2249.74 2192.50 2142.29 2099.36 2115.81 2112.27 2015.16 2056.72 2100.83 2149.33 2074.21 1993.22
1902.81 1909.78 1922.35 1940.16 1935.79 1949.01 1980.36 2053.20 2109.19 2152.78 2127.61 2113.91 2088.67 2129.31 2138.43 2149.23 2164.83 2183.65 2199.19 2228.81 2254.42 2279.85 2314.39 2353.80
2398.64 2415.29 2432.42 2450.74 2423.43 2397.32 2373.88 2391.83 2403.21 2412.54 2427.32 2412.90 2398.56 2338.41 2289.76 2256.98 2188.76 2107.50 2001.38 2041.53 2094.86 2101.14 1980.30 1835.52
1672.27 1637.49 1858.69 2097.38 2180.74 2262.86 2343.79 2329.45 2309.96 2294.52 2300.70 2308.33 2318.77 2314.97 2325.47 2349.42 2330.17 2306.81 2265.91 2270.52 2275.80 2280.83 2311.13 2348.92
2367.93 2331.36 2292.60 2254.45 2283.97 2311.76 2332.30 2368.81 2388.79 2402.73 2442.95 2431.12 2420.71 2346.92 2276.52 2208.72 2159.94 2044.42 1882.81 1780.69 1645.44 1501.51 1563.60 1622.94
1684.21 1819.84 1957.88 2084.28 2104.90 2125.69 2147.06 2084.46 2012.89 1938.06 1718.69 1804.22 1990.44 2028.30 2071.05 2117.20 2094.20 2075.99 2053.42 1951.30 1859.08 1809.13 1648.03 1427.63
1166.44 1175.30 1338.59 1464.68 1652.97 1814.25 1951.26 1925.98 1818.17 1688.71 1658.69 1662.61 1691.33 1571.34 1428.77 1261.39 1373.28 1561.20 1721.91 1636.10 1538.08 1442.34 1641.67 1798.43
1934.01 1801.99 1641.59 1437.82 1685.21 1887.92 2055.64 2051.84 2036.99 1926.06 2023.76 2076.79 2141.68 2203.31 2273.35 2343.88 2318.69 2291.82 2252.92 2255.55 2260.97 2268.31 2237.73 2207.35
2179.82 2132.92 2084.26 2035.84 2078.63 2134.49 2196.96 2194.33 2195.17 2202.63 2105.02 2125.22 2231.11 2214.74 2222.12 2251.72 2223.15 2186.80 2120.35 2172.38 2224.03 2272.99 2306.15 2286.49
2209.79 2162.45 2113.35 2065.29 2069.26 2072.88 2081.16 2070.41 2052.52 2035.14 1956.08 1877.63 1800.71 1685.47 1602.16 1588.26 1662.81 1753.00 1744.39 1733.59 1724.31 1717.75 1731.22 1743.23
1758.98 1804.56 1848.10 1891.07 1930.55 1973.18 2014.32 2052.65 2075.81 2088.32 2029.62 2070.49 2155.96 2225.78 2298.00 2369.85 2309.72 2236.40 2138.41 2159.80 2182.20 2205.18 2144.75 2078.71
2004.94 2036.83 2067.59 2096.98 2138.19 2177.66 2215.31 2204.91 2185.98 2159.90 2203.02 2236.52 2261.61 2058.77 1907.25 1938.42 1925.88 1982.61 2092.06 2172.60 2174.01 2176.23 1968.64 1678.00
1224.18 1792.11 2191.19 2487.74 2586.66 2690.06 2795.23 2818.75 2816.07 2788.83 2745.60 2707.44 2675.76 2683.44 2695.44 2710.32 2648.54 2582.25 2509.36 2478.59 2445.48 2414.05 2340.98 2259.15
2175.99 2191.45 2209.78 2231.36 2241.22 2253.31 2267.21 2298.23 2334.41 2374.37 2306.17 2248.64 2203.37 2151.72 2104.88 2062.25 2129.61 2208.68 2228.42 2206.95 2184.61 2147.82 2182.23 2208.16
2239.87 2205.46 2173.78 2145.20 2142.99 2150.22 2167.97 2150.10 2110.74 2032.11 1915.15 1781.14 1630.85 1591.68 1700.44 1847.57 1839.63 1831.88 1816.08 1744.48 1708.97 1728.26 1724.49 1723.28
1722.55 1615.67 1485.76 1315.72 1272.42 1289.54 1358.05 1216.42 1115.61 1125.42 1686.53 1963.81 2147.24 2183.56 2228.60 2279.84 2191.65 2072.74 1977.52 1982.52 2010.17 2013.43 1990.62 1967.91
1943.91 1936.82 1882.79 1825.33 1867.72 1907.37 1884.61 1696.40 1500.28 1477.31 1330.60 1325.20 1418.88 1595.03 1743.22 1868.72 1899.92 2003.89 2139.47 2145.40 2133.94 2121.41 2108.55 2104.19
2109.50 2101.53 2094.61 2088.83 2125.75 2167.31 2212.32 2246.05 2275.10 2297.44 2361.76 2415.58 2393.49 2388.98 2394.25 2387.71 2332.60 2246.38 2126.12 2124.66 2128.74 2139.66 2105.08 2070.86
2036.79 2038.04 2040.68 2045.53 2024.53 2003.65 1981.65 1694.94 1237.20 1480.86 1843.05 2068.31 2139.49 1932.19 1663.76 1440.01 1993.42 2464.67 2658.69 2693.74 2728.10 2766.34 2813.06 2859.82
2907.41 2899.32 2889.73 2880.51 2867.75 2860.94 2860.38 2877.22 2861.16 2830.49 2799.22 2771.66 2746.04 2723.31 2708.20 2698.40 2640.95 2492.68 2299.48 2287.39 2287.86 2305.48 2294.07 2290.16
2298.06 2300.60 2270.77 2238.75 2195.14 2073.80 2037.51 1994.29 1944.97 1892.60 1787.29 1623.86 1436.36 1642.22 1808.30 1945.53 1911.48 1932.91 1869.01 1759.05 1666.41 1641.40 1589.81 1647.77
1774.83 1799.45 1773.22 1748.91 1735.30 1752.50 1795.10 1871.13 1926.53 1840.91 1914.29 1919.35 1951.44 1877.61 1875.13 1943.67 1968.33 2048.34 2155.80 2134.91 2115.38 2095.08 2131.65 2171.75
2214.46 2199.85 2188.29 2173.63 2169.30 2150.22 2139.70 2154.19 2169.15 2182.28 2184.59 2142.80 2051.30 2019.21 1938.35 1793.39 1934.23 1985.19 1978.56 2012.33 1814.64 1528.07 1720.51 1876.97
2009.21 1936.40 1857.69 1771.44 1627.73 1534.66 1606.45 1509.79 1387.19 1252.90 1473.37 1767.10 1958.41 1981.77 2012.53 2042.86 2032.05 1993.68 1930.78 1966.25 1959.85 1975.76 2021.82 2042.28
2047.03 2024.99 2036.47 2081.58 2123.14 2101.76 2074.24 2080.24 2101.95 2132.07 2130.62 2131.77 2133.51 2111.59 2099.58 2094.24 2137.88 2184.91 2124.38 2104.87 2117.66 2123.69 2171.98 2196.01
2213.02 2230.28 2247.12 2264.52 2209.58 2157.62 2109.03 2051.69 1927.16 1796.73 1884.18 1953.74 2006.52 2010.05 2028.95 2057.40 1863.23 1688.05 1774.37 1757.54 1763.83 1752.64 1752.81 1775.95
1818.98 1790.15 1579.01 1364.00 1343.33 1560.32 1747.75 1641.89 1524.57 1415.21 1535.06 1518.93 1552.92 1452.74 1349.72 1228.49 1205.72 1377.98 1556.94 1727.74 1877.91 2011.34 1944.05 1867.41
1789.99 1805.68 1881.51 1986.14 1888.52 1779.52 1653.53 1619.92 1638.41 1688.01 1891.15 2032.48 2138.13 2127.26 2131.15 2094.49 2098.75 2047.54 1977.73 1950.46 1930.43 1921.74 1838.80 1753.76
1672.31 1703.35 1752.61 1809.35 1836.10 1866.38 1899.34 1856.26 1802.59 1735.28 1722.48 1766.03 1828.07 1831.41 1883.92 1792.71 1775.41 1764.25 1751.12 1796.43 1889.95 1895.54 1866.71 1844.41
1829.23 1838.09 1881.25 1947.64 1924.64 1907.01 1897.83 1875.53 1848.84 1806.16 1780.31 1779.83 1794.49 1889.01 1979.54 2066.74 2079.22 2106.46 2141.73 2176.61 2203.65 2233.04 2173.55 2111.39
2042.89 2108.41 2169.51 2227.21 2189.92 2150.02 2107.67 2199.92 2265.56 2318.28 2341.66 2370.53 2402.44 2399.09 2398.52 2392.78 2397.04 2399.80 2392.34 2337.32 2278.29 2215.55 2132.91 2034.27
1920.31 1792.03 1671.34 1677.55 1476.26 1224.02 1323.32 1597.30 1796.55 1876.57 1623.19 1547.06 1749.54 2029.63 2272.76 2208.89 2248.29 2289.82 2294.47 2260.64 2221.94 2179.34 2133.96 2109.58
2094.00 2063.25 2004.83 1946.70 1848.08 1732.01 1601.44 1683.79 1780.70 1865.59 1995.01 2114.47 2216.58 2177.05 2144.39 2115.68 2112.40 2122.15 2137.80 2097.23 2059.16 2026.74 2002.85 1980.18
1954.80 2015.27 2076.48 2140.22 2077.64 2010.64 1936.14 1948.66 1952.16 1877.35 1944.42 1941.01 1937.32 1842.82 1745.05 1633.60 1529.28 1566.90 1721.71 1607.71 1559.78 1498.38 1223.40 1482.69
