1172.62 1426.94 1658.69 1831.10 2003.58 2153.68 2289.35 2355.81 2418.81 2470.19 2554.51 2627.85 2693.75 2660.20 2630.00 2602.14 2601.25 2600.83 2588.04 2581.43 2576.46 2568.68 2579.95 2591.89
2603.06 2578.67 2553.39 2528.54 2532.85 2542.04 2554.74 2533.76 2511.93 2488.05 2409.65 2325.67 2239.84 2261.40 2288.02 2318.13 2354.29 2390.06 2425.14 2370.10 2313.93 2255.66 2238.77 2232.57
2239.39 2170.14 2101.07 2019.86 1744.91 1567.55 1829.06 1832.32 1832.87 1831.04 2122.59 2322.46 2474.12 2422.36 2375.35 2335.16 2292.93 2248.03 2192.63 2185.02 2166.88 2148.28 2047.25 1951.10
1879.51 2049.27 2207.89 2350.11 2348.77 2353.19 2362.73 2330.33 2314.18 2307.46 2219.16 2127.54 2034.21 1958.83 1896.93 1858.03 1973.40 2096.01 2219.98 2221.37 2221.70 2225.92 2214.67 2206.35
2205.34 2223.92 2243.26 2262.52 2241.24 2220.21 2197.12 2171.54 2142.28 2105.72 2069.12 2047.68 2040.55 2061.27 2088.14 2121.01 2142.82 2170.08 2201.16 2213.36 2228.24 2246.85 2252.66 2259.15
2264.81 2238.33 2226.80 2232.59 2218.55 2211.88 2212.19 2213.74 2210.28 2197.02 2229.49 2253.37 2269.70 2309.24 2347.58 2386.98 2300.52 2204.22 2097.26 2178.14 2257.27 2332.13 2319.73 2308.38
2297.05 2227.15 2162.54 2110.48 2087.94 2065.05 2043.49 2040.03 2031.08 2013.50 1997.24 1988.04 1984.86 1943.07 1905.73 1873.99 1930.60 1988.43 2045.18 2046.68 2068.29 2107.55 2100.09 2095.31
2093.68 2060.67 2028.26 1994.45 2017.67 2046.13 2076.62 1941.18 1877.57 1919.37 1787.16 1660.36 1560.74 1036.68 1502.54 1815.99 1932.67 2043.08 2148.53 2244.07 2340.20 2435.77 2457.18 2479.24
2500.91 2531.95 2562.74 2592.62 2635.98 2677.62 2718.18 2723.00 2725.34 2724.34 2701.92 2681.96 2669.12 2636.53 2605.75 2574.34 2520.80 2463.22 2398.25 2330.88 2256.97 2175.13 2123.09 2068.24
2011.69 2002.48 1994.93 1988.41 1959.61 1929.00 1896.83 1947.91 1999.17 2046.81 2010.30 1976.87 1948.76 1998.76 2051.10 2102.75 2113.75 2124.85 2137.84 2102.35 2077.62 2066.82 2031.71 1984.80
1934.78 1951.86 1968.25 1986.79 2023.60 2059.32 2091.75 2139.36 2177.25 2213.53 2246.64 2284.96 2330.19 2281.66 2233.41 2183.72 2196.02 2208.87 2221.59 2109.92 2067.12 2130.05 2068.85 2001.73
1936.97 1930.26 1953.02 1998.49 2045.02 2106.80 2175.35 2136.91 2121.82 2124.98 2194.06 2316.11 2444.90 2377.43 2327.59 2303.06 2260.85 2212.32 2154.85 2123.38 2153.43 2238.35 2248.03 2256.36
2266.78 2274.20 2281.56 2292.42 2392.97 2486.03 2573.13 2553.48 2530.74 2500.51 2465.06 2428.25 2392.06 2368.27 2350.71 2339.18 2318.55 2298.89 2276.60 2287.78 2299.68 2307.99 2332.41 2356.75
2380.76 2369.71 2355.67 2341.78 2343.64 2349.06 2358.46 2350.58 2339.51 2324.13 2237.76 2147.57 2053.45 1950.20 1843.92 1740.22 1847.83 1945.83 2033.38 1856.93 1619.85 1231.72 1186.00 1187.90
1190.31 1348.69 1623.25 1805.17 1826.40 1854.00 1898.18 1785.92 1693.46 1637.72 1571.41 1606.78 1698.41 1813.47 1913.18 2003.99 1952.05 1896.41 1836.72 1852.94 1877.76 1908.14 1906.00 1905.29
1906.12 1847.45 1784.30 1715.31 1744.07 1849.85 1958.41 1823.42 1643.18 1441.83 1704.71 1929.69 2094.87 1989.50 1922.36 1906.31 1920.95 1969.02 2039.47 2060.68 2080.82 2101.07 2050.25 2046.73
2095.60 2088.11 2115.91 2172.38 2171.08 2176.38 2185.41 2245.79 2295.37 2330.71 2340.18 2339.87 2340.96 2266.21 2194.90 2126.14 1994.66 1844.15 1711.96 1737.03 1768.62 1805.18 1930.77 2046.42
2151.11 2150.10 2150.01 2150.09 2154.39 2160.97 2167.23 2238.59 2297.72 2345.08 2345.75 2343.77 2333.34 2378.36 2438.91 2504.56 2492.98 2483.19 2474.97 2442.41 2414.53 2393.11 2356.79 2322.69
2295.05 2334.29 2405.29 2496.91 2521.86 2651.72 2832.58 2849.61 2884.26 2931.72 2904.43 2881.43 2862.36 2813.80 2767.60 2723.33 2670.78 2614.60 2555.63 2475.86 2389.31 2296.71 2296.85 2295.95
2297.34 2305.44 2324.93 2356.79 2336.06 2319.23 2304.28 2313.33 2318.32 2314.44 2198.64 2076.28 1959.57 2033.24 2135.17 2241.20 2141.20 2048.45 1995.36 2047.21 2155.46 2288.30 2291.05 2299.25
2310.38 2303.20 2297.85 2294.73 2297.16 2300.23 2304.67 2270.38 2236.42 2195.49 2284.76 2360.19 2422.73 2439.03 2462.70 2493.91 2463.30 2429.75 2393.73 2448.46 2501.92 2551.11 2569.46 2592.05
2617.23 2601.64 2587.51 2573.38 2554.46 2535.26 2516.67 2512.31 2504.53 2489.43 2555.19 2612.23 2665.52 2592.46 2518.80 2443.54 2316.49 2164.86 1978.95 1815.00 1659.39 1645.35 2130.05 2549.22
2870.36 2913.92 2956.86 3000.75 2926.23 2847.90 2769.76 2744.42 2716.95 2683.78 2689.41 2693.71 2696.57 2581.33 2470.45 2369.71 2294.58 2217.52 2144.50 2023.02 1882.38 1724.22 1645.94 1764.29
1943.77 1999.96 2059.25 2122.85 2147.58 2172.38 2196.65 2101.09 2000.53 1891.00 1940.76 1980.82 2013.44 2098.18 2174.81 2245.77 2204.31 2179.35 2182.36 2199.22 2224.15 2256.96 2243.29 2230.66
2231.42 2239.41 2249.67 2255.49 2242.09 2233.52 2227.50 2154.26 2074.36 1989.07 1973.05 2091.94 2240.49 2219.00 2200.74 2188.11 2189.65 2198.95 2212.42 2278.01 2341.88 2400.34 2288.87 2158.53
2004.12 2003.23 2001.76 2001.16 1948.63 1899.03 1856.18 1811.23 1847.29 1940.17 1807.82 1717.35 1714.75 1815.35 1905.93 1987.10 2042.82 2101.06 2164.81 2140.21 2116.42 2097.09 2055.56 2053.00
2091.32 1977.25 1862.79 1778.38 1592.63 1440.15 1543.45 1297.22 1453.91 1792.18 1693.67 1775.64 1914.38 1922.02 1934.06 1949.68 1941.13 1931.48 1923.26 1616.12 1452.46 1806.93 1941.04 2059.05
2166.05 2207.29 2247.92 2288.02 2278.07 2275.35 2281.25 2308.95 2331.26 2344.37 2384.75 2411.89 2432.37 2335.17 2243.28 2152.42 1912.30 1827.34 2081.36 2362.74 2610.00 2826.90 2899.83 2973.98
3049.78 3022.42 2992.75 2962.39 2936.60 2911.10 2887.06 2830.03 2765.95 2693.44 2630.03 2565.95 2504.16 2443.25 2390.54 2348.60 2310.95 2274.05 2240.42 2199.45 2156.18 2110.06 2106.18 2105.80
2106.63 2147.53 2187.36 2225.14 2188.19 2149.54 2106.36 2185.62 2253.04 2305.07 2268.07 2248.01 2252.80 2246.29 2257.84 2274.58 2266.40 2260.73 2254.64 2179.12 2092.54 1991.98 1992.14 1984.31
1978.28 1961.53 1948.32 1938.78 1920.44 1901.53 1883.42 1922.96 1960.03 1989.88 2009.34 2033.15 2064.53 2045.73 2037.16 2037.49 2005.78 1977.69 1954.76 1935.67 1918.28 1907.20 1882.87 1864.62
1861.36 1941.85 2016.21 2087.92 1974.80 1852.73 1734.78 1776.22 1817.27 1851.12 1919.96 1979.20 2036.30 2033.69 2030.60 2033.61 2032.24 2027.78 2021.03 2020.09 2018.68 2019.52 2036.01 2054.85
2072.29 2059.57 2051.62 2044.57 2044.34 2046.01 2048.18 1979.10 1904.50 1850.12 1945.66 2024.98 2089.63 2115.37 2152.50 2200.16 2220.42 2238.74 2257.76 2196.05 2123.66 2041.23 2053.79 2075.08
2109.03 2068.80 2025.91 1980.91 1995.34 2011.20 2031.97 1990.41 1952.49 1918.80 1856.40 1944.93 2078.87 2058.63 2041.83 2030.54 1988.61 1945.93 1903.48 1971.78 2036.13 2100.87 2100.59 2103.43
2109.36 2089.05 2069.18 2052.01 2038.07 2031.83 2032.40 1964.27 1886.72 1795.61 1858.69 1909.32 1958.12 1943.38 1930.42 1918.98 1894.47 1881.29 1888.87 1956.88 2025.30 2096.96 2085.48 2076.54
2073.29 2044.23 2021.56 2008.80 2008.20 2013.19 2023.99 2024.13 2019.04 2005.89 2102.71 2178.16 2239.00 2260.34 2285.23 2317.88 2277.07 2235.73 2196.42 2172.48 2148.32 2125.94 2096.31 2063.93
2031.34 2028.13 2026.21 2023.79 2017.43 2011.85 2005.16 2013.84 2015.99 2010.32 2055.86 2096.94 2132.93 2177.76 2226.73 2278.08 2261.73 2244.69 2228.51 2227.13 2220.83 2210.85 2223.00 2239.99
2260.83 2166.14 2057.63 1930.82 1924.34 1918.72 1914.26 1826.67 1764.13 1745.95 1706.83 1933.46 2152.59 2180.94 2227.10 2285.10 2370.57 2457.89 2552.09 2513.99 2473.83 2441.42 2523.15 2601.17
2677.13 2740.65 2801.85 2859.98 2831.09 2804.34 2779.72 2790.95 2800.14 2808.22 2762.34 2715.51 2664.80 2685.22 2706.23 2726.04 2704.33 2682.90 2663.54 2646.07 2628.19 2609.34 2619.50 2630.04
2640.24 2602.97 2564.89 2525.71 2529.71 2529.41 2531.74 2489.90 2448.91 2411.85 2404.47 2399.28 2396.72 2382.60 2372.17 2364.07 2335.05 2308.20 2283.38 2196.97 2115.85 2053.61 2052.89 2053.67
2055.86 2094.30 2132.44 2170.51 2178.85 2193.41 2217.45 2153.13 2093.16 2041.59 1824.56 1538.66 1105.69 1574.96 1926.58 2162.87 2134.59 2104.52 2078.75 2030.00 1975.30 1920.14 1900.33 1902.24
1922.52 1895.28 1920.25 1987.78 2000.87 2021.23 2044.89 2053.93 2062.21 2069.31 2174.57 2258.55 2337.63 2315.75 2298.09 2289.54 2159.01 2004.93 1815.13 1932.05 2040.94 2147.51 2148.72 2172.66
2220.44 2204.37 2347.72 2544.56 2609.34 2695.14 2794.72 2717.39 2641.87 2575.81 2534.78 2493.35 2452.75 2377.28 2300.22 2225.50 2166.92 2112.43 2078.28 2151.54 2222.98 2295.62 2208.46 2108.34
1995.19 1942.93 1904.26 1887.59 1843.76 1924.31 2070.08 2058.98 2036.04 2021.43 2035.84 2052.54 2068.57 2115.64 2169.82 2229.59 2233.23 2237.78 2248.67 2281.75 2312.42 2341.43 2330.99 2324.11
2321.19 2301.55 2284.12 2271.03 2335.72 2399.26 2460.35 2470.86 2473.89 2469.17 2538.88 2594.68 2639.05 2548.39 2459.20 2375.99 2336.76 2295.51 2254.72 2245.90 2234.27 2218.91 2220.67 2222.79
2224.46 2200.72 2175.48 2149.29 2154.62 2171.55 2201.03 2191.76 2176.08 2152.29 2143.95 2130.29 2115.28 2129.45 2143.93 2160.11 2109.70 2050.20 1987.29 2025.79 2063.49 2104.90 2115.38 2123.11
2125.23 2100.24 2087.73 2084.24 1925.62 1736.54 1561.48 1342.92 1953.84 2268.62 2215.69 2162.64 2096.79 2016.28 1958.40 1935.06 1877.55 1813.90 1749.35 1839.44 1922.32 2002.88 2006.31 2011.16
2019.00 1890.28 1761.93 1727.13 1734.00 1878.45 2047.15 1985.01 2020.48 2115.62 2218.16 2347.99 2479.97 2500.98 2540.27 2593.38 2568.86 2540.82 2511.00 2527.87 2540.21 2553.17 2581.88 2613.68
2649.26 2694.29 2745.71 2801.37 2792.85 2784.26 2775.01 2805.20 2828.18 2844.69 2776.19 2707.86 2638.05 2620.20 2610.36 2611.87 2623.01 2633.27 2645.50 2635.23 2621.98 2608.93 2617.76 2626.92
2636.97 2677.45 2714.48 2750.37 2704.40 2656.51 2594.49 2596.22 2597.88 2595.08 2600.51 2605.08 2610.52 2547.75 2483.23 2416.02 2357.68 2303.46 2256.84 2197.54 2180.25 2216.31 2104.28 2057.41
2131.60 1963.48 1854.19 1905.92 1951.14 2028.43 2125.66 2043.82 1952.11 1861.81 1790.57 1762.34 1764.21 1588.22 1491.21 1571.21 1674.89 1791.28 1911.47 1974.08 2044.28 2124.33 2067.73 2020.41
1986.53 2063.25 2135.54 2191.37 2182.14 2175.38 2171.57 2172.54 2162.92 2156.09 2183.00 2209.71 2231.27 2258.71 2285.83 2305.03 2323.68 2350.06 2387.18 2260.83 2107.46 1924.97 1992.22 2060.73
2127.30 2221.07 2314.84 2407.38 2328.69 2217.82 2080.06 2043.95 2003.61 1951.62 1912.40 1921.69 1953.85 1976.74 2015.86 2059.82 1974.86 1879.63 1776.87 1900.38 2009.30 2112.11 2107.05 2103.19
2102.22 2110.90 2119.52 2126.03 2061.37 2061.01 2120.94 2120.69 2195.48 2298.94 2384.85 2459.05 2527.84 2506.98 2491.84 2484.45 2456.64 2428.23 2403.52 2373.32 2332.63 2286.35 2292.01 2304.55
2323.40 2274.89 2289.27 2365.26 2438.94 2577.74 2738.20 2673.10 2599.72 2521.39 2459.70 2397.16 2336.03 2298.99 2276.72 2273.32 2290.87 2309.61 2332.05 2311.93 2284.61 2254.36 2250.87 2250.18
2255.14 2284.58 2313.14 2342.15 2318.41 2292.98 2266.15 2317.54 2349.70 2374.79 2305.39 2276.82 2281.98 2295.30 2309.16 2326.98 2343.04 2361.98 2385.33 2315.45 2235.49 2145.51 2062.25 1966.45
1856.75 1841.19 1827.01 1813.80 1879.15 1950.48 2010.75 2019.12 2019.04 2013.74 1959.98 1919.12 1938.12 1988.86 2059.08 2141.16 2180.32 2218.92 2263.24 2258.36 2250.74 2244.23 2183.93 2120.79
2057.05 2048.36 2041.63 2039.14 2017.99 2006.95 2007.39 1887.06 1740.42 1561.40 1442.28 1517.04 1655.02 1436.85 1391.67 1566.53 1529.13 1498.45 1488.29 1685.37 1843.37 1981.48 1964.69 1954.90
1956.60 1904.32 1857.91 1820.93 1821.76 1829.41 1842.65 1588.16 1328.73 1565.47 1373.03 1220.85 1306.65 1472.42 1676.23 1845.60 1979.87 2100.94 2215.41 2186.88 2155.63 2127.59 2075.13 2029.68
1992.23 2003.60 2015.07 2027.65 2007.60 1984.97 1959.05 1932.19 1947.41 1995.04 2063.26 2137.83 2203.08 2264.25 2322.25 2378.56 2342.76 2307.92 2274.32 2222.68 2156.28 2082.13 2091.35 2102.10
2113.95 2099.29 2084.26 2068.82 1919.83 1737.54 1533.84 1645.06 1735.21 1803.39 1714.61 1715.93 1777.90 1766.44 1785.54 1831.35 1952.67 2070.11 2174.54 2133.15 2073.66 2011.14 2040.87 2079.14
2121.71 2022.96 1921.98 1828.24 1749.42 1675.48 1616.10 1295.17 1341.80 1608.33 1928.14 2190.95 2398.05 2528.85 2660.91 2793.57 2838.48 2884.48 2933.55 2921.42 2905.34 2890.09 2886.78 2884.02
2881.88 2896.08 2911.63 2924.32 2905.54 2887.63 2872.35 2886.95 2897.34 2907.85 2831.47 2751.47 2675.75 2668.61 2662.77 2656.79 2602.19 2544.33 2483.34 2407.84 2321.50 2229.21 2168.21 2101.52
2034.56 2152.48 2260.30 2358.60 2340.19 2320.55 2300.04 2418.63 2505.82 2578.63 2538.09 2500.42 2470.79 2468.55 2493.13 2537.51 2553.76 2575.17 2598.68 2513.51 2409.31 2286.26 2273.84 2261.32
2248.45 2285.98 2321.91 2345.81 2333.15 2321.50 2311.70 2238.11 2163.73 2097.13 1959.63 1985.30 2137.70 2238.72 2334.98 2431.58 2357.26 2280.08 2202.14 2200.27 2216.24 2255.14 2233.35 2229.39
2243.93 2239.96 2235.74 2233.37 2219.25 2206.92 2196.23 2223.13 2245.72 2268.98 2307.74 2337.83 2363.13 2324.54 2299.90 2292.01 2259.50 2229.43 2203.47 2189.33 2167.59 2146.45 2182.79 2225.39
2272.01 2240.31 2208.62 2174.81 2180.07 2186.07 2191.95 2273.71 2334.57 2379.90 2359.07 2335.72 2310.73 2292.98 2287.00 2293.22 2278.52 2281.43 2305.50 2298.85 2282.78 2262.02 2265.23 2272.97
2284.00 2311.56 2339.49 2366.37 2320.65 2277.10 2237.62 2166.65 2083.98 2000.54 1901.76 1872.76 1909.72 1800.52 1702.86 1640.38 1594.14 1629.86 1742.04 1826.38 1885.19 1953.71 2000.68 2058.63
2124.63 2129.30 2133.07 2136.79 2149.05 2162.28 2168.73 2170.14 2159.09 2145.78 2149.20 2177.29 2217.02 2206.37 2199.28 2196.07 2219.67 2246.22 2273.49 2240.43 2196.61 2147.40 2092.82 2054.53
2044.85 2083.35 2123.65 2165.06 2099.23 2029.12 1951.26 2070.34 2163.63 2243.08 2259.33 2275.87 2293.46 2320.24 2342.30 2363.26 2400.06 2438.18 2478.51 2448.20 2408.70 2365.69 2356.77 2346.40
2334.60 2303.15 2269.30 2233.78 2225.33 2226.19 2234.21 2191.23 2140.48 2086.14 2162.02 2291.12 2423.55 2484.59 2542.41 2597.65 2583.69 2573.87 2568.28 2569.47 2567.93 2570.60 2613.05 2659.78
2709.24 2724.73 2740.58 2758.35 2616.19 2480.31 2376.92 2135.45 1852.07 1736.93 1858.90 1957.85 2048.14 2124.69 2215.32 2308.95 2281.22 2254.66 2231.02 2215.68 2193.92 2176.00 2190.34 2200.68
2211.50 2208.84 2217.43 2235.63 2116.19 2116.89 2244.18 2296.52 2364.59 2438.63 2479.38 2517.14 2557.62 2529.70 2522.45 2537.82 2522.92 2514.48 2513.75 2470.85 2412.26 2341.93 2403.66 2462.26
2519.68 2537.77 2555.52 2574.02 2643.97 2711.76 2777.34 2791.64 2798.91 2804.28 2737.47 2668.95 2611.17 2573.71 2536.54 2499.58 2472.47 2446.83 2421.19 2349.53 2261.58 2159.84 2253.34 2339.17
2419.64 2444.13 2470.45 2498.64 2559.77 2618.77 2676.45 2619.63 2554.94 2491.08 2420.39 2354.53 2310.27 2226.24 2132.99 2038.38 2038.25 2038.86 2033.77 1962.27 1879.51 1787.97 1728.35 1698.28
1710.84 1771.79 1834.15 1895.39 1904.81 2008.03 2145.52 2149.26 2144.83 2138.88 2130.09 2138.78 2168.02 2119.27 2070.23 2024.10 2105.33 2185.95 2264.62 2241.51 2208.25 2171.69 2183.22 2193.61
2204.08 2117.17 2022.14 1910.69 2022.35 2142.42 2257.53 2196.60 2132.69 2072.67 2064.44 2056.11 2058.24 2086.46 2116.78 2154.55 2200.19 2251.31 2304.59 2267.87 2217.20 2158.53 2059.09 1944.74
1814.13 1890.46 1978.18 2067.80 2090.61 2115.56 2142.27 2115.65 2086.38 2064.67 2043.04 2059.60 2126.08 2132.46 2139.37 2151.20 2103.93 2060.12 2020.58 1994.86 1971.80 1957.69 1931.68 1909.71
1894.04 1882.32 1870.84 1859.44 1752.63 1750.58 1820.35 1809.60 1804.32 1807.24 1774.12 1778.07 1799.94 1859.21 1916.79 1960.93 2005.57 2060.50 2124.32 2074.11 2013.68 1954.11 1954.72 2013.53
2111.14 2112.32 2112.72 2115.03 2082.30 2049.40 2016.71 1960.01 1896.36 1822.32 1512.15 1287.61 1528.17 1567.90 1607.77 1661.54 1703.72 1754.58 1813.03 1859.75 1900.08 1944.59 1958.28 1978.56
2008.91 2037.26 2060.83 2083.52 2048.32 2023.69 2033.56 1894.80 1732.93 1543.81 1774.99 1953.14 2094.54 2152.66 2214.77 2280.79 2334.57 2389.58 2445.05 2418.60 2383.39 2348.04 2353.22 2364.46
2381.49 2285.00 2177.54 2052.95 2020.41 1988.44 1953.80 2004.62 2039.74 2062.74 2115.35 2161.19 2205.22 2239.42 2281.30 2336.15 2377.25 2420.60 2468.17 2477.61 2480.62 2483.88 2426.94 2364.54
2298.04 2194.27 2074.69 1934.35 1942.96 1954.79 1965.46 1941.38 1940.76 1954.64 1988.62 2018.24 2044.72 2048.89 2056.94 2071.40 2075.96 2093.62 2127.70 2137.48 2136.90 2136.39 2110.23 2087.55
2074.28 2056.54 2044.44 2035.60 2027.72 2035.76 2056.51 2009.06 1960.44 1916.54 1708.63 1428.33 977.34 1400.58 1783.66 2032.52 2136.67 2237.18 2337.35 2389.11 2435.66 2484.63 2520.56 2556.93
2595.48 2590.78 2585.11 2577.70 2564.06 2545.83 2525.48 2493.86 2460.78 2428.25 2351.96 2284.00 2222.23 2209.47 2197.02 2190.04 2211.12 2236.78 2268.23 2249.49 2219.27 2186.06 2159.64 2150.57
2155.47 2152.23 2148.28 2144.57 2138.51 2139.16 2150.52 2169.69 2178.51 2178.43 2171.07 2175.52 2195.50 2207.45 2223.38 2245.20 2286.82 2331.07 2379.06 2375.77 2366.25 2358.12 2343.59 2329.04
2314.11 2238.17 2153.40 2058.17 2053.07 2053.60 2055.31 2055.49 2048.80 2036.30 2128.71 2206.63 2274.70 2305.21 2341.65 2383.53 2405.27 2431.04 2459.61 2375.83 2267.44 2148.81 2151.44 2161.95
2182.70 2144.51 2106.97 2068.88 2080.73 2100.27 2125.46 2144.29 2154.09 2153.56 2239.65 2308.49 2369.31 2403.83 2438.48 2477.19 2477.37 2479.36 2485.97 2479.20 2463.50 2446.28 2403.49 2357.97
2310.27 2238.19 2165.84 2096.86 2079.56 2065.88 2056.80 1994.40 1947.01 1917.36 1625.81 1944.93 2238.01 2490.79 2723.79 2937.84 2922.25 2902.94 2883.54 2873.74 2855.44 2837.29 2841.82 2849.06
2859.60 2895.32 2932.86 2972.07 2973.14 2974.50 2976.35 2946.76 2914.85 2881.95 2759.65 2631.28 2496.76 2488.52 2481.42 2478.77 2498.52 2527.11 2564.74 2491.26 2394.34 2275.88 2264.71 2259.93
2264.11 2262.58 2262.57 2260.07 2238.96 2223.51 2211.90 2217.83 2207.69 2192.16 2119.38 2046.22 1948.87 1898.37 1864.41 1843.55 1892.64 1942.89 1995.65 2081.81 2175.15 2276.64 2280.00 2284.06
2288.41 2279.00 2269.21 2259.03 2190.44 2113.19 2028.81 1736.29 1326.30 1160.35 1399.86 1645.43 1805.88 1925.55 2048.94 2166.75 2220.56 2275.90 2333.46 2305.63 2267.68 2228.56 2161.63 2098.95
2048.74 1990.00 1938.81 1896.27 1880.65 1867.93 1857.99 1905.33 1943.55 1968.20 2025.41 2143.21 2266.14 2359.91 2457.09 2551.63 2594.08 2637.90 2684.44 2663.22 2631.38 2594.99 2532.04 2465.98
2398.49 2320.03 2234.39 2140.13 2088.87 2062.41 2066.46 2111.45 2168.01 2216.62 2189.73 2165.52 2141.43 1947.07 1746.74 1635.64 1650.85 1717.43 1821.80 1901.27 1982.35 2073.68 2043.72 2020.14
2003.40 1950.17 1906.92 1877.74 1919.31 1961.27 2002.19 1917.60 1825.62 1723.36 1768.82 1816.58 1866.92 1887.45 1908.70 1935.48 1961.35 1990.02 2020.82 2071.98 2114.00 2157.35 2107.18 2060.44
2028.77 2017.82 2017.96 2030.32 2005.22 1979.69 1950.72 1984.18 2012.22 2034.14 1970.70 1969.98 2011.01 1949.22 1901.09 1870.33 1968.67 2064.11 2151.64 2172.79 2189.50 2209.33 2146.34 2075.51
1998.94 1986.85 1974.22 1962.50 1904.30 1843.96 1778.20 1646.19 1528.49 1481.91 1599.47 1681.92 1716.73 1443.01 1480.93 1714.38 1844.10 1980.66 2116.84 2105.92 2100.37 2117.74 2088.23 2059.55
2033.46 1937.80 1859.44 1855.01 1872.10 1916.92 1983.44 1884.45 1775.64 1653.69 1605.28 1586.82 1584.66 1646.31 1709.24 1767.85 1709.79 1647.78 1576.23 1586.83 1618.37 1679.79 1664.05 1677.86
1715.36 1415.23 1119.53 1506.82 1662.84 1891.67 2090.06 1999.75 1905.11 1785.84 1572.35 1617.93 1805.90 1880.91 1951.89 2021.70 1992.03 1962.94 1933.81 2001.40 2071.76 2153.55 2146.87 2157.51
2186.68 2199.61 2212.27 2226.55 2227.08 2235.40 2249.46 2250.44 2246.94 2234.87 2263.26 2286.77 2305.51 2328.33 2354.75 2386.30 2378.38 2378.84 2390.16 2416.83 2428.47 2437.67 2381.44 2317.31
2244.60 2223.45 2207.16 2197.83 2129.29 2085.23 2082.77 1890.88 1992.95 2176.22 2167.08 2159.39 2156.18 2079.62 2019.22 2007.80 1870.46 1708.42 1528.03 1757.81 1957.11 2137.64 2158.97 2182.07
2205.82 2196.77 2186.18 2176.14 2196.91 2218.90 2242.34 2239.40 2228.36 2209.08 2181.18 2165.38 2158.11 2235.19 2309.67 2383.97 2425.89 2469.08 2509.44 2450.15 2380.45 2315.03 2361.85 2408.43
2455.63 2420.47 2384.28 2344.95 2336.66 2328.89 2322.41 2120.64 1878.44 1594.62 1616.80 2179.50 2482.46 2526.20 2573.76 2618.92 2644.41 2673.60 2708.55 2766.18 2822.48 2884.09 2837.53 2790.29
2743.69 2750.69 2767.36 2795.13 2719.62 2636.37 2544.79 2454.16 2359.71 2258.56 2174.84 2092.67 2016.11 1903.78 1783.85 1656.13 1542.36 1598.00 1777.94 1878.95 2060.02 2254.75 2260.57 2268.96
2281.89 2281.98 2283.93 2291.08 2280.78 2276.11 2276.08 2326.72 2367.65 2392.44 2388.65 2384.25 2379.72 2329.89 2291.59 2269.70 2269.49 2274.93 2288.09 2303.13 2303.64 2299.27 2302.90 2310.25
2321.35 2263.07 2199.89 2129.68 2119.98 2109.66 2098.63 2208.24 2293.22 2350.77 2368.72 2387.49 2405.24 2436.42 2477.80 2529.15 2526.30 2525.12 2523.58 2448.37 2345.03 2215.98 2244.10 2279.21
2318.81 2301.67 2284.23 2265.56 2230.43 2197.09 2166.84 2243.86 2305.39 2348.17 2344.16 2338.38 2333.37 2325.07 2326.20 2346.46 2355.89 2368.27 2385.70 2390.08 2390.75 2396.83 2185.45 1937.72
1800.44 1531.15 1160.14 1271.74 1590.09 1772.43 1949.69 2098.21 2217.79 2304.69 2297.93 2340.11 2419.82 2431.65 2474.33 2542.97 2559.11 2577.44 2599.82 2497.76 2357.63 2176.76 2062.56 1959.43
1905.30 1980.31 2057.93 2133.44 2171.24 2217.39 2269.85 2293.52 2333.93 2374.45 2368.69 2370.43 2379.21 2342.88 2308.22 2279.11 2224.24 2166.23 2106.06 2128.39 2168.86 2240.30 2222.78 2213.47
2212.26 2162.38 2114.81 2072.10 2011.08 1971.52 1960.64 1832.50 1695.27 1551.12 1621.00 1711.94 1794.41 1815.14 1838.81 1868.42 1897.80 1929.62 1965.25 2043.96 2116.95 2194.01 2178.57 2168.09
2162.06 2152.85 2145.10 2138.63 2134.82 2131.83 2128.72 2207.89 2272.54 2311.52 2312.61 2319.99 2330.58 2337.55 2349.20 2368.51 2389.26 2412.26 2438.88 2401.68 2340.85 2265.39 2235.40 2203.94
2174.24 2142.15 2110.97 2078.24 2058.28 2042.90 2031.17 2041.48 2096.07 2157.88 2234.40 2305.47 2371.77 2362.31 2368.41 2388.66 2413.16 2439.50 2466.26 2382.21 2265.69 2120.27 2165.57 2210.04
2254.48 2238.88 2224.19 2210.18 2115.78 2018.96 1930.87 1999.14 2055.14 2099.99 2245.42 2359.73 2449.35 2472.00 2506.25 2551.53 2505.91 2461.35 2420.17 2367.65 2291.11 2196.88 2166.51 2133.91
2098.88 2095.70 2141.61 2232.70 2224.30 2232.55 2255.58 2291.77 2325.71 2346.98 2345.41 2338.84 2338.45 2162.56 1952.87 1711.92 1844.62 2089.25 2313.19 2287.16 2251.20 2213.76 2121.22 2025.05
1936.55 1970.15 2028.29 2099.58 2112.06 2124.69 2137.61 2068.71 2009.03 1950.14 1860.88 1772.99 1688.38 1686.29 1804.14 1953.93 1936.72 1922.76 1911.37 1979.99 2048.93 2127.85 2022.62 1902.75
1757.46 1693.04 1622.62 1549.53 1636.25 1687.90 1742.51 1843.73 1932.47 1999.42 2022.93 2051.68 2083.95 2030.53 1977.84 1927.37 1927.30 1932.58 1944.99 1959.73 1998.26 2070.03 1921.12 1941.70
2117.11 2118.35 2120.84 2125.23 2134.58 2150.71 2173.28 2168.27 2160.30 2139.23 2186.30 2229.61 2268.78 2232.71 2210.36 2206.59 2216.60 2230.58 2249.74 2251.83 2243.51 2239.89 2188.82 2132.18
2072.72 2072.37 2076.70 2086.02 2088.57 2093.18 2098.01 2063.47 2028.90 1984.63 2058.31 2171.32 2280.54 2268.95 2270.25 2289.01 2316.93 2347.99 2384.56 2366.58 2328.94 2277.49 2211.99 2156.25
2123.42 2079.38 2042.19 2016.19 2003.60 1996.72 1994.04 1998.79 2004.89 2002.32 2137.78 2251.00 2352.11 2358.35 2373.51 2399.70 2398.03 2398.53 2402.31 2352.58 2280.45 2191.53 2154.87 2115.31
2072.67 2064.53 2057.61 2051.41 2070.21 2089.57 2105.23 2221.45 2315.50 2385.88 2461.37 2525.62 2588.49 2590.82 2594.98 2599.47 2562.47 2524.40 2483.14 2453.81 2407.74 2355.13 2328.48 2309.16
2300.34 2249.08 2192.61 2131.98 2097.62 2064.96 2034.33 2119.41 2183.23 2222.03 2247.32 2268.45 2284.58 2311.25 2344.94 2386.95 2401.50 2417.73 2436.67 2429.60 2406.12 2377.52 2352.80 2329.47
2309.11 2188.76 2070.52 1983.66 2002.29 2048.17 2097.65 2152.93 2213.00 2264.24 2207.26 2213.51 2278.74 2320.05 2372.06 2435.88 2380.29 2326.68 2284.35 2254.95 2216.81 2180.02 2143.64 2089.98
2043.05 2019.13 1994.17 1965.58 1763.60 1504.95 1100.59 1358.97 1552.61 1672.08 1798.73 1982.88 2156.03 2152.62 2174.16 2222.12 2222.83 2234.63 2255.14 2082.21 1833.25 1406.61 1569.57 1737.23
1894.35 1708.50 1434.13 1078.88 1247.99 1401.95 1508.02 1576.40 1714.87 1835.00 1778.65 1727.03 1665.55 1804.00 1926.64 2033.28 2035.02 2036.80 2041.71 2043.35 2031.67 2017.32 1907.91 1790.45
1681.22 1767.07 1846.71 1920.12 1951.96 1985.11 2015.23 2008.29 2002.11 1986.32 1936.23 1944.50 1995.01 2046.82 2102.30 2158.05 2198.79 2242.98 2292.47 2254.34 2196.45 2126.80 2122.72 2121.43
2123.51 2093.99 2061.27 2027.31 1997.32 1976.78 1965.28 1927.75 1901.86 1876.77 1855.26 1987.96 2147.41 2093.15 2053.34 2026.48 2043.80 2086.90 2152.01 2110.61 2049.65 1978.34 1988.33 1998.55
2006.14 1991.40 1975.34 1960.23 1933.01 1922.41 1916.83 1951.45 1977.41 1993.94 2037.52 2104.49 2189.68 2189.43 2204.20 2224.10 2309.11 2398.37 2490.90 2476.50 2456.34 2438.73 2386.58 2331.93
2275.58 2246.29 2236.61 2250.67 2176.11 2107.06 2051.26 2028.89 2010.19 1992.05 1990.12 2021.88 2081.56 1922.91 1761.91 1618.06 1713.20 1807.79 1894.45 1879.91 1849.82 1812.84 1774.39 1757.67
1772.58 1806.45 1840.08 1863.74 1849.05 1824.71 1796.34 1510.69 1297.20 1480.47 1246.37 1541.13 1797.36 2020.20 2199.95 2359.80 2410.25 2461.92 2510.69 2529.28 2550.27 2580.82 2608.07 2639.45
2677.11 2715.60 2756.30 2796.58 2772.87 2747.83 2717.74 2678.87 2640.57 2598.63 2507.02 2407.02 2299.07 2232.41 2166.72 2095.75 2137.38 2183.54 2223.67 2215.82 2200.54 2185.35 2131.66 2057.89
1977.92 2000.12 2022.73 2033.85 1959.62 1863.58 1749.79 1896.49 2016.03 2115.43 2127.00 2128.87 2132.05 2109.59 2091.16 2056.92 2014.41 1978.09 1949.36 1949.22 1937.76 1925.16 1924.88 1927.05
1931.83 1781.85 1576.08 1283.53 1572.32 1785.11 1948.07 1990.05 2065.67 2138.69 2138.56 2139.05 2133.55 2119.58 2128.28 2154.14 2143.91 2134.74 2128.35 2122.63 2102.06 2075.26 2059.99 2047.22
2035.71 2048.12 2063.97 2083.35 2070.09 2064.40 2062.10 2086.23 2105.29 2111.30 2064.64 2021.45 1981.12 2010.81 2044.68 2080.66 2143.54 2209.41 2277.81 2214.72 2130.43 2026.16 1977.66 1929.34
1882.50 1855.15 1825.16 1797.74 1636.87 1416.61 1154.14 1370.49 1508.67 1600.54 1500.44 1435.69 1392.83 1569.93 1767.37 1945.26 1980.55 2020.99 2065.28 2030.62 1987.69 1932.61 1883.87 1851.81
1847.75 1804.56 1757.67 1712.24 1611.78 1488.82 1324.79 1497.50 1610.24 1683.66 1652.32 1636.98 1651.57 1545.05 1480.46 1484.66 1637.24 1770.94 1891.30 1912.69 1931.03 1941.32 1963.43 2000.19
2050.10 2023.64 1995.41 1967.42 1884.95 1801.25 1723.19 1751.35 1777.51 1792.54 1826.57 1858.20 1887.50 1923.86 1974.80 2040.05 2128.61 2217.44 2307.83 2326.87 2338.27 2351.15 2304.37 2260.99
2225.41 2160.19 2090.44 2015.27 1995.66 1973.64 1948.03 2088.16 2192.06 2262.80 2258.12 2253.28 2246.18 2279.29 2317.76 2365.15 2396.52 2430.52 2467.92 2460.72 2443.72 2423.78 2410.61 2397.51
2385.89 2314.37 2235.05 2146.89 2176.13 2204.72 2229.16 2269.26 2305.87 2331.29 2329.32 2329.00 2343.41 2325.13 2314.67 2311.80 2272.17 2232.83 2193.66 2100.44 1980.86 1847.64 1855.23 1862.05
1872.00 1860.77 1866.12 1870.42 1822.02 1770.77 1714.53 1601.21 1476.98 1329.84 1414.13 1482.41 1535.38 1676.69 1804.06 1922.74 2001.01 2083.39 2170.41 2153.35 2138.43 2131.83 2072.04 2003.82
1928.28 1967.89 2010.64 2055.99 2073.09 2091.02 2105.31 2182.79 2271.10 2345.44 2395.57 2439.11 2475.60 2506.96 2544.38 2585.39 2590.85 2597.32 2605.96 2575.44 2529.51 2471.71 2468.02 2468.33
2474.27 2464.93 2456.96 2448.49 2385.58 2320.05 2249.68 2165.41 2137.69 2154.00 2050.59 1989.97 1975.32 1929.81 1900.49 1887.16 1851.97 1843.41 1867.52 1824.50 1836.54 1931.29 1993.23 2052.74
2110.51 2085.24 2059.63 2031.70 2023.86 2022.76 2024.16 2114.24 2194.55 2252.06 2308.47 2356.07 2394.53 2398.16 2409.45 2425.67 2433.15 2443.19 2455.77 2439.04 2405.84 2360.96 2363.35 2366.26
2369.35 2371.70 2374.35 2377.97 2366.50 2355.30 2340.92 2378.00 2405.70 2418.68 2409.27 2400.42 2389.47 2398.77 2422.43 2457.51 2497.18 2538.68 2583.11 2556.20 2515.30 2466.57 2421.70 2372.75
2319.92 2303.95 2286.69 2269.91 2240.90 2210.22 2175.68 2242.95 2297.38 2333.62 2349.33 2362.96 2371.66 2384.89 2406.76 2435.98 2448.76 2464.55 2483.87 2449.46 2396.81 2329.04 2273.19 2215.05
2158.23 2090.71 2016.35 1934.23 1954.47 1975.69 1994.11 2120.30 2222.73 2305.65 2334.17 2363.51 2375.92 2380.58 2392.40 2404.52 2408.44 2413.71 2422.76 2375.95 2307.40 2217.54 2202.38 2194.11
2195.97 2148.71 2100.10 2049.56 1991.16 1962.99 1967.97 2046.16 2100.33 2131.95 2165.93 2208.45 2251.15 2248.20 2259.60 2282.13 2318.67 2358.56 2402.14 2391.88 2359.55 2311.58 2253.48 2199.26
2154.14 2106.34 2059.08 2016.95 1968.03 1916.59 1854.90 1975.57 2063.97 2123.87 2168.49 2205.59 2234.98 2243.39 2265.97 2296.45 2350.49 2407.80 2468.76 2464.91 2448.61 2423.47 2372.06 2316.61
2259.72 2277.15 2294.76 2312.37 2269.84 2224.20 2171.68 2306.13 2409.60 2479.83 2442.75 2406.33 2380.99 2362.42 2352.80 2349.57 2379.93 2413.51 2447.55 2440.71 2422.36 2399.15 2371.37 2342.12
2313.41 2256.34 2192.88 2123.55 2124.72 2129.75 2133.92 2242.48 2322.54 2375.26 2390.61 2405.53 2419.44 2381.97 2354.55 2333.20 2301.67 2269.02 2236.26 2185.48 2111.16 2010.79 1969.31 1923.34
1868.15 1814.90 1766.58 1725.30 1710.19 1691.92 1671.57 1694.40 1697.09 1692.12 1655.99 1623.27 1580.86 1733.75 1894.92 2051.83 2157.18 2258.85 2358.14 2292.16 2207.66 2103.40 2048.24 2007.60
1972.84 1835.10 1758.99 1824.76 1795.16 1808.31 1855.51 1773.73 1691.07 1618.61 1623.37 1635.89 1684.94 1822.89 1944.81 2063.39 2109.29 2159.32 2208.82 2223.17 2230.75 2236.23 2161.45 2073.30
1985.77 1958.58 1935.85 1921.17 1877.09 1831.63 1774.63 1766.03 1762.20 1748.70 1705.88 1673.36 1648.27 1725.72 1801.30 1873.97 1955.14 2035.78 2118.63 2112.20 2095.88 2074.66 2031.62 1974.28
1908.50 1878.72 1845.76 1810.62 1811.36 1813.95 1811.47 1763.13 1721.16 1675.50 1742.40 1812.96 1871.12 1844.12 1833.00 1838.23 1930.19 2020.22 2111.45 2127.15 2140.69 2160.78 2127.92 2091.26
2062.40 2015.33 1967.58 1922.32 1896.97 1871.02 1836.67 1807.14 1790.40 1764.53 1828.11 1882.66 1927.70 1978.93 2035.68 2089.06 2138.45 2191.62 2249.62 2222.12 2174.06 2101.26 2055.10 2002.20
1944.09 1903.67 1863.34 1825.35 1723.87 1736.63 1836.93 1782.14 1762.03 1761.24 1820.01 1896.78 1994.60 2087.57 2179.29 2279.80 2292.01 2302.21 2310.94 2244.82 2164.65 2067.89 2031.53 1991.95
1945.85 1891.85 1834.60 1775.52 1776.77 1830.82 1911.08 1908.53 1906.90 1909.10 1897.18 1890.75 1858.47 1989.03 2099.26 2181.48 2154.27 2129.57 2112.17 2078.59 2026.37 1957.50 1848.37 1781.44
1803.75 1473.28 1392.31 1738.97 1586.18 1451.46 1461.85 1473.02 1494.61 1509.57 1654.44 1770.31 1858.58 1882.62 1919.87 1988.08 1875.15 1757.20 1668.72 1725.41 1776.88 1830.32 1826.65 1821.46
1818.15 1812.63 1805.92 1800.68 1857.06 1911.60 1958.75 1894.15 1827.61 1750.94 1819.10 1873.62 1917.52 1867.95 1854.06 1871.60 1865.94 1871.96 1892.17 1895.87 1938.86 2030.63 2027.89 2033.66
2046.72 2037.29 2029.93 2026.72 2005.63 1980.33 1942.39 1826.63 1702.66 1561.23 1233.96 853.74 1116.41 1090.29 1108.93 1153.63 1188.14 1361.03 1539.65 1669.45 1815.46 1959.05 1939.07 1935.19
1951.96 1880.13 1822.38 1796.23 1681.70 1587.00 1540.62 1471.98 1425.69 1401.86 1498.51 1574.54 1629.41 1611.79 1603.77 1597.84 1632.67 1684.53 1747.57 1805.16 1936.27 2103.80 1994.51 1861.35
1705.56 1781.76 1905.44 2037.87 2179.02 2312.49 2433.56 2447.93 2468.30 2488.06 2460.52 2436.13 2415.04 2379.89 2348.84 2315.03 2313.85 2314.82 2317.63 2246.60 2154.19 2026.99 2057.71 2087.57
2119.15 2125.18 2131.74 2139.61 2133.99 2129.17 2118.35 2091.34 2064.07 2031.37 1991.72 1954.11 1936.51 1910.62 1886.73 1879.95 1830.76 1778.14 1719.22 1775.31 1827.12 1877.61 1815.21 1751.56
1693.32 1754.31 1826.24 1903.31 1910.96 1917.27 1907.04 1906.73 1893.34 1870.46 1729.23 1576.07 1397.27 1517.04 1622.39 1713.10 1763.75 1818.25 1877.50 1890.45 1903.40 1922.51 1882.81 1839.24
1791.14 1814.97 1827.59 1861.70 1867.63 1883.15 1897.56 1908.52 1920.67 1923.98 1824.41 1734.60 1654.26 1609.48 1573.80 1554.00 1713.68 1854.72 1984.46 2002.24 2012.95 2019.50 1999.24 1985.52
1978.63 1930.16 1914.56 1941.50 1891.46 1879.22 1902.15 1990.67 2056.69 2101.04 2072.12 2059.61 2051.42 2088.85 2128.92 2167.70 2191.89 2220.83 2254.44 2291.74 2321.32 2344.93 2292.71 2234.85
2170.63 2143.01 2117.79 2096.96 2091.05 2089.09 2085.11 2153.31 2204.58 2234.70 2203.73 2176.64 2150.36 2167.08 2190.82 2226.54 2284.20 2346.62 2413.36 2415.62 2406.77 2390.01 2381.78 2375.20
2371.63 2324.29 2273.68 2221.69 2187.87 2152.06 2110.03 2176.25 2228.25 2261.45 2202.21 2145.87 2102.37 2099.13 2107.68 2134.54 2197.08 2260.22 2324.69 2345.04 2360.04 2372.46 2323.70 2269.28
2206.16 2117.76 2027.65 1940.45 2032.40 2120.58 2201.58 2074.34 1944.10 1805.63 1641.79 1579.92 1640.61 1561.24 1492.95 1432.28 1427.43 1449.10 1499.87 1624.36 1745.44 1863.40 1891.44 1923.71
1957.91 1911.65 1883.85 1882.35 1853.73 1829.30 1802.18 1778.76 1754.32 1721.62 1684.32 1657.29 1630.61 1730.84 1820.48 1898.71 1922.68 1953.39 1992.66 2011.47 2021.34 2025.32 2063.22 2112.11
2168.82 2109.73 2048.02 1985.44 1956.36 1931.63 1909.25 1956.40 1990.45 2004.39 1994.91 1996.50 1998.76 2012.69 2036.56 2065.68 2086.04 2109.59 2137.17 2167.08 2187.79 2199.64 2158.34 2119.86
2085.96 2080.75 2075.30 2073.33 2058.95 2043.30 2021.73 2069.14 2102.67 2116.04 2113.65 2111.75 2103.54 2072.38 2053.02 2040.33 2079.91 2123.37 2170.93 2186.19 2190.14 2185.42 2168.50 2157.93
2155.44 2115.39 2072.26 2024.94 1992.64 1964.24 1934.80 2026.89 2094.13 2137.22 2147.59 2156.81 2160.71 2179.43 2203.73 2228.87 2264.09 2304.13 2347.37 2354.12 2349.66 2334.18 2319.44 2304.49
2289.40 2210.47 2123.99 2030.93 2061.22 2094.32 2124.61 2198.91 2263.73 2312.98 2288.08 2265.17 2246.24 2273.91 2307.25 2350.87 2377.27 2407.57 2442.48 2432.70 2412.80 2383.62 2352.90 2320.19
2285.50 2287.11 2288.65 2291.20 2206.72 2113.64 2006.02 2134.67 2232.39 2301.00 2254.54 2211.16 2170.31 2156.17 2149.50 2147.02 2198.21 2251.17 2307.15 2304.33 2291.00 2269.03 2236.16 2203.12
2173.76 2110.56 2040.93 1964.34 1913.77 1860.44 1801.95 1888.66 2070.59 2237.49 2227.90 2220.67 2218.08 2275.71 2333.86 2381.76 2331.71 2284.28 2234.17 2150.63 2040.57 1894.58 1897.75 1905.78
1919.47 1900.11 1884.45 1875.50 1907.46 1930.39 1953.84 1986.80 2013.05 2028.44 2019.57 2008.33 1994.59 2052.81 2112.95 2174.83 2184.51 2202.51 2230.77 2180.27 2109.61 2014.90 1968.83 1919.44
1868.57 1839.91 1810.28 1776.24 1761.37 1752.72 1744.00 1809.97 1872.28 1913.40 1905.74 1912.83 1938.97 1946.74 1974.88 2022.62 2045.13 2069.78 2094.29 2089.92 2075.54 2054.64 2013.43 1968.64
1920.84 1906.68 1896.21 1893.48 1851.28 1816.09 1785.07 1781.75 1813.76 1852.36 1832.62 1821.83 1836.48 1813.47 1839.39 1906.22 1972.66 2038.39 2106.43 2051.62 1979.04 1888.36 1906.55 1933.66
1967.09 1951.25 1934.67 1917.40 1890.64 1868.89 1845.82 1899.37 1946.01 1974.62 1938.54 1905.78 1872.85 1803.26 1759.69 1748.91 1810.26 1879.75 1957.02 1957.05 1947.03 1930.79 1957.22 1984.09
2013.99 1984.25 1963.90 1957.36 1923.79 1895.31 1867.37 1899.73 1935.57 1960.81 1884.68 1810.95 1730.83 1672.25 1633.67 1616.73 1623.55 1636.60 1655.30 1773.41 1887.44 1997.18 2051.62 2106.77
2160.97 1974.80 1778.61 1706.44 1643.11 1652.23 1726.80 1609.78 1529.93 1509.91 1484.11 1463.38 1425.55 1247.71 1103.19 1175.86 1165.45 1463.78 1696.79 1731.17 1813.30 1924.08 2003.88 2080.04
2159.16 2093.33 2023.65 1955.43 1922.88 1890.19 1851.33 1909.21 1951.25 1974.13 1937.40 1907.87 1882.28 1871.01 1908.03 1988.75 2061.39 2133.69 2206.60 2226.90 2242.07 2255.49 2180.96 2094.97
1997.28 1963.40 1927.97 1891.27 1865.41 1841.34 1813.71 1793.62 1798.03 1805.95 1773.14 1748.01 1730.97 1852.09 1968.35 2090.12 2208.63 2319.25 2429.68 2365.12 2279.23 2171.40 2093.47 2012.60
1934.35 1906.01 1876.79 1845.53 1821.82 1807.71 1798.64 1891.80 1965.36 2013.08 2050.41 2083.75 2115.54 2185.47 2256.82 2345.41 2340.37 2333.96 2326.09 2295.39 2253.49 2201.28 2124.84 2040.90
1951.58 1934.34 1928.28 1936.19 1922.84 1912.24 1898.26 1992.30 2070.59 2124.07 2137.97 2153.76 2166.59 2191.36 2220.66 2251.99 2283.05 2318.82 2359.40 2331.80 2288.35 2226.33 2174.69 2118.02
2055.04 2034.87 2012.26 1989.97 1979.46 1968.74 1951.48 2060.81 2144.81 2202.53 2212.29 2222.28 2232.85 2231.70 2236.56 2248.47 2280.51 2315.63 2352.65 2321.61 2271.48 2200.66 2148.27 2088.31
2018.73 1995.90 1974.02 1954.61 1935.00 1915.06 1889.48 1858.06 1833.64 1806.35 1842.64 1883.78 1920.40 1949.68 1986.25 2026.50 2070.40 2118.40 2167.71 2127.81 2064.38 1973.49 1971.80 1968.39
1962.49 1941.83 1920.41 1898.86 1806.66 1703.74 1588.11 1695.16 1772.64 1818.88 1766.33 1729.23 1701.65 1685.74 1690.17 1715.14 1825.24 1930.48 2030.00 2053.91 2070.62 2081.52 2068.17 2055.10
2045.21 2000.51 1948.44 1891.53 1869.68 1849.47 1825.38 1926.07 2008.15 2063.47 2026.12 1992.68 1965.23 1876.79 1794.86 1748.81 1752.73 1769.51 1800.00 1955.35 2096.09 2225.93 2218.46 2191.32
2162.95 2135.90 2108.27 2084.00 2015.67 1944.73 1868.43 1964.40 2033.66 2073.31 1976.57 1883.29 1789.93 1741.04 1719.08 1726.04 1812.25 1897.98 1984.59 2061.45 2127.08 2184.84 2169.22 2152.78
2137.89 2081.05 2018.90 1954.10 1932.94 1922.26 1916.33 1947.86 1966.31 1964.30 1810.59 1653.72 1474.42 1398.80 1479.22 1621.64 1654.67 1690.51 1729.44 1749.12 1772.44 1804.76 1778.14 1797.64
1859.16 1838.56 1816.61 1807.70 1790.03 1795.28 1815.78 1693.28 1654.40 1662.62 1733.84 1952.51 2128.84 2093.13 2065.80 2043.83 2094.80 2150.07 2207.28 2165.08 2102.42 2016.50 1996.01 1973.89
1951.83 1955.16 1959.75 1963.98 1954.54 1945.39 1927.39 1913.70 1896.47 1865.78 1783.40 1703.86 1632.25 1656.90 1686.70 1720.11 1780.38 1842.61 1907.23 1922.45 1929.97 1933.25 1948.14 1966.32
1989.30 1993.49 1997.57 2002.23 1993.16 1990.96 1991.37 1901.94 1822.63 1741.40 1737.72 1736.84 1732.62 1713.44 1709.26 1719.64 1758.69 1804.84 1857.34 1855.74 1843.26 1822.63 1851.98 1891.12
1936.13 2000.53 2062.02 2119.55 2051.00 1980.55 1910.62 1793.24 1686.90 1591.51 1549.63 1518.52 1497.80 1487.19 1496.04 1524.89 1526.09 1540.10 1571.60 1636.39 1702.38 1769.38 1754.35 1781.39
1846.34 1788.58 1752.07 1756.02 1710.56 1663.91 1611.51 1611.72 1638.11 1671.31 1701.25 1730.54 1733.39 1796.40 1857.80 1919.03 1985.01 2051.20 2117.02 2152.23 2179.29 2201.33 2205.93 2211.38
2218.56 2166.88 2109.97 2046.53 2002.00 1954.18 1897.42 1997.42 2071.32 2117.18 2097.87 2081.99 2065.65 2056.36 2058.16 2072.14 2135.10 2199.57 2264.72 2294.63 2316.36 2332.39 2315.61 2297.05
2277.56 2211.95 2140.06 2061.29 2010.74 1957.55 1893.82 2011.40 2095.48 2148.73 2128.28 2111.24 2096.51 2126.66 2160.30 2202.35 2267.88 2336.01 2405.21 2402.92 2390.35 2369.86 2311.99 2247.09
2176.22 2095.52 2005.64 1908.54 1904.11 1900.76 1893.75 2002.21 2093.76 2156.71 2124.77 2098.50 2073.69 2089.38 2110.34 2135.98 2172.28 2211.82 2253.85 2288.85 2315.25 2336.13 2310.72 2286.02
2263.99 2183.62 2091.10 1982.81 1965.23 1948.02 1925.77 1997.90 2048.29 2074.46 2046.70 2027.80 2012.20 2030.19 2056.67 2090.10 2164.43 2240.50 2317.67 2334.97 2342.85 2344.88 2326.16 2309.12
2297.49 2208.88 2105.48 1985.93 1934.38 1890.22 1859.82 1941.10 2006.15 2047.00 2045.57 2044.41 2039.33 2025.38 2021.38 2024.59 2091.76 2161.85 2232.30 2272.37 2303.38 2328.57 2307.33 2282.01
2254.68 2182.46 2108.90 2038.03 1988.74 1939.63 1889.29 1898.63 1904.62 1896.26 1844.86 1799.80 1754.17 1782.43 1819.28 1860.66 1933.33 2007.80 2083.11 2158.09 2224.60 2280.91 2243.61 2200.06
2151.25 2055.67 1944.28 1813.93 1718.39 1717.02 1773.50 1560.21 1499.14 1628.73 1476.92 1297.87 1100.57 1204.13 1421.68 1595.81 1598.80 1610.19 1630.14 1657.59 1690.66 1739.37 1713.97 1764.73
1871.09 1794.84 1723.04 1670.91 1418.28 1390.18 1448.51 1781.50 2057.71 2256.69 2195.61 2137.77 2049.74 2031.43 2019.92 2021.05 2015.85 2013.66 2016.08 2030.78 2040.02 2048.96 2094.14 2139.13
2186.91 2177.02 2165.87 2153.23 2152.87 2152.21 2145.39 2157.17 2166.40 2165.02 2117.86 2073.60 2014.46 2009.15 2010.26 2014.10 2022.70 2036.35 2054.58 2048.07 2030.38 2009.28 2030.25 2051.07
2073.24 2073.04 2072.60 2067.04 2064.58 2065.72 2069.44 1957.58 1839.38 1703.06 1784.75 1857.21 1915.29 1903.01 1896.26 1895.94 1904.06 1922.87 1953.27 1972.86 1990.22 2011.26 2016.90 2022.06
2026.97 2011.69 1996.12 1979.40 1863.58 1719.45 1544.77 1535.01 1538.74 1535.07 1425.81 1311.63 1203.87 1264.34 1369.66 1477.14 1598.49 1711.07 1816.82 1851.01 1881.06 1911.73 1902.34 1906.20
1922.80 1901.33 1898.74 1908.21 1876.85 1856.40 1848.94 1849.47 1846.51 1830.50 1777.06 1729.46 1671.61 1756.78 1837.68 1925.33 2003.53 2081.96 2162.29 2206.87 2235.45 2260.19 2232.18 2201.65
2171.94 2125.99 2074.16 2016.71 1975.80 1934.11 1890.50 1968.63 2032.69 2078.46 2054.52 2034.59 2019.48 2064.50 2112.42 2171.45 2200.52 2233.99 2271.49 2301.63 2325.70 2348.41 2298.55 2242.72
2181.73 2125.08 2059.93 1985.75 1950.94 1914.12 1873.39 1954.35 2028.49 2081.65 2045.62 2012.58 1982.04 1981.32 1987.58 1999.60 2021.24 2050.25 2085.30 2114.06 2129.10 2141.01 2122.35 2111.03
2109.98 2056.74 1996.63 1930.24 1914.21 1900.29 1885.09 1935.66 1971.62 1985.90 1881.67 1779.85 1673.24 1574.31 1499.85 1466.47 1554.94 1646.09 1736.69 1794.10 1840.13 1882.28 1951.09 2024.46
2114.15 2055.10 1987.32 1908.65 1885.29 1875.27 1879.34 1826.92 1785.46 1742.12 1715.92 1695.57 1675.16 1590.58 1535.88 1523.20 1600.86 1678.44 1759.31 1815.79 1861.46 1902.73 1939.66 2001.84
2081.78 2028.05 1984.18 1961.20 1925.91 1888.66 1851.05 1820.83 1788.44 1743.86 1598.88 1479.54 1411.99 1456.08 1575.73 1695.77 1779.37 1864.08 1948.15 1951.36 1961.05 1989.06 1970.69 1964.68
1977.94 1919.60 1850.76 1771.40 1665.62 1579.58 1501.70 1505.35 1471.40 1434.98 1423.71 1424.26 1425.06 1427.65 1454.28 1492.33 1567.15 1645.45 1724.60 1756.42 1797.68 1855.73 1849.82 1889.60
1966.55 1921.90 1898.74 1907.10 1888.67 1871.48 1850.88 1802.23 1753.75 1695.36 1518.50 1414.19 1445.47 1565.57 1663.42 1738.11 1772.78 1815.76 1861.10 1868.95 1873.81 1887.05 1940.52 1982.71
2023.40 1972.99 1922.28 1874.04 1854.30 1834.26 1811.26 1822.51 1833.24 1840.84 1717.92 1605.83 1514.63 1454.47 1444.12 1463.66 1596.69 1715.56 1820.73 1862.68 1888.80 1912.46 1930.52 1990.40
2080.16 2040.52 1995.16 1946.09 1867.83 1801.84 1768.36 1744.95 1723.87 1693.51 1554.59 1494.05 1519.17 1557.10 1609.78 1678.00 1772.50 1868.79 1963.80 2039.08 2111.19 2182.96 2157.14 2135.35
2121.53 2032.85 1928.67 1805.88 1779.55 1779.52 1806.57 1705.43 1604.23 1495.70 1413.41 1407.15 1450.00 1606.88 1737.98 1851.16 1885.42 1929.63 1983.86 2061.97 2137.59 2208.34 2209.07 2212.45
2219.68 2178.53 2139.63 2107.74 2026.30 1934.21 1824.46 1883.71 1926.55 1946.96 1909.32 1875.21 1841.15 1846.91 1856.52 1872.97 1952.74 2033.62 2114.04 2154.05 2177.09 2197.87 2190.90 2185.08
2184.18 2155.23 2124.59 2092.27 2005.58 1912.49 1821.82 1895.93 1952.80 1986.79 1978.91 1976.37 1969.22 1951.14 1943.13 1939.19 1980.89 2026.92 2077.10 2162.93 2234.95 2305.55 2291.84 2283.71
2283.09 2219.85 2149.17 2071.61 2024.40 1977.04 1930.23 2030.48 2100.49 2141.29 2128.79 2119.11 2105.46 2065.67 2034.24 2007.27 2054.88 2106.45 2161.17 2206.98 2235.40 2260.10 2222.23 2179.51
2133.32 2083.17 2026.79 1966.15 1928.98 1892.34 1859.82 1903.06 1936.19 1951.35 1934.69 1919.97 1902.50 1866.81 1853.97 1855.93 1880.63 1908.51 1938.57 1982.50 2005.54 2026.80 2069.85 2129.98
2202.85 2126.65 2039.94 1943.03 1929.13 1916.12 1905.10 1947.93 1983.40 2001.99 1942.31 1889.24 1837.61 1795.21 1763.72 1739.20 1805.83 1875.48 1951.18 2053.31 2137.74 2218.74 2213.29 2210.51
2212.96 2132.69 2040.03 1932.00 1907.06 1880.05 1849.76 1930.52 1988.95 2022.65 1985.55 1951.91 1923.65 1857.78 1805.52 1758.12 1835.51 1911.38 1988.66 2089.62 2169.70 2248.17 2214.94 2177.78
2141.18 2080.58 2010.45 1931.01 1898.13 1865.01 1835.95 1860.77 1876.73 1874.14 1787.35 1704.31 1613.78 1537.94 1506.66 1523.60 1634.69 1744.23 1851.37 1945.20 2039.31 2139.40 2115.96 2095.82
2086.05 2021.31 1948.44 1865.52 1853.71 1843.41 1833.45 1713.78 1593.94 1470.28 1185.16 1268.69 1467.84 1536.82 1600.60 1666.72 1667.11 1672.07 1685.66 1693.22 1705.01 1730.95 1746.91 1786.75
1848.55 1822.11 1805.43 1804.66 1777.98 1772.84 1796.81 1654.45 1487.58 1273.91 1436.30 1553.60 1630.11 1526.38 1422.95 1330.94 1358.14 1398.17 1445.72 1582.58 1710.57 1832.02 1850.27 1879.93
1921.09 1901.60 1891.93 1902.00 1849.16 1795.62 1739.99 1730.52 1719.37 1690.49 1691.80 1704.96 1715.06 1697.23 1686.26 1681.18 1730.11 1788.75 1853.86 1946.27 2025.57 2103.15 2145.44 2190.65
2236.86 2163.86 2081.27 1985.83 1935.52 1884.88 1835.32 1899.50 1947.21 1973.66 1914.12 1870.30 1834.27 1819.29 1809.84 1803.82 1887.33 1982.33 2082.13 2155.61 2219.26 2279.08 2278.52 2276.80
2275.19 2219.64 2161.72 2103.10 2048.37 1989.83 1925.01 2035.89 2116.97 2170.36 2139.86 2113.31 2085.34 2071.43 2064.20 2060.82 2095.10 2135.99 2183.31 2227.94 2257.95 2289.04 2262.27 2232.16
2198.64 2109.34 2004.56 1881.26 1835.06 1804.70 1795.47 1895.18 1965.76 2008.11 1964.20 1943.66 1937.22 1932.61 1942.01 1962.55 2027.62 2095.37 2165.27 2195.08 2208.31 2223.95 2187.42 2150.55
2114.38 2029.40 1935.75 1837.96 1835.74 1833.90 1831.03 1887.38 1927.30 1949.31 1891.06 1847.14 1811.39 1824.81 1841.04 1860.02 1921.50 1988.91 2061.05 2069.89 2066.21 2063.40 2027.20 1985.15
1939.95 1913.99 1886.92 1859.11 1854.86 1858.40 1868.80 1886.48 1894.87 1889.43 1765.90 1667.92 1607.81 1701.70 1786.83 1868.35 1952.13 2037.20 2122.66 2158.49 2184.01 2213.63 2186.86 2158.11
2130.07 2048.70 1963.37 1882.59 1807.13 1736.22 1686.44 1682.79 1704.37 1726.96 1703.27 1710.02 1741.02 1768.89 1814.08 1874.93 1992.00 2100.98 2206.03 2209.28 2203.88 2200.89 2107.28 1999.33
1880.67 1865.20 1847.26 1829.48 1789.64 1746.04 1697.38 1665.95 1631.67 1584.91 1590.93 1620.04 1664.79 1797.88 1912.16 2029.59 2081.26 2139.93 2205.17 2210.60 2208.45 2211.61 2144.49 2067.41
1978.54 1883.41 1771.63 1635.72 1597.19 1581.12 1581.12 1636.01 1674.17 1691.99 1626.21 1565.72 1534.52 1628.29 1713.89 1800.99 1805.61 1813.25 1821.90 1815.26 1794.60 1772.35 1812.52 1848.82
1895.63 1895.29 1893.78 1894.15 1869.10 1845.77 1825.38 1826.62 1827.36 1823.15 1826.84 1839.36 1848.15 1894.34 1948.34 2006.01 2054.03 2103.57 2156.11 2152.11 2140.32 2134.44 2063.46 1984.21
1901.40 1894.44 1889.75 1886.98 1873.10 1867.87 1870.78 1955.13 2024.70 2071.21 2051.80 2033.74 2011.53 1987.69 1970.00 1954.96 1997.64 2044.97 2097.09 2140.51 2173.12 2208.05 2199.62 2187.78
2175.10 2143.66 2109.79 2073.15 2011.69 1942.66 1862.93 1915.69 1950.66 1967.20 1922.40 1890.78 1859.23 1856.69 1859.70 1866.02 1888.08 1914.63 1943.03 2002.31 2068.32 2140.63 2069.93 1986.44
1889.72 1858.13 1841.45 1845.84 1707.69 1529.92 1266.52 1352.27 1401.39 1414.40 1410.42 1408.32 1405.00 1506.32 1599.97 1682.19 1743.24 1808.72 1878.57 1871.83 1861.27 1868.10 1922.36 1990.95
2069.53 1999.38 1923.18 1845.24 1832.73 1825.76 1824.22 1726.14 1646.28 1586.48 1592.59 1604.90 1614.69 1629.31 1655.45 1689.23 1747.31 1808.61 1873.57 1921.74 1959.20 1998.61 2027.12 2060.48
2098.98 2014.50 1920.29 1821.66 1772.14 1718.25 1663.79 1691.65 1708.29 1708.08 1640.19 1587.80 1548.98 1574.19 1631.18 1718.31 1803.20 1888.45 1972.85 2007.70 2039.40 2077.62 2096.15 2111.68
2125.84 2075.88 2023.37 1970.89 1889.70 1803.71 1719.89 1714.42 1707.57 1692.91 1575.40 1470.90 1380.41 1485.95 1635.94 1781.25 1808.24 1844.91 1889.68 1892.58 1909.02 1950.50 1960.24 1987.22
2025.89 1940.22 1844.21 1738.78 1686.23 1627.84 1562.18 1530.95 1497.36 1446.01 1240.04 1048.68 1057.68 1262.92 1413.19 1542.50 1656.29 1760.57 1861.70 1861.15 1848.53 1835.96 1840.65 1847.52
1869.67 1846.34 1824.57 1805.34 1704.51 1682.87 1789.84 1695.02 1590.79 1474.03 1638.59 1760.83 1852.72 1865.66 1884.85 1910.53 2005.22 2099.40 2195.43 2122.65 2020.38 1890.26 1882.45 1873.25
1868.78 1860.61 1852.76 1845.92 1856.53 1881.33 1919.16 1806.74 1687.70 1556.75 1704.43 1812.47 1893.07 1943.51 1994.65 2047.15 2095.56 2145.10 2198.95 2155.81 2095.55 2026.66 2027.26 2024.61
2023.58 1981.79 1935.04 1882.66 1870.31 1868.25 1879.72 1986.60 2059.88 2111.54 2095.23 2079.98 2077.31 2112.26 2150.23 2189.81 2198.10 2206.61 2216.56 2166.05 2106.69 2054.30 2007.52 1961.17
1921.39 1881.16 1833.90 1803.57 1822.93 1844.73 1869.37 1919.87 1953.22 1973.06 1891.67 1819.83 1768.76 1793.46 1821.28 1868.51 1853.54 1837.05 1815.13 1718.22 1619.84 1589.78 1573.93 1573.74
1594.83 1606.29 1628.16 1660.65 1627.68 1593.01 1556.50 1511.05 1475.66 1453.42 1392.91 1336.47 1279.59 1323.00 1439.70 1561.68 1642.62 1717.60 1791.75 1783.11 1761.97 1739.63 1815.25 1888.32
1959.37 1896.38 1825.88 1745.05 1769.26 1802.00 1839.46 1823.45 1802.30 1766.83 1649.82 1618.70 1657.98 1797.67 1917.01 2022.82 2083.04 2144.07 2211.36 2216.88 2213.51 2209.88 2198.35 2185.96
2173.22 2101.26 2021.23 1933.99 1922.39 1911.49 1902.68 1953.24 1992.07 2017.26 2057.52 2093.97 2123.49 2164.28 2214.03 2270.02 2292.37 2314.50 2343.54 2322.39 2289.93 2253.47 2181.60 2098.86
2009.21 1965.73 1918.68 1867.65 1850.78 1841.53 1841.05 1840.78 1844.79 1845.25 1940.76 2017.44 2093.89 2163.00 2232.21 2307.27 2343.98 2380.82 2420.11 2395.29 2361.47 2324.47 2270.47 2210.13
2146.20 2070.05 1981.34 1876.08 1862.36 1850.55 1840.06 1877.89 1906.36 1923.87 1942.48 1956.93 1981.06 2079.00 2166.56 2261.32 2272.75 2285.96 2298.80 2289.59 2274.24 2259.39 2205.35 2151.64
2101.61 2033.08 1958.18 1881.41 1850.24 1828.49 1819.91 1841.59 1888.96 1941.63 1927.60 1924.90 1917.79 1997.68 2073.45 2158.18 2168.86 2178.41 2189.76 2163.85 2125.97 2085.36 2026.62 1960.89
1887.97 1891.98 1897.43 1902.51 1872.11 1853.28 1846.60 1775.66 1697.46 1611.89 1740.98 1843.89 1930.58 1922.81 1920.15 1929.30 2009.02 2094.70 2183.53 2161.63 2131.85 2100.34 2076.14 2049.42
2023.69 1969.52 1908.64 1842.45 1774.52 1727.89 1695.73 1701.65 1734.35 1769.80 1809.83 1843.75 1878.07 1876.81 1884.33 1911.22 1996.62 2079.75 2166.35 2074.46 1958.22 1826.07 1799.97 1774.94
1750.84 1589.10 1471.72 1538.59 1180.63 1558.62 1832.75 1821.72 1812.17 1798.81 1779.62 1809.87 1871.71 1824.63 1781.20 1737.60 1830.00 1917.90 2005.71 1969.48 1928.91 1902.47 1894.37 1892.53
1900.30 1815.74 1724.98 1635.92 1416.67 1152.98 1259.66 1215.61 1214.32 1226.09 1482.43 1659.23 1779.49 1823.74 1873.68 1929.75 1937.39 1948.49 1966.77 1919.07 1865.85 1820.90 1714.17 1677.75
1748.16 1756.89 1787.75 1840.20 1710.21 1608.56 1609.40 1544.44 1509.33 1510.47 1473.96 1601.60 1755.71 1837.01 1915.36 1996.12 1986.76 1981.54 1984.75 1975.88 1961.11 1948.52 1957.99 1969.29
1982.26 1914.09 1840.38 1764.12 1804.66 1851.58 1904.36 1957.87 1995.53 2018.31 1939.39 1860.93 1796.21 1817.72 1847.19 1904.05 1903.57 1907.15 1916.25 1903.33 1882.00 1858.22 1839.05 1802.87
1764.73 1787.32 1810.32 1815.56 1721.49 1609.47 1468.81 1349.47 1305.51 1336.23 1423.22 1490.79 1555.83 1551.65 1555.76 1573.89 1603.55 1660.33 1739.97 1805.05 1867.56 1932.46 1947.51 1978.83
2025.58 1976.54 1929.04 1877.66 1819.25 1756.42 1690.20 1742.82 1782.79 1787.59 1676.95 1574.09 1508.85 1636.28 1779.73 1930.05 1992.53 2059.49 2134.08 2237.62 2330.23 2414.66 2360.09 2302.65
2244.69 2235.60 2226.45 2217.60 2168.30 2116.94 2061.03 2092.49 2113.57 2126.82 2170.28 2207.46 2254.45 2289.26 2330.45 2379.82 2395.74 2412.09 2430.44 2388.91 2338.13 2282.11 2234.27 2181.76
2124.45 2099.41 2074.22 2052.03 2017.03 1984.52 1956.47 2041.33 2106.56 2162.82 2169.86 2180.23 2185.69 2209.40 2238.04 2272.65 2295.60 2318.60 2343.92 2322.42 2293.18 2261.66 2224.60 2189.92
2158.72 2065.03 1957.74 1832.73 1792.46 1793.96 1807.29 1810.69 1904.57 2023.86 1985.01 1950.82 1926.70 2016.96 2103.02 2198.60 2179.18 2163.98 2154.52 2112.44 2062.02 2008.44 1956.70 1898.39
1835.73 1838.13 1850.65 1874.04 1803.07 1748.21 1724.49 1629.27 1521.15 1397.03 1475.87 1564.25 1637.89 1693.36 1756.16 1825.11 1905.72 1988.92 2073.50 2097.14 2127.81 2171.05 2104.90 2033.15
1962.04 1931.37 1909.85 1902.35 1848.93 1790.17 1722.09 1752.61 1771.09 1775.05 1840.92 1910.48 1975.49 2020.49 2074.35 2138.41 2167.14 2199.44 2237.76 2193.86 2137.77 2072.61 2006.53 1937.41
1870.85 1870.72 1873.21 1879.08 1832.61 1803.61 1798.04 1702.36 1611.72 1535.46 1606.46 1660.70 1699.16 1698.49 1728.54 1783.51 1865.53 1947.31 2029.81 2075.04 2116.86 2161.31 2144.57 2132.92
2131.58 2049.62 1960.34 1871.30 1837.11 1809.18 1786.34 1735.28 1685.37 1634.48 1649.04 1684.56 1725.67 1767.07 1820.66 1881.34 1935.15 1994.17 2060.14 2029.75 1999.49 1976.49 1961.24 1942.52
1924.99 1916.03 1908.49 1898.72 1888.32 1894.27 1899.62 1849.77 1784.00 1720.84 1724.14 1743.04 1765.56 1863.83 1958.30 2050.53 2115.18 2180.92 2249.27 2277.96 2303.77 2331.84 2300.48 2266.81
2232.80 2144.90 2045.04 1926.75 1873.90 1816.56 1754.00 1861.15 1949.33 2025.24 2043.62 2060.65 2080.60 2167.04 2255.30 2345.72 2321.49 2295.12 2268.21 2257.02 2242.89 2228.37 2199.79 2174.24
2152.43 2071.53 1982.59 1882.99 1912.97 1941.94 1969.64 2000.25 2022.05 2029.09 2039.05 2046.74 2059.74 2103.27 2148.79 2199.84 2226.72 2255.74 2287.04 2291.63 2292.64 2294.05 2254.91 2211.38
2164.90 2084.63 1996.57 1903.79 1882.49 1867.47 1853.95 1921.77 1976.79 2018.12 2009.37 2035.85 2089.81 2114.94 2141.94 2166.89 2190.09 2214.36 2241.49 2249.26 2256.40 2267.11 2201.60 2126.41
2041.86 1968.78 1891.38 1810.68 1773.79 1741.10 1710.11 1819.11 1909.77 1977.90 2013.19 2046.98 2072.69 2124.81 2177.80 2236.96 2260.69 2284.95 2316.46 2324.96 2335.13 2353.01 2268.34 2169.15
2049.82 1991.47 1929.97 1861.60 1835.88 1810.38 1788.80 1816.31 1833.26 1835.85 1888.95 1939.87 1979.90 1992.90 2019.23 2060.45 2096.60 2139.98 2195.24 2172.73 2145.67 2116.76 2046.42 1962.97
1866.31 1852.77 1839.46 1825.06 1804.84 1805.41 1826.05 1846.48 1856.63 1857.13 1830.83 1810.59 1781.73 1872.13 1951.63 2029.48 2062.51 2096.11 2136.27 2075.94 1998.79 1902.51 1855.70 1807.84
1761.27 1712.88 1662.42 1607.07 1614.30 1651.49 1701.26 1780.37 1847.87 1896.15 1940.44 1983.18 2016.34 1948.85 1893.69 1855.59 1855.56 1866.70 1897.51 1861.95 1828.62 1809.55 1804.72 1803.03
1806.82 1814.99 1852.63 1917.20 1805.65 1672.93 1504.29 1498.19 1487.63 1467.64 1459.35 1569.25 1680.11 1654.28 1631.51 1618.34 1620.10 1646.31 1707.69 1757.52 1811.16 1870.20 1879.73 1896.14
1921.20 1911.25 1910.72 1923.11 1895.33 1866.08 1837.76 1774.49 1705.94 1631.96 1480.23 1476.29 1571.64 1592.11 1643.65 1716.48 1688.72 1654.84 1625.46 1722.17 1832.89 1940.96 1929.81 1917.66
1903.30 1733.82 1502.77 1183.86 1497.83 1727.57 1910.89 2130.93 2302.31 2441.52 2417.59 2401.22 2387.14 2371.13 2357.59 2349.93 2333.88 2316.59 2303.05 2251.22 2184.98 2105.48 2125.89 2146.65
2168.48 2153.62 2138.09 2121.19 2122.67 2124.97 2127.16 2159.70 2169.00 2164.20 1987.85 1795.37 1558.50 1590.81 1622.66 1659.72 1700.78 1749.57 1808.36 1888.03 1965.30 2043.21 2038.36 2038.93
2042.76 2035.62 2027.37 2017.26 1983.05 1953.89 1931.70 1930.53 1927.17 1918.93 2067.43 2210.37 2325.29 2323.25 2324.24 2335.78 2358.52 2382.79 2410.93 2423.65 2436.06 2451.32 2389.97 2323.32
2252.85 2296.01 2338.49 2381.23 2362.80 2347.70 2337.74 2356.57 2365.77 2367.35 2345.91 2327.65 2306.66 2282.98 2262.99 2249.70 2265.62 2287.19 2320.97 2350.21 2380.10 2412.62 2353.18 2287.40
2217.65 2181.96 2151.70 2125.26 1797.00 1434.79 1810.61 2256.48 2585.34 2856.94 2897.64 2941.66 2989.28 2964.13 2938.69 2910.65 2862.50 2816.09 2775.22 2743.64 2710.50 2675.81 2648.17 2620.91
2594.37 2575.74 2558.76 2544.24 2555.32 2564.99 2575.68 2549.34 2521.29 2491.05 2404.31 2316.51 2217.95 2130.45 2039.29 1935.10 1947.32 1966.67 1993.17 1941.23 1891.62 1850.53 1812.58 1762.39
1714.28 1665.43 1734.90 1866.64 1825.04 1807.26 1814.51 1750.68 1686.15 1625.60 1657.32 1713.28 1781.63 1825.66 1868.91 1909.70 1846.27 1770.56 1682.53 1764.26 1840.80 1913.09 1823.16 1734.18
1662.12 1632.27 1601.50 1570.70 1515.32 1451.76 1381.62 1432.46 1622.73 1774.65 1797.24 1825.18 1846.03 1884.76 1925.02 1961.92 1959.20 1979.13 2024.72 2025.26 2029.69 2039.32 2013.07 1988.54
1969.99 1958.60 1965.79 1991.78 1956.92 1921.91 1886.30 1928.85 1954.84 1972.51 1969.21 1972.51 1972.82 1837.17 1696.19 1574.86 1403.75 1139.42 1195.04 1254.82 1580.57 1810.02 1807.08 1821.48
1854.55 1707.19 1537.31 1406.15 1599.29 2146.23 2493.73 2547.97 2601.13 2658.24 2633.87 2611.58 2584.04 2520.89 2457.82 2389.96 2302.87 2198.94 2074.88 2096.88 2120.53 2147.04 2135.83 2123.91
2115.22 2118.69 2123.81 2130.96 2111.72 2090.31 2067.76 2061.25 2042.84 2028.67 2008.83 1995.92 1992.06 1985.51 1989.09 1989.84 2003.45 2016.12 2028.49 2055.13 2085.54 2118.95 2109.63 2093.04
2075.53 1991.65 1943.86 1934.26 1915.80 1904.59 1900.53 1675.98 1528.64 1633.29 1832.39 1980.55 2089.41 2110.29 2133.07 2160.04 2110.44 2051.32 1984.83 1995.98 2008.16 2020.22 2018.86 2020.87
2025.46 2014.91 2013.24 2017.92 1971.23 1941.14 1931.11 1915.21 1890.69 1860.23 1892.72 1922.20 1938.52 1847.16 1751.03 1654.06 1674.98 1694.53 1718.12 1595.11 1433.93 1202.35 1414.25 1605.56
1765.18 1809.28 1857.78 1908.95 1877.81 1848.94 1822.49 1775.73 1720.57 1659.36 1845.68 2007.67 2127.12 2169.98 2212.35 2261.84 2274.63 2289.90 2311.04 2303.34 2294.65 2287.87 2269.67 2251.81
2235.63 2231.63 2227.61 2222.13 2036.81 1828.51 1691.21 1412.18 1481.09 1711.89 2046.50 2282.08 2465.76 2379.29 2282.34 2183.81 2164.10 2134.05 2085.99 2123.52 2162.25 2201.77 2224.26 2246.55
2269.93 2258.36 2244.66 2229.03 2221.02 2211.26 2203.19 2160.46 2110.15 2053.71 1982.88 1940.50 1919.72 1892.66 1872.65 1862.91 1957.49 2050.71 2134.48 2163.27 2198.28 2236.47 2227.21 2217.82
2209.16 2182.50 2156.20 2129.18 2129.92 2131.69 2131.90 2054.53 1964.42 1867.57 2005.79 2125.52 2218.64 2234.59 2251.60 2273.85 2287.44 2302.49 2316.06 2325.40 2334.45 2343.71 2263.86 2174.01
2071.79 2025.41 1979.70 1939.76 2007.83 2070.89 2129.33 2131.96 2127.18 2119.35 2100.08 2085.41 2071.27 2135.76 2200.48 2269.84 2284.05 2297.26 2310.26 2083.25 1819.11 1700.52 2010.53 2448.36
2807.90 2792.80 2779.51 2769.18 2720.65 2670.82 2622.72 2722.18 2807.90 2885.06 2815.27 2750.47 2690.44 2686.06 2683.11 2685.74 2669.93 2653.71 2637.22 2617.49 2598.72 2582.84 2527.17 2466.85
2401.44 2334.71 2264.88 2193.10 2173.84 2186.95 2227.19 2268.26 2295.75 2315.15 2193.01 2070.89 1950.34 1922.18 1896.45 1878.14 1744.84 1598.87 1535.53 1543.52 1621.78 1728.57 1812.01 1917.34
2028.25 2033.63 2039.73 2046.61 2060.68 2076.64 2091.44 1989.47 1875.09 1761.99 1873.10 1973.22 2051.86 2017.24 2002.73 2011.73 2041.47 2085.76 2144.72 2155.02 2166.08 2176.34 2160.31 2146.84
2135.32 2112.79 2091.69 2074.08 1989.19 1888.08 1801.59 1824.20 1835.72 1839.60 1901.81 2009.65 2119.93 2126.78 2134.58 2150.42 2124.94 2095.63 2060.30 2116.05 2177.70 2243.92 2186.01 2129.85
2083.03 2072.17 2061.91 2055.57 2087.60 2120.93 2157.88 2184.67 2207.19 2228.10 2191.16 2159.37 2130.24 2180.79 2228.25 2277.69 2274.39 2270.54 2266.44 2249.11 2232.57 2215.57 2175.83 2134.03
2090.57 2023.84 1945.54 1852.82 1855.90 1862.26 1868.88 1961.02 2065.50 2164.51 2239.34 2324.94 2407.90 2430.59 2463.43 2500.13 2557.85 2614.74 2670.27 2735.86 2801.66 2870.54 2936.87 3002.00
3066.86 2999.88 2927.17 2847.16 2789.30 2728.34 2666.43 2671.20 2668.97 2665.06 2558.74 2452.89 2342.91 2349.03 2357.17 2369.44 2341.08 2308.50 2270.92 2252.09 2232.19 2212.79 2049.56 1853.02
1628.87 1489.35 1606.66 1805.84 1825.10 1878.40 1917.07 1867.60 1813.07 1757.14 1862.17 1960.64 2045.05 2018.53 2003.09 2001.47 2034.27 2069.36 2104.87 1986.48 1845.56 1668.11 1551.48 1555.17
1761.86 1752.40 1742.98 1732.68 1934.86 2112.14 2242.52 2246.22 2241.19 2231.54 2264.39 2304.58 2348.17 2305.07 2259.69 2217.74 2222.78 2226.73 2223.09 2193.17 2153.42 2108.79 2083.48 2057.65
2032.25 2019.27 2005.04 1991.27 1935.40 1876.57 1815.98 1741.22 1699.46 1699.16 1769.76 1904.87 2030.46 2064.77 2102.51 2144.92 2150.72 2156.58 2158.55 2170.46 2185.66 2202.30 2199.64 2198.02
2198.39 2180.15 2160.21 2139.74 2112.69 2093.31 2084.01 2061.11 2030.71 1997.33 2095.23 2175.93 2241.64 2217.50 2197.46 2182.89 2143.21 2097.20 2041.52 2043.15 2054.84 2075.53 2056.80 2044.51
2042.86 2029.37 2013.85 1998.30 1906.02 1896.98 1949.79 1869.73 1778.24 1681.61 1684.43 1685.07 1675.06 1787.77 1881.11 1966.93 1967.84 1971.94 1971.41 1971.07 1972.08 1977.79 1943.54 1924.84
1929.31 1929.56 1932.20 1936.60 1917.85 1899.52 1879.32 1855.05 1844.00 1843.83 2009.68 2136.70 2236.04 2232.95 2238.39 2251.21 2187.75 2119.91 2048.41 2084.13 2121.07 2162.21 2111.65 2054.71
1990.87 1960.16 1930.26 1895.62 1898.80 1902.41 1905.13 1783.75 1616.32 1499.74 1594.08 1715.25 1814.32 2003.81 2154.37 2284.25 2407.45 2516.77 2623.99 2664.35 2714.23 2775.04 2789.06 2802.83
2818.11 2800.14 2781.64 2761.85 2742.98 2724.33 2704.15 2687.73 2669.33 2650.28 2577.27 2499.66 2415.43 2385.85 2356.50 2321.35 2260.18 2201.55 2146.18 2099.38 2052.45 2005.53 1932.27 1847.30
1753.55 1718.08 1684.14 1648.20 1674.12 1677.83 1686.32 1575.58 1460.93 1388.78 1079.14 1203.00 1394.29 1649.80 1829.31 1977.47 1989.52 2000.48 2009.46 2045.01 2082.40 2125.38 2123.89 2134.42
2157.49 2158.02 2159.24 2161.54 2129.73 2094.37 2057.19 2073.92 2078.54 2078.65 2099.31 2126.25 2155.82 2179.09 2206.78 2238.08 2199.49 2156.16 2104.59 2160.88 2215.55 2266.65 2264.78 2269.67
2282.68 2208.46 2128.88 2042.13 2010.98 1979.32 1948.03 1971.67 1985.27 1995.35 1972.36 1966.40 1970.19 1652.31 1699.51 2016.13 2393.93 2718.90 3009.41 3066.46 3120.83 3174.06 3173.01 3171.70
3169.63 3169.12 3168.63 3168.15 3159.71 3151.24 3143.89 3106.57 3062.07 3017.17 2962.94 2909.38 2862.60 2784.12 2708.83 2633.11 2634.16 2637.39 2638.21 2526.70 2397.24 2245.08 2228.30 2213.28
2199.54 2188.14 2187.48 2200.72 2124.84 2066.15 2044.66 1887.72 1705.34 1600.48 1870.90 2130.78 2345.56 2240.57 2120.92 1987.38 2066.72 2144.15 2218.32 2092.42 1944.63 1756.56 1618.39 1469.11
1417.15 1216.27 1518.69 1777.31 1901.31 2014.90 2114.37 2106.34 2098.49 2091.47 2074.97 2066.86 2068.49 2180.86 2274.98 2363.27 2426.68 2487.97 2545.79 2474.89 2397.00 2316.35 2259.45 2197.63
2133.04 2171.59 2209.66 2248.48 2259.47 2271.43 2285.25 2258.24 2223.91 2189.74 2105.36 2022.68 1942.27 1863.80 1799.89 1756.93 1881.71 2001.24 2108.55 2133.85 2158.60 2183.06 2134.97 2088.46
2043.49 1919.95 1773.08 1596.60 1606.42 1664.12 1746.65 1624.15 1473.08 1307.55 1415.00 1677.74 1863.79 1881.98 1905.77 1936.95 1995.73 2056.82 2112.62 2118.29 2125.91 2134.05 2157.56 2186.35
2216.84 2150.73 2080.08 2009.91 1978.88 1949.92 1925.73 1878.21 1818.58 1755.86 1879.11 1998.99 2098.52 2085.23 2079.68 2068.62 2005.48 1933.02 1841.89 1915.68 1986.71 2056.32 1929.75 1801.53
1679.46 1731.60 1786.97 1846.52 1805.11 1829.58 1907.62 1841.52 1767.59 1694.86 1261.47 1288.59 1625.50 1630.09 1643.19 1665.73 1660.69 1683.13 1729.36 1692.04 1650.90 1607.61 1621.14 1689.59
1787.26 1807.68 1836.75 1871.83 1813.87 1749.34 1676.90 1687.48 1743.87 1797.14 1793.04 1779.99 1769.57 1869.32 1978.27 2085.51 2094.20 2104.50 2113.33 2139.45 2169.25 2200.60 2168.56 2140.09
2118.31 2099.36 2087.54 2085.87 2087.49 2090.35 2093.82 2156.58 2203.56 2242.42 2310.97 2400.06 2494.87 2496.16 2503.82 2516.73 2496.55 2475.06 2450.75 2475.35 2499.84 2526.07 2515.24 2504.17
2492.71 2444.36 2394.34 2340.93 2311.84 2287.79 2268.77 2259.75 2244.18 2225.38 2232.16 2241.85 2256.09 2239.35 2243.74 2269.57 2263.14 2255.91 2242.96 2252.85 2264.10 2278.08 2188.08 2090.88
1990.82 1979.90 1967.19 1954.34 1931.38 1917.47 1915.99 1783.06 1623.49 1450.02 1484.27 1887.98 2141.04 2211.42 2289.76 2371.63 2312.09 2239.35 2147.59 2169.86 2185.73 2201.86 2184.44 2168.40
2155.49 2139.98 2124.52 2107.39 1956.72 1808.96 1736.80 1368.32 1454.07 1747.20 1683.52 1686.44 1732.22 1680.05 1711.56 1808.88 1756.09 1837.58 2007.23 1942.61 1856.84 1768.62 1765.40 1769.29
1782.57 1696.81 1612.57 1546.80 1489.06 1461.69 1363.91 1316.97 1257.73 1186.87 1578.57 1794.72 1940.42 2008.30 2072.23 2134.41 2154.18 2173.69 2188.22 2209.77 2231.00 2251.56 2261.52 2272.16
2282.83 2282.57 2284.97 2291.40 2270.16 2249.40 2227.12 2239.71 2247.18 2250.26 2235.63 2219.53 2201.42 2188.81 2178.91 2174.65 2181.46 2189.11 2189.66 2205.48 2218.47 2232.29 2254.11 2277.93
2304.22 2301.87 2300.79 2299.92 2249.06 2194.28 2136.45 2116.94 2111.64 2116.35 2163.43 2205.30 2235.05 2260.78 2289.85 2323.13 2248.31 2156.20 2039.63 2027.03 2012.68 1999.17 1768.74 1603.16
1758.73 1971.69 2164.83 2337.66 2468.42 2591.61 2707.88 2754.99 2796.37 2837.72 2783.38 2727.87 2668.59 2634.16 2602.46 2573.07 2554.07 2534.00 2505.54 2543.62 2575.90 2607.75 2565.72 2521.62
2473.36 2466.60 2459.94 2451.68 2372.91 2299.49 2237.28 2085.54 1898.54 1643.42 1811.42 1940.25 2032.98 1815.29 1613.47 1609.54 1484.03 1744.15 2004.39 2003.13 2009.13 2022.52 2000.18 1972.84
1946.35 1969.56 1993.71 2012.95 1950.86 1942.88 1970.60 1981.12 1983.95 1981.94 1981.91 2017.95 2076.22 2082.22 2101.01 2128.05 2181.47 2237.18 2290.59 2280.32 2274.36 2275.37 2245.11 2225.49
2219.77 2215.49 2210.18 2207.04 2203.68 2205.01 2212.51 2220.64 2226.65 2229.68 2194.71 2167.53 2149.80 2079.07 2046.38 2062.83 2063.88 2076.74 2100.54 2104.79 2118.38 2142.85 2161.46 2180.12
2199.02 2168.61 2174.33 2219.21 2229.67 2307.67 2430.58 2451.63 2466.16 2475.80 2421.41 2367.57 2315.83 2243.60 2177.74 2121.92 2149.56 2181.29 2211.33 2208.15 2206.21 2204.79 2218.76 2237.60
2259.39 2268.67 2278.12 2286.23 2318.01 2350.21 2373.72 2325.04 2258.67 2185.03 2128.69 2075.20 2021.76 1881.09 1725.90 1552.01 1627.75 1720.29 1811.05 1835.57 1908.62 2005.81 1937.47 1910.61
1940.27 1862.78 1776.47 1675.69 1774.25 1869.51 1958.24 1964.07 1976.88 1994.20 2122.75 2218.83 2293.66 2282.11 2274.99 2271.46 2263.10 2251.99 2224.13 2190.83 2155.88 2132.65 2122.34 2109.03
2100.97 2009.35 1994.56 2099.67 2126.89 2198.08 2296.56 2282.70 2260.87 2232.25 2134.43 2042.41 1948.18 1833.65 1743.84 1696.50 1809.27 1916.55 2014.03 1987.68 1958.78 1930.30 1933.93 1957.08
1977.07 1839.63 1765.72 1823.68 1863.66 1904.29 1941.50 1908.59 1869.71 1823.78 1986.27 2106.09 2195.88 2241.48 2287.68 2331.90 2283.47 2226.73 2153.78 2158.97 2165.09 2169.71 2162.22 2155.54
2151.83 2144.89 2148.53 2162.46 2146.39 2147.18 2168.00 2096.16 2265.77 2477.22 2426.83 2376.40 2327.91 2307.04 2292.09 2283.74 2259.64 2232.26 2196.94 2211.55 2227.65 2245.27 2261.49 2279.35
2297.11 2300.12 2302.30 2306.13 2288.22 2269.92 2251.88 2238.74 2218.54 2191.88 2072.66 1934.57 1783.67 1704.99 1681.04 1717.99 1757.03 1811.53 1879.05 1932.56 1983.96 2034.16 2014.22 2022.38
2056.61 2103.32 2147.58 2191.32 2194.02 2199.71 2208.00 2178.23 2145.21 2108.07 2215.34 2297.36 2359.74 2357.96 2361.56 2369.23 2311.97 2242.97 2153.99 2170.87 2187.13 2201.34 2192.86 2186.80
2183.07 2169.76 2158.07 2147.82 2123.12 2097.17 2071.46 2052.85 2032.71 2008.07 1862.27 1703.61 1531.28 1290.16 1018.35 1285.58 1619.91 1861.61 2057.76 2093.28 2134.11 2177.47 2430.88 2663.70
2874.02 2907.54 2943.47 2981.07 3033.80 3086.54 3139.47 3068.28 2987.45 2896.29 2879.61 2863.26 2846.93 2775.37 2703.93 2628.85 2594.35 2558.17 2522.18 2510.80 2501.02 2496.79 2494.32 2491.93
2493.18 2425.94 2352.06 2271.38 2271.60 2272.65 2273.51 2280.29 2282.71 2279.20 2250.65 2223.26 2200.18 2095.07 2000.11 1928.39 2039.59 2146.68 2243.70 2257.73 2271.34 2284.91 2286.55 2288.77
2292.51 2285.55 2282.28 2283.67 2215.44 2147.75 2083.61 1964.88 1822.96 1739.26 1635.07 1764.81 1968.16 2057.30 2150.92 2240.52 2212.96 2183.04 2144.23 2157.26 2171.16 2184.89 2188.21 2192.97
2202.88 2208.95 2215.13 2223.67 2234.25 2250.44 2269.07 2286.89 2295.56 2294.28 2335.71 2377.98 2405.44 2372.15 2348.26 2332.48 2289.92 2246.70 2202.85 2175.50 2151.20 2133.15 2105.15 2075.65
2044.25 1921.00 1772.67 1577.27 1462.84 1314.53 1161.98 1316.42 1525.44 1662.63 1667.92 1679.48 1693.14 1799.48 1932.99 2059.69 2114.49 2170.17 2219.98 2224.08 2229.05 2233.78 2228.88 2222.22
2215.66 2170.85 2121.88 2070.38 2076.61 2084.15 2092.15 2092.15 2086.45 2068.72 2091.85 2120.16 2147.18 2122.22 2100.01 2081.85 2108.07 2135.88 2157.98 2148.68 2155.00 2178.10 2159.67 2142.47
2125.34 2113.37 2101.04 2086.02 2033.30 1975.55 1911.77 1618.34 1123.64 1566.87 1863.10 2075.76 2237.85 2357.81 2477.29 2596.09 2645.38 2696.21 2742.88 2736.80 2729.75 2723.57 2793.00 2861.12
2928.84 2903.42 2876.41 2848.52 2820.60 2791.80 2762.13 2789.06 2810.76 2824.52 2811.09 2797.13 2784.01 2778.39 2777.30 2780.33 2732.15 2681.63 2624.15 2547.31 2458.64 2361.26 2308.48 2260.41
2224.19 2218.18 2232.41 2265.98 2219.11 2200.06 2216.53 2188.00 2155.57 2114.45 2102.29 2080.99 2056.51 1983.09 1915.21 1837.65 1631.09 1378.14 1536.02 1201.86 1408.05 1681.29 1794.51 1909.56
2017.22 2018.24 2019.15 2019.88 2053.46 2089.34 2124.66 1925.85 1677.69 1450.88 1717.66 1896.87 2029.13 2111.20 2206.26 2301.92 2272.80 2261.86 2271.67 2278.61 2287.53 2295.47 2227.02 2155.99
2074.34 2022.54 1969.88 1914.61 2030.80 2148.70 2265.17 2270.80 2275.61 2281.76 2274.29 2269.07 2263.90 2183.29 2101.37 2014.34 2001.89 1986.98 1968.84 1909.50 1841.98 1773.32 1818.52 1878.09
1971.65 1926.23 1881.72 1841.15 1570.83 1629.68 1822.05 1824.15 1947.17 2082.59 1957.78 1801.60 1626.94 1659.31 1704.81 1759.62 1618.36 1576.76 1720.28 1939.81 2124.58 2284.23 2267.01 2253.00
2244.02 2087.78 1899.68 1676.96 1594.88 1659.32 1806.50 1737.26 1735.70 1798.60 1553.15 1581.16 1788.10 1654.72 1605.34 1669.29 1552.94 1458.57 1490.92 1382.69 1399.61 1542.72 1499.26 1610.03
1769.59 1752.79 1739.34 1726.65 1708.37 1690.48 1673.57 1796.25 1906.64 1992.00 1901.41 1812.73 1727.86 1415.22 1114.24 1502.04 1632.59 1774.90 1906.85 1873.16 1893.19 1964.35 1896.94 1821.16
1737.37 1832.12 1925.39 2014.99 2009.05 2004.31 1998.97 1907.27 1811.23 1713.36 1710.37 1750.59 1806.51 1836.03 1869.88 1904.24 1945.37 1992.22 2039.58 2109.27 2196.11 2291.61 2248.35 2244.07
2285.19 2234.17 2186.78 2146.53 2061.66 1977.38 1897.13 1994.40 2072.80 2128.62 2174.25 2230.97 2282.44 2211.19 2137.06 2066.72 2019.27 1996.19 2008.75 2033.69 2081.93 2147.41 2129.21 2110.20
2089.77 2081.76 2077.48 2074.42 1988.16 1913.99 1865.84 1928.66 1982.89 2026.41 1991.64 1963.63 1945.35 1952.19 1962.21 1970.60 1956.19 1943.50 1928.86 1974.18 2018.30 2060.36 2082.83 2103.52
2127.53 2070.75 2009.50 1941.56 1956.72 1974.23 1991.87 2061.84 2132.96 2195.49 2116.27 2150.30 2247.54 2258.77 2283.40 2317.53 2272.95 2224.65 2170.54 2181.52 2193.68 2208.33 2187.70 2166.11
2143.73 2179.89 2215.88 2249.50 2259.69 2270.65 2279.76 2321.70 2357.66 2384.09 2311.33 2299.33 2336.81 2285.17 2285.19 2326.54 2255.12 2176.03 2089.64 2015.09 1973.66 1986.11 1925.67 1891.87
1873.26 1840.51 1875.97 1966.72 2038.60 2130.11 2217.60 2248.62 2279.56 2305.12 2333.20 2432.34 2555.39 2563.76 2587.96 2626.05 2531.28 2415.82 2273.56 2228.45 2178.53 2124.58 2078.28 2034.84
1999.35 2033.60 2066.50 2099.48 2031.01 1975.66 1942.32 1995.64 2047.13 2088.39 2118.09 2186.50 2265.98 2197.34 2131.54 2066.91 2138.57 2215.19 2289.72 2294.84 2300.71 2306.11 2304.56 2301.39
2296.60 2288.57 2281.17 2273.24 2225.97 2174.84 2122.50 2165.71 2200.11 2220.72 2081.95 1947.46 1836.28 1819.58 1850.49 1917.57 1930.26 1943.81 1956.67 1984.51 2011.51 2039.78 1929.20 1897.13
