1268.82 1634.60 1872.60 2057.54 2159.03 2251.24 2333.78 2421.06 2493.91 2555.88 2606.32 2655.56 2702.34 2711.82 2726.98 2746.85 2670.93 2585.62 2480.75 2472.88 2463.48 2450.77 2480.17 2508.91
2537.39 2535.92 2536.39 2537.62 2502.29 2480.97 2475.28 2491.02 2505.08 2518.29 2494.61 2479.60 2471.88 2432.76 2395.77 2358.26 2361.16 2365.55 2370.49 2290.76 2205.62 2112.14 2043.75 1983.59
1945.20 1979.63 2032.58 2081.80 1972.99 1853.50 1738.06 1760.95 2067.75 2370.26 2399.33 2373.22 2345.10 2350.85 2363.72 2375.74 2315.05 2253.29 2182.82 2296.16 2404.59 2509.67 2489.53 2472.34
2456.39 2424.42 2403.88 2396.27 2444.28 2494.53 2545.49 2467.43 2412.83 2388.50 2386.85 2382.61 2376.68 2284.42 2192.54 2104.79 1988.24 1849.18 1671.20 1615.72 1929.56 2199.60 2227.15 2262.13
2282.50 2283.53 2285.64 2286.51 2287.80 2288.38 2289.20 2226.94 2158.52 2082.21 2068.51 2002.61 1938.49 2005.61 2070.71 2135.23 2175.78 2221.14 2260.60 2254.45 2252.60 2256.99 2260.28 2264.29
2267.67 2277.42 2289.35 2304.32 2307.71 2313.96 2322.31 2329.12 2330.85 2326.60 2371.69 2407.04 2432.43 2430.73 2433.73 2441.38 2408.45 2373.65 2327.47 2397.64 2466.09 2530.42 2535.37 2541.43
2545.35 2507.21 2470.21 2434.27 2460.28 2475.90 2492.09 2520.41 2530.78 2529.71 2398.62 2278.24 2177.64 2137.17 2099.31 2067.29 2095.66 2124.73 2131.66 2130.58 2141.03 2163.99 2166.50 2167.15
2168.47 2165.01 2159.95 2155.59 2153.52 2152.19 2152.95 2079.98 2006.71 1934.62 1812.46 1822.34 1923.23 1946.19 2007.91 2091.76 2119.54 2150.56 2180.03 2254.72 2327.43 2399.33 2457.73 2509.57
2561.33 2508.66 2451.48 2390.33 2364.64 2336.51 2306.37 2308.92 2311.58 2313.64 2317.19 2347.50 2391.85 2347.97 2307.64 2268.12 2258.36 2249.53 2212.29 2175.04 2121.00 2082.68 2015.92 1940.28
1856.19 1956.00 2088.70 2224.21 2124.01 2007.97 1869.88 1854.03 1868.27 1902.65 1891.65 1898.78 1926.00 1992.36 2069.72 2147.05 2114.64 2082.81 2049.41 2033.83 2023.32 2020.21 2048.24 2079.00
2112.99 2155.61 2188.17 2219.60 2252.51 2287.46 2319.70 2369.49 2384.04 2390.90 2405.60 2420.65 2435.77 2429.29 2422.40 2415.51 2423.02 2433.06 2420.81 2316.47 2202.12 2077.14 2073.99 2069.88
2068.47 2118.74 2185.62 2265.25 2274.21 2297.73 2336.31 2251.04 2313.38 2457.65 2555.75 2678.35 2794.00 2776.55 2760.85 2744.48 2675.38 2594.16 2499.36 2481.64 2487.85 2519.82 2482.35 2443.18
2401.87 2361.42 2318.91 2276.34 2247.11 2216.47 2188.20 2303.51 2401.59 2481.66 2461.27 2447.12 2438.67 2393.13 2350.33 2309.44 2282.26 2259.44 2237.09 2230.81 2225.33 2217.90 2211.40 2206.10
2201.05 2164.52 2123.53 2078.10 2101.46 2084.92 2069.39 2081.52 2101.75 2125.95 2100.07 2077.35 2054.04 2023.28 1995.95 1976.22 1843.31 1694.67 1574.87 1485.29 1411.28 1409.13 1220.48 1306.38
1226.80 1567.05 1796.04 1970.12 1924.66 1878.54 1829.38 1767.58 1710.24 1660.07 1843.33 1989.47 2107.78 2105.16 2108.70 2117.30 2132.10 2134.25 2114.56 2090.85 2037.59 1982.30 2029.01 2079.53
2135.20 2181.57 2229.76 2278.71 2265.96 2259.75 2262.82 2253.66 2239.78 2218.91 2203.83 2212.62 2234.11 2288.38 2348.57 2410.52 2432.53 2457.41 2484.14 2502.99 2512.10 2499.90 2486.12 2470.92
2442.03 2409.38 2385.87 2372.36 2401.62 2430.22 2450.70 2402.55 2358.09 2317.42 2193.69 2151.46 2193.79 2186.10 2183.13 2184.32 2015.44 1831.33 1756.31 1765.99 1778.31 1791.40 1612.73 1367.10
1266.21 1175.71 1412.10 1629.12 1821.34 2039.74 2227.13 2269.89 2304.97 2330.27 2396.04 2457.77 2509.38 2565.95 2620.83 2672.68 2670.45 2666.93 2663.13 2631.32 2597.98 2564.19 2537.69 2515.95
2498.00 2397.50 2369.85 2416.11 2422.48 2759.53 3095.07 3122.44 3148.55 3171.46 3178.83 3186.60 3192.30 3153.75 3118.03 3085.83 3041.09 2994.25 2944.71 2896.48 2847.60 2800.68 2750.05 2696.74
2642.47 2595.92 2547.88 2498.53 2417.12 2331.08 2245.11 2246.92 2244.28 2233.71 2089.65 1931.81 1752.64 1294.54 1531.99 1720.09 1578.93 1567.24 1724.62 1935.95 2109.95 2260.09 2286.30 2320.00
2359.04 2331.47 2304.64 2277.87 2310.66 2344.35 2377.84 2468.51 2543.27 2601.14 2650.16 2689.04 2718.35 2735.68 2754.75 2774.80 2744.13 2713.16 2670.73 2726.83 2781.68 2832.48 2823.60 2805.87
2780.36 2757.77 2734.61 2709.82 2737.88 2765.05 2791.07 2772.70 2749.82 2724.20 2675.66 2626.10 2578.98 2562.32 2547.13 2526.46 2409.86 2276.02 2117.43 1794.55 1949.87 1772.32 2103.92 2658.70
3049.77 2990.92 2924.83 2853.55 2879.90 2901.99 2884.93 2901.74 2902.70 2881.93 2872.60 2863.71 2852.13 2774.87 2701.36 2630.64 2538.75 2432.89 2306.16 2209.51 2110.26 2018.92 1864.55 1815.14
1797.14 1858.05 1967.56 2086.89 2068.33 2075.17 2103.03 2035.40 1957.32 1863.93 1938.78 1998.95 2046.56 2033.69 2035.63 2050.62 2095.93 2175.39 2278.24 2198.85 2145.87 2140.39 2181.54 2238.89
2307.44 2317.05 2327.23 2340.67 2288.85 2251.75 2237.61 2160.38 2062.14 1940.70 1896.23 1965.84 2075.47 2102.50 2133.01 2168.64 2120.41 2070.32 2019.11 2019.17 2036.32 2069.42 2033.87 1996.18
1953.71 1932.13 1886.01 1823.66 1722.50 1683.10 1739.94 1687.23 1660.81 1663.14 1385.51 1686.03 1962.24 1861.95 1812.70 1835.46 1947.13 2051.37 2148.32 2165.08 2183.13 2201.59 2128.14 2096.30
2117.55 2079.19 2039.64 1999.37 1890.13 1898.04 1949.88 1898.24 1846.88 1796.24 1910.52 2049.46 2169.34 2130.75 2107.84 2102.35 2021.53 1923.59 1801.65 1557.48 1680.16 1899.71 2036.65 2173.54
2301.40 2297.30 2294.66 2292.66 2326.80 2365.85 2409.17 2426.36 2412.84 2391.76 2327.93 2264.83 2200.14 1878.28 1898.90 2182.15 2044.91 2205.95 2500.25 2704.42 2889.47 2955.03 2938.82 2920.17
2901.79 2877.49 2851.82 2827.71 2731.99 2632.81 2537.51 2472.98 2400.95 2322.33 2235.35 2149.62 2071.22 2015.19 1960.96 1913.84 1921.53 1955.52 2009.91 1978.57 2015.42 2101.97 2060.59 2027.00
2008.76 1897.44 1802.57 1767.41 1862.49 1904.85 1931.90 1880.09 1822.85 1760.29 1881.13 2014.77 2107.22 2177.80 2265.00 2357.15 2308.52 2256.11 2194.80 2187.42 2179.38 2170.86 2160.07 2149.89
2140.06 2136.40 2134.24 2131.73 2159.82 2186.38 2210.15 2267.91 2317.94 2358.43 2393.83 2425.58 2452.60 2431.51 2415.63 2403.22 2400.98 2400.49 2401.94 2400.24 2397.68 2395.54 2366.64 2337.90
2311.82 2224.03 2131.97 2045.88 2024.52 2006.87 1995.71 1853.69 1684.90 1522.26 1716.10 1904.63 2025.09 1989.44 1961.20 1942.05 1979.01 2017.84 2058.64 2069.19 2079.90 2091.65 2116.92 2150.98
2190.28 2148.72 2105.91 2060.32 2022.65 1984.11 1945.38 1947.38 1942.35 1930.92 2065.93 2184.63 2291.70 2302.21 2315.34 2330.42 2278.89 2222.96 2162.99 2185.56 2210.16 2237.77 2301.49 2366.41
2430.15 2425.09 2421.62 2414.89 2413.05 2409.25 2408.78 2381.06 2349.11 2311.40 2346.91 2378.95 2410.70 2406.85 2405.49 2409.74 2390.54 2370.91 2352.83 2378.53 2405.37 2434.36 2441.93 2449.67
2459.43 2438.47 2415.30 2392.81 2361.24 2326.86 2291.79 2278.16 2262.90 2242.32 2199.50 2166.77 2141.47 2065.97 1993.64 1923.04 1907.46 1922.55 1976.84 2003.18 2033.23 2060.58 2081.16 2095.33
2115.22 2126.65 2139.89 2155.55 2170.93 2186.97 2203.76 2188.13 2166.73 2138.55 2169.25 2193.29 2212.56 2258.05 2301.93 2346.35 2301.43 2251.49 2197.98 2256.01 2314.33 2372.47 2368.78 2369.11
2374.82 2364.39 2354.54 2343.98 2316.01 2288.67 2259.93 2239.61 2212.35 2179.47 2233.81 2283.14 2327.83 2289.98 2256.45 2227.26 2179.45 2129.12 2078.97 2200.71 2310.56 2413.93 2474.40 2534.92
2596.24 2603.72 2612.10 2599.93 2593.38 2579.00 2572.75 2364.78 2270.33 2227.20 2220.65 2276.14 2369.40 2406.23 2532.45 2719.62 2746.45 2750.07 2753.43 2739.31 2723.98 2712.66 2730.75 2750.13
2770.68 2759.07 2757.40 2766.86 2738.94 2710.90 2679.75 2737.36 2792.97 2845.88 2762.77 2680.30 2593.45 2588.26 2585.55 2587.73 2544.80 2504.28 2465.71 2394.00 2321.89 2252.54 2259.85 2267.67
2278.10 2296.12 2314.99 2335.58 2392.54 2465.18 2547.18 2529.99 2510.20 2490.66 2396.79 2296.46 2189.12 2223.41 2255.60 2287.05 2268.71 2270.12 2291.59 2219.55 2143.24 2057.62 2038.96 2029.78
2027.20 2046.13 2073.57 2106.64 2069.88 2007.09 1902.82 2034.14 2159.65 2272.34 2159.82 2033.77 1898.76 1952.74 2052.18 2126.98 2087.15 2052.10 2023.46 2006.19 1979.66 1919.96 1953.55 1983.02
1987.62 2029.98 2049.46 2080.43 2126.48 2170.51 2212.62 2279.15 2328.60 2363.58 2354.47 2345.58 2342.54 2290.03 2213.04 2135.71 2000.24 1840.70 1643.22 1885.09 2068.09 2223.17 2300.19 2371.10
2441.25 2348.00 2396.19 2555.79 2605.98 2741.95 2891.65 2841.86 2789.63 2737.96 2683.77 2629.65 2577.92 2503.73 2429.91 2360.10 2259.43 2151.16 2054.23 1956.79 1845.01 1722.02 1580.42 1717.78
1858.81 1708.07 1509.45 1233.71 1542.68 1784.99 1970.29 2045.01 2101.82 2144.40 2274.28 2375.50 2458.21 2481.92 2509.13 2538.36 2511.24 2479.77 2446.90 2525.29 2600.67 2672.88 2693.77 2719.35
2745.70 2742.47 2740.45 2741.83 2763.44 2784.42 2802.48 2796.11 2783.57 2765.33 2763.45 2768.04 2776.86 2717.30 2657.80 2600.60 2532.49 2459.21 2383.04 2387.93 2390.20 2392.27 2431.61 2469.80
2506.36 2477.45 2451.08 2426.56 2391.86 2354.07 2315.62 2347.70 2369.20 2384.07 2349.56 2323.71 2304.12 2184.37 2072.49 1975.87 1727.35 1569.12 1676.13 1312.08 1478.67 1843.76 1962.37 2072.42
2176.36 2245.96 2316.57 2387.53 2418.89 2435.53 2449.54 2417.67 2383.34 2349.39 2233.92 2118.29 2005.31 1960.90 1950.16 1973.15 1980.94 1988.73 2003.99 1947.14 1923.52 1968.60 1953.88 1940.72
1927.31 1859.95 1825.50 1832.54 1724.64 1874.81 2076.89 2080.53 2296.44 2480.03 2514.89 2546.27 2579.60 2553.16 2538.05 2533.90 2483.78 2428.26 2370.02 2363.23 2354.74 2345.02 2452.88 2569.94
2686.91 2661.71 2636.47 2610.43 2622.33 2636.91 2653.16 2687.11 2712.32 2735.43 2674.84 2616.84 2565.11 2541.81 2523.38 2510.15 2501.25 2491.52 2486.51 2477.69 2468.30 2457.52 2438.01 2423.93
2417.53 2453.10 2491.30 2529.08 2535.76 2546.31 2559.31 2543.19 2524.35 2508.46 2416.35 2317.88 2212.00 2026.53 1788.84 1427.09 1782.28 2015.89 2195.82 2094.26 2059.11 2118.85 1809.66 1684.37
1819.10 1615.16 1906.52 2257.59 2219.50 2181.66 2144.79 2064.74 1996.47 1963.02 1826.26 1611.37 1590.01 1604.33 1636.57 1682.22 1376.19 1609.65 1938.08 1887.94 1843.44 1816.05 1871.31 1933.16
1996.80 2100.00 2206.26 2303.88 2244.30 2163.60 2095.48 2058.96 2021.22 1983.06 2214.25 2388.84 2527.88 2526.17 2522.19 2518.53 2518.29 2507.97 2501.72 2432.98 2355.28 2270.18 2217.52 2126.61
2025.93 1971.53 1937.71 1906.59 2095.76 2236.95 2359.49 2336.35 2320.73 2320.08 2225.34 2124.50 1977.05 2031.95 2084.66 2132.59 2095.49 2071.51 2066.55 2071.62 2083.50 2108.51 2088.18 2068.16
2047.00 2031.62 2094.45 2217.33 2224.33 2269.93 2340.40 2322.95 2370.06 2422.91 2445.38 2509.53 2596.65 2596.38 2606.83 2628.96 2609.14 2586.12 2561.32 2529.56 2492.77 2451.37 2389.19 2365.93
2393.95 2420.60 2455.88 2436.50 2441.01 2448.10 2457.27 2443.79 2420.27 2394.53 2351.13 2340.64 2359.61 2232.20 2093.30 1940.08 1966.70 1995.11 2029.81 2097.88 2161.83 2224.21 2206.01 2199.85
2203.19 2231.94 2273.90 2297.46 2284.90 2271.31 2254.47 2234.76 2216.16 2209.84 2279.09 2345.24 2382.09 2432.59 2484.70 2524.36 2429.87 2319.44 2196.04 2270.57 2341.48 2410.50 2356.41 2297.12
2187.07 2153.52 2124.62 2101.10 2001.25 1963.23 2012.53 2008.85 2001.32 1992.53 2029.86 2070.31 2108.05 2178.75 2244.21 2299.08 2304.01 2309.38 2319.72 2333.76 2347.47 2361.50 2360.73 2352.18
2270.27 2208.68 2149.49 2038.66 2030.70 2022.29 2013.32 1951.64 1876.09 1792.30 1531.04 1129.84 1176.11 1110.26 1457.82 1676.14 1711.05 1750.49 1797.64 1670.13 1520.70 1416.22 1481.36 1221.00
1545.05 1681.08 1799.08 1903.96 2036.11 2165.23 2285.94 2413.95 2531.66 2627.62 2583.81 2540.49 2493.01 2453.77 2418.62 2389.78 2226.13 2069.13 2005.14 1916.23 1908.12 2000.72 1990.79 1999.26
2020.01 2028.11 2077.93 2183.54 2103.43 2038.57 1999.94 1924.63 1837.35 1749.11 1921.05 2077.24 2182.44 2151.40 2133.70 2130.24 2080.73 2031.24 1983.69 1914.16 1934.33 1959.89 1997.72 2048.38
2105.88 2058.00 2008.54 1956.38 1941.49 1943.47 1963.85 1956.72 1950.24 1945.41 1889.03 1870.54 1766.82 1724.12 1697.44 1693.24 1698.98 1772.27 1825.13 1848.13 1881.70 1929.47 1886.36 1848.52
1820.41 1742.54 1673.18 1629.45 1777.35 1942.80 2097.61 2385.82 2618.71 2821.32 2860.30 2900.24 2938.63 2941.55 2932.18 2922.31 2916.28 2910.90 2908.50 2874.03 2834.19 2794.04 2824.02 2858.49
2896.17 2875.23 2850.54 2814.11 2874.12 2919.09 2959.59 2943.18 2923.33 2902.30 2863.49 2825.38 2786.85 2779.89 2769.65 2745.25 2695.75 2642.54 2589.73 2517.03 2433.83 2316.64 2311.36 2303.00
2293.12 2297.21 2298.50 2301.34 2289.24 2280.39 2273.99 2373.43 2450.84 2515.58 2500.24 2487.67 2479.26 2422.60 2377.34 2346.77 2283.79 2232.83 2202.46 2214.43 2232.89 2258.45 2200.74 2184.44
2218.75 2180.57 2194.72 2258.57 2105.86 1921.36 1684.97 1613.91 1593.18 1622.31 1892.66 2125.54 2327.56 2342.99 2361.48 2381.73 2361.95 2343.89 2326.63 2398.58 2474.16 2536.65 2541.29 2536.01
2531.92 2469.49 2405.74 2340.04 2325.12 2310.63 2294.71 2340.91 2376.56 2405.32 2439.13 2475.45 2505.19 2515.17 2526.07 2536.67 2513.32 2487.19 2460.73 2473.43 2482.53 2493.52 2551.40 2610.83
2670.94 2670.90 2669.72 2667.10 2646.92 2627.09 2605.67 2525.52 2434.51 2335.97 2286.71 2242.36 2199.54 2182.94 2180.68 2189.26 2156.64 2130.08 2112.91 2226.30 2329.03 2428.12 2452.61 2478.12
2507.07 2549.73 2592.36 2632.72 2658.10 2682.14 2707.16 2662.82 2579.07 2528.38 2476.94 2476.91 2493.20 2404.04 2322.46 2253.89 2152.11 2038.90 1928.52 1794.64 1591.36 1308.85 1384.48 1593.82
1752.87 1830.29 1922.80 2012.79 2078.69 2146.87 2209.24 2204.59 2175.82 2146.34 2192.32 2208.55 2222.09 2240.92 2265.45 2293.55 2289.94 2297.42 2318.39 2312.31 2301.51 2288.76 2314.57 2340.80
2369.16 2322.83 2275.87 2230.11 2233.77 2264.48 2318.77 2398.78 2466.95 2512.88 2447.71 2391.70 2348.61 2334.21 2323.83 2320.53 2321.30 2327.50 2338.82 2307.19 2279.13 2262.01 2288.40 2315.80
2344.72 2300.15 2251.09 2198.40 2223.87 2242.98 2258.52 2257.80 2250.96 2258.83 2270.71 2309.48 2357.86 2391.50 2410.86 2422.89 2430.26 2440.50 2452.21 2488.74 2522.08 2557.08 2631.35 2703.17
2772.78 2869.42 2963.05 3051.75 2993.97 2927.28 2885.81 2712.98 2515.01 2201.63 2214.73 2241.40 2265.33 2332.32 2414.75 2498.60 2476.27 2456.04 2441.20 2451.47 2457.71 2464.92 2502.04 2538.06
2571.52 2526.38 2498.83 2479.09 2397.66 2392.18 2495.71 2488.92 2477.56 2467.01 2494.10 2564.47 2661.81 2617.68 2580.43 2549.79 2470.14 2384.59 2297.21 2296.00 2288.34 2272.58 2270.09 2266.57
2257.20 2272.00 2277.81 2283.32 2391.11 2427.72 2463.35 2556.72 2630.72 2693.55 2674.52 2663.26 2658.69 2598.12 2541.31 2486.64 2422.22 2352.78 2276.64 2278.61 2282.22 2286.67 2298.23 2308.56
2320.26 2355.89 2387.80 2417.71 2423.98 2431.80 2439.85 2383.78 2317.64 2250.34 2201.11 2170.37 2153.21 2093.20 2037.95 1989.68 1936.05 1880.45 1825.79 1926.83 2018.60 2109.51 2138.61 2146.36
2153.38 2162.41 2173.03 2187.30 2180.94 2177.18 2174.58 2043.96 1902.74 1769.12 1808.59 1917.37 2032.60 1948.78 1867.04 1789.06 1798.36 1819.65 1853.61 1796.97 1749.58 1733.09 1851.34 1975.33
2093.47 2072.05 2050.58 2032.79 2097.13 2176.80 2259.62 2132.99 1983.34 1814.25 1717.90 1777.83 1896.09 1919.59 1946.84 1976.76 1954.06 1937.76 1934.57 1905.27 1874.74 1840.24 1728.35 1603.60
1486.91 1673.80 1824.71 1930.60 1786.19 1603.75 1383.43 1560.92 1694.35 1797.63 1880.90 1942.81 1997.09 2032.32 2069.19 2097.94 2059.94 2019.97 1980.90 2035.11 2083.49 2131.48 2124.85 2106.49
2077.77 2055.07 2035.80 2010.12 1912.63 1804.46 1687.00 1744.53 1813.44 1878.57 1895.74 1922.69 1962.42 1884.50 1799.89 1722.69 1693.86 1665.20 1641.82 1663.48 1707.12 1776.17 1753.93 1740.66
1739.93 1794.45 1847.07 1890.13 1819.04 1760.62 1736.79 1646.38 1589.97 1630.16 1629.55 1629.29 1632.75 1544.74 1438.86 1391.45 1367.18 1343.56 1324.80 1108.03 1290.66 1380.03 1300.44 1208.48
1145.11 1499.66 1746.14 1932.27 1851.46 1770.09 1697.48 1618.49 1527.48 1431.87 1510.98 1627.78 1730.40 1816.50 1896.99 1972.43 1989.04 2015.03 2053.05 2110.48 2171.89 2239.92 2243.19 2261.19
2294.20 2287.40 2283.51 2280.39 2259.23 2240.21 2224.33 2252.13 2269.61 2280.66 2323.49 2364.10 2393.90 2399.76 2412.12 2427.79 2455.09 2484.52 2518.03 2538.58 2556.22 2574.38 2550.92 2529.09
2509.13 2454.90 2396.89 2336.04 2295.32 2251.00 2206.85 2258.29 2299.44 2332.73 2309.88 2279.04 2233.19 2183.94 2138.56 2092.86 2064.44 2038.08 2020.13 2063.20 2101.63 2140.94 2155.85 2182.37
2217.85 2088.79 1946.07 1808.71 1558.58 1679.50 1721.32 1823.18 1921.69 2007.07 2041.39 2096.80 2158.63 2262.48 2359.87 2451.19 2449.91 2432.14 2410.80 2391.43 2362.48 2329.88 2328.06 2326.79
2327.25 2323.86 2319.91 2317.17 2275.78 2231.79 2168.79 2150.29 2116.77 2087.02 1923.42 1830.38 1753.31 1805.54 1877.04 1975.15 1970.17 1976.26 1995.77 2022.12 2061.20 2119.42 2109.37 2112.40
2130.03 2143.43 2156.46 2171.32 2190.85 2210.20 2229.99 2239.25 2255.92 2277.53 2230.51 2180.89 2138.22 2156.30 2176.67 2197.89 2166.50 2135.86 2109.94 2168.87 2224.83 2276.64 2333.87 2384.69
2434.27 2388.47 2338.64 2287.03 2271.63 2255.72 2239.78 2311.15 2364.99 2406.03 2420.76 2434.96 2448.85 2458.04 2470.74 2484.35 2491.19 2500.62 2513.48 2526.24 2535.53 2544.34 2546.66 2549.27
2554.42 2502.16 2446.53 2374.94 2344.11 2317.04 2293.63 2351.61 2403.23 2443.14 2472.61 2497.80 2512.61 2544.28 2579.42 2617.00 2611.90 2609.29 2599.15 2606.39 2598.35 2587.28 2612.81 2639.70
2667.55 2620.35 2572.22 2522.97 2455.18 2362.29 2263.15 1961.09 2021.77 2076.53 2274.45 2563.99 2822.02 2816.26 2813.86 2807.46 2821.23 2836.12 2853.41 2853.40 2846.91 2839.96 2801.85 2764.38
2726.66 2729.70 2736.04 2745.34 2735.12 2723.65 2712.45 2725.57 2735.14 2742.82 2682.06 2623.06 2563.26 2546.05 2538.77 2538.65 2515.64 2496.76 2482.45 2414.45 2331.09 2230.39 2207.44 2190.56
2180.66 2138.56 2105.68 2084.14 2037.89 1961.28 1879.76 1776.97 1662.24 1534.88 1510.77 1510.15 1483.84 1620.29 1796.94 1947.46 1979.26 2015.43 2053.40 2006.82 1962.60 1936.38 1993.73 2061.85
2137.10 2094.93 2079.75 2095.79 2065.73 2059.41 2078.49 1987.75 1907.04 1841.33 1648.96 1524.37 1555.62 1107.27 1465.78 1777.55 1880.07 1981.80 2083.76 2155.84 2233.37 2307.02 2292.38 2287.97
2297.98 2302.31 2306.77 2310.93 2253.49 2182.69 2109.99 2159.51 2205.36 2233.09 2316.06 2381.28 2441.54 2496.68 2550.52 2596.80 2623.19 2650.78 2680.53 2689.46 2694.69 2700.29 2692.96 2685.69
2681.92 2651.16 2620.18 2590.33 2520.47 2444.08 2360.06 2312.17 2273.02 2239.54 2168.68 2095.58 2105.15 1843.78 1585.55 1297.84 1417.15 1607.93 1785.23 1863.00 1930.39 1999.62 1971.18 1973.98
1983.49 1917.41 1834.62 1739.33 1832.91 1934.43 2037.92 2018.30 1963.31 1894.57 1911.42 1927.80 1947.64 1969.07 1998.23 2011.31 2014.86 2022.49 2030.02 2039.14 2034.28 2024.27 1973.83 1929.76
1902.42 2034.22 2149.87 2258.26 2225.04 2171.43 2113.44 2134.90 2046.12 1984.85 1904.96 1961.32 2104.85 2138.97 2137.08 2156.80 2150.14 2148.89 2153.92 2127.76 2093.37 2035.24 2019.40 2013.23
2020.11 2001.84 1988.08 1978.02 1849.80 1693.40 1485.61 1332.18 1224.98 1254.88 1260.92 1612.19 1710.67 1713.02 1783.94 1892.13 1910.33 1931.05 1954.03 1881.60 1823.79 1817.23 1760.68 1815.62
1943.37 2009.11 2054.63 2098.40 2086.67 2082.68 2086.77 2114.82 2136.47 2150.07 2115.67 2089.01 2074.11 2087.04 2104.53 2124.91 2091.78 2055.75 2018.66 2049.37 2075.05 2106.80 2090.41 2074.94
2059.52 1951.69 1838.88 1743.02 1688.67 1630.51 1560.24 1388.20 1402.16 1483.85 1443.06 1463.55 1518.10 1499.21 1517.02 1564.61 1567.46 1596.28 1656.13 1846.41 2005.32 2150.56 2178.88 2207.61
2220.45 2275.69 2315.04 2354.44 2365.63 2379.03 2393.27 2403.82 2407.23 2401.25 2421.15 2441.70 2464.84 2492.99 2524.39 2557.23 2573.46 2592.36 2616.45 2656.90 2684.42 2707.95 2696.53 2668.59
2638.72 2595.24 2511.65 2425.16 2339.98 2248.55 2150.63 2049.46 2009.04 2019.40 1900.63 2037.35 2250.21 2195.29 2132.72 2066.75 1884.09 1735.52 1802.87 1978.59 2099.39 2195.27 2199.41 2204.23
2201.93 2220.66 2232.22 2243.64 2251.54 2263.15 2279.57 2352.90 2407.41 2445.23 2443.30 2431.95 2421.23 2416.84 2425.35 2437.53 2435.74 2425.80 2418.56 2386.16 2357.81 2345.42 2351.37 2342.96
2320.52 2438.50 2543.48 2640.23 2666.65 2696.25 2727.18 2718.58 2711.15 2700.61 2443.92 2127.78 1790.15 1324.63 1822.52 2306.11 2210.81 2154.65 2166.10 2415.39 2645.83 2829.81 2877.42 2930.34
2988.21 2987.07 2964.52 2937.92 2835.30 2722.70 2599.44 2575.18 2552.56 2529.90 2466.82 2405.08 2349.61 2266.67 2203.63 2168.36 2007.69 1856.84 1682.39 1704.93 1979.34 2241.75 2274.49 2306.79
2325.01 2342.77 2359.76 2378.27 2372.00 2365.94 2359.76 2390.63 2416.13 2430.38 2473.19 2508.77 2542.52 2514.05 2492.83 2477.26 2431.72 2384.01 2335.80 2375.56 2399.02 2389.50 2467.83 2545.72
2621.66 2566.09 2505.65 2439.85 2402.57 2362.76 2319.36 2398.20 2460.89 2508.26 2490.78 2473.17 2460.15 2461.63 2474.56 2498.20 2512.83 2528.14 2544.18 2545.34 2536.08 2525.87 2568.06 2611.94
2639.29 2586.71 2529.99 2470.25 2400.70 2325.49 2242.76 2329.64 2401.04 2463.33 2434.45 2405.25 2368.49 2426.42 2483.47 2532.75 2520.11 2508.94 2499.87 2488.89 2467.72 2443.19 2367.23 2317.95
2222.86 2182.86 2111.14 2004.39 2021.77 2038.80 2008.88 1610.46 1798.39 1889.73 2089.81 2365.32 2612.18 2617.57 2625.91 2619.50 2649.19 2666.73 2661.42 2542.41 2392.26 2217.30 2157.50 2159.78
2225.82 2271.24 2342.91 2421.59 2433.60 2436.28 2438.74 2483.65 2522.49 2550.89 2580.63 2615.37 2656.58 2619.77 2586.60 2555.81 2482.82 2401.28 2309.76 2282.76 2239.56 2189.22 2071.47 1963.38
1898.37 1836.55 1778.25 1735.51 1654.59 1563.33 1451.28 1450.77 1400.65 1411.47 1668.85 1837.76 1965.96 1957.62 1962.13 1976.62 1931.19 1884.83 1841.24 1994.08 2131.28 2239.94 2246.52 2253.56
2261.39 2285.60 2308.86 2332.18 2322.80 2312.92 2301.15 2348.09 2383.33 2401.74 2403.72 2403.59 2405.64 2408.24 2416.16 2426.95 2436.92 2449.56 2466.43 2467.65 2458.14 2442.91 2441.73 2437.68
2436.06 2419.99 2404.48 2389.06 2340.62 2288.72 2230.70 2269.85 2303.87 2328.44 2310.99 2293.71 2283.94 2298.10 2315.54 2337.83 2336.00 2336.18 2337.61 2346.57 2344.70 2341.68 2333.41 2318.45
2303.39 2275.85 2250.62 2229.21 2205.21 2181.75 2158.11 2129.26 2108.97 2091.29 2154.89 2233.71 2319.33 2289.43 2271.44 2272.59 2263.42 2247.23 2226.33 2198.86 2135.35 2071.97 2024.96 1990.78
1974.00 1789.78 1617.52 1632.25 1760.43 1846.17 2026.44 1961.88 1909.89 1877.09 1903.05 1935.66 1978.35 1996.72 2017.88 2033.22 1948.35 1860.11 1777.14 1863.02 1941.48 1988.64 1989.26 1999.02
2013.37 2037.98 2061.09 2083.75 2072.94 2062.45 2052.56 2076.28 2094.61 2098.06 2106.29 2116.08 2115.20 2108.54 2112.73 2125.51 2071.22 2011.36 1946.59 1988.77 2017.91 2020.61 2022.18 2052.17
2102.66 2103.33 2110.72 2125.70 2089.60 2131.48 2231.87 2236.66 2280.29 2295.73 2204.20 2124.15 2066.60 2036.94 2012.50 1991.38 1948.07 1908.52 1879.76 1962.10 2058.68 2160.69 2153.76 2149.55
2154.78 2148.25 2149.95 2165.61 2143.54 2139.50 2152.89 2198.94 2233.19 2251.09 2312.38 2359.91 2404.77 2398.48 2401.17 2410.73 2369.23 2324.61 2278.43 2250.32 2212.36 2178.42 2157.78 2146.09
2146.64 2145.42 2145.73 2147.86 2123.26 2103.11 2086.54 2031.87 1980.21 1925.18 2036.89 2148.48 2248.97 2255.47 2258.84 2265.01 2263.71 2263.12 2266.79 2329.22 2381.93 2436.05 2427.77 2422.00
2418.97 2378.43 2335.02 2288.47 2259.13 2230.39 2198.83 2222.69 2240.37 2250.05 2287.23 2320.94 2358.10 2341.59 2328.40 2323.60 2274.04 2240.82 2234.03 2262.86 2262.79 2261.50 2243.53 2224.62
2206.89 2224.13 2240.73 2257.82 2250.46 2243.76 2233.43 2316.02 2390.54 2426.98 2477.35 2519.95 2560.33 2560.52 2564.04 2573.34 2542.82 2509.32 2474.45 2476.06 2469.09 2462.48 2448.54 2428.03
2407.37 2395.97 2383.73 2370.44 2347.69 2324.68 2297.53 2321.71 2341.44 2351.07 2306.08 2264.78 2233.82 2294.75 2361.17 2413.35 2393.26 2373.01 2355.29 2353.33 2339.90 2324.53 2351.75 2360.83
2368.06 2058.61 1426.29 1733.93 1437.25 1671.21 1967.21 1994.51 2025.89 2050.83 1992.16 1945.93 1913.71 1822.27 1727.92 1660.08 1666.31 1705.34 1700.55 1872.13 1960.16 2046.77 2049.40 2051.77
2023.68 1977.72 1937.26 1903.92 1830.99 1725.94 1608.77 1680.67 1737.88 1782.06 1848.32 1912.59 1967.61 2007.84 2051.07 2092.01 2080.34 2075.29 2075.14 1931.17 1731.05 1455.21 1545.69 1633.95
1602.93 1388.68 1572.85 1822.19 1818.24 1843.42 1887.43 2022.58 2160.80 2273.08 2241.46 2197.75 2149.60 2101.03 2062.23 2031.06 1986.28 1938.40 1890.71 1877.05 1857.85 1849.23 1798.18 1761.24
1747.55 1845.23 1934.30 2018.19 2020.89 2038.98 2068.42 2098.69 2127.11 2145.28 2073.16 2021.89 1992.58 1989.00 1990.16 1997.09 2005.19 2027.34 2062.62 2087.02 2102.64 2119.13 2148.92 2179.89
2214.37 2174.95 2136.17 2100.54 2057.83 2041.62 2053.84 2009.85 1964.76 1913.49 1977.37 2053.75 2130.70 2091.61 2057.40 2028.01 1971.39 1930.24 1919.05 1992.27 2053.30 2103.22 2107.15 2118.60
2136.13 2099.22 2058.37 2015.48 1948.81 1918.37 1912.73 1890.64 1891.52 1895.98 2045.06 2161.53 2279.58 2305.79 2336.48 2361.52 2375.60 2380.46 2385.55 2356.28 2311.70 2260.80 2237.04 2212.91
2189.48 2200.85 2212.91 2224.34 2165.01 2099.64 1929.68 2012.52 2083.23 2138.14 1887.10 1534.08 1033.10 1628.03 1968.69 2072.29 2129.40 2186.66 2243.69 2228.86 2178.86 2085.67 2096.06 2104.59
2113.30 2100.55 2096.25 2106.32 2069.27 2029.90 1980.90 1610.06 1567.35 1747.53 1896.73 2050.64 2187.50 2247.64 2324.10 2411.71 2394.85 2377.07 2359.49 2424.75 2486.72 2517.18 2563.23 2611.17
2656.74 2639.74 2620.97 2603.24 2597.33 2592.28 2584.02 2549.86 2515.61 2478.11 2433.60 2394.07 2363.23 2315.08 2286.83 2278.79 2258.65 2241.32 2225.78 2154.61 2091.97 2061.40 1970.57 1851.37
1721.36 1809.42 1891.12 1967.13 1956.12 1930.26 1911.34 1953.65 1854.03 1721.63 1716.83 1716.05 1598.70 1618.85 1572.12 1472.25 1467.53 1500.86 1564.76 1678.46 1786.53 1968.04 1952.23 1947.16
1956.29 1984.49 2019.55 2058.33 2027.31 2024.57 2044.32 2042.43 2035.35 2032.19 2036.09 2041.39 2051.50 2007.43 1978.57 1965.45 1881.98 1790.18 1689.07 1710.91 1724.49 1741.67 1603.02 1412.52
1130.17 1404.83 1628.90 1813.45 1736.64 1651.62 1542.91 1498.76 1456.66 1407.16 1510.45 1571.40 1638.10 1656.03 1703.63 1767.27 1819.14 1871.38 1926.72 1912.34 1901.80 1912.07 1892.91 1870.67
1877.98 1901.23 1920.00 1936.12 1830.28 1708.72 1558.05 1476.51 1484.97 1475.27 1403.65 1492.66 1616.55 1223.50 1301.43 1654.82 1781.88 1914.14 2041.55 2032.57 2025.75 2031.17 1974.47 1934.53
1919.63 1893.45 1865.43 1839.61 1815.36 1796.55 1780.17 1763.68 1764.91 1770.09 1800.71 1834.48 1883.19 1861.38 1843.07 1828.63 1782.05 1746.95 1730.53 1841.52 1939.55 2023.06 2001.32 1981.82
1967.05 1962.69 1956.82 1953.42 1909.14 1861.92 1819.78 1847.65 1870.25 1884.04 1948.24 2006.46 2061.49 2082.41 2110.73 2143.17 2156.46 2173.22 2195.42 2225.31 2250.13 2265.88 2288.59 2303.23
2322.41 2297.50 2271.79 2245.92 2210.49 2173.38 2129.61 2233.18 2314.13 2373.34 2385.34 2397.30 2405.72 2420.51 2436.83 2459.96 2468.22 2477.53 2488.96 2515.05 2534.80 2555.42 2547.26 2539.48
2532.01 2514.43 2496.89 2479.88 2490.50 2502.16 2508.92 2500.58 2490.81 2478.53 2451.29 2433.50 2431.86 2438.24 2448.08 2441.75 2408.06 2367.12 2316.64 2243.83 2145.95 2025.10 2079.51 2135.19
2191.66 2161.47 2130.45 2102.39 2024.51 1941.63 1850.56 1602.87 1415.48 1454.88 1296.53 1483.92 1679.27 1729.75 1827.24 1939.73 1984.74 2032.85 2082.43 2085.54 2084.56 2086.59 2031.44 2023.69
1997.55 1970.74 1998.81 2072.03 2102.02 2131.97 2154.05 2256.59 2343.46 2402.12 2438.43 2473.65 2507.75 2517.13 2531.51 2550.93 2568.10 2586.59 2607.38 2610.99 2605.95 2595.44 2611.67 2626.97
2644.01 2654.89 2664.49 2662.56 2609.69 2544.43 2463.88 2421.54 2361.60 2306.32 2292.50 2315.00 2351.48 2302.87 2205.68 2112.26 2063.93 2021.17 1988.66 1946.80 1904.76 1884.91 1963.06 2043.87
2124.25 2144.96 2147.42 2137.76 2114.50 2093.56 2067.59 2158.22 2225.97 2271.62 2299.14 2324.04 2343.73 2386.77 2433.70 2484.08 2472.79 2460.26 2439.30 2421.14 2375.79 2318.21 2373.07 2427.15
2481.05 2497.73 2514.88 2532.79 2502.23 2470.08 2432.17 2423.72 2413.97 2396.44 2396.58 2397.59 2399.21 2387.25 2381.79 2382.20 2397.36 2414.74 2434.52 2445.29 2447.60 2447.31 2412.47 2376.33
2339.56 2333.54 2327.87 2321.46 2279.72 2235.64 2181.78 2206.83 2226.00 2234.33 2288.68 2337.32 2382.04 2373.45 2374.11 2382.61 2352.04 2320.13 2287.12 2295.02 2292.42 2284.92 2248.09 2211.78
2177.44 2117.03 2060.50 2014.57 2054.07 2091.96 2119.68 2164.36 2212.95 2252.85 2278.41 2303.70 2331.91 2295.22 2278.35 2281.45 2272.74 2265.48 2260.79 2244.57 2217.93 2187.01 2189.25 2194.00
2201.91 2155.52 2105.42 2054.81 2018.80 1990.08 1965.29 2018.87 2060.91 2087.61 2126.43 2164.74 2202.37 2187.31 2187.58 2201.90 2187.91 2175.40 2164.53 2183.06 2191.48 2195.41 2220.61 2245.60
2280.17 2273.35 2267.30 2262.30 2206.77 2144.28 2078.08 2098.27 2101.03 2095.00 2201.27 2297.07 2383.30 2364.86 2362.95 2380.11 2391.73 2408.93 2431.00 2422.46 2404.98 2384.59 2389.03 2394.93
2403.89 2407.36 2393.12 2372.69 2402.47 2431.38 2453.00 2468.94 2474.99 2472.55 2456.04 2442.27 2433.21 2429.86 2433.84 2447.58 2433.45 2420.78 2407.51 2443.38 2469.19 2491.43 2462.14 2425.46
2389.31 2357.25 2324.09 2282.24 2264.54 2247.72 2223.71 2222.37 2220.92 2217.12 2247.64 2276.51 2312.43 2270.19 2231.99 2194.61 2145.30 2099.43 2064.20 1965.07 1843.23 1709.91 1572.10 1395.28
1206.20 1308.57 1421.20 1528.67 1265.78 1135.54 1427.19 1622.32 1607.01 1658.94 1625.75 1669.11 1750.73 1741.97 1840.81 1982.41 2028.12 2078.98 2134.54 2112.30 2075.90 2029.68 2029.66 2032.72
2040.01 2021.14 2002.42 1980.96 2040.31 2097.60 2143.00 2080.45 2008.99 1938.66 1770.39 1575.56 1341.55 1156.52 1078.89 1244.60 1414.74 1565.00 1696.58 1742.33 1777.98 1812.24 1802.80 1805.70
1821.60 1781.94 1741.56 1707.82 1677.54 1681.19 1708.26 1661.82 1612.68 1559.54 1421.63 1329.19 1323.74 1339.01 1365.11 1391.11 1524.81 1658.42 1785.97 1846.74 1866.40 1852.60 1824.38 1798.68
1779.19 1791.19 1811.88 1736.56 1736.51 1740.09 1731.35 1492.45 1333.06 1425.18 1301.28 1175.20 1037.93 767.24 1134.58 1369.90 1592.48 1768.72 1921.90 1934.41 1931.72 1919.15 1894.88 1868.00
1844.49 1812.13 1804.18 1826.37 1807.82 1775.69 1717.07 1703.93 1689.84 1668.50 1692.05 1714.18 1738.77 1791.97 1850.41 1906.78 1904.77 1904.01 1908.14 1930.51 1943.12 1951.25 1954.76 1961.28
1969.05 1969.06 1978.63 2002.28 1943.41 1883.26 1811.25 1776.52 1739.36 1701.24 1655.94 1605.73 1608.40 1731.40 1855.98 1979.92 1998.43 2033.30 2080.33 2062.79 2056.47 2076.83 2060.11 2032.98
1997.81 1939.68 1876.49 1804.71 1791.69 1779.96 1761.45 1745.13 1728.91 1719.10 1622.96 1516.10 1315.07 1570.11 1750.06 1871.07 1896.73 1932.39 1954.42 1957.18 1953.87 1946.53 1923.29 1919.95
1931.83 1535.48 1295.40 1755.32 1711.21 1666.62 1500.15 1588.78 1652.59 1672.66 1548.21 1538.82 1630.38 1622.60 1666.15 1747.56 1659.27 1561.30 1465.45 1116.50 1313.48 1416.35 1497.11 1671.15
1838.82 1884.85 1930.66 1980.26 1975.12 1970.51 1955.43 1984.02 2017.30 2046.01 2052.37 2058.80 2067.64 2021.60 1999.66 2007.92 2028.05 2063.10 2115.47 2068.44 2008.79 1938.15 1920.67 1902.71
1881.82 1796.88 1698.47 1583.44 1605.76 1692.73 1794.02 1667.31 1546.14 1414.90 1533.24 1611.94 1677.04 1697.42 1733.27 1775.70 1743.70 1757.19 1813.96 1824.01 1871.93 1957.19 1907.00 1870.37
1862.00 1821.30 1776.09 1727.56 1738.42 1748.98 1751.33 1688.81 1696.72 1737.37 1686.59 1650.71 1636.64 1599.87 1636.02 1742.92 1731.69 1729.04 1737.11 1783.51 1874.66 1994.70 2038.24 2092.71
2154.44 2212.53 2264.79 2316.05 2332.76 2351.15 2365.11 2415.67 2463.00 2504.41 2487.90 2463.91 2435.61 2392.71 2344.37 2291.98 2303.21 2317.18 2335.17 2282.06 2207.14 2108.16 2109.38 2109.46
2110.99 2117.50 2120.41 2125.44 2107.26 2092.18 2069.02 1942.08 1847.06 1802.31 1688.82 1601.86 1564.71 1458.32 1393.73 1413.25 1438.45 1519.77 1625.18 1707.94 1787.37 1865.11 1908.69 1962.12
2024.46 2028.79 2032.41 2047.92 1993.55 1934.26 1859.85 1698.50 1522.59 1218.78 1019.59 1057.62 1320.44 1365.44 1468.22 1577.22 1579.84 1609.58 1665.36 1716.57 1758.28 1795.51 1865.20 1931.89
1998.04 2022.63 2049.39 2081.54 2046.43 2011.59 1968.56 1916.11 1866.18 1818.88 1821.35 1840.63 1869.33 1824.60 1784.56 1742.92 1802.48 1871.80 1932.98 1976.97 2018.87 2059.27 2073.94 2089.37
2105.78 2100.73 2094.65 2088.81 2094.45 2074.02 2040.83 2064.15 2077.64 2079.52 2051.47 2067.21 2111.03 2159.63 2206.64 2250.57 2261.96 2276.43 2293.63 2315.39 2328.78 2338.62 2337.82 2337.28
2337.58 2341.45 2345.77 2350.85 2332.21 2313.96 2287.38 2309.44 2325.09 2330.49 2328.93 2327.08 2327.45 2321.46 2327.71 2343.41 2359.87 2379.27 2402.03 2420.41 2432.46 2439.86 2458.97 2478.77
2499.99 2487.84 2475.21 2460.49 2409.28 2354.98 2282.70 2272.80 2248.49 2221.49 2169.54 2121.17 2077.05 2118.29 2171.39 2229.41 2248.36 2269.53 2278.32 2249.28 2189.61 2118.23 2136.15 2162.78
2197.93 2168.74 2157.94 2168.42 2136.96 2110.65 2084.97 2025.81 1964.50 1896.85 1883.23 1898.49 1930.33 1873.99 1823.99 1774.42 1721.90 1643.66 1556.03 1501.85 1553.72 1689.63 1674.15 1697.91
1756.52 1748.62 1740.43 1732.64 1675.96 1672.24 1719.67 1702.02 1704.58 1712.99 1718.37 1731.71 1751.56 1666.75 1597.77 1548.68 1503.88 1506.44 1592.11 1726.52 1844.44 1949.04 1994.52 2038.28
2088.04 2205.20 2304.39 2354.78 2330.68 2315.53 2305.58 2277.77 2248.53 2214.80 2217.59 2220.07 2223.43 2221.26 2222.55 2216.74 2198.10 2180.53 2164.81 2187.88 2203.12 2211.06 2240.84 2273.72
2308.95 2251.33 2189.19 2120.91 2113.12 2106.65 2095.16 2133.83 2163.44 2182.07 2177.97 2176.27 2176.43 2165.46 2162.42 2154.31 2159.07 2167.41 2179.84 2207.42 2209.50 2198.63 2248.04 2297.79
2343.20 2348.70 2354.69 2362.26 2332.14 2300.74 2261.53 2260.27 2253.73 2238.34 2242.46 2244.84 2246.91 2247.07 2255.33 2262.75 2276.89 2288.92 2304.21 2298.57 2280.74 2250.84 2265.18 2280.18
2297.92 2283.04 2268.00 2253.57 2231.32 2210.54 2184.55 2246.56 2295.35 2323.16 2317.07 2305.81 2296.64 2255.85 2230.53 2232.12 2255.33 2282.11 2311.69 2312.03 2305.11 2292.48 2287.71 2282.62
2278.43 2303.69 2329.05 2355.03 2327.06 2297.63 2259.64 2327.67 2385.07 2428.56 2402.49 2377.12 2352.78 2314.28 2279.67 2248.46 2288.18 2321.96 2362.99 2428.79 2475.31 2508.89 2317.19 2081.80
1793.62 1851.70 1942.14 1875.65 2061.11 2160.24 2211.70 2180.42 2136.79 2009.83 2077.82 2139.90 2197.08 2230.03 2265.57 2274.46 2258.76 2227.43 2192.68 2126.11 2035.42 1915.89 1920.58 1923.32
1930.46 1930.02 1930.82 1932.73 1940.37 1956.10 1970.00 1934.03 1898.21 1856.12 1863.57 1854.26 1857.40 1925.07 1993.94 2060.28 2078.26 2099.29 2124.23 2109.60 2081.94 2040.85 2039.11 2036.82
2030.71 2022.49 2010.19 1996.50 1941.71 1882.71 1809.54 1849.79 1883.06 1908.00 1947.73 1987.75 2030.38 2019.41 2022.88 2033.28 2026.12 2021.01 2020.87 2004.28 1978.14 1947.35 1950.87 1956.20
1964.27 1953.53 1937.95 1920.69 1880.97 1849.21 1816.78 1777.47 1738.66 1693.93 1712.96 1730.29 1749.23 1729.41 1746.43 1795.06 1867.98 1941.49 2016.37 1995.30 1963.19 1921.72 1938.81 1958.62
1980.74 1970.57 1963.45 1961.79 1949.18 1955.34 1970.14 1972.08 1970.00 1961.23 1911.75 1866.80 1826.05 1769.38 1735.87 1728.64 1717.20 1715.03 1724.78 1786.05 1839.21 1886.05 1928.58 1971.66
1997.54 1980.55 1967.74 1959.07 1928.19 1911.41 1874.69 1845.06 1814.70 1779.83 1685.63 1584.40 1487.50 1293.15 1044.19 993.14 1330.32 1559.29 1746.99 1891.88 2021.78 2140.41 2065.27 2002.20
1977.05 1923.24 1902.35 1916.48 1879.05 1830.34 1765.45 1802.84 1818.21 1831.13 1752.00 1672.03 1591.76 1608.59 1668.26 1744.05 1825.49 1903.84 1980.17 1956.74 1927.97 1870.73 1854.38 1837.93
1820.82 1804.05 1798.01 1803.62 1875.08 1946.87 2011.36 2008.57 2010.59 2003.85 1995.34 1984.53 1962.36 1913.03 1885.46 1875.68 1949.13 2020.46 2082.33 2081.01 2071.05 2040.85 2064.44 2087.22
2119.28 2062.00 1998.92 1930.86 1871.87 1827.35 1795.55 1796.67 1807.42 1813.06 1817.62 1824.05 1834.56 1924.96 2015.34 2103.72 2151.75 2201.21 2252.91 2240.63 2228.66 2225.45 2162.98 2091.96
2011.89 1983.91 1961.48 1942.56 1947.75 1954.13 1950.45 1991.65 2026.14 2046.50 2062.37 2076.50 2098.31 2156.58 2219.79 2280.36 2302.57 2325.85 2351.31 2270.69 2166.11 2032.34 2043.88 2058.31
2067.51 2075.31 2083.74 2093.36 2110.62 2128.05 2138.00 2151.07 2145.25 2116.31 2136.30 2156.41 2166.03 2187.61 2208.61 2225.61 2208.09 2192.70 2180.41 2159.03 2122.26 2047.72 2085.43 2125.10
2161.12 2155.30 2149.28 2144.93 2138.98 2134.38 2122.00 2113.02 2106.91 2094.77 2133.56 2169.41 2202.31 2157.82 2119.08 2083.71 2084.47 2093.80 2116.65 2103.64 2077.07 2014.42 2058.48 2103.81
2147.79 2097.77 2043.68 1986.60 1936.71 1882.07 1811.20 1789.02 1781.92 1776.13 1771.22 1770.18 1769.03 1803.50 1844.69 1873.47 1852.57 1833.98 1841.29 1897.47 1947.80 1970.90 1974.13 1979.61
1986.03 1996.84 2015.49 2040.62 1998.14 1950.19 1899.49 1924.32 1943.16 1940.76 1884.51 1839.85 1805.36 1707.87 1631.72 1595.33 1736.99 1878.18 1978.55 1984.52 1984.87 1981.91 2006.82 2034.59
2065.73 2061.72 2058.56 2044.98 2021.93 1997.36 1962.66 1945.42 1928.60 1904.31 1890.01 1884.99 1885.74 1838.83 1822.16 1828.44 1807.10 1788.06 1777.07 1841.83 1901.01 1954.49 2015.41 2071.73
2127.23 2184.00 2241.39 2289.69 2220.62 2144.28 2052.80 2076.17 2102.55 2112.87 2025.29 1943.84 1865.74 1877.63 1907.23 1948.57 1980.57 2007.09 2039.47 2046.17 2040.96 2013.57 2057.24 2105.34
2157.93 2126.40 2094.50 2065.87 2017.82 1963.71 1888.93 1861.55 1835.74 1801.07 1595.50 1397.55 1309.31 1439.28 1552.03 1651.36 1657.98 1668.50 1689.11 1673.02 1645.25 1601.91 1643.39 1718.16
1809.61 1752.42 1698.78 1655.54 1750.31 1837.33 1908.63 1946.67 1977.50 1995.79 2022.98 2058.48 2096.47 2053.58 2013.73 1978.11 1957.56 1937.56 1921.32 1934.67 1939.43 1930.16 1919.78 1930.14
1964.58 1966.88 1967.49 1971.79 1955.84 1939.09 1914.09 1934.22 1946.91 1943.62 1915.87 1889.12 1864.08 1906.49 1954.55 1998.86 2006.25 2009.00 2016.44 2023.49 2019.97 1986.60 1962.37 1935.48
1906.97 1921.39 1951.05 1957.99 2004.15 2016.00 2018.69 1993.66 1968.85 1934.56 1943.48 1966.79 2005.13 2065.83 2127.28 2194.46 2224.66 2249.20 2270.61 2197.13 2100.39 1959.24 1983.98 2007.58
2029.96 1976.91 1923.20 1872.96 1866.25 1857.72 1860.75 1949.95 2006.12 2054.77 2022.43 2011.82 2025.13 2018.92 2016.46 1999.86 1998.39 2001.72 2011.42 1986.32 1945.70 1893.05 1803.71 1698.46
1567.61 1621.23 1671.19 1720.45 1486.06 1107.94 1423.58 1345.53 1264.27 1173.94 1214.37 1370.17 1425.46 1427.12 1440.25 1464.25 1561.09 1652.07 1743.52 1813.51 1887.66 1963.29 2015.71 2077.05
2147.03 2212.22 2280.08 2348.64 2346.31 2343.30 2326.78 2318.97 2309.07 2292.06 2211.38 2120.17 2029.13 1964.34 1911.51 1873.66 1925.30 1987.03 2060.18 2089.44 2108.68 2121.37 2172.58 2225.83
2282.17 2290.25 2295.63 2303.41 2268.99 2232.14 2185.32 2193.79 2195.00 2185.65 2161.52 2141.62 2125.54 2113.81 2117.70 2124.20 2170.94 2213.32 2261.10 2241.24 2207.52 2161.33 2181.18 2205.33
2235.29 2187.35 2134.78 2077.54 2064.49 2052.37 2035.49 2122.34 2189.12 2232.23 2198.20 2168.63 2142.45 2125.88 2117.90 2102.96 2145.71 2178.25 2215.97 2216.81 2204.39 2183.37 2204.13 2233.00
2270.65 2271.15 2272.83 2280.36 2287.31 2282.71 2267.39 2247.96 2224.68 2192.52 2131.69 2079.75 2035.36 2057.17 2074.39 2095.44 2136.62 2179.68 2227.03 2244.62 2247.99 2234.88 2234.80 2241.78
2258.53 2262.33 2268.78 2279.44 2244.74 2208.35 2162.23 2176.17 2182.11 2176.45 2131.09 2088.88 2049.63 2032.19 2024.69 2020.17 2047.91 2081.91 2125.73 2148.62 2160.93 2167.71 2201.46 2247.08
2302.72 2266.17 2226.99 2187.63 2125.27 2056.32 1972.13 1977.88 1981.32 1972.74 1887.79 1805.37 1725.36 1700.69 1697.74 1717.16 1792.21 1870.66 1954.32 1984.71 2002.81 2002.73 2026.73 2057.58
2093.43 2042.68 1999.60 1971.47 1943.89 1915.45 1880.63 1819.50 1835.92 1877.16 1659.88 1511.41 1434.32 1490.00 1620.53 1765.77 1843.52 1925.34 2012.75 2014.40 2004.69 1987.96 2020.02 2052.69
2089.07 2089.58 2089.17 2069.75 2065.08 2060.61 2051.71 2115.48 2168.91 2206.64 2154.61 2107.92 2057.00 2053.84 2060.20 2073.70 2073.91 2087.47 2118.68 2093.35 2050.56 1996.62 2005.95 2016.46
2027.71 2020.48 2016.57 2018.24 2003.12 1985.11 1951.57 1912.55 1904.74 1912.00 1863.33 1819.32 1774.64 1810.99 1850.66 1890.76 1837.72 1780.35 1722.62 1823.02 1922.83 2022.95 2012.76 2006.54
1980.59 1917.63 1849.28 1777.59 1690.66 1593.09 1487.37 1512.06 1495.59 1487.59 1597.83 1744.93 1871.83 1900.99 1934.56 1967.28 1984.31 2006.32 2037.05 2039.05 2040.06 2041.53 1988.65 1929.53
1864.67 1797.04 1724.77 1649.89 1681.03 1651.96 1630.78 1666.94 1689.56 1693.94 1624.73 1541.39 1443.38 1575.73 1660.02 1734.75 1806.28 1876.68 1946.39 1954.66 1954.81 1954.86 1919.13 1878.07
1834.00 1839.19 1856.93 1887.78 1870.22 1866.90 1873.74 1881.41 1876.55 1858.21 1828.33 1803.66 1781.71 1804.91 1826.79 1853.54 1899.62 1949.21 2004.69 2017.34 2018.63 2014.19 2059.11 2110.25
2140.89 2113.66 2086.54 2062.01 2038.42 2013.23 1982.48 2023.54 2062.99 2091.70 2022.17 1956.22 1902.67 1924.94 1961.67 2005.82 2065.31 2135.30 2210.21 2208.08 2199.15 2187.15 2193.24 2200.69
2211.28 2198.26 2187.72 2181.51 2151.09 2118.57 2077.47 2088.88 2123.39 2156.25 2090.84 2030.08 1961.56 1875.42 1788.47 1713.71 1666.93 1635.87 1632.36 1719.24 1808.12 1901.80 1938.60 1994.53
2064.70 2087.50 2125.63 2173.64 2165.48 2156.67 2144.67 2137.40 2131.31 2092.04 1941.99 1761.74 1572.69 1350.07 1007.17 931.01 1379.11 1632.41 1802.47 1863.69 1906.87 1928.99 1902.99 1895.51
1915.65 1922.30 1929.44 1936.52 1938.16 1940.50 1937.10 1907.13 1876.87 1838.63 1798.75 1782.27 1782.49 1766.58 1772.94 1805.84 1867.21 1929.10 1997.08 2005.77 1994.27 1974.52 1956.01 1947.11
1952.38 1932.34 1922.49 1918.54 1900.14 1879.67 1852.21 1808.06 1765.59 1714.67 1652.32 1644.58 1674.11 1704.46 1733.80 1777.28 1831.21 1887.70 1948.47 1949.45 1936.60 1900.47 1904.97 1909.13
1913.57 1875.88 1835.50 1790.57 1779.40 1766.15 1746.08 1740.29 1740.60 1736.24 1706.52 1689.57 1661.85 1666.52 1681.46 1703.31 1740.60 1777.82 1807.44 1846.74 1884.37 1927.63 1934.94 1944.15
1955.47 1913.55 1882.51 1866.05 1890.01 1918.17 1946.78 1930.93 1915.20 1894.94 1852.49 1820.69 1789.51 1754.88 1720.89 1683.77 1734.02 1788.59 1801.39 1852.90 1908.06 1934.04 1970.13 2007.07
2043.43 1989.29 1928.50 1860.20 1781.02 1715.41 1681.18 1601.01 1559.57 1542.93 1576.23 1608.75 1632.46 1332.20 1213.44 1559.61 1726.67 1871.12 1997.61 1966.05 1922.22 1871.22 1823.02 1786.50
1774.61 1800.50 1828.90 1859.61 1819.25 1757.69 1687.79 1573.77 1532.07 1550.19 1360.13 1195.84 1204.14 1450.65 1629.46 1778.84 1860.41 1937.99 2015.16 2016.83 2008.54 1991.33 1964.18 1928.84
1893.08 1873.59 1858.85 1851.62 1849.79 1855.63 1856.38 1815.90 1787.35 1758.46 1603.69 1468.82 1403.89 1300.44 1305.02 1426.84 1533.59 1644.60 1756.06 1762.21 1763.10 1769.96 1825.28 1883.23
1944.06 1989.28 2066.45 2161.92 2153.50 2145.83 2134.11 2105.54 2074.18 2033.23 1931.99 1834.69 1739.10 1698.47 1673.41 1661.85 1715.98 1774.71 1835.03 1869.14 1893.36 1918.26 1957.09 2004.69
2060.04 2124.22 2192.85 2264.01 2228.78 2187.97 2135.34 2145.51 2152.37 2145.60 2058.50 1943.67 1825.19 1761.65 1708.63 1672.15 1748.79 1827.73 1908.87 1922.05 1923.99 1923.85 1978.23 2042.53
2115.32 2169.49 2229.64 2268.05 2260.00 2250.70 2238.47 2257.41 2269.21 2269.30 2183.64 2094.42 2004.81 1903.68 1810.23 1734.72 1780.19 1830.51 1886.59 1911.48 1925.79 1940.14 1975.55 2028.10
2092.57 2148.72 2207.68 2256.34 2215.29 2170.76 2119.81 2140.50 2153.74 2155.15 2078.06 2004.52 1922.09 1809.96 1724.24 1687.10 1692.96 1703.70 1720.77 1781.42 1839.77 1903.95 1951.88 2007.46
2068.04 2089.87 2121.77 2164.65 2140.58 2112.06 2064.47 2085.02 2103.18 2109.81 2003.88 1901.01 1798.59 1732.15 1676.60 1628.44 1686.20 1756.88 1840.01 1889.63 1928.96 1966.86 2033.89 2115.70
2205.92 2200.85 2181.01 2146.97 2095.41 2037.45 1971.19 2035.94 2084.80 2112.92 2018.14 1925.91 1833.65 1760.06 1708.07 1689.97 1752.75 1816.74 1886.55 1928.02 1957.43 1985.06 2058.55 2142.67
2233.32 2241.82 2249.01 2245.10 2159.08 2059.14 1938.83 1896.00 1858.40 1796.67 1516.60 1145.37 1078.61 1095.37 1387.87 1610.39 1683.05 1753.25 1824.24 1826.33 1821.73 1816.43 1808.78 1802.09
1796.28 1784.29 1792.29 1808.21 1816.10 1826.50 1836.23 1590.14 1249.21 948.86 913.14 1156.55 1487.05 1573.86 1665.46 1761.30 1817.37 1875.78 1941.35 1904.22 1856.94 1817.75 1830.24 1844.04
1859.50 1843.24 1826.68 1813.75 1811.28 1808.07 1800.53 1733.99 1685.23 1645.35 1670.06 1716.35 1779.68 1751.56 1731.43 1724.03 1778.29 1826.44 1882.31 1930.11 1967.10 1999.80 1994.93 1996.28
2007.58 1988.29 1973.45 1965.03 1943.93 1923.06 1899.07 1887.00 1880.03 1864.79 1784.11 1710.31 1643.18 1636.73 1640.51 1671.77 1815.35 1947.86 2073.21 2092.54 2099.81 2105.18 2162.63 2220.91
2276.25 2241.73 2210.01 2183.28 2133.49 2079.35 2020.55 2027.83 2036.25 2035.87 1955.24 1875.54 1801.57 1761.57 1737.66 1732.42 1835.10 1942.30 2050.95 2087.22 2115.01 2143.67 2194.02 2251.96
2316.14 2325.08 2335.96 2342.66 2332.78 2323.20 2313.16 2319.68 2322.63 2301.09 2179.16 2058.92 1937.29 1916.81 1913.14 1926.89 1961.92 2000.94 2046.14 2108.31 2162.77 2220.28 2224.61 2231.15
2209.91 2160.18 2102.24 2037.93 2001.49 1961.58 1917.37 1960.98 1998.84 2019.58 1946.97 1880.92 1797.76 1754.98 1751.55 1786.91 1871.60 1958.14 2050.18 2036.61 2012.62 1993.95 2033.08 2065.55
2106.02 2061.65 2015.66 1971.75 1939.89 1911.30 1887.78 1863.08 1860.29 1859.81 1698.40 1581.52 1548.77 1605.94 1664.82 1729.34 1800.55 1864.11 1929.91 1922.35 1899.74 1876.00 1900.53 1922.41
1929.32 1909.63 1892.36 1875.09 1858.53 1837.62 1817.45 1791.56 1775.30 1742.78 1568.74 1512.40 1607.01 1647.19 1686.42 1731.90 1860.79 1979.70 2093.49 2072.66 2039.35 2009.90 2038.19 2075.33
2119.42 2118.53 2104.01 2093.31 2048.77 2001.22 1950.18 1920.45 1910.79 1907.07 1806.52 1719.88 1650.31 1644.89 1679.76 1745.66 1877.25 1998.61 2115.43 2149.58 2177.25 2198.25 2174.50 2154.74
2144.37 2092.87 2033.81 1969.15 1941.65 1912.31 1878.27 1870.77 1859.99 1838.31 1765.10 1715.82 1745.13 1855.70 1957.22 2058.32 2113.48 2174.44 2225.15 2179.79 2118.70 2056.74 2004.77 1946.40
1880.26 1853.50 1826.56 1803.76 1813.83 1824.22 1833.99 1810.28 1777.67 1737.51 1671.25 1683.83 1757.93 1796.51 1837.46 1886.84 1909.02 1937.53 1971.66 1960.58 1943.16 1927.34 1929.38 1933.10
1939.56 1911.53 1883.60 1855.84 1869.14 1886.54 1907.96 1908.28 1922.44 1932.49 1914.17 1896.33 1874.73 1921.59 1969.86 2030.58 2090.43 2155.15 2217.29 2190.07 2149.40 2104.84 2079.69 2052.79
2027.01 2048.01 2069.18 2091.04 2111.62 2129.32 2139.38 2169.49 2192.80 2196.67 2145.99 2097.60 2049.58 2031.31 2011.29 1986.46 2022.87 2062.08 2106.86 2109.86 2106.17 2107.22 2181.87 2263.56
2349.46 2327.80 2302.31 2274.57 2220.90 2160.68 2092.49 1947.22 1782.04 1638.74 1579.79 1523.03 1455.10 1281.78 1077.83 927.11 1163.45 1404.63 1515.99 1304.58 1411.63 1696.41 1726.47 1783.13
1801.55 1723.18 1671.04 1670.04 1485.80 1312.30 1395.78 1291.03 1366.22 1470.09 1221.64 768.68 1095.39 1298.12 1436.57 1574.37 1670.11 1760.34 1849.51 1884.67 1901.36 1905.17 1899.85 1899.85
1908.55 1883.96 1875.06 1886.22 1868.13 1852.21 1838.77 1827.45 1815.40 1794.78 1764.77 1744.73 1735.39 1752.65 1790.34 1830.77 1843.02 1860.93 1884.78 1926.91 1959.41 1983.85 1983.15 1990.85
2008.15 1988.51 1970.55 1953.71 1930.35 1904.98 1874.48 1862.66 1845.73 1814.33 1700.33 1588.81 1491.22 1522.34 1599.62 1708.47 1780.70 1853.88 1926.57 1922.06 1909.64 1900.26 1902.08 1886.42
1872.83 1854.30 1832.23 1792.22 1787.70 1779.31 1777.25 1896.44 1986.49 2067.12 1812.13 1456.23 1118.04 1396.66 1588.86 1735.09 1789.03 1855.86 1931.10 1935.57 1930.83 1926.17 1925.68 1927.20
1930.06 1909.47 1884.01 1857.80 1869.29 1881.69 1892.72 1740.33 1581.60 1419.06 1402.01 1391.61 1332.53 1489.72 1626.52 1744.73 1822.72 1907.51 2005.78 1997.01 1966.72 1926.46 1924.09 1925.51
1932.55 1911.08 1890.42 1872.48 1868.67 1882.98 1913.02 1816.18 1693.65 1548.86 1714.24 1832.20 1923.40 1929.42 1940.94 1958.50 2023.38 2087.74 2160.43 2107.00 2023.55 1906.32 1902.92 1886.48
1870.93 1880.76 1890.24 1900.95 1897.80 1897.29 1897.37 1756.71 1600.92 1414.36 1548.09 1648.32 1726.93 1798.09 1869.31 1942.39 1954.74 1970.18 1998.25 1975.44 1940.23 1895.80 1858.80 1812.81
1766.52 1783.14 1822.50 1876.71 1799.59 1741.51 1723.72 1704.99 1679.40 1640.15 1751.57 1840.24 1912.07 1979.73 2050.04 2122.37 2119.56 2116.72 2120.92 2071.47 1997.46 1896.68 1887.09 1888.77
1902.56 1886.78 1870.95 1855.72 1818.87 1805.28 1817.94 1774.03 1736.38 1699.32 1724.19 1750.79 1777.18 1783.35 1796.70 1816.62 1870.89 1924.66 1988.86 1968.23 1933.95 1894.17 1874.99 1864.15
1868.08 1864.13 1866.00 1871.81 1885.26 1897.64 1910.06 1787.54 1659.17 1514.93 1584.20 1656.11 1723.40 1626.24 1531.50 1471.02 1496.12 1543.16 1617.32 1667.49 1701.50 1741.97 1761.53 1781.16
1800.15 1774.20 1752.75 1737.66 1649.80 1600.68 1623.25 1671.83 1731.49 1773.39 1702.04 1642.21 1596.66 1658.75 1725.41 1793.00 1883.47 1974.90 2074.15 2064.12 2039.66 2007.33 2046.62 2085.55
2126.01 2109.23 2093.10 2080.80 2065.50 2050.19 2033.16 2048.06 2053.97 2043.26 2062.63 2079.25 2092.13 2088.92 2102.30 2129.28 2139.65 2149.69 2168.27 2141.50 2096.73 2022.37 2037.83 2056.55
2093.88 2067.20 2037.58 2004.39 1968.32 1935.86 1909.31 1922.27 1939.53 1944.89 1943.32 1943.64 1947.41 1979.60 2023.97 2082.48 2141.64 2199.82 2263.06 2233.82 2193.12 2146.88 2147.43 2149.06
2151.66 2121.24 2087.91 2053.61 2011.08 1964.64 1915.00 1875.39 1833.45 1782.82 1813.51 1843.01 1873.76 1942.76 2018.18 2096.64 2135.40 2171.63 2213.25 2199.80 2183.22 2170.32 2116.74 2067.21
2030.22 2019.93 2008.29 1996.76 1945.00 1894.13 1848.61 1907.38 1976.69 2033.56 1979.62 1927.44 1888.35 1893.74 1918.76 1971.09 2020.98 2072.15 2128.36 2117.04 2118.08 2128.85 2104.28 2067.69
2030.66 2016.84 2002.28 1987.70 1949.73 1917.59 1892.66 1871.44 1854.32 1834.94 1906.91 1967.02 2022.34 2008.52 2001.71 1998.38 2052.73 2110.06 2175.32 2121.34 2052.43 1972.24 1958.27 1943.88
1932.54 1909.84 1887.87 1869.21 1829.00 1786.82 1739.95 1502.69 1177.28 999.72 1305.98 1434.35 1583.14 1627.26 1676.61 1725.40 1820.50 1909.54 2002.50 1973.97 1932.58 1885.15 1901.63 1907.07
1902.09 1895.11 1894.39 1902.73 1898.34 1911.68 1930.14 1903.68 1850.41 1792.94 1716.15 1653.56 1607.67 1662.56 1721.07 1782.15 1899.50 2009.41 2120.67 2075.89 2013.19 1930.98 1905.81 1877.85
1847.07 1787.21 1719.71 1642.35 1627.63 1653.87 1713.94 1618.02 1513.88 1391.77 1520.48 1662.73 1781.74 1814.02 1848.56 1886.69 1947.66 2006.05 2067.11 2028.18 1975.15 1913.52 1891.97 1867.63
1842.24 1792.76 1736.47 1677.07 1708.86 1767.61 1840.52 1769.18 1697.76 1635.85 1658.16 1765.09 1888.69 1935.59 1987.65 2041.33 2066.49 2085.55 2106.28 2068.62 2018.90 1955.31 1968.70 1986.87
2012.40 1954.57 1887.84 1800.29 1812.77 1848.06 1903.58 1952.64 1987.29 2008.25 1973.70 1942.63 1918.33 1989.61 2063.92 2148.55 2194.82 2222.79 2244.98 2168.24 2076.76 1975.95 1958.75 1934.36
1883.61 1908.17 1932.54 1954.85 1901.89 1849.62 1800.14 1823.32 1842.69 1861.38 1818.55 1770.94 1721.41 1721.13 1724.97 1718.47 1788.17 1854.64 1925.60 1889.96 1844.35 1794.55 1789.48 1793.34
1806.56 1812.36 1822.57 1826.92 1800.06 1773.40 1742.61 1727.97 1710.89 1684.31 1618.58 1554.75 1500.94 1663.01 1808.91 1935.15 1976.99 2053.35 2148.98 2207.07 2264.66 2297.21 2308.59 2326.20
2349.76 2334.60 2318.62 2302.28 2288.11 2274.30 2260.36 2237.30 2214.17 2185.93 2219.58 2247.84 2277.88 2278.17 2287.69 2309.44 2332.06 2353.80 2379.29 2353.02 2320.36 2286.91 2265.73 2242.25
2217.92 2195.83 2172.52 2144.63 2164.04 2186.55 2180.02 2226.85 2245.12 2255.52 2216.68 2179.59 2150.29 2173.27 2203.86 2242.90 2280.16 2317.21 2358.12 2323.45 2282.92 2239.49 2235.54 2232.89
2234.00 2173.11 2105.28 2028.62 2002.02 1975.70 1947.64 2024.42 2100.20 2159.80 2115.35 2073.05 2026.29 2031.73 2047.98 2078.33 2112.81 2148.72 2189.39 2210.45 2207.29 2204.53 2151.58 2094.05
2036.00 2006.58 1973.69 1937.40 1915.99 1894.27 1872.38 1823.00 1767.25 1705.40 1697.26 1705.99 1704.53 1709.60 1739.82 1793.18 1883.30 1969.27 2055.67 2078.89 2114.37 2143.23 2107.07 2068.86
2031.68 1999.01 1962.67 1923.63 1908.97 1892.95 1874.94 1924.49 1970.89 2005.62 1988.80 1975.58 1972.81 2002.25 2042.23 2093.73 2102.87 2112.34 2126.65 2125.94 2124.72 2118.10 2099.93 2073.30
2051.60 2063.91 2076.00 2089.12 2062.86 2038.51 2018.47 1997.50 1982.82 1967.14 1932.03 1898.25 1865.78 1818.53 1800.80 1816.26 1873.81 1928.16 1983.35 2021.28 2048.22 2080.25 2127.69 2161.93
2180.24 2158.75 2136.76 2116.11 2060.11 1997.82 1926.73 1885.71 1850.89 1818.59 1661.13 1523.36 1441.11 1549.47 1649.77 1744.05 1792.87 1841.94 1898.17 1931.78 1975.26 2025.86 2040.77 2059.63
2088.05 2086.22 2084.17 2083.25 2050.25 2016.46 1982.58 2006.45 2017.19 2014.79 1997.05 1985.65 1978.47 2016.45 2053.25 2086.80 2147.12 2207.91 2272.63 2307.57 2340.44 2352.72 2339.57 2325.63
2311.20 2269.92 2225.14 2177.24 2108.52 2037.32 1966.08 2055.65 2110.28 2139.13 2115.18 2077.65 2048.06 2110.65 2175.13 2237.33 2266.66 2289.18 2304.38 2305.85 2304.41 2304.35 2286.93 2269.46
2253.69 2232.16 2209.74 2186.32 2135.09 2082.22 2026.08 2086.17 2127.34 2120.55 2097.07 2079.66 2054.45 2073.83 2108.06 2151.20 2204.63 2257.52 2313.51 2284.06 2245.35 2204.26 2188.68 2171.04
2154.45 2141.38 2127.55 2112.68 2102.39 2093.31 2083.59 2134.75 2170.87 2190.31 2191.01 2189.97 2188.09 2168.11 2153.46 2146.68 2139.64 2130.03 2119.76 2139.37 2160.79 2185.64 2182.01 2178.63
2179.15 2151.10 2121.63 2091.65 2065.07 2036.66 2006.50 2076.03 2130.41 2169.70 2170.72 2174.23 2174.70 2203.42 2235.42 2269.94 2305.68 2340.18 2378.68 2325.44 2259.77 2181.30 2146.88 2110.02
2070.91 2045.47 2022.25 2004.04 2002.70 2008.41 2017.78 2033.67 2039.37 2033.11 2017.69 2005.91 1991.86 2008.11 2036.50 2075.98 2090.78 2102.67 2113.75 2087.22 2052.33 2011.91 1993.37 1974.05
1955.24 1930.59 1915.60 1915.73 1865.24 1811.23 1748.53 1621.50 1502.09 1413.71 1485.66 1546.11 1594.86 1669.98 1754.70 1849.12 1912.60 1954.74 1995.87 2016.81 2037.07 2059.90 1985.51 1900.34
1803.11 1779.94 1780.56 1796.80 1812.22 1827.48 1842.12 1905.11 1964.94 2009.14 1939.44 1906.90 1901.31 1886.85 1879.74 1882.45 1895.84 1901.07 1909.96 1884.17 1854.82 1822.08 1834.91 1848.14
1864.85 1836.89 1807.83 1777.57 1750.98 1721.14 1691.67 1567.96 1420.04 1230.14 1292.15 1381.62 1456.52 1506.66 1562.99 1627.77 1667.34 1709.06 1759.38 1801.07 1843.61 1861.91 1876.89 1890.46
1905.84 1901.13 1918.27 1957.57 1953.80 1946.56 1939.27 1941.88 1939.11 1927.85 1829.26 1769.17 1746.48 1664.87 1610.95 1617.29 1595.95 1568.21 1541.53 1600.02 1661.66 1722.27 1467.79 1544.63
1259.57 1487.66 1874.76 2143.44 2242.90 2337.23 2428.88 2493.86 2551.60 2608.64 2534.33 2461.84 2380.29 2346.92 2316.14 2287.27 2273.16 2262.85 2265.36 2219.12 2163.75 2099.80 2130.13 2164.47
2202.42 2172.57 2139.17 2103.50 2096.90 2085.19 2067.16 2085.64 2077.50 2059.30 1998.22 1942.40 1890.26 1869.45 1854.14 1848.34 1884.96 1916.24 1948.63 1972.10 2019.10 2085.01 2098.91 2113.36
2110.10 2102.85 2095.81 2088.87 2073.70 2058.98 2043.66 2042.15 2042.78 2037.48 2049.98 2150.29 2256.66 2284.84 2316.26 2350.59 2364.47 2369.81 2372.65 2421.14 2450.07 2480.97 2447.75 2410.80
2371.15 2355.18 2339.21 2319.41 2359.17 2385.55 2406.67 2434.72 2454.77 2469.25 2460.55 2443.81 2424.92 2406.43 2390.26 2375.62 2397.39 2421.75 2439.42 2462.58 2486.68 2512.58 2412.95 2294.21
2150.64 1490.38 1610.62 1822.00 2094.54 2414.20 2704.35 2825.78 2873.37 2886.94 2842.94 2799.17 2740.88 2715.04 2699.28 2676.39 2605.69 2530.89 2452.12 2432.99 2410.97 2388.67 2409.17 2431.86
2453.82 2414.45 2372.55 2327.83 2299.03 2270.20 2240.63 2263.97 2278.71 2288.19 2143.50 1997.73 1855.38 1619.19 1281.95 1181.39 1339.76 1592.09 1793.88 1771.84 1761.85 1770.44 1796.42 1838.80
1891.13 1922.93 1942.54 1966.17 1851.74 1645.16 1459.96 1617.20 1773.37 1888.76 1915.34 1942.09 1949.00 1952.70 1968.12 1991.27 1983.35 1973.98 1966.34 1978.46 1994.00 2014.43 1983.82 1951.86
1917.11 1886.04 1851.87 1814.92 1784.79 1758.13 1735.56 1835.20 1921.39 1983.74 1988.99 1984.98 1983.93 2010.56 2039.85 2071.45 2128.02 2185.74 2243.15 2232.68 2223.81 2218.81 2209.43 2188.32
2150.85 2103.41 2056.61 2010.39 1998.90 1983.52 1968.15 2032.11 2082.08 2125.76 2096.14 2059.91 2034.65 1985.26 1941.74 1892.98 1859.54 1825.50 1786.15 1764.43 1721.75 1676.28 1519.96 1381.73
1742.83 2037.38 2276.85 2481.47 2559.82 2640.17 2699.17 2679.83 2656.10 2632.97 2522.93 2410.51 2294.15 2335.53 2376.15 2411.10 2324.29 2219.67 2090.95 2099.33 2107.55 2117.98 2047.54 1983.22
1911.71 1874.95 1808.34 1735.77 1799.34 1866.18 1933.52 1792.43 1675.25 1630.94 1749.61 1844.88 1920.24 1855.29 1800.70 1707.84 1804.88 1898.60 1988.11 2016.27 2048.47 2082.00 2088.49 2080.85
2075.62 2045.03 2035.01 2050.05 2039.84 2039.10 2048.07 1961.99 1865.70 1759.35 1760.12 1862.27 1973.91 2038.10 2097.57 2157.93 2123.57 2082.40 2032.46 2070.43 2106.54 2137.61 2152.34 2166.53
2178.26 2167.93 2157.80 2148.62 2170.47 2180.48 2193.89 2189.82 2187.87 2187.07 2124.75 2059.19 2084.63 1986.28 1900.86 1843.38 1832.53 1803.89 1752.79 1759.54 1822.07 1921.06 1944.83 1975.92
2014.25 1992.17 1968.28 1945.44 1782.66 1593.63 1480.48 1563.26 1596.54 1634.10 1763.96 1969.27 2119.27 2170.13 2220.07 2271.12 2241.57 2208.63 2172.34 2261.64 2348.30 2432.88 2469.75 2511.56
2553.45 2448.21 2339.24 2245.24 1943.25 1965.37 1953.90 2021.25 2275.55 2520.66 2483.41 2437.21 2395.18 2272.22 2141.11 2001.78 2043.63 2091.50 2140.68 2084.83 2047.56 2039.34 1942.11 1855.66
1807.04 1621.23 1503.39 1638.33 1644.99 1505.11 1411.63 1569.84 1630.79 1764.01 1659.25 1571.30 1504.22 1456.94 1421.31 1401.19 1536.77 1752.50 1927.16 1986.05 2065.04 2154.48 2179.57 2206.00
2233.93 2227.48 2225.15 2229.08 2231.38 2237.08 2244.63 2237.12 2221.94 2198.50 2316.13 2407.51 2474.74 2479.51 2487.59 2501.16 2453.99 2394.11 2317.93 2337.82 2359.48 2379.14 2357.10 2301.77
2229.69 2237.85 2246.94 2255.92 2284.26 2310.09 2326.78 2339.69 2342.74 2340.91 2263.97 2195.33 2148.09 1938.42 1661.15 1169.87 1370.62 1782.82 1803.65 1534.60 1998.23 2382.32 2345.33 2327.49
2333.64 2346.85 2361.23 2377.57 2442.74 2507.26 2571.72 2632.01 2690.71 2754.03 2722.97 2694.62 2667.92 2690.43 2714.55 2741.95 2732.73 2723.44 2711.98 2743.95 2766.01 2789.73 2732.18 2670.63
2602.48 2565.05 2531.67 2493.35 2488.31 2493.42 2506.11 2521.06 2533.87 2518.23 2431.44 2342.98 2237.21 2149.09 2032.15 1908.12 1739.69 1581.08 1517.19 1567.15 1767.84 1959.90 2013.17 2074.26
2142.45 2162.18 2183.10 2205.85 2205.47 2214.93 2232.63 2228.85 2212.25 2189.10 2197.85 2205.93 2211.00 2171.33 2142.33 2128.14 2146.81 2165.42 2179.68 2185.05 2196.20 2214.22 2205.09 2196.07
2182.75 2155.44 2123.43 2091.53 1947.36 1836.03 1834.68 1795.07 1703.01 1616.67 1817.13 2014.98 2146.10 2173.63 2202.37 2234.18 2166.09 2068.74 1944.71 1960.43 2032.55 2133.86 2122.26 2091.83
2052.40 2024.29 2004.60 1996.12 2027.05 2077.88 2142.11 2180.22 2221.99 2263.49 2149.55 2068.34 2024.86 2026.31 2033.44 2036.38 1994.33 1954.24 1914.20 1859.47 1824.91 1823.08 1877.58 2034.00
2215.79 2281.61 2357.95 2439.89 2499.08 2557.73 2615.03 2647.25 2672.14 2683.04 2677.94 2655.32 2635.53 2674.01 2712.40 2728.33 2716.57 2705.69 2691.72 2810.32 2919.55 3007.94 3047.98 3087.28
3129.83 3046.10 2943.67 2830.77 2738.26 2633.50 2516.06 2553.42 2580.44 2602.86 2490.04 2376.10 2255.83 2297.25 2344.14 2398.38 2321.36 2229.83 2117.14 1862.46 1449.12 1470.07 1716.79 1825.70
1929.85 1747.45 1621.56 1722.77 1967.51 2157.84 2317.03 2264.80 2206.86 2147.79 2164.24 2177.45 2188.58 2198.83 2213.38 2231.11 2247.16 2263.29 2274.19 2169.80 2039.27 1883.08 1631.91 1672.80
1943.13 1941.21 1929.37 1926.03 2040.41 2160.88 2277.79 2313.83 2333.13 2344.16 2269.04 2212.19 2186.68 2159.19 2135.34 2117.37 2098.65 2076.95 2049.23 1920.96 1761.45 1549.78 1615.61 1675.09
1733.22 1550.32 1422.22 1407.81 1492.33 1670.51 1832.09 1878.66 1910.80 1935.22 2085.36 2199.90 2290.92 2311.97 2334.46 2359.66 2334.08 2304.00 2265.71 2299.32 2335.93 2370.60 2342.89 2313.46
2282.74 2274.15 2264.96 2258.31 2259.86 2263.63 2267.28 2244.12 2207.51 2165.13 2280.52 2362.96 2433.56 2415.82 2401.58 2391.13 2316.41 2228.14 2111.46 2093.66 2084.84 2083.78 2026.73 1965.42
1896.67 1799.40 1764.53 1704.60 1741.63 1779.28 1797.96 1706.34 1620.95 1589.95 1675.40 1750.00 1812.57 1792.70 1779.03 1774.05 1832.36 1896.15 1955.75 1946.54 1941.38 1941.11 1896.83 1886.02
1936.77 1947.09 1969.76 2005.65 2029.92 2056.04 2078.05 2064.35 2044.64 2027.54 2147.08 2214.31 2265.10 2278.50 2294.92 2316.18 2253.99 2184.45 2104.50 2152.70 2199.46 2246.38 2215.91 2186.15
2159.01 2090.75 2015.06 1926.95 1914.33 1868.69 1828.18 1388.41 1431.28 1798.51 1993.02 2153.85 2291.57 2414.47 2536.35 2655.91 2653.01 2650.02 2643.96 2676.27 2698.42 2719.80 2708.01 2699.98
2697.43 2681.28 2666.35 2652.60 2636.67 2619.01 2600.79 2621.70 2635.50 2651.24 2570.91 2489.94 2406.69 2347.15 2287.18 2226.14 2131.58 2026.95 1908.72 1959.81 2017.45 2083.82 2011.72 1931.88
1840.74 1683.82 1581.81 1669.00 1678.26 1587.18 1587.29 1555.27 1632.51 1733.50 1796.42 1845.58 1883.16 1892.26 1931.57 1991.93 2064.68 2142.40 2186.04 2194.06 2204.04 2218.29 2218.86 2220.15
2222.58 2222.35 2224.17 2227.31 2216.20 2206.02 2195.76 2208.23 2210.70 2205.31 2251.68 2273.16 2290.47 2309.73 2338.07 2374.30 2345.79 2315.13 2272.88 2344.28 2413.04 2477.84 2492.95 2509.58
2521.92 2485.78 2449.04 2409.77 2361.96 2312.40 2260.23 2200.01 2140.46 2090.08 1826.15 1943.47 2070.75 2134.70 2500.30 2854.16 2973.75 3093.82 3178.00 3191.00 3205.17 3219.74 3215.94 3212.34
3209.01 3174.08 3137.37 3102.61 3077.63 3050.81 3025.24 3019.51 3006.78 2994.51 2896.26 2797.39 2700.44 2666.46 2640.46 2620.93 2533.65 2429.65 2294.96 2291.75 2288.92 2286.60 2225.89 2173.12
2133.23 1966.17 1975.13 2153.38 2113.14 2105.49 2136.89 2131.15 2119.64 2109.22 2178.17 2258.59 2340.95 2354.81 2369.87 2389.12 2287.96 2169.26 2019.45 2059.58 2113.11 2165.47 2173.07 2182.54
2191.89 2128.81 2058.34 1983.73 1895.18 1799.00 1694.53 1276.85 1652.83 1940.42 2018.16 2085.29 2138.96 2107.27 2080.10 2053.75 2086.47 2121.11 2152.30 2156.40 2176.35 2212.33 2233.81 2256.89
2280.32 2288.77 2283.90 2273.36 2220.66 2168.80 2116.87 2084.60 2039.98 1993.52 2022.32 2046.49 2066.45 2028.84 2008.87 2012.44 2003.49 2006.79 2016.57 1887.67 1726.77 1511.43 1476.83 1453.16
1440.59 1405.41 1385.64 1392.06 1555.82 1720.18 1863.69 1869.58 1838.73 1832.33 1820.44 1855.67 1914.46 1920.27 1938.70 1970.49 2058.57 2144.15 2221.68 2243.46 2266.71 2287.88 2273.00 2255.37
2236.25 2194.93 2156.93 2125.66 2129.59 2132.60 2136.54 2099.50 2053.47 2001.41 2062.13 2113.80 2162.71 2034.28 1912.11 1819.14 1821.43 1888.86 1898.92 1932.31 1966.22 2002.43 1989.72 1993.64
2018.38 2017.56 2039.60 2079.99 1988.90 1892.19 1801.62 1750.05 1684.82 1613.13 1656.40 1725.62 1797.77 1771.12 1748.75 1733.89 1707.41 1704.35 1727.39 1871.98 2019.29 2154.75 2184.41 2214.85
2244.41 2195.11 2141.29 2082.06 2091.66 2101.70 2112.59 1942.79 1726.32 1428.37 1517.29 1643.98 1733.84 1878.16 1999.58 2106.68 2140.82 2176.57 2188.01 2222.83 2259.62 2296.01 2300.74 2311.34
2316.21 2308.37 2302.38 2297.03 2298.98 2306.97 2321.80 2363.20 2394.13 2416.93 2475.78 2527.81 2568.10 2580.96 2594.84 2612.06 2595.05 2573.58 2545.10 2572.57 2587.39 2601.75 2603.56 2605.74
2607.41 2572.16 2532.13 2485.18 2440.37 2397.20 2357.63 2365.69 2368.31 2371.23 2358.39 2347.39 2331.24 2319.45 2315.87 2322.48 2280.32 2239.15 2197.38 2188.39 2184.53 2185.20 2202.86 2220.65
2241.01 2212.51 2185.39 2157.80 2024.10 1865.01 1657.79 1618.28 1609.85 1975.92 2150.06 2310.62 2446.23 2449.25 2440.44 2440.91 2370.44 2289.84 2193.33 2184.12 2174.37 2165.92 2166.37 2167.31
2164.93 2123.00 2072.83 2017.85 1870.44 1818.19 1920.21 1916.47 2108.59 2301.39 2290.89 2282.18 2278.17 2214.44 2162.90 2127.90 1989.13 1831.86 1696.11 1601.68 1670.23 1830.59 1579.67 1417.01
1457.61 1519.08 1826.95 2063.73 2058.82 2052.54 2047.52 2014.99 1972.63 1924.24 1989.00 2038.63 2030.19 2102.53 2171.47 2237.30 2237.08 2240.31 2237.58 2261.69 2284.66 2301.39 2342.21 2379.51
2415.25 2455.56 2498.40 2540.64 2547.17 2552.53 2558.45 2542.52 2518.77 2491.21 2412.14 2336.79 2268.49 2240.02 2216.16 2198.86 2184.75 2174.69 2162.30 2193.70 2224.19 2255.02 2291.17 2329.04
2367.94 2391.40 2414.75 2439.05 2429.10 2419.33 2407.18 2427.41 2441.69 2452.38 2428.38 2405.72 2381.45 2352.00 2324.58 2295.04 2237.59 2171.29 2078.14 2054.92 2059.05 2092.46 1950.05 2016.70
2225.92 2314.33 2443.44 2590.93 2556.78 2527.52 2510.60 2513.80 2510.99 2503.92 2473.79 2449.46 2434.46 2416.45 2401.70 2396.05 2395.11 2396.49 2395.15 2391.54 2387.52 2383.53 2370.21 2360.51
2354.30 2393.72 2439.23 2489.53 2397.22 2300.39 2199.92 2167.89 2163.38 2186.69 2243.53 2316.02 2340.73 2254.23 2164.00 2066.37 2048.86 2034.39 2015.41 2117.10 2224.68 2332.01 2278.06 2199.31
2123.33 2164.57 2206.73 2197.67 2166.18 2110.84 2058.99 1992.72 1950.16 1939.00 1846.75 1800.79 1806.82 2038.40 2224.09 2348.99 2353.49 2369.44 2391.93 2464.28 2535.32 2603.73 2574.81 2554.83
2545.99 2543.68 2536.99 2516.55 2496.53 2477.09 2457.12 2400.37 2342.76 2286.90 2268.75 2292.12 2347.06 2323.75 2329.13 2380.63 2320.13 2244.29 2140.85 2185.44 2229.20 2271.08 2286.54 2307.88
2336.40 2317.88 2327.36 2367.97 2377.91 2388.73 2398.28 2389.24 2380.42 2379.29 2458.44 2527.02 2582.21 2577.24 2579.17 2584.82 2512.92 2425.16 2303.31 2303.29 2303.04 2304.06 2308.33 2311.41
2317.03 2295.04 2271.89 2247.69 2265.56 2283.29 2304.73 2298.56 2284.29 2259.68 2201.64 2148.13 2102.54 2038.33 1978.85 1920.77 1850.36 1805.15 1805.08 1591.75 1323.68 1654.81 1783.14 1897.04
2000.12 2042.84 2091.08 2140.97 2187.86 2233.38 2277.45 2233.56 2180.40 2119.48 2198.99 2271.95 2303.77 2225.49 2184.07 2182.25 2044.83 1869.09 1643.21 1739.18 1773.65 1755.93 1765.72 1901.93
2073.55 2126.23 2178.14 2227.04 2178.62 2099.80 2016.64 1952.54 1874.07 1781.28 1657.82 1604.78 1631.09 1540.42 1427.47 1390.91 1366.48 1403.17 1348.09 1288.55 1297.28 1505.99 1764.82 1999.51
2142.38 2108.08 2087.10 2080.20 2115.25 2153.55 2191.77 2144.68 2084.41 2014.58 2158.59 2271.84 2358.29 2421.04 2485.18 2519.96 2471.29 2414.20 2337.79 2363.39 2389.76 2415.19 2420.76 2429.51
2443.33 2389.12 2354.89 2350.24 2256.18 2312.32 2390.40 2420.56 2523.10 2651.20 2608.12 2567.90 2527.00 2536.99 2553.28 2573.49 2520.90 2459.32 2379.94 2370.83 2362.96 2354.67 2315.41 2272.50
2224.89 2220.15 2212.73 2201.15 2205.30 2210.19 2215.55 2138.35 2034.52 1920.53 1778.65 1621.83 1438.99 1046.16 1224.36 1493.54 1645.79 1781.68 1896.10 1994.96 2086.61 2172.88 2190.25 2211.29
2234.47 2248.68 2261.56 2275.83 2359.71 2440.05 2515.37 2484.15 2445.47 2400.35 2453.11 2496.28 2529.53 2569.17 2608.49 2643.24 2590.40 2524.86 2440.48 2466.21 2492.85 2517.35 2514.97 2514.09
2512.60 2517.93 2524.60 2534.76 2484.36 2430.89 2374.25 2370.50 2360.61 2344.39 2244.62 2153.02 2073.40 1872.24 1810.90 2043.54 2067.24 2119.35 2193.44 2372.21 2534.06 2683.27 2752.11 2821.86
2890.47 2894.28 2877.14 2858.84 2858.30 2856.71 2855.86 2790.27 2718.94 2642.46 2597.69 2557.02 2520.32 2489.18 2466.68 2450.62 2346.91 2231.11 2094.78 2121.19 2147.75 2176.58 2129.64 2077.78
2020.55 2082.72 2146.08 2207.98 2145.70 2081.27 2017.93 1986.21 1963.46 1949.50 1896.66 1910.85 1965.36 1951.60 1915.78 1876.65 2017.55 2148.63 2256.21 2262.42 2268.84 2280.06 2264.76 2269.15
2295.97 2296.18 2296.27 2296.40 2259.22 2224.27 2193.82 2121.40 2036.96 1939.80 1992.67 2068.67 2142.71 2130.19 2123.41 2119.50 2153.99 2192.00 2222.21 2236.05 2246.35 2250.77 2246.32 2241.56
2237.23 2277.10 2316.78 2354.67 2376.86 2405.86 2440.78 2422.32 2397.73 2365.95 2245.07 2182.65 2186.76 2123.44 2063.91 2006.01 1938.21 1926.95 1992.65 1940.67 1886.85 1832.55 1731.40 1635.36
1585.52 1591.42 1609.10 1643.01 1620.51 1643.00 1701.57 1538.93 1322.46 1149.04 1304.78 1464.07 1562.09 1769.17 1920.82 2044.42 2086.36 2097.60 2103.28 2125.63 2159.15 2204.25 2231.55 2255.26
2281.35 2273.83 2271.40 2273.26 2278.68 2277.81 2278.97 2266.99 2340.70 2445.65 2358.21 2272.66 2184.86 2163.01 2146.01 2131.20 1997.70 1817.77 1549.11 1570.45 1823.75 2037.23 1984.82 1950.34
1942.18 1881.27 1818.10 1753.76 1711.39 1803.71 1947.51 2120.51 2260.56 2378.46 2515.05 2631.99 2708.34 2723.39 2742.18 2763.30 2768.52 2774.73 2774.29 2777.20 2781.39 2783.43 2816.99 2850.85
2884.53 2876.65 2867.62 2861.72 2843.16 2824.60 2805.85 2818.56 2826.86 2828.00 2797.23 2768.08 2741.94 2716.02 2695.06 2676.82 2578.60 2464.69 2323.42 2266.33 2242.62 2262.33 2194.16 2153.22
2155.34 2186.00 2214.29 2229.79 2145.20 2126.74 2188.96 2158.04 2118.57 2068.97 2095.41 2051.50 2007.33 1983.31 1966.89 1959.93 1822.77 1643.36 1435.97 1569.90 1718.86 1869.53 1909.90 1963.16
2023.79 2057.48 2090.86 2126.45 2194.29 2260.29 2321.95 2203.31 2072.97 1929.82 2010.08 2079.11 2133.80 2193.05 2254.80 2314.05 2292.06 2298.97 2332.82 2344.98 2356.39 2366.18 2345.08 2322.87
2299.06 2248.83 2197.97 2142.90 2112.63 2098.30 2098.23 2116.96 2129.59 2140.38 2140.65 2147.64 2158.89 2106.81 2041.71 1975.90 2008.92 2043.89 2078.77 2011.25 1933.94 1845.65 1885.93 1956.12
2040.01 1982.96 1932.18 1895.94 1791.57 1797.18 1914.13 1885.79 1854.43 1816.78 1208.14 1591.45 1933.64 1917.29 1938.39 1987.28 2029.00 2080.23 2118.97 2070.38 2020.16 1963.19 1927.63 1911.79
1918.50 1876.67 1893.02 1963.29 1946.31 1938.36 1946.68 1870.52 1825.52 1826.12 1761.50 1705.18 1661.77 1595.75 1537.09 1491.77 1599.07 1724.55 1836.92 1677.07 1453.57 1182.83 1413.03 1645.47
1820.39 1718.33 1597.36 1450.50 1217.46 1255.39 1497.39 1377.17 1283.52 1509.93 1663.13 1775.26 1856.17 1800.86 1754.01 1712.86 1452.91 1529.76 1837.46 1850.65 1887.18 1942.39 1944.49 1945.69
1948.32 1921.94 1895.49 1868.30 1911.75 1962.10 2014.84 1972.05 1932.26 1889.24 1923.24 1960.66 1994.82 1984.02 1979.74 1981.09 2045.88 2114.10 2177.91 2224.40 2269.86 2305.34 2293.67 2291.01
2298.83 2280.30 2274.75 2285.30 2273.43 2261.72 2249.40 2216.08 2209.23 2222.08 2219.60 2224.56 2212.16 2200.06 2183.73 2165.82 2160.41 2166.91 2181.11 2184.54 2190.85 2199.03 2184.62 2170.69
2158.59 2142.99 2126.35 2109.81 2051.79 1992.20 1933.50 1969.74 2000.17 2017.49 2056.17 2087.54 2103.08 1968.81 1828.69 1653.89 1666.64 1682.31 1684.34 1752.87 1879.02 2018.81 1976.24 1940.89
1916.65 1895.68 1874.58 1854.27 1851.99 1849.56 1849.07 1901.79 1947.26 1982.19 1983.92 1991.80 1993.77 2041.77 2102.40 2167.89 2148.32 2138.38 2135.81 2158.97 2180.25 2202.44 2223.44 2251.88
2291.39 2329.72 2368.25 2405.30 2431.13 2455.74 2477.62 2522.67 2562.61 2591.27 2592.04 2597.24 2601.43 2605.93 2631.73 2672.21 2553.14 2424.54 2290.65 2215.78 2128.05 1978.87 1971.42 1962.35
1956.68 1859.01 1746.18 1615.52 1519.84 1660.43 1848.88 1927.95 1985.26 2061.72 2062.05 2094.95 2136.39 2272.52 2394.60 2501.17 2437.55 2363.24 2268.94 2244.79 2230.60 2232.60 2165.77 2077.35
1976.55 2013.24 2100.06 2210.62 2225.53 2240.40 2255.27 2227.18 2227.69 2250.10 2263.14 2275.31 2289.10 2294.73 2307.46 2325.02 2280.91 2230.51 2162.39 2137.02 2110.36 2084.91 2115.08 2156.04
2209.26 2189.08 2171.27 2149.89 2113.33 2090.73 2085.76 2015.14 1970.03 1953.03 1965.66 1937.81 1913.88 1784.88 1675.82 1624.92 1560.95 1643.98 1871.27 1926.65 1994.04 2070.21 2105.98 2146.35
