1527.38 1608.37 1681.48 1748.68 1781.51 1813.52 1845.45 1880.61 1913.07 1941.06 1915.41 1889.93 1860.75 1859.11 1859.83 1863.70 1793.03 1713.22 1617.08 1633.35 1649.07 1664.07 1666.79 1668.88
1670.46 1675.78 1680.66 1684.73 1674.05 1664.77 1655.90 1667.92 1678.55 1689.28 1682.12 1675.83 1670.71 1658.58 1649.96 1637.66 1576.46 1509.28 1434.21 1470.84 1498.72 1523.51 1478.54 1436.12
1392.84 1452.62 1511.99 1567.68 1540.18 1513.65 1483.74 1466.69 1511.38 1597.53 1588.08 1579.53 1570.91 1528.38 1493.43 1468.67 1458.18 1447.43 1426.90 1516.10 1599.61 1679.98 1699.28 1719.56
1734.20 1705.58 1675.66 1644.55 1667.16 1688.68 1711.21 1698.03 1687.06 1674.72 1666.09 1656.54 1644.97 1597.69 1549.49 1500.40 1432.82 1367.42 1320.45 1265.49 1254.76 1297.81 1387.95 1471.71
1547.60 1539.52 1530.52 1521.81 1521.34 1521.14 1520.90 1478.27 1430.88 1374.66 1367.63 1365.38 1367.05 1399.14 1429.85 1459.92 1478.86 1499.52 1517.56 1510.81 1505.36 1502.08 1506.34 1510.12
1515.22 1518.98 1525.58 1533.72 1544.99 1556.74 1565.66 1576.90 1577.44 1574.54 1623.13 1661.87 1693.78 1698.10 1705.46 1715.23 1697.29 1680.47 1661.14 1670.50 1679.04 1688.37 1706.51 1725.41
1745.10 1757.98 1771.55 1784.17 1759.61 1726.67 1691.22 1679.45 1668.72 1657.21 1565.42 1490.73 1445.95 1426.85 1410.45 1398.74 1422.28 1448.62 1474.47 1481.96 1492.29 1504.89 1511.03 1517.61
1525.46 1528.43 1530.97 1528.47 1465.52 1407.60 1354.42 1334.77 1326.82 1329.73 1308.85 1402.61 1513.18 1555.04 1603.90 1655.90 1631.26 1604.48 1560.94 1601.26 1644.59 1690.82 1697.49 1704.67
1712.02 1680.23 1646.54 1610.99 1582.32 1550.47 1511.43 1504.58 1500.94 1501.57 1479.38 1499.42 1544.53 1513.53 1484.09 1457.13 1469.18 1482.36 1492.19 1411.32 1317.69 1210.79 1125.58 1015.61
886.21 1110.99 1303.74 1448.26 1409.66 1368.81 1316.37 1318.13 1335.90 1362.70 1365.35 1397.72 1449.21 1502.57 1551.98 1597.25 1572.97 1548.36 1520.81 1505.75 1491.44 1476.46 1481.29 1486.86
1494.47 1523.09 1552.79 1582.78 1590.06 1598.41 1608.49 1672.54 1731.93 1786.59 1783.45 1780.75 1777.23 1775.59 1773.87 1772.40 1767.83 1763.92 1759.01 1716.99 1677.62 1642.85 1614.29 1585.03
1555.86 1528.48 1507.23 1492.90 1442.06 1451.11 1486.05 1561.23 1680.23 1795.34 1832.13 1872.70 1917.56 1917.46 1921.99 1931.71 1889.22 1843.61 1791.96 1776.29 1763.36 1755.85 1718.03 1672.20
1626.69 1616.93 1606.94 1597.42 1565.72 1534.07 1501.57 1559.72 1610.85 1652.46 1634.63 1620.57 1610.67 1609.05 1608.65 1611.33 1594.59 1580.89 1569.25 1535.62 1497.59 1450.87 1465.58 1474.13
1482.94 1454.52 1423.42 1389.83 1395.82 1403.76 1413.03 1369.53 1347.76 1351.89 1316.06 1281.97 1249.74 1221.89 1196.38 1175.78 1009.67 956.90 1055.36 967.92 914.34 965.60 1050.96 1130.36
1198.03 1220.76 1267.09 1326.88 1323.19 1334.86 1361.65 1336.96 1309.64 1273.97 1368.65 1440.77 1500.50 1509.35 1521.45 1535.21 1517.17 1497.36 1472.12 1469.28 1471.44 1479.04 1473.00 1468.23
1467.84 1484.96 1502.26 1519.88 1543.63 1567.87 1591.11 1594.68 1595.83 1591.27 1637.63 1683.02 1722.83 1742.00 1762.03 1782.38 1757.27 1731.39 1704.56 1723.12 1742.37 1761.21 1774.54 1787.62
1795.38 1768.83 1740.84 1719.04 1646.88 1569.06 1489.78 1440.12 1418.00 1430.29 1391.93 1412.23 1486.66 1475.04 1469.69 1461.73 1371.49 1292.87 1277.49 1253.46 1221.96 1206.92 1116.04 989.64
853.63 1034.90 1176.78 1289.70 1364.72 1437.67 1506.21 1566.89 1617.93 1658.62 1702.33 1737.25 1765.24 1790.03 1818.86 1850.54 1819.97 1777.60 1731.56 1698.74 1666.24 1633.07 1604.08 1584.27
1577.26 1498.83 1626.79 1853.97 1957.06 2057.73 2149.39 2171.79 2193.04 2210.20 2215.73 2216.42 2212.06 2185.46 2162.18 2139.82 2105.29 2065.36 2023.12 1987.91 1950.08 1910.96 1865.54 1815.69
1763.36 1711.57 1655.10 1593.55 1525.41 1454.63 1384.69 1386.84 1386.93 1381.66 1215.54 1123.91 1146.91 1230.55 1369.16 1494.29 1507.14 1524.68 1543.09 1532.66 1528.63 1532.40 1553.05 1576.56
1601.56 1597.22 1593.57 1590.37 1631.32 1671.84 1712.25 1773.76 1826.35 1869.26 1901.12 1927.21 1949.04 1964.86 1980.94 1998.07 1973.72 1948.52 1920.06 1939.40 1958.87 1976.52 1963.67 1952.22
1941.97 1926.43 1910.74 1894.09 1882.07 1868.22 1846.41 1830.72 1813.30 1793.78 1751.54 1701.18 1647.57 1643.11 1615.62 1583.50 1442.40 1309.03 1291.00 1331.34 1670.87 1928.69 1993.47 2058.48
2103.64 2042.33 1974.38 1897.57 1931.26 1964.37 1998.02 1983.36 1968.26 1954.18 1954.08 1953.92 1951.40 1891.83 1829.11 1765.87 1706.05 1636.16 1545.51 1479.21 1440.59 1452.19 1391.39 1373.53
1411.04 1398.86 1385.97 1374.62 1382.51 1394.22 1409.05 1340.23 1265.32 1188.02 1194.50 1192.83 1180.71 1156.52 1238.16 1360.31 1410.65 1463.43 1518.30 1541.66 1569.13 1604.62 1607.59 1610.78
1615.77 1594.99 1576.36 1559.76 1501.34 1465.10 1459.91 1467.81 1471.63 1470.32 1421.70 1426.17 1473.98 1435.29 1394.18 1355.04 1347.06 1346.70 1347.21 1299.56 1308.58 1364.09 1363.84 1363.17
1361.93 1365.59 1368.41 1372.63 1349.95 1324.69 1290.24 1213.44 1121.54 1013.96 770.13 1127.69 1309.16 1184.63 1024.90 803.69 788.93 956.60 1092.68 1062.41 1031.23 994.63 840.60 1101.79
1259.38 1226.62 1197.78 1173.23 1270.59 1371.35 1467.06 1462.40 1457.52 1449.49 1452.34 1467.76 1490.68 1459.60 1431.13 1405.28 1307.64 1199.84 1081.96 1176.53 1362.13 1521.27 1533.42 1545.37
1557.52 1551.84 1546.01 1541.09 1562.85 1588.18 1609.43 1569.17 1526.65 1482.17 1233.44 1253.65 1308.45 1474.73 1691.29 1875.02 1921.60 1968.04 2007.70 2004.55 2001.23 1998.35 1951.76 1899.63
1843.60 1830.76 1818.07 1806.33 1706.85 1601.71 1507.71 1372.70 1194.32 941.52 802.65 912.44 833.76 900.50 958.47 1011.34 915.52 1121.43 1299.72 1357.89 1416.89 1473.88 1461.11 1451.21
1442.97 1330.30 1201.96 1109.31 1139.81 1186.10 1238.70 1173.22 1106.92 1056.40 1230.83 1370.45 1476.01 1556.37 1629.26 1695.81 1650.46 1599.64 1541.16 1562.33 1584.28 1607.46 1585.45 1565.78
1550.63 1549.81 1548.95 1547.22 1563.62 1580.52 1593.78 1616.73 1634.88 1649.16 1648.47 1648.72 1653.47 1673.48 1693.64 1711.45 1689.86 1670.17 1640.73 1638.74 1636.80 1636.11 1618.13 1601.44
1587.20 1506.79 1419.55 1328.01 1350.14 1374.85 1402.00 1343.08 1275.68 1195.61 1283.46 1351.58 1404.69 1382.67 1368.69 1364.24 1380.80 1401.27 1426.42 1434.04 1441.58 1449.26 1453.12 1460.84
1471.36 1465.13 1458.25 1452.05 1440.64 1429.60 1420.29 1401.51 1379.29 1353.04 1457.94 1539.80 1610.74 1632.27 1654.32 1676.59 1649.11 1619.01 1586.68 1585.10 1584.32 1584.62 1619.92 1656.33
1693.20 1670.99 1648.37 1626.29 1611.34 1597.40 1581.41 1607.96 1629.44 1646.93 1672.48 1698.09 1722.25 1718.53 1716.35 1716.79 1699.91 1683.10 1666.97 1678.02 1690.09 1703.48 1704.06 1705.55
1707.53 1693.49 1674.66 1655.67 1623.96 1589.63 1553.89 1535.48 1520.07 1508.21 1476.59 1461.27 1460.45 1360.50 1247.94 1120.63 982.02 1022.74 1196.63 1237.09 1288.13 1343.09 1357.77 1373.08
1388.11 1384.92 1384.99 1387.71 1390.19 1393.38 1398.31 1387.20 1372.39 1352.06 1390.49 1430.96 1463.99 1506.88 1546.49 1584.00 1534.98 1468.59 1390.25 1394.61 1400.14 1407.73 1440.87 1475.85
1511.24 1554.11 1594.51 1633.69 1620.83 1607.21 1593.55 1566.42 1534.70 1497.72 1527.18 1552.45 1575.26 1549.72 1532.48 1524.56 1468.33 1400.31 1318.88 1316.02 1326.65 1361.56 1493.13 1605.60
1703.30 1742.35 1780.28 1816.95 1729.44 1688.85 1718.24 1635.74 1690.32 1865.27 1868.08 1887.04 1926.85 1934.78 1944.24 1957.40 1922.64 1882.56 1841.00 1866.50 1891.88 1918.75 1900.44 1885.94
1876.68 1863.37 1857.22 1857.87 1836.62 1817.51 1800.31 1794.91 1797.01 1807.03 1784.94 1764.70 1752.10 1740.70 1730.36 1722.01 1667.21 1610.57 1554.85 1529.94 1509.35 1490.44 1498.23 1508.34
1520.14 1521.35 1524.59 1529.88 1592.55 1665.04 1738.89 1719.42 1698.49 1675.67 1611.70 1542.54 1469.29 1505.49 1516.58 1529.80 1539.08 1548.87 1557.97 1482.15 1395.98 1294.56 1280.67 1303.61
1352.13 1407.93 1458.90 1505.77 1476.28 1449.17 1425.22 1431.01 1436.43 1445.03 1427.48 1414.05 1405.71 1409.17 1423.98 1441.08 1471.90 1501.98 1531.69 1479.13 1423.16 1367.14 1378.55 1392.34
1407.95 1385.35 1370.86 1365.82 1375.01 1381.21 1387.42 1488.66 1569.86 1637.67 1644.20 1652.13 1662.84 1622.50 1592.84 1588.47 1498.62 1392.01 1264.62 1368.67 1490.79 1605.60 1588.02 1588.56
1609.78 1544.84 1633.09 1790.49 1852.04 1941.07 2018.47 1974.72 1924.82 1871.59 1813.80 1757.79 1703.76 1645.11 1589.60 1541.99 1457.89 1353.47 1218.98 1074.85 987.74 1052.57 1232.10 1382.42
1507.57 1475.12 1443.53 1415.24 1450.31 1483.43 1516.66 1505.57 1502.85 1507.11 1624.78 1717.98 1792.88 1804.80 1817.29 1831.24 1824.68 1818.07 1812.76 1834.85 1856.10 1877.16 1882.65 1892.83
1907.04 1904.94 1903.02 1901.57 1923.59 1944.94 1966.39 1964.18 1951.95 1935.48 1889.00 1850.16 1818.13 1745.64 1673.05 1601.39 1544.26 1481.30 1418.37 1423.06 1436.86 1459.61 1422.33 1380.68
1333.98 1309.61 1346.05 1399.48 1379.60 1361.02 1343.18 1306.21 1290.26 1308.15 1170.30 1185.55 1291.36 1273.95 1334.65 1390.09 1402.80 1466.29 1564.94 1669.83 1768.87 1860.07 1822.19 1779.27
1730.30 1737.32 1746.18 1756.79 1717.76 1676.45 1633.17 1619.11 1608.06 1601.62 1493.50 1404.63 1361.74 1357.18 1360.85 1373.37 1411.34 1467.06 1533.28 1516.64 1499.57 1481.02 1466.79 1458.01
1455.29 1258.08 1089.83 1262.98 1359.11 1452.11 1530.53 1573.99 1610.04 1642.58 1711.45 1770.01 1819.22 1780.23 1747.42 1719.31 1668.06 1612.16 1551.99 1545.91 1539.95 1535.94 1639.31 1743.70
1843.82 1832.49 1821.10 1809.50 1800.58 1792.44 1785.08 1830.11 1867.48 1895.30 1862.61 1831.39 1803.55 1771.11 1739.76 1711.72 1702.88 1689.05 1675.87 1671.39 1667.60 1665.66 1659.08 1645.70
1630.06 1658.25 1695.57 1738.54 1739.23 1742.85 1748.65 1738.46 1727.38 1718.24 1671.85 1627.72 1587.49 1533.68 1475.90 1394.03 1477.50 1549.90 1612.34 1456.32 1239.90 955.59 1091.98 1252.06
1379.13 1105.00 1054.01 1348.28 1382.21 1400.58 1402.21 1398.76 1411.84 1441.61 1420.45 1412.44 1415.19 1412.50 1415.68 1425.43 1286.33 1207.83 1343.34 1386.11 1428.90 1475.57 1481.34 1491.38
1505.91 1504.31 1518.83 1548.67 1500.64 1461.34 1437.30 1413.53 1384.13 1356.90 1510.38 1632.03 1731.09 1715.07 1700.84 1685.65 1680.03 1677.91 1682.33 1660.40 1635.26 1596.59 1582.22 1567.91
1553.00 1512.77 1472.57 1436.96 1518.45 1590.89 1657.39 1637.88 1601.50 1540.45 1511.72 1484.54 1463.52 1471.50 1480.43 1491.60 1525.85 1555.55 1573.82 1558.10 1549.40 1549.38 1495.38 1450.33
1426.57 1425.39 1435.05 1461.20 1424.86 1413.42 1427.49 1427.81 1499.75 1590.90 1706.89 1809.72 1898.27 1898.73 1901.75 1908.24 1887.72 1864.09 1839.69 1805.81 1789.93 1802.19 1786.91 1797.52
1816.44 1758.66 1694.46 1621.60 1604.46 1588.62 1573.75 1553.21 1526.11 1495.83 1500.54 1545.02 1605.14 1516.31 1418.34 1308.85 1312.96 1326.16 1352.06 1390.52 1422.15 1446.30 1440.37 1441.01
1450.21 1494.09 1535.14 1572.28 1557.20 1542.42 1526.37 1492.48 1468.30 1469.75 1568.14 1647.32 1713.52 1718.45 1725.33 1733.62 1664.66 1585.34 1494.77 1542.42 1580.27 1613.33 1594.10 1567.50
1529.23 1505.19 1479.02 1451.19 1415.15 1397.39 1400.24 1401.69 1399.05 1399.01 1426.21 1450.51 1471.83 1499.47 1525.88 1550.67 1568.63 1586.01 1606.41 1623.65 1641.78 1663.72 1642.92 1627.83
1619.55 1559.22 1498.61 1444.27 1405.94 1367.90 1329.61 1249.74 1176.47 1138.91 1134.66 1147.48 1165.01 1180.58 1211.80 1226.34 1157.58 1112.59 1126.85 1099.21 1263.16 1433.65 1556.17 1666.06
1758.58 1758.79 1755.55 1749.09 1773.82 1797.72 1817.36 1835.72 1850.53 1863.45 1820.81 1777.59 1734.14 1672.50 1612.44 1550.59 1499.14 1454.77 1416.96 1373.90 1372.82 1421.22 1416.45 1428.97
1452.78 1442.99 1454.92 1487.31 1501.31 1515.00 1528.03 1470.01 1408.84 1350.65 1299.96 1260.61 1230.02 1273.75 1313.52 1348.31 1393.79 1435.09 1474.84 1384.09 1378.45 1466.61 1470.34 1473.31
1471.03 1470.99 1471.70 1474.81 1487.31 1500.91 1513.10 1535.74 1561.34 1594.18 1506.29 1408.24 1298.20 1272.00 1247.94 1226.49 1317.30 1444.98 1569.45 1618.85 1666.29 1712.00 1694.68 1681.43
1673.94 1691.07 1709.51 1729.24 1772.33 1833.12 1903.79 1938.43 1969.52 2000.58 2015.43 2030.56 2043.19 2057.41 2073.23 2089.20 2065.51 2040.19 2014.35 2008.99 1998.48 1987.77 1997.26 2010.48
2025.40 2022.96 2019.85 2016.41 2022.40 2028.58 2035.60 2012.91 1990.88 1969.65 1950.66 1933.68 1918.01 1907.07 1897.06 1886.48 1871.63 1857.04 1844.41 1752.61 1643.17 1511.08 1516.10 1522.25
1519.25 1526.17 1533.21 1539.86 1509.60 1483.79 1466.39 1524.99 1573.20 1615.39 1634.26 1653.03 1670.37 1618.87 1568.21 1520.02 1484.52 1459.43 1455.39 1410.05 1356.04 1295.37 1231.73 1272.78
1378.43 1216.54 1184.78 1341.76 1198.62 1045.54 915.90 1081.56 1207.04 1297.71 1464.47 1607.63 1721.95 1739.66 1758.59 1779.28 1758.22 1737.26 1718.26 1693.54 1666.47 1639.98 1674.15 1711.95
1752.86 1777.87 1802.17 1825.91 1826.51 1827.07 1827.56 1832.43 1830.25 1825.28 1813.41 1804.90 1792.57 1772.15 1755.11 1742.14 1717.90 1693.42 1668.99 1695.80 1721.02 1745.02 1752.34 1761.55
1773.86 1790.59 1806.91 1823.44 1762.47 1695.27 1619.79 1567.66 1506.54 1440.31 1438.49 1452.36 1475.90 1435.76 1426.07 1445.56 1399.49 1361.91 1329.50 1388.74 1438.56 1483.03 1539.56 1599.32
1658.13 1662.23 1666.31 1669.67 1680.03 1691.41 1703.18 1716.27 1764.63 1814.24 1796.55 1804.00 1831.05 1766.44 1699.68 1630.76 1544.62 1427.57 1273.54 1142.83 937.04 805.42 921.41 1048.52
1165.18 1251.91 1350.30 1445.11 1485.24 1531.64 1580.75 1598.36 1608.60 1619.18 1626.49 1633.22 1641.81 1666.35 1690.71 1711.48 1697.08 1682.53 1667.29 1662.49 1656.75 1647.37 1634.38 1621.07
1606.79 1659.80 1709.89 1757.81 1772.54 1786.86 1800.79 1758.32 1714.07 1669.94 1668.05 1667.13 1662.91 1654.87 1649.73 1636.02 1631.72 1626.86 1624.28 1616.83 1604.22 1585.45 1570.18 1558.83
1552.11 1574.94 1593.28 1599.68 1589.84 1582.68 1578.03 1599.03 1618.47 1640.39 1633.95 1635.57 1635.41 1641.16 1651.83 1663.16 1639.24 1618.92 1602.84 1638.06 1670.62 1702.49 1770.20 1835.92
1899.77 1933.19 1958.20 1983.11 1999.93 2028.57 2052.72 1950.80 1835.72 1703.68 1742.67 1789.63 1833.71 1839.57 1859.22 1890.39 1863.93 1836.47 1809.95 1798.47 1783.21 1766.63 1765.31 1765.73
1760.66 1718.93 1687.23 1673.32 1689.38 1728.86 1785.95 1744.51 1705.01 1663.37 1709.68 1764.41 1817.10 1791.83 1766.21 1741.43 1677.68 1605.59 1525.47 1534.23 1539.02 1544.24 1556.83 1569.29
1581.55 1611.94 1642.69 1663.03 1637.49 1609.54 1581.59 1656.14 1717.69 1770.09 1756.94 1750.83 1749.60 1730.14 1711.97 1696.29 1643.59 1586.55 1528.00 1524.57 1521.23 1523.36 1528.63 1532.71
1535.38 1550.56 1561.40 1573.57 1578.59 1583.87 1586.91 1502.19 1402.25 1288.12 1248.36 1264.84 1312.15 1276.30 1253.83 1251.63 1210.81 1181.42 1172.10 1201.20 1228.75 1257.32 1267.75 1285.21
1308.26 1272.47 1235.62 1197.99 1188.36 1177.26 1169.35 1099.06 1035.68 1003.92 903.94 1032.37 1136.63 1041.47 932.57 837.46 964.26 1079.93 1183.61 1117.01 1033.29 942.30 1039.04 1149.44
1247.54 1227.57 1225.01 1250.66 1303.91 1370.03 1439.01 1338.05 1217.73 1067.43 936.89 951.90 1048.57 1140.76 1217.52 1280.06 1267.68 1266.18 1281.81 1255.65 1226.53 1197.98 1169.10 1162.77
1184.57 1227.41 1283.57 1345.39 1291.39 1232.46 1175.80 1212.55 1239.82 1256.85 1327.48 1415.19 1495.85 1513.84 1535.20 1561.34 1538.75 1515.05 1494.38 1477.37 1455.26 1432.15 1443.35 1455.42
1464.64 1419.51 1376.42 1336.52 1253.09 1151.39 1025.15 1022.49 975.05 965.27 1101.09 1237.00 1346.23 1368.08 1421.12 1476.79 1431.04 1377.84 1324.23 1303.64 1275.54 1245.98 1072.13 1055.83
1236.00 1259.96 1288.38 1319.14 1369.74 1417.01 1461.47 1408.83 1350.17 1286.57 1300.13 1315.81 1321.50 1273.75 1233.17 1204.03 1164.96 1123.08 1078.02 1052.49 1101.30 1211.93 1235.16 1256.92
1279.44 1360.28 1437.74 1511.73 1477.34 1441.28 1404.88 1327.63 1240.93 1145.81 1227.47 1315.99 1389.35 1399.80 1412.80 1428.36 1461.56 1497.06 1537.45 1536.38 1530.35 1523.82 1536.17 1552.31
1570.91 1574.82 1581.73 1590.36 1572.38 1560.53 1555.60 1553.96 1558.14 1568.89 1609.22 1651.82 1690.12 1674.52 1660.73 1647.19 1651.49 1658.18 1667.96 1642.47 1610.33 1573.01 1626.45 1678.98
1731.40 1704.68 1675.67 1646.60 1615.91 1582.06 1546.92 1582.49 1612.50 1638.43 1590.04 1543.69 1498.82 1439.16 1379.20 1318.61 1284.48 1249.97 1219.26 1071.18 871.59 936.87 859.93 1115.74
1293.13 1376.23 1458.52 1541.17 1568.85 1566.66 1562.55 1591.43 1614.64 1634.30 1625.24 1618.48 1612.47 1621.89 1633.30 1646.86 1634.80 1621.91 1611.55 1581.16 1541.81 1496.01 1498.05 1500.86
1505.33 1497.08 1490.37 1485.67 1476.87 1468.59 1459.15 1449.15 1434.42 1416.64 1286.84 1155.82 1072.64 1119.09 1172.51 1229.61 1265.82 1304.99 1336.64 1362.23 1401.54 1455.13 1444.87 1443.82
1453.88 1467.98 1482.19 1497.08 1498.10 1499.91 1502.71 1528.84 1557.96 1586.28 1591.29 1600.17 1611.12 1610.03 1611.37 1613.10 1587.04 1559.86 1533.53 1550.76 1564.60 1579.86 1586.61 1592.97
1600.05 1583.08 1565.56 1546.48 1532.34 1517.65 1501.69 1580.02 1641.12 1690.65 1703.25 1715.00 1726.12 1735.42 1747.21 1760.14 1751.01 1742.77 1738.11 1735.94 1730.01 1720.40 1697.15 1671.56
1644.21 1620.18 1590.29 1552.11 1557.78 1565.14 1573.69 1617.43 1663.00 1705.37 1715.77 1725.70 1729.38 1748.65 1770.46 1792.21 1778.35 1764.30 1753.11 1746.62 1735.27 1722.22 1727.85 1733.89
1740.49 1737.89 1735.59 1733.99 1488.92 1172.61 1295.08 1533.16 1748.93 1921.16 1954.58 1989.21 2005.20 1984.93 1959.76 1935.70 1935.13 1934.48 1927.32 1917.33 1903.42 1888.85 1845.41 1800.28
1752.72 1769.77 1788.99 1810.98 1772.27 1729.99 1686.15 1725.10 1758.14 1788.20 1751.09 1716.69 1682.20 1665.92 1652.38 1643.14 1647.04 1651.64 1656.46 1610.54 1554.74 1492.98 1497.75 1504.16
1510.20 1468.18 1424.82 1375.53 1337.02 1296.56 1247.12 1185.25 1107.44 1027.80 924.57 799.22 878.36 928.10 1091.26 1206.27 1235.78 1265.77 1297.31 1241.46 1215.56 1248.53 1314.33 1380.07
1444.63 1470.76 1498.58 1527.27 1510.03 1500.78 1500.71 1525.07 1541.64 1553.32 1524.78 1498.51 1474.62 1460.61 1452.91 1450.03 1417.52 1425.50 1480.19 1502.15 1521.22 1543.34 1537.85 1533.95
1532.91 1540.66 1548.44 1557.47 1536.88 1518.31 1500.07 1516.60 1528.17 1539.39 1601.71 1654.79 1704.12 1745.84 1788.22 1832.77 1840.22 1848.53 1857.69 1848.93 1842.84 1842.29 1852.03 1865.60
1882.80 1870.96 1859.84 1849.62 1769.73 1678.68 1565.10 1545.19 1529.55 1511.15 1309.13 1246.43 1345.21 1165.27 1108.13 1261.16 1283.36 1307.92 1338.15 1371.12 1399.64 1428.98 1425.41 1421.60
1418.14 1417.12 1416.46 1415.48 1421.13 1430.49 1444.27 1436.68 1431.02 1425.58 1432.16 1444.14 1452.26 1462.05 1475.49 1492.62 1490.95 1489.29 1488.70 1480.15 1464.97 1449.73 1435.41 1421.84
1408.30 1423.03 1448.73 1476.89 1487.53 1501.85 1513.07 1414.81 1301.65 1204.65 1212.12 1296.85 1415.78 1506.58 1601.58 1684.40 1665.84 1647.51 1629.75 1567.01 1486.66 1389.46 1377.12 1367.40
1361.65 1325.71 1313.75 1332.04 1294.73 1253.63 1210.13 1131.29 1085.36 1083.68 649.70 981.40 1187.98 1107.57 1128.62 1226.45 1268.21 1309.22 1354.05 1358.60 1360.11 1315.07 1211.58 1074.96
865.05 857.41 1052.64 1288.49 1324.57 1360.39 1375.82 1428.51 1469.47 1500.77 1459.93 1438.04 1432.89 1458.22 1487.77 1519.32 1470.49 1412.65 1345.58 1373.67 1395.59 1418.70 1374.32 1329.74
1287.92 1211.43 1118.54 1000.55 907.27 820.10 875.05 951.47 1020.89 1069.35 1085.01 1152.63 1226.77 1242.69 1265.44 1293.63 1295.89 1301.05 1313.03 1368.57 1418.54 1469.47 1476.53 1483.33
1489.55 1542.80 1591.33 1637.34 1644.60 1652.61 1660.56 1688.28 1710.55 1725.31 1730.02 1738.25 1747.66 1752.49 1759.03 1767.10 1780.82 1795.73 1812.90 1824.62 1831.23 1837.16 1842.73 1848.99
1856.20 1780.87 1694.35 1596.19 1531.59 1472.23 1432.69 1370.18 1430.30 1539.05 1611.33 1679.18 1744.61 1685.31 1621.69 1552.94 1431.71 1275.92 1048.83 1167.38 1291.78 1407.79 1417.77 1430.43
1427.74 1463.71 1505.84 1552.78 1559.81 1567.98 1575.28 1650.68 1707.68 1750.49 1762.69 1776.87 1792.04 1781.89 1774.33 1769.58 1758.85 1748.74 1740.60 1712.45 1684.64 1666.34 1676.29 1683.19
1690.44 1712.68 1735.21 1755.16 1787.40 1821.44 1855.53 1890.44 1928.50 1969.33 1891.84 1819.69 1751.51 1652.78 1602.33 1623.92 1592.46 1565.79 1549.12 1693.60 1855.33 2011.10 2030.37 2049.51
2068.99 2051.67 2029.47 2005.46 1931.19 1852.60 1772.45 1750.97 1732.89 1716.84 1671.41 1627.78 1586.74 1545.36 1517.31 1506.00 1402.72 1307.46 1245.18 1272.88 1387.48 1523.00 1539.71 1556.24
1573.45 1577.40 1581.04 1584.48 1585.85 1588.47 1591.08 1624.89 1653.85 1675.65 1719.33 1758.89 1793.13 1783.40 1777.56 1776.13 1757.71 1738.70 1719.05 1703.43 1679.46 1651.05 1684.80 1718.66
1753.94 1723.51 1690.35 1653.90 1639.82 1625.72 1610.58 1653.17 1688.40 1717.06 1717.59 1719.41 1722.56 1728.41 1741.91 1762.77 1758.88 1754.96 1751.68 1775.99 1795.33 1815.09 1796.76 1779.46
1752.31 1730.22 1707.28 1680.91 1631.49 1578.34 1519.29 1574.24 1620.91 1659.05 1661.27 1660.64 1650.76 1648.86 1650.80 1649.56 1642.54 1635.91 1630.29 1636.48 1636.92 1636.75 1584.89 1563.23
1582.04 1477.34 1350.90 1197.94 1107.16 1034.97 1049.68 1084.92 1507.49 1744.59 1770.81 1798.49 1811.94 1831.60 1850.03 1865.98 1825.95 1782.07 1734.81 1667.33 1581.30 1483.95 1486.15 1490.64
1497.98 1526.57 1554.55 1583.17 1594.43 1605.13 1615.31 1669.33 1720.15 1763.82 1767.64 1770.22 1777.32 1761.83 1748.58 1738.23 1687.20 1629.39 1564.89 1534.83 1497.21 1458.87 1379.06 1328.96
1340.71 1298.20 1253.18 1201.73 1134.15 1064.67 995.38 1035.98 1097.82 1148.12 1277.90 1372.43 1445.45 1450.61 1462.64 1481.41 1460.54 1440.16 1421.08 1448.87 1474.68 1504.09 1507.39 1511.04
1514.83 1538.66 1562.14 1585.16 1566.27 1545.85 1522.82 1551.43 1576.23 1594.02 1628.90 1658.55 1682.50 1697.79 1713.59 1730.90 1725.90 1721.50 1719.41 1704.94 1681.94 1656.17 1662.63 1670.94
1680.74 1674.90 1669.30 1664.84 1630.00 1592.89 1551.94 1570.11 1585.43 1595.71 1560.20 1522.14 1483.62 1510.97 1538.64 1568.96 1572.33 1573.23 1572.82 1555.91 1525.67 1487.33 1516.88 1537.66
1557.83 1514.98 1469.59 1410.35 1443.01 1472.19 1505.59 1500.57 1502.07 1499.93 1478.43 1481.15 1505.29 1449.05 1392.04 1339.61 1260.76 1171.59 1079.45 949.70 726.95 858.96 978.09 966.95
918.07 1001.03 1236.29 1313.17 1212.16 1118.41 1007.14 969.26 1051.41 1151.51 1269.14 1363.44 1442.25 1401.25 1371.95 1365.28 1376.28 1387.94 1400.57 1366.11 1323.04 1275.73 1268.82 1283.53
1316.46 1327.67 1336.46 1343.78 1356.79 1372.00 1387.42 1386.35 1383.33 1376.59 1380.56 1396.33 1418.29 1443.90 1473.74 1505.33 1468.81 1430.04 1390.00 1398.05 1403.70 1414.41 1425.23 1438.32
1454.39 1438.88 1453.53 1496.24 1488.85 1489.06 1503.80 1497.15 1497.75 1501.06 1449.72 1416.04 1402.21 1390.69 1379.27 1372.57 1358.95 1346.41 1337.94 1380.59 1420.96 1465.72 1462.61 1463.94
1469.63 1473.09 1476.76 1480.56 1494.05 1510.06 1525.62 1543.98 1559.46 1569.83 1598.57 1629.10 1655.66 1635.09 1617.65 1603.82 1535.41 1453.89 1357.91 1363.41 1386.69 1423.92 1408.16 1394.83
1373.41 1337.03 1316.87 1304.72 1321.90 1349.76 1383.04 1344.58 1313.29 1286.48 1349.49 1424.73 1493.60 1514.35 1536.54 1561.06 1575.82 1591.02 1608.89 1628.18 1641.69 1655.09 1677.13 1700.01
1724.68 1703.77 1681.51 1657.19 1635.59 1612.40 1585.67 1583.13 1579.46 1571.60 1596.75 1622.14 1650.57 1627.67 1606.19 1594.03 1546.67 1502.12 1464.74 1464.63 1458.88 1428.62 1429.64 1431.23
1434.40 1476.97 1509.16 1537.27 1546.56 1555.68 1561.94 1599.40 1634.58 1667.77 1702.67 1734.96 1762.29 1755.84 1751.91 1754.16 1756.79 1759.11 1763.54 1742.72 1716.40 1687.34 1651.85 1610.75
1566.13 1563.47 1561.35 1558.54 1533.87 1508.00 1480.12 1465.26 1449.03 1430.24 1420.06 1423.39 1441.58 1505.73 1565.79 1627.35 1591.46 1561.48 1544.11 1524.76 1511.12 1493.35 1488.85 1486.77
1487.61 1411.78 1323.74 1218.64 1266.77 1332.04 1402.32 1214.34 904.27 905.38 697.07 836.12 980.24 769.57 899.58 1087.23 1142.16 1194.47 1241.15 1280.47 1315.74 1353.91 1348.19 1344.48
1341.53 1336.41 1330.52 1328.06 1293.12 1264.30 1242.69 1249.73 1254.69 1257.06 1291.13 1328.00 1360.73 1379.45 1400.73 1422.74 1403.11 1384.82 1366.64 1272.04 1204.81 1251.48 1271.19 1300.10
1321.42 1346.04 1368.01 1383.88 1385.05 1378.64 1373.65 1441.52 1497.68 1541.53 1520.84 1503.57 1489.76 1463.13 1445.88 1438.52 1407.59 1377.08 1349.71 1363.23 1366.86 1371.36 1328.98 1298.13
1287.63 1316.18 1344.57 1371.96 1344.43 1331.67 1336.60 1369.35 1404.90 1433.63 1425.35 1421.08 1420.23 1422.53 1429.57 1439.47 1458.47 1479.83 1505.33 1485.52 1455.91 1421.29 1450.96 1479.84
1508.56 1508.58 1511.70 1518.74 1476.66 1431.11 1378.70 1365.95 1351.46 1330.13 1342.22 1363.00 1374.00 1370.34 1366.39 1368.31 1379.70 1401.57 1434.97 1440.91 1438.85 1434.36 1429.18 1427.12
1428.51 1408.74 1388.63 1369.24 1313.84 1295.14 1323.18 1273.41 1248.96 1243.44 1361.09 1453.02 1534.91 1549.57 1568.22 1597.40 1612.39 1628.99 1648.25 1621.15 1586.48 1550.39 1570.58 1590.96
1610.75 1567.37 1520.16 1468.41 1480.52 1485.11 1489.87 1450.70 1411.13 1373.12 1385.01 1340.55 1315.76 1429.06 1529.05 1605.40 1609.71 1617.71 1630.03 1580.46 1511.98 1415.84 1423.17 1429.85
1437.18 1385.82 1325.86 1257.15 1093.40 1084.07 1117.56 1230.99 1405.89 1539.65 1593.39 1649.97 1706.72 1706.43 1712.89 1725.73 1735.04 1745.28 1754.17 1748.13 1734.72 1717.64 1723.81 1729.90
1736.10 1731.22 1726.57 1721.00 1720.45 1721.10 1719.58 1699.03 1678.34 1659.27 1650.76 1648.22 1647.31 1640.74 1643.97 1656.62 1630.80 1604.60 1577.19 1516.27 1451.41 1389.20 1347.25 1301.69
1252.51 1187.13 1109.78 1018.20 1106.09 1208.86 1300.82 1297.73 1310.09 1326.21 1285.07 1252.20 1236.06 1136.69 1026.96 913.30 969.63 1028.06 1081.95 1193.89 1304.52 1404.70 1417.39 1432.38
1449.49 1415.85 1363.76 1311.87 1316.60 1323.61 1305.74 1275.57 1231.38 1187.63 1182.56 1183.49 1190.22 1100.09 1014.24 959.50 811.23 716.32 885.68 927.65 969.36 1012.52 1024.66 1035.56
1050.05 1106.77 1209.62 1314.58 1342.95 1370.42 1393.36 1324.53 1253.49 1174.68 1200.08 1230.58 1262.44 1209.51 1166.44 1141.96 1182.86 1228.01 1277.81 1273.89 1278.54 1299.78 1288.73 1282.60
1282.00 1236.89 1203.35 1191.18 1148.60 1110.42 1053.81 1008.49 1032.66 1091.83 1158.86 1224.18 1282.18 1154.37 1056.02 1076.31 1196.17 1299.53 1392.17 1379.33 1377.59 1397.02 1380.29 1371.89
1372.18 1364.95 1358.38 1352.12 1342.97 1337.53 1329.31 1300.70 1271.18 1237.09 1239.26 1236.96 1232.80 1224.76 1227.16 1245.87 1272.41 1305.96 1340.56 1358.53 1375.80 1399.24 1396.23 1396.71
1401.22 1389.74 1378.67 1368.25 1342.05 1318.51 1293.96 1378.81 1444.56 1492.59 1485.57 1480.85 1478.07 1483.07 1494.69 1512.10 1514.51 1520.53 1529.76 1511.00 1481.32 1444.52 1487.35 1531.98
1577.02 1583.77 1590.82 1598.30 1580.42 1562.56 1540.35 1574.29 1601.74 1621.07 1632.59 1643.87 1654.75 1667.93 1685.46 1706.26 1720.51 1735.83 1752.80 1749.72 1740.80 1729.65 1720.32 1712.70
1707.61 1703.84 1700.17 1696.51 1697.47 1700.81 1702.44 1729.37 1752.60 1772.29 1739.88 1706.36 1692.54 1677.34 1665.18 1650.44 1648.08 1646.66 1644.92 1595.54 1530.33 1449.31 1470.19 1491.92
1515.21 1473.39 1429.90 1388.16 1316.03 1260.41 1234.09 1156.44 1252.68 1372.57 1389.16 1419.42 1457.63 1453.45 1460.49 1477.72 1469.07 1465.97 1469.72 1467.97 1460.84 1448.11 1441.74 1432.78
1421.51 1427.06 1436.57 1448.76 1462.06 1476.67 1488.62 1495.70 1539.64 1589.61 1648.03 1707.26 1762.31 1758.18 1757.03 1759.24 1787.55 1817.34 1848.59 1838.17 1822.05 1802.94 1815.09 1827.32
1840.33 1827.78 1816.54 1806.16 1793.91 1781.07 1764.16 1722.94 1686.54 1652.54 1631.62 1657.62 1709.38 1693.09 1682.91 1678.36 1643.04 1611.34 1587.50 1552.32 1509.87 1469.49 1476.48 1483.95
1492.17 1482.69 1473.67 1463.25 1435.47 1409.86 1380.84 1418.76 1446.25 1460.71 1469.38 1483.41 1498.74 1550.35 1602.26 1655.81 1665.53 1676.15 1688.35 1662.27 1626.83 1582.58 1600.30 1618.68
1633.34 1629.92 1626.62 1623.80 1627.77 1628.19 1620.50 1622.01 1621.86 1616.88 1626.31 1635.27 1643.29 1645.76 1654.61 1670.07 1685.50 1701.96 1719.91 1715.17 1705.63 1694.30 1688.98 1686.73
1688.04 1661.20 1632.49 1601.43 1569.90 1536.37 1495.37 1526.47 1550.39 1565.42 1609.58 1649.31 1685.52 1675.25 1670.46 1670.98 1657.37 1643.79 1631.19 1612.14 1583.29 1547.17 1518.27 1487.30
1455.26 1434.28 1415.07 1397.36 1416.12 1434.63 1447.35 1477.29 1505.53 1525.65 1561.40 1601.33 1643.38 1605.46 1575.46 1553.17 1558.51 1574.36 1600.61 1582.58 1555.72 1522.20 1533.75 1550.67
1574.01 1530.83 1484.28 1435.11 1426.15 1422.45 1419.71 1433.16 1443.09 1445.01 1479.96 1517.82 1554.56 1527.44 1509.02 1499.35 1496.71 1502.44 1516.19 1512.78 1501.52 1484.38 1476.64 1474.32
1478.03 1483.54 1490.68 1501.27 1487.10 1473.58 1454.96 1440.94 1427.05 1410.12 1496.38 1586.39 1664.74 1661.95 1664.88 1675.58 1677.08 1680.95 1687.95 1674.83 1655.32 1633.07 1630.43 1628.39
1627.77 1614.12 1599.30 1583.89 1600.71 1617.57 1629.38 1652.59 1672.20 1684.66 1691.44 1697.26 1705.14 1697.54 1693.33 1698.84 1688.87 1678.43 1666.45 1652.14 1621.38 1583.42 1624.07 1659.42
1688.97 1649.42 1605.40 1558.29 1534.44 1509.72 1478.91 1472.83 1468.54 1467.39 1491.25 1509.57 1543.39 1467.05 1384.74 1301.12 1162.11 1024.00 1052.70 994.58 1152.32 1331.93 1310.47 1288.22
1267.82 1256.33 1243.23 1231.56 1278.29 1322.42 1361.14 1388.97 1412.26 1429.40 1447.57 1463.14 1477.18 1448.70 1428.18 1417.44 1415.50 1421.74 1438.20 1385.24 1313.62 1218.30 1264.55 1314.65
1365.74 1342.71 1322.88 1309.22 1265.14 1219.09 1165.19 1152.79 1145.44 1140.75 1046.68 1023.72 1058.56 1049.15 1058.10 1082.93 1098.83 1121.62 1149.95 1137.88 1117.35 1090.45 1108.41 1133.33
1163.81 1143.15 1123.77 1107.22 1082.32 1058.59 1026.31 1016.09 1005.78 994.74 929.38 946.81 1009.88 1017.45 1034.08 1056.72 1016.36 1056.58 1131.72 1174.18 1201.94 1238.94 1201.09 1185.13
1203.20 1201.48 1208.36 1224.99 1117.39 985.58 1055.06 1046.04 1065.77 1075.95 1048.57 1010.90 984.93 913.34 907.41 980.34 1111.42 1218.36 1310.17 1286.15 1256.48 1230.34 1221.70 1213.09
1203.46 1207.43 1236.88 1278.42 1278.97 1280.23 1279.94 1255.14 1236.13 1215.24 1132.11 1061.52 1032.62 1101.80 1164.95 1226.12 1200.38 1180.01 1140.83 1179.57 1217.08 1255.47 1274.26 1295.84
1321.18 1320.46 1325.34 1333.99 1301.47 1267.38 1226.45 1247.17 1270.25 1288.72 1206.56 1123.77 1036.99 1028.42 1076.62 1152.64 1231.78 1307.75 1370.92 1363.15 1352.65 1342.87 1320.17 1297.13
1279.30 1284.22 1294.37 1307.68 1292.01 1277.68 1259.29 1282.16 1300.13 1319.70 1302.21 1291.43 1291.56 1313.68 1341.18 1363.87 1335.70 1317.85 1313.62 1313.55 1317.35 1325.36 1320.50 1317.33
1317.83 1213.60 1159.15 1231.38 1139.35 1045.41 992.23 1043.92 1116.65 1177.10 1100.77 1080.75 1135.28 1154.77 1190.69 1240.43 1106.90 988.06 1054.87 875.78 1057.88 1268.99 1260.94 1260.98
1270.80 1269.43 1274.58 1282.26 1323.06 1359.89 1389.79 1384.76 1385.16 1388.44 1385.41 1385.16 1388.90 1393.30 1412.19 1445.45 1449.04 1453.05 1457.71 1427.81 1389.02 1342.97 1326.24 1308.57
1290.31 1237.16 1180.98 1130.28 1136.15 1167.64 1210.14 1111.44 1079.79 1115.89 1090.55 1071.77 1058.19 1080.79 1108.95 1138.69 1157.87 1201.56 1263.03 1268.96 1294.43 1347.08 1309.08 1268.23
1224.76 1197.26 1169.41 1140.59 1117.80 1103.38 1093.60 1150.92 1207.89 1256.08 1128.05 1114.32 1223.80 1265.59 1309.11 1340.27 1316.08 1293.30 1271.85 1293.54 1325.74 1367.59 1474.84 1571.74
1659.99 1682.76 1705.98 1730.34 1741.95 1749.36 1752.61 1740.86 1728.19 1715.05 1672.13 1634.03 1599.35 1608.13 1616.52 1624.89 1619.05 1614.97 1611.57 1567.21 1507.80 1431.60 1428.20 1424.20
1418.25 1414.49 1411.87 1410.55 1384.24 1352.79 1314.99 1118.67 992.24 1100.66 1110.63 1130.24 1156.08 1044.81 946.83 931.92 938.08 1065.31 1198.03 1223.68 1254.26 1288.82 1305.71 1322.97
1340.87 1348.52 1363.74 1384.42 1295.22 1186.06 1034.62 1068.06 1153.97 1225.35 1187.20 1253.17 1344.42 1324.89 1376.27 1460.72 1451.05 1460.38 1491.19 1473.06 1445.64 1410.11 1412.62 1415.84
1418.58 1399.53 1376.45 1349.63 1327.70 1303.41 1276.15 1238.21 1197.62 1154.89 1108.55 1109.87 1142.02 1139.81 1141.29 1143.60 1234.99 1324.50 1414.83 1405.42 1393.18 1381.82 1392.75 1403.67
1414.38 1412.15 1411.14 1410.67 1385.05 1356.01 1318.65 1389.10 1453.30 1502.73 1507.53 1521.35 1538.97 1543.97 1551.93 1560.94 1563.88 1568.00 1573.19 1576.85 1576.66 1563.78 1584.52 1602.19
1617.51 1622.63 1628.94 1636.11 1627.86 1619.67 1605.84 1625.96 1639.30 1640.27 1627.06 1615.56 1601.13 1599.60 1602.07 1606.67 1614.70 1622.79 1634.46 1625.95 1612.53 1597.67 1661.34 1720.68
1777.88 1669.37 1535.60 1356.67 1450.41 1535.74 1610.38 1615.89 1621.68 1626.16 1616.31 1608.03 1591.86 1525.11 1455.13 1401.67 1447.61 1494.74 1519.39 1462.30 1395.36 1321.71 1339.68 1357.28
1380.54 1392.96 1411.79 1435.06 1415.64 1397.51 1378.69 1384.14 1387.15 1387.94 1344.38 1306.90 1273.29 1212.09 1169.42 1157.12 1104.18 1060.70 992.58 836.48 1000.80 1192.60 1196.51 1205.50
1219.94 1215.81 1214.58 1218.21 1165.58 1130.36 1123.75 1061.84 1025.89 996.57 964.82 943.70 931.60 890.70 873.62 880.57 871.58 945.60 1049.67 1146.90 1231.43 1305.50 1331.40 1357.42
1381.68 1392.58 1430.46 1479.29 1510.52 1537.52 1560.54 1553.21 1544.02 1529.67 1517.05 1505.88 1496.00 1458.61 1423.66 1392.12 1368.89 1344.18 1318.29 1272.34 1210.41 1129.47 842.57 830.55
949.72 891.84 970.39 1086.99 1114.33 1162.88 1216.12 1294.11 1349.38 1391.49 1392.92 1397.50 1404.99 1424.79 1445.13 1462.52 1466.39 1472.35 1480.10 1474.42 1463.47 1448.14 1489.71 1530.79
1572.74 1580.85 1590.08 1600.13 1600.71 1601.13 1595.78 1590.88 1583.60 1572.70 1572.01 1571.10 1569.74 1561.22 1556.32 1552.38 1554.51 1559.66 1567.77 1568.03 1561.91 1549.19 1564.69 1581.72
1601.72 1603.93 1607.19 1611.74 1600.81 1589.51 1572.80 1582.48 1587.71 1587.67 1587.80 1589.34 1594.70 1573.79 1557.32 1547.30 1549.48 1555.02 1564.34 1561.04 1553.64 1541.66 1550.47 1559.62
1569.50 1592.33 1616.52 1641.31 1643.24 1646.42 1644.88 1671.16 1695.69 1715.19 1678.88 1637.64 1602.90 1574.78 1547.08 1506.30 1523.91 1526.72 1533.50 1379.30 1166.72 1103.16 1161.33 1282.17
1410.29 1327.92 1239.01 1164.93 1050.45 949.69 982.50 1009.28 1081.90 1145.12 1139.26 1134.55 1127.78 1194.17 1257.59 1315.85 1336.15 1357.23 1379.68 1349.04 1310.46 1267.36 1274.06 1282.25
1292.30 1289.29 1284.83 1281.62 1293.92 1310.98 1325.00 1311.92 1297.21 1278.49 1278.08 1287.33 1301.93 1343.29 1384.38 1423.17 1437.15 1453.05 1471.58 1464.49 1450.06 1421.65 1409.01 1390.83
1370.72 1362.53 1354.37 1343.63 1326.25 1306.97 1279.98 1342.43 1389.86 1424.38 1442.88 1460.80 1477.44 1471.93 1476.21 1487.63 1481.87 1478.54 1478.90 1448.24 1406.09 1350.69 1345.33 1345.22
1351.78 1325.46 1297.33 1268.07 1241.68 1215.95 1183.92 1234.90 1275.56 1304.26 1316.48 1328.93 1340.47 1309.00 1288.52 1279.39 1327.29 1378.63 1433.00 1414.10 1385.57 1347.08 1343.02 1338.45
1334.54 1336.10 1338.17 1340.59 1334.24 1336.08 1340.67 1363.13 1380.70 1391.06 1368.12 1348.21 1331.17 1291.46 1267.69 1262.30 1251.36 1243.17 1238.28 1264.06 1285.97 1304.83 1307.17 1309.44
1311.76 1295.53 1284.83 1280.61 1215.24 1140.26 1044.14 1077.87 1106.41 1121.62 1006.79 874.71 716.67 510.58 779.53 947.26 1117.40 1244.51 1351.92 1347.10 1338.02 1328.53 1312.31 1305.09
1308.19 1266.63 1238.41 1235.07 1177.91 1115.27 1039.92 1015.82 1001.77 994.69 1082.51 1154.11 1225.11 1291.40 1352.70 1408.37 1430.93 1453.80 1476.93 1429.13 1368.99 1295.90 1282.78 1279.74
1285.93 1272.41 1257.98 1244.05 1251.06 1259.49 1265.24 1242.05 1269.46 1318.81 1287.13 1260.22 1220.83 1250.24 1284.66 1331.51 1369.60 1408.34 1446.35 1424.58 1395.50 1358.77 1350.55 1347.35
1348.31 1333.91 1323.66 1320.31 1326.46 1338.67 1348.66 1340.22 1343.57 1350.08 1329.55 1312.69 1296.88 1318.67 1349.25 1387.95 1446.08 1495.74 1546.53 1530.41 1512.20 1494.70 1465.35 1434.21
1401.90 1373.96 1348.24 1324.76 1324.81 1325.82 1321.65 1357.03 1387.03 1409.22 1403.30 1399.44 1406.06 1425.74 1449.05 1476.47 1522.43 1568.35 1615.29 1573.39 1517.85 1447.85 1441.72 1434.99
1428.12 1391.88 1358.06 1328.55 1352.07 1374.89 1390.53 1410.22 1437.28 1461.75 1445.07 1431.71 1421.98 1438.38 1457.40 1483.68 1490.44 1499.64 1510.27 1473.70 1423.20 1355.88 1372.70 1391.45
1411.81 1427.49 1444.10 1461.73 1463.94 1466.27 1463.25 1459.08 1456.18 1449.68 1460.64 1467.97 1462.78 1420.65 1381.46 1344.62 1354.68 1365.67 1386.12 1375.49 1359.47 1339.86 1339.86 1346.20
1356.07 1344.67 1332.01 1323.51 1287.04 1247.22 1197.11 1223.48 1258.21 1287.78 1204.03 1145.01 1134.81 1112.06 1121.32 1162.32 1055.40 926.24 873.72 693.21 964.25 1163.51 1151.18 1143.61
1138.91 1086.94 1046.94 1033.71 1001.41 980.82 1009.69 1057.88 1128.75 1188.02 1147.89 1111.88 1078.19 988.07 885.09 756.53 878.61 1068.36 1202.11 1239.31 1274.86 1309.35 1309.01 1311.93
1315.41 1314.46 1314.13 1313.21 1290.79 1265.78 1234.76 1245.68 1257.62 1265.14 1262.25 1266.15 1273.75 1262.70 1256.44 1261.33 1261.04 1264.48 1274.42 1295.36 1312.31 1326.69 1326.88 1326.38
1327.71 1360.57 1391.35 1422.24 1416.33 1412.53 1381.17 1394.61 1413.12 1428.85 1367.65 1301.04 1232.16 1263.38 1301.48 1341.27 1367.28 1394.87 1425.42 1408.75 1382.79 1345.57 1353.39 1361.14
1369.34 1346.42 1323.55 1301.17 1275.33 1248.50 1213.08 1198.86 1187.62 1174.11 1060.02 1013.94 1051.60 1088.61 1129.50 1172.97 1149.65 1134.95 1141.28 1179.05 1217.27 1257.36 1256.93 1256.07
1254.72 1253.73 1262.17 1282.20 1295.46 1312.20 1324.94 1358.42 1381.22 1394.72 1403.95 1423.43 1447.43 1403.55 1359.67 1314.64 1305.94 1298.65 1290.14 1303.01 1311.43 1317.11 1320.28 1328.93
1344.83 1349.53 1355.37 1363.43 1346.66 1329.10 1305.21 1310.31 1310.66 1307.87 1296.33 1281.63 1265.88 1290.12 1316.56 1339.95 1350.05 1363.17 1379.93 1374.61 1359.47 1334.80 1308.53 1279.99
1249.08 1275.21 1300.31 1329.54 1326.91 1323.37 1313.98 1310.63 1304.12 1291.77 1298.66 1318.95 1348.81 1396.58 1446.34 1496.31 1511.77 1528.48 1546.64 1485.63 1404.02 1291.18 1300.01 1309.03
1316.56 1301.02 1285.94 1273.14 1265.68 1270.59 1284.41 1351.00 1401.87 1445.11 1457.25 1467.89 1475.02 1466.45 1461.20 1454.72 1462.32 1473.67 1489.42 1439.14 1370.30 1276.65 1242.18 1213.87
1199.03 1148.77 1100.80 1066.67 1065.27 1161.68 1265.33 1235.67 1213.34 1189.45 1159.00 1130.00 1101.78 1060.86 1021.12 982.16 976.81 990.84 1024.04 1041.84 1090.83 1160.33 1210.48 1256.97
1302.86 1319.77 1336.33 1353.32 1390.12 1424.82 1453.57 1480.54 1508.96 1532.09 1448.71 1365.69 1279.08 1234.86 1206.51 1201.31 1235.31 1276.16 1322.53 1338.77 1347.37 1350.23 1361.99 1370.14
1379.20 1432.07 1485.10 1539.17 1550.11 1557.43 1559.41 1565.36 1568.47 1566.20 1532.27 1500.81 1467.21 1457.97 1452.93 1452.43 1465.41 1484.52 1509.75 1487.95 1450.19 1397.55 1459.72 1518.18
1571.97 1545.15 1517.45 1490.34 1493.01 1495.69 1494.07 1527.80 1554.72 1571.79 1549.97 1529.50 1509.05 1483.37 1462.06 1444.27 1464.70 1491.09 1522.66 1505.73 1477.96 1433.43 1450.47 1467.67
1485.90 1477.43 1468.50 1462.79 1485.11 1507.87 1527.08 1533.67 1535.72 1530.43 1499.18 1470.54 1442.12 1436.31 1434.83 1436.40 1444.89 1455.95 1469.31 1465.32 1440.86 1413.67 1456.02 1500.14
1538.17 1529.17 1522.14 1517.25 1519.82 1522.26 1520.85 1531.66 1538.64 1538.79 1502.50 1468.36 1435.12 1408.78 1385.80 1366.09 1371.50 1383.38 1402.10 1405.29 1400.79 1389.88 1403.53 1413.20
1425.32 1432.11 1439.20 1443.59 1432.66 1420.55 1404.11 1404.62 1404.47 1398.95 1337.76 1278.25 1219.40 1189.31 1168.77 1157.35 1189.22 1232.72 1284.58 1311.16 1332.22 1348.66 1344.42 1341.32
1339.29 1324.49 1317.94 1322.26 1301.47 1282.13 1257.37 1163.23 1177.78 1255.26 1202.90 1260.45 1371.07 1398.39 1435.71 1469.65 1508.65 1551.94 1600.08 1563.70 1513.04 1447.34 1431.46 1408.12
1384.97 1387.74 1391.96 1396.02 1373.19 1349.47 1319.73 1374.92 1424.36 1460.15 1418.91 1382.90 1349.00 1372.94 1398.04 1423.25 1438.90 1462.23 1493.86 1464.90 1422.25 1363.95 1369.11 1374.36
1379.07 1374.77 1371.40 1370.18 1345.85 1320.53 1289.33 1262.02 1250.04 1252.68 1200.67 1155.86 1112.39 1105.95 1103.93 1105.22 1089.04 1076.92 1069.88 1168.81 1256.05 1334.33 1331.88 1328.52
1325.33 1284.61 1243.06 1213.34 1152.25 1094.30 1045.07 1061.16 1082.51 1098.47 1102.14 1165.60 1239.44 1274.51 1310.29 1345.13 1355.51 1366.47 1377.35 1378.50 1377.74 1381.01 1338.49 1290.76
1233.74 1195.70 1154.62 1106.84 1146.40 1184.18 1215.09 1219.77 1221.34 1214.78 1185.69 1159.29 1135.66 1158.33 1187.29 1219.16 1262.98 1306.50 1350.61 1349.49 1341.61 1330.68 1304.01 1288.10
1287.11 1294.84 1296.16 1298.87 1270.17 1243.00 1224.89 1215.31 1229.88 1253.19 1238.87 1227.54 1215.16 1229.92 1247.60 1266.18 1281.02 1299.24 1321.87 1330.49 1330.60 1324.42 1322.12 1321.44
1322.37 1353.16 1384.70 1413.19 1410.37 1409.05 1406.59 1425.27 1456.48 1486.57 1443.65 1403.63 1365.88 1364.10 1367.38 1378.59 1409.57 1444.92 1484.12 1465.56 1432.76 1395.24 1444.78 1484.81
1522.88 1518.25 1514.21 1510.53 1501.00 1491.31 1480.40 1484.97 1503.77 1517.70 1463.53 1414.21 1368.39 1297.71 1223.49 1136.08 1077.47 1022.39 975.74 1085.79 1189.58 1288.33 1282.00 1276.48
1270.67 1232.98 1193.57 1155.61 1126.91 1097.09 1061.95 1041.28 1047.54 1058.43 780.80 540.06 932.33 1046.33 1140.49 1221.78 1286.31 1355.93 1429.03 1406.35 1369.21 1308.66 1290.00 1258.30
1224.24 1242.94 1261.23 1281.02 1277.43 1277.39 1275.89 1243.75 1226.79 1217.21 1232.37 1246.46 1254.03 1251.63 1264.90 1290.04 1317.40 1346.57 1379.97 1376.68 1364.58 1347.90 1335.92 1321.33
1303.16 1296.22 1288.85 1280.85 1269.26 1258.19 1243.88 1226.81 1230.59 1240.07 1242.48 1251.24 1263.43 1260.56 1265.81 1276.64 1294.93 1315.93 1339.99 1337.42 1321.82 1294.81 1323.00 1333.71
1344.10 1336.93 1334.51 1336.42 1314.14 1289.30 1258.93 1265.29 1278.17 1296.02 1288.47 1283.91 1267.63 1260.21 1257.92 1248.73 1254.17 1262.07 1273.29 1299.51 1319.72 1338.06 1333.40 1330.42
1327.38 1316.57 1310.20 1309.82 1295.38 1285.14 1277.67 1280.87 1286.57 1295.97 1318.36 1339.18 1348.37 1329.10 1312.08 1289.75 1272.91 1277.11 1302.34 1328.15 1361.82 1406.19 1396.62 1386.30
1373.15 1341.26 1308.03 1274.72 1242.93 1209.04 1169.57 1157.00 1145.00 1131.90 1010.72 864.18 694.22 945.20 1096.86 1210.39 1278.78 1349.20 1416.62 1384.07 1340.63 1288.07 1246.38 1198.10
1145.10 1163.95 1186.19 1211.39 1185.63 1158.62 1127.35 1001.20 856.28 729.31 809.66 897.32 967.96 1081.64 1169.96 1246.70 1286.95 1327.95 1368.89 1348.75 1316.35 1272.52 1265.54 1254.75
1238.91 1229.93 1221.45 1213.48 1207.92 1204.11 1198.63 1138.68 1095.56 1048.71 968.53 888.27 821.08 798.81 831.03 896.48 1014.02 1111.30 1196.50 1199.12 1200.51 1206.14 1235.14 1263.28
1282.99 1274.57 1268.90 1266.53 1257.57 1259.59 1269.10 1300.64 1338.69 1368.60 1306.26 1244.53 1181.01 1160.15 1151.93 1155.30 1172.05 1191.74 1215.62 1248.15 1276.90 1301.93 1304.84 1308.53
1312.63 1315.90 1326.02 1342.06 1342.68 1343.74 1341.50 1385.01 1428.18 1462.70 1362.33 1256.22 1136.77 1121.79 1123.40 1131.22 1198.22 1262.89 1327.29 1325.48 1320.05 1313.44 1302.72 1290.62
1278.99 1269.11 1270.52 1284.03 1302.76 1327.24 1354.85 1421.18 1478.66 1521.47 1438.12 1353.20 1261.60 1183.40 1133.41 1105.48 1156.87 1207.44 1259.10 1274.04 1289.91 1300.16 1303.58 1306.66
1309.68 1295.91 1294.47 1308.98 1338.17 1371.82 1402.39 1434.03 1464.47 1488.29 1420.51 1356.23 1294.40 1179.30 1084.75 1063.79 1087.84 1107.98 1132.07 1191.50 1248.14 1304.82 1306.83 1310.99
1317.55 1314.20 1315.12 1321.77 1321.49 1324.27 1327.38 1364.20 1400.75 1421.61 1344.42 1266.25 1184.90 1141.94 1109.64 1089.60 1149.50 1212.23 1278.64 1297.73 1305.89 1313.40 1338.73 1365.78
1385.31 1375.86 1368.22 1363.65 1369.41 1377.39 1385.93 1412.98 1436.77 1451.65 1376.85 1301.90 1226.54 1194.50 1184.54 1192.47 1216.35 1242.73 1270.02 1288.23 1298.71 1308.57 1323.54 1339.35
1355.38 1372.63 1395.21 1423.97 1388.43 1347.37 1295.38 1273.30 1249.16 1220.29 980.42 564.62 880.99 978.20 1081.07 1166.32 1193.27 1223.61 1258.00 1250.73 1236.15 1221.99 1228.06 1234.69
1239.03 1233.28 1226.88 1219.83 1234.15 1248.23 1263.28 1196.16 1140.11 1094.36 1099.65 1109.46 1127.37 1164.67 1202.16 1237.92 1270.33 1325.11 1393.03 1362.44 1318.19 1266.59 1268.88 1272.25
1275.66 1267.40 1257.58 1246.11 1248.58 1250.60 1250.67 1228.30 1216.57 1214.44 1238.67 1262.87 1284.75 1275.81 1271.44 1270.98 1299.42 1329.50 1360.19 1361.77 1351.93 1339.09 1340.45 1338.68
1340.75 1333.73 1326.87 1321.77 1310.69 1300.34 1288.48 1308.25 1324.03 1329.27 1289.40 1252.54 1216.03 1190.92 1181.14 1188.59 1270.25 1346.80 1420.54 1417.33 1404.05 1385.63 1428.15 1470.93
1512.73 1490.66 1473.83 1463.76 1455.02 1448.54 1443.48 1437.62 1431.75 1420.21 1352.92 1286.31 1218.85 1191.19 1181.82 1189.12 1259.66 1332.27 1405.27 1400.42 1386.60 1369.15 1419.13 1468.50
1513.61 1509.08 1508.31 1514.14 1530.92 1549.40 1564.41 1562.75 1558.16 1546.97 1477.19 1405.53 1333.93 1315.99 1312.99 1322.04 1340.31 1360.10 1383.82 1378.32 1348.79 1311.43 1341.33 1373.03
1406.45 1404.37 1398.33 1393.69 1367.34 1339.26 1308.31 1329.31 1343.24 1347.31 1273.13 1212.29 1168.34 1173.85 1197.55 1235.08 1298.17 1361.11 1426.18 1400.30 1359.78 1308.18 1316.49 1331.57
1353.07 1325.97 1305.52 1295.37 1290.95 1291.43 1295.71 1261.63 1243.91 1232.39 1158.55 1125.29 1132.29 1160.41 1191.73 1223.59 1251.72 1281.40 1314.37 1302.04 1279.96 1255.23 1268.02 1280.85
1293.65 1277.94 1266.93 1262.79 1265.75 1273.35 1284.71 1235.05 1191.62 1149.65 1090.08 1080.01 1109.82 1133.83 1164.00 1197.74 1280.06 1357.19 1430.54 1395.10 1346.45 1290.05 1290.25 1288.60
1286.00 1286.82 1296.90 1319.21 1322.70 1326.61 1329.65 1328.71 1352.36 1381.37 1297.66 1219.28 1139.29 1114.34 1118.09 1146.55 1209.17 1270.07 1330.04 1350.74 1364.61 1378.76 1418.72 1458.74
1492.13 1472.15 1455.24 1443.29 1402.70 1355.71 1301.81 1341.02 1375.70 1401.30 1263.08 1124.52 1054.10 1146.65 1240.44 1335.18 1341.21 1354.98 1377.66 1356.76 1325.17 1284.91 1283.90 1285.04
1289.84 1280.34 1271.68 1264.45 1275.81 1288.04 1299.63 1261.15 1222.42 1175.51 1110.38 1097.96 1140.12 1207.73 1270.34 1325.87 1357.27 1390.38 1425.15 1394.31 1353.06 1302.67 1306.07 1309.40
1312.36 1283.17 1253.32 1223.61 1244.59 1266.09 1287.05 1306.11 1334.18 1358.22 1316.38 1277.09 1240.08 1286.85 1337.59 1390.63 1413.27 1441.03 1473.92 1444.71 1405.27 1361.96 1390.17 1418.29
1447.91 1430.86 1413.84 1397.26 1406.56 1417.70 1430.87 1459.12 1481.44 1493.98 1474.10 1454.20 1432.74 1405.33 1380.74 1357.81 1384.94 1415.07 1449.03 1441.19 1429.61 1423.55 1452.81 1485.23
1520.93 1500.58 1478.30 1453.18 1372.63 1293.94 1246.40 1287.92 1326.25 1355.53 1297.63 1246.48 1169.13 919.77 675.95 977.79 1055.65 1133.09 1207.91 1161.56 1146.06 1190.90 1233.23 1275.23
1316.74 1312.91 1309.57 1307.13 1286.71 1265.60 1243.80 1280.68 1310.69 1331.14 1251.12 1177.52 1100.69 1081.86 1068.08 1066.38 1137.92 1205.21 1270.28 1279.13 1286.33 1300.58 1287.10 1279.82
1280.65 1283.73 1283.61 1283.73 1280.58 1279.37 1281.38 1297.88 1313.22 1321.47 1296.81 1282.34 1278.24 1236.37 1219.60 1232.58 1254.71 1277.88 1303.12 1305.54 1301.43 1294.49 1297.47 1299.98
1302.85 1302.25 1299.47 1299.06 1281.18 1266.70 1258.08 1276.12 1299.88 1317.03 1252.52 1189.52 1115.59 969.14 940.87 1073.10 1109.49 1153.86 1201.75 1236.95 1268.20 1301.70 1292.90 1284.82
1276.35 1286.88 1298.54 1310.73 1270.64 1228.27 1180.79 1141.38 1099.18 1051.15 1035.06 1034.16 1039.54 1114.04 1181.57 1243.94 1292.02 1339.97 1388.24 1365.94 1332.82 1294.20 1280.64 1271.10
1272.99 1264.47 1256.65 1251.19 1259.53 1268.67 1277.31 1229.00 1184.25 1148.19 1079.63 1008.45 942.39 991.65 1054.52 1120.81 1188.79 1248.79 1313.66 1310.65 1300.21 1288.14 1290.74 1292.86
1295.23 1280.19 1267.43 1257.86 1258.87 1262.58 1262.87 1160.74 1049.10 923.60 1033.42 1113.95 1177.39 1186.95 1201.13 1219.37 1270.63 1318.97 1371.18 1346.87 1310.78 1269.43 1217.66 1166.21
1114.35 1130.31 1146.28 1162.72 1179.78 1205.58 1236.67 1112.85 1008.02 920.50 899.15 847.59 804.06 950.02 1060.30 1151.49 1153.63 1157.52 1168.90 1159.69 1150.21 1151.19 1057.39 956.21
911.59 904.67 1022.72 1120.75 1075.24 1080.76 1160.27 1111.46 1063.36 1011.93 1091.79 1152.53 1202.10 1257.17 1314.30 1373.59 1347.03 1315.38 1284.66 1240.12 1178.58 1102.75 1035.42 1012.15
1051.02 1058.21 1065.49 1077.11 1094.40 1110.44 1142.06 1107.78 1072.38 1015.74 1027.51 1061.79 1103.07 1067.40 1033.35 1004.67 1013.17 1038.65 1085.13 1054.48 1010.90 956.57 989.29 1034.00
1085.89 1070.40 1061.43 1063.18 1054.45 1050.55 1056.43 978.97 991.53 994.95 932.83 985.03 1091.24 1027.73 986.67 983.57 924.48 886.12 886.86 919.25 1003.95 1099.74 1060.26 1032.18
1025.37 1033.24 1040.48 1055.02 1005.52 956.79 920.42 787.98 811.49 897.01 918.69 941.88 963.14 1012.27 1057.94 1102.84 1148.98 1198.93 1258.12 1283.80 1306.40 1330.71 1343.52 1356.29
1370.01 1380.47 1391.88 1406.83 1410.95 1405.69 1396.67 1407.53 1413.05 1409.77 1423.19 1432.33 1437.90 1443.18 1456.43 1477.31 1467.36 1455.66 1448.40 1431.03 1403.61 1371.13 1375.48 1381.75
1389.76 1386.68 1385.21 1387.93 1373.14 1361.17 1351.70 1322.20 1295.82 1270.32 1298.54 1320.25 1337.57 1352.54 1378.27 1412.60 1432.91 1453.74 1480.25 1452.44 1410.27 1356.45 1366.45 1379.26
1395.57 1418.03 1441.14 1462.76 1423.13 1379.53 1330.35 1344.55 1354.14 1357.55 1341.08 1329.33 1321.75 1351.63 1389.94 1434.93 1477.06 1519.01 1565.31 1547.51 1524.25 1499.00 1497.74 1509.51
1533.08 1503.37 1471.01 1437.58 1391.80 1344.38 1296.56 1379.07 1451.66 1508.01 1474.32 1441.05 1415.94 1373.79 1337.75 1315.87 1366.17 1425.04 1491.48 1475.21 1456.56 1439.09 1445.83 1455.00
1467.94 1438.91 1406.21 1371.62 1356.42 1341.10 1326.56 1356.60 1383.44 1403.11 1423.13 1439.81 1455.26 1444.52 1437.55 1435.94 1447.37 1462.17 1485.20 1438.81 1378.41 1307.43 1322.04 1338.64
1358.50 1335.49 1312.20 1290.91 1289.43 1288.01 1285.22 1224.39 1170.78 1123.06 956.34 734.21 509.23 771.08 949.13 1080.38 1182.14 1278.81 1372.53 1343.08 1303.06 1255.41 1265.56 1277.96
1289.81 1288.64 1291.84 1300.18 1301.71 1299.76 1298.11 1275.17 1256.21 1235.47 1134.50 1026.21 910.86 943.46 991.49 1047.85 1158.28 1254.79 1346.18 1341.18 1330.85 1312.89 1308.63 1303.77
1298.89 1288.43 1280.08 1274.73 1254.55 1234.12 1218.87 1112.90 994.06 853.91 970.61 1048.93 1107.02 1151.28 1195.94 1242.18 1297.22 1350.18 1405.61 1382.00 1349.92 1300.68 1289.99 1278.75
1266.22 1261.03 1258.41 1259.61 1256.45 1254.76 1267.28 1184.19 1096.11 1003.38 1070.67 1168.45 1252.59 1313.76 1371.87 1428.73 1452.64 1476.22 1500.22 1450.67 1385.21 1302.60 1295.58 1287.96
1278.74 1262.68 1246.92 1233.22 1258.55 1282.71 1301.04 1264.12 1229.04 1193.59 1209.98 1222.38 1233.59 1296.17 1356.33 1418.56 1468.78 1519.26 1572.72 1525.59 1463.90 1391.26 1357.77 1318.16
1273.89 1275.86 1278.39 1283.27 1280.06 1277.37 1273.74 1277.95 1270.37 1261.03 1290.84 1315.70 1330.31 1326.19 1325.21 1329.03 1368.95 1404.44 1438.18 1415.17 1386.66 1356.37 1332.99 1307.14
1277.60 1274.74 1271.87 1268.92 1267.22 1270.89 1277.93 1272.24 1262.70 1248.19 1255.82 1261.40 1272.90 1345.08 1411.18 1479.64 1495.24 1515.19 1542.29 1526.26 1507.30 1487.51 1459.61 1426.76
1385.63 1404.30 1425.38 1442.41 1457.98 1481.89 1511.54 1512.72 1506.10 1494.52 1499.89 1502.78 1510.06 1486.55 1469.54 1464.20 1529.76 1592.88 1654.56 1666.77 1675.94 1674.23 1654.96 1633.90
1612.36 1592.16 1570.14 1546.84 1531.78 1517.14 1503.72 1534.45 1557.36 1572.90 1548.75 1524.97 1505.52 1528.37 1558.46 1598.52 1627.42 1656.42 1687.10 1669.49 1648.31 1625.36 1638.51 1654.57
1672.62 1634.93 1596.51 1559.44 1535.55 1510.19 1483.31 1529.71 1570.29 1601.56 1542.54 1483.70 1425.98 1392.85 1360.61 1332.76 1321.76 1310.18 1300.95 1285.63 1275.81 1277.73 1332.10 1387.99
1443.74 1444.73 1446.81 1427.36 1405.81 1385.83 1367.86 1348.22 1324.28 1294.67 1214.48 1130.29 1048.36 953.59 935.68 1031.18 1105.99 1176.91 1245.61 1258.96 1271.09 1283.33 1290.20 1306.20
1332.00 1322.16 1320.82 1329.87 1314.13 1298.77 1283.34 1344.39 1396.58 1437.25 1401.59 1366.84 1339.38 1320.68 1308.60 1309.86 1268.32 1223.57 1183.26 1201.53 1218.64 1236.36 1305.88 1378.40
1451.32 1476.70 1502.06 1528.59 1499.05 1464.21 1427.50 1435.83 1448.44 1460.27 1397.95 1335.58 1271.24 1222.44 1190.80 1187.55 1195.97 1205.39 1220.26 1255.48 1289.19 1324.15 1382.96 1444.26
1506.09 1482.73 1458.14 1433.19 1403.19 1369.52 1330.70 1316.30 1299.77 1278.97 1189.69 1094.68 994.09 1025.68 1079.33 1144.62 1203.24 1247.68 1300.36 1310.25 1318.54 1327.67 1337.78 1349.76
1364.28 1376.70 1391.49 1408.36 1396.17 1382.71 1368.47 1403.73 1429.21 1446.47 1431.45 1415.36 1395.85 1394.91 1398.80 1408.09 1421.30 1435.58 1453.94 1474.04 1494.10 1514.43 1554.26 1593.53
1627.59 1611.20 1594.32 1577.47 1508.63 1428.91 1334.80 1391.90 1433.51 1462.49 1449.05 1437.53 1430.13 1431.18 1442.44 1467.38 1476.13 1480.70 1487.23 1514.08 1540.32 1567.66 1581.69 1595.95
1604.38 1593.02 1580.96 1567.37 1548.27 1528.35 1505.75 1510.00 1511.94 1513.12 1517.28 1519.95 1513.50 1477.44 1450.61 1432.36 1461.62 1490.23 1519.70 1518.00 1511.00 1505.04 1530.64 1555.21
1582.26 1572.37 1560.91 1548.97 1526.71 1502.99 1477.32 1506.75 1528.14 1539.64 1530.65 1520.33 1509.09 1498.73 1491.40 1488.93 1471.88 1451.40 1424.84 1401.45 1381.07 1369.24 1395.30 1423.74
1454.66 1506.16 1551.81 1585.70 1562.68 1537.00 1509.24 1525.93 1536.52 1541.63 1535.78 1529.98 1523.32 1525.70 1530.28 1534.02 1556.03 1577.81 1602.69 1574.78 1537.35 1488.64 1457.19 1421.35
1381.87 1409.07 1440.18 1474.81 1456.11 1437.22 1418.32 1448.05 1469.10 1479.60 1480.99 1483.46 1485.63 1482.57 1482.90 1489.53 1464.37 1436.15 1408.59 1380.34 1345.34 1303.30 1302.85 1301.40
1300.17 1286.84 1284.08 1292.95 1280.32 1270.04 1261.86 1190.57 1111.21 1019.28 1033.02 1039.10 1036.03 903.22 977.22 1137.61 1244.86 1341.53 1433.89 1444.68 1457.25 1472.71 1452.53 1430.61
1409.45 1386.68 1365.15 1347.13 1345.03 1331.59 1315.53 1334.75 1349.22 1357.57 1312.08 1297.46 1309.03 1307.02 1306.79 1316.66 1359.90 1401.05 1444.45 1423.89 1399.52 1371.52 1400.02 1431.65
1464.63 1439.05 1415.34 1396.97 1390.10 1386.85 1387.52 1319.57 1245.79 1164.00 1153.04 1165.01 1187.79 1172.57 1168.71 1179.67 1182.64 1188.64 1202.19 1225.48 1251.29 1280.76 1288.27 1295.76
1303.96 1295.06 1290.45 1290.95 1290.12 1290.33 1294.01 1276.27 1271.61 1268.29 1248.63 1229.70 1205.64 1102.96 968.76 781.48 562.39 862.63 1069.86 1268.27 1460.26 1627.55 1678.48 1732.07
1788.44 1780.59 1768.33 1754.96 1757.34 1760.46 1765.55 1761.04 1754.95 1747.01 1690.20 1634.10 1577.94 1557.64 1539.67 1522.79 1504.87 1486.75 1472.01 1462.15 1449.84 1429.30 1427.48 1428.13
1430.35 1424.18 1418.14 1414.35 1410.65 1408.34 1408.40 1391.50 1370.97 1347.34 1315.49 1293.05 1263.47 1263.92 1266.93 1274.27 1301.10 1328.34 1356.88 1377.50 1402.55 1434.42 1437.56 1440.57
1444.08 1439.37 1435.33 1430.60 1427.58 1426.83 1428.35 1420.39 1428.22 1440.37 1474.70 1520.79 1564.45 1586.63 1607.73 1629.45 1612.20 1594.51 1579.08 1588.99 1592.90 1595.10 1618.30 1645.36
1677.08 1687.60 1695.00 1701.71 1684.07 1665.77 1646.60 1672.65 1693.87 1710.80 1702.18 1695.00 1685.04 1673.32 1661.70 1642.01 1615.60 1588.73 1563.88 1442.88 1280.25 1073.47 1122.00 841.29
1303.06 1581.23 1803.91 1999.56 2021.10 2034.47 2047.18 2021.17 1984.09 1926.25 1894.47 1863.45 1824.17 1837.28 1852.72 1864.38 1810.25 1747.64 1675.90 1630.76 1578.84 1519.73 1521.90 1522.86
1525.46 1514.01 1508.21 1511.26 1489.51 1453.26 1414.83 1372.19 1324.49 1272.97 1070.72 879.80 1001.41 959.13 1027.01 1146.95 1205.59 1296.95 1397.31 1381.97 1373.11 1371.56 1373.56 1376.36
1378.78 1298.88 1202.40 1079.71 1195.72 1292.41 1374.56 1385.79 1414.17 1446.49 1432.29 1418.89 1396.12 1368.72 1355.19 1357.11 1373.10 1388.38 1403.50 1409.41 1415.75 1423.93 1413.49 1401.38
1388.95 1380.01 1371.41 1362.84 1342.81 1324.52 1307.75 1331.98 1347.50 1356.83 1440.65 1508.77 1563.57 1588.73 1614.80 1650.77 1641.32 1632.12 1625.03 1619.05 1612.91 1608.68 1560.43 1506.98
1448.56 1415.50 1379.89 1341.06 1339.41 1344.55 1354.49 1413.90 1461.67 1498.96 1440.57 1375.65 1315.54 1255.30 1203.89 1167.83 996.52 803.84 853.29 1249.26 1483.31 1664.08 1721.60 1779.53
1836.62 1833.98 1830.42 1827.28 1791.58 1751.25 1707.07 1731.38 1750.21 1766.90 1718.71 1672.15 1625.92 1601.90 1584.61 1577.12 1544.11 1503.76 1452.74 1448.68 1440.48 1433.78 1412.09 1396.22
1388.15 1275.48 1143.26 981.34 1067.02 1147.00 1203.57 1170.98 1142.60 1139.05 1196.46 1253.95 1304.40 1306.42 1310.13 1317.28 1354.67 1391.60 1428.75 1439.14 1448.73 1459.20 1460.26 1461.46
1462.17 1436.63 1411.26 1388.05 1395.06 1419.64 1457.54 1432.32 1402.67 1369.75 1391.88 1424.05 1456.91 1494.92 1530.81 1566.88 1531.26 1489.45 1439.38 1449.66 1459.97 1469.77 1456.91 1443.74
1429.64 1459.77 1488.59 1514.49 1525.11 1536.65 1550.85 1531.59 1506.45 1498.92 1300.61 1283.36 1369.95 1332.21 1313.62 1319.62 1328.68 1339.82 1356.74 1377.06 1397.91 1419.50 1424.65 1428.80
1434.05 1431.07 1425.28 1416.85 1280.87 1131.94 1058.54 1061.24 1076.07 1094.00 1267.58 1416.81 1517.71 1538.12 1561.11 1586.87 1533.54 1469.10 1383.51 1417.61 1451.09 1482.88 1546.84 1620.13
1696.15 1499.08 1468.28 1584.41 1566.04 1583.60 1552.08 1524.54 1493.09 1461.88 1479.94 1497.57 1515.46 1423.17 1324.23 1214.87 1156.65 1084.14 970.89 947.11 1021.81 1169.54 1169.86 1208.94
1273.66 1308.89 1373.53 1450.60 1406.96 1360.60 1311.03 1212.91 1154.15 1123.88 981.23 806.81 655.49 695.33 834.02 924.77 742.07 906.12 1100.13 1219.15 1324.96 1419.69 1447.47 1474.87
1502.62 1506.64 1513.09 1523.72 1535.29 1546.74 1557.30 1561.23 1560.66 1557.51 1629.88 1684.37 1725.17 1726.88 1729.86 1735.59 1674.86 1601.00 1508.02 1521.72 1536.54 1547.89 1572.59 1596.62
1622.35 1613.42 1604.53 1585.43 1508.11 1426.78 1349.95 1268.86 1254.92 1253.84 1197.51 1139.29 1087.41 981.66 1323.54 1565.20 1561.65 1569.93 1589.20 1563.45 1550.75 1555.34 1489.61 1421.91
1353.18 1323.67 1292.88 1260.54 1401.21 1526.91 1638.19 1686.61 1748.01 1818.15 1794.81 1771.53 1748.74 1787.07 1824.79 1862.66 1854.62 1835.88 1815.61 1804.65 1796.47 1789.87 1778.31 1748.58
1714.68 1709.07 1706.53 1706.46 1706.38 1711.99 1722.45 1707.80 1691.75 1672.56 1645.21 1614.71 1580.06 1482.68 1380.67 1280.57 1207.90 1145.72 1198.76 1273.76 1355.40 1435.16 1438.79 1443.75
1449.00 1449.03 1451.28 1454.84 1467.64 1483.04 1501.52 1531.11 1551.46 1565.89 1576.49 1584.82 1591.30 1572.43 1556.85 1547.11 1528.23 1505.93 1477.28 1478.22 1480.07 1479.07 1463.94 1447.82
1430.58 1420.91 1410.24 1402.84 1367.22 1337.94 1317.96 1198.81 1041.85 815.16 1098.22 1275.88 1396.67 1425.50 1453.81 1484.71 1408.40 1321.14 1228.35 1037.61 1096.86 1187.68 1344.57 1503.60
1645.07 1662.92 1682.72 1685.56 1684.48 1684.01 1684.15 1661.40 1635.54 1607.17 1552.21 1504.47 1475.48 1448.39 1433.52 1431.23 1459.24 1494.80 1535.44 1644.09 1747.39 1847.19 1840.62 1833.69
1816.12 1840.49 1865.69 1888.28 1853.60 1818.21 1783.71 1797.64 1808.21 1819.76 1822.81 1827.92 1835.84 1855.30 1870.88 1879.23 1904.39 1928.81 1951.65 1993.28 2033.70 2073.53 2072.30 2060.68
2050.24 1991.57 1927.62 1858.50 1782.33 1695.60 1594.93 1645.18 1683.44 1716.24 1678.37 1644.62 1614.73 1572.05 1535.70 1510.36 1365.94 1174.86 1077.86 824.18 1114.49 1362.64 1409.17 1453.71
1496.27 1492.35 1493.01 1496.71 1517.08 1537.54 1558.01 1557.71 1553.03 1546.25 1578.61 1605.05 1628.23 1631.89 1637.00 1644.64 1610.78 1573.05 1526.43 1402.18 1239.84 993.83 1026.87 1192.38
1356.99 1406.72 1460.48 1525.97 1529.94 1537.52 1548.40 1555.96 1558.07 1536.09 1472.58 1431.27 1415.56 1379.26 1344.82 1314.80 1285.10 1267.13 1266.30 1203.46 1115.98 1055.16 1084.00 1121.68
1162.25 1041.90 1068.57 1204.75 1301.37 1388.28 1467.30 1420.19 1376.43 1340.37 1483.82 1589.71 1670.98 1691.32 1712.33 1734.58 1688.53 1633.91 1564.13 1558.00 1552.83 1548.56 1537.20 1527.55
1518.81 1536.49 1553.87 1571.08 1559.64 1548.26 1535.46 1521.39 1504.50 1487.10 1568.62 1631.71 1672.42 1644.36 1618.00 1595.34 1548.29 1495.06 1421.09 1297.69 1162.09 1146.09 1152.40 1201.16
1270.88 1301.75 1333.86 1368.80 1372.81 1381.23 1392.77 1401.80 1404.50 1402.79 1403.76 1425.25 1458.83 1409.40 1363.64 1324.71 1323.25 1321.85 1305.44 1312.14 1320.64 1331.02 1307.36 1323.54
1371.08 1416.11 1461.02 1505.83 1489.87 1474.81 1463.12 1451.86 1442.25 1438.11 1481.05 1520.75 1554.62 1563.40 1574.59 1584.39 1541.50 1493.19 1432.42 1450.90 1469.64 1489.16 1496.91 1512.67
1535.54 1470.28 1378.17 1263.83 1234.96 1213.66 1202.05 1178.61 1514.70 1746.49 1803.19 1861.65 1921.32 1911.55 1903.34 1890.23 1876.42 1863.57 1849.96 1847.37 1845.16 1843.68 1829.71 1817.26
1806.44 1770.20 1734.43 1700.61 1685.68 1670.06 1654.53 1669.31 1679.72 1691.05 1613.34 1535.46 1460.25 1414.77 1372.59 1334.30 1273.70 1225.46 1205.90 1115.02 1025.29 1003.61 800.25 812.39
1065.09 1147.36 1221.89 1288.44 1341.28 1403.64 1466.23 1417.39 1362.48 1306.12 1352.90 1395.12 1431.92 1450.52 1474.24 1501.12 1493.92 1492.95 1494.18 1499.03 1503.98 1510.04 1509.56 1509.87
1509.95 1501.69 1494.14 1486.82 1473.68 1461.25 1449.12 1455.42 1455.96 1452.42 1499.68 1536.68 1565.41 1600.18 1637.46 1676.67 1651.50 1623.89 1588.99 1617.11 1644.56 1671.48 1671.69 1672.56
1668.06 1650.44 1632.12 1613.40 1538.55 1457.19 1369.51 1148.67 945.11 1168.49 1344.86 1695.50 1941.90 2036.90 2131.13 2203.50 2204.68 2206.03 2205.47 2198.35 2190.41 2182.72 2176.69 2170.71
2166.09 2134.11 2099.35 2063.58 2020.48 1974.70 1925.59 1935.75 1941.42 1945.41 1867.50 1787.84 1704.32 1656.45 1609.43 1562.81 1514.47 1462.49 1402.00 1355.95 1311.50 1274.52 1066.35 971.96
1096.74 1207.33 1333.55 1443.32 1483.17 1526.23 1571.63 1655.73 1721.72 1777.54 1764.75 1755.21 1749.05 1757.31 1768.57 1781.74 1728.61 1674.65 1620.66 1590.00 1569.33 1541.78 1543.84 1545.61
1548.53 1456.71 1352.90 1235.36 1178.70 1125.54 1096.18 1062.12 1311.93 1486.33 1531.34 1600.14 1673.12 1645.80 1620.51 1599.35 1579.45 1558.52 1531.01 1532.75 1538.45 1545.69 1549.37 1553.21
1556.56 1531.26 1504.72 1474.46 1429.74 1380.93 1327.46 1300.24 1268.16 1233.15 1235.58 1238.61 1243.60 1185.00 1146.06 1142.36 1164.23 1221.21 1290.95 1202.33 1076.37 907.30 969.31 1024.70
1081.44 1108.76 1134.08 1159.28 1257.87 1343.45 1420.31 1393.71 1370.30 1354.08 1384.50 1424.04 1465.24 1479.58 1498.89 1523.53 1531.90 1541.62 1546.45 1543.77 1541.73 1539.93 1527.37 1515.83
1505.95 1487.73 1470.77 1456.14 1457.24 1460.09 1464.43 1423.98 1346.22 1265.42 1071.09 1205.62 1345.13 1294.39 1271.97 1285.66 1345.31 1409.54 1470.56 1422.46 1407.05 1434.83 1409.82 1384.99
1359.41 1362.89 1394.08 1444.27 1350.85 1235.92 1083.23 1163.81 1225.14 1278.12 1327.35 1374.11 1414.98 1425.11 1437.06 1452.64 1460.74 1471.36 1479.44 1492.59 1510.41 1532.03 1518.30 1506.56
1497.77 1471.55 1446.67 1422.78 1444.78 1465.08 1485.31 1375.13 1238.39 1043.29 997.25 1092.10 1195.06 1293.87 1374.03 1444.05 1454.77 1467.29 1477.31 1493.21 1510.99 1530.62 1519.84 1517.84
1527.03 1528.19 1530.19 1532.12 1555.59 1581.31 1608.83 1621.10 1629.39 1636.93 1685.68 1724.91 1755.35 1768.74 1782.26 1797.40 1767.52 1735.18 1696.09 1708.53 1720.96 1733.14 1747.72 1762.53
1778.53 1764.66 1750.58 1736.08 1697.11 1657.50 1618.79 1614.09 1604.69 1591.43 1582.19 1574.09 1569.98 1498.47 1416.40 1330.34 1287.74 1295.17 1354.91 1303.38 1257.91 1229.76 1206.86 1185.42
1163.97 1170.44 1195.28 1384.65 1454.80 1568.00 1691.81 1727.28 1763.75 1783.81 1756.33 1731.50 1701.60 1682.43 1673.04 1677.27 1591.23 1492.69 1377.67 1402.55 1427.51 1451.95 1456.88 1463.62
1475.53 1462.11 1446.00 1420.91 1401.63 1409.58 1444.37 1487.03 1545.69 1594.75 1572.23 1550.73 1531.08 1504.99 1489.63 1487.89 1434.98 1376.21 1297.60 1215.16 1111.19 974.37 1141.94 1319.30
1460.50 1486.45 1511.75 1536.70 1531.12 1525.96 1521.45 1465.75 1402.30 1330.88 1347.32 1357.65 1356.59 1408.74 1461.59 1509.39 1511.37 1515.86 1517.67 1524.15 1531.27 1539.36 1545.65 1551.61
1557.80 1573.26 1589.85 1609.82 1602.65 1595.72 1589.46 1565.85 1538.99 1510.59 1453.53 1402.99 1360.72 1335.74 1313.01 1293.14 1288.40 1287.06 1283.22 1295.11 1308.71 1322.93 1361.97 1436.42
1504.96 1511.58 1514.57 1517.56 1521.29 1534.06 1552.93 1563.17 1572.49 1578.49 1573.93 1571.61 1567.63 1563.58 1560.41 1555.22 1523.05 1488.31 1447.07 1398.63 1406.58 1487.49 1571.02 1679.76
1781.37 1804.23 1836.19 1876.69 1830.56 1780.42 1726.35 1731.47 1732.33 1720.70 1678.33 1638.27 1611.62 1583.74 1559.03 1540.51 1541.42 1545.08 1546.05 1529.47 1515.09 1503.61 1531.43 1559.49
1588.32 1625.06 1667.45 1712.80 1699.16 1682.94 1664.80 1663.05 1659.21 1654.95 1651.35 1671.01 1712.05 1695.97 1680.15 1664.19 1642.49 1626.32 1616.78 1569.79 1534.97 1519.13 1514.61 1516.45
1524.45 1522.40 1522.26 1524.62 1488.52 1450.28 1407.63 1398.32 1390.20 1383.53 1385.40 1388.31 1391.83 1470.49 1547.43 1617.96 1632.73 1653.88 1678.01 1680.44 1693.56 1704.59 1711.68 1726.40
1747.46 1717.38 1687.78 1659.05 1658.98 1660.98 1665.50 1626.85 1597.93 1580.56 1629.06 1668.76 1711.09 1742.35 1774.79 1809.48 1747.04 1671.76 1570.82 1606.65 1669.94 1748.37 1732.12 1708.05
1676.17 1657.27 1641.00 1631.32 1622.03 1617.72 1618.41 1680.04 1735.67 1781.09 1805.97 1830.13 1853.86 1847.58 1844.53 1844.66 1784.91 1715.74 1627.52 1613.89 1598.58 1583.26 1577.58 1570.96
1563.35 1558.01 1552.18 1546.98 1550.68 1555.07 1559.88 1527.06 1485.84 1446.32 1402.01 1362.21 1329.16 1252.68 1170.64 1078.71 921.81 988.34 1042.52 1127.10 1252.09 1367.30 1413.19 1455.68
1496.82 1498.23 1500.72 1504.69 1513.55 1523.78 1533.71 1531.18 1527.05 1521.24 1480.81 1427.34 1384.41 1238.19 1231.32 1358.72 1357.18 1358.23 1371.59 1401.55 1440.94 1486.36 1468.23 1449.39
1428.62 1445.93 1464.27 1482.36 1422.38 1368.06 1332.93 1273.28 1203.00 1121.11 1015.10 880.17 749.53 779.71 961.08 1097.09 975.85 959.04 1091.20 1139.30 1189.45 1240.36 1273.70 1344.85
1431.05 1412.52 1400.09 1394.47 1415.83 1444.03 1477.90 1500.16 1520.87 1538.78 1633.83 1705.12 1762.44 1722.81 1689.72 1661.99 1617.77 1569.20 1510.90 1513.95 1517.03 1520.51 1494.84 1479.58
1478.62 1387.34 1439.16 1511.83 1555.68 1637.67 1732.81 1783.36 1834.47 1882.72 1840.30 1800.17 1759.51 1758.18 1759.85 1762.85 1717.30 1665.12 1599.15 1574.27 1545.84 1515.45 1504.44 1492.11
1478.79 1471.52 1464.52 1456.75 1468.65 1479.77 1488.23 1429.10 1355.14 1274.07 1098.21 852.81 720.85 981.34 1169.90 1300.41 1330.23 1360.40 1385.92 1416.81 1448.74 1482.63 1493.17 1504.95
1517.86 1537.36 1557.16 1577.29 1639.16 1701.09 1760.31 1767.31 1770.76 1770.08 1790.83 1808.33 1808.97 1807.81 1808.93 1810.49 1783.83 1755.59 1719.55 1742.31 1767.68 1795.08 1796.86 1798.87
1799.82 1748.47 1693.52 1638.63 1608.70 1576.37 1540.62 1588.81 1628.82 1662.00 1616.00 1593.42 1587.21 1523.39 1547.30 1645.08 1658.16 1694.81 1749.63 1804.95 1852.08 1896.41 1922.39 1949.89
1979.12 1943.32 1905.28 1866.54 1863.27 1860.20 1857.38 1797.44 1733.14 1665.34 1659.54 1661.71 1667.66 1602.73 1548.68 1514.83 1462.69 1403.07 1334.96 1348.68 1363.32 1378.48 1327.97 1278.34
1258.63 1260.77 1293.64 1332.78 1289.06 1269.05 1291.76 1299.76 1303.72 1304.03 1324.58 1409.96 1502.00 1502.20 1505.73 1511.48 1508.34 1509.00 1507.71 1528.91 1551.01 1572.85 1559.54 1545.78
1530.17 1533.37 1537.29 1544.44 1523.81 1501.75 1481.31 1506.42 1530.44 1551.08 1556.88 1570.40 1588.12 1590.17 1598.46 1609.69 1580.14 1549.23 1509.62 1504.73 1499.56 1494.17 1474.57 1458.16
1446.24 1466.80 1486.45 1502.52 1465.57 1439.11 1431.77 1347.19 1247.65 1127.34 1024.39 1213.85 1341.18 1272.67 1189.83 1117.99 1040.71 1000.24 1044.61 1051.35 1058.39 1065.51 969.96 843.07
791.07 830.43 951.32 1042.68 1092.11 1141.45 1199.19 1133.45 1075.69 1038.93 989.49 1009.67 1061.06 1151.87 1260.50 1356.19 1377.32 1418.82 1468.96 1477.51 1490.87 1506.14 1534.60 1565.02
1597.60 1584.52 1579.50 1583.73 1575.38 1567.68 1554.53 1463.29 1427.72 1470.81 1442.31 1417.56 1417.74 1298.91 1213.26 1184.19 1200.06 1324.00 1465.70 1476.42 1496.77 1525.24 1572.47 1620.44
1668.20 1644.20 1618.07 1588.57 1613.66 1646.33 1682.73 1715.27 1744.61 1772.48 1792.77 1813.92 1834.62 1860.50 1887.60 1913.58 1908.24 1903.12 1892.70 1902.18 1913.13 1924.94 1911.39 1897.58
1883.82 1888.13 1892.95 1899.37 1870.23 1838.82 1805.60 1812.87 1817.53 1816.72 1793.51 1771.18 1749.70 1724.46 1705.99 1692.48 1605.71 1500.33 1360.45 1309.32 1315.78 1381.56 1383.56 1434.38
1515.08 1525.01 1534.55 1544.39 1542.64 1544.87 1550.57 1495.56 1434.28 1364.22 1332.85 1298.48 1268.06 1258.81 1256.38 1254.92 1159.14 1086.27 1100.91 1159.29 1213.38 1262.50 1328.62 1390.99
1449.16 1441.36 1432.52 1424.34 1464.32 1502.10 1538.23 1504.01 1465.29 1420.91 1458.67 1493.05 1522.38 1568.81 1613.25 1654.90 1615.69 1585.38 1567.70 1575.46 1583.46 1591.94 1576.78 1560.05
1542.44 1519.59 1495.84 1469.84 1465.76 1469.15 1479.42 1455.17 1428.46 1399.08 1437.71 1472.52 1505.24 1472.47 1448.45 1435.10 1416.13 1409.63 1412.44 1404.46 1439.77 1504.51 1499.12 1493.47
1488.65 1435.03 1374.91 1306.84 1219.45 1125.09 1044.91 1111.46 1173.46 1221.36 1041.69 962.77 1121.06 1261.76 1379.27 1476.32 1454.30 1435.19 1405.84 1360.84 1310.56 1255.83 1209.33 1161.54
1123.17 1127.56 1212.43 1317.37 1311.12 1310.64 1319.72 1195.47 1092.46 1113.56 942.91 797.07 852.32 886.97 973.23 1062.34 917.86 889.26 816.44 803.09 835.00 936.68 930.06 1077.44
1212.03 1146.62 1067.61 973.15 893.31 1053.48 1201.48 1180.98 1181.06 1194.24 1167.04 1191.92 1237.34 1289.28 1355.81 1422.76 1392.46 1389.44 1417.48 1437.55 1461.78 1489.59 1471.87 1453.73
1434.78 1450.24 1466.11 1483.33 1462.07 1449.02 1445.90 1419.93 1391.48 1354.77 1415.62 1462.57 1499.30 1506.69 1516.77 1527.82 1528.92 1532.09 1532.18 1536.05 1540.59 1545.61 1534.69 1527.70
1525.94 1530.31 1539.64 1555.00 1537.76 1520.55 1502.60 1497.23 1492.07 1483.40 1494.19 1510.00 1525.23 1515.18 1516.88 1527.15 1515.60 1506.58 1495.11 1492.50 1496.85 1508.45 1498.75 1488.76
1478.98 1472.29 1464.77 1457.80 1445.93 1434.95 1425.41 1430.16 1431.69 1427.29 1418.13 1384.97 1352.29 1283.51 1238.76 1206.36 1155.70 1136.30 1163.79 1274.83 1370.00 1455.28 1443.13 1431.90
1421.12 1418.52 1416.39 1413.31 1422.17 1432.86 1444.05 1418.95 1394.47 1368.43 1378.38 1402.84 1431.72 1445.58 1467.04 1488.45 1474.08 1468.75 1472.23 1500.53 1525.43 1541.06 1571.04 1593.15
1622.37 1637.29 1652.29 1667.98 1673.62 1682.91 1693.82 1687.14 1681.34 1674.37 1715.03 1758.54 1800.16 1811.68 1820.86 1844.37 1791.30 1743.41 1700.49 1640.84 1572.33 1512.26 1521.37 1534.56
1551.61 1539.05 1514.17 1463.72 1465.07 1476.91 1498.18 1371.60 1214.59 1026.40 1197.74 1457.43 1637.99 1668.42 1706.15 1735.14 1678.36 1613.61 1530.43 1542.56 1559.43 1584.47 1576.46 1568.43
1566.36 1569.10 1573.28 1579.61 1568.00 1565.02 1569.83 1574.16 1582.09 1588.50 1585.32 1581.92 1578.43 1614.66 1652.33 1687.92 1628.92 1568.42 1506.65 1488.53 1469.25 1449.00 1463.14 1478.20
1494.47 1500.25 1506.06 1511.78 1504.84 1499.10 1492.08 1447.46 1401.58 1352.36 1359.91 1365.50 1370.71 1365.86 1374.53 1392.02 1392.65 1418.13 1461.81 1446.65 1469.03 1524.18 1531.97 1542.98
