2274.98 2399.75 2510.35 2609.68 2662.84 2714.35 2766.00 2815.54 2861.85 2878.95 2817.53 2754.37 2691.24 2681.64 2674.97 2672.52 2586.70 2491.01 2377.31 2408.66 2439.76 2469.48 2457.05 2444.93
2431.25 2437.14 2443.39 2449.31 2417.90 2385.97 2352.82 2358.70 2364.64 2369.05 2367.17 2365.80 2366.27 2373.85 2383.57 2393.73 2283.20 2164.15 2040.53 2096.33 2151.69 2202.26 2106.92 2014.54
1937.93 2119.37 2271.05 2400.01 2363.85 2332.52 2311.09 2256.98 2269.71 2274.31 2327.31 2370.69 2368.15 2285.64 2174.14 2033.72 2031.04 2037.93 2052.99 2147.53 2237.51 2321.28 2346.77 2376.22
2408.97 2371.04 2331.68 2291.11 2348.56 2402.09 2452.96 2462.84 2472.92 2477.71 2457.43 2436.94 2412.00 2356.41 2304.15 2256.75 2182.29 2145.30 2134.83 2127.09 2143.14 2182.60 2211.84 2213.76
2217.48 2234.84 2251.71 2270.23 2266.19 2262.84 2258.99 2178.49 2092.56 1995.10 2004.63 2012.61 2021.11 2061.74 2099.43 2137.91 2163.34 2195.31 2226.50 2225.80 2227.22 2232.43 2223.49 2217.10
2210.77 2198.88 2191.20 2187.78 2191.47 2201.25 2217.24 2242.97 2267.26 2283.14 2342.24 2398.30 2449.64 2484.38 2519.64 2539.71 2508.87 2457.61 2395.57 2415.12 2434.26 2453.68 2487.57 2525.00
2562.88 2581.16 2599.77 2616.23 2569.63 2521.26 2469.57 2452.34 2438.87 2422.80 2302.31 2197.58 2120.51 2098.46 2078.62 2064.86 2099.47 2136.13 2169.47 2180.80 2193.54 2211.09 2206.21 2201.32
2197.74 2183.39 2170.75 2157.29 2075.63 1991.73 1915.13 1883.92 1916.04 1983.42 2035.40 2149.29 2295.67 2344.31 2398.12 2455.90 2435.31 2392.02 2338.27 2398.10 2458.51 2521.07 2524.83 2527.28
2530.74 2512.81 2493.31 2474.74 2400.61 2315.81 2221.33 2224.03 2228.29 2228.43 2198.98 2194.51 2213.94 2188.04 2166.16 2150.66 2157.52 2164.73 2165.81 2074.43 1979.22 1887.49 1814.36 1730.41
1635.63 1716.09 1892.15 2063.00 2035.60 2007.97 1977.95 1963.37 1981.63 2021.56 2031.71 2094.68 2186.27 2253.71 2311.35 2361.68 2330.48 2297.11 2253.45 2228.32 2203.98 2179.72 2186.39 2193.58
2200.33 2254.80 2309.25 2362.99 2395.73 2428.47 2461.84 2519.46 2574.21 2627.80 2646.39 2644.91 2641.41 2642.06 2640.20 2622.67 2601.95 2581.93 2560.34 2524.94 2496.58 2476.98 2459.65 2442.30
2428.07 2331.13 2229.18 2127.51 2094.77 2076.71 2079.17 2162.22 2358.70 2550.11 2597.52 2651.54 2715.64 2718.45 2733.18 2761.25 2724.40 2686.14 2643.07 2621.09 2598.84 2579.29 2505.84 2426.70
2342.33 2323.64 2304.25 2286.77 2284.73 2284.22 2282.06 2342.86 2394.53 2434.48 2403.66 2373.42 2346.32 2367.38 2396.18 2431.34 2398.07 2367.56 2335.15 2269.22 2200.04 2129.38 2148.45 2167.27
2185.64 2146.59 2102.94 2056.02 2037.30 2022.25 2008.25 1976.56 1957.12 1946.10 1900.21 1852.55 1811.73 1779.97 1751.48 1731.13 1508.99 1228.80 1481.46 1298.88 1251.55 1455.82 1569.65 1683.27
1786.58 1828.90 1880.84 1953.09 1999.89 2062.07 2131.95 2055.96 1970.40 1870.53 1942.17 1999.21 2048.37 2126.38 2198.04 2237.77 2225.70 2215.31 2193.64 2180.92 2169.42 2157.14 2155.79 2158.17
2164.52 2171.15 2177.02 2184.14 2198.32 2211.67 2226.80 2257.30 2283.27 2298.07 2357.31 2423.14 2484.13 2515.87 2546.40 2578.20 2531.45 2484.26 2431.37 2460.35 2489.17 2517.77 2543.42 2569.90
2596.55 2562.61 2530.73 2503.35 2404.76 2293.24 2165.96 2003.85 1843.96 1766.76 1792.17 1938.38 2086.58 2074.68 2081.74 2108.98 2030.08 1992.64 2001.31 1963.23 1911.18 1874.75 1789.10 1692.02
1585.49 1583.00 1760.17 1950.03 2031.02 2113.61 2194.67 2259.85 2314.12 2355.54 2460.14 2545.53 2607.68 2646.97 2683.84 2725.05 2660.76 2592.98 2519.53 2471.07 2424.81 2382.47 2349.17 2322.30
2303.40 2035.52 2319.19 2634.81 2817.02 2992.71 3068.09 3117.57 3166.28 3211.39 3201.72 3191.55 3178.03 3154.91 3137.70 3126.33 3050.24 2969.17 2881.18 2852.95 2825.09 2799.01 2747.80 2693.78
2638.71 2567.00 2490.16 2407.08 2291.31 2162.22 2013.43 2016.65 2014.63 2004.84 1833.15 1714.13 1734.46 1794.69 2011.72 2214.20 2241.56 2270.82 2297.89 2290.79 2279.23 2273.53 2270.20 2270.08
2275.02 2291.76 2309.59 2330.26 2399.73 2468.87 2537.31 2625.11 2700.41 2761.88 2820.15 2867.60 2897.55 2913.73 2931.37 2950.73 2910.90 2869.05 2821.95 2831.20 2841.19 2847.61 2825.44 2804.02
2782.42 2767.34 2751.29 2734.76 2704.80 2675.45 2646.23 2624.09 2598.53 2570.85 2536.85 2505.53 2435.46 2418.02 2352.83 2279.86 2125.81 1943.19 1742.82 1762.37 2371.29 2782.91 2906.43 2991.84
3046.65 2953.44 2848.81 2732.15 2787.50 2841.64 2896.02 2886.52 2878.53 2872.23 2851.81 2829.12 2807.59 2718.76 2628.08 2535.55 2460.68 2375.87 2276.15 2188.07 2159.37 2210.07 2132.36 2098.09
2120.17 2066.37 1992.95 1910.88 1979.10 2048.03 2117.04 1973.17 1794.83 1551.22 1408.16 1251.05 1121.57 1386.52 1727.84 2012.29 2094.91 2175.47 2254.09 2312.94 2356.21 2403.53 2434.96 2469.06
2505.03 2449.12 2391.58 2333.66 2251.37 2189.12 2167.73 2184.63 2198.60 2206.24 2075.85 2021.59 2059.12 1986.90 1912.64 1842.08 1862.13 1906.08 1966.12 1868.51 1840.42 1902.82 1939.33 1977.34
1994.34 1998.81 2004.24 2009.34 1904.61 1779.01 1635.71 1401.80 1202.94 1364.28 1486.14 1767.81 1976.71 1847.94 1693.27 1496.41 1428.76 1390.38 1496.44 1422.97 1344.66 1268.97 1563.74 1808.52
1994.89 1960.33 1919.45 1878.00 1988.95 2111.81 2234.92 2227.98 2217.91 2204.42 2181.74 2129.65 2088.91 2046.70 2010.67 1983.34 1865.91 1763.39 1667.81 1794.57 2066.92 2281.64 2285.98 2289.41
2293.71 2281.31 2269.77 2260.35 2273.79 2292.49 2316.78 2219.97 2113.45 1997.32 1687.40 1962.64 2046.69 2237.95 2536.29 2805.53 2860.75 2890.37 2918.14 2917.57 2916.11 2915.52 2852.83 2783.07
2707.57 2695.66 2682.21 2671.15 2505.61 2322.04 2150.74 1930.75 1617.60 1261.26 1497.80 1556.64 1523.47 1562.57 1601.04 1642.28 1432.95 1645.76 1921.69 2044.98 2155.32 2244.60 2206.74 2171.10
2136.37 2045.31 1948.28 1823.07 1830.75 1818.88 1807.97 1659.13 1527.75 1515.01 1737.27 1959.81 2130.43 2243.60 2345.85 2442.11 2397.07 2350.84 2298.33 2303.08 2311.36 2324.13 2287.89 2258.02
2239.29 2225.66 2212.82 2198.10 2240.20 2282.72 2316.96 2335.48 2349.09 2356.08 2424.66 2461.40 2448.09 2480.57 2507.91 2531.41 2487.79 2414.53 2337.42 2309.00 2279.98 2249.92 2207.83 2168.90
2135.29 2061.72 1991.04 1931.60 1989.41 2045.43 2086.36 2022.81 1951.01 1894.39 1926.16 1970.75 2019.32 2002.81 1984.33 1959.20 2001.87 2049.46 2103.77 2120.25 2133.01 2140.27 2137.39 2135.38
2134.75 2123.91 2111.48 2099.85 2090.58 2082.50 2074.99 2035.62 1990.33 1936.82 2100.53 2230.56 2343.55 2376.30 2410.89 2444.63 2403.95 2358.30 2308.37 2305.43 2301.89 2299.54 2354.32 2411.43
2469.31 2427.86 2384.86 2339.29 2317.50 2297.52 2274.77 2328.33 2374.77 2411.29 2453.18 2493.96 2532.05 2528.35 2529.08 2533.56 2512.38 2490.76 2470.19 2485.83 2503.79 2523.18 2529.73 2536.81
2544.33 2517.14 2488.69 2460.37 2401.45 2338.94 2271.12 2236.66 2202.48 2168.45 2119.08 2097.81 2101.15 1953.08 1799.88 1657.23 1399.60 1203.43 1564.05 1650.15 1733.41 1813.53 1868.04 1926.70
1985.11 2013.76 2040.23 2067.91 2044.83 2030.37 2027.80 1972.54 1909.87 1838.08 1884.44 1973.96 2065.54 2138.72 2206.46 2270.19 2203.67 2125.09 2033.87 2028.36 2024.16 2020.84 2080.88 2141.67
2201.79 2271.91 2339.23 2403.29 2367.82 2330.05 2290.35 2216.63 2133.06 2034.25 2103.32 2162.59 2208.51 2207.66 2216.20 2231.53 2160.29 2078.49 1963.18 1968.83 1967.64 1981.62 2185.64 2351.61
2492.95 2563.36 2630.70 2695.77 2569.06 2496.13 2514.02 2352.46 2505.13 2804.28 2815.89 2843.62 2845.57 2844.00 2844.93 2849.99 2797.46 2740.78 2681.10 2723.18 2766.00 2812.00 2794.69 2784.98
2785.46 2761.78 2745.03 2735.17 2692.88 2653.95 2617.12 2590.24 2571.77 2565.74 2561.71 2560.90 2571.87 2555.92 2543.02 2536.51 2439.05 2331.00 2215.11 2200.86 2192.99 2188.39 2224.69 2261.53
2299.30 2276.92 2258.26 2242.24 2310.23 2399.36 2495.90 2461.00 2421.93 2379.51 2308.79 2235.62 2162.33 2215.73 2272.00 2311.13 2305.28 2298.95 2281.80 2144.81 1981.08 1776.28 1823.85 1919.93
2026.63 2111.41 2186.44 2257.13 2219.23 2182.41 2147.96 2111.99 2082.06 2058.07 2123.05 2121.75 2124.78 2124.06 2127.56 2130.06 2183.22 2232.78 2282.31 2205.76 2123.30 2033.67 2052.08 2069.47
2087.38 1985.21 1867.20 1728.38 1777.01 1821.75 1864.94 1956.64 2051.68 2138.61 2246.95 2353.91 2451.30 2430.57 2401.14 2390.64 2295.00 2184.22 2050.81 2084.37 2223.85 2396.18 2400.35 2348.66
2318.02 2211.84 2373.49 2630.47 2714.93 2826.39 2953.96 2885.70 2810.01 2732.01 2640.08 2550.17 2461.61 2359.95 2267.78 2196.48 2095.40 1975.55 1837.13 1741.03 1717.45 1714.76 1898.07 2118.67
2314.23 2273.15 2232.82 2192.29 2226.21 2247.04 2265.75 2245.97 2242.95 2256.63 2406.15 2536.89 2638.35 2658.66 2681.08 2705.16 2707.45 2704.32 2704.02 2724.44 2744.85 2764.80 2766.58 2774.69
2788.83 2793.93 2799.88 2805.55 2830.58 2855.62 2880.91 2858.83 2829.77 2796.04 2738.07 2691.82 2650.52 2540.05 2429.72 2319.66 2254.86 2185.57 2123.92 2036.91 1964.94 1939.22 1795.83 1670.13
1648.45 1821.75 1961.46 2080.71 2055.86 2032.43 2014.30 1976.75 1924.12 1905.70 1610.51 1109.54 1382.43 1673.99 1928.53 2044.19 2100.19 2222.84 2381.89 2516.85 2641.95 2713.13 2659.09 2598.94
2532.97 2548.69 2567.47 2589.62 2521.61 2448.74 2369.07 2374.35 2381.11 2391.28 2223.93 2098.64 2059.67 2055.30 2056.83 2066.00 2090.77 2144.69 2221.32 2206.38 2188.52 2170.25 2151.19 2132.22
2112.20 1794.55 1742.18 1905.23 2055.76 2238.60 2325.24 2339.82 2345.14 2348.52 2464.51 2566.63 2659.21 2599.47 2549.87 2514.00 2413.22 2295.43 2158.91 2196.20 2236.37 2281.25 2411.91 2546.63
2678.09 2684.27 2691.75 2700.44 2677.98 2655.02 2633.01 2697.81 2753.02 2801.23 2754.28 2708.59 2668.15 2614.88 2566.75 2523.78 2470.89 2407.83 2340.57 2389.56 2438.68 2491.28 2477.30 2470.16
2470.62 2487.03 2519.87 2563.19 2569.96 2577.84 2586.64 2582.34 2580.95 2584.00 2494.11 2404.31 2319.17 2312.95 2309.97 2236.54 2310.13 2378.43 2439.25 2205.69 1886.57 1442.47 1504.66 1654.27
1796.69 1298.89 1629.99 1984.01 2038.58 2045.25 2041.10 2079.58 2135.51 2201.57 2164.91 2142.60 2134.77 2136.93 2146.71 2162.86 2001.49 1913.47 2014.44 2056.47 2098.28 2118.66 2131.23 2162.02
2206.78 2211.75 2228.63 2257.63 2227.69 2199.75 2172.48 2118.05 2053.31 1989.63 2147.34 2317.76 2475.00 2465.45 2460.38 2455.11 2445.67 2435.28 2428.39 2373.61 2309.17 2236.87 2262.73 2287.71
2311.31 2190.61 2050.59 1884.88 2123.15 2308.59 2463.86 2412.71 2353.92 2291.51 2266.74 2244.76 2226.79 2186.48 2149.13 2115.73 2164.96 2212.77 2261.59 2240.26 2239.01 2262.29 2182.54 2096.73
2010.39 2089.99 2168.01 2239.29 2174.31 2108.54 2040.41 2031.60 2127.19 2250.98 2413.85 2600.46 2767.55 2771.17 2780.46 2795.79 2772.16 2747.12 2722.41 2688.28 2714.15 2765.77 2736.41 2679.38
2636.98 2569.61 2495.40 2414.26 2374.88 2338.45 2307.72 2273.07 2226.77 2175.54 2218.78 2289.26 2368.30 2255.09 2136.95 2011.00 2000.03 2007.46 2040.75 2055.36 2070.76 2090.37 2077.27 2076.76
2092.95 2163.82 2232.06 2299.13 2264.96 2231.30 2196.27 2160.04 2150.69 2170.83 2318.61 2444.68 2548.53 2553.78 2560.91 2570.74 2466.65 2344.66 2202.04 2236.12 2276.27 2321.51 2282.77 2242.90
2200.51 2185.72 2170.39 2155.82 2127.01 2115.63 2118.70 2077.35 2034.94 1998.21 2085.89 2159.45 2187.06 2220.17 2253.51 2289.31 2320.13 2346.75 2353.32 2364.48 2375.23 2391.39 2348.76 2317.65
2299.86 2284.01 2254.67 2164.61 2132.03 2099.14 2018.42 1892.11 1730.89 1527.41 1634.15 1716.64 1779.78 1692.03 1604.39 1513.17 1514.41 1690.41 1709.64 1719.07 1942.43 2180.35 2344.65 2496.91
2574.27 2590.02 2605.55 2623.51 2632.26 2641.69 2651.77 2678.21 2696.86 2714.73 2656.66 2597.98 2538.47 2458.77 2379.96 2299.85 2247.21 2204.28 2155.96 2108.63 2103.81 2154.85 2143.22 2151.83
2179.03 2154.39 2157.45 2165.16 2212.67 2245.08 2272.68 2158.98 2036.71 1921.20 1893.12 1870.51 1845.98 1869.06 1915.52 1920.80 1981.02 2053.40 2132.42 1905.18 1887.92 2096.94 2101.89 2099.96
2080.00 2110.74 2136.47 2147.12 2164.67 2157.95 2152.75 2197.19 2253.00 2322.13 2209.03 2047.35 1859.34 1864.28 1872.62 1888.57 1958.58 2109.10 2275.34 2363.24 2446.63 2527.25 2514.42 2510.95
2517.72 2538.62 2560.22 2582.73 2625.75 2694.74 2782.57 2845.62 2902.94 2936.51 2947.07 2958.32 2964.63 2987.16 3012.17 3037.88 3002.53 2965.13 2927.28 2928.31 2927.51 2926.87 2948.17 2973.03
3003.30 3010.14 3016.67 3013.62 3011.17 3000.66 2990.95 2954.60 2915.28 2876.36 2840.91 2809.46 2778.33 2768.55 2759.64 2750.61 2733.52 2716.73 2703.56 2597.73 2474.88 2333.39 2307.26 2279.47
2252.14 2242.15 2232.98 2227.57 2176.40 2133.65 2110.31 2182.45 2242.37 2295.02 2344.81 2393.44 2438.99 2387.41 2340.78 2302.06 2266.50 2242.57 2239.24 2145.00 2035.67 1917.06 1898.04 1939.01
2021.19 1845.78 1806.81 1960.64 1759.09 1481.64 1368.61 1644.76 1813.78 1922.50 2145.52 2348.74 2514.20 2547.93 2582.68 2619.91 2595.52 2572.73 2554.88 2504.05 2418.79 2321.06 2373.39 2426.78
2479.89 2517.58 2553.84 2588.14 2584.59 2579.84 2575.46 2580.04 2575.00 2565.88 2579.20 2600.85 2625.64 2579.36 2536.65 2501.21 2462.03 2421.58 2381.71 2368.52 2352.47 2335.81 2398.03 2459.93
2522.66 2535.49 2548.68 2563.02 2458.19 2340.31 2204.26 2130.55 2046.09 1954.95 1959.18 2012.34 2086.13 2014.75 1976.61 1980.37 1923.66 1889.65 1894.46 1960.73 2019.71 2075.82 2117.63 2164.01
2211.91 2267.90 2325.18 2381.94 2423.07 2462.38 2500.58 2532.26 2613.97 2708.99 2672.49 2668.43 2697.58 2610.47 2519.59 2427.48 2317.44 2184.79 2025.88 1894.87 1721.08 1473.60 1258.21 1135.42
1377.91 1789.56 2069.97 2291.52 2331.06 2370.14 2407.67 2417.00 2416.20 2416.58 2387.60 2348.72 2304.55 2370.23 2435.37 2496.78 2417.09 2326.51 2225.88 2306.79 2382.52 2455.52 2410.45 2364.35
2318.87 2411.06 2498.17 2580.39 2585.34 2590.18 2594.28 2496.87 2389.47 2276.48 2297.79 2320.94 2337.65 2345.22 2355.23 2367.03 2360.56 2356.54 2356.60 2346.20 2333.02 2319.20 2293.53 2272.20
2255.48 2280.38 2305.25 2331.27 2309.65 2290.32 2275.64 2344.07 2399.20 2449.98 2443.00 2444.27 2440.20 2452.06 2465.59 2476.74 2405.61 2339.42 2282.81 2346.72 2403.70 2459.60 2528.33 2599.75
2671.76 2719.71 2770.72 2821.64 2887.54 2959.62 3031.01 2911.20 2775.53 2599.24 2613.85 2657.35 2711.77 2717.43 2740.95 2782.19 2754.61 2727.14 2702.42 2681.86 2654.10 2623.89 2603.01 2581.68
2560.03 2499.25 2449.61 2421.05 2419.73 2486.74 2601.48 2569.69 2533.88 2495.53 2538.40 2588.96 2647.23 2611.82 2578.01 2548.56 2449.66 2337.92 2212.12 2231.46 2247.64 2263.97 2309.98 2352.18
2391.04 2427.56 2452.51 2479.29 2426.26 2369.87 2307.29 2412.59 2497.33 2569.13 2544.21 2526.45 2515.22 2499.24 2484.92 2477.31 2383.15 2278.13 2163.77 2198.05 2230.71 2267.21 2273.36 2279.03
2276.09 2291.96 2299.19 2307.08 2311.60 2314.63 2319.71 2186.02 2031.50 1854.14 1737.23 1713.71 1774.03 1699.86 1695.18 1766.29 1678.20 1613.42 1617.15 1571.37 1520.84 1479.87 1459.68 1498.32
1570.38 1514.08 1461.88 1424.50 1445.02 1469.07 1503.45 1481.34 1475.67 1490.26 1080.66 1275.61 1481.69 1288.42 1063.30 1162.31 1210.95 1465.41 1674.21 1585.74 1504.15 1483.03 1570.21 1643.57
1661.56 1548.75 1546.63 1666.12 1773.36 1880.73 1978.80 1852.17 1702.37 1517.32 1285.32 1066.65 1174.12 1429.34 1609.68 1755.82 1747.27 1762.72 1806.59 1804.61 1799.70 1800.15 1803.17 1827.08
1870.40 1947.12 2025.47 2110.95 2084.60 2067.25 2061.40 2027.68 1984.67 1936.93 1984.77 2088.26 2198.67 2215.54 2240.90 2280.16 2245.02 2211.13 2180.78 2186.79 2186.25 2175.31 2179.32 2185.07
2190.49 2095.92 1989.51 1860.82 1763.01 1647.11 1507.03 1358.13 1454.52 1624.41 1794.88 1945.06 2070.93 2068.68 2070.26 2052.41 1955.17 1861.09 1792.68 1770.33 1781.77 1830.82 1731.55 1876.90
2106.64 2099.11 2103.56 2118.75 2174.20 2229.93 2264.46 2161.05 2051.06 1945.04 1920.15 1910.63 1912.22 1885.99 1874.96 1882.68 1845.29 1804.84 1769.00 1787.08 1843.41 1932.15 1954.73 1979.54
2003.61 2047.56 2107.11 2174.62 2127.25 2079.96 2032.55 1933.77 1820.30 1695.43 1749.66 1890.88 2008.07 2018.76 2030.58 2050.34 2096.30 2139.52 2180.28 2192.96 2201.11 2208.11 2211.14 2216.91
2225.78 2257.80 2289.25 2320.72 2323.66 2330.59 2337.02 2325.33 2314.29 2309.20 2330.84 2361.79 2393.56 2387.14 2383.05 2377.52 2370.90 2365.99 2365.81 2338.72 2303.99 2263.70 2324.27 2386.42
2449.23 2430.23 2411.64 2395.19 2320.63 2239.05 2151.25 2215.83 2272.35 2319.77 2258.38 2199.94 2146.14 2069.62 1994.44 1924.94 1824.14 1718.22 1622.58 1501.73 1588.80 1422.73 1513.63 1755.96
1968.44 2110.19 2249.85 2347.60 2358.33 2368.91 2379.90 2371.45 2359.40 2345.38 2341.04 2337.93 2336.54 2341.03 2348.80 2362.81 2355.27 2349.12 2346.61 2315.34 2272.40 2224.67 2222.89 2223.22
2225.38 2208.28 2191.25 2176.73 2166.32 2154.81 2143.35 2136.49 2126.37 2112.33 1911.61 1673.99 1409.02 1477.87 1547.23 1619.25 1727.93 1830.61 1936.66 1989.76 2070.55 2175.66 2161.11 2162.55
2183.12 2175.00 2167.20 2159.81 2161.04 2162.53 2163.40 2225.31 2279.51 2324.99 2335.77 2347.69 2341.07 2346.97 2355.59 2366.48 2315.28 2260.81 2206.30 2233.80 2240.43 2247.50 2252.21 2258.65
2264.85 2248.74 2232.11 2215.63 2198.67 2180.99 2161.37 2283.34 2378.76 2454.44 2481.61 2506.07 2529.77 2542.80 2557.39 2574.43 2561.43 2540.32 2525.54 2501.12 2468.49 2433.12 2397.98 2363.08
2326.11 2305.03 2285.92 2268.88 2274.07 2281.39 2290.83 2358.76 2433.24 2503.71 2502.55 2501.85 2494.33 2516.16 2541.43 2572.47 2552.38 2531.51 2515.17 2504.79 2483.09 2456.03 2462.01 2466.93
2473.68 2442.73 2411.93 2379.48 1934.71 1711.46 1908.36 2256.65 2556.83 2798.69 2824.50 2848.44 2866.23 2848.97 2837.22 2833.22 2805.22 2776.06 2746.88 2750.78 2748.37 2747.18 2688.60 2628.26
2567.17 2577.09 2588.09 2603.34 2530.13 2448.69 2359.39 2454.26 2534.37 2604.77 2546.36 2490.58 2437.11 2405.60 2378.37 2358.11 2367.06 2379.18 2397.84 2349.37 2290.08 2225.76 2232.57 2238.55
2243.28 2151.24 2058.72 1966.95 1926.32 1886.72 1849.37 1768.53 1719.79 1655.25 1446.57 1263.81 1362.60 1377.60 1542.10 1679.47 1712.72 1754.44 1800.89 1742.01 1769.42 1881.55 1979.87 2081.58
2183.00 2232.87 2280.98 2285.74 2247.76 2218.64 2199.17 2219.45 2239.95 2254.08 2239.45 2192.13 2135.23 2118.62 2116.90 2128.25 2066.66 2058.15 2118.92 2178.18 2225.26 2273.55 2247.46 2220.23
2192.06 2188.03 2184.91 2182.52 2164.43 2148.54 2132.78 2177.31 2222.20 2266.01 2358.65 2437.47 2492.54 2555.45 2623.59 2689.33 2690.17 2693.70 2698.79 2688.58 2678.96 2674.70 2693.57 2717.38
2745.86 2710.10 2674.70 2639.28 2520.51 2382.62 2219.79 2210.98 2205.62 2196.53 1816.22 1572.43 1867.52 1618.87 1588.87 1889.46 1912.10 1933.16 1939.71 1990.08 2036.19 2086.07 2083.15 2080.52
2075.92 2077.09 2077.03 2077.16 2057.49 2054.78 2071.05 2087.54 2098.25 2100.87 2092.51 2104.36 2130.72 2137.99 2147.66 2162.41 2148.02 2133.90 2120.57 2132.22 2133.25 2133.88 2112.34 2096.68
2085.20 2121.91 2169.74 2220.09 2217.88 2218.53 2223.01 2123.79 2016.14 1916.18 1792.70 1839.87 1977.93 2113.90 2280.63 2428.97 2395.52 2367.76 2348.75 2271.28 2165.58 2039.00 2030.47 2023.26
2019.43 1954.45 1942.75 1991.65 1967.03 1942.52 1917.68 1808.50 1726.41 1682.16 1203.49 1230.84 1598.18 1450.84 1519.72 1707.81 1740.25 1780.09 1822.21 1878.69 1931.45 1920.96 1790.29 1627.16
1421.40 1312.88 1605.74 1898.43 1935.01 1972.68 2006.10 2068.12 2128.55 2180.97 2174.72 2161.96 2154.54 2187.54 2205.50 2234.63 2145.03 2036.06 1903.94 1988.59 2064.88 2140.64 2088.55 2034.00
1981.68 1893.82 1791.37 1672.01 1592.00 1504.34 1422.84 1477.80 1540.34 1585.67 1583.70 1635.99 1719.44 1747.39 1784.40 1831.79 1838.89 1853.62 1880.32 2001.70 2095.65 2178.97 2174.76 2170.01
2164.91 2238.23 2308.11 2374.11 2393.84 2414.23 2433.07 2483.52 2526.16 2559.56 2560.30 2564.44 2570.84 2569.24 2568.46 2571.28 2590.04 2610.74 2632.16 2653.20 2667.05 2679.59 2697.88 2718.31
2741.71 2655.09 2558.00 2450.80 2348.56 2235.04 2113.80 2026.77 2142.41 2328.37 2419.00 2507.30 2567.15 2483.57 2397.30 2304.76 2150.16 1960.32 1711.56 1804.40 1955.28 2120.31 2074.01 2037.78
2039.06 2051.65 2084.38 2132.82 2193.88 2253.05 2310.52 2398.90 2469.48 2521.90 2542.59 2564.25 2588.08 2577.76 2571.07 2569.98 2540.60 2511.52 2482.42 2418.70 2352.08 2302.51 2391.36 2476.23
2557.04 2546.56 2536.20 2523.59 2577.62 2631.38 2683.48 2731.91 2785.43 2845.26 2839.64 2788.13 2735.45 2559.27 2415.26 2366.97 2348.43 2345.03 2354.86 2516.39 2729.99 2949.30 2991.46 3033.69
3056.95 3011.08 2970.04 2936.10 2826.04 2710.48 2593.80 2591.07 2587.69 2582.49 2506.80 2432.42 2359.88 2292.73 2239.14 2204.91 2055.03 1901.06 1802.82 1841.34 2038.00 2231.66 2240.81 2253.91
2269.28 2261.41 2254.40 2248.82 2262.24 2276.15 2288.94 2341.90 2399.66 2449.68 2505.73 2562.13 2612.57 2624.49 2638.12 2647.20 2618.66 2589.85 2562.93 2536.90 2497.01 2451.34 2470.09 2491.22
2516.27 2482.63 2446.35 2407.65 2387.07 2366.22 2343.89 2395.93 2440.02 2474.17 2488.95 2504.58 2522.23 2522.59 2531.81 2549.79 2543.67 2539.41 2535.25 2578.93 2614.77 2651.33 2608.87 2570.61
2539.10 2497.96 2455.69 2410.74 2356.08 2297.80 2233.96 2280.78 2321.31 2358.15 2367.70 2377.81 2375.84 2369.56 2375.35 2391.44 2386.78 2385.01 2386.59 2388.36 2381.88 2372.37 2264.16 2192.35
2191.90 2072.65 1940.48 1814.92 1629.40 1440.31 1501.37 1588.23 2220.17 2568.03 2600.22 2635.22 2625.61 2641.35 2660.16 2680.28 2610.09 2535.43 2455.84 2374.07 2266.11 2130.12 2154.79 2182.27
2196.30 2241.29 2263.17 2286.97 2286.21 2284.76 2283.47 2380.31 2466.84 2539.42 2552.86 2569.95 2590.94 2575.06 2561.36 2551.83 2476.52 2394.25 2301.07 2265.24 2215.99 2166.29 2072.06 1998.92
1975.34 1925.08 1870.61 1812.21 1730.65 1639.43 1527.14 1498.50 1545.98 1626.86 1841.40 1994.37 2113.19 2118.60 2136.19 2164.98 2135.51 2107.11 2081.34 2134.44 2175.50 2223.32 2215.42 2207.27
2199.60 2244.28 2287.82 2329.21 2280.15 2227.78 2170.14 2212.68 2258.44 2297.26 2370.57 2431.92 2468.63 2491.98 2514.52 2540.04 2531.08 2517.82 2507.79 2480.02 2439.11 2391.24 2396.44 2403.72
2414.88 2414.23 2414.58 2417.15 2360.05 2298.42 2229.15 2259.41 2285.10 2305.57 2233.70 2165.79 2102.62 2151.96 2201.36 2255.50 2250.35 2245.30 2240.51 2196.55 2130.83 2053.20 2065.66 2078.96
2093.05 2049.56 2005.20 1959.42 2038.85 2125.18 2210.32 2188.33 2186.72 2199.37 2174.29 2164.77 2175.15 2111.96 2051.12 2000.46 1850.97 1661.03 1393.32 1358.25 1508.23 1517.12 1478.31 1553.55
1682.32 1802.00 1922.23 1866.05 1747.03 1665.04 1605.63 1450.35 1502.38 1654.13 1733.71 1693.09 1719.78 1742.64 1770.40 1803.74 1857.36 1916.66 1979.05 1955.21 1919.23 1859.49 1833.39 1839.92
1905.38 1870.70 1880.31 1932.03 1933.43 1946.42 1969.52 1971.14 1972.50 1966.94 1972.76 1994.02 2023.98 2088.67 2153.74 2217.53 2153.64 2080.73 2003.55 2060.19 2110.84 2149.67 2153.73 2158.74
2164.53 2147.53 2164.01 2196.13 2183.82 2181.63 2188.23 2160.22 2141.08 2127.26 2056.20 2023.50 2028.68 1991.95 1976.73 1987.51 1980.96 1978.81 1981.82 2056.56 2122.81 2191.67 2180.34 2169.97
2162.05 2155.27 2149.77 2141.97 2174.08 2209.94 2243.13 2259.20 2275.31 2286.73 2316.39 2353.79 2382.47 2337.75 2296.99 2259.22 2138.34 1993.95 1813.05 1842.13 1911.09 2015.98 1907.34 1810.55
1765.56 1829.41 1857.63 1791.82 1881.84 1973.93 2034.68 1987.89 1921.44 1857.32 1932.18 1999.08 2100.88 2160.07 2219.49 2279.42 2299.71 2321.72 2347.40 2357.52 2357.83 2356.38 2408.24 2462.12
2519.14 2498.56 2477.20 2454.93 2414.86 2373.06 2324.31 2322.45 2317.83 2306.70 2323.57 2345.19 2376.92 2357.40 2346.01 2336.20 2259.57 2182.10 2113.94 2109.17 2071.38 2038.41 2031.28 2026.09
2020.19 2084.80 2145.00 2203.34 2212.32 2220.35 2224.64 2284.13 2342.15 2393.09 2439.80 2483.71 2528.98 2517.75 2508.27 2507.71 2504.99 2502.61 2502.54 2499.06 2493.44 2491.31 2399.64 2295.19
2175.35 2183.44 2207.14 2241.53 2148.94 2055.15 1963.28 1914.70 1988.27 1995.77 2056.22 2112.45 2171.75 2215.48 2251.18 2293.04 2205.68 2107.89 2001.29 1988.20 1968.86 1946.01 2042.22 2135.20
2223.07 2109.18 1975.17 1812.86 1842.11 1910.75 1999.16 1660.62 1557.41 1592.30 1541.65 1541.47 1569.81 1355.70 1030.86 992.69 1286.95 1446.55 1600.37 1670.04 1739.09 1815.98 1827.61 1840.60
1852.33 1886.94 1919.93 1953.74 1931.90 1913.19 1893.98 1871.05 1849.70 1828.34 1868.18 1912.84 1977.13 2028.52 2078.99 2128.16 2078.14 2027.84 1976.06 1867.25 1794.36 1838.83 1848.78 1871.43
1903.98 1958.49 2011.94 2064.13 2094.63 2126.40 2157.38 2192.80 2223.45 2245.52 2226.71 2214.02 2207.62 2170.46 2144.65 2133.44 2084.69 2034.23 1984.09 2001.57 2006.38 2011.66 1943.30 1890.81
1872.27 1907.08 1943.42 1979.66 1951.86 1951.80 1976.60 1954.15 1945.17 1935.21 1955.54 1983.65 2015.85 2026.63 2039.89 2058.60 2094.20 2135.49 2184.49 2160.58 2112.78 2056.31 2065.87 2076.34
2089.40 2122.85 2165.08 2213.39 2152.36 2085.76 2005.03 1966.53 1936.20 1903.55 1865.95 1858.12 1861.87 1894.23 1932.53 1978.33 2004.52 2040.55 2088.45 2092.19 2082.58 2068.23 2051.27 2036.07
2024.50 2008.97 2000.91 2001.22 1937.91 1916.78 1943.86 1881.54 1866.91 1869.75 1991.89 2091.23 2189.60 2220.59 2257.90 2315.74 2333.14 2351.79 2373.61 2349.17 2317.36 2286.09 2331.31 2374.91
2416.84 2354.19 2285.58 2207.60 2120.37 2022.81 1910.02 1893.54 1920.81 1980.25 1973.31 1996.55 1802.93 2040.69 2216.05 2345.02 2362.14 2377.92 2386.40 2330.79 2259.83 2179.26 2134.30 2089.27
2045.56 1898.59 1772.92 1766.36 1779.33 1724.32 1778.92 1826.70 2022.08 2197.36 2292.36 2390.83 2479.20 2473.35 2470.89 2475.21 2498.77 2523.93 2552.54 2555.21 2548.61 2539.26 2524.03 2508.34
2491.38 2495.96 2499.96 2504.11 2504.82 2510.42 2513.89 2471.66 2429.03 2395.69 2385.22 2381.54 2391.95 2387.39 2389.88 2403.22 2363.58 2323.67 2281.51 2229.34 2174.43 2122.90 2083.07 2017.61
1943.11 1874.01 1799.83 1702.81 1588.33 1539.85 1606.31 1771.98 1836.88 1905.16 1810.89 1740.49 1706.81 1580.29 1463.13 1386.93 1531.85 1652.81 1758.20 1899.03 2038.30 2171.34 2145.58 2104.74
2060.92 2002.99 1948.24 1906.68 1924.34 1952.95 1986.90 1890.60 1790.79 1686.62 1695.52 1715.01 1741.31 1677.44 1611.41 1490.88 1425.75 1416.60 1488.86 1495.15 1510.05 1544.55 1459.68 1357.80
1260.63 1443.65 1708.42 1911.05 1952.68 1995.83 2032.24 1926.68 1815.31 1692.10 1778.34 1822.11 1864.93 1778.05 1701.51 1645.68 1706.90 1776.01 1850.28 1895.45 1960.52 2046.59 2033.50 1995.28
1950.39 1880.18 1821.32 1789.27 1734.36 1680.42 1623.23 1564.85 1626.38 1713.51 1807.52 1865.46 1923.37 1762.80 1617.72 1565.27 1724.42 1856.39 1954.57 1994.40 2040.75 2097.13 2080.22 2066.20
2056.94 2047.17 2039.17 2032.53 2005.07 1978.48 1946.49 1887.77 1832.63 1776.08 1784.76 1794.60 1809.05 1766.13 1741.16 1748.19 1786.26 1835.59 1897.17 1945.60 1992.52 2049.32 2042.71 2043.07
2053.11 2045.65 2040.35 2035.67 2002.51 1973.66 1942.14 2041.26 2120.77 2179.56 2171.85 2167.81 2169.56 2168.20 2177.76 2197.80 2201.01 2206.92 2217.82 2188.04 2141.23 2080.47 2113.79 2148.44
2182.43 2215.71 2248.54 2282.71 2281.55 2281.49 2276.72 2314.96 2344.98 2364.08 2382.48 2401.44 2422.23 2435.59 2454.16 2479.48 2499.39 2520.11 2545.08 2535.15 2511.94 2483.79 2494.95 2512.04
2533.99 2506.18 2477.20 2447.38 2439.90 2435.06 2427.65 2453.38 2474.39 2496.80 2463.11 2453.40 2482.41 2405.17 2344.22 2293.17 2331.33 2370.02 2409.19 2360.47 2294.37 2214.16 2261.22 2310.23
2361.98 2267.08 2164.55 2055.05 1931.42 1809.77 1731.96 1751.07 1888.77 2088.37 2093.06 2120.31 2127.19 2116.72 2119.38 2137.28 2111.00 2098.70 2105.29 2118.43 2124.51 2129.60 2120.56 2111.88
2100.42 2126.75 2152.47 2175.36 2202.18 2227.13 2239.62 2221.83 2251.43 2306.46 2379.79 2470.17 2561.48 2558.81 2560.10 2565.95 2612.10 2657.82 2707.03 2699.69 2684.65 2665.34 2665.61 2665.23
2665.07 2634.48 2603.36 2571.20 2591.14 2611.00 2625.46 2564.15 2517.12 2476.19 2429.00 2452.63 2520.33 2494.24 2476.27 2465.47 2424.82 2391.50 2368.22 2328.23 2264.43 2193.07 2198.11 2203.32
2207.48 2187.65 2168.40 2148.97 2076.90 2014.72 1957.76 1999.52 2031.51 2046.36 2071.99 2101.78 2132.22 2219.08 2303.24 2384.59 2403.97 2423.56 2446.50 2422.75 2382.17 2331.64 2333.12 2333.64
2334.47 2328.86 2322.85 2317.87 2321.17 2327.41 2329.78 2333.50 2335.08 2329.71 2336.66 2347.58 2359.76 2372.79 2395.69 2429.09 2446.83 2466.04 2488.25 2483.94 2473.01 2459.05 2454.29 2455.34
2464.37 2415.82 2363.43 2305.74 2277.41 2248.09 2209.26 2235.02 2254.84 2263.71 2336.07 2405.33 2471.42 2441.12 2417.91 2404.92 2390.52 2376.69 2364.74 2325.68 2269.68 2198.75 2150.95 2099.02
2042.85 2037.90 2033.27 2030.50 2065.02 2097.58 2121.95 2157.40 2189.73 2212.90 2244.11 2288.82 2344.15 2305.91 2274.50 2251.00 2252.94 2274.17 2314.77 2287.89 2245.34 2190.55 2200.05 2213.51
2231.65 2179.69 2128.03 2080.31 2091.32 2108.90 2124.30 2113.63 2102.33 2084.18 2125.91 2179.38 2237.22 2197.63 2169.11 2155.78 2133.31 2126.35 2138.65 2138.83 2128.47 2109.27 2104.70 2102.02
2101.77 2112.79 2130.16 2153.68 2138.19 2123.45 2099.93 2113.52 2123.40 2114.96 2214.97 2310.92 2402.67 2405.32 2417.83 2435.96 2423.48 2414.37 2410.88 2393.85 2363.96 2328.84 2353.20 2377.94
2405.49 2372.87 2337.88 2301.32 2292.27 2284.71 2269.57 2329.06 2387.41 2435.60 2457.66 2477.61 2500.37 2481.77 2468.56 2469.64 2450.20 2429.08 2403.70 2354.60 2290.41 2211.03 2301.18 2387.84
2471.03 2414.15 2351.19 2282.83 2236.64 2187.88 2127.91 2135.57 2140.51 2146.44 2157.93 2189.96 2259.03 2122.05 1972.40 1826.43 1631.42 1483.21 1601.79 1510.68 1672.70 1946.72 1922.42 1896.12
1872.02 1856.76 1844.33 1834.02 1894.95 1952.57 1940.83 1998.76 2047.82 2085.47 2105.38 2126.70 2148.89 2111.27 2078.79 2056.21 2021.17 1992.10 1973.81 1892.80 1783.13 1642.79 1690.39 1775.63
1877.96 1852.14 1835.66 1833.00 1628.95 1386.65 1415.02 1313.61 1213.47 1121.68 912.16 1163.72 1323.29 1367.05 1439.55 1515.55 1506.77 1502.23 1511.44 1522.45 1523.44 1516.76 1593.71 1672.90
1748.68 1715.53 1681.39 1644.57 1567.81 1477.63 1349.50 1304.42 1313.73 1339.42 1338.51 1395.74 1462.39 1481.42 1515.00 1558.46 1496.88 1504.89 1604.65 1630.73 1650.01 1668.54 1719.47 1775.98
1832.13 1753.87 1688.55 1659.97 1437.81 1529.57 1759.04 1693.60 1637.13 1612.88 1592.85 1584.27 1595.97 1518.78 1508.90 1587.63 1707.44 1781.52 1853.75 1812.57 1765.77 1729.05 1737.41 1749.35
1764.58 1758.25 1811.22 1902.84 1898.85 1894.78 1882.11 1864.99 1856.67 1846.54 1744.07 1642.10 1529.83 1564.28 1645.84 1756.96 1664.05 1598.09 1575.75 1662.98 1712.20 1757.14 1809.95 1877.95
1950.80 1930.32 1908.84 1886.53 1860.75 1836.19 1800.80 1809.04 1841.48 1881.74 1741.90 1588.67 1423.63 1357.09 1400.68 1510.12 1657.09 1789.26 1912.02 1942.26 1964.98 1983.92 1950.99 1917.28
1880.19 1857.19 1851.52 1865.71 1844.36 1825.33 1798.16 1828.18 1863.04 1890.61 1936.21 1939.51 1965.77 1965.10 1973.35 1986.97 1949.29 1923.38 1890.08 1874.75 1888.91 1943.22 1944.29 1950.74
1961.20 1851.33 1795.65 1884.72 1791.20 1695.31 1598.05 1657.09 1721.41 1774.45 1671.87 1558.98 1529.45 1605.83 1737.48 1885.35 1712.75 1534.95 1512.56 1196.13 1531.15 1898.37 1881.35 1870.67
1867.22 1853.47 1857.39 1876.57 1919.19 1959.59 1992.34 1991.42 2001.91 2019.32 2030.51 2037.95 2046.44 2063.64 2093.29 2125.14 2122.75 2123.07 2126.27 2095.46 2052.65 1998.71 1985.37 1971.05
1946.85 1925.76 1891.34 1863.29 1838.22 1834.24 1830.13 1692.80 1647.12 1699.80 1646.63 1597.24 1548.50 1598.91 1649.91 1699.35 1732.68 1780.25 1837.77 1829.24 1849.20 1907.34 1854.29 1794.34
1728.08 1666.79 1598.26 1521.11 1496.36 1482.48 1472.19 1565.27 1635.22 1688.35 1515.12 1590.73 1854.22 1847.86 1843.01 1799.41 1820.17 1845.59 1874.78 1918.45 1969.99 2028.13 2200.44 2350.26
2483.10 2514.22 2522.18 2531.06 2544.19 2558.00 2566.29 2544.90 2523.22 2500.15 2449.03 2401.86 2350.36 2358.38 2362.95 2370.15 2353.68 2340.46 2326.45 2278.64 2212.68 2128.87 2122.91 2116.83
2110.92 2101.12 2092.04 2085.70 2020.82 1949.69 1861.79 1658.20 1628.40 1748.78 1772.01 1805.43 1780.55 1642.45 1493.41 1342.81 1450.97 1605.74 1758.70 1829.10 1893.34 1949.53 1949.01 1951.94
1961.86 1969.97 2011.97 2075.86 1968.10 1843.00 1678.81 1624.61 1679.50 1762.35 1825.90 1937.48 2075.41 2024.46 2071.67 2178.43 2162.21 2176.46 2205.56 2178.87 2137.02 2069.53 2055.48 2021.79
1986.85 1961.00 1934.04 1907.01 1894.64 1883.46 1859.88 1813.42 1767.71 1721.26 1637.65 1578.96 1549.25 1596.10 1648.78 1703.95 1798.64 1915.44 2038.64 2022.63 2004.57 1989.59 2025.66 2062.40
2099.40 2080.66 2065.67 2056.35 1995.10 1943.89 1900.71 1978.24 2069.08 2146.71 2164.16 2196.14 2238.45 2258.21 2280.08 2300.20 2290.66 2284.59 2279.69 2264.59 2240.74 2207.99 2257.24 2306.18
2356.50 2358.95 2362.38 2367.42 2363.12 2358.93 2345.49 2338.85 2330.57 2317.14 2315.41 2314.82 2315.27 2314.95 2318.39 2325.49 2323.43 2323.22 2328.68 2316.06 2290.15 2257.70 2362.29 2459.25
2549.14 2402.62 2229.02 1998.74 2154.13 2308.21 2437.52 2413.30 2386.81 2362.43 2304.07 2248.54 2192.66 2121.03 2051.92 2018.10 2056.18 2097.32 2139.07 2079.02 2009.03 1934.41 1939.79 1942.24
1944.97 1989.24 2038.92 2091.31 2086.18 2081.49 2072.92 2073.10 2071.21 2065.46 1972.51 1885.82 1807.54 1707.34 1642.58 1638.82 1554.29 1499.98 1453.22 1246.13 1547.43 1831.27 1850.54 1871.68
1894.40 1874.53 1859.70 1852.79 1776.54 1719.62 1687.55 1568.37 1502.12 1404.66 1296.50 1184.98 1056.29 886.03 911.12 1077.12 1167.16 1298.34 1461.16 1661.67 1827.66 1970.64 1975.41 1974.80
1974.63 1868.14 1746.41 1603.63 1787.22 1938.79 2060.60 2089.83 2127.33 2166.28 2152.57 2143.10 2136.19 2066.88 1997.76 1934.19 1889.30 1837.85 1782.45 1581.48 1426.83 1629.29 1319.23 1332.84
1745.17 1540.67 1457.09 1646.00 1595.34 1652.09 1774.56 1798.13 1814.46 1822.36 1851.19 1878.25 1902.47 1967.51 2030.63 2091.23 2093.82 2099.91 2108.46 2106.52 2098.12 2081.12 2144.08 2208.32
2274.61 2284.06 2293.41 2305.63 2310.39 2315.67 2311.18 2310.70 2307.57 2299.16 2297.24 2294.88 2291.58 2276.59 2266.37 2258.98 2249.02 2243.53 2241.62 2253.57 2251.28 2240.49 2265.38 2293.49
2325.31 2331.99 2340.42 2349.88 2348.52 2346.97 2337.19 2333.38 2325.33 2313.42 2300.17 2289.00 2282.66 2252.54 2228.47 2219.35 2211.66 2209.19 2207.35 2211.44 2209.76 2202.25 2231.98 2260.89
2290.99 2322.51 2353.97 2387.11 2397.73 2409.66 2414.17 2438.86 2463.52 2482.53 2412.35 2344.13 2283.64 2250.44 2226.93 2188.37 2151.49 2088.01 2025.82 1810.97 1695.77 1672.31 1734.58 1758.18
1962.71 1904.39 1862.25 1853.53 1638.03 1334.07 1329.52 1242.91 1186.69 1166.41 1138.14 1201.92 1283.16 1433.42 1567.20 1696.06 1764.50 1832.76 1900.46 1858.49 1801.76 1737.27 1758.42 1791.77
1840.24 1840.10 1841.45 1847.78 1904.85 1959.91 2001.92 1968.62 1934.74 1887.54 1875.62 1864.47 1862.34 1909.43 1961.48 2014.77 2050.37 2089.68 2131.26 2114.91 2083.25 2036.29 2010.34 1982.34
1952.32 1941.61 1929.73 1917.64 1877.87 1838.93 1789.46 1898.58 1985.89 2050.00 2061.52 2072.72 2082.62 2090.82 2110.51 2139.47 2146.11 2156.17 2161.12 2126.59 2076.10 1999.63 1981.77 1965.50
1952.98 1931.24 1911.03 1891.48 1847.77 1802.02 1743.33 1805.08 1859.13 1899.19 1918.89 1924.45 1929.89 1884.46 1858.25 1850.99 1919.84 1992.89 2054.89 2043.44 2017.95 1980.44 1971.14 1961.85
1951.51 1950.15 1948.00 1946.71 1926.80 1916.21 1904.44 1950.62 1990.04 2016.79 1997.32 1981.69 1964.62 1905.33 1864.55 1841.14 1816.60 1795.90 1779.06 1854.55 1921.39 1980.48 1971.90 1953.75
1934.32 1875.05 1819.83 1777.11 1624.69 1430.53 1206.97 1148.07 1286.77 1397.17 1168.47 824.60 833.03 1175.12 1367.92 1521.47 1663.80 1793.89 1915.60 1925.18 1940.85 1953.56 1949.32 1932.42
1913.57 1837.16 1750.19 1650.60 1634.83 1625.43 1597.77 1571.79 1565.07 1565.98 1685.36 1782.16 1877.64 1947.26 2015.09 2086.55 2110.11 2135.82 2162.44 2105.12 2031.73 1936.01 1898.78 1877.61
1876.21 1863.68 1850.89 1835.33 1846.78 1858.69 1865.83 1838.93 1842.91 1888.54 1836.24 1788.13 1734.98 1813.91 1882.98 1971.94 2010.09 2049.56 2090.64 2053.89 1997.16 1918.44 1911.23 1904.51
1899.09 1890.82 1888.69 1896.42 1942.10 1987.84 2024.02 1987.23 1973.35 1968.85 1942.31 1919.54 1900.57 1907.60 1934.36 1977.70 2052.97 2132.52 2215.63 2184.09 2140.76 2081.30 2067.18 2054.93
2049.78 2000.37 1954.41 1917.29 1929.19 1942.70 1948.79 1982.00 2014.04 2036.16 2023.31 2013.25 2008.84 2037.43 2069.39 2109.42 2177.71 2247.28 2319.06 2268.57 2200.13 2109.84 2093.58 2073.33
2051.77 1989.25 1933.18 1889.57 1959.15 2022.53 2073.04 2050.57 2073.50 2112.60 2081.23 2052.53 2028.35 2052.18 2078.90 2114.94 2127.26 2144.92 2168.43 2114.43 2039.55 1941.07 1945.02 1947.34
1949.99 1969.41 1992.16 2018.03 2057.91 2096.06 2124.26 2106.54 2098.27 2089.88 2073.90 2062.08 2056.61 1988.44 1922.71 1859.63 1871.25 1896.40 1936.75 1948.08 1950.96 1949.08 1931.94 1914.60
1897.44 1883.49 1870.02 1857.08 1816.98 1775.49 1718.50 1705.07 1729.45 1763.71 1607.58 1514.90 1531.99 1451.13 1442.87 1536.80 1376.39 1303.15 1475.06 1337.80 1547.89 1812.83 1770.85 1729.51
1690.79 1609.85 1539.60 1504.99 1341.75 1401.57 1326.76 1001.42 1066.50 1266.57 1239.00 1243.79 1271.09 1172.20 1063.24 949.83 1066.20 1419.10 1653.36 1731.32 1804.63 1870.74 1872.53 1883.64
1904.89 1885.20 1863.98 1843.18 1817.80 1792.03 1755.70 1734.48 1737.71 1745.93 1741.94 1752.63 1771.12 1793.97 1822.29 1874.43 1823.75 1766.45 1706.47 1778.98 1852.89 1926.45 1918.51 1912.84
1908.95 1918.25 1930.87 1945.81 1957.74 1972.84 1981.65 1984.08 2005.61 2029.65 1941.67 1854.71 1765.63 1824.57 1883.75 1943.02 1966.19 1993.84 2025.59 2011.10 1984.84 1945.44 1936.09 1924.76
1913.46 1883.82 1851.13 1815.41 1780.06 1745.81 1702.81 1651.57 1620.03 1592.34 1507.95 1478.57 1578.36 1607.89 1643.67 1688.43 1660.57 1646.25 1672.01 1732.40 1788.71 1842.94 1856.28 1856.93
1864.43 1869.78 1884.86 1910.66 1914.17 1917.89 1913.39 1976.59 2024.64 2054.42 2046.76 2056.83 2079.92 2010.86 1939.86 1868.54 1870.99 1877.21 1888.41 1915.00 1938.14 1959.14 1959.60 1966.74
1980.28 1987.22 1995.91 2005.79 1981.67 1957.20 1922.84 1917.18 1915.32 1907.29 1887.58 1866.88 1845.33 1880.06 1905.78 1931.39 1937.63 1949.25 1968.15 1978.25 1978.51 1969.53 1938.22 1904.64
1867.14 1894.12 1928.69 1969.63 1960.63 1950.42 1931.65 1920.26 1909.30 1893.10 1892.64 1910.46 1944.98 2022.31 2093.72 2167.45 2176.52 2187.90 2201.35 2133.40 2039.64 1909.77 1912.27 1913.18
1913.72 1906.29 1903.35 1902.94 1910.28 1931.43 1954.35 2037.34 2103.56 2160.02 2149.20 2147.66 2139.12 2136.55 2138.05 2142.72 2157.02 2175.21 2201.02 2119.84 2012.18 1871.41 1837.49 1817.68
1816.93 1781.88 1762.01 1763.76 1737.30 1787.98 1859.48 1839.75 1838.89 1840.20 1792.80 1743.37 1697.42 1628.01 1556.45 1480.66 1452.07 1460.46 1510.44 1465.13 1483.71 1577.02 1662.80 1745.41
1825.42 1871.40 1917.07 1960.31 1957.29 1954.32 1942.98 2014.17 2086.22 2135.62 2010.28 1883.22 1750.72 1695.93 1670.65 1678.54 1720.31 1770.24 1828.92 1885.55 1935.42 1977.48 1973.86 1970.31
1967.08 2031.47 2099.77 2169.87 2198.79 2227.56 2248.96 2253.67 2256.01 2244.08 2192.04 2144.30 2099.93 2089.85 2087.61 2093.85 2100.15 2114.61 2140.28 2117.28 2076.24 2014.22 2085.66 2157.21
2226.80 2212.49 2198.09 2186.68 2201.61 2216.35 2225.28 2256.03 2278.11 2284.78 2246.30 2210.17 2176.13 2148.92 2125.88 2107.66 2126.13 2153.93 2191.70 2170.67 2129.63 2068.57 2071.40 2075.56
2080.59 2063.87 2049.55 2036.28 2081.20 2123.80 2158.43 2176.53 2187.38 2185.25 2151.27 2120.81 2092.32 2081.74 2075.18 2073.93 2074.41 2077.59 2086.00 2083.68 2071.67 2052.29 2094.25 2142.32
2194.98 2190.91 2188.60 2187.51 2185.19 2183.51 2176.30 2190.95 2195.31 2186.38 2142.00 2101.31 2063.21 2022.55 1985.15 1951.26 1960.02 1978.21 2008.27 2026.91 2034.77 2031.84 2010.57 1989.65
1970.24 1977.44 1984.05 1991.29 2004.78 2019.32 2027.60 2016.81 2000.11 1975.95 1891.39 1810.70 1737.83 1703.64 1679.15 1660.46 1698.99 1758.01 1834.41 1891.67 1940.64 1984.85 1952.79 1915.52
1874.37 1855.43 1844.30 1845.30 1791.77 1741.68 1690.68 1597.64 1690.72 1822.85 1816.20 1882.36 1999.78 2054.51 2121.07 2195.66 2239.86 2290.18 2347.34 2297.36 2200.24 2069.66 2055.38 2041.41
2030.00 2030.85 2031.85 2032.11 2013.45 1994.74 1967.81 2013.43 2059.45 2093.20 2021.16 1954.70 1894.10 1949.10 2003.15 2053.69 2088.25 2136.34 2192.20 2160.81 2105.67 2023.98 2031.22 2037.04
2038.83 2032.60 2026.09 2020.45 2002.53 1977.29 1941.52 1884.16 1850.00 1842.22 1758.97 1685.17 1621.23 1618.70 1620.50 1622.50 1615.77 1621.12 1641.10 1756.68 1859.06 1951.84 1937.63 1923.03
1906.07 1851.16 1798.80 1753.77 1666.05 1581.62 1514.26 1554.30 1592.82 1617.29 1589.09 1661.78 1764.19 1800.90 1840.12 1880.24 1882.31 1890.03 1907.08 1942.95 1980.47 2026.06 1969.98 1905.75
1830.79 1775.97 1719.65 1664.47 1711.87 1762.16 1807.23 1811.08 1810.76 1793.69 1747.73 1705.20 1669.17 1681.56 1700.65 1726.24 1811.90 1898.06 1982.54 1988.80 1987.38 1978.35 1940.69 1921.00
1931.56 1930.82 1931.18 1930.56 1885.55 1849.95 1821.64 1788.05 1785.62 1788.30 1803.60 1817.11 1828.27 1842.13 1857.83 1877.94 1895.03 1917.43 1946.91 1967.84 1978.66 1980.92 1967.39 1955.51
1943.77 1942.55 1942.63 1943.19 1954.87 1969.39 1980.70 2023.90 2086.41 2140.57 2083.74 2031.40 1985.79 1986.62 1991.47 2003.26 2045.11 2092.46 2146.80 2114.87 2069.09 2016.30 2064.64 2114.44
2165.27 2166.97 2171.52 2179.69 2177.07 2175.07 2169.67 2135.66 2121.84 2122.25 2064.67 2013.49 1966.00 1847.61 1722.61 1574.66 1494.01 1423.66 1393.94 1558.94 1720.10 1868.27 1847.17 1827.42
1809.57 1745.59 1683.98 1634.62 1629.14 1626.22 1616.69 1572.29 1523.28 1464.37 1242.25 1189.60 1501.41 1620.19 1722.35 1816.11 1887.17 1967.12 2052.20 2025.42 1979.40 1918.51 1860.33 1798.76
1734.19 1785.16 1835.98 1888.39 1866.47 1864.41 1877.55 1811.58 1753.10 1698.83 1754.12 1800.45 1827.27 1830.25 1852.01 1890.12 1926.93 1966.86 2014.70 2011.12 1985.48 1948.07 1932.26 1915.44
1897.04 1883.54 1870.45 1857.65 1840.96 1823.97 1804.10 1803.03 1824.55 1846.14 1850.15 1862.39 1878.86 1872.98 1876.19 1887.00 1912.62 1941.90 1978.07 1967.41 1942.39 1913.10 1917.56 1923.14
1927.14 1917.19 1915.30 1925.54 1894.52 1862.57 1822.78 1844.31 1864.95 1877.08 1880.94 1870.32 1839.22 1829.42 1828.72 1826.14 1831.56 1838.45 1849.13 1882.74 1908.99 1927.62 1919.55 1910.90
1901.57 1890.01 1882.26 1880.80 1815.32 1748.49 1677.79 1678.45 1681.95 1691.85 1802.22 1885.91 1885.79 1881.06 1878.20 1866.11 1852.78 1877.05 1935.77 1958.91 1982.29 2010.12 1990.54 1967.85
1939.02 1902.12 1865.92 1831.20 1765.56 1692.70 1607.29 1672.91 1666.37 1634.64 1477.16 1295.52 1126.98 1416.07 1611.80 1755.99 1812.76 1883.00 1959.56 1945.15 1919.07 1890.12 1768.85 1616.95
1412.20 1497.81 1588.14 1673.05 1644.32 1614.84 1576.95 1425.78 1239.31 1058.14 1193.87 1322.40 1432.27 1569.78 1683.47 1786.34 1840.92 1895.62 1951.59 1932.21 1901.46 1866.15 1796.24 1720.96
1650.34 1640.21 1632.83 1625.91 1646.06 1667.43 1682.40 1572.34 1464.34 1350.19 1225.22 1092.73 967.14 1004.23 1077.70 1235.86 1425.27 1584.42 1722.64 1737.94 1743.67 1755.07 1789.74 1826.01
1865.00 1855.08 1845.81 1836.54 1821.77 1810.27 1797.70 1777.08 1799.66 1826.23 1758.32 1695.39 1631.73 1605.78 1606.67 1632.83 1659.42 1690.10 1728.01 1783.05 1836.99 1896.70 1891.12 1886.03
1880.72 1881.84 1889.96 1906.82 1907.57 1909.50 1906.39 1958.40 2012.62 2050.67 1908.92 1762.83 1606.26 1590.53 1602.28 1639.67 1750.24 1853.30 1954.94 1950.40 1935.37 1921.09 1897.65 1871.02
1837.85 1818.64 1802.93 1793.89 1795.22 1810.81 1833.89 1908.61 1991.27 2054.64 1940.15 1822.71 1687.24 1543.81 1505.99 1563.16 1648.09 1725.87 1799.97 1832.37 1863.92 1905.57 1899.11 1891.01
1876.48 1857.60 1844.02 1840.33 1851.38 1880.04 1915.64 1954.40 2016.91 2059.59 1966.68 1883.11 1808.97 1613.06 1444.28 1447.17 1498.85 1552.38 1613.95 1716.45 1810.69 1905.19 1892.94 1882.27
1871.90 1863.04 1864.38 1875.15 1878.40 1883.50 1885.13 1918.56 1957.30 1979.40 1851.93 1723.61 1589.89 1541.55 1517.73 1521.73 1643.28 1762.27 1881.18 1899.43 1902.67 1899.47 1921.67 1948.39
1981.82 1959.62 1936.06 1910.21 1917.99 1930.74 1943.52 1967.80 2002.42 2021.10 1912.11 1804.22 1694.35 1659.95 1665.16 1706.67 1737.22 1768.92 1808.57 1843.65 1868.84 1893.12 1897.94 1901.70
1906.56 1907.02 1916.13 1933.59 1909.80 1883.81 1852.86 1771.33 1700.36 1629.67 1170.92 706.85 1368.95 1468.52 1590.57 1711.55 1756.68 1804.16 1859.56 1831.90 1793.88 1761.23 1762.41 1757.18
1749.67 1778.11 1769.43 1762.03 1775.20 1789.92 1803.43 1740.24 1708.79 1692.04 1675.81 1664.31 1666.96 1719.54 1773.97 1829.46 1863.01 1931.74 2009.21 1973.57 1909.70 1823.90 1829.33 1815.03
1801.79 1780.06 1757.97 1735.24 1745.63 1757.07 1765.85 1691.55 1678.52 1698.32 1756.03 1809.75 1856.18 1850.81 1851.99 1859.85 1901.35 1944.78 1993.69 1990.67 1971.53 1943.57 1936.99 1929.91
1925.52 1918.03 1912.12 1906.84 1897.37 1887.67 1873.78 1896.27 1919.96 1930.53 1893.25 1857.73 1810.91 1770.01 1743.87 1738.53 1857.22 1962.24 2064.45 2054.34 2025.79 1981.98 2052.09 2119.41
2184.95 2137.81 2088.50 2037.53 2037.18 2038.88 2042.31 2060.50 2076.00 2079.82 1982.80 1888.16 1791.90 1752.48 1739.56 1755.76 1863.43 1964.11 2068.28 2074.22 2063.32 2044.20 2094.69 2146.27
2200.66 2174.78 2153.79 2138.95 2174.78 2216.48 2259.66 2251.56 2241.84 2220.14 2126.33 2036.67 1948.01 1918.37 1905.66 1913.33 1944.10 1970.48 2001.78 1981.52 1941.81 1892.71 1921.26 1954.48
1991.43 1982.62 1976.11 1972.37 1945.17 1915.68 1881.59 1889.11 1896.71 1891.78 1795.77 1729.08 1692.21 1716.03 1754.73 1814.05 1908.57 2001.93 2098.20 2064.32 2005.61 1928.29 1937.30 1947.72
1963.96 1918.40 1874.94 1837.53 1843.60 1857.21 1873.05 1788.10 1734.90 1701.81 1642.49 1622.61 1637.10 1683.37 1732.03 1783.68 1824.46 1867.21 1916.05 1897.84 1861.70 1826.62 1832.08 1836.12
1842.18 1830.26 1827.52 1836.98 1842.55 1849.46 1853.52 1735.39 1621.18 1506.03 1495.83 1523.55 1569.13 1617.73 1675.91 1731.46 1860.68 1970.87 2077.95 2029.75 1960.04 1876.11 1865.33 1849.63
1831.91 1823.76 1830.43 1852.92 1863.17 1874.25 1883.29 1871.04 1916.74 1969.79 1860.13 1755.78 1657.71 1614.40 1608.55 1641.74 1739.63 1832.50 1925.24 1972.06 2008.12 2045.25 2081.31 2117.65
2157.46 2125.81 2098.12 2076.40 2019.16 1953.99 1878.13 1895.67 1910.73 1915.21 1655.21 1457.11 1552.82 1667.93 1770.02 1871.44 1850.14 1834.92 1831.52 1854.60 1866.53 1879.11 1854.60 1835.92
1826.80 1823.42 1819.23 1817.27 1898.27 1958.65 2010.87 1910.70 1741.30 1535.90 1470.82 1486.29 1584.97 1688.79 1789.34 1886.72 1899.05 1915.29 1936.47 1911.79 1876.27 1837.04 1861.17 1886.05
1911.76 1854.15 1791.58 1725.20 1779.98 1835.12 1890.25 1912.33 1948.88 1983.13 1922.14 1866.17 1811.11 1882.44 1953.25 2027.64 2037.96 2054.00 2076.05 2018.25 1942.95 1866.32 1956.76 2044.94
2132.21 2100.19 2067.93 2037.39 2038.32 2044.52 2055.32 2089.50 2115.61 2128.65 2107.11 2085.82 2061.88 2027.20 1996.76 1972.06 1987.99 2008.78 2038.74 2046.91 2049.02 2058.08 2087.96 2120.48
2155.90 2061.34 1948.72 1808.99 1752.20 1802.09 1780.18 1870.88 1951.35 2013.03 1867.99 1698.89 1497.54 1035.76 1060.50 1497.62 1563.95 1643.20 1727.10 1667.18 1665.85 1755.94 1806.42 1856.28
1905.14 1906.64 1908.53 1911.53 1902.03 1891.74 1882.63 1930.66 1971.11 1998.24 1881.02 1762.89 1651.12 1623.65 1604.53 1602.87 1691.92 1776.66 1860.51 1872.00 1879.52 1895.93 1879.91 1871.36
1873.18 1863.48 1853.88 1844.23 1842.75 1840.28 1838.16 1874.01 1904.06 1920.63 1876.24 1867.44 1878.10 1834.99 1826.44 1846.96 1863.88 1882.63 1906.00 1903.77 1888.83 1877.69 1873.05 1867.48
1862.62 1863.23 1864.39 1867.21 1864.30 1863.56 1864.42 1924.15 1947.71 1960.85 1801.60 1667.60 1638.11 1526.32 1471.05 1543.00 1592.13 1642.00 1695.13 1769.99 1839.25 1909.38 1894.81 1880.38
1870.15 1901.12 1936.73 1976.67 1910.56 1841.74 1770.28 1722.63 1687.18 1660.16 1584.49 1511.45 1442.17 1586.29 1710.48 1822.43 1900.42 1975.99 2047.60 2012.45 1960.41 1900.29 1846.53 1827.54
1856.51 1841.13 1824.89 1809.68 1821.54 1832.94 1843.83 1771.48 1715.88 1672.01 1544.77 1420.50 1321.25 1370.09 1450.04 1540.26 1643.58 1744.28 1848.96 1872.58 1887.37 1904.39 1897.30 1892.20
1891.83 1858.22 1827.69 1805.12 1797.26 1791.73 1789.85 1643.98 1484.80 1308.05 1411.86 1490.94 1556.05 1580.39 1614.49 1655.13 1733.68 1808.79 1888.47 1881.57 1869.21 1865.70 1747.06 1625.31
1542.09 1569.70 1599.30 1628.17 1673.31 1731.65 1792.54 1602.66 1436.73 1389.74 1266.94 1128.88 973.38 1222.29 1439.12 1606.77 1603.62 1605.49 1623.58 1633.07 1658.84 1711.62 1610.70 1505.84
1425.03 1386.36 1424.55 1518.19 1465.02 1580.23 1740.47 1667.95 1593.26 1511.26 1561.01 1609.25 1658.41 1748.12 1847.92 1949.91 1900.01 1840.19 1777.92 1739.01 1683.28 1611.94 1491.53 1462.14
1526.14 1545.84 1571.36 1605.78 1637.32 1677.40 1729.62 1672.94 1619.94 1558.90 1612.84 1670.14 1728.36 1684.72 1648.57 1619.98 1595.57 1579.56 1586.91 1588.21 1580.54 1575.42 1631.92 1686.38
1740.61 1705.83 1677.00 1656.71 1634.75 1620.29 1615.91 1560.94 1563.18 1530.07 1533.85 1600.33 1665.74 1546.86 1435.26 1353.63 1194.83 946.57 1047.57 1256.57 1484.63 1664.04 1616.27 1576.10
1549.79 1486.36 1420.05 1355.58 1203.60 1077.95 1199.21 994.62 1160.21 1297.01 1321.88 1354.45 1386.34 1436.63 1489.32 1544.54 1572.51 1616.93 1686.21 1783.79 1879.63 1979.83 1985.10 1989.71
1993.54 1998.99 2008.62 2023.40 2026.20 2028.71 2031.62 2029.78 2022.21 2005.27 2032.07 2050.69 2066.28 2072.30 2091.59 2121.31 2105.22 2088.21 2077.77 2060.99 2039.24 2025.04 2016.45 2008.16
2000.25 1997.30 1996.74 1999.86 1987.33 1975.77 1966.67 1887.21 1810.83 1737.11 1814.86 1882.40 1939.18 1958.58 1993.51 2040.87 2053.38 2068.94 2094.83 2066.60 2028.08 1988.20 1985.26 1985.81
1987.53 1992.59 2012.72 2048.32 2014.82 1979.21 1941.95 1942.24 1940.46 1928.35 1931.13 1934.42 1939.41 1971.21 2019.71 2079.51 2130.35 2182.30 2241.86 2186.00 2112.25 2023.03 2026.34 2043.30
2073.33 2048.97 2024.67 2003.58 1959.70 1924.91 1907.02 1997.15 2092.83 2170.71 2136.07 2094.32 2054.35 1990.65 1938.89 1909.83 1979.25 2051.88 2143.75 2128.79 2107.72 2085.30 2087.60 2093.43
2103.27 2059.87 2011.39 1960.31 1948.21 1938.58 1929.23 1970.87 2016.32 2051.18 2084.23 2110.22 2136.39 2121.45 2112.91 2112.81 2106.57 2106.43 2119.31 2059.13 1981.75 1893.65 1903.68 1917.40
1937.50 1926.36 1914.33 1903.17 1876.58 1846.44 1813.90 1709.25 1641.01 1610.68 1438.40 1090.24 906.68 1239.97 1407.20 1604.70 1755.55 1907.85 2037.11 2002.80 1954.99 1901.71 1900.11 1895.96
1906.91 1903.04 1900.42 1899.34 1902.85 1905.40 1907.94 1877.65 1858.25 1840.55 1654.52 1441.55 1202.92 1262.64 1360.62 1467.23 1640.10 1788.11 1928.97 1931.58 1926.09 1917.93 1916.87 1915.09
1913.35 1874.00 1837.63 1805.88 1781.28 1768.55 1772.85 1616.87 1448.51 1266.45 1359.87 1432.39 1492.78 1569.50 1653.41 1740.13 1837.77 1930.27 2025.88 1996.32 1954.32 1903.33 1893.99 1883.39
1872.08 1854.59 1843.65 1841.56 1843.79 1866.78 1907.05 1785.97 1655.09 1504.36 1566.70 1671.22 1772.63 1874.67 1972.55 2068.12 2100.36 2132.33 2171.74 2109.10 2024.24 1917.26 1908.68 1900.71
1893.33 1875.22 1872.20 1878.99 1883.53 1887.50 1897.78 1835.93 1778.56 1723.13 1740.17 1755.42 1770.88 1863.48 1953.92 2043.04 2108.07 2172.62 2240.96 2187.52 2117.00 2037.61 1991.91 1939.20
1878.74 1875.41 1878.20 1886.72 1867.47 1848.13 1826.48 1825.54 1818.91 1802.60 1846.51 1880.23 1913.81 1903.27 1898.56 1902.42 1967.75 2032.78 2101.09 2076.98 2035.83 1987.68 1960.10 1924.65
1869.59 1864.09 1864.21 1871.38 1863.34 1867.21 1877.41 1901.20 1916.36 1919.90 1932.77 1943.66 1962.81 2041.02 2116.56 2200.30 2219.59 2241.28 2269.50 2250.75 2229.52 2206.03 2149.78 2088.08
2021.72 2069.69 2117.40 2136.25 2145.13 2140.38 2128.60 2055.86 1977.69 1887.77 1965.27 2024.80 2083.94 2006.84 1929.21 1857.03 1984.31 2100.97 2212.16 2258.87 2310.68 2370.59 2347.13 2323.13
2300.13 2281.28 2261.91 2243.72 2231.97 2222.12 2212.55 2236.42 2251.43 2258.38 2224.34 2191.74 2170.45 2191.70 2229.41 2286.23 2310.48 2334.43 2361.63 2345.10 2324.94 2304.04 2325.64 2352.39
2383.12 2340.65 2298.91 2260.53 2270.74 2280.33 2273.51 2305.56 2332.35 2345.48 2264.53 2183.85 2102.29 2032.49 1960.57 1897.84 1849.50 1794.19 1734.89 1743.64 1793.30 1876.75 1903.74 1940.58
1985.22 2003.23 2024.51 2048.99 2029.51 2019.11 2018.15 1948.50 1873.81 1790.22 1704.54 1626.16 1551.59 1323.21 1094.05 1341.50 1513.52 1657.71 1790.62 1819.89 1848.49 1876.68 1883.62 1894.22
1909.66 1886.08 1878.07 1886.78 1863.25 1843.98 1829.10 1904.17 1979.11 2040.57 1981.93 1925.46 1883.12 1828.38 1779.37 1744.52 1697.03 1677.49 1708.90 1751.01 1791.39 1833.57 1827.87 1852.35
1905.67 1993.31 2081.16 2170.20 2136.67 2101.04 2064.22 2067.82 2078.14 2090.12 2006.75 1927.15 1856.53 1775.56 1712.29 1680.47 1693.44 1711.09 1742.18 1811.06 1878.01 1947.16 1988.98 2042.42
2104.34 2076.19 2045.70 2014.27 1989.96 1962.47 1932.63 1794.80 1642.29 1474.14 1378.08 1282.11 1199.37 1331.02 1459.02 1582.42 1637.11 1705.04 1788.90 1840.47 1891.47 1944.27 1937.33 1933.31
1933.62 1951.00 1972.98 2000.80 1988.65 1973.75 1958.66 2013.58 2059.15 2092.28 2071.24 2049.83 2029.72 2026.29 2031.57 2046.43 2017.80 1986.37 1959.67 1997.10 2033.39 2070.84 2139.25 2208.32
2277.05 2269.01 2262.03 2256.42 2158.64 2047.73 1922.95 1996.34 2049.57 2083.56 2059.01 2041.00 2031.89 2025.61 2035.68 2068.15 2032.73 1993.49 1952.42 2010.25 2065.46 2120.49 2154.39 2194.17
2241.96 2236.99 2231.85 2225.68 2199.70 2171.58 2140.13 2164.96 2186.71 2201.12 2203.23 2204.46 2203.26 2148.43 2102.76 2066.03 2067.88 2061.46 2055.11 2060.02 2063.75 2069.07 2096.27 2127.83
2167.10 2190.15 2215.12 2245.30 2220.09 2193.44 2164.58 2191.66 2209.11 2216.18 2196.82 2179.90 2166.51 2145.41 2131.08 2125.40 2052.58 1963.12 1852.46 1845.35 1850.29 1872.32 1883.75 1896.60
1912.02 2024.14 2141.54 2258.18 2243.20 2225.96 2210.08 2218.86 2220.59 2215.70 2213.47 2211.02 2207.99 2197.40 2191.11 2192.06 2189.94 2184.78 2183.24 2148.65 2105.28 2055.46 2031.12 2005.25
1978.44 2000.34 2025.72 2054.14 2058.70 2063.07 2067.48 2092.39 2104.65 2105.41 2120.46 2137.78 2151.90 2152.29 2158.01 2171.00 2106.79 2028.53 1939.92 1948.53 1956.77 1932.81 1930.54 1890.27
1848.09 1809.97 1773.25 1735.12 1746.19 1761.83 1780.42 1612.40 1403.48 1108.81 946.27 1071.11 1224.23 1081.01 1359.99 1670.84 1848.58 2003.52 2147.24 2151.32 2159.03 2174.33 2164.26 2154.67
2148.31 2128.45 2094.49 2040.25 2024.28 2007.47 1988.46 1991.72 1994.49 1991.52 1937.03 1914.50 1919.58 1914.96 1915.98 1928.45 1955.18 1981.08 2012.26 2011.51 2007.84 2005.06 1998.99 1997.18
2000.05 1964.44 1939.57 1927.86 1943.16 1961.85 1979.96 1885.20 1779.95 1659.84 1663.04 1706.79 1737.72 1701.34 1688.69 1705.27 1707.62 1713.19 1730.60 1787.41 1846.40 1907.52 1921.13 1933.45
1928.16 1919.55 1912.18 1904.75 1905.61 1907.36 1909.78 1792.03 1694.19 1627.00 1627.84 1630.11 1640.06 1488.83 1300.10 1026.58 974.64 1401.68 1667.06 1975.89 2263.10 2515.39 2564.00 2615.47
2627.47 2621.87 2615.72 2610.06 2608.88 2607.92 2608.89 2587.96 2564.62 2538.90 2454.29 2373.72 2297.73 2266.72 2235.45 2211.01 2170.99 2123.48 2075.19 2083.57 2092.96 2097.96 2096.89 2099.73
2102.48 2083.24 2064.20 2046.84 2028.35 2013.53 2003.34 1973.13 1938.48 1900.93 1844.43 1819.60 1822.08 1835.73 1854.45 1877.42 1919.76 1961.60 2009.83 2042.10 2088.82 2140.85 2138.21 2134.35
2131.03 2115.37 2102.02 2090.02 2090.07 2092.82 2096.44 2087.60 2102.24 2121.67 2177.20 2229.32 2276.34 2315.42 2353.06 2393.81 2367.45 2317.71 2270.29 2263.95 2258.58 2254.32 2274.98 2307.22
2349.81 2387.35 2428.05 2470.14 2457.86 2444.97 2431.36 2457.26 2476.89 2486.83 2477.13 2462.23 2441.47 2429.49 2395.65 2367.74 2326.80 2280.48 2228.88 1973.49 1550.06 1445.31 1747.82 1024.39
1857.61 2314.76 2666.16 2885.67 2873.79 2859.81 2844.52 2868.38 2888.67 2821.33 2799.74 2779.82 2746.35 2733.48 2725.02 2720.64 2638.66 2540.55 2425.12 2361.58 2289.77 2210.33 2213.38 2218.16
2222.56 2208.86 2206.26 2218.76 2158.73 2093.92 2025.92 1931.47 1826.91 1712.95 1389.52 1044.05 1375.34 1410.68 1477.93 1653.83 1793.98 1946.94 2094.10 2102.47 2112.27 2122.92 2123.70 2080.39
2032.73 1921.45 1804.19 1699.83 1866.29 2010.79 2102.36 2084.65 2048.37 2024.96 2005.25 1983.67 1960.75 1912.20 1886.91 1887.35 1948.22 2007.15 2060.66 2078.42 2091.67 2102.76 2088.78 2075.04
2059.75 2057.50 2056.41 2053.53 2033.66 2013.94 1994.96 1984.24 1965.96 1942.83 2052.67 2159.18 2246.15 2309.56 2360.99 2405.61 2410.75 2415.92 2423.47 2414.53 2398.32 2383.96 2317.06 2243.71
2160.46 2098.38 2030.06 1954.04 1932.84 1912.47 1894.39 1979.46 2050.29 2106.05 1997.84 1904.55 1829.56 1678.03 1534.50 1457.42 1354.25 1089.77 1621.60 2012.25 2307.23 2553.15 2605.61 2659.86
2659.70 2656.69 2652.06 2648.76 2593.31 2531.36 2462.34 2506.24 2539.89 2569.27 2495.62 2423.73 2354.88 2306.09 2265.91 2235.61 2205.61 2166.45 2120.14 2114.28 2108.17 2102.02 2056.80 2009.32
1958.16 1812.53 1655.76 1567.77 1617.13 1667.84 1716.68 1715.83 1716.74 1721.88 1782.14 1841.83 1902.12 1906.56 1918.24 1935.39 2005.73 2074.40 2139.46 2157.52 2168.10 2176.49 2167.74 2158.45
2150.26 2105.61 2057.55 2003.74 2033.17 2075.25 2125.92 2120.43 2107.37 2088.61 2114.50 2130.14 2143.78 2202.39 2258.64 2313.59 2265.06 2204.18 2130.04 2131.81 2129.33 2125.69 2128.17 2130.47
2135.31 2123.65 2116.00 2107.82 2133.88 2158.11 2182.85 2085.50 2004.20 1948.68 1615.43 1715.13 1973.69 1909.13 1885.94 1913.44 1940.89 1971.84 2008.46 2033.06 2048.25 2065.74 2075.01 2084.50
2096.01 2101.18 2106.41 2110.06 1977.98 1835.87 1734.17 1645.62 1582.72 1573.31 1820.91 2048.12 2201.35 2236.85 2276.80 2321.11 2244.27 2147.81 2022.36 2017.33 2012.35 2005.62 2167.11 2359.31
2540.41 2246.51 2215.78 2377.36 2362.31 2337.35 2213.16 2167.26 2124.91 2093.29 2133.61 2171.95 2206.55 2122.28 2003.31 1857.73 1755.75 1627.57 1484.40 1536.13 1780.06 1993.17 2003.26 2035.86
2089.75 2124.41 2152.25 2178.83 2118.73 2059.71 2007.03 1876.94 1725.78 1561.50 1399.58 1208.71 990.87 1317.16 1466.48 1613.62 1396.03 1064.28 1348.58 1691.43 1926.24 2116.06 2151.79 2187.20
2223.23 2215.50 2207.69 2198.80 2200.30 2201.44 2202.77 2223.82 2238.31 2246.78 2370.46 2464.58 2536.31 2533.38 2533.04 2537.71 2436.39 2308.47 2146.15 2144.56 2156.17 2179.04 2237.72 2298.68
2362.93 2298.19 2232.75 2169.13 1995.63 1871.50 1916.99 1893.16 1924.38 1755.43 1750.35 1748.14 1762.94 1439.91 1749.44 1997.64 1993.03 2069.12 2157.35 2063.47 1980.64 1932.45 1865.20 1894.69
1997.83 2034.88 2076.42 2120.28 1969.69 1879.14 1935.68 2212.48 2428.57 2610.35 2577.65 2542.14 2509.59 2587.43 2654.95 2682.21 2640.39 2594.66 2544.26 2500.75 2474.58 2470.41 2519.63 2568.98
2582.16 2561.42 2541.42 2515.99 2491.55 2474.31 2463.51 2438.51 2416.06 2392.61 2362.42 2333.19 2299.60 2169.12 2058.84 1995.91 1904.07 1785.85 1760.73 1875.25 2002.45 2124.46 2147.15 2169.89
2192.42 2175.43 2159.20 2143.74 2145.07 2152.64 2165.77 2202.62 2229.31 2247.93 2291.25 2328.68 2345.36 2310.69 2283.47 2265.75 2244.29 2213.79 2166.80 2162.33 2156.08 2149.92 2093.25 2033.77
1976.55 1997.54 2022.56 2053.15 2015.11 1981.76 1955.37 1783.25 1557.91 1229.69 1578.97 1840.74 2020.79 2078.52 2134.24 2191.83 2112.55 2035.34 1969.57 1511.71 1520.33 1731.68 1933.58 2205.44
2447.07 2463.65 2432.45 2372.87 2406.98 2440.35 2473.66 2436.64 2396.75 2350.07 2303.73 2264.64 2257.70 2194.99 2138.22 2088.91 2114.93 2164.14 2230.01 2394.34 2553.62 2707.61 2696.20 2642.89
2564.47 2636.69 2705.07 2771.77 2675.44 2574.72 2468.85 2517.16 2554.29 2590.26 2548.95 2515.17 2495.32 2548.61 2600.78 2648.32 2714.01 2774.58 2830.29 2877.85 2925.13 2972.73 2961.16 2950.51
2941.70 2863.77 2778.42 2687.75 2567.95 2428.01 2262.71 2347.04 2414.01 2469.59 2440.27 2415.04 2395.45 2342.73 2298.52 2265.32 2065.41 1791.38 1513.72 1394.18 1686.94 2053.58 2122.98 2184.33
2212.38 2216.83 2230.85 2247.53 2251.54 2250.99 2249.46 2240.82 2224.71 2208.77 2275.56 2333.45 2384.25 2382.73 2384.63 2390.77 2350.86 2307.59 2252.99 2045.18 1761.62 1271.48 1270.57 1640.16
1828.86 1997.66 2166.97 2316.03 2314.82 2314.72 2315.56 2255.55 2186.26 2110.85 2063.24 2042.87 2048.45 1994.30 1941.73 1893.09 1835.69 1786.26 1758.66 1657.24 1560.86 1523.15 1563.03 1604.55
1649.45 1597.21 1693.41 1899.25 2016.66 2129.44 2236.00 2131.54 2024.49 1933.89 2148.47 2313.82 2442.88 2479.06 2515.32 2548.44 2482.57 2395.91 2285.65 2263.91 2240.71 2215.67 2194.19 2180.25
2175.60 2184.03 2194.57 2206.21 2185.07 2163.28 2140.01 2141.45 2166.01 2205.04 2260.91 2309.04 2349.25 2323.18 2301.36 2285.25 2231.47 2173.31 2106.66 1826.19 1542.81 1630.94 1616.42 1662.53
1744.30 1837.60 1931.44 2024.39 2036.08 2056.68 2082.75 2107.68 2120.97 2129.15 2100.56 2110.90 2147.52 2086.31 2029.99 1981.66 1977.36 1974.90 1967.20 1977.49 1978.64 1984.20 2010.14 2075.24
2164.14 2209.71 2255.96 2300.78 2253.96 2205.97 2157.45 2140.73 2120.35 2100.44 2115.73 2154.10 2200.32 2202.21 2220.24 2251.57 2233.68 2195.00 2113.48 2159.70 2144.58 2128.14 2140.32 2160.79
2188.56 2043.62 1861.23 1622.03 1666.17 1720.89 1778.99 1786.48 2308.50 2664.72 2734.95 2810.10 2882.59 2863.38 2846.81 2828.76 2793.15 2756.66 2717.12 2695.70 2675.00 2655.98 2631.25 2606.47
2583.51 2539.97 2499.20 2462.39 2436.52 2412.42 2392.09 2399.50 2400.23 2402.38 2265.17 2127.74 2004.99 1908.36 1822.45 1761.30 1702.07 1655.45 1638.21 1473.89 1268.76 1257.65 1354.50 1591.31
1851.21 1951.77 2041.96 2127.28 2144.36 2172.85 2204.37 2109.95 2000.18 1878.32 1951.14 2027.19 2091.99 2106.08 2126.01 2154.51 2160.50 2177.07 2199.24 2198.84 2198.25 2198.01 2191.62 2184.29
2177.87 2172.66 2168.49 2164.00 2154.89 2147.87 2143.13 2118.87 2087.67 2056.46 2128.50 2185.26 2229.08 2293.74 2357.87 2423.56 2377.41 2326.07 2262.34 2295.70 2328.28 2360.39 2339.82 2317.65
2295.36 2259.50 2224.10 2187.81 2094.54 2015.42 1970.92 1677.02 1527.53 1751.76 2008.28 2559.55 2940.43 3053.89 3162.25 3180.68 3195.53 3210.94 3223.27 3210.54 3198.03 3185.97 3173.85 3161.31
3152.10 3108.48 3061.11 3012.39 2939.62 2861.74 2777.48 2792.32 2798.90 2803.65 2694.39 2582.49 2465.94 2406.90 2349.80 2294.94 2231.60 2166.01 2095.57 2001.64 1917.42 1867.55 1506.93 1371.19
1785.17 1896.51 2033.80 2130.09 2212.73 2293.48 2370.54 2515.94 2627.66 2712.86 2659.89 2610.44 2566.04 2583.48 2603.99 2628.32 2555.44 2481.10 2402.78 2339.54 2265.90 2184.92 2179.01 2173.80
2167.85 2015.05 1886.49 1749.71 1664.29 1593.90 1568.22 1578.80 1930.89 2076.67 2160.48 2281.47 2399.65 2382.41 2370.06 2348.96 2321.21 2293.15 2254.56 2253.44 2253.02 2256.54 2262.48 2268.55
2272.65 2249.03 2221.27 2191.43 2140.06 2084.61 2024.93 1945.26 1851.20 1757.40 1764.52 1773.73 1781.03 1704.50 1646.69 1618.98 1622.91 1674.64 1752.46 1614.42 1432.08 1227.64 1397.57 1545.81
1665.51 1710.33 1752.38 1796.68 1933.67 2054.38 2163.93 2103.24 2032.11 1961.01 2025.15 2116.83 2172.95 2184.40 2207.60 2242.90 2256.89 2272.85 2264.98 2254.09 2241.74 2228.99 2207.59 2190.60
2178.60 2161.91 2145.51 2132.19 2128.96 2125.14 2123.43 2004.26 1858.04 1683.99 1145.14 1572.00 1853.09 1845.51 1834.90 1851.28 1961.64 2063.16 2125.78 2072.44 2062.90 2107.18 2071.86 2036.48
2000.58 1991.76 2012.67 2060.30 1907.90 1715.79 1436.67 1667.01 1819.13 1920.22 2007.82 2079.89 2140.48 2153.86 2172.96 2196.48 2206.22 2216.98 2216.34 2221.78 2232.79 2251.10 2224.70 2201.72
2183.55 2170.12 2159.86 2153.18 2196.21 2237.88 2277.51 2086.80 1845.76 1521.16 1328.33 1524.19 1695.99 1859.27 1983.65 2091.82 2118.36 2150.68 2181.79 2180.01 2184.09 2194.87 2175.74 2165.63
2167.36 2172.97 2178.28 2184.34 2242.75 2302.95 2361.36 2360.71 2357.52 2355.69 2427.54 2490.24 2542.07 2563.35 2585.57 2607.66 2565.58 2520.62 2464.76 2468.15 2472.18 2476.02 2522.38 2568.89
2615.59 2596.62 2577.94 2559.09 2500.27 2440.45 2380.73 2337.47 2286.97 2232.60 2216.09 2204.56 2198.84 2045.84 1867.17 1652.65 1639.43 1773.38 1948.01 1850.23 1739.13 1614.43 1692.81 1784.97
1881.43 1505.24 1844.85 2222.73 2275.68 2369.56 2488.20 2551.47 2578.13 2586.59 2528.65 2472.05 2413.94 2414.75 2430.42 2460.83 2342.81 2204.72 2036.97 2058.63 2084.79 2118.76 2130.57 2145.97
2165.51 2152.89 2139.95 2126.69 2095.60 2083.58 2094.29 2176.11 2259.41 2340.19 2330.68 2323.12 2316.50 2268.38 2234.86 2219.15 2124.20 2012.51 1865.37 1795.91 1757.89 1723.85 1868.09 2067.31
2252.60 2252.38 2249.25 2246.91 2256.36 2265.17 2274.15 2183.46 2077.00 1958.71 1986.53 2009.35 2025.74 2068.47 2121.03 2180.91 2196.78 2217.65 2234.26 2223.81 2217.74 2215.19 2212.84 2212.78
2214.05 2217.04 2223.78 2236.67 2226.69 2216.92 2207.77 2156.25 2093.47 2025.42 2027.84 2035.01 2045.89 1982.96 1922.23 1864.43 1870.46 1879.57 1876.29 1865.41 1855.21 1842.96 1909.47 2043.41
2189.85 2179.55 2171.15 2163.40 2167.88 2206.59 2263.59 2267.48 2268.05 2262.91 2273.39 2284.82 2279.93 2276.15 2275.65 2274.09 2230.33 2176.82 2109.96 2071.68 2081.89 2191.47 2329.77 2512.61
2626.67 2649.88 2684.10 2730.96 2656.04 2575.76 2493.70 2514.43 2528.04 2537.87 2479.87 2435.27 2407.90 2347.10 2290.78 2240.45 2251.46 2266.05 2272.23 2208.60 2149.20 2098.82 2171.09 2242.48
2311.21 2348.95 2394.19 2445.33 2464.17 2483.44 2503.32 2469.97 2435.68 2401.52 2413.45 2454.77 2506.78 2498.82 2491.42 2485.52 2448.50 2415.52 2384.71 2333.00 2286.74 2248.73 2255.84 2268.90
2288.12 2267.97 2250.62 2235.18 2204.26 2176.04 2148.91 2130.07 2108.46 2079.82 2090.23 2097.93 2110.15 2194.42 2269.94 2337.02 2369.48 2407.03 2442.75 2390.24 2342.53 2299.85 2346.20 2404.32
2469.77 2442.90 2419.55 2399.59 2398.30 2399.05 2402.84 2359.36 2338.06 2338.85 2398.17 2466.73 2527.50 2572.67 2620.23 2672.09 2565.27 2428.85 2242.86 2298.40 2403.68 2535.35 2474.69 2407.34
2334.33 2327.08 2336.55 2364.59 2388.26 2415.14 2446.10 2518.98 2586.29 2645.99 2670.37 2695.96 2721.98 2711.39 2703.98 2699.97 2622.51 2533.62 2420.56 2395.25 2367.80 2339.85 2325.80 2310.54
2296.11 2281.84 2267.35 2254.73 2252.22 2252.35 2253.44 2156.13 2047.71 1935.01 1883.37 1831.65 1783.59 1731.23 1691.44 1664.78 1441.68 1226.43 1339.96 1584.02 1845.24 2046.13 2124.27 2193.77
2234.75 2244.29 2254.66 2266.87 2254.74 2245.70 2240.29 2220.07 2195.95 2168.66 2076.93 1995.51 1930.50 1727.38 1734.46 1922.22 1942.98 1965.84 1978.11 2010.62 2064.26 2131.36 2109.30 2089.12
2071.13 2108.46 2146.03 2184.51 2118.61 2065.32 2035.24 1919.84 1778.90 1604.67 1532.80 1437.05 1310.55 1093.07 1079.29 1099.85 1228.24 1512.46 1726.00 1773.23 1824.47 1878.38 1909.46 1975.12
2070.70 2061.28 2057.80 2063.02 2106.36 2159.23 2217.93 2216.79 2212.02 2202.62 2329.56 2442.69 2537.61 2485.62 2443.63 2410.85 2347.45 2276.48 2189.77 2183.49 2178.08 2176.52 2135.37 2094.66
2056.53 1746.52 1834.58 2169.36 2254.59 2387.23 2504.51 2600.60 2684.18 2756.37 2701.41 2649.56 2601.62 2588.38 2578.63 2572.12 2510.59 2440.33 2349.25 2311.04 2268.57 2222.45 2202.75 2181.37
2158.33 2143.99 2131.38 2116.23 2138.61 2160.56 2170.82 2103.74 2012.44 1907.52 1646.09 1268.25 1127.50 1515.63 1758.71 1938.27 1992.33 2048.12 2092.61 2129.89 2169.50 2211.59 2207.87 2204.85
2201.32 2226.31 2252.18 2277.84 2380.75 2478.77 2570.95 2582.22 2588.85 2590.86 2608.39 2625.29 2640.11 2632.60 2629.04 2626.42 2583.73 2537.57 2479.77 2501.86 2526.47 2553.82 2564.27 2575.78
2587.39 2537.25 2489.45 2444.81 2413.94 2381.92 2347.07 2378.20 2404.94 2428.24 2340.53 2306.40 2326.72 2232.67 2241.23 2357.12 2435.94 2527.63 2604.09 2660.04 2693.38 2727.21 2769.65 2814.25
2861.49 2828.96 2795.28 2762.61 2722.68 2683.82 2645.09 2548.14 2443.23 2332.36 2329.76 2337.63 2353.73 2190.39 2009.26 1808.42 1865.74 1919.42 1966.41 1990.57 2014.23 2041.05 1965.58 1930.80
1956.22 1922.63 1898.52 1889.57 1864.77 1938.89 2062.48 2011.89 1965.09 1923.00 2023.62 2125.36 2236.35 2224.61 2216.03 2209.91 2224.64 2245.25 2262.34 2287.61 2293.01 2299.55 2283.09 2266.80
2250.73 2246.00 2241.29 2238.01 2217.11 2196.09 2177.46 2201.88 2231.67 2259.91 2299.66 2343.26 2358.63 2357.78 2362.22 2371.42 2340.15 2305.36 2254.00 2238.19 2222.19 2205.49 2153.28 2117.18
2103.40 2124.30 2147.70 2170.15 2122.78 2080.45 2050.19 1923.05 1787.55 1667.62 1412.93 1661.50 1890.15 1708.07 1490.20 1293.85 1113.21 1312.17 1525.81 1521.81 1535.40 1565.58 1462.59 1341.84
1228.24 1394.36 1532.30 1646.96 1738.33 1822.36 1901.56 1820.15 1754.80 1717.48 1657.61 1640.18 1645.66 1664.58 1783.64 1920.66 1988.97 2083.26 2182.76 2192.57 2195.96 2195.82 2237.27 2280.12
2325.41 2326.27 2342.75 2372.91 2369.22 2367.47 2367.70 2273.64 2198.33 2153.19 2071.38 2051.16 2078.59 1856.84 1715.91 1809.14 1853.56 1991.00 2167.35 2169.04 2185.57 2210.22 2311.38 2413.92
2508.86 2468.98 2426.24 2376.43 2398.01 2417.19 2440.70 2502.15 2559.97 2615.39 2624.18 2636.14 2646.94 2675.93 2707.47 2739.09 2735.61 2734.58 2727.60 2746.45 2767.92 2790.73 2769.37 2747.08
2725.83 2728.28 2731.65 2738.75 2691.05 2639.30 2585.47 2586.72 2582.91 2571.99 2540.80 2510.85 2482.74 2445.50 2417.91 2398.27 2249.09 2060.83 1782.04 1772.99 1869.61 2009.51 2058.21 2143.24
2245.66 2254.75 2263.89 2272.68 2266.51 2266.48 2271.19 2181.97 2077.69 1956.89 1894.75 1838.27 1789.10 1797.71 1811.27 1829.65 1735.42 1688.32 1654.90 1745.01 1826.80 1900.87 2028.81 2134.33
2218.01 2189.58 2160.67 2129.68 2166.51 2203.69 2240.73 2201.58 2159.10 2106.95 2151.75 2199.85 2244.69 2298.30 2351.82 2404.13 2372.36 2355.82 2352.71 2343.27 2337.43 2335.23 2309.46 2282.97
2253.84 2217.45 2182.38 2149.16 2163.13 2177.29 2189.42 2142.27 2087.08 2026.67 2092.90 2148.71 2197.80 2164.81 2116.40 2085.01 2083.06 2075.80 2065.91 1996.89 1968.00 1995.79 2097.77 2141.56
2175.67 2120.38 2052.62 1920.31 1789.21 1630.82 1430.41 1567.93 1690.52 1791.55 1665.70 1637.85 1743.44 1871.78 1980.23 2075.03 2061.18 2048.65 2028.01 1956.78 1875.31 1782.78 1706.04 1673.91
1702.13 1851.39 1984.81 2100.43 2062.05 2027.07 2006.61 1869.55 1750.78 1711.10 1442.84 1162.43 1378.45 1424.28 1479.44 1582.74 1419.63 1358.62 1284.37 1178.21 1182.79 1344.27 1297.06 1574.94
1786.28 1752.88 1661.68 1552.15 1372.81 1330.73 1691.53 1647.63 1660.73 1711.71 1622.39 1601.64 1602.91 1805.84 1975.07 2098.05 2051.49 2049.77 2100.15 2158.08 2205.97 2244.19 2213.79 2180.17
2144.64 2169.52 2197.37 2226.88 2187.67 2151.08 2118.37 2085.88 2046.44 1996.66 2096.81 2173.85 2232.98 2238.18 2241.22 2247.27 2255.34 2268.24 2258.52 2258.72 2259.16 2258.61 2244.06 2230.48
2217.76 2211.23 2210.65 2219.28 2207.55 2196.64 2187.61 2162.75 2135.27 2098.18 2131.67 2180.77 2232.08 2241.09 2258.04 2277.27 2257.21 2235.68 2193.22 2178.58 2168.85 2165.08 2153.66 2141.63
2129.45 2129.36 2129.32 2130.22 2129.06 2130.29 2134.88 2121.32 2104.39 2079.33 2040.95 2009.28 1980.34 1873.08 1776.79 1705.73 1597.34 1578.07 1676.60 1857.91 2011.22 2147.57 2132.95 2118.29
2101.96 2097.94 2099.93 2107.89 2101.85 2086.37 2073.76 2086.85 2101.62 2112.68 2084.36 2082.70 2100.63 2093.08 2090.03 2098.82 2096.93 2106.42 2121.59 2185.77 2250.16 2313.66 2337.26 2367.30
2403.47 2436.56 2469.00 2501.46 2473.98 2448.76 2423.54 2419.75 2413.33 2401.79 2482.00 2558.46 2628.17 2659.60 2698.60 2741.79 2643.10 2551.06 2478.51 2460.10 2462.87 2493.13 2521.83 2554.83
2593.72 2497.95 2386.72 2255.81 2243.64 2228.19 2229.80 2116.44 1993.79 1864.95 1895.43 2165.32 2411.75 2456.44 2466.75 2498.17 2425.73 2342.31 2242.50 2255.94 2285.17 2325.05 2315.11 2306.41
2299.42 2301.92 2314.84 2337.53 2322.99 2308.38 2296.88 2313.13 2327.64 2336.96 2353.65 2367.03 2379.15 2419.60 2463.44 2507.62 2431.88 2360.87 2278.16 2268.71 2235.78 2202.42 2218.75 2235.55
2253.11 2251.03 2251.32 2253.83 2246.23 2239.08 2232.31 2171.10 2103.82 2024.93 2063.47 2096.18 2107.27 2112.38 2130.52 2157.57 2149.07 2165.76 2202.52 2195.93 2233.12 2305.19 2303.22 2302.16
