2665.78 2688.47 2711.28 2734.16 2770.89 2808.91 2847.76 2863.58 2877.13 2885.96 2836.83 2786.91 2739.19 2715.63 2693.90 2672.85 2629.43 2589.08 2515.64 2459.33 2364.03 2269.88 2219.86 2167.18
2113.52 2138.52 2166.66 2196.79 2216.40 2235.46 2251.86 2189.87 2140.87 2113.07 2068.66 2022.87 1979.25 1943.83 1907.83 1873.77 1867.48 1972.55 2092.61 2080.92 2067.17 2042.37 1970.48 1973.34
2045.57 2152.92 2240.03 2319.05 2265.01 2217.48 2181.49 2139.70 2095.17 2048.87 2088.47 2162.26 2201.37 2227.24 2268.05 2318.32 2241.24 2133.78 2007.96 2086.86 2157.97 2221.76 2194.69 2167.43
2145.95 2176.55 2209.33 2245.93 2259.47 2277.10 2300.00 2320.17 2331.57 2319.98 2322.27 2321.26 2308.14 2227.94 2153.28 2088.06 1879.07 1567.65 1285.00 1464.00 1799.40 1947.20 2071.00 2185.70
2261.18 2295.22 2329.23 2362.16 2353.45 2343.49 2335.62 2329.61 2308.14 2276.88 2221.82 2170.91 2107.13 2092.96 2084.65 2085.19 2144.95 2211.91 2278.48 2292.40 2304.72 2317.75 2312.63 2313.95
2322.24 2315.58 2310.47 2308.03 2316.12 2323.06 2330.56 2382.11 2425.60 2456.36 2468.89 2475.42 2478.25 2479.90 2483.75 2487.93 2424.31 2349.92 2261.65 2301.30 2342.17 2384.21 2405.51 2438.58
2479.08 2466.92 2457.01 2450.46 2401.91 2356.33 2319.93 2323.55 2325.63 2320.74 2273.90 2234.82 2207.04 2198.79 2187.67 2182.48 2185.85 2199.13 2221.18 2235.91 2254.35 2276.55 2278.04 2281.51
2290.10 2293.98 2299.15 2305.86 2281.50 2260.01 2241.26 2164.34 2105.94 2028.97 1944.63 2085.96 2271.86 2342.54 2431.32 2527.26 2458.72 2380.56 2286.81 2283.75 2285.87 2294.76 2288.73 2281.98
2274.17 2255.07 2234.67 2214.34 2170.81 2125.73 2082.32 2044.45 2012.65 1980.54 1836.88 1850.74 1974.60 1968.32 1970.96 1986.44 2051.13 2113.95 2160.28 2110.80 2078.13 2079.07 2089.44 2102.75
2118.10 2103.08 2099.36 2106.24 2097.79 2095.12 2097.13 2157.25 2212.99 2259.23 2343.17 2415.53 2475.33 2511.40 2551.31 2594.43 2560.69 2526.12 2485.29 2423.35 2356.93 2281.64 2248.27 2214.15
2178.76 2156.50 2132.23 2108.49 2203.86 2290.97 2368.50 2408.11 2445.88 2475.75 2465.79 2456.26 2453.48 2452.86 2453.47 2449.90 2417.01 2383.53 2346.81 2343.48 2361.34 2398.59 2320.21 2230.52
2131.08 2033.80 2043.67 2160.98 2293.39 2475.58 2638.19 2696.08 2751.55 2799.82 2795.72 2797.51 2805.03 2770.31 2738.32 2710.84 2628.04 2536.93 2433.28 2384.07 2359.48 2367.66 2303.52 2235.13
2164.27 2164.49 2163.55 2161.85 2117.71 2069.39 2022.40 2025.21 2031.94 2035.72 2086.89 2131.11 2174.65 2111.25 2049.38 1989.78 2104.06 2208.39 2305.01 2211.31 2104.75 1984.99 1977.75 1986.25
2009.41 1945.71 1878.18 1804.25 1759.07 1720.36 1691.23 1452.07 1623.48 1856.69 1889.85 1917.80 1945.26 1835.56 1715.38 1583.98 1675.73 1899.56 2096.22 2130.29 2165.59 2200.41 2215.97 2232.60
2251.75 2240.36 2230.02 2223.61 2223.36 2230.11 2241.96 2243.54 2250.56 2253.13 2300.80 2319.20 2321.51 2285.56 2248.61 2207.38 2195.56 2191.60 2196.53 2208.39 2222.25 2239.33 2236.84 2235.73
2233.60 2236.31 2241.11 2248.63 2241.48 2233.50 2226.18 2261.37 2292.57 2313.67 2364.17 2409.50 2448.23 2421.64 2398.73 2382.04 2326.57 2267.08 2207.90 2224.98 2241.34 2256.69 2257.99 2264.70
2278.77 2281.80 2289.96 2307.48 2309.54 2319.78 2336.77 2239.68 2147.27 2062.89 2029.68 2050.90 2105.73 1942.64 1787.54 1705.51 1360.07 1322.81 1713.96 1855.35 2025.59 2168.56 2197.30 2232.17
2275.06 2280.66 2285.84 2292.03 2309.40 2328.39 2348.56 2424.51 2493.11 2547.28 2585.59 2623.39 2655.78 2638.76 2629.36 2627.11 2530.05 2417.39 2282.38 2280.85 2299.69 2299.22 2310.69 2506.12
2715.61 2845.94 2975.66 3101.89 3069.37 3032.86 2994.62 2996.01 2998.88 3000.94 3017.45 3035.23 3050.61 3002.39 2962.37 2934.33 2799.69 2642.51 2453.22 2395.30 2338.34 2286.87 2259.41 2236.52
2218.58 2153.16 2093.15 2048.29 1648.48 1471.54 1923.70 1876.12 1910.29 1987.84 2139.00 2262.94 2353.20 2361.21 2402.05 2465.42 2422.90 2377.68 2327.95 2342.87 2357.96 2374.44 2370.74 2367.78
2362.86 2366.06 2372.91 2384.23 2426.86 2478.89 2537.42 2597.44 2649.86 2689.30 2718.86 2738.30 2748.44 2747.83 2748.30 2752.11 2724.30 2696.39 2666.21 2700.03 2733.26 2765.40 2772.25 2780.37
2790.09 2758.26 2725.27 2691.04 2633.69 2578.35 2526.09 2505.13 2480.83 2449.29 2344.99 2264.92 2222.02 2028.19 2083.06 2371.40 2582.28 2761.19 2876.68 2872.29 2868.03 2867.44 2844.86 2819.91
2795.33 2669.53 2524.48 2353.06 2369.96 2386.60 2403.64 2366.94 2346.01 2337.09 2379.24 2422.49 2467.34 2363.39 2255.67 2146.87 1999.87 1834.27 1696.70 1749.61 1963.70 2250.34 2287.18 2336.29
2382.37 2339.62 2298.34 2259.75 2233.20 2210.81 2194.35 2043.89 1954.15 1847.22 1899.71 2032.65 2163.29 2296.46 2413.34 2520.42 2488.33 2439.16 2381.38 2374.10 2366.44 2359.38 2352.07 2343.76
2335.88 2311.36 2289.28 2271.08 2133.59 2095.51 2192.88 2069.65 1924.38 1739.89 1752.37 1794.91 1851.06 1717.70 1613.37 1606.95 1818.61 2006.56 2159.00 2136.37 2151.54 2205.61 2162.36 2116.07
2067.40 2089.26 2101.94 2119.82 1997.84 1893.65 1854.48 1657.03 1386.07 1202.92 1525.39 1743.84 1894.54 1672.24 1391.51 1237.06 1112.80 1415.66 1665.23 1784.31 1901.15 2011.08 1761.16 1387.61
1504.45 1714.74 1883.07 2059.74 2155.86 2249.98 2344.40 2333.14 2326.52 2317.93 2229.88 2139.56 2050.82 2074.72 2098.87 2125.09 2061.98 2074.59 2176.48 2223.85 2276.68 2329.49 2342.32 2354.30
2366.86 2359.69 2351.36 2345.16 2339.79 2346.67 2364.54 2215.33 2113.42 2106.59 2171.72 2626.27 2947.87 2968.16 2990.54 3018.07 2962.05 2898.98 2827.36 2740.74 2644.39 2533.95 2458.94 2375.40
2284.96 2283.27 2281.61 2284.42 2214.65 2176.54 2185.22 1950.02 1822.45 1974.26 2055.71 2130.99 2201.26 2186.19 2176.07 2172.29 2169.88 2172.47 2177.55 2202.58 2225.85 2248.39 2235.98 2223.52
2211.24 2142.16 2129.79 2182.47 2100.52 2088.33 2152.84 2092.37 2024.44 1947.76 2083.21 2187.77 2270.41 2366.50 2456.84 2541.59 2456.49 2363.14 2261.70 2300.60 2339.39 2381.01 2371.31 2359.84
2348.97 2346.15 2344.42 2344.25 2342.26 2340.93 2338.28 2401.97 2458.28 2499.70 2508.74 2512.47 2515.06 2433.51 2351.43 2267.39 2222.06 2177.52 2137.05 2164.37 2203.45 2252.36 2240.24 2241.10
2253.11 2238.47 2224.00 2210.38 2194.42 2181.41 2173.02 2069.97 1969.72 1876.14 1984.61 2077.05 2152.66 2163.61 2185.51 2217.52 2180.20 2141.46 2105.11 2129.63 2154.26 2178.27 2167.96 2161.94
2161.88 2144.36 2129.39 2117.52 2115.41 2113.54 2111.42 2117.75 2119.47 2115.36 2190.09 2256.19 2306.62 2282.35 2261.37 2245.81 2205.27 2168.23 2140.51 2174.01 2208.82 2243.69 2314.21 2381.42
2446.52 2409.59 2371.23 2332.79 2325.14 2320.55 2318.50 2367.18 2406.76 2434.40 2444.84 2457.99 2469.62 2448.70 2431.12 2419.15 2390.66 2360.43 2329.15 2315.99 2301.37 2286.15 2279.91 2273.10
2267.02 2266.63 2267.54 2267.98 2268.50 2270.84 2275.90 2302.47 2323.94 2334.87 2270.00 2209.60 2154.61 2003.08 1782.75 1494.81 1467.84 1626.54 1829.68 1922.53 2018.17 2120.15 2112.36 2118.99
2140.65 2157.04 2175.85 2188.75 2191.43 2194.37 2201.69 2187.48 2168.66 2139.51 2148.23 2163.69 2183.99 2197.15 2214.03 2240.37 2162.30 2070.27 1960.74 1964.55 1967.83 1972.68 2005.31 2038.15
2073.99 2108.98 2143.70 2177.06 2142.90 2109.28 2074.46 2036.74 1996.48 1950.30 2037.85 2139.03 2236.12 2289.89 2329.80 2375.94 2340.86 2305.47 2264.99 2210.59 2158.01 2113.18 2120.18 2135.34
2158.74 2191.97 2241.26 2301.10 2391.30 2520.15 2664.00 2545.17 2465.06 2475.82 2458.72 2456.24 2468.05 2540.00 2623.70 2715.51 2717.53 2719.75 2724.97 2711.09 2693.20 2672.78 2600.47 2519.25
2426.28 2469.56 2516.26 2565.61 2507.46 2444.80 2378.18 2412.22 2443.53 2467.92 2379.59 2289.89 2210.53 2222.45 2248.28 2283.66 2296.60 2309.26 2324.21 2190.54 2040.56 1877.12 1971.20 2054.66
2133.56 2143.06 2153.41 2163.71 2169.44 2176.77 2186.36 2232.57 2273.07 2308.34 2319.74 2300.92 2299.74 2282.63 2264.58 2246.83 2299.45 2332.28 2372.85 2315.91 2263.23 2221.50 2294.43 2367.70
2439.08 2407.55 2376.55 2343.37 2277.28 2211.57 2147.24 2194.01 2233.71 2263.61 2188.94 2141.99 2132.00 2100.58 2107.92 2149.23 2143.26 2143.88 2154.34 2169.95 2192.39 2223.51 2272.48 2329.70
2389.35 2330.66 2275.26 2226.39 2191.02 2185.97 2212.75 2336.59 2440.62 2527.08 2599.14 2634.20 2669.62 2621.72 2561.69 2486.82 2483.05 2532.26 2565.77 2508.95 2447.33 2392.59 2345.85 2428.27
2587.07 2536.52 2561.00 2654.85 2574.03 2481.02 2371.10 2325.88 2271.64 2208.20 2176.57 2161.18 2164.03 2024.51 1871.83 1705.82 1398.19 1259.66 1237.43 1762.12 2076.04 2291.54 2306.05 2331.08
2365.21 2369.99 2374.56 2379.63 2379.14 2383.25 2391.88 2445.65 2486.79 2516.38 2569.97 2609.50 2636.36 2638.30 2641.95 2650.12 2642.79 2636.12 2636.32 2642.95 2646.95 2649.60 2666.63 2689.48
2716.58 2694.58 2671.35 2651.70 2684.84 2719.23 2754.02 2720.58 2681.71 2635.53 2578.84 2524.84 2468.54 2386.39 2299.79 2222.54 2162.71 2092.90 2015.33 1873.23 1938.26 2041.96 2006.04 1939.11
1801.64 1736.18 1541.80 1793.43 1734.49 1823.50 1948.87 1757.84 1554.50 1517.72 1668.09 1778.99 1857.26 1926.67 2029.74 2136.10 2062.99 2150.82 2388.08 2495.71 2599.70 2703.99 2647.59 2583.73
2512.10 2535.25 2559.72 2583.83 2535.01 2480.63 2420.99 2329.24 2232.03 2130.91 1917.51 1881.03 2007.51 2046.77 2098.61 2154.65 2148.53 2114.35 2087.16 2112.97 2150.37 2200.76 2162.42 2151.44
2172.40 1807.84 1274.60 1947.32 2078.26 2195.44 2247.02 2276.37 2296.20 2308.78 2407.31 2488.29 2557.91 2474.40 2406.81 2367.27 2327.66 2302.42 2275.87 2272.55 2266.62 2262.26 2316.54 2359.36
2403.95 2390.27 2376.59 2361.46 2423.65 2488.06 2553.15 2628.92 2692.49 2745.28 2696.91 2652.28 2614.12 2572.94 2527.74 2489.70 2524.47 2559.29 2596.74 2577.93 2537.60 2504.49 2474.07 2443.00
2409.45 2421.43 2412.63 2384.21 2416.03 2454.43 2497.61 2441.14 2379.28 2316.40 2314.84 2315.80 2289.02 2189.16 2078.17 1942.40 1958.80 1942.88 1934.73 1743.27 1477.33 1287.51 1472.08 1691.25
1828.61 1506.66 1339.17 1711.69 1900.62 2092.94 2261.76 2368.77 2441.23 2499.33 2389.87 2286.47 2198.59 2186.85 2177.77 2175.62 2041.60 1913.30 1925.06 2046.48 2186.53 2313.04 2309.93 2305.90
2299.60 2293.77 2289.23 2286.38 2275.57 2264.39 2252.68 2284.09 2309.13 2330.74 2405.03 2474.23 2538.05 2585.07 2634.72 2677.63 2631.94 2583.28 2534.39 2483.09 2401.82 2314.13 2302.89 2287.53
2272.42 2286.21 2308.65 2336.96 2291.98 2251.69 2223.04 1961.03 1732.77 1792.03 1702.24 1828.59 1990.39 2085.84 2170.81 2251.38 2281.77 2311.18 2340.19 2276.95 2202.75 2123.23 2161.61 2165.63
2170.50 2263.75 2310.47 2410.60 2376.31 2503.68 2658.88 2692.18 2771.49 2873.21 2893.21 2911.65 2927.37 2902.63 2884.70 2874.44 2816.48 2771.59 2750.59 2604.17 2444.85 2325.15 2309.45 2294.11
2282.65 2232.21 2177.76 2120.29 2033.39 1932.11 1814.24 1730.04 1635.16 1535.78 1617.74 1933.79 2137.12 2001.93 1883.26 1817.78 1933.81 2040.89 2146.42 2194.59 2241.10 2287.34 2284.06 2273.62
2270.69 2278.71 2286.45 2295.67 2263.38 2228.69 2192.82 2189.29 2196.95 2212.66 2388.51 2520.80 2625.50 2610.73 2594.96 2581.81 2509.53 2429.27 2345.90 2344.35 2337.55 2328.05 2315.68 2306.32
2300.03 2295.05 2292.16 2290.77 2278.28 2266.70 2253.42 2246.44 2231.82 2213.66 2248.41 2282.36 2304.48 2250.75 2219.55 2228.50 2234.56 2244.47 2263.42 2249.49 2226.41 2199.51 2200.32 2211.90
2231.82 2211.97 2192.36 2174.47 2161.64 2147.48 2133.84 2073.39 2041.61 2044.05 1903.74 1766.22 1652.76 1564.38 1582.27 1635.51 1730.81 1883.68 1998.76 2249.49 2470.32 2668.34 2619.39 2563.11
2500.73 2540.94 2588.48 2644.00 2639.97 2636.41 2633.50 2581.77 2524.12 2467.55 2338.59 2200.83 2053.39 2048.97 2134.63 2258.59 2237.32 2155.15 2070.74 2033.82 1991.01 1946.82 2014.63 2112.04
2216.83 2206.70 2193.40 2175.30 2194.65 2213.03 2235.16 2177.64 2125.44 2088.11 1880.38 1624.65 1272.32 1612.61 1845.94 1940.08 1845.40 1746.97 1664.08 1811.39 2028.12 2233.55 2303.06 2359.24
2410.28 2434.76 2459.36 2481.19 2447.48 2416.58 2381.89 2390.86 2403.23 2424.29 2286.13 2140.26 1986.56 2098.37 2200.60 2291.32 2353.60 2392.23 2431.21 2444.70 2465.19 2495.17 2478.84 2461.62
2445.43 2461.36 2510.20 2584.63 2688.96 2790.39 2889.09 2893.84 2896.02 2898.07 2926.21 2953.71 2976.46 2985.62 2998.10 3008.61 3001.14 2992.33 2984.33 2938.30 2886.23 2832.80 2853.94 2875.45
2896.33 2897.62 2899.69 2900.68 2884.38 2870.48 2856.12 2813.71 2771.36 2735.24 2726.95 2717.97 2707.48 2671.74 2647.36 2630.63 2614.86 2600.84 2591.31 2490.98 2369.14 2221.06 2164.45 2103.19
2038.77 2021.87 2011.16 2013.56 1946.55 1948.56 2019.10 2037.71 2045.74 2048.98 2095.05 2152.29 2214.19 2085.40 2027.77 2047.20 2046.58 2091.07 2173.70 2117.01 2062.88 2032.42 1854.88 1985.04
2177.23 2136.47 2119.31 2126.58 2170.49 2228.58 2292.47 2320.28 2336.38 2348.19 2477.60 2581.16 2672.29 2669.88 2670.69 2674.41 2675.22 2674.11 2676.41 2606.44 2520.10 2415.72 2409.45 2403.59
2395.96 2395.67 2397.00 2396.12 2380.99 2368.84 2359.11 2430.41 2488.51 2539.92 2426.05 2310.58 2175.84 2192.05 2215.79 2252.26 2227.47 2203.67 2182.27 2274.15 2360.59 2448.60 2471.69 2503.40
2543.80 2520.62 2492.58 2463.20 2411.63 2357.25 2298.86 2064.07 1742.60 1257.94 1360.59 1433.98 1494.41 1514.05 1734.87 1955.86 2010.59 2052.81 2096.54 2117.52 2139.73 2169.98 2220.67 2284.17
2355.41 2266.95 2168.43 2059.22 2216.38 2356.81 2453.40 2541.82 2695.61 2804.21 2741.79 2679.17 2619.58 2537.05 2455.25 2374.44 2243.26 2084.54 1883.49 1791.32 1822.81 1986.81 1999.12 2041.04
2106.67 2066.02 2055.75 2079.66 2098.06 2175.86 2285.10 2320.49 2343.86 2369.68 2426.79 2488.24 2525.44 2522.82 2512.25 2514.35 2512.71 2519.10 2535.98 2420.18 2281.66 2116.88 2160.02 2204.34
2249.39 2252.91 2258.49 2265.19 2237.11 2209.04 2180.76 2214.24 2243.56 2271.92 2254.07 2241.52 2235.36 2239.97 2253.16 2274.15 2295.35 2318.84 2341.35 2278.85 2207.92 2134.49 2143.63 2161.73
2187.36 2148.47 2112.28 2079.92 2098.88 2118.21 2140.28 2234.45 2309.04 2376.68 2339.50 2330.57 2339.39 2421.10 2493.74 2561.23 2574.92 2589.63 2606.89 2699.68 2779.83 2858.31 2829.51 2801.20
2773.39 2690.29 2611.69 2546.74 2563.60 2681.78 2843.99 2825.91 2808.96 2796.51 2847.12 2893.95 2933.71 2932.10 2929.93 2932.79 2884.63 2835.59 2786.40 2746.08 2695.74 2641.11 2676.41 2716.14
2759.84 2723.77 2685.54 2646.81 2577.12 2505.04 2434.03 2355.02 2276.41 2211.40 2308.12 2425.98 2541.95 2471.41 2400.72 2331.12 2271.61 2211.90 2156.87 2196.66 2230.47 2263.29 2271.32 2282.91
2297.00 2320.17 2351.95 2391.96 2361.67 2329.09 2297.80 2300.81 2292.68 2280.97 2312.65 2348.58 2387.97 2334.21 2282.59 2235.41 2206.14 2184.21 2174.34 2162.30 2142.13 2121.96 2079.45 2034.63
1990.14 2016.94 2063.34 2128.50 2154.08 2179.44 2206.55 1988.47 1697.30 1241.95 1431.82 1652.59 1793.84 1745.98 1715.70 1703.90 1718.14 1745.04 1786.64 1800.27 1806.77 1812.59 1820.68 1820.57
1794.88 1701.86 1620.93 1445.56 1591.14 1645.61 1730.09 1615.10 1485.00 1383.87 1650.74 1825.41 1956.67 1879.08 1792.47 1693.35 1834.66 1965.14 2087.53 2144.37 2173.43 2201.60 2209.93 2218.44
2228.37 2132.86 2025.18 1898.64 1758.50 1540.64 1456.21 1382.04 1323.05 1286.37 1214.63 1333.45 1482.24 1674.08 1824.15 1953.80 2021.35 2091.34 2166.02 2184.82 2211.07 2249.53 2238.37 2245.68
2273.32 2258.12 2246.51 2240.53 2221.43 2206.48 2193.67 2143.55 2085.21 2022.36 2183.57 2303.65 2399.41 2362.19 2333.32 2313.02 2342.73 2375.74 2414.76 2359.67 2283.83 2191.67 2204.07 2217.70
2232.75 2201.62 2173.75 2148.85 1975.63 1747.94 1415.98 1315.41 1430.44 1583.90 1766.23 1903.61 2002.58 2029.77 2073.45 2109.27 2033.06 1950.24 1862.60 1813.74 1769.77 1709.93 1431.02 1834.12
2109.13 2073.21 2103.54 2192.79 2208.70 2229.06 2253.61 2152.69 2037.94 1910.20 1814.26 1725.27 1653.66 1513.00 1399.39 1192.10 1066.82 1186.14 1387.65 1683.38 1921.98 2119.74 2144.74 2166.00
2178.68 2197.59 2216.38 2234.33 2211.96 2192.35 2174.19 2087.09 1987.16 1878.99 2073.12 2219.49 2308.57 2338.17 2370.87 2406.16 2458.82 2510.61 2569.62 2547.16 2514.02 2476.00 2445.03 2422.93
2412.27 2412.22 2414.57 2419.74 2379.80 2337.99 2293.03 2317.08 2332.34 2341.75 2242.04 2158.89 2102.39 2077.50 2057.86 2044.28 2016.64 1991.97 1975.80 1962.57 1949.44 1948.30 2007.30 2063.75
2121.27 2130.14 2141.87 2155.86 2162.85 2175.01 2191.11 2200.50 2203.13 2200.17 2123.23 2062.42 2023.87 1896.43 1745.07 1585.08 1534.44 1478.71 1417.77 1245.02 1819.49 2163.01 2176.41 2190.87
2208.23 2209.11 2209.07 2210.30 2202.04 2197.06 2196.01 2280.09 2345.53 2399.07 2349.02 2300.94 2258.36 2265.27 2276.55 2289.97 2274.20 2264.42 2263.53 2242.76 2208.51 2167.31 2170.32 2171.81
2173.01 2164.13 2164.55 2174.42 2146.61 2126.44 2115.94 2018.01 1908.23 1790.77 1723.27 1698.25 1769.00 1809.20 1867.10 1933.54 2032.85 2130.29 2227.79 2240.38 2246.03 2236.75 2233.12 2237.34
2253.05 2244.07 2235.82 2225.97 2215.05 2207.26 2202.01 2301.44 2379.69 2443.71 2452.02 2460.00 2472.83 2467.60 2460.74 2451.34 2455.85 2463.39 2476.28 2461.13 2434.18 2402.41 2404.33 2409.09
2416.14 2373.14 2327.09 2277.41 2260.65 2243.23 2225.21 2301.75 2361.71 2408.10 2404.66 2399.00 2393.95 2364.51 2341.92 2324.88 2334.49 2346.13 2361.09 2354.36 2335.03 2312.19 2332.40 2355.39
2382.47 2338.86 2292.00 2242.45 2201.02 2158.52 2111.92 2258.82 2368.69 2453.24 2405.93 2360.33 2317.22 2221.08 2125.33 2029.79 2017.11 2008.86 2008.44 2107.60 2209.69 2319.68 2346.88 2385.55
2435.09 2348.00 2273.51 2229.79 1732.77 2436.67 2896.51 2927.43 2956.19 2980.36 2972.94 2964.17 2959.99 2927.50 2898.47 2874.99 2846.02 2815.10 2786.74 2725.59 2650.69 2567.32 2483.39 2391.18
2288.16 2327.86 2377.71 2437.01 2410.71 2383.14 2358.31 2371.52 2376.80 2378.91 2369.32 2358.35 2353.39 2361.14 2366.10 2367.49 2399.36 2437.96 2486.02 2407.28 2299.01 2168.95 2149.35 2128.88
2103.46 2051.55 1995.56 1936.56 1897.70 1855.40 1811.98 1569.26 1192.49 1154.11 1593.58 1872.55 2037.85 1983.10 1943.44 1900.44 1962.33 2036.17 2115.50 2176.57 2233.71 2286.49 2303.76 2314.91
2325.44 2337.94 2350.35 2362.08 2344.02 2330.85 2322.94 2356.33 2378.51 2396.46 2365.74 2335.43 2292.46 2352.24 2406.11 2430.73 2419.28 2420.83 2439.49 2423.59 2392.54 2355.18 2344.87 2340.14
2338.77 2336.87 2333.68 2330.30 2308.08 2284.69 2258.78 2335.38 2394.46 2447.17 2477.97 2507.58 2528.83 2505.57 2483.60 2459.29 2451.14 2450.09 2457.18 2486.39 2507.51 2529.38 2542.06 2575.65
2628.90 2579.99 2528.74 2478.16 2382.42 2284.27 2191.97 2151.88 2135.02 2140.54 2014.34 2051.89 2101.50 2001.74 1905.33 1818.64 1793.79 1797.96 1843.78 1913.31 2012.01 2135.63 2127.15 2126.93
2133.64 2129.89 2126.14 2125.09 2119.90 2115.75 2115.23 2037.25 1951.86 1863.03 1914.64 1977.88 2042.43 2082.04 2121.60 2165.29 2171.73 2181.34 2193.56 2205.93 2211.01 2219.67 2179.83 2138.09
2098.70 2120.21 2125.83 2129.28 2000.41 1850.49 1674.28 1794.80 1869.49 1859.76 1883.98 1948.72 2059.44 2004.38 1956.00 1919.64 1982.73 2045.14 2108.87 2114.40 2113.31 2119.41 2102.48 2095.59
2097.15 2084.79 2074.74 2067.19 2026.25 1989.85 1965.22 1917.14 1863.75 1806.20 1623.85 1457.27 1436.62 1362.10 1429.61 1566.10 1607.00 1676.23 1760.19 1746.62 1730.28 1729.70 1781.91 1823.86
1912.68 1687.65 1434.82 1557.65 1788.67 1984.08 2066.81 1993.30 1922.27 1853.45 1824.19 1852.49 1913.82 1900.02 1890.08 1889.43 1768.33 1619.09 1413.26 1455.66 1643.38 1755.18 1703.15 1768.09
1904.93 1961.57 2017.42 2070.49 2105.70 2130.16 2154.14 2100.93 2046.39 1963.80 2066.98 2148.51 2211.23 2227.81 2244.34 2265.23 2264.15 2264.62 2267.70 2281.54 2281.94 2279.98 2336.83 2396.69
2459.60 2418.24 2376.09 2335.17 2306.44 2280.10 2256.73 2296.71 2324.59 2344.63 2330.64 2312.99 2288.44 2299.38 2310.53 2322.38 2287.38 2249.17 2209.62 2255.26 2288.87 2312.27 2244.34 2208.22
2228.33 2232.85 2242.39 2241.88 2213.38 2245.11 2315.18 2277.84 2263.04 2271.96 2333.60 2397.49 2464.14 2388.00 2317.16 2260.19 2045.44 1903.34 2028.27 2097.81 2194.26 2290.87 2257.10 2254.35
2278.72 2282.93 2287.30 2294.88 2295.93 2298.67 2300.55 2368.77 2421.10 2460.30 2514.87 2570.19 2620.23 2604.72 2595.02 2593.88 2624.00 2645.28 2669.53 2576.00 2473.70 2386.28 2443.15 2509.79
2578.62 2623.66 2664.67 2706.14 2762.71 2820.03 2876.81 2790.17 2699.87 2610.87 2631.51 2626.42 2593.94 2720.95 2785.61 2816.94 2859.19 2904.95 2951.94 2926.92 2905.95 2895.61 2808.41 2714.70
2613.59 2508.36 2401.06 2301.93 2268.39 2263.97 2291.13 2197.15 2097.55 1992.46 1988.55 1992.88 2000.83 2026.22 2081.17 2154.40 2151.13 2178.60 2236.20 2246.61 2262.70 2275.22 2296.26 2319.35
2340.35 2328.06 2319.26 2314.90 2314.15 2320.06 2330.53 2381.48 2426.52 2461.61 2453.94 2447.52 2438.09 2411.91 2392.02 2381.29 2369.64 2360.49 2357.77 2362.02 2353.11 2339.36 2381.63 2425.46
2471.58 2437.14 2400.25 2360.23 2352.51 2345.00 2335.14 2378.73 2411.47 2435.26 2449.10 2460.31 2472.40 2431.76 2399.12 2376.90 2387.48 2399.31 2411.76 2439.13 2456.06 2473.43 2443.02 2427.47
2431.54 2388.51 2343.50 2295.35 2269.73 2243.91 2216.22 2267.71 2308.36 2330.83 2261.17 2206.73 2168.79 2090.34 2012.90 1940.81 1953.05 1968.59 1989.58 1979.69 1957.25 1932.69 1998.71 2062.14
2124.23 2065.56 1992.65 2042.90 2054.57 2332.68 2631.67 2719.25 2797.85 2866.50 2776.67 2685.68 2589.92 2613.36 2638.17 2666.49 2595.63 2523.10 2451.93 2373.21 2269.92 2151.88 2206.33 2262.97
2324.34 2318.32 2314.38 2314.71 2320.39 2328.10 2336.93 2352.92 2383.39 2417.44 2414.10 2415.18 2419.77 2365.15 2312.29 2264.23 2177.37 2080.89 1974.92 1790.28 1576.30 1634.29 1432.10 1928.63
2231.62 2211.00 2191.24 2169.73 2162.01 2158.39 2159.03 2131.30 2104.73 2077.62 2146.12 2198.73 2238.42 2258.80 2281.33 2307.56 2310.55 2315.15 2322.44 2319.44 2302.16 2279.56 2282.85 2287.47
2290.34 2284.42 2280.25 2279.49 2272.97 2267.69 2260.16 2335.71 2393.95 2434.13 2431.87 2424.10 2415.21 2378.77 2346.30 2322.06 2302.88 2286.31 2276.49 2304.40 2321.12 2335.49 2347.84 2361.00
2377.68 2351.15 2322.09 2292.41 2245.68 2197.25 2149.56 2164.64 2176.60 2178.87 2013.09 1855.58 1743.12 1818.01 1885.45 1955.12 1994.73 2037.31 2080.43 2066.36 2038.25 2003.77 2054.49 2106.97
2162.69 2018.27 1847.25 1669.23 1683.62 1723.53 1777.04 1725.37 1645.38 1448.22 1304.50 1132.26 993.30 1372.41 1599.38 1747.67 1878.22 1991.59 2103.04 2136.48 2181.50 2242.92 2268.75 2293.93
2317.99 2157.08 1957.85 1690.12 1423.10 1375.52 1662.39 1697.37 1750.01 1799.38 1680.25 1572.92 1507.59 1684.18 1819.65 1875.31 1931.58 1990.94 2052.64 2054.44 2043.66 2031.50 2023.48 2035.18
2069.36 2076.20 2087.96 2105.33 2086.77 2075.15 2068.72 2045.23 2034.03 2025.71 1922.83 1924.57 2004.84 2055.59 2108.45 2164.30 2114.26 2062.65 2009.28 2032.45 2044.43 2055.23 2066.13 2078.48
2091.83 2119.72 2149.41 2180.97 2147.45 2136.21 2155.10 2099.66 2047.23 1997.48 1975.13 1979.60 1991.43 2057.88 2133.77 2210.39 2205.38 2200.20 2200.33 2215.23 2209.96 2213.11 2220.41 2229.94
2242.89 2248.64 2254.34 2258.11 2240.32 2235.70 2243.18 2321.93 2382.04 2424.82 2416.84 2408.52 2399.71 2290.37 2177.09 2062.31 1912.93 1749.30 1639.54 1728.99 1851.89 2020.20 2033.41 2047.15
2063.69 2062.36 2058.00 2044.40 2042.46 2044.10 2048.13 2019.95 2001.25 1983.50 2041.75 2129.37 2212.38 2274.67 2333.67 2392.20 2401.69 2412.15 2424.89 2430.80 2424.49 2412.51 2454.59 2499.66
2548.44 2509.16 2464.92 2416.68 2373.12 2327.13 2278.34 2285.24 2287.46 2283.10 2217.96 2155.12 2098.66 2088.60 2109.26 2167.27 2128.89 2091.18 2052.43 2033.66 2010.06 1993.02 2004.41 2018.79
2035.79 2052.82 2068.74 2088.36 2098.20 2107.35 2113.11 2180.60 2257.42 2329.83 2365.05 2396.97 2434.82 2417.77 2398.83 2394.53 2364.50 2332.18 2296.81 2281.17 2255.07 2226.27 2238.47 2252.04
2266.54 2194.50 2113.06 2034.89 2000.96 1971.12 1948.35 1864.80 1780.85 1689.14 1411.94 1373.46 1599.74 1638.25 1736.59 1864.24 1974.67 2086.60 2170.78 2106.10 2024.08 1921.62 2014.87 2096.19
2182.59 2201.43 2229.90 2270.64 2218.06 2191.23 2192.51 1883.25 1693.78 1942.03 1819.39 1838.00 1939.62 2001.97 2073.47 2140.44 2162.88 2187.39 2216.67 2180.32 2131.99 2062.20 2046.60 2042.18
2052.78 2021.74 2011.31 2023.21 2011.81 2006.42 2004.64 1967.61 1935.87 1911.02 1905.65 1907.26 1916.11 1887.48 1904.61 1953.94 2028.29 2086.36 2148.65 2029.84 1991.94 2097.24 2059.55 2021.42
1893.41 1907.11 1950.00 2019.47 2044.79 2075.09 2104.90 2120.52 2132.20 2137.64 2059.70 1986.84 1922.54 1932.26 1966.18 2016.39 1989.14 1974.25 1984.16 2019.37 2049.20 2060.61 2065.08 2070.05
2076.93 2067.39 2060.19 2052.98 2037.32 2027.52 2018.93 2045.88 2091.30 2134.52 2182.20 2224.93 2263.19 2234.77 2213.86 2199.07 2225.66 2260.03 2302.91 2268.08 2213.54 2139.56 2225.96 2312.62
2399.60 2414.58 2433.33 2455.51 2376.29 2287.56 2177.82 2171.33 2163.49 2150.09 2108.94 2070.43 2028.07 2052.84 2085.42 2119.26 2173.77 2233.22 2297.87 2271.03 2226.67 2167.43 2160.29 2154.68
2152.12 2127.46 2102.28 2076.86 2037.97 2012.68 1998.54 2020.84 2082.95 2146.26 2173.70 2203.88 2231.43 2233.88 2245.31 2264.75 2330.15 2395.94 2463.57 2501.39 2533.67 2566.40 2543.38 2521.60
2501.40 2472.60 2456.07 2451.49 2401.98 2313.04 2209.19 2183.01 2213.87 2269.35 2274.25 2248.80 2224.37 2149.37 2090.37 2050.82 2022.68 1999.27 1986.48 2049.04 2104.54 2159.34 2042.58 1901.14
1728.81 1450.75 1608.84 1900.46 2228.66 2472.44 2668.05 2669.08 2669.87 2674.37 2661.66 2652.84 2655.03 2630.64 2612.75 2592.61 2571.51 2551.48 2535.37 2496.26 2444.42 2382.81 2391.04 2403.20
2420.51 2423.41 2425.93 2427.38 2432.54 2437.91 2438.87 2429.23 2418.80 2418.43 2396.50 2385.03 2383.69 2337.36 2315.98 2328.21 2287.03 2248.71 2212.30 2187.76 2208.90 2253.00 2175.19 2093.42
2010.46 1976.59 1940.37 1903.02 1965.42 2040.54 2077.68 2061.31 2059.40 2058.61 2003.18 1956.56 1898.68 1926.19 2018.94 2143.24 2161.41 2181.70 2203.69 2126.75 2035.86 1942.94 1933.06 1923.95
1923.09 1828.68 1730.64 1650.17 1720.79 1845.03 1929.04 1799.82 1666.50 1500.33 1294.46 1022.07 888.14 1090.33 1088.25 1354.96 1404.56 1582.55 1764.09 1869.66 1957.91 2021.69 2032.90 2055.98
2087.16 2110.52 2138.73 2172.38 2165.83 2159.15 2147.68 2084.26 2021.62 1954.41 1952.08 1954.24 1961.13 1942.82 1953.50 1987.87 2028.10 2074.71 2129.44 2136.67 2146.82 2139.44 2127.86 2117.75
2112.44 2073.48 2032.91 1992.17 1927.51 1865.33 1807.27 1770.68 1744.89 1724.70 1767.12 1801.94 1831.54 1690.68 1642.75 1727.61 1849.51 1960.77 2067.51 2068.65 2071.28 2085.22 2080.84 2084.18
2096.58 2095.78 2095.66 2097.05 2084.82 2078.24 2067.23 1960.42 1861.46 1770.38 1664.64 1580.14 1526.78 1504.36 1515.49 1558.65 1684.91 1829.59 1972.33 2008.53 2044.19 2086.94 2086.08 2088.09
2094.51 2093.90 2095.81 2101.70 2087.10 2071.16 2049.41 2092.10 2129.04 2154.73 2116.52 2078.32 2041.47 2007.23 1985.76 1976.69 2038.66 2109.24 2187.79 2179.64 2159.02 2127.98 2135.47 2146.89
2160.31 2199.34 2245.04 2295.10 2286.63 2279.76 2267.41 2327.39 2376.53 2409.89 2407.73 2405.46 2401.85 2367.12 2337.55 2312.60 2302.60 2293.84 2288.99 2320.79 2353.91 2390.55 2419.37 2452.42
2489.31 2479.26 2470.75 2464.13 2447.67 2429.98 2406.99 2447.65 2489.42 2517.86 2456.86 2398.62 2329.30 2262.77 2201.51 2146.79 2155.64 2181.26 2219.05 2223.90 2218.87 2198.41 2200.54 2203.16
2206.75 2201.31 2195.58 2189.36 2051.28 1901.90 1772.85 1670.05 1775.09 1919.36 1957.61 2013.57 2075.51 2073.71 2089.05 2119.68 2162.84 2207.94 2260.98 2228.81 2192.09 2140.72 2133.16 2126.37
2115.96 2128.46 2141.25 2157.95 2168.12 2179.20 2185.79 2222.28 2284.96 2347.48 2378.61 2426.48 2469.07 2459.82 2455.78 2456.81 2511.91 2568.99 2629.02 2586.67 2528.67 2452.11 2511.36 2574.65
2638.98 2562.37 2514.38 2508.27 2482.60 2455.08 2434.18 2499.49 2565.56 2629.66 2614.09 2602.36 2592.71 2594.53 2603.35 2613.57 2546.04 2477.65 2409.34 2351.62 2290.15 2243.34 2254.80 2265.33
2275.93 2273.22 2270.00 2266.82 2244.00 2220.49 2186.93 2106.92 2030.81 1952.32 1965.61 1988.92 2014.20 2002.79 2004.83 2021.81 2056.52 2096.38 2143.56 2132.42 2113.13 2086.76 2113.42 2140.36
2168.58 2201.00 2238.40 2279.09 2318.94 2357.99 2391.43 2383.08 2372.72 2358.54 2352.48 2346.91 2340.69 2354.94 2382.14 2419.30 2457.53 2498.04 2541.90 2554.84 2560.93 2561.76 2585.80 2614.26
2647.90 2616.71 2584.44 2551.47 2458.34 2353.58 2227.00 2268.70 2302.40 2325.17 2330.47 2335.96 2342.57 2349.45 2368.36 2398.09 2425.80 2455.53 2490.46 2452.14 2399.17 2331.30 2332.23 2335.69
2341.69 2310.56 2279.80 2247.35 2221.85 2195.86 2162.58 2233.12 2292.60 2336.79 2337.12 2340.42 2344.68 2321.71 2309.18 2306.02 2357.93 2415.58 2479.74 2430.78 2364.49 2277.17 2304.87 2333.08
2361.94 2331.96 2301.22 2270.57 2278.07 2285.95 2287.83 2303.15 2316.58 2323.81 2324.24 2326.11 2345.46 2318.42 2297.62 2302.48 2300.95 2305.49 2306.08 2314.81 2316.36 2312.36 2336.91 2366.07
2401.18 2385.84 2370.96 2357.61 2358.61 2359.75 2355.50 2331.97 2309.50 2283.58 2279.23 2273.11 2266.42 2242.58 2226.38 2217.82 2241.97 2273.98 2315.65 2315.91 2308.06 2292.16 2341.29 2392.89
2446.16 2410.79 2374.49 2337.09 2306.48 2273.67 2233.12 2283.90 2329.40 2364.84 2310.32 2262.58 2241.63 2161.53 2074.87 1971.91 1986.08 2012.62 2051.48 2045.35 2027.53 1997.37 2075.97 2147.75
2215.86 2186.46 2158.19 2131.72 2039.09 1945.39 1850.97 1925.12 1987.75 2049.00 1842.81 1567.63 1117.58 1349.12 1434.72 1699.77 1661.71 1687.07 1767.78 1873.57 1976.61 2051.15 2053.49 2052.05
2050.45 2033.62 2008.95 1987.07 1981.96 1979.36 1969.49 1969.16 1969.18 1960.91 1958.22 1956.64 1954.91 1951.57 1974.80 2018.56 2047.92 2086.05 2142.78 2096.25 2053.58 2029.14 2040.34 2048.74
2040.71 1956.73 1864.59 1837.05 1800.58 1745.75 1753.85 1746.18 1736.82 1714.79 1741.68 1750.38 1768.44 1782.26 1797.72 1809.39 1832.33 1850.63 1871.60 1935.98 1979.51 2001.12 1998.93 2001.90
2010.62 1985.90 1966.21 1951.56 1930.83 1908.04 1877.12 1814.53 1749.23 1672.79 1655.44 1706.84 1769.27 1727.31 1687.41 1666.46 1776.55 1863.65 1954.71 1934.09 1917.34 1872.41 2019.64 2162.56
2293.33 2133.82 1933.58 1654.67 1711.15 1760.60 1771.28 1614.81 1426.65 1157.61 1278.78 1387.27 1470.84 1398.69 1428.40 1523.74 1671.22 1814.36 1945.24 1966.88 1976.71 1971.89 1969.81 1970.13
1968.52 1924.09 1884.75 1851.00 1836.15 1826.20 1768.83 1742.99 1717.28 1687.99 1637.31 1630.85 1660.04 1670.29 1709.84 1765.83 1740.80 1720.52 1704.31 1815.69 1912.04 2000.72 1992.46 1981.84
1967.44 1969.74 1997.24 2046.54 2018.99 1992.28 1963.52 2005.74 1999.69 1942.56 1857.00 1775.33 1695.98 1719.65 1777.19 1849.90 1903.93 1960.25 2011.48 2019.47 2018.81 2007.01 1977.86 1951.39
1927.54 1912.47 1899.75 1887.35 1910.42 1934.61 1953.29 1890.58 1825.38 1757.38 1750.09 1748.05 1745.53 1823.62 1897.87 1974.62 1985.70 2004.24 2012.92 2024.60 2013.22 1992.87 1794.08 1461.23
1289.73 1267.65 1532.97 1737.65 1647.42 1547.05 1436.92 1267.60 1512.38 1620.93 1541.56 1443.84 1472.50 1438.86 1471.07 1564.90 1589.35 1645.18 1717.41 1827.55 1935.55 2006.96 2000.67 1996.93
1994.61 1984.07 1987.55 2013.89 2003.52 1993.60 1977.02 1988.34 2027.27 2071.76 2043.43 2017.16 1993.66 1951.88 1928.01 1922.92 1884.55 1849.70 1816.00 1839.60 1888.10 1963.68 1903.16 1830.06
1759.36 1682.59 1635.27 1645.31 1498.97 1384.33 1420.44 1195.84 1033.21 1165.50 1023.14 940.42 813.80 1091.64 1313.02 1490.40 1624.09 1762.22 1893.69 1928.52 1967.87 1983.65 1981.13 1979.93
1979.28 1983.81 1990.37 1997.56 2014.31 2029.50 2034.46 2044.05 2067.16 2089.75 1792.41 1561.18 1668.91 1886.51 2060.86 2197.46 2185.50 2176.36 2169.05 2209.07 2278.08 2370.16 2465.75 2567.77
2672.06 2645.96 2617.62 2588.08 2565.40 2542.30 2513.35 2493.30 2473.43 2450.19 2390.37 2338.25 2293.40 2271.99 2256.26 2249.17 2234.19 2221.48 2207.10 2158.34 2093.51 2003.80 2008.37 2012.72
2019.62 2018.33 2016.86 2014.53 1860.58 1665.66 1362.76 1324.86 1554.27 1714.62 1746.36 1777.68 1798.85 1848.89 1887.61 1920.10 2011.29 2098.08 2180.88 2157.34 2116.96 2066.06 2065.55 2069.31
2076.90 2075.93 2076.37 2075.46 1985.58 1901.84 1835.15 1540.39 1410.66 1625.42 1748.58 1962.25 2127.14 2158.69 2206.80 2265.49 2253.27 2248.92 2251.04 2207.61 2147.26 2063.15 2024.30 1981.97
1936.22 1912.66 1887.21 1862.67 1584.04 1118.56 1231.42 1069.28 1036.23 1107.95 1424.68 1622.06 1761.41 1800.71 1842.97 1887.55 2011.68 2129.07 2237.86 2215.49 2186.39 2127.31 2126.80 2128.02
2129.15 2154.36 2188.22 2228.51 2213.96 2201.03 2179.84 2260.70 2325.86 2373.27 2368.79 2365.31 2363.53 2331.73 2313.26 2306.84 2300.16 2299.93 2304.84 2282.66 2246.51 2192.00 2233.94 2277.06
2320.92 2331.68 2343.86 2356.22 2359.99 2365.29 2364.49 2349.01 2331.32 2306.33 2266.16 2227.60 2190.03 2136.63 2088.35 2044.67 2041.81 2046.83 2059.21 2073.43 2085.60 2095.93 2121.93 2174.96
2243.20 2239.18 2234.52 2162.61 2197.20 2167.51 2139.57 2061.11 1982.42 1905.60 1860.01 1818.21 1803.15 1715.56 1695.59 1473.64 1674.41 1860.12 1962.49 1914.77 1833.46 1866.66 1752.06 1644.89
1613.56 1476.30 1165.37 1422.59 1411.86 1500.56 1610.79 1509.01 1432.95 1215.79 1287.75 1355.20 1410.71 1491.00 1566.04 1609.37 1604.10 1607.63 1616.19 1611.71 1641.54 1708.69 1785.29 1861.28
1936.02 1885.32 1830.63 1767.73 1559.91 1277.05 1129.40 1230.26 1505.64 1660.77 1697.20 1740.52 1778.34 1744.62 1721.66 1708.92 1735.68 1789.33 1857.87 1915.08 1957.93 1997.88 2026.00 2055.81
2085.97 2122.84 2173.31 2234.51 2224.15 2217.99 2211.66 2175.13 2142.63 2108.48 1992.32 1873.32 1751.13 1629.49 1496.17 1341.54 1366.36 1404.70 1450.41 1255.62 1457.71 1734.25 1821.98 1919.81
2025.45 2009.95 1994.64 1981.39 1904.17 1875.36 1904.49 1865.65 1893.13 1946.31 1929.97 1914.09 1897.65 1899.57 1911.48 1930.06 1940.26 1954.07 1969.66 1998.26 2034.69 2080.49 2157.64 2238.13
2320.54 2336.76 2356.16 2379.48 2367.54 2356.11 2337.06 2329.31 2317.93 2297.53 2252.55 2206.96 2161.89 2133.06 2110.05 2093.03 2102.08 2121.44 2148.90 2172.35 2190.94 2200.52 2231.95 2264.53
2300.69 2310.51 2321.32 2334.44 2320.64 2306.37 2283.48 2299.88 2313.11 2319.31 2301.39 2284.41 2270.43 2241.55 2219.60 2203.20 2213.01 2227.47 2245.19 2242.07 2231.80 2213.70 2286.48 2361.22
2436.93 2419.14 2401.88 2385.60 2355.03 2322.24 2282.23 2302.95 2333.84 2359.68 2233.95 2112.07 1998.89 1938.84 1881.98 1835.81 1794.46 1760.10 1740.24 1386.79 1456.47 1945.18 1946.44 1950.84
1962.08 1992.35 2024.19 2058.25 2070.87 2083.06 2088.09 2056.98 2010.11 1959.07 1917.65 1889.71 1873.25 1877.16 1903.42 1954.94 2012.75 2070.87 2130.54 2048.96 1956.33 1861.36 1859.61 1867.69
1888.96 1889.57 1899.68 1922.33 1865.48 1808.26 1751.12 1760.46 1765.23 1762.48 1806.68 1842.30 1870.89 1916.30 1968.10 2022.41 2060.03 2101.07 2143.65 2126.61 2097.24 2049.17 2065.14 2086.70
2114.86 2088.98 2062.24 2038.32 2011.56 1984.60 1945.04 1991.42 2027.99 2050.82 2047.00 2045.69 2044.97 2055.55 2080.83 2119.67 2133.25 2152.19 2174.97 2138.22 2085.41 2008.74 2019.42 2037.17
2062.32 2044.70 2026.11 2005.10 1983.31 1968.36 1951.31 2057.43 2135.06 2188.98 2155.12 2120.13 2085.40 2042.32 2005.96 1977.65 1995.81 2021.06 2051.68 2041.06 2020.78 1986.40 1975.51 1971.79
1978.73 1993.19 2006.86 2021.52 2001.85 1989.31 1976.69 2028.60 2068.14 2092.40 2021.48 1953.87 1889.73 1815.98 1788.55 1814.16 1849.39 1888.48 1929.33 1949.76 1962.81 1964.39 1971.17 1979.87
1991.53 1996.82 2003.06 2008.77 1980.32 1971.24 1968.05 1910.34 1852.57 1789.11 1650.83 1532.96 1468.86 1301.04 1096.53 911.61 1096.74 1231.44 1380.86 1588.47 1758.01 1900.61 1924.13 1951.78
1982.96 1981.53 1993.00 2017.83 1984.67 1948.01 1900.30 1830.76 1760.63 1679.16 1550.42 1441.41 1369.00 1555.63 1704.63 1831.56 1895.46 1965.24 2037.52 2026.15 2008.25 1986.84 1969.53 1950.66
1933.28 1938.74 1944.25 1948.70 1951.77 1953.30 1949.17 1893.11 1919.82 1983.26 1875.36 1766.81 1659.26 1676.37 1739.44 1824.13 1950.63 2067.64 2178.46 2138.59 2081.53 1999.12 2010.94 2031.27
2060.51 2056.17 2052.32 2048.81 2052.70 2056.92 2052.95 2056.17 2069.17 2079.66 1999.73 1920.08 1842.65 1789.83 1769.88 1786.92 1887.67 1988.54 2090.58 2091.66 2083.10 2060.02 2105.82 2160.82
2222.52 2157.76 2085.06 2004.46 1976.18 1945.58 1907.28 1952.26 1987.77 2006.07 1977.95 1953.62 1930.93 1924.31 1930.48 1949.56 2032.39 2115.47 2197.14 2194.59 2182.79 2158.28 2170.37 2193.36
2227.52 2171.46 2109.53 2043.18 2044.22 2045.11 2039.17 2060.50 2082.96 2095.88 2041.04 1993.70 1957.31 1973.58 1992.48 2014.83 2056.43 2100.03 2146.62 2108.20 2056.87 1989.36 2017.31 2055.86
2103.95 2085.56 2070.08 2059.71 2084.00 2108.80 2124.29 2145.60 2161.61 2168.11 2088.54 2010.91 1933.93 1897.14 1876.63 1872.62 1924.69 1981.55 2043.55 2021.91 1994.33 1961.13 1958.82 1967.62
1988.57 1992.91 1999.25 2009.05 1979.60 1948.64 1906.85 1877.36 1899.67 1938.72 1690.89 1397.13 1214.41 1162.56 1308.83 1509.50 1579.92 1652.19 1743.60 1806.11 1866.32 1878.82 1895.41 1912.22
1930.55 1900.94 1869.80 1834.89 1754.52 1733.12 1770.34 1630.66 1511.59 1448.74 1409.70 1299.45 1185.68 1038.37 1155.48 1347.09 1604.37 1782.31 1931.35 1908.51 1867.17 1812.09 1810.63 1810.76
1813.16 1817.32 1822.16 1831.46 1806.53 1792.25 1785.12 1770.88 1770.73 1767.24 1686.97 1613.64 1565.46 1575.66 1657.70 1780.10 1848.00 1948.87 2060.44 2035.17 1998.50 1946.16 1961.06 1975.25
1989.01 2005.61 2027.31 2053.29 2027.14 1999.74 1962.75 2001.03 2039.94 2070.26 1971.43 1872.55 1763.00 1718.36 1683.73 1693.42 1765.02 1840.24 1917.77 1948.82 1972.79 1987.13 1996.66 2007.72
2018.70 2013.93 2008.34 2002.04 1989.87 1976.60 1956.12 1893.91 1850.15 1815.58 1611.68 1367.98 1063.87 1256.75 1436.83 1585.87 1609.78 1642.95 1685.70 1762.36 1832.53 1887.16 1895.45 1907.55
1924.25 1909.90 1909.28 1924.38 1922.20 1930.48 1940.26 1913.75 1890.04 1861.08 1922.49 1974.49 2017.00 1975.38 1937.34 1906.80 1902.16 1898.84 1900.99 1913.18 1904.48 1883.49 1847.06 1810.80
1777.74 1833.89 1889.39 1945.86 1931.73 1919.92 1905.76 1851.94 1799.56 1742.00 1769.16 1796.30 1823.44 1870.20 1914.95 1947.12 1964.71 1986.26 2006.75 2009.67 2003.51 1983.09 1981.25 1979.04
1977.56 1960.48 1918.43 1867.19 1864.96 1880.39 1905.00 1879.78 1857.05 1829.67 1894.91 1956.54 2013.02 2014.20 2038.40 2077.42 2075.65 2079.17 2092.76 2039.64 1966.65 1868.23 1879.77 1891.22
1902.82 1903.86 1904.81 1906.08 1868.33 1824.21 1767.92 1577.21 1385.05 1348.29 1553.24 1737.59 1880.27 1923.62 1968.57 2015.46 2023.63 2038.45 2061.12 2021.34 1966.65 1892.98 1885.18 1877.10
1871.56 1855.16 1837.26 1821.70 1567.19 1511.47 1727.15 1670.05 1635.04 1601.73 1550.32 1509.44 1475.86 1354.99 1195.18 992.39 1018.50 1036.00 1272.06 1490.33 1668.52 1811.30 1829.35 1855.10
1888.09 1924.05 1960.46 1998.24 1999.20 2001.27 1996.43 2010.12 2039.94 2065.77 1976.11 1889.37 1788.05 1740.25 1735.57 1773.52 1836.73 1903.37 1966.91 1975.19 1974.05 1957.94 1964.18 1969.95
1977.00 1996.33 2023.00 2055.01 2090.70 2127.55 2159.45 2193.05 2219.55 2232.88 2152.88 2076.30 2003.11 1975.39 1957.60 1948.44 1988.79 2034.56 2086.21 2065.46 2031.27 1978.00 2054.93 2131.03
2199.45 2200.39 2203.54 2209.95 2210.63 2213.93 2215.32 2249.42 2276.64 2292.13 2232.09 2174.77 2120.88 2098.53 2082.05 2072.80 2105.67 2144.47 2188.99 2152.99 2097.04 2016.43 2024.57 2028.30
2029.94 2032.05 2040.76 2057.64 2071.26 2088.02 2103.69 2168.76 2220.70 2255.50 2192.19 2133.31 2078.62 2052.41 2033.05 2021.02 2053.88 2088.05 2125.56 2106.38 2075.40 2034.80 2044.01 2045.75
2048.82 2065.13 2087.17 2114.15 2103.50 2094.59 2081.73 2126.34 2160.66 2181.07 2104.96 2032.46 1964.36 1941.96 1925.25 1916.42 1947.51 1983.22 2025.07 2035.45 2037.53 2031.11 2038.72 2043.31
2045.18 2045.41 2054.93 2073.01 2063.66 2054.28 2039.76 2044.31 2048.73 2044.12 1927.22 1807.86 1684.38 1644.96 1637.16 1662.79 1726.85 1784.83 1845.93 1897.28 1941.64 1977.42 1960.67 1943.32
1926.05 1870.82 1807.73 1736.71 1674.01 1625.01 1410.13 1341.75 1737.40 1913.54 1984.42 2053.70 2119.19 2114.68 2114.97 2118.10 2185.00 2254.89 2326.31 2309.69 2278.83 2232.55 2184.50 2131.75
2074.52 2053.11 2030.59 2011.98 2005.10 1996.76 1984.46 2081.45 2159.83 2217.46 2185.17 2153.79 2126.32 2120.57 2113.11 2106.67 2097.42 2089.35 2084.33 2079.96 2063.71 2036.28 2047.18 2061.10
2078.37 2057.70 2039.11 2023.12 1948.22 1876.33 1816.16 1689.78 1579.85 1501.53 1542.78 1578.95 1606.57 1596.37 1621.24 1672.23 1633.76 1603.15 1600.59 1674.62 1741.22 1797.04 1787.86 1775.25
1766.62 1726.84 1726.15 1787.79 1813.92 1840.99 1866.07 1850.41 1831.42 1804.46 1701.37 1608.43 1537.98 1627.27 1710.33 1790.12 1831.31 1873.99 1920.09 1976.11 2017.14 2045.30 2041.28 2015.26
1987.21 1975.36 1985.08 2017.16 2021.03 2029.15 2035.24 1992.91 1949.80 1899.84 1820.03 1743.87 1636.86 1645.98 1685.16 1766.54 1777.23 1791.43 1811.87 1876.87 1941.45 1998.87 1980.78 1963.98
1949.56 1936.58 1913.14 1897.12 1791.19 1682.65 1587.96 1646.29 1687.62 1709.31 1581.15 1471.05 1379.84 1394.07 1431.34 1467.06 1567.68 1664.67 1759.67 1834.06 1900.30 1961.11 1944.48 1945.87
1967.67 1957.83 1947.97 1936.21 1918.95 1920.13 1935.61 1930.43 1988.02 2054.62 1991.13 1933.71 1884.03 1862.11 1844.55 1836.11 1863.51 1902.29 1952.11 1916.31 1872.30 1828.29 1831.76 1837.75
1848.02 1850.12 1865.24 1894.32 1912.90 1935.05 1957.22 1900.82 1868.94 1854.30 1786.46 1725.96 1654.29 1446.20 1220.26 1066.83 1099.11 1161.70 1250.77 1513.53 1711.97 1849.45 1767.86 1675.45
1574.73 1547.17 1461.55 1406.55 1479.11 1562.46 1639.67 1487.51 1243.29 922.83 1130.18 1323.71 1454.99 1451.50 1480.37 1537.26 1689.43 1828.22 1957.77 1965.59 1960.51 1944.04 1945.77 1948.33
1928.67 1930.70 1935.65 1940.32 1922.80 1905.47 1883.19 1773.06 1664.59 1547.69 1567.07 1583.36 1598.62 1624.33 1659.80 1703.15 1764.84 1826.07 1894.42 1913.04 1921.63 1924.00 1933.60 1947.72
1965.50 1970.02 1976.20 1989.40 1991.39 1994.31 1992.76 1934.96 1894.54 1859.33 1777.21 1699.22 1625.61 1607.02 1633.35 1691.43 1735.25 1781.42 1832.03 1859.28 1878.24 1894.29 1909.54 1929.77
1958.20 1959.81 1964.48 1971.42 1960.85 1952.69 1944.65 1920.95 1921.32 1924.98 1851.84 1783.77 1721.28 1666.98 1635.12 1631.18 1646.99 1670.74 1705.90 1775.42 1835.80 1890.81 1908.26 1926.01
1942.36 1933.22 1933.55 1945.58 1955.10 1970.18 1986.19 2037.12 2075.50 2098.77 2053.53 2012.39 1970.74 1851.00 1738.13 1641.99 1444.36 1153.87 1211.50 1517.00 1714.16 1908.82 1965.53 2021.66
2078.32 2048.47 2015.09 1977.60 1958.10 1938.86 1916.03 1789.50 1632.44 1437.07 1538.42 1720.59 1869.94 1916.09 1968.98 2011.59 2024.90 2053.99 2100.46 2054.97 1992.10 1908.47 1894.01 1876.94
1857.60 1876.26 1895.37 1909.00 1849.36 1781.09 1711.63 1598.23 1508.95 1445.84 1224.01 914.20 779.04 1157.14 1401.53 1575.59 1657.05 1735.41 1816.26 1823.85 1817.23 1807.53 1820.44 1837.34
1858.55 1859.43 1865.50 1880.60 1797.57 1709.31 1631.94 1478.99 1346.54 1267.07 1016.01 1090.48 1269.41 1382.97 1479.61 1567.00 1629.31 1677.52 1732.61 1767.67 1797.84 1824.89 1846.73 1863.50
1880.86 1870.84 1874.38 1892.97 1897.64 1909.17 1927.16 1916.40 1916.73 1914.06 1798.36 1682.31 1560.67 1510.42 1495.06 1519.38 1596.08 1674.35 1757.23 1795.27 1823.67 1848.52 1868.69 1890.26
1911.74 1906.47 1913.91 1934.75 1938.76 1943.97 1945.90 1972.14 2011.91 2043.39 1885.13 1680.80 1425.84 1439.31 1480.78 1539.25 1614.19 1691.72 1775.02 1803.29 1825.60 1846.80 1855.65 1866.19
1867.42 1860.75 1848.50 1843.04 1854.92 1890.86 1943.93 1988.42 2029.41 2056.54 1904.60 1744.49 1571.37 1555.44 1593.02 1665.31 1747.39 1828.92 1914.12 1908.36 1887.95 1859.06 1870.08 1882.05
1894.60 1888.56 1904.83 1944.63 1958.59 1974.15 1990.65 2014.64 2044.35 2066.97 1951.38 1837.16 1723.98 1578.91 1486.62 1540.07 1605.00 1671.78 1745.12 1799.07 1843.61 1885.76 1895.01 1902.03
1910.36 1927.17 1948.07 1971.85 1972.33 1978.17 1990.63 2030.34 2064.61 2083.77 1977.90 1854.64 1727.25 1660.99 1608.28 1576.19 1654.62 1730.65 1797.56 1839.92 1871.11 1898.32 1915.02 1931.89
1948.05 1957.71 1967.67 1979.19 1983.63 1989.09 1994.16 2031.37 2065.51 2085.38 1982.27 1882.15 1762.34 1731.08 1717.96 1719.56 1750.61 1783.22 1823.11 1848.34 1869.30 1894.02 1909.52 1924.10
1940.32 1937.01 1943.53 1958.30 1948.85 1942.84 1940.96 1896.72 1851.30 1796.72 1566.40 1336.70 1350.76 1456.61 1540.31 1630.54 1658.65 1684.67 1715.60 1757.32 1791.02 1826.78 1844.56 1864.61
1887.39 1880.13 1872.16 1862.98 1871.18 1882.59 1888.29 1841.91 1808.80 1781.03 1773.66 1803.48 1835.23 1813.54 1797.13 1786.57 1782.55 1801.48 1849.78 1865.41 1870.73 1855.71 1868.55 1883.78
1902.97 1894.08 1890.94 1893.21 1897.90 1902.53 1904.81 1876.49 1854.42 1828.51 1764.57 1704.86 1646.06 1620.65 1602.80 1591.78 1646.09 1701.34 1763.48 1818.22 1864.40 1907.69 1917.10 1934.85
1958.04 1961.24 1967.49 1977.06 1968.81 1961.46 1956.74 1922.47 1897.06 1867.77 1768.58 1673.22 1578.83 1546.85 1555.49 1600.24 1707.36 1807.58 1908.23 1918.31 1916.63 1911.53 1945.93 1978.33
2011.41 2009.21 2010.96 2017.95 2016.80 2025.04 2044.33 2088.92 2130.87 2158.42 2062.24 1956.66 1833.07 1807.11 1800.91 1814.73 1885.49 1951.58 2017.39 2004.28 1974.15 1932.39 1942.44 1951.12
1960.51 1986.34 2025.42 2075.00 2087.62 2105.37 2125.86 2152.71 2174.55 2181.62 2074.75 1974.77 1879.53 1877.33 1887.50 1908.52 1947.35 1990.27 2040.80 2012.21 1962.04 1892.99 1911.29 1928.93
1947.63 1941.88 1936.56 1931.90 1924.58 1921.15 1918.95 1910.13 1910.33 1906.78 1738.96 1568.14 1405.91 1453.07 1529.63 1616.90 1709.21 1799.33 1890.52 1900.05 1894.99 1884.28 1904.24 1927.71
1955.89 1948.95 1954.47 1975.53 1957.58 1939.87 1924.20 1910.94 1896.98 1872.25 1733.26 1630.24 1586.16 1617.40 1653.13 1693.35 1764.63 1835.22 1912.08 1902.11 1876.43 1843.01 1853.76 1870.57
1894.94 1898.57 1902.62 1908.61 1883.08 1895.71 1943.72 1896.38 1881.17 1861.89 1745.46 1617.61 1506.32 1513.72 1546.93 1595.96 1707.46 1816.93 1927.64 1906.40 1872.30 1836.10 1831.69 1834.93
1848.32 1841.97 1859.45 1901.26 1906.71 1920.36 1939.23 1957.63 1999.62 2041.50 1891.29 1734.25 1554.59 1480.88 1452.25 1498.38 1600.09 1690.02 1781.16 1808.47 1812.29 1815.26 1840.14 1869.16
1899.49 1925.47 1958.49 1999.09 1981.35 1966.22 1952.69 1995.38 2028.45 2048.59 1905.75 1745.96 1523.03 1472.48 1530.57 1600.19 1690.21 1778.17 1868.61 1882.67 1886.00 1888.79 1908.62 1928.78
1948.88 1931.65 1913.72 1897.51 1883.04 1871.51 1861.24 1804.29 1758.63 1715.10 1585.57 1507.35 1517.57 1648.50 1759.87 1860.54 1926.02 1991.39 2057.62 2019.84 1965.00 1902.86 1894.47 1883.74
1872.96 1873.46 1876.87 1885.08 1901.34 1917.12 1929.14 1937.06 1950.52 1959.82 1945.47 1932.61 1919.25 1907.30 1914.64 1937.52 1945.21 1955.79 1975.25 1948.03 1910.12 1878.81 1909.18 1942.44
1979.61 1974.24 1973.25 1979.49 1973.28 1964.69 1955.76 2014.18 2058.15 2083.57 2020.84 1959.58 1897.23 1884.53 1875.51 1872.23 1916.69 1964.13 2019.73 2005.37 1978.85 1954.95 1969.58 1986.56
2004.13 1993.43 1980.51 1966.18 1884.71 1792.88 1693.66 1891.32 2076.17 2183.40 2128.10 2075.10 2018.08 1828.34 1599.13 1296.23 1489.27 1710.89 1823.52 1870.61 1910.50 1955.90 1989.60 2022.69
2057.33 2073.88 2090.08 2106.29 2031.57 1950.75 1864.82 1909.07 1954.46 1998.83 1836.22 1659.08 1457.09 1498.09 1556.86 1609.91 1678.94 1742.55 1809.94 1850.18 1878.80 1908.78 1902.21 1896.64
1893.19 1891.81 1897.71 1910.96 1913.45 1928.03 1952.58 1988.39 2018.27 2036.49 1998.93 1965.21 1932.60 1910.82 1912.51 1936.14 1959.35 1985.24 2020.09 1999.34 1962.91 1919.42 1928.33 1938.14
1947.77 1952.56 1959.45 1967.47 1970.15 1972.84 1973.68 1968.23 1974.23 1978.38 1876.45 1782.64 1707.24 1482.79 1583.59 1791.62 1873.16 1952.74 2037.48 2027.41 2000.27 1965.56 1972.76 1983.02
1998.13 1979.46 1960.54 1941.66 1922.56 1899.71 1876.43 1792.77 1710.27 1625.11 1518.76 1420.27 1330.53 1416.65 1529.16 1641.82 1768.90 1884.81 1998.51 1987.14 1967.46 1931.36 1939.15 1948.81
1961.04 1925.58 1887.29 1831.18 1834.21 1841.07 1847.91 1745.79 1661.87 1606.24 1516.60 1468.08 1416.08 1541.97 1648.52 1744.56 1813.92 1902.62 1992.90 1970.74 1929.06 1879.51 1893.45 1907.68
1922.10 1923.49 1924.07 1926.05 1917.35 1910.70 1904.38 1811.05 1737.15 1689.22 1618.58 1632.57 1696.95 1735.14 1774.75 1818.16 1879.02 1940.25 2007.61 1988.66 1953.91 1917.43 1919.89 1923.05
1930.34 1925.03 1921.50 1919.69 1900.67 1879.78 1858.12 1857.83 1864.40 1853.43 1753.77 1646.40 1554.30 1635.50 1724.29 1815.21 1835.80 1854.20 1879.34 1914.72 1945.77 1985.93 1942.33 1894.57
1839.56 1899.45 1937.91 1955.26 1850.19 1727.57 1518.00 1460.05 1397.99 1324.58 1268.92 1417.45 1562.90 1650.55 1733.03 1812.30 1839.49 1870.13 1907.60 1889.26 1860.80 1838.96 1771.82 1707.41
1657.76 1674.51 1695.13 1717.38 1726.17 1768.58 1835.94 1793.39 1755.44 1718.55 1604.82 1503.46 1435.07 1438.44 1447.44 1463.66 1518.99 1583.35 1655.82 1749.22 1833.23 1907.40 1905.89 1905.76
1908.08 1908.08 1920.15 1945.26 1957.51 1970.41 1983.40 2007.41 2017.55 2000.45 1772.97 1487.87 1027.65 1226.86 1435.55 1601.36 1682.64 1769.75 1865.01 1883.78 1904.14 1903.93 1905.62 1906.22
1907.14 1878.92 1849.49 1816.87 1760.68 1707.26 1665.80 1657.10 1654.99 1650.51 1586.94 1522.25 1458.53 1517.94 1571.06 1628.71 1768.29 1898.63 2025.96 2008.04 1973.70 1931.28 1939.61 1948.24
1957.77 1970.75 1986.93 2007.75 2011.07 2019.14 2029.59 2101.29 2155.28 2193.24 2170.93 2149.52 2130.55 2138.56 2152.70 2173.11 2179.14 2186.04 2199.23 2149.97 2077.57 1987.46 2009.38 2034.58
2062.21 2113.09 2162.86 2212.38 2181.26 2149.50 2116.55 2147.05 2174.51 2192.20 2181.61 2167.96 2152.39 2150.99 2158.97 2177.03 2194.18 2213.74 2236.61 2171.93 2079.68 1960.24 2008.34 2055.22
2100.79 2165.89 2229.52 2292.47 2278.18 2263.08 2246.43 2242.89 2234.96 2222.61 2157.34 2095.02 2029.61 2035.48 2050.69 2078.78 2129.83 2181.59 2235.38 2238.81 2236.38 2234.23 2258.66 2285.56
2315.72 2280.81 2244.17 2209.72 2200.21 2190.52 2180.69 2257.15 2329.10 2397.15 2351.93 2304.69 2246.42 2203.79 2168.55 2142.47 2161.59 2183.37 2210.54 2153.16 2078.09 1989.45 2061.20 2128.63
2193.10 2166.72 2140.43 2115.00 2081.06 2044.97 2007.22 2101.19 2174.44 2230.60 2202.58 2176.10 2150.16 2131.44 2116.95 2107.57 2108.11 2117.23 2138.61 2083.35 2005.61 1910.33 1932.35 1954.30
1976.04 1966.82 1955.46 1944.23 1920.36 1914.60 1926.19 1846.65 1754.26 1654.47 1604.20 1555.41 1481.69 1212.49 1238.29 1488.05 1692.15 1858.43 2002.99 1986.25 1958.92 1926.91 1925.47 1935.52
1960.01 1953.42 1950.50 1953.30 1939.43 1925.54 1909.32 1858.13 1809.48 1762.70 1732.75 1692.98 1632.59 1574.90 1533.97 1521.34 1647.28 1770.67 1878.16 1893.31 1901.92 1909.98 1916.13 1923.14
1929.25 1939.05 1948.20 1958.37 1927.56 1901.92 1882.48 1797.80 1727.06 1671.26 1623.74 1562.82 1543.15 1571.09 1617.42 1661.29 1745.13 1829.34 1916.64 1917.72 1909.00 1899.75 1902.85 1910.53
1924.47 1932.58 1943.66 1956.42 1931.72 1905.73 1877.31 1726.16 1569.32 1430.62 1485.30 1558.62 1633.20 1717.53 1806.89 1904.98 1955.63 2008.15 2065.63 2030.91 1979.33 1916.82 1920.52 1924.53
1927.71 1918.91 1909.51 1902.07 1913.38 1925.70 1936.42 1952.39 1960.02 1956.85 1842.43 1722.03 1578.66 1629.17 1733.36 1851.96 1940.98 2028.39 2116.68 2057.96 1980.04 1885.36 1913.06 1941.44
1973.44 1975.78 1977.82 1978.71 1965.96 1953.81 1943.31 1877.87 1805.80 1724.37 1633.41 1559.33 1502.03 1528.98 1581.18 1647.22 1757.83 1865.12 1973.14 1969.86 1959.43 1943.60 1956.32 1966.84
1981.79 1969.11 1955.19 1929.01 1866.06 1816.43 1784.85 1746.50 1701.21 1651.02 1630.90 1623.18 1623.38 1731.03 1824.50 1913.34 1923.03 1953.82 2006.17 1995.85 1973.90 1948.16 1940.56 1930.79
1919.17 1894.93 1878.23 1868.30 1805.17 1788.34 1824.38 1936.99 2019.86 2080.91 2015.98 1951.84 1904.85 1927.56 1975.41 2049.86 2114.99 2178.98 2244.25 2283.10 2320.45 2359.35 2378.55 2403.36
2437.50 2423.61 2407.57 2391.31 2364.52 2336.59 2307.61 2330.79 2344.23 2350.24 2309.60 2271.31 2236.86 2210.90 2196.51 2201.38 2254.14 2307.32 2362.21 2386.58 2406.30 2427.79 2420.46 2419.68
2424.45 2414.93 2405.17 2395.67 2377.01 2357.53 2337.10 2354.15 2374.50 2395.40 2293.68 2196.92 2107.57 2031.39 1956.14 1891.79 1835.23 1784.35 1749.64 1759.33 1783.49 1828.95 1844.06 1858.81
1874.51 1930.64 1996.44 2067.99 2077.29 2092.88 2113.87 2082.50 2047.07 2007.55 1923.80 1824.34 1691.05 1521.16 1425.12 1502.16 1640.37 1760.82 1851.71 1854.78 1856.71 1854.97 1848.39 1837.98
1834.72 1849.39 1868.90 1899.08 1892.19 1900.53 1924.92 2020.76 2089.14 2141.66 2095.00 2053.55 2022.85 1983.29 1953.47 1934.56 1857.54 1760.88 1680.03 1763.73 1840.57 1875.86 1908.12 1944.82
1988.42 2005.62 2026.71 2052.05 2037.11 2020.62 2003.54 2037.07 2064.59 2083.90 2018.97 1956.42 1899.11 1856.36 1836.65 1845.18 1836.14 1834.35 1840.80 1872.58 1900.59 1932.20 1949.46 1967.32
1987.27 1997.65 2011.11 2025.87 2016.51 2006.32 1995.08 2026.75 2046.71 2055.41 1985.01 1916.36 1828.84 1867.80 1913.57 1966.63 1952.20 1937.54 1933.05 1946.06 1954.31 1961.75 1977.21 1993.55
2009.86 2022.73 2039.80 2061.19 2059.58 2057.18 2054.44 2113.48 2156.96 2186.46 2130.92 2078.75 2027.87 1981.11 1938.72 1903.69 1900.27 1899.41 1907.49 1932.32 1959.31 1993.83 2068.72 2139.71
2206.90 2221.49 2240.73 2262.67 2192.82 2114.65 2025.75 2070.46 2105.02 2129.37 2101.33 2073.57 2049.50 2053.53 2072.85 2111.41 2112.79 2116.37 2124.38 2132.58 2138.42 2145.38 2172.75 2203.58
2238.34 2239.11 2239.45 2239.91 2240.64 2241.44 2240.57 2285.38 2317.13 2340.00 2298.34 2261.42 2229.15 2188.76 2160.84 2149.00 2164.73 2184.82 2208.22 2181.45 2148.05 2112.45 2137.70 2167.26
2200.77 2215.77 2231.71 2250.10 2256.03 2264.94 2276.46 2283.23 2282.19 2274.32 2264.04 2251.46 2237.22 2240.33 2247.76 2262.01 2236.39 2207.30 2173.35 2118.60 2055.35 1991.73 1986.88 1982.85
1981.21 2078.76 2169.04 2255.36 2246.83 2237.78 2228.43 2255.35 2271.87 2280.08 2256.05 2240.11 2231.35 2192.07 2158.01 2128.30 2114.89 2104.96 2109.57 2093.33 2077.92 2069.49 2075.79 2082.29
2090.06 2128.08 2172.77 2221.55 2224.71 2228.50 2233.26 2262.77 2286.88 2302.34 2243.70 2189.30 2137.05 2074.67 2019.00 1969.69 1941.02 1910.47 1891.82 1912.83 1931.56 1954.34 1968.98 1985.23
2004.12 1998.66 2000.11 2008.04 2000.11 1992.28 1983.27 1937.48 1885.01 1826.01 1651.94 1446.95 1177.25 1318.57 1637.37 1869.30 2024.60 2177.20 2329.27 2368.09 2394.26 2422.33 2382.34 2336.99
2286.84 2221.86 2150.29 2070.03 2067.89 2065.49 2061.43 2032.07 1995.25 1952.09 1846.24 1780.25 1757.03 1681.08 1609.59 1552.85 1672.28 1779.89 1883.62 1854.30 1819.94 1780.50 1808.57 1844.61
1887.81 1874.94 1877.85 1897.42 1909.55 1924.86 1942.37 1860.03 1795.82 1759.88 1804.62 1842.01 1871.66 1818.32 1773.50 1738.46 1729.31 1724.68 1738.02 1749.38 1766.76 1791.99 1856.57 1918.04
1978.00 1961.42 1955.96 1963.45 1960.60 1963.95 1973.46 1925.61 1879.60 1831.42 1849.38 1864.28 1855.29 1671.86 1471.57 1481.65 1753.74 2027.66 2266.69 2410.08 2554.43 2702.55 2687.52 2668.59
2646.83 2588.77 2526.68 2463.53 2460.61 2456.91 2454.54 2471.43 2481.46 2485.12 2418.82 2369.54 2336.70 2270.89 2208.30 2147.58 2085.36 2013.15 1936.92 2002.44 2072.04 2144.04 2101.33 2058.97
2019.43 1990.58 1974.21 1971.09 1965.28 1966.85 1975.76 1935.69 1888.92 1838.56 1930.19 2001.50 2058.21 2089.25 2124.36 2161.90 2119.67 2067.59 2011.12 2052.82 2099.77 2149.52 2135.36 2121.68
2107.25 2150.93 2198.49 2248.96 2246.61 2240.47 2231.76 2267.48 2302.67 2332.22 2377.44 2425.49 2463.93 2425.71 2390.05 2357.46 2336.84 2314.62 2295.92 2297.89 2300.25 2303.22 2344.86 2386.53
2427.00 2443.58 2460.91 2479.73 2453.50 2429.41 2407.97 2433.10 2446.98 2452.34 2401.63 2356.35 2315.37 2235.75 2160.82 2090.28 1927.77 1709.26 1454.91 1937.69 2422.62 2807.44 2866.41 2923.25
2977.44 2959.37 2943.02 2929.20 2937.99 2947.24 2957.23 2915.82 2869.52 2816.49 2762.24 2709.87 2657.45 2604.72 2561.57 2527.44 2446.98 2352.18 2241.99 2200.98 2154.52 2104.30 2059.73 2011.33
1959.63 1743.10 1477.64 1536.68 1597.68 1534.27 1657.34 1668.14 1661.31 1647.43 1693.00 1772.61 1853.29 1948.25 2038.23 2119.64 2115.71 2090.83 2075.81 2123.22 2169.84 2216.66 2211.43 2205.54
2197.48 2158.06 2121.50 2089.69 2104.64 2120.55 2135.50 2109.31 2075.30 2038.40 1999.57 1960.25 1919.79 1876.10 1851.55 1845.79 1895.29 1943.32 1997.22 2049.48 2105.84 2166.31 2170.43 2173.01
2175.80 2164.33 2153.74 2144.17 2132.60 2121.93 2109.88 2068.80 2032.08 1999.76 2005.92 2020.27 2033.50 2114.27 2193.57 2271.09 2252.89 2231.64 2218.05 2170.17 2115.23 2056.42 2050.83 2043.25
2034.49 2018.10 2004.43 1992.95 1992.99 2001.45 2016.84 2036.83 2057.38 2074.88 1978.54 1921.42 1905.67 1847.91 1806.99 1787.46 1820.49 1958.13 2142.80 2339.00 2522.25 2695.17 2671.70 2647.11
2623.64 2586.51 2544.25 2499.61 2434.26 2360.33 2278.99 2309.08 2326.57 2339.74 2277.07 2216.71 2158.01 2127.03 2118.20 2128.16 2052.44 1957.61 1837.70 1772.20 1717.53 1693.21 1569.02 1697.26
1839.94 1965.66 2046.41 2135.92 2143.54 2188.08 2261.20 2133.30 1987.05 1824.27 1868.91 1900.81 1916.86 1911.95 1941.86 1993.78 2046.33 2098.04 2154.70 2187.13 2221.79 2257.74 2253.69 2256.25
2264.64 2256.21 2248.83 2242.05 2237.84 2236.91 2238.51 2219.69 2190.35 2154.03 2181.26 2199.60 2202.30 2220.96 2247.58 2278.92 2254.98 2226.91 2200.01 2195.98 2189.05 2178.29 2232.85 2301.35
2373.71 2331.78 2286.47 2255.64 2216.57 2183.83 2163.23 2061.97 2103.73 2221.13 2220.95 2258.74 2316.01 2249.27 2191.56 2142.77 2107.58 2068.89 2031.69 2003.42 1974.25 1948.87 1927.42 1915.42
1914.31 1930.17 1988.53 2072.04 2025.25 2067.58 2175.34 2180.88 2175.33 2161.58 2240.72 2312.79 2367.05 2328.46 2308.67 2307.75 2245.45 2166.46 2068.01 2079.47 2090.01 2099.02 2002.77 2100.16
2297.00 2237.70 2249.40 2346.43 2317.99 2285.76 2253.11 2064.72 1827.85 1509.68 1651.96 1766.34 1859.06 1597.01 1479.68 1718.98 1612.82 1478.97 1348.31 1120.61 1597.10 1912.44 1929.88 1958.91
1897.70 1831.57 1913.33 2075.72 2022.90 1993.62 1992.72 1707.48 1224.71 1400.21 1198.23 1175.18 1294.18 1378.48 1491.84 1593.03 1701.32 1826.15 1960.03 2057.74 2152.18 2243.38 2258.01 2275.29
2295.55 2284.68 2287.26 2306.65 2302.78 2298.20 2295.22 2356.53 2399.56 2428.84 2425.82 2421.37 2410.67 2327.62 2253.30 2187.99 2126.67 2057.67 1992.65 1975.13 1972.02 1983.45 1958.63 1931.14
1902.15 1856.55 1814.18 1785.57 1752.53 1788.76 2002.06 2226.83 2427.33 2608.33 2599.20 2595.85 2594.26 2627.93 2665.29 2706.77 2767.53 2823.45 2841.73 2811.65 2782.00 2754.21 2725.73 2703.33
2674.22 2769.13 2846.75 2922.29 2903.38 2884.29 2858.86 2848.33 2835.81 2822.30 2834.60 2847.56 2863.99 2856.44 2850.13 2845.84 2793.41 2737.99 2678.22 2578.98 2469.66 2347.31 2327.39 2308.67
2290.86 2293.62 2301.39 2313.15 2315.31 2317.54 2321.29 2292.68 2267.69 2250.06 2192.27 2131.96 2071.32 1942.57 1839.02 1879.37 1957.61 2066.04 2190.54 2223.46 2248.68 2283.37 2290.02 2297.93
2310.41 2311.70 2314.90 2319.22 2318.01 2318.08 2320.85 2298.46 2264.39 2225.61 2212.65 2198.76 2173.50 2058.00 1950.92 1860.16 1778.23 1800.03 1954.10 1978.68 2009.32 1987.41 1853.00 1788.22
1859.94 1942.68 2020.02 2092.65 2120.72 2155.03 2184.65 2210.83 2238.03 2274.02 2044.57 1763.66 1359.44 1274.07 1345.40 1480.97 1708.03 2038.90 2284.81 2374.32 2472.38 2574.74 2550.06 2523.39
2493.81 2489.82 2487.76 2486.58 2474.28 2461.97 2450.45 2432.20 2409.74 2386.46 2327.73 2268.89 2204.90 2316.30 2412.63 2488.70 2502.86 2517.27 2530.72 2601.56 2634.04 2667.88 2706.94 2746.25
2777.19 2746.23 2711.54 2683.33 2669.32 2663.13 2666.51 2718.97 2765.14 2810.97 2774.61 2744.61 2711.84 2734.91 2760.53 2785.77 2817.53 2851.53 2884.78 2923.50 2962.26 3001.73 2959.60 2913.11
2866.07 2739.47 2594.50 2427.83 2378.72 2352.24 2356.49 2319.61 2273.00 2226.26 2159.19 2094.02 2027.62 1923.85 1795.12 1599.88 1640.47 1940.15 2205.44 2254.92 2312.55 2376.50 2382.84 2389.33
2398.42 2404.92 2412.84 2418.30 2419.95 2422.47 2424.39 2359.01 2289.70 2225.03 2303.78 2365.23 2408.11 2335.91 2270.61 2211.25 1977.75 1645.56 1687.01 1838.35 1828.59 1819.04 1940.66 2154.61
2360.50 2362.27 2361.33 2363.64 2349.19 2333.75 2321.08 2214.99 2101.74 1994.02 1877.20 1816.00 1822.89 1694.87 1569.33 1482.37 1630.46 1844.93 2041.91 2111.92 2188.82 2269.31 2285.23 2302.73
2319.16 2305.27 2299.67 2306.80 2320.81 2336.89 2352.14 2323.76 2285.70 2245.57 2334.86 2401.58 2448.09 2434.38 2424.79 2418.62 2362.63 2299.23 2228.92 2246.12 2264.12 2280.69 2275.51 2270.08
2266.13 2264.27 2262.87 2260.85 2259.66 2260.74 2265.58 2165.60 2064.62 1975.32 1946.90 1922.01 1898.11 1744.18 1585.99 1454.46 1444.41 1570.63 1739.41 1609.61 1900.83 2198.38 2204.11 2210.12
2218.20 2205.35 2186.37 2167.57 2168.66 2171.28 2174.48 2192.74 2198.28 2200.99 2168.18 2163.56 2179.90 2181.98 2185.10 2180.38 2107.17 2024.85 1924.77 1888.02 1862.28 1854.03 1873.73 1902.70
1940.56 1917.80 1902.51 1895.79 1924.20 1961.57 2001.03 1874.85 1768.44 1727.43 1949.37 2107.73 2224.43 2219.70 2217.25 2217.97 2101.29 2005.11 1989.55 1964.33 1944.61 1932.15 1981.40 2026.28
2069.33 1932.44 1813.31 1808.37 1302.96 1963.75 2263.68 2534.63 2767.11 2976.92 2932.50 2886.05 2839.78 2811.97 2785.59 2760.07 2742.65 2724.65 2704.85 2661.71 2616.45 2570.08 2536.44 2502.05
2467.17 2448.53 2427.89 2407.99 2361.25 2312.67 2263.21 2229.41 2191.21 2149.38 2013.65 1869.25 1715.06 1542.57 1313.71 1132.30 1220.99 1411.33 1562.61 1629.23 1698.31 1764.11 1935.69 2087.29
2223.75 2227.21 2230.42 2232.84 2239.27 2245.64 2251.61 2241.08 2226.04 2209.73 2219.94 2225.93 2223.06 2196.47 2172.83 2156.97 2150.36 2163.02 2196.68 2205.85 2214.78 2225.27 2225.08 2224.84
2224.98 2223.97 2224.65 2228.06 2226.03 2224.38 2221.26 2213.18 2196.66 2174.05 2220.06 2256.69 2281.49 2287.33 2302.46 2322.77 2268.18 2212.36 2152.44 2201.95 2250.90 2299.33 2282.57 2274.67
2276.35 2227.86 2179.51 2130.84 1912.85 1699.47 1742.66 2032.56 2549.61 2888.52 3008.82 3128.71 3247.58 3237.24 3226.03 3210.47 3177.96 3139.92 3098.17 3073.52 3048.54 3023.99 3001.41 2977.95
2955.73 2885.17 2808.08 2722.28 2650.50 2572.19 2487.02 2510.88 2524.20 2533.47 2345.43 2130.32 1871.27 1749.69 1674.92 1680.09 1692.00 1692.43 1766.34 1750.21 1886.09 2059.10 2184.74 2298.01
2386.08 2383.45 2378.82 2375.64 2374.04 2373.07 2374.40 2378.59 2390.80 2408.96 2478.02 2558.12 2634.73 2634.93 2639.27 2646.57 2552.78 2445.76 2319.24 2272.09 2223.53 2177.96 2141.85 2117.99
2107.38 1742.18 1662.73 1712.85 1901.76 2106.12 2286.77 2360.27 2420.88 2471.07 2491.31 2524.82 2564.05 2521.36 2467.52 2416.33 2368.51 2315.11 2249.83 2133.69 2001.78 1852.23 1750.09 1648.81
1579.66 1560.13 1562.54 1591.48 1375.58 1418.45 1745.88 1612.39 1514.15 1522.73 1457.15 1446.84 1484.54 1609.76 1730.49 1841.25 2006.33 2147.20 2256.87 2274.16 2290.69 2307.69 2295.36 2283.90
2275.50 2222.22 2168.61 2121.53 2164.69 2209.35 2250.25 2211.35 2162.78 2108.70 2149.73 2179.99 2202.20 2233.67 2273.99 2318.33 2305.21 2291.99 2272.64 2284.50 2297.45 2309.39 2299.93 2289.54
2279.96 2272.38 2265.18 2258.44 2170.62 2114.32 2108.36 1976.02 1929.27 1975.62 2052.13 2266.10 2452.08 2402.70 2356.23 2308.02 2283.44 2258.00 2226.79 2100.49 2014.90 2024.26 1962.99 1941.51
1974.01 2007.85 2102.25 2250.23 2201.27 2156.30 2115.47 2076.32 2004.41 1923.52 2023.94 2100.29 2160.06 2119.24 2083.21 2052.21 2027.21 2008.12 1994.81 1958.60 1919.15 1876.19 1929.14 1988.29
2049.47 2010.39 1970.52 1929.71 1996.08 2060.31 2118.00 1943.08 1793.80 1709.10 1843.76 1932.80 1991.70 2056.15 2118.85 2177.93 2191.19 2209.51 2227.13 2244.73 2259.16 2273.55 2257.49 2254.77
2267.36 2261.61 2256.00 2248.60 2266.43 2283.17 2299.55 2322.95 2339.44 2350.67 2444.54 2522.05 2576.12 2537.91 2504.30 2475.64 2421.09 2365.00 2305.46 2309.29 2316.35 2323.74 2361.37 2399.07
2438.49 2369.54 2293.66 2209.20 2166.91 2133.01 2112.34 2084.57 2052.05 2014.72 1996.75 1988.00 1989.47 1836.16 1735.74 1765.73 1854.48 1951.80 2064.98 2078.25 2125.62 2203.23 2265.97 2337.22
2417.22 2561.32 2695.50 2810.66 2775.81 2742.27 2713.45 2658.05 2595.95 2529.22 2469.01 2409.37 2348.67 2250.39 2152.34 2060.62 1854.55 1581.51 1451.59 1525.85 1640.00 1770.98 1937.17 2083.09
2196.98 2156.95 2112.91 2064.98 1992.04 1992.28 2029.83 1942.77 1852.18 1759.97 1699.98 1693.35 1729.84 1879.99 2007.17 2116.18 2056.16 1988.77 1910.28 1700.05 1376.64 1278.29 1665.23 1974.38
2207.40 2255.09 2301.99 2322.38 2325.26 2328.74 2332.10 2326.41 2314.65 2297.78 2224.48 2151.01 2077.69 2111.75 2154.17 2199.42 2208.81 2225.66 2233.68 2235.83 2236.77 2240.65 2258.37 2276.09
2292.69 2297.49 2308.78 2325.46 2336.74 2350.50 2366.32 2346.76 2320.11 2300.20 2209.25 2147.72 2121.28 2054.51 1989.51 1929.14 1785.15 1656.82 1647.23 1716.58 1812.63 1895.58 2038.10 2154.96
2260.93 2240.26 2252.38 2292.83 2291.99 2296.33 2303.86 2323.41 2333.89 2337.90 2351.61 2337.24 2327.00 2436.55 2537.67 2631.83 2599.27 2564.77 2506.85 2463.25 2449.85 2481.18 2435.23 2385.50
2337.20 2307.46 2319.33 2378.84 2359.63 2341.02 2323.12 2366.33 2402.02 2428.53 2359.63 2309.77 2287.47 2261.13 2239.40 2209.83 2229.80 2254.64 2276.86 2262.28 2246.36 2230.24 2265.78 2265.61
2239.24 2195.47 2179.69 2191.51 2252.65 2313.00 2371.46 2374.25 2374.11 2367.20 2430.55 2490.83 2543.99 2468.46 2391.46 2305.39 2240.83 2171.75 2091.78 2053.87 2051.24 2025.67 1996.60 2018.11
2058.02 2047.01 2034.89 2020.22 1960.80 1898.63 1828.88 1883.61 1934.81 1979.85 1998.05 2046.45 2092.03 2265.00 2399.97 2507.75 2480.98 2453.03 2416.94 2402.69 2392.89 2394.52 2390.14 2401.27
2427.59 2345.93 2257.26 2164.53 2166.96 2176.70 2194.95 2270.60 2333.00 2386.36 2515.09 2633.08 2741.17 2737.46 2738.80 2745.89 2648.85 2530.25 2373.52 2374.19 2394.23 2432.23 2422.64 2414.22
2408.63 2388.04 2365.57 2342.05 2330.29 2325.90 2330.09 2306.45 2285.08 2265.78 2279.52 2352.51 2443.83 2422.49 2409.98 2403.64 2372.95 2338.40 2289.68 2235.02 2177.24 2115.58 2090.71 2065.83
2038.12 1934.99 1813.88 1664.66 1609.88 1649.77 1752.16 1663.80 1568.84 1489.07 1151.66 1299.20 1261.09 1464.17 1665.43 1823.17 1961.92 2121.83 2272.90 2290.90 2308.50 2331.81 2338.45 2345.66
2354.55 2347.82 2341.21 2336.06 2332.02 2327.18 2323.62 2286.00 2250.72 2220.58 2020.48 1933.02 2061.84 2085.50 2171.08 2281.49 2256.32 2228.84 2191.18 2125.25 2056.72 2018.55 1979.68 1938.02
1895.40 1902.73 1909.34 1920.22 1922.02 1975.88 2062.57 1925.34 1793.80 1750.17 1694.99 1717.93 1773.70 1880.26 1975.77 2058.72 2086.46 2094.04 2096.87 2139.93 2172.54 2202.05 2232.99 2264.08
2292.54 2292.51 2293.11 2293.55 2282.18 2270.64 2262.34 2259.37 2269.60 2285.84 2284.04 2277.68 2268.66 2225.56 2191.41 2138.53 2154.55 2171.53 2182.22 2202.13 2221.99 2243.56 2171.14 2192.25
2269.59 2281.12 2351.38 2459.11 2471.66 2484.65 2497.18 2528.26 2554.07 2572.25 2522.43 2472.48 2424.60 2402.09 2388.34 2379.59 2324.71 2265.99 2197.06 2191.14 2186.28 2178.52 2073.59 1955.29
1819.54 1868.07 1913.03 1960.11 1932.44 1903.89 1873.70 1696.82 1449.26 1180.85 1307.42 1684.65 1912.33 2019.06 2118.26 2186.22 2204.48 2225.39 2242.90 2252.12 2262.03 2272.18 2274.35 2275.33
2280.76 2274.88 2273.43 2274.58 2298.71 2331.64 2371.15 2387.75 2397.61 2397.87 2398.30 2393.34 2376.42 2372.94 2373.12 2374.44 2347.88 2317.28 2276.99 2306.85 2337.76 2369.80 2378.64 2388.01
2399.83 2412.62 2428.46 2446.57 2433.95 2420.77 2407.03 2417.42 2422.06 2420.05 2354.71 2320.61 2324.55 2245.54 2232.89 2305.37 2330.06 2401.13 2506.31 2470.04 2428.78 2381.27 2478.28 2570.49
2658.89 2625.60 2592.96 2560.84 2542.59 2526.17 2512.10 2356.69 2196.68 2064.40 2002.51 2007.49 2064.45 1896.73 1722.21 1586.22 1724.75 1856.57 1975.86 2070.50 2159.28 2243.90 2228.43 2232.45
2253.34 2195.61 2133.80 2064.50 2148.81 2230.58 2307.97 2240.01 2165.28 2077.03 2207.07 2308.52 2387.55 2421.64 2460.71 2502.82 2457.00 2407.34 2348.33 2353.25 2357.47 2363.35 2374.50 2384.91
2396.84 2380.08 2362.18 2344.86 2338.04 2331.69 2325.98 2358.35 2387.29 2406.51 2414.58 2429.86 2447.34 2375.67 2311.84 2254.64 2237.47 2225.88 2214.83 2220.55 2225.76 2230.13 2179.29 2123.89
2063.61 1901.20 1760.40 1760.15 1864.01 1967.67 2069.40 2056.43 2025.57 1968.65 1983.08 2045.60 2101.16 2049.98 2015.46 2016.30 1925.00 1812.53 1658.63 1574.36 1570.53 1658.87 1787.29 1901.35
2005.15 1916.29 1814.68 1697.28 1522.00 1420.48 1204.08 1557.33 1860.20 2029.31 2019.57 2070.12 2125.36 2120.09 2140.22 2177.74 2158.37 2158.42 2176.35 2203.70 2232.98 2263.05 2259.55 2256.38
2251.35 2213.59 2177.85 2149.40 2053.45 1970.43 1929.46 1638.29 1503.70 1769.09 1787.51 1802.86 1813.94 1718.47 1874.78 2076.76 2132.28 2188.12 2207.90 2306.59 2378.08 2436.66 2431.14 2429.90
2432.37 2422.32 2412.32 2403.36 2397.65 2400.28 2410.76 2496.27 2573.63 2638.18 2639.26 2641.09 2641.51 2684.18 2727.38 2770.75 2720.03 2666.26 2597.87 2576.57 2554.93 2538.91 2484.72 2424.79
2361.72 2386.24 2409.06 2433.07 2396.76 2357.26 2314.53 2280.39 2253.49 2228.94 2221.72 2215.55 2210.01 2247.49 2301.05 2361.05 2295.09 2212.16 2088.02 2109.64 2217.48 2365.55 2387.57 2410.32
2430.38 2410.73 2401.56 2406.16 2397.19 2389.98 2386.64 2331.67 2270.75 2199.71 2120.45 2039.82 1958.74 1921.22 1898.09 1884.60 1904.38 2033.21 2181.59 2239.69 2293.43 2345.83 2360.05 2376.84
2394.19 2371.15 2350.42 2336.60 2367.62 2397.15 2427.91 2379.69 2330.36 2273.53 2281.90 2286.10 2287.64 2373.61 2464.29 2551.90 2480.62 2410.23 2346.17 2356.16 2366.34 2373.69 2348.24 2321.81
2294.37 2276.87 2258.69 2239.64 2244.18 2246.69 2250.66 2275.36 2296.57 2309.33 2354.37 2394.01 2420.94 2339.76 2259.78 2181.07 2185.98 2195.39 2202.62 2173.25 2143.79 2112.33 2091.54 2070.67
2053.27 1789.13 1485.63 1522.14 1413.96 1756.25 2007.97 1875.94 1756.79 1696.64 1626.81 1659.66 1611.69 1609.25 1629.13 1665.98 1538.76 1507.62 1639.66 1792.05 1954.85 2106.39 2019.40 1934.68
1866.89 1834.72 1809.79 1798.58 1906.01 2032.33 2133.53 2041.96 1984.68 1971.80 1963.26 1950.25 1940.03 1952.28 1980.33 2016.20 2028.55 2047.88 2068.42 2116.79 2176.21 2240.83 2251.70 2264.36
2277.86 2258.40 2240.11 2223.76 2224.46 2227.51 2235.36 2235.90 2233.26 2219.83 2093.61 1962.93 1825.46 1881.98 1962.33 2045.12 2094.96 2161.31 2234.16 2256.25 2294.57 2346.13 2340.45 2333.15
2325.50 2330.76 2336.47 2342.70 2341.55 2345.44 2357.92 2345.78 2332.01 2310.58 2252.06 2195.00 2142.61 2141.86 2150.14 2156.00 2182.39 2217.38 2257.32 2273.48 2290.73 2309.83 2309.87 2316.68
2331.44 2335.36 2338.51 2342.64 2330.61 2322.69 2322.12 2324.31 2325.47 2317.44 2276.74 2241.81 2209.85 2171.69 2127.35 2051.06 2049.70 2088.50 2125.40 2159.43 2192.09 2226.25 2229.60 2232.23
2235.19 2237.13 2242.56 2247.52 2193.43 2136.70 2085.45 2037.83 1997.99 1964.47 1736.56 1463.83 1245.75 1360.36 1698.58 1935.92 1988.05 2053.10 2120.28 2124.32 2144.44 2176.64 2161.28 2151.80
2146.42 2123.15 2098.88 2073.87 2141.61 2207.57 2271.38 2318.56 2366.32 2400.50 2372.09 2374.23 2400.28 2420.14 2442.50 2455.74 2403.78 2354.20 2305.68 2285.63 2264.10 2240.48 2254.07 2286.29
2332.70 2427.52 2520.18 2609.93 2573.68 2541.93 2512.88 2446.69 2378.98 2305.53 2261.89 2265.58 2312.84 2406.94 2518.93 2629.20 2570.75 2486.39 2383.77 2379.53 2376.27 2341.77 2383.56 2424.89
2465.89 2424.22 2379.05 2325.49 2278.99 2235.85 2191.94 2151.44 2199.31 2300.89 2368.78 2434.16 2483.83 2482.86 2501.72 2531.09 2448.27 2353.81 2237.37 2248.17 2283.83 2339.98 2340.09 2342.77
2349.04 2353.51 2359.11 2364.42 2362.35 2364.29 2368.34 2354.52 2332.10 2299.37 2231.64 2167.26 2108.25 2158.73 2212.87 2266.85 2176.07 2082.60 1988.83 1953.34 1918.92 1886.71 1944.69 2000.23
2053.23 2008.41 1961.73 1910.30 1985.77 2054.46 2118.77 2065.73 2007.87 1935.82 1953.89 1970.99 1997.94 2043.44 2096.83 2153.00 2173.49 2201.00 2229.76 2258.97 2289.48 2323.51 2330.36 2336.61
