2072.43 2073.73 2104.02 2160.40 2190.32 2230.57 2277.08 2346.09 2428.33 2506.84 2477.26 2450.91 2430.35 2380.11 2332.69 2288.38 2363.10 2437.26 2508.12 2424.09 2325.13 2228.98 2279.20 2332.81
2386.78 2415.07 2399.01 2381.76 2406.05 2446.43 2444.25 2406.78 2319.45 2241.71 2188.17 2070.33 1930.96 1999.78 2069.45 2131.73 2190.56 2217.99 2228.86 2218.65 2215.35 2223.12 2139.00 2020.45
1895.95 1906.15 1918.50 1897.15 1197.60 1885.33 2193.71 2265.69 2329.86 2384.27 2528.53 2644.56 2741.52 2683.32 2628.18 2577.74 2478.93 2364.86 2225.93 2192.21 2173.30 2172.26 2142.32 2153.51
2226.05 2265.05 2304.31 2342.72 2329.83 2347.65 2330.31 2300.10 2271.99 2237.34 2217.18 2196.44 2177.50 2159.88 2130.47 2061.27 2065.72 2095.71 2149.79 2147.51 2145.68 2143.50 2084.56 2040.05
2021.50 2034.59 2047.81 2060.83 2076.56 2091.88 2109.11 1992.09 1855.95 1685.34 1779.90 1863.01 1933.31 1979.09 2024.25 2071.09 2107.95 2153.59 2203.97 2237.66 2269.58 2301.18 2307.89 2314.27
2320.77 2327.99 2341.29 2357.90 2409.44 2456.90 2501.75 2505.93 2506.53 2498.50 2481.44 2463.37 2443.37 2452.06 2459.84 2471.20 2447.77 2364.84 2239.45 2340.26 2438.97 2533.25 2487.27 2450.58
2419.04 2295.33 2152.38 1984.75 1894.21 1808.79 1745.04 1768.35 1790.65 1802.14 1694.43 1712.27 1805.91 1804.17 1806.84 1818.46 1856.87 1909.30 1972.48 1907.81 1875.01 1890.52 1975.08 2061.61
2148.63 2066.61 1975.42 1871.39 1888.99 1904.15 1920.27 1928.53 1937.59 1816.72 1754.74 1708.20 1650.60 1438.91 1175.70 1213.76 1515.03 1781.20 1993.22 2098.09 2195.41 2287.98 2326.07 2363.81
2393.08 2420.13 2448.54 2477.56 2462.09 2447.25 2432.33 2420.94 2407.74 2392.56 2346.18 2309.45 2281.97 2296.68 2320.49 2307.49 2299.83 2293.10 2288.39 2223.88 2154.74 2087.54 2060.28 2040.10
2029.65 2127.32 2131.34 2099.31 2123.91 2151.87 2133.41 2207.99 2239.19 2268.56 2277.29 2286.70 2304.27 2324.72 2350.94 2383.70 2408.74 2436.83 2466.71 2481.86 2498.21 2514.58 2503.38 2492.05
2479.29 2435.26 2388.42 2340.17 2325.95 2253.74 2181.42 2309.71 2413.75 2435.27 2405.58 2379.25 2358.13 2275.56 2187.65 2099.05 2073.38 2043.40 2012.05 2035.49 2062.81 2096.41 2107.87 2120.19
2133.96 2054.03 2079.99 2195.39 2238.13 2249.37 2305.85 2359.58 2414.69 2463.36 2497.44 2522.31 2546.82 2502.11 2464.52 2437.64 2350.50 2235.72 2094.27 2101.12 2140.79 2208.14 2201.76 2198.06
2196.88 2201.79 2207.83 2214.09 2218.50 2226.18 2234.81 2247.68 2261.32 2262.15 2186.36 2105.94 2030.07 2053.70 2079.85 2116.48 2129.18 2142.74 2158.11 2156.18 2154.74 2153.54 2136.59 2120.89
2106.58 2109.87 2105.88 2103.20 2080.06 2055.10 2030.58 1987.86 1959.83 1945.76 1867.32 1799.00 1748.06 1787.40 1850.16 1921.96 2014.01 2097.25 2176.67 2112.42 2067.43 2057.54 2095.50 2133.99
2175.38 2160.96 2146.95 2132.46 2094.15 2017.76 1959.79 1971.11 2025.06 2099.09 2027.11 2012.77 2051.61 2073.83 2096.79 2120.43 2087.95 2073.42 2083.27 2061.66 2039.53 2022.37 2051.85 2085.54
2118.38 2108.63 2099.48 2094.77 2107.79 2125.80 2151.63 2059.02 1979.40 1918.78 2033.64 2120.60 2183.05 2152.32 2128.22 2111.00 2063.76 2022.04 1988.00 2042.09 2096.32 2149.07 2155.28 2161.94
2169.91 2145.15 2135.97 2148.20 2136.55 2162.64 2218.94 2111.99 1991.21 1842.30 1935.21 2006.05 2061.49 1941.85 1769.48 1562.96 1468.14 1673.35 1921.44 2007.03 2070.21 2137.83 2165.63 2195.63
2225.82 2233.21 2241.31 2249.46 2321.23 2389.73 2453.75 2448.39 2440.03 2424.41 2403.47 2381.98 2361.92 2339.18 2323.41 2316.59 2275.46 2233.26 2187.40 2207.07 2227.62 2227.90 2172.76 2212.22
2345.42 2509.33 2716.45 2894.14 2881.00 2865.27 2848.04 2839.77 2834.39 2829.08 2868.40 2903.20 2934.97 2875.52 2818.06 2763.30 2619.70 2449.61 2234.96 2210.46 2186.51 2163.61 2070.33 1986.56
1931.33 1981.26 2000.70 2122.66 1952.31 1817.82 1843.00 1978.06 2088.88 2174.90 2149.69 2187.16 2259.18 2273.97 2293.45 2312.47 2294.27 2277.29 2224.19 2288.12 2352.77 2417.47 2496.02 2574.38
2648.05 2643.80 2640.64 2638.15 2637.77 2637.59 2635.54 2653.99 2668.11 2672.23 2654.34 2630.57 2606.95 2618.77 2632.80 2651.55 2653.26 2657.41 2662.15 2704.67 2741.83 2778.25 2802.10 2826.17
2849.47 2850.29 2851.68 2852.43 2810.36 2769.26 2730.12 2645.26 2547.71 2434.71 2339.94 2255.06 2185.17 1963.91 1697.29 1420.87 1443.46 1681.97 1899.92 2135.02 2326.75 2492.20 2652.31 2800.56
2756.27 2728.88 2702.32 2679.04 2603.07 2532.63 2475.84 2445.63 2412.04 2373.17 2359.75 2349.25 2343.46 2268.73 2221.94 2211.04 2160.42 2069.46 2001.40 1836.38 1756.85 1860.79 2052.59 2216.42
2360.02 2365.33 2363.76 2363.35 2350.45 2340.25 2332.69 2349.04 2321.59 2285.79 2203.02 2127.66 2063.57 1981.44 1960.15 2004.85 1935.63 1910.94 1955.43 1981.09 2024.96 2083.55 2094.86 2122.89
2163.79 2075.64 2047.41 2099.40 2130.84 2173.84 2167.73 2043.91 2013.09 2080.65 2121.61 2189.02 2249.40 2220.83 2199.10 2183.01 2132.03 1991.58 1788.11 1510.11 1740.41 2048.59 2043.24 2048.25
2059.68 2054.95 2048.24 2042.88 2018.38 1993.43 1969.87 1930.99 1888.51 1833.65 1381.92 1862.99 2170.47 2085.57 2009.13 1944.41 1921.95 1896.78 1878.82 1725.51 1673.68 1799.88 1557.52 1197.67
1502.26 1839.01 2063.62 2086.50 1844.74 1969.36 2254.92 2294.98 2263.33 2245.19 2113.81 1982.47 1859.28 1901.01 1945.62 1982.68 1906.17 1843.44 1793.31 1786.54 1910.81 2078.71 2151.85 2226.67
2299.79 2312.21 2328.08 2346.68 2347.01 2348.81 2352.87 2340.96 2327.38 2306.18 2155.98 2168.43 2139.55 1956.10 2138.72 2405.73 2454.20 2538.35 2649.85 2711.99 2727.88 2696.43 2642.84 2581.62
2514.25 2512.48 2509.97 2509.24 2399.86 2301.57 2241.12 2186.97 2139.65 2094.69 2104.10 2015.60 1999.17 2078.04 2166.76 2253.59 2331.21 2408.13 2466.65 2423.02 2375.53 2322.63 2339.59 2357.61
2378.72 2294.41 2210.17 2132.58 2110.87 2090.20 2071.80 2094.27 2112.12 2122.18 2243.29 2357.17 2457.19 2501.31 2544.77 2588.58 2569.90 2549.72 2529.31 2474.20 2405.92 2331.49 2362.14 2392.86
2342.50 2323.13 2303.76 2285.22 2296.15 2307.53 2316.30 2290.49 2266.31 2237.66 2265.67 2290.87 2298.80 2269.02 2246.12 2229.59 2177.48 2126.20 2087.18 2141.95 2213.15 2294.70 2275.30 2259.14
2241.07 2208.76 2170.98 2134.38 2081.61 2058.39 2073.02 1985.04 1924.31 1903.76 1862.83 1866.53 1904.21 1953.59 2004.21 2054.80 2103.52 2116.25 2088.41 2119.79 2145.79 2172.27 2160.79 2149.83
2135.98 2106.79 2080.74 2056.16 2120.90 2188.74 2255.52 2231.50 2213.33 2206.82 2195.34 2184.45 2171.33 2144.61 2121.86 2102.10 2099.82 2015.77 1900.89 1989.44 2073.53 2085.54 2170.57 2231.75
2269.45 2282.11 2297.19 2313.09 2308.31 2304.79 2300.90 2247.31 2189.02 2118.31 2021.78 1961.96 1946.46 1923.84 1917.60 1931.47 1893.61 1857.84 1836.54 1931.31 2019.72 2107.60 2114.21 2122.00
2129.14 2126.04 2127.98 2134.89 2112.72 2094.30 2079.31 2049.14 2017.98 1982.57 1897.09 1839.82 1811.66 1805.20 1804.28 1809.46 1767.32 1722.09 1680.53 1832.17 1968.39 2097.09 2114.08 2131.88
2150.73 2143.59 2157.46 2178.21 2192.98 2194.55 2196.12 2209.68 2219.37 2219.47 2256.12 2293.56 2333.89 2311.27 2290.83 2281.77 2239.20 2197.01 2122.65 2090.51 2052.01 2008.27 1990.28 1974.15
1958.75 1928.45 1959.28 2040.39 2079.18 2123.37 2173.31 2173.70 2129.33 2055.54 2052.40 2052.27 2058.90 2086.55 2115.61 2146.63 2159.32 2174.07 2192.20 2203.54 2213.42 2222.15 2223.99 2225.32
2227.45 2137.37 2029.65 1909.61 1759.14 1782.70 1959.74 2185.15 2433.99 2596.10 2574.05 2551.21 2528.72 2470.11 2414.21 2350.56 2270.37 2186.07 2103.85 2102.29 2132.48 2199.41 2262.25 2310.15
2363.15 2503.08 2632.95 2689.83 2600.97 2500.54 2386.10 2394.46 2402.42 2412.23 2341.80 2267.39 2185.18 2252.63 2319.33 2383.57 2377.96 2378.29 2388.26 2377.88 2365.50 2346.25 2389.84 2426.25
2463.11 2429.02 2394.61 2360.94 2347.72 2285.90 2168.17 2212.81 2253.25 2291.02 2310.10 2333.35 2362.02 2318.26 2274.49 2215.17 2231.53 2251.79 2275.80 2316.93 2341.18 2318.11 2355.56 2394.86
2433.76 2361.81 2287.30 2210.41 2165.60 2124.74 2090.38 2132.15 2083.95 2037.73 2033.15 2034.99 2040.41 2108.93 2094.81 2110.48 2162.22 2215.00 2189.23 2205.66 2217.44 2190.33 2228.78 2215.16
2202.53 2225.09 2252.28 2282.93 2149.79 2018.36 1929.56 1968.83 2031.02 2095.56 2150.35 2229.19 2324.92 2281.19 2240.77 2183.97 2183.37 2182.51 2186.43 2189.17 2193.91 2205.50 2092.56 2174.50
2371.01 2396.78 2514.38 2549.34 2475.24 2391.47 2295.64 2233.69 2181.09 2141.20 2074.77 2009.81 1947.63 1895.79 1851.51 1815.99 1557.56 1190.77 1571.73 1858.52 2073.14 2255.17 2265.98 2277.70
2296.32 2285.11 2282.46 2292.29 2300.87 2314.22 2334.03 2390.59 2447.26 2496.91 2509.75 2521.87 2525.08 2521.37 2522.06 2526.63 2561.90 2599.21 2641.19 2636.14 2625.46 2610.31 2600.05 2590.60
2579.72 2554.80 2527.58 2498.77 2453.86 2410.14 2372.79 2366.67 2349.94 2325.47 2291.36 2245.00 2202.55 2153.47 2108.87 2069.21 2071.46 2076.17 2025.69 2105.34 2143.64 2169.00 2186.47 2208.02
2231.00 2223.08 2209.78 2191.57 2118.59 2104.06 2158.30 2133.62 2110.60 2084.34 2057.32 2036.71 2018.69 2140.25 2249.29 2348.35 2297.85 2241.84 2180.79 2158.07 2127.05 2093.69 2079.33 2013.46
1947.66 1728.87 1501.75 1572.08 1480.18 1411.58 1674.24 1697.17 1764.76 1845.48 1628.83 1482.14 1540.53 1703.90 1879.49 2036.97 2022.55 2010.80 2007.74 1923.00 1856.16 1851.35 1896.36 1948.16
2004.96 1936.76 1861.57 1775.71 1374.84 1605.14 1952.34 2064.96 1997.83 2067.93 2110.79 2146.90 2183.41 2027.28 1878.18 1786.96 1960.67 1982.76 2079.02 2189.08 2295.72 2403.35 2457.14 2487.92
2484.44 2521.39 2503.65 2491.84 2466.60 2440.03 2412.44 2447.97 2474.25 2490.70 2417.21 2358.15 2321.25 2351.94 2387.09 2423.86 2494.84 2564.96 2637.29 2631.74 2620.40 2607.48 2652.25 2695.74
2709.01 2682.18 2627.93 2573.87 2492.75 2403.60 2304.75 2341.17 2373.25 2401.14 2398.41 2396.84 2390.74 2360.66 2331.03 2313.00 2226.55 2143.63 2077.30 1933.48 1879.75 1766.36 1483.99 1259.54
1613.03 1613.15 1744.67 1879.23 1559.43 1732.21 2056.51 2179.30 2181.82 2171.09 2117.69 2065.30 2020.15 1814.01 1643.29 1668.81 1687.33 1825.31 1995.99 2101.24 2169.77 2240.63 2259.70 2278.54
2296.71 2308.00 2312.90 2294.88 2273.57 2222.98 2178.53 2311.45 2419.15 2443.75 2441.05 2443.08 2441.22 2412.99 2388.63 2361.46 2371.67 2338.52 2316.64 2302.34 2280.99 2270.44 2265.86 2261.67
2257.55 2219.87 2201.45 2207.87 2163.25 2115.92 2068.40 2039.96 2012.00 1981.87 2035.80 2093.78 2148.08 2146.70 2148.95 2156.76 2181.85 2213.88 2257.51 2263.84 2263.84 2266.27 2408.95 2540.60
2557.25 2506.79 2460.54 2423.26 2178.94 2039.20 2199.26 2428.90 2628.51 2796.27 2734.83 2689.18 2663.06 2672.40 2683.79 2697.97 2652.44 2604.46 2557.13 2488.65 2404.54 2270.66 2274.59 2277.64
2282.63 2099.29 1890.16 1750.34 1921.41 2145.28 2344.28 2305.89 2268.09 2233.70 2228.69 2193.68 2102.00 2167.03 2231.20 2283.30 2350.28 2407.01 2471.49 2482.83 2466.70 2439.58 2380.58 2320.78
2261.66 2256.92 2254.36 2252.57 2235.49 2221.94 2213.22 2268.98 2312.84 2347.37 2438.10 2513.98 2576.56 2565.98 2530.32 2499.76 2503.76 2509.18 2497.59 2431.47 2349.59 2256.09 2284.67 2318.52
2358.15 2394.93 2407.18 2416.17 2350.60 2279.49 2202.57 2109.41 2021.07 1948.07 1983.10 2012.58 2037.01 1989.12 1898.76 1819.87 1900.60 1979.87 2060.50 2103.52 2139.20 2166.06 2160.88 2160.20
2164.19 2136.61 2116.60 2106.17 2090.30 2082.39 2084.51 2044.94 1996.71 1939.28 1925.25 1942.53 1978.36 1905.73 1837.51 1772.53 1759.54 1754.48 1761.42 1735.51 1807.46 1879.34 1835.40 1817.12
1830.91 1827.25 1901.41 2013.49 1984.04 1959.79 1951.57 1932.91 1908.06 1874.80 1853.49 1657.45 1404.47 1350.21 1479.85 1641.51 1675.74 1711.38 1758.54 1931.12 2077.33 2210.99 2156.48 2164.63
2240.19 2271.68 2313.82 2366.41 2337.21 2308.13 2277.83 2355.60 2395.72 2362.09 2268.13 2193.83 2139.55 2124.41 2113.39 2109.28 2087.74 1994.39 1897.85 1757.93 1822.66 2055.63 2104.32 2146.21
2187.83 2130.04 2099.26 2105.37 2077.68 2069.41 2080.68 2026.41 1963.89 1893.69 1963.58 2183.74 2226.19 2175.67 2137.09 2119.19 2080.29 1943.79 1792.77 1703.39 1782.07 1979.39 1962.44 1945.90
1931.66 1921.52 2028.01 2182.01 2166.66 2121.56 2059.73 1782.20 1490.41 1654.70 1809.94 2000.96 2156.55 2166.55 2232.65 2340.40 2436.71 2539.81 2651.83 2699.44 2745.46 2758.98 2730.22 2698.53
2660.39 2703.36 2746.21 2790.85 2751.92 2712.74 2676.65 2700.64 2726.48 2724.83 2659.32 2562.99 2458.10 2477.63 2505.10 2537.00 2409.50 2271.87 2124.76 2127.84 2141.63 2175.54 2154.90 2132.75
2109.85 2132.41 2165.44 2203.84 2085.19 1983.61 1929.40 1976.11 1992.45 2028.13 2056.71 2037.59 1843.66 1999.74 2144.66 2275.40 2298.95 2329.65 2368.68 2327.81 2275.87 2218.99 2213.34 2226.06
2259.93 2251.98 2244.50 2235.57 2216.22 2211.47 2220.29 2307.12 2377.69 2434.18 2547.34 2568.55 2583.98 2609.69 2634.86 2659.35 2637.81 2617.63 2599.66 2610.13 2615.85 2622.40 2611.92 2604.09
2598.99 2545.74 2488.86 2430.27 2387.58 2346.61 2309.34 2304.99 2294.77 2281.25 2270.22 2246.88 2224.40 2172.51 2146.13 2143.12 2148.89 2162.70 2182.29 2259.75 2328.30 2398.47 2413.15 2431.28
2451.94 2435.72 2413.86 2389.17 2342.64 2292.95 2239.24 2275.45 2299.85 2319.35 2318.85 2326.95 2325.63 2285.24 2250.12 2223.60 2250.38 2259.95 2246.67 2244.13 2233.09 2219.20 2256.24 2291.36
2326.01 2408.81 2415.06 2414.71 2375.21 2332.37 2288.91 1994.70 1707.69 1837.55 2064.40 2244.55 2387.42 2273.78 2159.80 2050.12 1967.50 1873.60 1766.31 1447.86 1499.23 1865.84 1923.26 1991.60
2069.96 2097.94 2125.25 2154.37 2143.83 2139.75 2141.20 2052.43 1952.46 1845.74 1983.51 2103.14 2202.56 2251.38 2228.35 2202.66 2241.90 2283.13 2326.76 2273.49 2207.55 2134.02 2148.19 2172.13
2206.90 2202.15 2204.44 2213.87 2157.04 2093.63 2024.17 2031.03 2035.46 2042.51 2086.89 2113.44 2085.48 2165.61 2243.05 2316.06 2344.48 2374.93 2407.64 2400.25 2383.29 2364.23 2331.97 2301.95
2278.68 2269.98 2260.84 2249.88 2256.89 2299.81 2369.08 2428.95 2477.18 2517.14 2594.83 2659.42 2700.78 2700.51 2703.39 2710.06 2703.62 2702.93 2709.42 2748.25 2781.22 2816.80 2825.28 2845.83
2876.70 2751.74 2669.96 2666.28 2374.02 2098.24 2248.53 2291.07 2335.62 2384.48 2343.18 2387.98 2481.35 2455.53 2450.78 2467.54 2446.72 2428.73 2416.97 2377.79 2327.17 2272.07 2251.09 2250.29
2271.49 2230.32 2237.98 2295.70 2305.46 2347.05 2412.58 2432.30 2409.50 2385.26 2410.20 2446.71 2489.40 2373.24 2259.60 2160.00 2102.25 2102.40 2174.04 2185.99 2188.36 2189.66 2197.52 2209.85
2223.28 2244.36 2264.68 2286.72 2401.52 2482.84 2472.07 2555.96 2558.49 2531.13 2467.05 2406.50 2325.17 2277.63 2222.31 2180.71 2203.68 2224.82 2239.74 2198.78 2140.79 2084.32 2106.90 2131.98
2158.07 2162.42 2171.80 2182.33 2204.63 2222.59 2244.65 2181.56 2136.10 2115.34 2108.99 2118.22 2137.61 2119.94 2033.70 1945.55 1887.80 1849.08 1830.97 1790.24 1776.08 1808.67 1752.47 1697.70
1647.78 1434.44 1508.52 1309.56 1596.04 1751.09 1931.73 1895.22 1826.65 1781.43 1775.81 1821.29 1918.62 1848.27 1777.77 1710.12 1878.80 2028.95 2162.26 2153.90 2141.21 2112.28 2137.08 2161.52
2186.76 2172.24 2166.96 2174.49 2025.61 1929.18 1959.56 1855.74 1735.02 1600.69 1694.41 1776.86 1848.77 1893.03 1956.72 2037.03 2122.27 2207.05 2289.93 2274.19 2252.22 2206.87 2197.77 2175.98
2157.14 2127.45 2096.53 2064.38 2077.58 2091.70 2109.01 2168.58 2178.89 2145.99 2183.61 2254.94 2333.23 2324.55 2304.78 2295.32 2342.27 2392.57 2442.08 2376.80 2294.35 2201.18 2284.18 2324.67
2314.95 2308.92 2285.35 2196.31 2162.59 2129.67 2094.91 2019.09 1955.50 1908.73 1819.55 1781.94 1796.26 1586.56 1411.52 1486.45 1652.27 1791.06 1918.09 1949.03 1982.11 2027.60 2063.72 2087.57
2081.57 2073.71 2063.50 2051.74 2030.36 1957.14 1878.81 1767.59 1678.57 1647.83 1759.51 1853.08 1932.75 1908.65 1896.85 1903.25 1960.31 2018.44 2078.51 2124.55 2162.45 2207.69 2184.22 2157.21
2127.49 2122.96 2119.58 2116.38 2107.39 2101.83 2101.55 2193.02 2260.43 2314.22 2409.12 2476.09 2501.25 2504.88 2510.48 2510.61 2531.72 2555.94 2584.11 2561.72 2523.21 2476.38 2462.29 2455.75
2458.07 2431.91 2406.56 2382.49 2396.94 2412.44 2430.58 2441.66 2388.55 2331.46 2198.12 2076.24 1986.65 1927.24 1870.53 1813.01 1888.67 1978.25 2076.07 2071.52 2081.24 2116.60 2126.23 2137.63
2152.78 2151.27 2150.75 2154.98 2164.63 2177.92 2194.26 2224.67 2197.61 2174.71 2091.46 2029.09 1983.81 1996.09 2010.37 2029.00 2049.81 2063.14 2085.52 2053.04 2008.87 1969.93 1979.59 1996.40
2017.44 1969.07 1917.46 1864.09 1706.03 1635.52 1747.96 1833.60 1731.55 1545.08 1101.76 1207.58 1499.82 1631.60 1804.49 1962.44 2035.29 2116.13 2206.51 2268.53 2208.43 2130.43 2133.60 2136.61
2138.61 2197.86 2256.34 2315.74 2260.63 2206.25 2155.66 2204.32 2252.82 2293.83 2290.61 2292.29 2300.82 2298.11 2298.01 2294.29 2348.90 2405.95 2463.65 2427.96 2380.20 2327.97 2335.27 2358.15
2394.33 2337.11 2275.30 2204.80 2169.36 2133.47 2094.23 2314.54 2479.37 2564.33 2553.16 2555.02 2534.47 2516.28 2502.06 2494.81 2517.47 2543.73 2573.32 2564.56 2544.60 2521.10 2558.09 2595.61
2633.81 2612.15 2590.48 2569.03 2567.04 2562.14 2545.63 2520.22 2489.42 2458.77 2429.67 2404.26 2382.97 2383.96 2344.76 2290.55 2321.65 2356.64 2395.54 2389.04 2369.36 2346.40 2365.64 2385.56
2406.04 2403.04 2402.39 2403.24 2414.77 2432.38 2429.64 2435.91 2439.59 2442.52 2342.37 2244.92 2144.42 2173.93 2109.92 2023.73 2037.06 2062.56 2103.83 2146.38 2207.85 2297.54 2375.50 2459.44
2527.15 2476.69 2420.81 2358.56 2269.50 2164.93 2044.64 1776.34 1518.53 1607.51 1957.49 2328.21 2582.86 2685.24 2776.96 2811.79 2809.82 2807.56 2806.47 2737.63 2646.06 2536.63 2486.92 2434.07
2376.25 2435.09 2495.69 2556.80 2567.40 2578.32 2588.40 2598.97 2603.94 2605.77 2506.05 2346.46 2168.91 2164.16 2164.11 2176.03 2217.83 2272.50 2338.20 2288.72 2232.52 2149.99 2139.87 2140.06
2151.09 2157.59 2181.51 2217.82 2175.50 2129.50 2084.40 1959.55 1855.28 1809.38 1670.87 1576.26 1241.36 1187.95 1185.72 1186.61 1272.03 1554.86 1767.83 1917.61 2038.41 2152.72 2167.77 2210.09
2273.15 2344.06 2415.61 2454.47 2418.18 2375.66 2331.72 2323.02 2317.26 2312.65 2301.38 2295.27 2293.51 2311.10 2334.75 2328.54 2394.53 2453.59 2508.11 2513.49 2482.32 2447.22 2500.33 2556.48
2605.77 2614.82 2623.69 2632.42 2598.31 2564.13 2527.59 2481.58 2430.64 2377.52 2435.14 2482.05 2512.21 2506.76 2484.78 2435.08 2443.47 2453.09 2468.45 2494.82 2513.67 2532.95 2545.90 2559.01
2572.97 2531.36 2486.75 2441.37 2348.86 2231.78 2135.39 2045.69 2016.97 2044.30 2025.46 2097.34 2192.28 2114.18 2043.15 1985.24 1936.23 1861.70 1790.23 1639.56 1494.06 1588.39 1601.92 1654.33
1782.80 1936.95 2084.96 2221.28 2215.70 2209.95 2203.32 2121.69 2031.62 1934.17 2033.87 2119.07 2192.49 2160.12 2138.36 2127.71 2157.55 2193.91 2239.55 2262.29 2275.80 2290.29 2251.67 2212.73
2177.74 2244.10 2309.32 2372.12 2259.99 2164.50 2116.53 2029.35 1934.48 1781.35 1781.14 1811.67 1835.48 1674.83 1488.92 1302.47 1507.75 1375.67 1424.85 1596.95 1827.21 1989.23 2006.27 2024.80
2046.02 2054.61 2066.05 2078.50 1783.95 1479.55 1755.83 1756.86 1863.16 1852.31 1529.24 1522.25 1770.94 1784.65 1804.50 1833.10 1923.58 2018.84 2115.36 1880.73 1483.57 1519.98 1669.68 1721.15
1866.37 1883.88 1656.39 1570.18 1684.20 1805.40 1921.29 1805.48 1680.43 1547.18 1479.04 1469.32 1501.24 1576.93 1646.81 1717.90 1553.49 1311.13 967.45 1401.56 1371.95 1613.15 1783.07 1929.08
2061.66 2088.85 2114.48 2140.76 2132.47 2123.61 2115.28 2066.24 2010.89 1949.23 1969.11 2004.00 2048.40 2027.14 2012.93 2005.05 2012.38 2021.42 2036.48 2087.38 2140.54 2212.33 2301.87 2354.07
2387.94 2385.80 2383.44 2381.31 2371.57 2361.91 2349.88 2341.70 2333.53 2295.51 2221.97 2171.78 2155.58 2188.17 2222.63 2260.73 2265.96 2274.08 2290.17 2308.79 2240.34 2156.22 2068.28 2048.78
2127.73 2156.51 2090.40 2091.18 2039.43 2254.86 2435.85 2433.61 2427.84 2419.79 2413.47 2426.03 2453.77 2405.73 2365.45 2335.95 2369.40 2403.21 2395.96 2338.54 2252.52 2145.21 2063.57 1955.12
2002.76 1906.93 2017.25 2222.02 2243.42 2271.50 2305.13 2232.81 2153.94 2068.57 2131.08 2196.75 2258.76 2300.58 2346.66 2362.90 2377.30 2403.29 2441.99 2430.15 2462.11 2434.32 2490.96 2549.09
2585.95 2502.59 2413.48 2311.94 2142.41 2114.63 2178.09 1849.47 1772.06 2049.97 2317.74 2417.28 2439.67 2464.87 2497.59 2538.25 2609.53 2687.77 2775.77 2779.27 2777.65 2782.18 2685.98 2574.22
2441.60 2341.11 2227.72 2099.72 2104.30 2142.79 2206.33 2115.10 2015.93 1906.54 1797.48 1816.85 1675.45 1532.46 1458.46 1513.96 1746.40 1932.21 2093.93 2148.66 2199.55 2240.27 2318.22 2391.47
2461.51 2495.25 2529.40 2562.24 2531.73 2499.60 2466.17 2484.17 2492.30 2492.50 2503.22 2509.82 2509.34 2470.80 2437.31 2410.29 2429.28 2434.40 2432.97 2433.51 2421.63 2406.87 2446.95 2488.05
2529.52 2528.59 2524.22 2518.82 2529.96 2540.59 2547.97 2568.09 2580.89 2588.99 2561.83 2533.56 2506.51 2503.35 2468.38 2428.78 2425.80 2422.80 2422.44 2432.65 2431.59 2430.50 2456.80 2489.11
2527.43 2548.67 2570.82 2594.22 2582.19 2568.88 2538.22 2492.35 2441.89 2392.32 2261.58 2143.86 2045.06 1950.33 1856.17 1764.36 1849.83 1941.28 2038.99 1840.54 1743.23 1957.06 1615.31 1227.02
1762.11 1886.72 2006.15 2121.97 2145.22 2204.38 2290.70 2417.42 2579.21 2633.36 2593.55 2568.90 2557.92 2556.98 2557.53 2557.80 2529.94 2505.25 2489.05 2311.55 2045.92 1580.42 1500.91 1448.86
1177.30 1377.97 1589.47 1752.49 1895.57 2018.09 2128.92 2155.38 2182.97 2206.65 2133.00 2086.66 2071.97 2034.75 2003.56 1979.83 1943.65 1884.57 1807.69 1723.17 1735.74 1877.08 1903.15 2025.14
2180.89 2185.83 2192.17 2203.26 2200.04 2203.64 2213.44 2228.65 2234.85 2231.78 2249.20 2227.59 2197.46 2197.27 2199.73 2207.59 2252.51 2298.86 2351.40 2364.91 2361.89 2335.68 2386.71 2421.19
2453.16 2456.86 2460.63 2464.23 2436.92 2405.55 2372.61 2326.61 2284.19 2239.66 2216.89 2194.25 2171.26 2158.76 2148.50 2056.30 2078.61 2113.89 2163.66 2206.75 2239.31 2271.53 2309.45 2347.64
2388.32 2393.89 2399.61 2406.67 2346.75 2279.42 2205.11 2293.83 2358.74 2407.27 2369.92 2335.87 2304.32 2256.64 2219.64 2195.61 2186.08 2193.27 2219.40 2274.85 2322.00 2369.47 2390.13 2417.82
2453.48 2358.05 2239.42 2099.27 2062.93 2035.76 2020.48 1789.88 1517.45 1343.16 1105.71 1129.91 1310.36 1643.53 1872.07 2052.43 2171.43 2294.70 2419.10 2301.55 2137.34 1909.17 1705.10 2051.23
2378.11 2356.99 2191.15 1981.75 2102.90 2291.39 2394.88 2427.83 2386.75 2346.76 2294.60 2262.10 2198.61 2091.88 1976.18 1835.60 1797.92 1763.89 1735.95 1642.24 1544.10 1511.81 1564.90 1642.19
1732.37 1752.11 1866.29 1995.05 2033.68 2075.84 2120.84 2072.31 2036.64 2004.63 1982.60 1961.65 1942.41 1874.38 1937.01 2070.77 2062.33 2019.23 1982.55 1916.34 1853.18 1844.72 1771.22 1881.71
2068.94 1878.05 1632.06 1441.32 1731.35 1953.70 1868.44 1860.83 1850.94 1832.30 1801.98 1776.73 1754.49 1769.66 1789.40 1817.82 1884.05 1952.47 2029.13 2065.85 2092.32 2119.64 2131.88 2151.11
2177.05 2182.72 2188.74 2195.50 2192.67 2196.12 2206.08 2219.24 2227.38 2226.09 2230.96 2236.14 2242.04 2221.56 2210.24 2175.34 2179.43 2184.58 2193.16 2163.71 2125.89 2102.84 2154.63 2205.15
2255.31 2250.68 2245.83 2240.00 2219.32 2197.55 2174.11 2202.54 2222.89 2230.11 2259.33 2290.76 2303.13 2316.96 2336.04 2361.89 2403.26 2433.03 2457.72 2450.17 2428.02 2398.57 2473.14 2550.25
2628.83 2612.61 2594.45 2575.58 2531.92 2471.51 2402.66 2397.04 2387.48 2371.28 2341.34 2301.69 2267.54 2251.29 2248.74 2261.20 2275.26 2292.84 2316.41 2279.39 2225.77 2159.19 2222.32 2288.25
2356.80 2350.78 2345.05 2341.15 2331.57 2325.40 2320.20 2380.26 2427.82 2457.55 2429.96 2399.16 2370.36 2283.77 2197.38 2118.64 2101.87 2088.23 2083.43 2045.76 2003.24 1975.35 2003.88 2034.68
2068.27 2051.31 2036.94 2027.80 2020.11 2016.99 2016.69 1986.71 1955.55 1916.67 1587.43 999.73 1310.08 1386.22 1597.62 1784.17 1858.18 1948.24 2044.30 2030.12 2002.93 1970.42 1993.48 2041.78
2109.28 2109.24 2125.65 2157.84 2137.52 2117.18 2097.74 2053.82 2034.46 2027.97 1921.42 1809.82 1692.66 1798.87 1922.35 2050.56 2184.54 2312.14 2436.79 2405.83 2361.44 2311.94 2260.49 2223.67
2211.43 2273.11 2335.86 2394.30 2262.92 2109.21 1920.92 2032.99 2122.47 2202.74 2234.57 2268.69 2274.80 2145.65 2007.98 1853.98 1850.30 1904.87 2000.92 1946.38 1872.56 1826.81 1885.96 1938.01
1950.48 1925.98 1901.44 1877.66 1840.66 1870.92 1951.53 1851.02 1767.92 1743.10 1729.05 1718.78 1713.82 1796.65 1879.01 1960.18 2023.23 2088.87 2155.40 2150.79 2134.91 2067.34 2038.14 2042.38
2084.72 2094.39 2106.74 2121.70 2159.64 2195.83 2193.54 2207.25 2216.69 2215.96 2242.27 2261.81 2281.40 2284.17 2293.49 2308.90 2345.99 2383.18 2430.09 2430.49 2419.00 2397.22 2458.56 2523.34
2560.89 2541.29 2520.69 2496.16 2453.13 2410.17 2325.20 2276.40 2178.14 2084.10 2167.39 2229.37 2257.47 2240.65 2229.96 2226.15 2284.25 2327.43 2374.46 2365.06 2300.89 2220.10 2215.09 2214.53
2221.24 2220.69 2220.05 2220.07 2160.83 2097.28 2026.19 2113.64 2095.20 2049.07 2090.30 2131.06 2149.38 2141.88 2147.81 2166.12 2228.41 2294.27 2361.37 2405.40 2443.77 2478.01 2542.31 2608.82
2679.35 2652.28 2625.71 2595.70 2486.83 2379.31 2277.73 2160.22 2033.78 1895.11 1604.59 1703.40 1936.51 1860.40 1794.45 1739.08 1664.43 1640.72 1699.35 1537.47 1324.70 1375.80 1403.17 1457.57
1522.71 1579.42 1681.84 1795.61 1849.62 1912.69 1852.27 1625.07 1656.82 1520.91 1418.04 1360.79 1370.46 1674.16 1883.61 2048.65 2175.17 2299.20 2418.13 2444.66 2423.09 2397.82 2478.18 2555.13
2572.74 2602.85 2632.85 2662.83 2635.17 2599.62 2559.60 2543.78 2482.29 2418.39 2260.69 2097.71 1955.97 1947.69 2017.43 2108.90 2114.23 2144.37 2194.25 2137.71 2068.15 1996.14 1978.67 1961.47
1943.28 1981.23 1924.98 1838.53 1874.11 1910.62 1890.31 1938.55 1979.26 2030.11 1916.88 1795.90 1643.81 1716.57 1785.20 1843.96 1818.99 1849.48 1931.07 1930.80 1920.64 1921.72 1882.79 1852.88
1834.24 1820.73 1827.27 1851.46 1835.59 1786.25 1689.50 1596.12 1563.13 1590.11 1578.53 1611.40 1664.57 1787.49 1894.91 1992.74 2011.47 2034.83 2064.17 2034.94 1996.04 1954.79 1949.01 1985.44
2055.65 2035.60 2015.34 1995.00 2021.48 2047.69 2072.74 2006.15 1939.51 1865.26 1854.34 1851.36 1856.79 1972.92 2015.21 2058.90 2147.00 2233.92 2303.18 2216.88 2102.95 1962.85 1950.12 1963.77
2002.74 2027.16 2015.06 1986.08 1962.87 1964.34 1985.62 1968.09 1977.55 1994.57 1960.24 1926.90 1905.56 1735.55 1689.45 1713.38 1843.28 1980.84 2111.94 2077.80 2033.74 1984.97 1983.33 1988.08
2000.88 1986.44 1973.68 1961.13 1962.01 1968.20 1978.13 1970.01 1962.64 1950.33 1765.23 1568.63 1432.66 1306.96 1178.90 1096.63 1480.07 1736.54 1935.65 1972.69 2006.67 2045.47 2054.61 2066.77
2083.67 2115.19 2145.86 2178.06 2131.87 2082.74 2026.22 2121.81 2196.84 2219.50 2171.51 2136.29 2097.17 2032.65 1978.61 1937.55 1972.40 2018.83 2071.90 2107.21 2138.49 2169.91 2228.95 2294.76
2365.49 2440.61 2514.94 2590.52 2572.63 2554.33 2533.05 2524.11 2492.73 2458.22 2404.90 2352.72 2305.78 2285.58 2271.44 2220.11 2228.11 2241.43 2258.71 2256.18 2261.37 2281.50 2344.25 2401.73
2459.79 2474.37 2489.00 2502.87 2502.02 2505.56 2510.72 2427.36 2341.25 2262.38 2044.21 1905.10 1989.39 1925.40 1873.87 1838.19 1867.83 1902.17 1939.56 1937.51 1936.72 1923.11 1783.43 1687.96
1782.79 1749.64 1669.46 1575.97 1502.00 1414.40 1309.05 1273.02 1367.00 1449.04 1585.29 1719.89 1755.18 1766.74 1730.00 1692.08 1769.00 1875.45 1994.36 2020.59 2040.39 2055.67 2137.75 2216.36
2292.68 2302.81 2325.04 2361.89 2366.97 2377.50 2390.44 2463.76 2527.50 2558.32 2550.72 2546.82 2543.88 2531.44 2503.63 2477.34 2487.33 2500.45 2514.80 2467.98 2405.93 2329.90 2386.77 2449.33
2515.43 2371.44 2282.88 2311.70 2026.29 1834.88 2075.71 2279.34 2441.11 2474.48 2406.65 2265.14 2176.36 2163.77 2163.78 2173.00 2166.54 2169.25 2178.91 2118.81 2057.82 2026.41 2042.00 2103.17
2167.90 2155.49 2143.05 2130.30 2117.67 2105.02 2087.90 2114.08 2134.52 2141.71 2156.18 2168.90 2182.06 2095.99 2014.36 1939.96 2005.18 2088.68 2181.84 2160.28 2124.44 2076.92 2155.69 2233.05
2309.42 2380.32 2450.33 2520.88 2539.33 2558.34 2574.76 2574.37 2573.02 2565.97 2521.66 2477.38 2435.20 2416.74 2406.34 2403.46 2435.27 2471.85 2510.20 2523.44 2530.07 2532.91 2577.49 2624.32
2675.78 2665.56 2655.52 2637.59 2611.55 2575.45 2534.63 2540.70 2543.28 2537.12 2481.35 2428.41 2378.69 2346.77 2329.14 2325.48 2366.42 2413.36 2464.31 2444.29 2413.48 2373.29 2396.84 2425.93
2462.55 2477.29 2491.90 2507.21 2483.28 2458.38 2428.88 2481.42 2524.86 2553.20 2522.36 2495.12 2469.34 2427.25 2392.22 2365.04 2388.23 2418.66 2456.08 2422.42 2373.47 2309.72 2378.99 2449.93
2523.00 2519.00 2514.81 2510.89 2525.88 2541.51 2553.22 2508.94 2463.46 2421.81 2421.72 2418.82 2408.98 2379.51 2358.19 2341.09 2362.39 2387.71 2415.41 2402.37 2377.14 2342.17 2405.87 2473.79
2542.89 2544.04 2545.55 2548.27 2511.21 2470.19 2421.41 2384.09 2351.98 2316.42 2298.30 2279.64 2243.52 2230.92 2224.40 2223.59 2275.86 2334.60 2397.68 2370.77 2330.20 2277.07 2348.69 2419.39
2489.85 2501.04 2512.07 2524.48 2492.88 2461.09 2426.19 2419.02 2418.76 2430.61 2303.76 2173.27 2057.00 1974.32 1894.31 1813.83 1788.54 1773.56 1773.62 1715.20 1764.31 1913.75 1982.69 2057.86
2137.98 2177.34 2218.33 2262.89 2185.18 2099.54 1997.57 2174.90 2304.88 2407.49 2269.05 2133.81 2009.36 1805.09 1641.17 1643.52 1607.04 1675.22 1713.70 1571.23 1347.26 1090.68 1250.24 1535.62
1738.76 1821.09 1899.44 1972.43 1988.42 1979.18 1907.40 1914.28 1940.29 1972.06 1879.71 1799.09 1744.18 1843.41 1933.85 1981.44 2059.65 2137.18 2220.35 2201.67 2124.48 2027.39 2017.30 2011.42
2011.59 1974.06 1965.94 1996.37 1818.40 1716.93 1818.10 1757.40 1716.84 1689.44 1831.11 1938.34 1972.38 2002.68 2000.45 2013.00 2083.80 2156.05 2226.10 2218.79 2202.25 2179.13 2150.57 2137.45
2148.59 2165.15 2188.53 2218.33 2167.79 2111.53 2046.78 2067.82 2087.80 2099.45 2068.23 2041.35 2017.93 1987.84 1966.61 1953.28 2005.34 2061.12 2117.91 2076.76 2020.55 1949.89 2040.20 2125.03
2206.81 2233.03 2261.01 2288.42 2240.86 2192.93 2143.61 2104.57 2064.92 2019.67 2026.23 2030.24 2033.14 1970.03 1928.76 1911.85 1956.81 2010.90 2069.76 2056.17 2030.93 1991.02 1981.86 1971.26
1962.96 1976.01 2013.72 2074.90 2117.02 2164.80 2213.59 2190.71 2165.12 2094.11 2069.74 2023.40 1986.71 1984.29 1993.73 2010.01 2009.85 2013.57 2017.59 1979.09 1932.50 1876.60 1886.30 1897.29
1910.26 2077.14 2223.31 2352.14 2341.89 2246.64 2129.31 2079.13 2026.54 1951.89 1900.96 1850.45 1796.57 1887.93 1996.48 2110.43 2139.82 2163.13 2158.90 2122.36 2069.90 1998.33 1995.54 2004.12
2024.29 2054.53 2093.00 2048.18 1958.82 1864.36 1771.75 1663.67 1577.42 1525.73 1494.42 1457.25 1450.00 1603.46 1731.13 1771.45 1825.88 1920.38 2030.85 2016.87 1994.65 1964.98 1952.03 1886.52
1815.30 1861.86 1913.60 1899.07 1873.87 1897.28 1959.70 1955.29 1951.80 1941.47 1933.11 1920.81 1961.86 1943.09 1954.73 2017.73 2056.84 2078.28 2090.98 2058.09 2018.22 1982.19 1955.35 1927.12
1899.59 1703.20 1425.36 1319.43 1654.96 1840.46 1747.20 1537.20 1263.37 896.57 1291.41 1539.78 1661.31 1607.16 1585.22 1641.02 1640.98 1648.34 1658.00 1646.96 1737.05 1887.94 1927.55 1962.48
2002.25 1987.89 1979.36 1978.37 1944.09 1931.94 1944.51 1930.46 1922.79 1907.48 1773.40 1716.48 1684.79 1637.65 1597.84 1562.07 1621.14 1625.40 1621.88 1720.01 1849.16 1985.55 1991.41 2005.36
2030.17 2037.79 2046.54 2057.25 2036.19 2014.36 1986.49 2023.19 2020.52 2006.35 1963.80 1865.37 1760.51 1555.93 1398.05 1451.10 1533.08 1616.70 1588.22 1593.69 1698.71 1854.85 1950.80 2052.14
2151.13 2160.47 2172.92 2191.72 2312.38 2463.90 2456.98 2449.23 2451.35 2467.86 2427.96 2375.75 2306.04 2293.89 2243.39 2190.46 2182.64 2178.18 2163.15 2094.30 1996.96 1875.27 1894.23 1913.66
1934.21 1925.54 1910.77 1909.62 1866.03 1797.20 1721.26 1618.87 1720.17 1677.18 1679.43 1760.05 1835.43 1854.92 1875.97 1873.33 1800.06 1745.26 1715.57 1687.89 1667.91 1673.81 1613.93 1584.71
1604.38 1687.83 1768.36 1843.29 1927.56 2004.02 2039.89 1967.50 1944.43 1953.25 1848.90 1703.36 1569.83 1547.03 1590.11 1671.51 1736.66 1804.61 1871.73 1909.41 1942.98 1963.36 1975.97 1988.88
2001.73 2016.81 2015.92 2016.95 2008.38 1978.54 1948.44 1992.29 2033.79 2051.31 1982.73 1935.50 1908.98 1849.48 1794.97 1741.58 1822.83 1923.54 2028.73 2035.43 2034.35 2020.48 2097.38 2157.03
2205.87 2207.23 2208.67 2212.23 2233.05 2265.45 2303.33 2361.06 2350.44 2322.47 2300.54 2278.73 2257.02 2244.00 2236.66 2231.97 2234.89 2242.25 2250.16 2268.43 2282.04 2244.20 2287.95 2331.73
2374.61 2427.87 2479.92 2521.24 2485.86 2448.68 2406.61 2360.86 2315.00 2264.13 2245.12 2230.95 2186.18 2103.91 2024.35 1946.22 1961.69 1995.40 2040.92 2086.49 2131.83 2174.80 2260.42 2347.26
2435.04 2442.30 2449.27 2457.38 2458.60 2451.37 2441.02 2402.77 2364.36 2319.39 2239.30 2170.75 2105.37 2008.55 1909.88 1806.29 1773.02 1744.11 1717.81 1600.74 1654.05 1861.46 1866.65 1896.59
1950.23 1934.26 1996.42 2113.52 2098.31 2101.15 2119.69 2019.76 1943.72 1909.91 1849.10 1800.95 1766.48 1687.37 1610.92 1539.54 1531.32 1537.79 1559.95 1688.98 1808.38 1918.12 1927.16 1935.75
1945.45 1951.97 1960.53 1972.36 1882.75 1811.68 1780.24 1878.55 1954.33 2008.09 2036.53 2036.76 2036.91 2036.09 2041.34 2050.12 2064.46 2083.03 2101.53 2068.99 2019.45 1946.42 2007.41 2018.08
2030.16 2110.99 2188.33 2263.10 2248.82 2177.58 2093.77 2069.39 2050.12 2027.35 2024.54 2019.78 1952.56 1901.57 1855.56 1812.74 1839.13 1872.80 1910.67 1919.39 1934.11 1961.69 1964.96 1976.57
1995.66 2050.65 2106.15 2162.31 2189.78 2186.33 2158.82 2156.18 2143.81 2122.68 2090.96 2062.53 2014.19 1956.81 1898.77 1834.16 1885.59 1927.16 1969.97 1994.35 2024.67 2071.54 2156.86 2238.09
2316.36 2361.47 2407.24 2406.20 2345.07 2278.12 2198.93 2203.23 2204.55 2196.49 2157.51 2120.73 2083.93 2072.45 2066.47 2041.86 2069.86 2105.24 2143.24 2155.45 2156.08 2145.23 2209.36 2274.92
2340.91 2369.02 2397.80 2428.83 2418.37 2408.13 2393.11 2411.69 2437.86 2435.03 2403.32 2370.37 2333.97 2296.86 2253.64 2212.49 2228.11 2248.62 2269.46 2285.41 2296.65 2300.52 2349.57 2397.53
2447.92 2447.17 2446.51 2446.89 2424.29 2401.21 2375.69 2354.02 2334.70 2315.94 2223.19 2135.31 2050.17 2021.81 1987.50 1928.60 1937.97 1954.15 1974.63 1913.66 1828.55 1712.62 1654.92 1623.14
1634.00 1332.20 1156.31 1566.97 1676.00 1772.99 1858.18 1444.90 1276.99 1655.90 1541.45 1425.45 1300.42 1471.03 1620.84 1758.17 1910.86 2054.68 2189.10 2234.20 2272.90 2308.67 2249.15 2197.20
2161.35 2225.11 2160.83 2063.13 1998.55 1926.92 1845.38 1988.82 2017.51 2024.35 2054.75 2083.72 2109.29 2108.56 2114.67 2125.76 2175.12 2219.99 2253.46 2234.21 2170.87 2083.24 2106.11 2128.77
2148.22 2127.31 2108.77 2091.33 2080.40 2069.48 2056.68 2155.98 2234.73 2264.48 2191.15 2124.20 2062.45 2019.97 1990.55 1973.11 2036.93 2102.22 2164.60 2190.79 2123.28 2028.52 2056.56 2084.75
2114.02 2100.76 2087.12 2072.11 2068.71 2068.63 2072.51 2207.29 2290.94 2268.08 2200.02 2133.86 2066.39 2016.87 1976.82 1944.88 2041.34 2133.93 2220.54 2182.11 2108.87 2009.73 1999.34 1987.27
1978.35 2036.00 2091.42 2146.20 2155.97 2170.43 2186.47 2221.69 2248.80 2233.63 2154.11 2071.61 1977.99 1926.19 1914.74 1940.52 1975.77 2014.00 2052.61 2023.45 1980.43 1916.30 1931.44 1947.95
1964.85 1960.78 1957.25 1953.42 1952.29 1950.32 1944.87 1989.14 1971.53 1966.36 1873.97 1753.35 1564.12 1554.86 1577.05 1620.81 1665.12 1716.63 1768.00 1818.63 1867.23 1908.17 1919.81 1942.18
1974.25 1985.10 1997.95 2013.50 2005.97 2001.32 1995.55 1942.49 1876.02 1803.80 1690.93 1602.64 1548.52 1325.50 1088.81 1183.00 1316.49 1434.08 1537.89 1650.00 1799.08 1947.03 1965.10 1986.82
2011.89 2034.18 2056.88 2079.93 2124.38 2167.98 2206.85 2219.49 2166.73 2114.85 2065.18 2020.70 1917.88 1903.20 1920.18 1960.56 2049.69 2137.84 2213.37 2193.58 2148.17 2079.08 2141.68 2203.31
2264.98 2268.17 2272.17 2278.45 2280.42 2281.56 2279.22 2283.71 2216.85 2148.94 2066.01 1984.81 1902.57 1868.00 1821.66 1790.90 1861.77 1943.92 2031.80 2067.00 2096.41 2116.34 2204.71 2300.02
2400.71 2372.50 2343.59 2313.82 2263.04 2193.79 2078.03 2114.74 2142.90 2156.55 2106.51 2058.77 2010.84 1995.72 1995.38 2010.94 2082.36 2153.59 2226.50 2248.40 2265.98 2276.53 2268.18 2268.39
2281.08 2243.40 2202.77 2158.25 2236.92 2311.26 2378.32 2328.01 2262.51 2180.44 2139.28 2064.26 1991.40 1983.82 1980.67 1978.97 2029.59 2082.40 2138.54 2134.39 2123.66 2100.27 2143.68 2187.92
2234.69 2247.65 2261.05 2275.27 2306.54 2337.31 2363.03 2364.94 2361.52 2350.38 2284.50 2221.32 2158.12 2127.92 2103.46 2082.80 2107.03 2134.94 2167.40 2121.22 2056.51 1964.35 2029.31 2090.69
2153.13 2201.37 2249.10 2299.01 2278.76 2257.37 2230.03 2248.46 2262.13 2261.26 2182.29 2104.23 2026.73 2004.32 1989.64 1979.76 1995.91 2016.57 2040.80 2020.33 1987.48 1933.98 1944.65 1956.36
1969.60 1995.03 2028.54 2069.69 2067.55 2064.10 2057.22 2071.70 2062.39 2051.46 1994.23 1942.07 1890.82 1809.33 1710.49 1600.40 1675.08 1749.48 1820.49 1820.51 1806.79 1781.69 1793.63 1806.61
1818.75 1851.74 1893.32 1940.39 1959.20 1978.34 1994.17 2029.49 2062.25 2074.94 1995.16 1907.30 1827.52 1688.00 1531.20 1356.90 1469.91 1623.77 1772.16 1824.35 1873.75 1920.03 1926.94 1937.44
1952.65 2051.78 2151.38 2249.77 2241.54 2222.15 2131.90 2088.97 2050.61 2007.53 1916.96 1844.36 1792.21 1673.54 1511.25 1212.69 1297.62 1446.63 1595.55 1714.55 1822.78 1918.43 1937.99 1959.42
1983.92 2034.65 2086.24 2140.10 2136.13 2133.96 2115.92 2055.97 1999.44 1940.35 1820.32 1697.75 1566.12 1404.67 1394.15 1536.64 1593.49 1652.77 1715.25 1761.38 1802.82 1822.63 1848.62 1873.16
1894.50 1886.52 1877.85 1867.71 1742.23 1625.07 1582.49 1566.37 1411.66 1315.35 1460.04 1804.87 2026.22 2016.00 2016.26 2023.91 2042.70 2064.38 2094.32 2027.40 1939.16 1825.30 1798.80 1768.58
1736.13 1765.54 1795.58 1825.50 1657.72 1460.97 1388.58 1382.60 1373.06 1349.36 1527.31 1507.71 1540.45 1584.50 1630.28 1677.72 1683.52 1702.46 1733.97 1763.76 1787.23 1803.26 1816.86 1860.86
1889.47 1891.10 1903.69 1926.88 1878.18 1844.35 1830.25 1739.38 1584.17 1386.76 1485.75 1649.44 1781.96 1770.06 1777.04 1800.83 1773.98 1763.78 1772.46 1804.49 1830.18 1817.19 1837.10 1857.61
1877.91 1869.94 1869.74 1879.57 1886.39 1893.46 1897.86 1770.33 1648.63 1537.77 1441.24 1382.21 1317.22 1370.46 1428.94 1487.18 1543.16 1604.34 1672.64 1660.24 1641.37 1616.69 1686.44 1764.39
1825.65 1830.53 1834.59 1840.12 1840.52 1840.84 1841.41 1727.54 1639.28 1583.69 1498.90 1416.30 1333.27 1269.24 1218.20 1184.99 1372.23 1556.15 1720.51 1763.81 1800.85 1827.51 1839.22 1869.37
1916.70 1965.54 2014.50 2065.27 2117.97 2166.18 2211.34 2221.05 2228.67 2204.05 2148.45 2097.19 2046.14 2005.29 1966.66 1938.67 1961.97 1992.30 2029.46 2002.11 1954.89 1888.06 1920.61 1953.81
1987.30 2100.67 2202.20 2298.78 2317.25 2336.46 2354.88 2341.38 2310.43 2269.12 2219.22 2175.37 2111.44 2082.92 2060.29 2042.08 2088.01 2137.36 2190.87 2180.27 2159.46 2125.18 2195.75 2264.07
2332.25 2336.40 2340.34 2344.10 2337.26 2295.68 2247.40 2262.79 2281.33 2294.09 2251.87 2214.59 2178.54 2164.37 2145.22 2119.82 2142.44 2169.67 2202.69 2189.99 2161.27 2115.57 2132.85 2151.15
2170.87 2233.38 2292.88 2351.85 2373.42 2375.31 2341.45 2297.93 2254.54 2204.45 2174.33 2149.63 2126.17 2108.96 2078.14 2037.47 2074.02 2117.84 2168.62 2145.34 2102.20 2037.71 2073.99 2110.98
2149.24 2200.16 2251.26 2302.07 2277.25 2250.32 2214.93 2221.83 2229.25 2230.10 2172.23 2125.35 2065.12 2024.22 1989.75 1961.17 1989.80 2023.33 2062.55 2054.67 2026.33 1980.77 2007.54 2035.04
2062.94 2157.72 2248.38 2335.22 2295.28 2251.71 2203.78 2195.85 2172.57 2142.62 2048.15 1960.72 1877.76 1742.47 1654.96 1663.07 1749.91 1840.44 1933.38 1938.39 1934.48 1898.65 1812.54 1708.31
1580.57 1572.82 1562.19 1551.87 1625.56 1692.80 1757.91 1464.59 1377.63 1571.34 1269.88 1346.95 1219.17 1447.47 1612.87 1752.64 1793.72 1838.91 1885.10 1893.03 1896.94 1897.53 1821.66 1754.54
1714.70 1641.71 1553.81 1447.45 1521.92 1735.50 1928.63 2044.74 2138.65 2212.69 2136.55 2070.15 2011.99 2000.76 1994.88 1992.78 2022.60 2058.57 2099.61 2071.35 1997.65 1899.21 1925.33 1955.06
1988.96 1991.43 1995.38 2004.05 2001.77 1999.23 1996.05 1849.71 1739.50 1695.29 1686.17 1736.54 1806.63 1764.97 1736.60 1723.50 1713.89 1714.44 1727.48 1755.43 1788.68 1830.92 1885.10 1937.55
1989.47 1977.17 1995.45 2043.23 2007.59 1971.78 1935.54 1932.60 1928.38 1913.38 1740.11 1547.72 1317.96 1357.44 1427.47 1505.24 1602.47 1694.87 1785.23 1845.96 1905.66 1961.47 1974.38 1994.70
2023.37 1997.04 2006.07 2050.17 2049.95 2053.17 2046.10 2033.43 2018.35 1987.83 1861.49 1733.69 1598.59 1569.93 1582.38 1564.37 1584.32 1614.32 1651.49 1740.76 1821.01 1891.55 1912.42 1934.50
1957.14 1971.71 1984.10 1995.30 1977.84 1970.20 1971.24 1919.29 1886.34 1862.42 1719.58 1569.57 1408.81 1463.49 1521.61 1580.71 1675.74 1767.25 1855.67 1869.27 1872.22 1865.86 1873.24 1880.28
1888.84 1893.11 1916.17 1956.30 1976.52 1996.20 2015.62 2081.77 2137.63 2176.77 2114.40 2054.12 1995.42 1945.05 1899.74 1862.09 1848.54 1850.94 1867.91 1871.55 1864.98 1848.39 1865.97 1885.78
1909.44 1943.01 1985.73 2036.15 2063.77 2091.12 2112.84 2088.13 2063.66 2032.11 1950.33 1869.34 1789.61 1693.84 1620.34 1590.87 1654.44 1721.35 1787.04 1814.68 1838.51 1858.64 1871.57 1897.13
1933.94 1942.84 1954.95 1973.28 1968.39 1964.84 1963.38 1979.39 1990.46 1990.85 1773.10 1519.68 1216.34 1251.70 1303.39 1360.69 1503.10 1644.20 1776.92 1792.77 1805.22 1815.79 1818.41 1838.32
1874.45 1863.07 1850.41 1838.71 1866.47 1898.24 1931.82 1884.87 1850.48 1820.35 1698.97 1634.58 1637.71 1623.25 1616.13 1612.80 1654.96 1704.79 1763.36 1789.78 1810.71 1827.88 1846.23 1869.93
1900.54 1916.07 1932.60 1950.32 1957.14 1969.25 1986.52 1997.74 1923.74 1844.69 1770.88 1700.12 1564.70 1549.80 1616.75 1720.58 1794.73 1869.81 1945.89 1916.13 1884.40 1865.87 1875.01 1885.67
1898.42 1910.37 1923.28 1937.56 1934.94 1942.83 1868.97 1827.40 1790.87 1755.25 1639.51 1522.31 1402.61 1404.32 1412.65 1429.96 1492.60 1538.75 1594.54 1684.95 1749.86 1792.61 1836.74 1884.44
1920.58 1915.49 1927.11 1957.91 1979.49 2001.28 2021.60 2006.10 1971.05 1930.94 1809.89 1688.00 1561.78 1598.37 1614.18 1558.43 1516.54 1478.57 1447.06 1517.53 1576.97 1630.77 1528.45 1452.42
1460.35 1452.42 1443.07 1433.08 1543.94 1657.97 1760.51 1797.17 1878.63 1959.92 1651.24 1458.11 1631.74 1566.94 1542.95 1515.51 1586.05 1664.60 1749.30 1778.21 1783.79 1784.55 1812.45 1848.40
1892.26 1906.62 1922.50 1940.38 1880.54 1856.32 1882.06 1873.50 1885.39 1825.05 1743.42 1545.44 1309.35 996.04 927.57 1246.75 1405.02 1540.38 1662.70 1696.88 1739.14 1792.68 1807.57 1824.59
1845.96 1834.27 1830.40 1838.03 1751.08 1783.22 1719.22 1685.29 1648.83 1606.45 1559.33 1185.45 1068.74 1336.23 1510.80 1638.46 1686.30 1732.36 1785.83 1761.93 1745.67 1749.62 1786.62 1822.73
1859.34 1889.80 1947.06 2023.06 2042.22 2063.15 2019.89 2019.37 2014.59 2001.45 1872.08 1731.67 1581.39 1568.92 1574.87 1598.30 1694.56 1787.84 1880.14 1875.58 1858.44 1828.42 1855.36 1882.72
1913.09 2002.26 2082.25 2160.67 2138.18 2114.18 2089.20 2116.23 2141.05 2139.90 2074.11 2012.80 1944.67 1892.30 1846.46 1808.19 1814.21 1833.61 1869.80 1869.98 1859.36 1843.65 1849.10 1853.68
1859.21 1902.43 1947.18 1993.42 2025.34 2056.99 2088.78 2089.29 2086.95 2076.41 2018.27 1962.80 1906.73 1877.49 1863.02 1863.05 1923.43 1986.99 2054.67 2023.01 1972.34 1909.12 1921.01 1933.05
1945.80 2037.13 2117.44 2194.33 2190.19 2185.13 2179.16 2171.70 2164.18 2144.53 2072.75 1994.71 1916.35 1864.88 1841.96 1851.03 1880.82 1918.86 1965.34 1953.17 1925.21 1885.90 1902.21 1921.05
1943.19 1984.62 2026.45 2068.97 2064.46 2058.76 2054.47 2094.51 2098.06 2099.17 2026.12 1955.46 1883.29 1829.85 1782.23 1737.70 1800.49 1866.38 1936.64 1939.90 1925.43 1904.04 1920.22 1937.36
1955.36 2010.74 2064.21 2118.04 2110.45 2102.95 2085.97 2085.96 2082.94 2074.57 2058.71 2043.75 1997.14 1921.81 1847.50 1777.25 1805.49 1839.43 1880.84 1903.91 1915.79 1918.42 1963.96 2013.14
2066.22 2092.60 2117.74 2143.87 2095.19 2042.05 1977.21 1971.90 1966.10 1953.16 1902.39 1793.13 1662.43 1606.22 1588.92 1615.46 1653.38 1695.36 1745.82 1779.61 1805.88 1827.27 1840.86 1854.98
1870.99 1868.78 1872.98 1886.24 1884.01 1889.25 1869.31 1703.28 1451.00 1059.33 1191.65 1470.97 1549.23 1582.97 1623.44 1667.35 1712.45 1762.60 1820.47 1817.62 1792.52 1731.12 1759.86 1814.49
1858.81 1860.41 1864.94 1875.71 1879.78 1885.08 1891.43 1835.53 1773.97 1676.47 1599.68 1482.15 1355.76 1239.29 1109.25 948.79 1012.66 1093.45 1188.61 1444.67 1638.36 1800.36 1802.62 1824.68
1868.27 1878.42 1890.68 1905.01 1901.74 1909.00 1926.70 1972.73 1967.47 1937.73 1864.53 1723.46 1546.14 1528.27 1526.36 1542.21 1586.27 1637.08 1696.50 1757.17 1807.31 1853.07 1878.87 1904.09
1929.72 1974.94 2023.16 2073.49 2122.52 2144.90 2065.44 2045.88 2025.28 2000.30 1981.79 1963.56 1943.58 1909.25 1877.84 1850.18 1873.61 1912.42 1966.08 1980.58 1952.51 1913.70 1938.97 1964.79
1990.56 2092.16 2189.60 2279.33 2291.29 2295.22 2266.21 2241.77 2213.79 2178.77 2125.56 2061.90 1973.80 1925.60 1886.17 1858.67 1879.44 1919.10 1976.78 1979.25 1970.65 1958.42 1992.33 2028.19
2065.24 2061.48 2056.96 2052.60 2040.06 2032.82 2032.83 2028.70 2031.09 2031.79 1929.18 1835.75 1752.74 1724.76 1727.37 1757.34 1820.19 1886.31 1956.85 1955.76 1943.10 1927.78 2011.08 2093.04
2174.67 2180.15 2185.40 2192.92 2118.06 2035.06 1940.78 1971.53 1989.52 1995.32 1895.66 1823.10 1782.90 1763.22 1745.94 1734.63 1826.64 1917.46 2009.20 1973.71 1919.09 1849.68 1869.19 1889.50
1910.99 1922.12 1939.32 1963.97 1973.79 1994.59 1916.86 1949.41 1973.06 1985.39 1919.00 1834.37 1705.57 1704.77 1716.51 1742.25 1821.55 1908.13 2000.70 1970.16 1926.72 1883.05 1894.91 1906.02
1920.40 1996.37 2074.39 2155.34 2139.26 2121.84 2055.87 2038.39 2030.01 2024.66 1979.86 1883.41 1782.40 1754.60 1747.65 1767.10 1848.12 1934.71 2026.80 2058.49 2090.53 2131.61 2126.94 2124.81
2128.03 2135.42 2141.38 2150.50 2115.36 2076.92 2032.15 1990.01 1932.70 1867.08 1805.50 1749.43 1625.33 1572.58 1570.29 1635.85 1689.23 1747.86 1810.69 1813.63 1806.29 1798.83 1853.89 1909.04
1964.62 2017.58 2071.45 2125.14 2060.26 1990.55 1914.04 1906.86 1894.93 1874.17 1709.07 1543.33 1404.02 1533.61 1643.23 1757.51 1808.86 1861.78 1919.12 1905.62 1850.04 1785.57 1841.34 1817.67
1814.73 1806.22 1806.83 1820.85 1850.98 1880.33 1911.38 1958.50 1997.69 1968.59 1871.76 1776.25 1680.45 1570.01 1459.17 1354.69 1526.12 1671.52 1805.15 1922.17 1975.58 2030.99 2095.17 2161.46
2229.97 2206.02 2171.79 2134.97 2122.05 2111.00 2084.77 2122.68 2146.58 2153.97 2103.47 2056.23 2008.87 1973.36 1942.08 1916.44 1948.83 1985.54 2029.68 2039.46 2035.90 2029.27 2088.53 2146.45
2204.07 2220.56 2233.57 2246.39 2259.18 2215.67 2167.53 2146.43 2121.28 2088.97 2076.60 2060.95 2047.55 2032.12 2026.36 2028.57 2052.05 2031.69 2008.44 1973.89 1918.59 1851.67 1854.07 1863.54
1884.10 1906.64 1933.80 1963.59 1938.57 1915.19 1894.36 1864.27 1887.72 1907.36 1753.48 1562.94 1378.52 1450.59 1515.59 1576.49 1617.58 1672.34 1740.80 1779.72 1805.28 1831.60 1842.77 1853.74
1865.99 1892.56 1930.40 1978.53 2045.49 2118.48 2135.68 2080.16 2016.76 1947.68 1890.55 1836.62 1783.42 1791.28 1808.36 1832.21 1867.71 1907.22 1952.10 1943.66 1920.64 1895.20 1910.64 1925.98
1942.10 1963.58 1988.83 2019.25 2023.02 2027.40 2031.55 2023.73 2005.50 1989.34 1937.90 1890.34 1842.46 1774.98 1755.86 1756.73 1800.26 1847.37 1901.30 1915.39 1894.91 1850.10 1848.03 1848.20
1851.03 1855.65 1863.30 1877.03 1860.90 1866.76 1895.55 1945.30 1982.25 1902.11 1790.53 1676.19 1555.57 1576.59 1646.33 1743.53 1795.70 1850.18 1909.85 1894.31 1867.46 1847.90 1845.64 1855.91
1878.74 1859.69 1838.59 1817.44 1811.31 1806.03 1799.53 1661.32 1519.45 1400.95 1213.29 1215.53 939.56 1206.35 1391.36 1537.62 1653.02 1758.81 1862.54 1855.27 1833.47 1812.65 1825.95 1841.36
1864.21 1864.60 1869.57 1876.81 1852.03 1831.71 1814.97 1693.60 1602.58 1569.79 1443.03 1425.98 1503.85 1591.73 1674.74 1757.62 1864.70 1963.30 2064.78 2018.07 1949.05 1877.40 1889.49 1901.64
1914.43 1916.89 1920.37 1924.17 1926.21 1919.71 1914.39 1832.01 1758.79 1702.51 1619.72 1606.59 1635.02 1714.12 1788.30 1859.72 1917.96 1976.17 2042.72 2013.13 1966.96 1920.26 1930.55 1943.00
1956.61 1962.07 1968.54 1976.56 1970.29 1963.89 1957.12 1911.63 1861.13 1805.40 1839.00 1868.55 1900.55 1922.90 1950.16 1984.32 2024.46 2065.73 2107.03 2050.64 1979.58 1903.59 1884.26 1864.91
1846.50 1850.78 1854.23 1859.42 1833.57 1817.18 1724.96 1871.63 1967.60 2016.94 1973.79 1931.93 1896.54 1867.01 1837.48 1812.98 1921.14 2023.40 2122.03 2058.11 1975.11 1879.51 1868.31 1854.95
1759.42 1757.88 1757.09 1757.75 1766.06 1774.32 1784.39 1856.75 1912.15 1951.66 1928.09 1911.46 1898.70 1923.75 1928.92 1921.88 1962.97 2006.57 2051.30 1991.84 1908.32 1809.21 1823.30 1839.27
1858.34 1862.43 1868.37 1880.39 1884.14 1881.23 1876.15 1912.54 1935.37 1946.48 1878.23 1814.52 1749.48 1777.20 1829.35 1896.08 1974.31 2052.10 2132.29 2107.49 2068.98 2026.27 2022.09 2018.20
2015.28 2015.67 2015.76 2017.76 2032.43 2048.05 2066.85 2155.47 2172.82 2180.92 2183.72 2180.04 2173.07 2174.58 2161.79 2155.95 2198.36 2242.00 2293.84 2266.21 2224.46 2177.28 2216.85 2257.39
2298.43 2306.34 2314.48 2322.61 2294.57 2264.28 2231.03 2255.62 2225.64 2192.15 2175.50 2158.84 2143.70 2197.51 2242.37 2231.14 2274.81 2320.92 2368.79 2367.49 2356.76 2345.41 2342.88 2339.23
2335.40 2350.27 2365.60 2381.98 2370.17 2348.18 2323.93 2310.58 2293.34 2271.61 2246.97 2224.47 2208.05 2213.73 2224.95 2248.88 2261.42 2275.46 2289.50 2280.33 2252.29 2222.09 2227.59 2232.49
2237.97 2300.03 2359.39 2416.99 2403.14 2365.87 2310.15 2317.06 2321.01 2321.14 2297.81 2274.67 2254.17 2266.74 2260.48 2242.40 2226.43 2210.18 2196.08 2216.04 2229.44 2244.95 2261.98 2280.04
2300.01 2289.82 2279.52 2270.28 2244.51 2218.62 2194.94 2235.81 2217.70 2197.09 2162.26 2129.63 2097.74 2089.90 2087.32 2091.03 2144.43 2199.45 2257.93 2198.75 2117.74 2012.45 2041.37 2070.95
2100.63 2122.41 2143.70 2165.86 2118.45 2065.64 2009.15 1995.64 1978.17 1959.58 1894.61 1832.26 1773.27 1756.28 1749.19 1751.58 1859.13 1963.76 2065.68 2019.60 1951.23 1877.55 1900.28 1922.40
1948.99 1950.05 1955.83 1970.64 1953.18 1924.01 1817.65 1768.48 1711.29 1646.64 1694.95 1737.38 1775.31 1761.69 1746.99 1735.37 1796.91 1861.39 1933.82 1892.21 1812.92 1723.83 1737.73 1755.40
1774.78 1784.69 1793.78 1800.74 1792.77 1785.36 1781.87 1798.91 1809.81 1770.92 1800.24 1827.99 1855.28 1890.70 1906.45 1889.95 1901.51 1914.01 1934.65 1927.91 1912.83 1899.53 1875.60 1861.39
1869.33 1868.54 1873.78 1885.13 1849.82 1836.26 1851.40 1737.32 1605.73 1454.89 1289.05 1342.32 1482.40 1494.73 1549.61 1605.44 1647.03 1679.51 1736.80 1757.37 1771.90 1788.09 1803.36 1820.00
1841.82 1860.96 1879.39 1887.47 1901.04 1907.52 1912.40 1930.51 1940.13 1944.46 1796.89 1633.91 1451.15 1505.76 1568.65 1640.60 1695.58 1756.02 1826.34 1834.08 1833.30 1832.43 1869.42 1906.08
1943.02 1956.46 1970.14 1984.07 1953.12 1921.64 1890.75 1868.10 1841.82 1811.68 1633.07 1422.66 1144.90 1190.80 1338.26 1481.55 1568.87 1592.77 1632.58 1719.27 1794.41 1869.13 1899.62 1932.02
1966.06 1968.73 1965.32 1931.42 1910.33 1888.59 1867.57 1800.29 1726.90 1650.50 1546.79 1442.89 1346.00 1480.54 1627.86 1780.14 1775.89 1776.25 1788.31 1795.70 1804.83 1825.69 1855.11 1897.01
1945.78 2035.35 2132.65 2231.26 2233.56 2236.64 2241.23 2249.64 2250.13 2245.36 2224.77 2199.00 2168.78 2172.70 2180.68 2197.84 2257.65 2318.30 2381.84 2426.73 2469.40 2500.39 2511.58 2506.86
2502.20 2488.23 2472.55 2456.81 2441.74 2424.81 2387.34 2362.20 2338.09 2316.63 2345.15 2368.75 2369.29 2360.49 2358.19 2363.11 2402.23 2443.29 2485.13 2508.64 2527.29 2532.98 2529.61 2511.96
2495.03 2468.04 2439.62 2399.86 2347.68 2292.75 2235.16 2276.01 2313.83 2338.13 2250.68 2170.59 2096.88 2108.78 2109.49 2066.71 2058.52 2054.54 2058.71 2023.09 1976.53 1925.91 1995.46 2060.33
2124.36 2157.50 2190.71 2224.62 2204.81 2183.11 2142.52 2152.70 2146.01 2132.69 2071.42 2012.61 1936.24 1856.99 1783.12 1718.11 1803.36 1898.10 2003.18 2034.77 2064.86 2076.31 2089.75 2064.08
2039.82 2080.51 2123.13 2168.33 2160.55 2153.64 2103.78 2106.44 2100.25 2089.16 2083.50 2076.34 2063.50 2060.56 2006.43 1955.97 1949.25 1950.83 1969.81 1957.61 1933.40 1906.38 1983.24 2059.29
2134.33 2146.66 2160.19 2174.04 2167.99 2161.24 2156.54 2156.57 2117.82 2078.03 2038.48 2006.98 1980.75 1938.71 1903.27 1888.62 1913.80 1948.18 1994.04 1963.98 1924.72 1881.63 1909.81 1939.14
1969.52 2012.07 2055.01 2098.92 2056.75 2010.62 1959.01 2036.36 2092.68 2131.02 2078.14 2023.30 1972.75 1972.58 1965.66 1979.66 2006.12 2032.28 2065.55 2050.16 1997.40 1939.79 1957.16 1971.53
1986.26 2045.81 2106.33 2167.54 2150.73 2106.44 2024.17 2029.28 2033.59 2036.17 2011.33 1990.19 1969.45 1941.91 1875.76 1819.97 1870.53 1920.50 1977.31 1994.39 2005.47 2019.17 2112.63 2200.93
2284.83 2293.11 2302.34 2313.30 2282.07 2248.60 2212.08 2251.97 2279.27 2297.22 2274.08 2248.51 2221.58 2213.96 2214.02 2225.58 2256.70 2291.69 2330.13 2354.90 2376.85 2399.79 2385.89 2371.46
2358.04 2367.45 2377.18 2388.20 2385.34 2382.11 2352.72 2355.17 2348.62 2331.21 2305.96 2282.91 2260.00 2247.23 2240.11 2237.10 2257.43 2272.09 2281.01 2302.05 2317.97 2335.10 2349.39 2363.64
2379.84 2390.01 2400.84 2413.53 2411.03 2409.81 2362.58 2361.86 2348.42 2329.69 2329.82 2338.50 2365.58 2334.74 2308.82 2276.26 2321.15 2369.05 2418.85 2423.42 2426.10 2429.46 2416.96 2404.08
2390.09 2379.35 2368.94 2359.79 2316.26 2266.37 2214.32 2263.52 2301.63 2335.72 2300.10 2252.75 2200.69 2226.98 2254.81 2260.47 2262.92 2271.07 2290.03 2286.69 2278.31 2260.06 2279.69 2299.64
2319.65 2320.85 2325.44 2334.43 2347.93 2345.22 2323.21 2318.80 2308.00 2283.74 2242.83 2206.74 2173.22 2138.41 2083.31 2008.24 1996.82 1993.53 2008.26 1993.27 1966.60 1932.47 1983.60 2033.38
2085.83 2106.58 2128.46 2153.36 2105.87 2053.06 1994.79 2030.85 2053.01 2062.69 1990.21 1918.70 1839.15 1879.82 1949.21 2037.12 2056.47 2077.10 2105.61 2056.79 1992.80 1919.60 1916.73 1914.73
1914.82 1904.90 1893.52 1880.53 1856.05 1840.57 1832.26 1825.52 1816.57 1804.87 1797.66 1799.03 1810.76 1813.53 1820.71 1841.68 1939.30 2013.26 2074.41 2032.56 1983.02 1923.13 1927.81 1937.11
1950.70 1944.31 1949.18 1968.30 1974.51 1981.45 1979.92 1919.33 1864.66 1817.88 1825.02 1815.34 1799.28 1721.45 1646.75 1584.18 1567.07 1558.11 1615.21 1727.08 1826.12 1904.29 1919.88 1935.79
1951.88 1953.65 1959.60 1970.65 1979.27 1987.98 1996.98 2052.22 2021.35 1985.79 1892.65 1797.98 1699.90 1634.73 1574.16 1469.99 1344.31 1179.44 1116.66 1382.32 1572.09 1727.74 1923.03 1923.72
1939.41 1918.91 1925.09 1958.08 2118.62 2276.09 2424.89 2427.52 2431.68 2437.81 2373.85 2311.72 2252.26 2226.06 2187.05 2142.84 2133.00 2129.51 2139.98 2097.21 2045.90 1986.75 1993.78 2006.75
2025.55 2019.38 2021.39 2032.88 2013.40 1992.95 1972.08 1922.50 1873.58 1826.99 1745.20 1696.61 1708.80 1684.69 1669.91 1672.14 1769.24 1867.86 1973.46 2021.61 2068.46 2116.88 2141.29 2166.77
2192.56 2236.30 2279.56 2321.97 2327.18 2336.33 2349.63 2368.22 2382.49 2391.14 2421.51 2450.62 2475.66 2411.95 2351.52 2298.96 2311.27 2325.66 2323.62 2299.99 2276.75 2259.12 2330.52 2400.15
2467.65 2499.31 2531.07 2562.29 2559.27 2555.09 2550.25 2552.63 2523.56 2491.95 2445.20 2407.71 2377.48 2319.38 2265.65 2220.30 2168.38 2087.74 2001.86 1949.38 1901.61 1874.49 1553.04 1622.95
1969.16 2294.55 2376.42 2352.78 2181.84 2097.80 2194.58 2460.53 2735.96 2811.06 2732.67 2646.95 2553.90 2536.99 2524.67 2510.00 2506.15 2505.03 2508.57 2405.32 2288.41 2159.39 2122.95 2084.02
2040.80 2011.73 1982.32 1951.60 1940.53 1929.89 1918.40 1952.69 1985.07 2012.61 1883.64 1794.98 1779.20 1787.16 1850.44 1946.74 1993.82 2041.33 2092.76 2106.19 2120.22 2102.21 2104.73 2108.54
2113.43 2114.91 2127.40 2152.75 2151.97 2150.52 2138.71 2154.74 2159.74 2154.24 2129.82 2106.41 2074.85 2028.33 1956.80 1890.15 1899.18 1907.51 1917.63 1978.82 2034.56 2088.94 2110.25 2132.17
2154.02 2118.31 2067.43 2012.49 2002.75 1994.89 1985.54 1966.93 1951.20 1938.64 1878.18 1823.04 1757.26 1794.47 1838.74 1892.57 1924.49 1888.41 1824.81 1876.13 1928.72 1983.18 1983.99 1988.89
1995.81 2039.36 2056.71 2071.76 2011.93 1946.65 1873.42 1872.96 1860.37 1848.23 1752.44 1746.34 1804.66 1755.51 1785.79 1871.82 1809.45 1738.58 1659.60 1641.75 1596.79 1546.88 1784.91 1836.12
1891.64 2009.62 2114.95 2211.91 2344.69 2431.25 2444.20 2441.01 2434.40 2425.47 2348.63 2272.48 2196.30 2205.14 2219.20 2201.19 2107.28 2005.22 1912.18 1933.02 1950.48 1969.84 1804.29 1690.99
1763.88 1876.15 1974.55 2046.28 2029.66 2012.94 1997.88 1915.77 1833.88 1748.94 1746.14 1750.07 1743.82 1893.31 1990.62 2073.49 2078.11 2083.30 2091.23 2104.31 2098.56 2094.91 2104.38 2109.87
2116.03 2140.88 2169.23 2196.99 2187.84 2179.52 2170.98 2175.85 2141.50 2118.70 2161.95 2195.42 2217.89 2219.57 2217.63 2197.00 2197.12 2199.96 2208.61 2218.71 2193.28 2162.53 2203.19 2242.46
2278.41 2229.50 2180.04 2131.19 2088.23 2052.23 2023.61 1902.92 1816.77 1795.71 1844.01 1959.73 2072.94 1982.06 1891.45 1809.14 1823.05 1836.74 1812.81 1740.51 1639.50 1616.22 1472.22 1490.25
1657.03 1800.88 1932.72 2054.01 2062.22 2071.51 2083.12 1986.92 1884.63 1782.50 1861.65 1968.84 2069.04 2090.55 2115.95 2148.02 2131.14 2111.62 2092.32 2080.02 2078.57 2043.76 1954.34 1959.25
2061.73 1990.55 2036.84 2008.96 1795.19 1496.16 1274.02 1895.46 2241.19 2357.74 2203.17 2029.99 1827.78 1602.02 1472.55 1633.96 1576.54 1504.41 1411.76 1347.32 1782.42 2063.81 2085.16 2118.61
2161.24 2089.55 2032.55 2006.34 2003.78 2014.34 2039.19 1893.84 1724.83 1526.52 1727.17 1895.20 2022.80 1979.67 1941.84 1915.98 1927.25 1955.82 2006.70 2057.69 2108.00 2158.05 2186.54 2215.37
2245.60 2306.81 2372.31 2437.05 2428.83 2423.06 2416.76 2462.33 2482.32 2481.96 2485.27 2487.98 2489.70 2463.15 2400.39 2344.56 2306.75 2270.47 2241.48 2242.10 2242.72 2241.79 2278.50 2314.28
2349.87 2360.87 2372.21 2385.87 2340.15 2292.06 2240.63 2152.28 2049.95 1935.08 1545.82 1041.53 1596.52 2020.99 2212.78 2154.07 1961.72 1772.33 1782.20 2175.98 2600.85 2841.66 2800.75 2758.66
2720.90 2770.83 2820.95 2872.75 2864.61 2857.85 2851.85 2875.02 2891.45 2905.20 2876.13 2847.44 2819.84 2790.09 2765.07 2747.67 2693.92 2635.45 2572.70 2464.69 2337.51 2184.61 2187.32 2195.90
2210.61 2221.16 2238.25 2262.26 2254.66 2249.82 2246.11 2203.43 2171.01 2152.19 2153.06 2154.80 2155.35 2046.00 1968.25 1916.06 1804.52 1808.11 1962.39 2043.01 2146.06 2256.94 2274.50 2293.28
2311.59 2318.39 2325.35 2332.43 2339.03 2346.37 2354.34 2321.06 2279.23 2229.46 2219.29 2205.92 2188.23 2178.69 2175.06 2180.86 2168.75 2159.88 2135.58 2162.77 2189.56 2208.74 2198.96 2189.84
2184.13 2146.11 2123.88 2123.15 2087.53 2060.79 2046.99 1873.59 1656.82 1392.07 1848.49 2105.66 2272.16 2248.26 2229.38 2220.04 2160.80 2085.32 1991.88 1833.67 1829.25 2003.85 2052.54 2135.86
2232.84 2262.17 2294.33 2329.64 2318.88 2308.57 2299.06 2301.39 2307.59 2316.29 2205.55 2108.03 2032.70 2086.82 2139.27 2190.49 2200.96 2216.74 2238.70 2237.53 2240.30 2248.48 2258.42 2282.83
2318.39 2328.47 2326.85 2314.77 2294.82 2275.60 2255.69 2113.83 1951.95 1781.29 1830.23 2038.44 2241.67 2314.03 2390.15 2470.79 2527.33 2583.53 2641.92 2754.69 2815.97 2855.84 2855.41 2853.67
2851.86 2756.52 2649.65 2526.20 2447.04 2362.53 2272.59 2212.56 2140.89 2066.64 1870.76 1644.09 1406.24 1454.80 1621.33 1783.09 1807.48 1852.61 1916.12 1967.94 2014.11 2076.08 2083.39 2132.78
2214.07 2224.70 2237.22 2248.71 2274.02 2304.21 2336.29 2388.01 2426.60 2455.48 2425.15 2398.14 2377.02 2324.07 2278.08 2242.71 2215.84 2185.97 2153.08 2134.83 2078.97 2016.26 1418.56 1799.39
1885.33 1821.11 1775.58 1765.12 1793.00 1971.03 2163.06 2233.67 2290.80 2309.45 2204.88 2110.51 2029.99 1868.39 1679.39 1444.40 1597.56 1799.13 1986.34 2045.82 2130.62 2194.37 2217.14 2238.44
2244.39 2227.09 2209.82 2189.24 2209.75 2207.42 2180.24 2227.79 2265.34 2292.81 2321.99 2359.74 2394.24 2393.76 2394.96 2401.57 2368.16 2293.69 2203.95 2315.03 2377.45 2412.73 2414.87 2417.51
2419.21 2409.64 2402.25 2396.69 2378.01 2340.02 2300.82 2326.72 2302.42 2276.88 2262.13 2219.28 2139.55 2037.74 1938.75 1847.02 1833.25 1880.77 1985.30 2045.62 2105.39 2165.05 2177.83 2192.95
2214.35 2165.21 2112.12 2053.93 1849.39 1590.07 1488.52 1608.13 1741.64 1848.16 1696.61 1537.59 1383.92 1509.12 1613.57 1709.56 1767.50 1832.96 1902.95 1935.90 1971.98 2009.06 1966.19 1964.79
2006.13 2011.18 2044.79 2103.02 2164.64 2226.22 2286.58 2341.64 2340.62 2340.13 2403.97 2455.17 2491.16 2487.15 2485.40 2485.73 2396.40 2296.80 2186.32 2191.42 2199.53 2208.08 2276.79 2343.17
2405.74 2318.49 2268.21 2271.01 2116.33 1932.87 1717.23 1597.17 2020.46 2084.82 1873.88 1618.51 1362.06 1829.25 2121.21 2352.59 2435.82 2521.16 2559.03 2568.25 2575.57 2581.84 2557.50 2531.21
2503.73 2482.43 2462.54 2444.84 2432.86 2422.26 2413.69 2393.77 2371.14 2346.57 2282.96 2218.42 2146.99 2085.62 2024.61 1957.49 1964.44 1980.63 2000.25 1811.75 1554.10 1325.65 1409.26 1386.56
1546.20 1209.66 1358.19 1650.54 1616.60 1584.63 1555.67 1322.91 1374.94 1575.68 1587.41 1670.56 1762.83 1871.70 1887.27 1854.73 1888.75 1969.52 2033.59 2092.67 2128.94 2157.72 2194.03 2228.63
2257.09 2213.11 2167.32 2119.67 2114.62 2109.20 2103.05 2165.59 2210.19 2243.76 2282.56 2308.59 2326.23 2321.69 2321.83 2326.39 2312.91 2253.22 2181.31 2279.85 2372.27 2460.55 2491.00 2518.98
2548.41 2508.88 2467.46 2423.15 2366.91 2307.27 2243.37 2124.61 2027.27 1969.45 1804.51 1764.42 1857.54 1804.66 2186.32 2500.39 2701.11 2896.35 2972.74 2986.83 2999.24 3010.15 3005.99 3001.37
2996.51 2991.39 2985.46 2980.19 2921.30 2856.99 2787.78 2753.53 2716.50 2673.31 2599.98 2525.83 2452.40 2324.12 2199.16 2088.83 2090.41 2098.52 2111.41 1938.90 1706.57 1339.27 1695.76 1740.25
1733.62 1858.59 1999.02 2133.95 2191.40 2262.19 2335.60 2388.24 2435.09 2470.22 2448.02 2427.39 2424.89 2401.09 2377.64 2352.04 2356.64 2361.23 2368.49 2254.15 2121.09 1957.37 1979.79 2013.42
2054.60 1965.36 1841.65 1731.10 1520.73 1602.74 1881.71 1887.39 1900.39 1917.01 1959.66 1999.45 2037.93 2176.69 2295.66 2404.11 2380.33 2354.83 2227.28 2201.55 2176.89 2155.66 2148.19 2140.00
2135.10 2113.79 2096.37 2083.03 2046.65 2010.73 1976.06 1846.52 1702.86 1570.91 1404.23 1361.86 1263.30 1137.63 1266.55 1447.25 1650.26 1874.04 2070.04 2127.77 2184.70 2239.38 2215.76 2191.28
2166.96 2132.28 2103.50 2081.63 2014.84 1944.02 1866.22 1971.21 2050.98 2110.39 2183.35 2254.06 2303.31 2316.09 2331.18 2349.84 2317.29 2282.69 2242.60 2281.86 2319.84 2358.61 2388.35 2412.92
2437.81 2397.83 2352.69 2267.93 2269.87 2251.08 2216.38 2136.33 2052.15 1970.12 1865.95 1816.74 1824.27 1809.92 1916.47 2060.40 2062.87 2066.50 2070.16 2094.80 2092.22 2094.80 1987.88 1864.23
1725.84 1627.06 1793.64 1953.84 1914.33 1881.99 1863.43 1734.34 1608.45 1537.81 1592.02 1806.02 1974.21 1945.54 1922.21 1879.60 1836.41 1805.57 1807.28 1870.25 1933.89 1997.46 2063.11 2130.50
2173.94 2159.85 2143.93 2129.22 2122.27 2099.98 2075.59 1986.81 1901.12 1830.36 1988.35 2107.37 2199.23 2234.93 2270.48 2307.49 2264.24 2217.33 2164.44 2233.18 2300.08 2364.90 2398.55 2436.47
2476.19 2432.67 2385.86 2335.49 2311.10 2286.59 2262.66 2331.70 2388.19 2434.73 2492.37 2488.78 2480.17 2484.45 2486.16 2453.50 2414.93 2378.33 2342.32 2390.15 2437.10 2484.25 2504.51 2525.24
2547.87 2493.66 2434.38 2370.80 2342.18 2314.29 2287.52 2293.11 2292.67 2288.59 2316.95 2340.25 2333.35 2317.58 2286.57 2260.79 2186.28 2097.85 1985.73 1981.86 1992.08 2019.08 1992.33 2008.02
2057.43 1846.35 1814.74 1978.27 1644.99 1639.52 1979.31 2071.12 2239.38 2243.45 2170.41 2106.78 2055.59 1983.46 1917.00 1863.34 1694.98 1610.74 1778.69 1826.69 1944.64 2088.27 2058.90 2010.98
1990.64 1891.57 1802.72 1751.24 1791.32 1899.95 2029.33 1964.12 1913.65 1882.09 1919.52 2004.55 2095.66 2088.31 2091.09 2104.08 2104.39 2112.34 2125.59 2030.90 1926.53 1820.86 1721.89 1511.39
1238.46 1196.08 1189.50 1222.78 1293.85 1368.10 1447.62 1452.97 1449.84 1437.19 1658.34 1874.18 2030.47 2093.72 2153.95 2214.28 2202.39 2189.32 2169.61 2202.50 2235.73 2269.60 2290.54 2311.58
2331.98 2334.23 2336.79 2341.37 2313.12 2283.75 2253.56 2154.67 2101.91 2102.11 2126.87 2146.84 2160.70 2162.11 2167.58 2177.93 2158.45 2138.52 2107.25 2051.00 2039.64 2080.70 2151.42 2231.11
2312.72 2379.65 2428.47 2396.65 2375.31 2353.30 2328.51 2306.12 2232.87 2194.57 2243.03 2283.41 2318.58 2358.18 2406.39 2461.86 2364.37 2247.46 2102.41 2090.78 2094.63 2117.64 2058.98 2082.97
2140.61 2126.71 2141.43 2184.82 2240.99 2301.22 2362.74 2437.54 2515.01 2591.64 2516.55 2426.38 2296.28 2290.88 2266.44 2226.16 2252.39 2221.04 2181.71 2303.60 2405.69 2455.27 2467.19 2490.33
2522.09 2422.71 2312.04 2187.98 2115.57 2072.40 2076.03 2083.84 2170.08 2239.26 2265.70 2290.50 2326.38 2286.47 2249.04 2212.42 2201.92 2199.82 2173.50 2140.96 2106.05 2067.67 2146.69 2220.44
2290.33 2276.18 2305.21 2331.65 2305.07 2247.37 2201.86 2249.04 2289.86 2295.98 2285.51 2281.99 2275.84 2390.89 2492.37 2570.78 2576.45 2577.27 2556.02 2556.82 2557.50 2561.45 2540.58 2486.79
2428.49 2407.61 2386.81 2366.48 2295.39 2220.70 2146.03 2067.35 2002.22 1961.06 1952.24 2024.71 2122.38 2133.72 2151.48 2178.25 2168.76 2156.25 2138.29 2151.95 2165.21 2179.00 2199.47 2214.33
2211.62 2185.92 2175.88 2186.44 2170.34 2161.09 2162.30 2126.49 2082.84 2030.29 2080.19 2123.31 2162.80 2142.21 2137.81 2100.54 2112.77 2115.52 2125.59 2107.61 2113.65 2145.99 2060.42 1964.82
1856.26 1762.42 1657.77 1546.92 1646.32 1735.01 1812.36 1780.53 1739.12 1689.69 1577.44 1680.03 1794.74 1855.92 1920.70 1982.04 2050.16 2120.94 2188.79 2215.40 2249.80 2271.10 2277.13 2288.95
2305.86 2296.10 2276.53 2257.02 2259.92 2266.90 2276.76 2211.32 2155.38 2109.94 2090.15 2104.22 2136.96 2077.28 2032.71 2003.80 1991.74 1976.69 1954.89 1963.97 2002.81 2062.56 2050.32 2082.92
2153.69 2187.29 2200.45 2213.59 2131.03 2036.85 1926.29 1808.24 1686.22 1576.04 1550.02 1540.83 1425.91 1461.10 1548.78 1647.38 1830.52 1993.90 2088.80 2110.68 2134.46 2160.36 2197.85 2232.03
2253.13 2241.85 2234.55 2230.33 2203.71 2180.09 2160.41 2120.59 2074.39 2020.12 2057.20 2089.08 2098.34 2102.40 2111.78 2122.36 2112.46 2102.29 2087.91 2113.84 2138.49 2163.74 2145.67 2128.28
2109.50 1984.42 1885.69 1864.93 1875.00 2063.09 2277.59 2321.50 2343.63 2357.78 2309.57 2265.68 2224.21 2196.48 2176.22 2161.08 2138.31 2112.17 2077.97 2083.92 2097.95 2120.83 2079.56 2055.76
2057.74 2072.88 2092.35 2114.35 2086.53 2056.86 2026.47 1901.77 1815.39 1805.49 1835.43 1897.41 1964.62 2004.71 2050.05 2099.18 2117.24 2137.11 2156.24 2174.13 2193.32 2216.29 2217.56 2219.61
2224.94 2235.15 2245.49 2256.64 2261.71 2267.00 2272.57 2270.82 2263.42 2244.87 2275.08 2304.15 2319.89 2263.04 2212.77 2165.30 2146.56 2126.81 2101.75 2122.81 2144.12 2164.57 2167.81 2169.86
2171.79 2161.00 2149.68 2136.94 2080.66 2018.69 1953.32 1781.01 1641.60 1640.27 1549.98 1468.30 1399.39 1366.92 1367.32 1398.40 1227.38 1376.47 1622.51 1723.04 1943.61 2157.95 2396.79 2598.55
2626.13 2653.93 2680.43 2705.06 2747.38 2788.70 2830.50 2719.94 2598.42 2465.94 2431.94 2398.53 2360.77 2241.88 2145.58 2085.43 2014.55 1950.71 1904.18 1743.29 1932.13 2155.72 2184.65 2198.11
2202.78 2174.73 2161.15 2147.32 2180.80 2200.67 2219.48 2205.55 2184.70 2154.18 2090.14 2044.64 2037.05 2088.50 2141.31 2194.22 2198.15 2213.33 2236.00 2269.38 2292.62 2317.20 2334.61 2354.71
2374.17 2360.86 2348.74 2335.22 2330.83 2327.23 2313.89 2345.75 2372.11 2386.58 2305.97 2267.43 2270.21 2252.61 2247.46 2250.49 2228.09 2203.14 2173.15 2192.62 2213.90 2236.99 2239.88 2245.98
2254.24 2256.95 2259.09 2263.56 2244.24 2231.10 2227.72 2180.05 2165.36 2171.58 2239.79 2306.10 2362.04 2394.31 2427.14 2449.06 2381.02 2297.38 2189.39 2135.02 2090.71 2068.86 2052.87 2047.14
2051.28 2003.19 1911.11 1774.32 1640.66 1559.82 1618.79 1729.25 1812.53 1869.37 1897.47 1917.91 1904.35 1929.72 1998.46 2037.94 2080.29 2089.07 2069.75 2082.04 2130.97 2206.58 2217.07 2225.24
2236.34 2229.58 2223.77 2216.57 2152.91 2084.16 2013.87 1952.13 1883.30 1797.20 1774.48 1775.85 1789.64 1740.91 1701.16 1666.56 1754.29 1865.49 1986.28 2013.43 2001.63 2056.20 2012.65 1965.56
1914.34 1712.54 1606.67 1760.23 1868.60 1773.62 1689.24 1762.66 2078.52 2235.58 2222.69 2216.77 2218.61 2270.44 2326.50 2383.86 2361.15 2332.73 2294.42 2321.71 2359.98 2409.53 2524.81 2633.84
2738.87 2706.01 2672.10 2638.19 2577.16 2513.70 2449.04 2470.52 2487.80 2495.53 2478.37 2460.94 2444.20 2347.61 2258.42 2179.49 2161.73 2140.52 2113.32 2003.97 2004.11 2127.39 2199.78 2098.44
1979.23 1976.56 2006.73 2062.64 2082.95 2116.28 2160.06 2102.23 2039.14 1967.67 2011.75 2061.62 2111.05 2020.40 1932.68 1852.78 1692.39 1532.80 1589.51 1821.20 2001.81 2157.13 2157.52 2162.25
2170.56 2167.87 2172.60 2180.05 2202.82 2225.91 2251.99 2268.28 2222.56 2179.61 2345.47 2457.47 2530.74 2593.03 2615.77 2644.64 2569.18 2490.76 2406.60 2388.20 2369.01 2349.03 2359.50 2372.53
2385.01 2370.48 2357.11 2343.69 2325.20 2305.97 2262.99 2214.04 2168.32 2120.63 2101.58 2113.35 2149.68 2048.22 1956.54 1883.61 1876.56 1886.62 1915.75 1998.27 2010.87 2055.68 2068.90 1947.01
1841.52 1840.43 1890.36 1974.06 2009.48 2061.40 2124.84 2141.89 2185.92 2128.78 2033.14 1962.37 1919.68 1983.78 2051.18 2117.21 2046.30 1956.58 1836.44 1580.73 1454.50 1716.16 1794.62 1880.13
1968.18 1875.17 1767.80 1740.89 1562.96 1722.68 1965.94 1876.86 1775.87 1651.37 1815.01 1936.17 2023.40 1887.83 1744.32 1587.56 1509.47 1588.68 1766.71 1880.91 1948.09 2020.36 2038.68 2057.82
2077.08 2112.73 2148.67 2186.52 2138.41 2088.15 2036.38 2006.29 1972.41 1930.04 1882.27 1848.56 1822.53 1793.12 1820.76 1855.77 1933.53 2023.70 2112.39 2158.48 2231.52 2269.36 2260.27 2252.38
2245.58 2274.16 2302.83 2331.08 2331.25 2332.29 2333.53 2283.37 2235.27 2182.66 2167.42 2158.80 2151.33 2148.24 2150.92 2154.41 2159.49 2173.87 2196.17 2263.06 2300.99 2334.11 2373.31 2414.71
2408.45 2405.57 2405.53 2406.66 2342.02 2275.38 2205.81 2244.19 2278.86 2304.32 2131.40 2046.08 2069.52 2022.13 1994.17 1982.29 1955.64 1931.73 1909.46 1974.70 1945.49 1945.76 1936.16 1942.21
1962.84 1911.26 1860.86 1810.32 1611.45 1314.29 1255.17 1590.94 1871.69 2055.52 1979.30 1903.14 1825.47 1830.09 1842.56 1858.22 1892.47 1935.24 1984.85 2002.17 2036.62 2086.92 2087.63 2092.55
2100.57 2083.32 2064.84 2046.72 2081.00 2123.10 2170.20 2244.97 2311.03 2363.98 2467.24 2577.38 2638.30 2636.80 2635.09 2615.69 2558.14 2499.99 2439.48 2443.22 2446.50 2449.18 2494.38 2541.46
2589.63 2622.49 2654.67 2685.97 2666.21 2649.79 2636.66 2583.54 2509.52 2424.32 2159.42 2239.38 2498.99 2501.85 2515.81 2534.63 2455.78 2368.39 2268.99 2228.14 2202.53 2203.09 2105.09 1998.56
1891.95 1593.13 1153.31 1621.32 1598.55 1986.20 2200.85 2310.79 2402.74 2473.07 2564.18 2652.23 2735.88 2696.00 2660.51 2627.24 2500.38 2347.75 2157.97 2176.76 2198.54 2222.68 2160.00 2089.58
2012.15 2112.32 2208.11 2298.31 2285.59 2283.56 2294.15 2241.59 2191.02 2136.55 2009.37 1928.41 1913.25 1756.94 1578.87 1386.16 1607.47 1786.21 1938.74 1949.84 1968.07 1990.02 1903.95 1838.22
1823.15 1773.25 1739.15 1726.90 1657.78 1635.03 1674.41 1670.43 1725.45 1795.78 1757.27 1786.95 1853.01 1970.90 2083.97 2188.54 2153.97 2120.36 2088.85 2103.86 2118.69 2135.36 2153.06 2176.19
