2736.00 2728.40 2722.85 2718.71 2739.56 2760.66 2781.48 2799.08 2815.95 2824.94 2791.78 2758.50 2726.91 2714.28 2705.98 2704.19 2712.51 2702.10 2684.64 2587.11 2485.38 2381.42 2358.08 2324.22
2292.75 2355.41 2415.83 2467.94 2466.66 2466.35 2465.03 2420.24 2368.99 2313.39 2071.08 1739.23 1202.01 1517.35 1723.00 1788.76 1920.50 2050.74 2137.93 2179.25 2191.37 2204.58 2103.56 2039.40
2040.83 2103.78 2162.30 2217.51 2125.46 2076.73 2124.21 2121.05 2116.86 2106.28 2302.22 2463.27 2595.91 2559.85 2525.39 2492.23 2411.34 2318.82 2183.40 2178.89 2201.84 2248.96 2244.46 2241.46
2240.59 2292.48 2342.01 2390.52 2368.11 2346.37 2326.51 2335.82 2341.65 2328.97 2313.70 2289.41 2265.18 2231.27 2182.61 2138.63 2118.35 2096.58 2053.88 2133.17 2213.93 2293.03 2331.92 2370.49
2409.24 2411.90 2416.04 2419.45 2413.94 2406.52 2397.96 2358.13 2308.78 2252.90 2219.53 2182.74 2133.72 2148.09 2163.57 2184.72 2212.77 2248.18 2284.59 2304.73 2324.22 2345.70 2363.08 2380.29
2399.56 2403.29 2406.58 2408.80 2429.11 2448.52 2467.59 2535.60 2596.11 2640.34 2633.10 2619.27 2598.82 2563.56 2530.88 2503.51 2429.80 2343.72 2239.99 2325.25 2412.46 2495.93 2503.60 2520.74
2543.86 2535.78 2530.08 2529.17 2465.74 2395.83 2333.77 2336.44 2335.86 2327.48 2309.01 2289.82 2248.71 2249.44 2251.64 2261.06 2248.92 2239.72 2212.50 2232.75 2261.07 2296.22 2300.26 2307.51
2317.60 2316.17 2313.67 2312.68 2292.73 2272.06 2251.13 2173.98 2098.88 2021.13 1916.72 1966.28 2088.15 2189.69 2307.41 2427.76 2401.35 2373.70 2345.57 2402.28 2458.82 2485.81 2489.22 2493.07
2496.22 2499.94 2502.35 2507.26 2438.68 2362.98 2278.21 2259.38 2238.56 2210.90 2169.64 2160.17 2176.46 2186.72 2220.56 2264.41 2208.83 2150.06 2086.79 2073.25 2059.72 2013.29 2013.20 2018.22
2028.86 2017.31 2006.63 1997.08 2005.88 2021.86 2041.57 2205.31 2342.14 2453.71 2484.29 2509.04 2530.61 2504.66 2489.85 2486.97 2472.56 2461.37 2456.76 2447.22 2440.69 2437.37 2423.54 2412.80
2404.27 2306.46 2201.22 2091.90 2205.13 2305.58 2394.69 2475.99 2550.81 2614.32 2583.38 2555.23 2525.52 2550.46 2567.02 2553.77 2536.66 2484.13 2434.39 2474.54 2524.18 2581.73 2469.71 2362.08
2283.38 2195.86 2202.55 2309.60 2389.68 2467.65 2543.28 2588.56 2632.04 2667.72 2684.77 2705.43 2730.47 2665.21 2599.90 2535.84 2417.89 2275.50 2100.43 2114.99 2177.96 2271.62 2252.42 2232.63
2212.04 2213.73 2214.93 2217.85 2219.05 2202.91 2192.78 2226.65 2248.64 2241.92 2220.55 2198.71 2178.49 2146.77 2097.06 2060.10 2125.04 2194.14 2263.45 2195.07 2127.86 2063.10 2060.99 2045.95
2018.62 1980.35 1942.58 1906.28 1845.92 1780.37 1711.33 1753.18 1867.49 1944.55 1937.29 1947.54 1966.78 1845.05 1711.37 1568.18 1756.64 1913.71 2017.10 2074.03 2140.22 2210.79 2231.68 2252.48
2272.80 2252.20 2231.17 2209.65 2204.05 2200.85 2195.12 2235.57 2286.35 2330.86 2364.28 2390.39 2412.27 2339.91 2268.78 2200.02 2176.42 2154.53 2149.84 2188.14 2225.69 2264.19 2302.26 2344.01
2388.31 2378.53 2369.81 2359.89 2382.13 2404.88 2429.85 2462.00 2493.32 2513.31 2496.50 2475.74 2452.11 2434.09 2417.85 2406.99 2343.19 2271.47 2191.22 2221.30 2251.78 2281.69 2297.23 2312.40
2329.47 2324.33 2320.49 2320.91 2341.49 2359.53 2371.49 2287.16 2194.88 2085.43 1990.22 1915.68 1875.80 1802.89 1746.92 1711.17 1316.05 1672.35 2042.02 2118.09 2186.86 2255.61 2270.06 2295.91
2331.50 2364.69 2399.78 2436.19 2536.00 2631.85 2722.72 2730.02 2736.01 2732.73 2749.98 2760.56 2766.42 2720.21 2691.65 2681.16 2622.83 2548.77 2445.57 2413.34 2396.79 2400.40 2502.27 2634.61
2776.15 2860.28 2934.52 3023.03 2972.39 2916.19 2860.12 2820.16 2782.34 2742.75 2787.10 2826.65 2862.79 2810.08 2759.26 2712.74 2561.66 2377.17 2137.01 2141.04 2181.90 2252.01 2248.88 2254.10
2273.77 2233.00 2201.03 2182.40 1929.11 1631.73 1718.39 1985.44 2176.44 2292.46 2378.05 2441.84 2486.63 2469.29 2444.52 2432.83 2370.36 2300.60 2220.10 2262.12 2303.89 2346.44 2387.34 2443.53
2510.58 2512.29 2517.63 2527.97 2616.07 2699.43 2779.84 2800.29 2818.43 2826.74 2819.95 2807.70 2792.07 2775.79 2762.08 2752.60 2721.43 2689.30 2657.07 2715.41 2773.05 2829.39 2844.07 2858.28
2873.03 2856.88 2840.76 2824.95 2793.18 2765.07 2742.78 2703.19 2660.86 2610.94 2507.12 2415.82 2349.17 2225.39 2226.38 2339.67 2457.90 2637.11 2835.55 2838.29 2835.98 2835.40 2789.90 2742.66
2692.72 2584.21 2466.07 2343.06 2304.73 2273.19 2253.01 2223.71 2202.06 2177.48 2212.89 2241.42 2264.63 2291.44 2287.32 2262.99 2210.44 2163.12 2127.17 2118.46 2197.60 2323.07 2345.98 2370.75
2397.02 2388.74 2379.93 2371.71 2347.75 2322.71 2295.49 2193.85 2100.91 2026.19 1647.55 1719.86 2091.47 2199.41 2321.00 2442.41 2445.00 2447.90 2452.33 2462.72 2455.87 2431.52 2429.00 2426.40
2423.29 2446.52 2472.16 2500.75 2314.75 2174.78 2195.39 2137.82 2129.92 2162.80 2132.98 2122.71 2127.80 1996.21 1854.63 1704.18 1121.88 1513.95 1931.60 2078.18 2208.76 2323.44 2307.38 2288.76
2273.43 2274.61 2277.20 2283.29 2261.03 2219.82 2180.18 2107.65 2027.72 1929.55 1531.31 1714.56 2006.86 1860.82 1730.56 1669.09 1535.52 1341.53 1189.33 1437.03 1820.93 2090.15 2115.74 2174.18
2207.90 2166.67 2177.43 2215.96 2253.40 2310.96 2371.72 2269.73 2153.12 2034.42 2001.80 2024.72 2032.49 2040.97 2054.21 2073.53 2036.02 2068.82 2173.47 2229.36 2286.32 2342.55 2367.64 2392.70
2418.12 2409.50 2401.10 2395.91 2417.45 2448.38 2486.93 2420.57 2386.55 2381.24 2197.95 2590.19 2926.40 2963.00 2980.08 2979.77 2944.45 2907.97 2871.86 2797.13 2712.26 2611.94 2542.61 2467.35
2385.89 2381.03 2375.12 2373.58 2313.60 2272.54 2262.87 2173.87 2155.23 2203.56 2240.58 2267.04 2319.32 2340.52 2363.80 2383.95 2374.03 2374.98 2389.23 2391.55 2333.89 2272.32 2248.37 2223.38
2196.66 2119.09 2091.76 2126.42 2103.21 2105.08 2129.31 2090.23 2060.76 2039.65 2145.25 2232.01 2301.90 2381.93 2459.10 2535.25 2477.97 2417.70 2358.37 2359.65 2360.03 2359.59 2362.97 2365.52
2369.69 2370.55 2373.67 2377.67 2440.16 2499.92 2554.89 2605.74 2649.28 2681.28 2649.85 2613.25 2575.15 2473.32 2373.45 2278.63 2222.08 2161.33 2099.51 2151.59 2218.61 2298.61 2302.98 2309.34
2316.00 2302.03 2287.72 2272.15 2263.49 2260.42 2265.57 2287.43 2306.10 2313.92 2308.76 2302.82 2297.17 2262.59 2239.49 2229.22 2172.56 2111.77 2056.83 2103.20 2148.73 2192.41 2178.50 2165.47
2153.87 2137.99 2122.72 2106.23 2135.32 2164.65 2195.09 2225.98 2261.11 2292.35 2313.48 2333.52 2353.22 2317.09 2280.36 2250.38 2185.89 2105.56 2016.44 2074.32 2138.05 2208.34 2237.17 2263.29
2287.83 2283.21 2280.80 2281.76 2317.06 2355.20 2394.24 2433.78 2469.35 2493.49 2492.47 2491.20 2485.06 2456.53 2432.44 2414.62 2398.77 2383.42 2357.35 2366.96 2359.46 2351.07 2334.68 2317.77
2299.74 2329.54 2360.11 2370.61 2357.42 2341.51 2313.94 2336.39 2353.42 2358.66 2319.06 2274.38 2231.55 2186.05 2152.10 2129.19 2089.73 2045.70 2002.98 2069.52 2134.85 2202.14 2221.03 2240.95
2261.16 2250.22 2244.11 2243.19 2259.16 2275.72 2293.23 2316.96 2337.89 2349.89 2333.43 2318.51 2310.06 2330.61 2353.41 2386.35 2310.36 2198.80 2068.11 2081.09 2092.59 2106.80 2144.61 2181.33
2215.73 2167.99 2124.30 2087.33 2131.67 2135.52 2145.44 2160.76 2176.64 2189.71 2303.09 2375.08 2428.47 2479.42 2532.77 2586.28 2538.79 2488.48 2439.20 2461.72 2479.26 2445.64 2466.99 2492.02
2521.54 2568.08 2597.49 2644.80 2693.18 2765.18 2842.59 2750.43 2651.56 2548.49 2535.97 2526.15 2514.77 2487.07 2466.23 2454.09 2358.23 2253.09 2169.98 2156.10 2267.95 2458.44 2558.18 2655.55
2721.62 2753.69 2786.90 2820.19 2730.61 2632.68 2522.15 2536.28 2547.97 2555.74 2445.87 2326.37 2204.95 2286.47 2362.78 2434.71 2418.89 2402.92 2383.30 2338.22 2291.53 2245.70 2274.31 2305.70
2331.11 2330.25 2331.65 2333.60 2337.70 2338.81 2335.89 2350.50 2357.02 2364.18 2456.28 2530.57 2584.23 2535.13 2486.08 2433.89 2426.77 2421.06 2417.99 2365.59 2294.69 2258.70 2294.02 2330.63
2365.53 2268.18 2157.36 2032.09 2046.15 2079.71 2128.87 2175.74 2213.63 2241.85 2203.65 2220.45 2276.02 2089.58 1951.16 1948.41 2004.14 2059.76 2115.47 2185.86 2253.53 2312.71 2356.86 2401.68
2443.28 2474.28 2478.81 2469.32 2448.66 2446.62 2463.28 2577.90 2664.97 2722.45 2681.05 2655.00 2629.55 2610.21 2568.85 2523.38 2533.31 2556.61 2580.41 2487.82 2450.72 2412.06 2435.14 2617.67
2744.03 2657.18 2573.79 2503.86 2441.87 2373.95 2302.65 2157.41 2024.35 1943.13 1864.41 1794.08 1736.13 1529.11 1262.19 1189.73 1176.04 1431.90 1794.08 1980.02 2148.84 2305.81 2327.27 2358.19
2398.28 2411.19 2426.91 2447.08 2445.23 2447.53 2453.63 2562.37 2653.54 2724.62 2729.38 2726.81 2721.10 2702.80 2688.20 2680.20 2673.71 2665.94 2663.32 2691.11 2716.45 2744.37 2767.14 2791.90
2818.44 2797.67 2776.52 2754.88 2753.09 2754.84 2759.64 2744.48 2726.35 2701.64 2629.99 2557.93 2487.90 2439.44 2384.15 2333.43 2267.72 2169.46 2050.11 2078.83 2122.17 2178.33 2200.25 2220.63
2242.91 2248.82 2255.59 2267.48 2238.47 2225.01 2228.56 2336.05 2429.49 2482.12 2491.35 2494.41 2493.80 2468.44 2471.49 2488.16 2331.97 2136.93 1889.35 1830.40 1757.52 1670.45 1540.55 1536.97
1687.02 1972.68 2160.30 2330.10 2318.59 2306.91 2292.71 2227.47 2172.74 2135.67 1961.07 1978.92 2134.58 2152.68 2190.78 2249.81 2256.72 2268.51 2292.12 2347.23 2403.68 2464.11 2450.24 2455.17
2460.56 2397.31 2337.27 2290.56 2177.77 2100.48 2101.71 2086.67 2116.22 2176.52 2215.91 2272.10 2338.23 2200.83 2098.45 2075.72 2195.28 2321.52 2406.08 2418.40 2431.00 2447.61 2467.68 2487.62
2509.59 2549.36 2589.84 2629.79 2631.42 2642.17 2662.37 2733.44 2793.38 2838.64 2778.30 2727.12 2688.41 2663.36 2648.51 2644.77 2671.53 2696.38 2724.72 2688.74 2649.61 2614.21 2612.50 2610.92
2606.23 2619.67 2632.87 2645.24 2616.20 2601.68 2603.85 2582.03 2558.00 2530.99 2469.99 2416.59 2373.40 2326.79 2292.44 2249.47 2074.68 1862.22 1619.11 1655.18 1786.02 1936.78 1706.79 1351.18
1441.89 1312.81 1534.29 1884.50 1906.00 2071.79 2257.74 2385.67 2511.41 2579.32 2527.87 2439.70 2364.77 2291.10 2226.78 2177.56 2068.86 1972.55 1925.98 2065.42 2188.17 2234.79 2250.91 2267.49
2284.85 2282.29 2282.01 2282.14 2259.23 2237.09 2214.64 2368.57 2490.03 2587.91 2604.04 2615.62 2621.89 2594.31 2570.49 2549.71 2501.39 2463.30 2448.12 2390.73 2319.85 2236.98 2238.41 2238.75
2239.02 2218.62 2211.79 2216.65 2186.43 2178.04 2196.90 2104.66 2005.66 1850.75 2022.81 2124.41 2205.80 2219.93 2234.87 2256.36 2305.25 2330.10 2368.37 2360.02 2286.23 2189.05 2291.83 2395.35
2494.74 2541.37 2698.76 2834.55 2807.63 2880.75 3022.20 3033.97 3039.64 3040.11 3025.37 3010.47 2994.24 2962.84 2933.79 2913.11 2861.00 2807.78 2761.42 2617.58 2434.71 2205.73 2075.05 1951.34
1885.27 1941.86 2123.45 2278.79 2283.46 2286.88 2291.60 2258.34 2173.13 2060.44 2167.95 2280.78 2357.42 2319.75 2308.18 2323.86 2353.14 2390.05 2440.55 2443.14 2410.12 2355.60 2333.66 2316.87
2304.29 2301.29 2298.49 2294.79 2283.71 2273.94 2264.35 2321.58 2379.02 2432.10 2492.56 2539.23 2575.40 2575.26 2578.42 2585.67 2549.13 2510.27 2467.73 2431.68 2376.59 2312.15 2325.35 2348.12
2379.85 2410.41 2441.48 2473.03 2454.31 2433.83 2410.56 2441.00 2461.69 2475.64 2441.71 2417.01 2393.88 2270.05 2168.86 2076.64 2083.09 2091.42 2112.91 2150.88 2185.44 2221.17 2229.70 2248.68
2275.63 2264.77 2254.75 2245.33 2227.44 2234.68 2266.30 2208.86 2131.23 2042.83 1976.28 1921.69 1880.10 1756.64 1622.17 1470.51 1409.61 1363.73 1369.18 1402.60 1833.90 2156.13 2260.66 2318.79
2376.70 2378.88 2387.82 2406.49 2444.00 2489.49 2542.78 2467.96 2368.65 2251.86 2042.21 1822.33 1665.46 1756.18 1894.70 1989.41 2092.99 2147.10 2208.09 2215.32 2227.28 2249.81 2207.68 2156.71
2124.77 2092.96 2064.94 2042.23 2080.57 2126.55 2096.55 1925.93 1858.89 2036.35 2063.45 2121.41 2179.37 2019.63 1839.79 1746.44 1576.74 1387.64 1430.89 1626.47 1837.41 2041.56 2117.06 2192.83
2276.95 2371.95 2467.71 2560.97 2507.39 2450.98 2393.00 2311.64 2215.00 2108.10 1908.47 1829.61 1849.63 1651.49 1416.13 1584.76 1967.89 2240.35 2463.90 2470.14 2480.79 2502.98 2425.22 2340.61
2248.68 2320.48 2410.68 2463.69 2523.96 2583.60 2641.90 2711.54 2772.15 2826.23 2852.21 2878.04 2901.53 2907.68 2919.35 2939.91 2957.02 2976.33 2997.98 2969.30 2931.41 2886.61 2892.03 2884.94
2878.35 2903.06 2928.61 2952.69 2935.90 2921.73 2907.98 2852.59 2790.87 2726.82 2673.20 2624.19 2578.74 2571.57 2579.71 2599.58 2578.14 2562.50 2553.86 2468.30 2355.76 2216.72 2220.58 2224.13
2227.44 2184.52 2136.57 2094.92 1926.27 1807.12 1861.06 1854.04 1844.98 1843.85 1938.55 2031.33 2115.19 2125.20 2199.13 2283.34 2322.25 2377.55 2446.58 2386.48 2325.43 2243.37 2191.60 2168.75
2213.42 2224.71 2237.25 2249.68 2240.77 2237.82 2247.67 2366.16 2458.68 2533.60 2591.33 2639.95 2685.05 2660.46 2640.21 2617.47 2636.68 2657.80 2682.52 2654.11 2629.34 2620.02 2659.42 2702.92
2749.52 2718.73 2686.22 2652.63 2629.05 2605.92 2583.83 2584.24 2573.51 2558.12 2491.88 2424.72 2358.12 2321.67 2284.18 2246.89 2247.03 2254.08 2269.15 2371.60 2455.16 2538.53 2561.86 2591.73
2629.27 2613.97 2597.18 2580.00 2532.13 2483.26 2432.97 2378.57 2314.40 2246.41 2209.88 2174.45 2143.64 2156.91 2174.21 2190.73 2181.45 2175.51 2174.27 2221.21 2264.52 2310.92 2356.32 2409.25
2465.84 2416.58 2360.89 2167.20 2419.45 2570.20 2727.80 2749.60 2771.79 2732.62 2688.89 2645.35 2603.01 2521.08 2439.95 2361.12 2258.02 2118.69 1953.88 1978.95 2048.10 2156.04 2150.40 2162.32
2183.24 2173.31 2161.41 2146.84 1994.29 1868.71 1847.10 1930.14 2073.98 2304.70 2432.49 2552.08 2652.65 2629.35 2602.10 2571.17 2579.92 2598.18 2625.89 2559.26 2477.53 2381.98 2334.50 2273.13
2207.19 2256.97 2305.39 2352.78 2288.82 2209.68 2127.92 2241.08 2329.87 2406.90 2321.28 2247.78 2192.01 2236.38 2285.30 2335.71 2349.05 2365.13 2383.33 2358.51 2326.40 2297.44 2259.73 2187.81
2055.22 2120.72 2183.40 2242.96 2203.59 2184.68 2190.09 2226.56 2248.60 2266.10 2354.16 2430.18 2492.03 2541.20 2588.77 2636.48 2653.43 2674.74 2700.48 2796.90 2885.45 2973.38 2884.60 2818.74
2789.32 2716.54 2687.00 2631.12 2700.50 2827.78 2991.61 2941.36 2897.01 2873.00 2922.44 2968.64 3012.82 2995.41 2981.99 2973.35 2934.75 2896.64 2860.74 2837.54 2807.15 2775.05 2822.93 2876.17
2933.70 2899.43 2837.46 2769.63 2712.89 2651.65 2587.49 2555.56 2518.93 2484.38 2437.07 2430.82 2461.75 2333.13 2195.82 2048.20 2045.68 2077.46 2141.00 2168.31 2188.21 2210.00 2229.27 2249.08
2271.69 2354.24 2436.75 2518.03 2516.69 2515.30 2513.27 2503.52 2483.92 2461.91 2413.17 2365.09 2321.31 2232.29 2149.15 2072.48 2087.08 2105.96 2130.87 2139.81 2149.58 2170.27 2184.05 2196.65
2210.48 2178.75 2150.18 2127.63 2176.34 2229.82 2284.77 2096.76 1882.00 1709.02 1814.90 1901.98 1971.61 2005.71 2012.78 2019.99 2024.72 2034.28 2049.90 2070.51 2083.15 2068.47 2053.86 2038.82
2023.61 1869.06 1671.82 1383.52 1586.35 1746.52 1882.23 1744.47 1599.30 1511.69 1710.93 1857.62 1973.81 1890.17 1813.78 1754.05 1900.19 2029.37 2147.81 2158.46 2159.69 2159.68 2180.18 2200.31
2221.51 2177.04 2133.48 2094.85 1975.58 1846.69 1723.98 1587.36 1441.80 1366.65 1442.42 1541.64 1629.31 1797.89 1946.10 2073.13 2148.59 2221.77 2296.06 2269.62 2231.41 2200.88 2197.32 2208.28
2232.64 2233.12 2238.71 2248.41 2250.89 2259.87 2275.59 2263.07 2240.73 2214.21 2278.78 2331.05 2374.99 2326.33 2289.38 2267.64 2309.60 2355.22 2406.02 2350.25 2274.89 2185.41 2213.31 2251.68
2299.70 2281.06 2264.51 2251.47 2210.61 2168.19 2121.55 1818.89 1574.45 1253.92 1163.00 1444.04 1626.85 1710.86 1896.79 2082.42 2035.31 2009.47 2016.32 2061.63 2098.96 2138.81 2124.19 2138.39
2180.33 2064.01 1885.60 1692.26 1563.32 1484.84 1541.16 1598.06 1635.47 1662.98 1660.44 1680.91 1730.53 1686.75 1651.51 1630.77 1688.31 1762.24 1846.73 1965.77 2075.29 2171.96 2174.44 2176.74
2178.44 2148.51 2118.74 2093.33 2109.97 2137.37 2170.51 2158.02 2135.77 2110.20 2289.83 2425.54 2531.12 2521.36 2516.05 2513.64 2547.18 2582.24 2621.53 2585.12 2526.35 2458.48 2438.85 2432.57
2440.44 2425.70 2414.01 2407.55 2407.27 2407.09 2408.23 2415.59 2419.82 2425.68 2284.36 2180.79 2133.97 2140.26 2156.45 2182.72 2134.41 2088.56 2051.07 2079.59 2084.40 2083.16 2088.14 2103.99
2130.13 2174.52 2223.50 2254.06 2267.78 2269.39 2277.18 2294.28 2300.72 2299.61 2250.81 2210.46 2174.28 2126.88 2084.73 2048.88 2046.77 2033.40 2025.95 1981.66 1917.20 1836.92 1792.27 1765.60
1769.46 1532.68 1818.28 2140.91 2198.71 2257.35 2310.81 2389.64 2448.68 2496.31 2453.17 2413.74 2379.86 2369.04 2352.75 2342.43 2331.58 2331.31 2345.46 2299.21 2233.92 2156.01 2163.24 2169.82
2179.07 2202.78 2226.75 2251.98 2215.68 2190.35 2181.55 2171.22 2152.39 2129.09 2139.54 2142.69 2138.73 2164.86 2195.97 2231.95 2293.82 2355.58 2420.11 2403.29 2351.98 2293.91 2316.30 2350.46
2394.93 2336.19 2272.76 2202.61 2180.71 2157.11 2131.20 2287.42 2402.93 2488.42 2483.32 2478.62 2473.16 2461.86 2454.65 2452.24 2480.88 2512.22 2547.37 2542.11 2528.68 2515.80 2532.74 2550.25
2569.16 2545.58 2520.51 2494.54 2489.23 2484.24 2480.42 2508.70 2526.91 2541.58 2473.22 2406.69 2341.79 2257.31 2175.00 2094.22 2136.52 2183.70 2237.86 2276.75 2305.48 2334.50 2386.46 2439.31
2492.52 2474.11 2457.01 2442.30 2438.00 2436.89 2441.11 2493.24 2532.75 2563.29 2435.46 2315.49 2206.39 2085.69 1976.94 1894.33 1902.54 1898.58 1909.62 1986.64 2029.10 2153.21 2222.26 2302.17
2388.88 2336.49 2297.46 2282.84 1886.55 2165.03 2638.28 2787.83 2930.11 2972.12 2960.49 2949.45 2943.70 2927.03 2913.21 2902.19 2874.02 2847.29 2823.26 2744.95 2644.89 2531.33 2437.34 2330.12
2208.02 2276.82 2346.72 2414.57 2429.67 2445.18 2463.40 2466.29 2462.53 2456.26 2426.02 2396.51 2371.96 2421.77 2472.97 2528.60 2538.95 2559.24 2587.78 2484.79 2336.49 2135.25 2061.09 1980.15
1892.19 2017.33 2106.90 2149.66 2073.17 1988.68 1895.53 1781.83 1715.01 1726.79 1799.04 1892.15 1969.84 1850.62 1721.68 1580.17 1667.84 1794.37 1926.01 1941.81 1939.19 1962.91 2076.62 2204.38
2331.75 2371.87 2413.04 2452.92 2445.22 2440.80 2438.78 2423.95 2394.83 2362.44 2375.39 2385.64 2409.23 2317.06 2243.80 2193.71 2257.69 2320.15 2382.02 2377.78 2361.01 2340.13 2394.60 2458.29
2530.52 2536.29 2541.68 2548.00 2495.98 2444.48 2392.82 2485.33 2556.55 2609.94 2582.74 2562.29 2539.97 2466.77 2397.10 2330.98 2317.36 2304.68 2295.50 2294.58 2286.67 2284.69 2363.30 2443.74
2524.95 2494.54 2464.19 2435.52 2368.67 2309.70 2272.89 2240.72 2220.36 2213.83 2187.62 2171.10 2159.67 2073.29 1995.71 1935.60 1852.02 1767.23 1696.32 1495.74 1479.17 1731.24 1797.22 1878.53
1954.30 2031.70 2111.12 2189.23 2164.73 2137.73 2106.76 2004.58 1889.41 1760.58 1902.61 2011.26 2092.52 2115.08 2150.63 2185.38 2216.86 2250.54 2286.77 2305.30 2309.33 2303.25 2362.08 2417.81
2484.49 2468.87 2369.95 2232.34 2044.19 1877.16 1863.80 1846.44 1841.19 1861.14 1794.20 1839.68 1932.87 1819.21 1700.54 1581.47 1569.22 1660.80 1791.32 1834.81 1940.51 2084.67 2116.71 2150.88
2184.93 2178.32 2172.35 2167.33 2133.59 2130.45 2169.52 2112.63 2049.24 1982.65 1745.61 1486.19 1336.46 1450.86 1551.19 1650.16 1720.58 1792.08 1862.22 1567.35 1148.66 1357.03 1437.53 1512.13
1413.21 1104.88 1700.50 2018.18 2051.08 2096.32 2150.51 2030.63 1882.87 1671.34 1655.53 1688.68 1738.42 1734.08 1735.80 1744.27 1587.90 1436.37 1145.36 1530.91 1793.74 2003.68 2047.30 2103.01
2141.83 2143.48 2147.25 2154.72 2153.40 2164.31 2186.39 2154.98 2117.42 2074.90 2050.95 2032.24 2015.86 2008.21 2006.11 2009.75 1999.93 1991.68 1988.26 2065.38 2140.00 2222.09 2303.99 2390.83
2480.16 2464.70 2451.14 2441.36 2429.50 2421.00 2417.34 2406.70 2387.99 2362.73 2352.14 2337.97 2318.57 2358.60 2394.50 2431.88 2400.86 2368.25 2334.22 2324.81 2292.24 2247.40 2196.43 2205.76
2281.90 2322.70 2366.73 2415.17 2398.24 2376.57 2352.03 2366.79 2371.80 2370.75 2416.27 2462.95 2507.15 2499.66 2504.04 2510.00 2429.57 2344.29 2253.80 2010.12 1621.68 1539.06 1633.70 1964.35
2228.94 2246.39 2262.80 2279.40 2257.91 2250.25 2258.10 2088.98 1924.72 1804.91 1911.45 2045.58 2160.26 2171.75 2192.63 2223.67 2335.26 2466.19 2603.92 2624.46 2588.31 2554.06 2600.16 2663.71
2738.42 2712.76 2682.40 2653.44 2688.57 2729.00 2773.72 2675.36 2613.03 2609.33 2692.48 2750.35 2798.96 2761.54 2731.04 2703.82 2756.83 2809.77 2860.24 2779.56 2686.67 2585.29 2448.59 2292.47
2111.90 2106.18 2116.17 2145.80 2147.99 2192.96 2271.32 2181.29 2078.32 1966.07 1931.00 1953.69 2007.16 2097.96 2180.09 2257.00 2284.63 2317.74 2356.68 2345.10 2325.71 2295.12 2373.39 2448.59
2520.34 2523.30 2525.81 2529.17 2536.42 2546.46 2558.71 2573.97 2581.61 2580.87 2532.31 2487.20 2443.17 2412.55 2388.60 2370.56 2372.98 2381.56 2397.20 2417.68 2426.89 2433.31 2470.37 2508.07
2546.74 2546.65 2546.96 2545.26 2547.09 2548.09 2548.22 2563.61 2572.23 2578.02 2564.46 2551.88 2538.68 2490.46 2445.83 2403.63 2389.11 2377.29 2370.43 2405.63 2430.60 2455.72 2469.22 2489.84
2519.39 2506.55 2494.27 2482.70 2508.05 2534.15 2560.56 2558.21 2568.83 2585.31 2475.69 2387.40 2348.61 2286.06 2227.81 2175.43 2193.77 2214.21 2238.92 2207.37 2170.31 2150.28 2162.66 2176.28
2190.26 2202.65 2226.65 2227.81 2114.12 2363.88 2599.97 2723.33 2793.32 2830.86 2733.47 2638.05 2540.42 2539.06 2541.00 2547.59 2476.97 2414.24 2367.74 2213.71 2008.13 1760.22 1927.14 2070.76
2188.67 2205.59 2217.73 2236.79 2241.92 2254.47 2275.37 2288.52 2295.03 2294.60 2251.48 2213.58 2178.50 2113.50 2053.78 2001.11 1900.63 1782.80 1640.74 1403.16 1547.83 1691.97 1850.60 2060.19
2208.79 2218.28 2227.77 2238.05 2234.43 2232.91 2234.34 2178.49 2126.12 2072.36 2160.84 2228.79 2277.23 2301.29 2321.47 2345.20 2372.30 2400.99 2433.73 2454.27 2433.91 2406.45 2448.19 2490.53
2534.02 2521.97 2512.74 2506.04 2520.16 2533.65 2547.84 2534.71 2520.09 2499.95 2411.41 2328.23 2246.79 2171.39 2098.78 2030.54 2045.59 2070.10 2106.01 2127.31 2144.77 2172.94 2228.42 2285.33
2343.46 2326.74 2308.32 2288.04 2277.40 2269.13 2262.55 2287.10 2305.17 2315.90 2198.63 2089.66 1995.70 1953.83 1925.52 1912.45 1984.69 2070.35 2156.62 2169.67 2167.56 2163.56 2173.78 2195.30
2229.52 2101.65 1968.89 1869.77 1768.19 1563.86 1318.76 1652.17 1943.29 2140.03 2037.46 1944.02 1849.11 1876.32 1974.73 2105.61 2098.12 2098.98 2113.37 2195.06 2286.88 2388.10 2491.12 2532.95
2559.17 2449.74 2341.59 2253.51 2083.50 1880.85 1678.90 1796.40 1886.30 1960.51 1810.87 1640.04 1437.97 1132.77 1340.43 1607.20 1544.94 1483.72 1424.98 1554.76 1668.14 1776.42 1810.11 1862.87
1927.93 2003.38 2074.73 2136.42 2158.68 2180.35 2202.63 2175.95 2166.09 2162.91 1984.32 1926.89 1990.34 2010.24 2045.73 2093.60 2066.85 2047.08 2014.05 1983.73 1942.77 1902.99 1825.64 1735.17
1628.89 1855.96 2038.16 2194.02 2188.76 2190.82 2200.74 2229.81 2242.18 2246.38 2168.48 2130.60 2128.62 2138.60 2158.95 2187.41 2197.74 2215.04 2241.34 2269.39 2277.29 2273.56 2339.61 2414.90
2495.00 2502.48 2514.37 2529.30 2535.70 2547.00 2562.03 2563.33 2560.99 2551.04 2496.90 2450.29 2404.06 2277.65 2145.03 2002.39 1973.84 1947.14 1926.57 1755.52 1820.24 2084.74 2101.21 2112.10
2130.24 2114.27 2096.91 2081.91 2081.82 2083.22 2084.36 2125.57 2169.89 2204.63 2217.45 2236.34 2255.07 2296.62 2337.68 2378.32 2404.52 2433.53 2466.35 2467.11 2455.70 2435.70 2493.65 2554.02
2616.46 2582.04 2545.16 2505.41 2472.43 2439.38 2404.73 2397.61 2387.73 2373.10 2261.13 2147.12 2047.39 2005.21 2023.75 2093.98 2116.43 2141.15 2165.67 2135.43 2091.75 2043.09 2040.98 2054.76
2085.28 2073.09 2059.90 2046.28 2054.12 2074.52 2106.66 2235.29 2341.50 2423.91 2382.79 2345.57 2309.11 2216.96 2126.48 2052.21 2054.26 2069.51 2096.21 2057.36 2015.23 1988.36 1998.02 2011.11
2028.49 2026.45 2035.85 2059.77 2071.22 2083.14 2095.45 2007.48 1921.10 1827.99 1505.74 1025.39 1310.16 1336.09 1504.98 1674.25 1751.48 1828.84 1906.93 1938.85 1960.96 1981.78 1976.31 1967.55
1955.02 2115.03 2252.56 2374.74 2334.27 2317.39 2326.78 2218.08 2102.55 1981.12 1914.04 1955.56 2051.12 2104.71 2171.64 2246.01 2317.53 2396.31 2465.35 2433.25 2368.10 2289.21 2247.21 2214.42
2194.30 2170.30 2145.03 2118.92 2172.95 2224.85 2273.86 2243.29 2214.44 2191.17 2206.16 2219.84 2227.77 2092.68 1960.21 1837.98 1832.36 1926.38 2077.34 2039.42 1987.81 1878.56 1902.23 1978.84
2090.21 2052.64 2010.44 1966.02 1956.68 1987.36 2046.28 2085.87 2121.51 2141.22 2078.93 2035.15 2009.71 2046.07 2095.83 2153.46 2159.06 2175.69 2207.42 2187.35 2155.41 2110.63 2092.53 2096.87
2124.87 2098.31 2070.16 2040.81 2037.69 2034.96 2031.61 2173.78 2289.60 2355.35 2365.79 2379.46 2386.14 2349.73 2319.10 2288.21 2306.66 2335.45 2375.85 2409.63 2423.15 2431.32 2461.02 2501.40
2552.71 2548.29 2542.85 2539.68 2485.70 2426.57 2358.97 2344.17 2328.64 2307.46 2237.30 2173.97 2114.76 2140.46 2177.23 2220.97 2282.75 2342.42 2405.88 2385.14 2335.97 2272.49 2261.35 2254.86
2253.64 2201.45 2143.40 2077.15 2060.68 2044.12 2024.86 2140.56 2249.35 2335.51 2290.03 2248.84 2210.34 2203.18 2198.79 2202.37 2269.12 2330.99 2390.85 2403.19 2410.70 2422.44 2469.32 2536.01
2617.42 2556.14 2489.35 2416.30 2323.34 2223.11 2116.21 2163.83 2220.22 2274.52 2224.89 2193.77 2120.82 2098.31 2093.08 2103.23 2097.17 2092.82 2093.23 2116.89 2124.15 2158.67 2169.91 2180.06
2191.19 2052.89 1891.46 1714.59 1699.41 2084.19 2449.44 2526.07 2592.52 2614.27 2595.49 2577.92 2562.18 2580.51 2611.45 2651.13 2648.62 2648.27 2642.91 2612.14 2571.31 2522.09 2572.57 2616.66
2659.38 2666.93 2673.58 2680.57 2662.26 2642.74 2620.05 2599.30 2575.30 2550.98 2459.27 2316.85 2165.17 2221.94 2288.98 2361.21 2383.41 2408.69 2435.81 2403.22 2372.44 2339.01 2272.90 2201.51
2120.60 2113.02 2126.24 2141.64 1988.12 1781.57 1483.27 1703.54 1864.10 1979.73 1985.24 1995.50 1966.78 1933.22 1911.34 1924.94 1965.76 2074.43 2203.21 2170.28 2124.06 2069.87 2052.11 2033.26
2013.57 1916.16 1796.39 1656.33 1306.31 1393.56 1589.12 1463.04 1377.15 1356.46 1198.87 1369.13 1517.43 1665.88 1794.48 1907.31 1912.95 1931.98 1966.37 1993.46 2019.24 2046.72 2039.84 2057.54
2099.76 2102.45 2103.92 2106.52 2107.69 2110.35 2111.70 2087.13 2062.05 2024.10 1973.65 1933.02 1906.17 1931.39 2008.42 2104.97 2144.45 2167.81 2193.79 2164.67 2122.02 2069.29 2073.91 2078.88
2086.53 2083.17 2079.24 2073.90 2020.00 1981.30 1962.81 1911.02 1891.29 1872.91 1806.49 1727.09 1651.66 1474.34 1538.21 1741.42 1851.08 1954.55 2055.53 2042.00 2026.19 2019.75 2017.34 2026.78
2050.11 2055.21 2062.87 2072.15 2063.01 2056.59 2047.89 1901.23 1750.87 1608.61 1425.41 1265.36 1234.27 1208.71 1265.24 1360.57 1585.31 1777.92 1943.84 1994.29 2020.78 2049.86 2061.28 2075.93
2095.33 2109.23 2122.27 2135.71 2108.10 2080.67 2046.74 2128.00 2193.72 2240.63 2150.14 2062.51 1980.17 1936.22 1908.12 1896.88 1954.55 2019.68 2091.37 2108.87 2120.97 2128.55 2165.61 2215.59
2274.68 2353.67 2431.43 2507.89 2506.12 2505.06 2500.10 2539.37 2570.27 2569.22 2529.32 2471.09 2416.04 2334.80 2259.20 2189.21 2196.90 2206.91 2222.14 2165.62 2106.12 2066.16 2204.76 2329.07
2442.19 2452.52 2465.42 2479.38 2388.51 2297.50 2217.69 2324.78 2416.16 2481.79 2366.77 2274.09 2201.01 2206.64 2219.70 2239.29 2250.56 2265.81 2287.70 2261.41 2216.95 2139.85 2082.04 2018.47
1947.32 1897.46 1843.41 1788.32 1731.13 1634.89 1482.33 1068.14 1341.02 1599.19 1712.22 1806.83 1886.91 1889.43 1909.57 1940.87 2052.17 2157.43 2259.42 2269.11 2269.31 2261.33 2310.92 2361.04
2409.89 2373.31 2335.15 2295.92 2282.48 2268.85 2254.99 2326.42 2415.15 2493.44 2526.06 2559.80 2590.68 2552.85 2519.43 2493.21 2489.49 2488.03 2491.87 2433.42 2356.11 2257.56 2287.60 2324.66
2368.26 2375.88 2446.45 2537.75 2551.86 2564.54 2578.43 2615.33 2649.08 2676.71 2648.51 2623.60 2603.12 2611.91 2626.81 2639.95 2600.81 2559.16 2519.49 2440.30 2345.14 2225.77 2236.83 2256.36
2282.12 2281.61 2281.12 2279.32 2259.62 2242.60 2221.29 2179.77 2135.46 2081.66 2077.25 2084.30 2098.54 2003.77 1922.73 1863.10 1928.21 2026.02 2136.15 2111.07 2069.98 2017.74 2053.98 2090.87
2127.10 2241.01 2350.83 2456.01 2473.99 2492.19 2506.42 2520.33 2532.59 2538.80 2493.97 2450.16 2407.55 2396.21 2396.41 2405.12 2436.86 2471.36 2510.36 2520.12 2522.66 2519.19 2553.39 2589.51
2629.48 2629.90 2632.81 2639.48 2581.64 2520.32 2451.91 2433.64 2414.80 2388.58 2371.32 2356.29 2342.52 2340.88 2354.94 2383.05 2392.59 2406.89 2429.28 2402.46 2364.00 2313.50 2332.36 2353.42
2377.71 2348.50 2318.68 2287.16 2273.86 2262.79 2249.54 2361.35 2451.07 2518.43 2488.24 2461.28 2434.50 2409.16 2392.04 2382.32 2413.17 2450.51 2497.00 2445.08 2373.95 2279.74 2320.26 2362.42
2406.75 2409.06 2411.68 2415.63 2429.81 2443.41 2454.03 2432.18 2411.06 2386.18 2404.43 2418.31 2448.80 2428.53 2413.78 2387.34 2404.53 2426.29 2451.20 2446.16 2399.17 2335.98 2385.80 2441.51
2501.32 2489.13 2478.23 2470.49 2454.48 2437.42 2416.10 2408.83 2416.14 2426.77 2342.46 2258.92 2176.48 2151.96 2139.72 2137.09 2199.23 2266.66 2339.02 2328.01 2307.04 2277.23 2336.22 2394.54
2453.53 2441.78 2430.97 2421.92 2391.01 2361.67 2329.60 2353.01 2384.22 2426.09 2328.24 2242.85 2154.90 2108.63 2036.70 1958.52 1926.85 1910.92 1919.86 1927.83 1936.07 1896.44 1918.46 1978.06
2061.02 1992.66 1930.10 1878.63 1836.37 1853.01 1919.46 1862.12 1808.73 1765.92 1556.73 1271.32 1108.88 1118.80 1278.48 1620.86 1806.93 1969.43 2114.30 2155.82 2127.71 2080.97 2086.76 2092.03
2098.66 2108.38 2113.10 2102.67 2088.95 2076.71 2056.24 2069.04 2069.81 2062.79 1996.57 1933.51 1875.86 1960.89 2049.96 2137.98 2192.17 2253.22 2322.26 2257.51 2173.07 2043.63 2053.88 2066.27
2082.29 2055.66 1969.52 1876.22 2061.70 2220.65 2342.48 2204.08 2049.81 1867.31 1916.29 1922.46 1927.52 1917.95 1914.74 1912.08 1966.24 2021.08 2075.55 2074.97 2047.53 1976.46 1972.32 1979.05
1994.99 1988.82 1984.29 1980.52 1959.00 1935.44 1906.41 1875.57 1853.11 1831.31 1849.18 1887.16 1933.02 1885.39 1849.08 1832.63 1920.42 2010.24 2100.06 2093.31 2057.20 2008.34 2109.59 2204.00
2291.88 2238.72 2181.08 2115.54 2115.53 2081.02 1902.35 1867.57 1832.39 1739.82 1749.44 1786.42 1830.91 1822.71 1855.90 1926.36 1978.65 2038.23 2103.17 2093.06 2056.85 1983.98 1986.07 1987.15
1987.42 1881.98 1771.13 1662.44 1915.43 2107.91 2260.48 2190.19 2117.85 2043.47 2024.45 2010.31 1978.93 1955.31 1951.52 1958.20 1938.46 1919.03 1900.14 1942.83 1991.64 2017.50 1995.65 1973.11
1941.48 1953.97 1974.53 2001.06 2051.27 2108.12 2167.01 2191.35 2214.49 2224.94 2143.65 2073.17 2012.14 1995.13 2006.64 2045.51 2061.95 2079.79 2098.41 2098.14 2056.21 1982.84 1943.20 1916.90
1907.24 1951.66 1993.70 2035.30 1984.02 1931.77 1875.64 1815.76 1760.89 1665.82 1548.58 1399.60 1242.13 1372.53 1532.12 1675.92 1804.74 1923.06 2023.38 1963.10 1902.04 1877.77 1843.03 1835.68
1815.20 1841.88 1862.65 1920.65 1829.88 1736.37 1651.10 1348.37 1427.26 1547.69 1602.34 1671.81 1740.40 1841.80 1935.13 2024.85 2048.07 2072.25 2098.21 2075.71 2043.36 2004.76 1987.69 1973.37
1961.84 1855.58 1783.10 1786.99 1883.44 1973.21 2049.22 1927.54 1875.83 1890.19 1848.26 1808.00 1769.99 1729.64 1731.41 1770.44 1733.67 1714.96 1720.20 1781.04 1842.73 1911.45 1942.75 1984.96
2026.28 1998.88 1986.25 1993.21 1934.54 1914.01 1936.23 1870.71 1806.70 1732.97 1619.60 1501.73 1380.53 1406.19 1448.79 1498.58 1633.52 1752.75 1860.27 1931.04 1971.90 2000.21 2019.79 2051.04
2094.62 2089.65 2085.06 2082.24 2063.73 2043.39 2016.03 2024.87 2053.92 2082.94 1738.29 1529.56 1508.92 1352.34 1666.41 1942.97 2063.53 2195.79 2328.27 2370.44 2407.72 2434.11 2508.80 2590.01
2678.65 2707.99 2737.90 2741.78 2695.73 2646.74 2590.50 2551.02 2514.69 2477.66 2411.00 2348.03 2287.47 2263.31 2245.95 2231.03 2208.66 2187.33 2161.76 2086.14 1993.94 1883.90 1899.07 1916.09
1938.33 1951.88 1967.08 1983.47 1868.63 1740.95 1607.18 1693.62 1881.43 2053.80 2004.79 1969.30 1928.72 1956.36 1985.11 2003.31 2082.08 2158.96 2232.39 2197.99 2128.87 2027.96 2047.65 2071.06
2101.59 2103.95 2106.35 2110.38 2052.52 2006.24 1973.77 1773.66 1743.84 1621.09 1495.00 1536.88 1652.47 1857.95 2023.57 2163.70 2181.88 2207.94 2239.16 2190.09 2113.29 2000.78 2011.71 2023.00
2035.11 2048.86 2062.56 2077.09 1987.86 1946.94 1975.81 1977.99 1987.22 1998.28 1999.09 1999.13 1998.71 2014.25 2032.01 2053.42 2147.76 2237.57 2324.63 2304.79 2258.29 2181.58 2194.38 2208.02
2221.61 2265.30 2310.07 2354.85 2371.19 2398.68 2430.73 2432.51 2438.09 2441.50 2424.05 2405.68 2387.52 2333.23 2284.53 2237.42 2278.10 2321.92 2366.47 2365.36 2356.49 2334.19 2366.80 2401.14
2436.16 2457.26 2478.72 2500.74 2495.40 2491.33 2485.55 2456.42 2428.00 2395.00 2274.65 2152.59 2031.65 1941.57 1852.76 1766.28 1771.18 1792.38 1826.51 1879.80 1957.92 2052.16 2158.59 2279.19
2402.81 2408.28 2415.50 2425.40 2421.33 2417.59 2408.65 2280.22 2144.82 1996.04 1885.02 1771.39 1657.99 1436.28 1249.63 1336.50 1409.26 1523.69 1645.17 1830.33 2012.39 2176.49 2182.93 2192.89
2205.29 2042.50 1864.18 1758.52 1695.79 1628.66 1550.90 1457.16 1371.51 1307.99 1178.53 1048.80 965.38 1105.53 1219.63 1317.65 1369.49 1430.03 1495.21 1626.27 1758.68 1878.16 1918.86 1956.16
1979.37 1980.32 1984.28 1989.11 1953.96 1895.88 1828.30 1781.67 1925.75 2083.43 2102.13 2138.12 2174.77 2154.16 2140.50 2132.11 2119.25 2109.45 2103.22 2113.93 2116.91 2109.17 2094.68 2065.74
2036.34 2118.44 2196.04 2270.92 2262.80 2256.14 2246.59 2235.16 2227.85 2218.80 2076.97 1940.44 1818.56 1788.77 1757.68 1697.81 1697.44 1706.66 1728.95 1601.72 1406.63 1086.99 1276.47 1709.03
1951.08 1897.70 1887.74 1827.47 1852.20 1943.51 2058.40 2061.22 2072.63 2078.20 2016.22 1956.95 1900.86 1875.65 1856.43 1843.62 1872.65 1905.35 1930.68 1956.32 2002.16 2078.57 2141.96 2206.00
2269.14 2340.15 2409.20 2476.20 2445.51 2414.16 2378.43 2366.27 2351.74 2329.70 2263.46 2197.47 2132.62 2083.68 2040.78 2004.18 2020.65 2043.89 2072.19 2102.14 2131.39 2161.78 2212.48 2264.67
2317.94 2318.91 2320.91 2323.92 2306.80 2288.58 2264.84 2321.06 2371.90 2412.24 2363.18 2314.59 2269.94 2215.13 2168.33 2123.70 2144.28 2167.16 2190.92 2208.53 2225.18 2235.05 2314.38 2398.79
2484.64 2465.82 2447.63 2430.56 2399.69 2369.38 2335.16 2349.46 2365.62 2376.90 2228.38 2093.16 1984.53 1908.95 1833.24 1759.38 1823.06 1874.62 1899.38 1773.91 1708.71 1792.52 1806.40 1914.43
2065.33 2089.96 2112.43 2132.50 2133.64 2133.23 2127.41 1998.80 1889.33 1812.98 1755.74 1706.81 1665.40 1724.04 1755.26 1796.63 1877.45 1958.55 2045.00 2080.41 2112.87 2141.81 2117.14 2143.70
2220.02 2227.00 2242.16 2265.55 2157.93 2033.19 1881.83 1920.33 1949.97 1942.28 1941.87 1927.06 1918.59 1933.20 1957.15 1989.97 2049.61 2109.03 2169.09 2148.29 2115.94 2063.01 2112.64 2166.74
2223.44 2192.54 2165.74 2146.93 2093.42 2034.18 1960.91 2013.79 2064.17 2101.61 2087.42 2074.69 2063.72 2055.36 2061.78 2082.01 2099.30 2119.34 2142.84 2104.52 2052.17 1974.80 2002.79 2033.96
2067.88 2040.55 2010.29 1975.70 1971.68 1972.45 1971.54 2119.03 2228.66 2305.34 2247.32 2189.21 2133.77 2085.50 2046.37 2016.84 2027.68 2041.15 2056.33 2032.43 1995.81 1938.01 1937.82 1942.68
1953.89 1963.26 1973.80 1985.64 1985.86 1987.29 1983.89 2060.91 2120.38 2160.55 2064.11 1967.96 1875.33 1806.14 1804.66 1864.53 1909.96 1956.54 2003.12 1989.65 1967.78 1928.37 1937.01 1951.21
1970.69 1976.76 1983.84 1993.00 1989.04 1988.93 1988.57 2008.63 2026.45 2033.66 1883.42 1718.26 1532.22 1500.33 1456.45 1454.35 1444.72 1462.47 1507.24 1598.22 1680.66 1749.94 1827.91 1865.85
1908.68 1946.27 1987.53 2025.52 2004.95 1996.04 1995.33 1924.30 1867.86 1816.32 1716.46 1640.76 1597.32 1255.65 1105.37 1488.09 1582.61 1693.86 1806.66 1833.69 1884.04 1939.85 1936.76 1933.49
1930.05 1934.74 1942.52 1955.04 1963.73 1973.80 1981.20 1992.39 2043.61 2099.11 1943.89 1776.32 1588.71 1614.93 1693.76 1791.20 1917.85 2036.49 2147.75 2109.82 2057.26 1979.30 2039.42 2102.63
2166.61 2161.08 2155.63 2150.31 2157.96 2165.05 2167.72 2196.78 2222.90 2238.44 2126.02 2013.17 1898.91 1823.31 1776.48 1766.30 1833.34 1905.13 1978.48 1995.32 2005.32 2001.67 2075.84 2153.72
2233.99 2231.45 2231.82 2236.45 2201.55 2172.13 2145.46 2149.00 2154.52 2154.29 2088.97 2026.83 1966.96 1954.14 1955.84 1968.92 1998.78 2032.72 2072.70 2066.25 2055.05 2035.98 2100.60 2189.83
2292.95 2216.77 2130.98 2037.31 2072.10 2114.25 2157.48 2136.01 2113.69 2085.04 2026.10 1976.25 1933.82 1935.00 1940.63 1947.50 1983.14 2023.13 2066.35 2039.60 2002.98 1949.42 2001.46 2061.92
2128.57 2108.87 2091.85 2081.28 2129.81 2177.29 2218.99 2228.22 2234.21 2230.79 2149.29 2069.92 1993.13 1959.15 1935.63 1921.92 1964.81 2013.31 2065.13 2034.72 1993.93 1936.45 1936.82 1946.07
1965.40 2020.28 2077.81 2137.06 2096.50 2052.23 1996.32 2062.21 2122.29 2167.53 2004.20 1838.82 1651.75 1625.12 1639.09 1686.79 1734.37 1784.01 1835.11 1855.36 1870.81 1838.96 1873.02 1908.27
1943.00 1896.32 1875.18 1867.51 1868.05 1886.00 1914.62 1890.18 1871.84 1848.94 1824.54 1803.65 1766.96 1672.83 1579.87 1517.25 1632.91 1741.69 1844.29 1838.66 1804.98 1757.85 1677.96 1617.78
1603.61 1603.76 1658.99 1750.54 1801.16 1860.75 1922.38 1837.97 1751.60 1659.16 1612.87 1570.84 1535.45 1543.10 1557.94 1594.13 1654.72 1774.75 1905.67 1940.74 1961.86 1965.13 1983.79 2003.46
2025.51 2053.91 2088.76 2126.55 2140.91 2160.53 2180.24 2188.67 2196.51 2197.36 2073.10 1966.01 1883.33 1713.55 1528.02 1350.68 1425.31 1515.36 1609.92 1745.42 1871.33 1981.66 1995.31 2009.12
2024.43 2030.71 2037.62 2046.21 2045.50 2049.14 2053.04 2030.06 2009.68 1985.49 1802.83 1601.71 1366.85 1175.78 1270.61 1464.45 1508.89 1562.40 1621.22 1713.94 1803.35 1883.80 1891.61 1910.76
1939.93 1930.22 1923.24 1910.63 1879.61 1897.67 1958.28 1903.10 1867.08 1839.66 1912.48 1947.05 1977.48 1946.45 1921.96 1905.24 1915.68 1933.22 1956.59 1932.02 1900.63 1859.72 1805.13 1737.08
1658.15 1718.89 1778.38 1836.29 1751.38 1702.89 1715.73 1701.88 1683.75 1637.97 1703.99 1759.25 1806.97 1863.36 1923.18 1983.44 1984.82 1993.33 2006.46 1984.95 1950.64 1896.78 1895.08 1893.34
1892.66 1915.53 1949.41 1990.07 1925.26 1872.78 1840.06 1815.10 1774.61 1734.29 1864.88 1969.01 2054.20 2055.20 2070.28 2091.21 2082.79 2081.97 2086.95 2045.77 1983.32 1882.26 1895.25 1908.83
1924.15 1916.85 1915.02 1918.46 1913.62 1908.42 1900.27 1698.06 1445.72 1068.33 1392.26 1532.24 1616.73 1677.02 1733.29 1786.77 1827.53 1873.73 1922.60 1908.82 1885.73 1846.91 1849.38 1861.91
1887.77 1886.79 1888.51 1892.58 1841.71 1830.38 1872.00 1793.43 1743.91 1716.62 1628.04 1530.29 1430.84 1291.25 1130.42 947.35 1273.72 1490.18 1661.81 1744.14 1821.11 1884.00 1887.43 1902.95
1929.65 1951.15 1972.22 1994.63 2005.26 2017.21 2024.48 2074.93 2120.90 2154.04 2082.89 2015.10 1949.77 1916.40 1892.39 1885.73 1925.31 1973.32 2029.37 2024.22 1990.56 1934.98 1941.55 1948.01
1954.19 1970.57 1992.90 2019.60 2100.10 2175.47 2244.63 2263.59 2278.71 2283.52 2205.82 2132.38 2063.60 2019.74 1985.59 1960.28 2002.19 2050.12 2102.52 2071.26 2024.42 1954.23 2011.29 2067.04
2121.01 2172.98 2223.39 2274.45 2298.51 2325.92 2353.65 2383.86 2408.21 2422.28 2344.97 2270.13 2196.28 2162.06 2135.87 2116.74 2149.51 2187.58 2230.06 2184.85 2118.06 2017.49 2026.87 2037.06
2046.88 2104.13 2159.25 2213.46 2274.79 2335.18 2393.34 2395.96 2397.13 2390.17 2314.16 2240.65 2167.47 2115.14 2068.45 2026.96 2067.98 2114.92 2167.69 2134.93 2084.04 2005.11 2016.41 2026.53
2036.25 2072.92 2111.21 2150.40 2171.24 2193.79 2214.89 2240.18 2259.27 2266.63 2191.63 2118.99 2047.30 2002.35 1965.42 1935.13 1960.56 1992.66 2028.69 2033.27 2027.77 2008.04 2018.17 2028.42
2038.94 2068.59 2106.29 2150.66 2150.49 2149.89 2147.40 2164.56 2176.49 2177.93 2079.78 1984.35 1889.22 1848.34 1823.61 1818.82 1838.73 1864.48 1895.21 1925.78 1943.10 1941.21 1833.01 1710.48
1575.50 1522.96 1518.36 1572.21 1646.80 1714.82 1759.50 1350.10 1280.03 1595.41 1753.86 1943.79 2098.12 2110.81 2127.51 2141.95 2187.51 2237.03 2289.10 2294.69 2293.47 2280.46 2302.33 2325.06
2350.61 2333.25 2313.49 2292.03 2242.73 2188.07 2126.58 2207.61 2274.76 2326.33 2281.85 2240.91 2202.70 2190.68 2183.40 2179.14 2149.54 2121.62 2095.10 2065.12 2026.66 1981.46 1999.35 2023.56
2054.66 2042.00 2029.78 2017.64 1930.79 1832.05 1716.00 1561.89 1510.44 1553.34 1510.47 1577.62 1683.10 1664.59 1672.50 1697.56 1679.54 1682.53 1691.14 1745.95 1798.94 1844.12 1875.89 1887.86
1900.00 1886.97 1931.29 2020.20 2019.34 2023.86 2030.41 1989.20 1945.69 1892.01 1773.64 1602.95 1426.15 1514.07 1604.31 1690.23 1746.50 1805.71 1866.70 1929.45 1979.83 2020.59 2018.37 2017.63
2019.39 1997.74 2015.46 2073.55 2077.60 2089.05 2105.77 2042.01 1978.87 1910.87 1854.63 1800.73 1750.55 1672.55 1669.17 1744.57 1762.44 1785.07 1811.62 1874.38 1934.07 1979.56 1983.06 2001.40
2033.20 2029.04 2034.06 2048.64 2014.26 1989.61 1981.63 1952.88 1923.73 1886.28 1756.67 1611.80 1517.34 1536.48 1560.03 1588.51 1686.25 1780.40 1870.48 1910.62 1943.50 1938.58 1932.50 1942.90
1970.10 1953.64 1937.97 1923.56 1913.58 1921.52 1945.87 1980.54 2049.10 2126.67 2082.46 2039.65 1997.76 1979.59 1965.62 1946.77 1943.05 1953.91 1974.39 1963.26 1941.07 1896.80 1821.34 1752.61
1707.29 1746.46 1831.76 1935.75 1958.38 1982.90 2007.11 1933.58 1873.59 1815.16 1657.70 1509.46 1407.99 1448.28 1434.22 1517.08 1569.78 1626.37 1684.41 1758.35 1829.52 1889.66 1846.37 1800.72
1753.40 1681.63 1599.61 1506.72 1553.61 1638.38 1733.48 1732.46 1759.27 1786.23 1532.92 1175.03 808.75 1016.04 1180.19 1371.59 1583.46 1755.48 1890.29 1899.32 1897.53 1886.15 1905.58 1924.47
1945.77 1941.84 1941.39 1946.05 1867.91 1794.15 1733.04 1641.89 1570.98 1514.74 1516.22 1567.25 1633.94 1636.20 1643.56 1656.15 1724.06 1795.71 1872.24 1886.69 1896.80 1896.02 1895.95 1903.76
1921.65 1940.79 1963.02 1991.30 1995.49 2003.24 2012.39 1963.39 1930.66 1903.38 1803.67 1719.12 1617.40 1590.62 1637.66 1727.77 1790.70 1851.81 1918.12 1913.66 1909.05 1907.40 1896.94 1885.69
1875.24 1899.70 1923.99 1949.85 1951.30 1968.99 2002.63 2013.48 2021.39 2018.00 1922.87 1821.38 1686.69 1642.39 1615.92 1607.22 1611.52 1626.10 1658.94 1748.35 1831.81 1909.64 1939.26 1958.25
1978.85 1978.62 1988.29 2008.88 2014.77 2020.20 2025.10 2048.93 2065.12 2064.69 1986.95 1913.15 1840.27 1731.50 1620.22 1509.50 1431.44 1390.31 1428.84 1351.29 1333.35 1429.29 1561.95 1770.91
1976.45 1971.87 1966.38 1960.41 1922.38 1887.93 1866.25 1655.82 1517.89 1555.19 1718.63 1877.45 2001.71 1945.77 1915.77 1915.29 1931.67 1966.10 2014.45 1987.61 1945.81 1890.71 1909.59 1929.11
1949.55 1946.95 1948.27 1954.40 1892.42 1842.15 1814.75 1703.30 1618.50 1568.23 1295.69 908.44 1077.21 895.99 1268.72 1505.14 1591.65 1658.88 1718.94 1760.30 1810.33 1846.35 1862.85 1883.95
1909.78 1901.22 1895.97 1897.45 1737.87 1540.52 1523.54 1454.13 1426.37 1421.63 900.39 770.87 1327.59 1458.95 1583.24 1693.21 1718.31 1750.77 1794.59 1803.09 1815.49 1837.79 1859.01 1874.25
1890.27 1855.55 1847.34 1872.49 1897.46 1935.44 1982.81 1996.46 2009.63 2013.05 1852.80 1681.12 1486.61 1473.41 1494.74 1525.78 1626.95 1724.77 1825.03 1847.98 1859.59 1867.71 1884.73 1901.78
1919.88 1922.90 1937.41 1963.22 1965.53 1968.32 1970.39 2046.51 2116.90 2171.54 2068.05 1962.68 1841.05 1776.39 1727.67 1700.21 1732.87 1775.14 1830.81 1858.29 1870.14 1875.03 1854.30 1833.01
1811.91 1816.96 1825.57 1840.04 1873.76 1914.14 1959.71 1982.66 2007.85 2024.81 1897.48 1771.72 1644.58 1640.99 1677.44 1737.52 1828.30 1915.61 2004.10 1981.12 1943.26 1890.50 1901.49 1912.92
1925.26 1933.58 1949.95 1974.36 1990.98 2008.72 2025.20 2054.63 2086.72 2112.71 2009.75 1909.52 1806.18 1742.39 1714.26 1752.74 1793.07 1837.24 1890.60 1909.86 1909.66 1896.78 1908.23 1922.46
1942.23 1959.96 1979.90 2001.22 2015.97 2032.98 2050.90 2112.46 2159.65 2189.28 2101.26 2016.30 1920.74 1862.20 1813.04 1772.82 1809.93 1848.34 1894.02 1921.89 1931.56 1932.99 1951.80 1973.07
1995.99 2010.01 2023.89 2036.73 2046.29 2056.03 2065.07 2116.29 2158.59 2186.40 2086.82 1988.17 1887.61 1829.65 1786.30 1760.95 1804.46 1849.23 1898.25 1913.64 1918.13 1918.32 1928.30 1942.10
1961.18 1968.77 1978.83 1991.81 1987.28 1986.30 1987.53 1985.00 1977.62 1960.25 1761.55 1565.97 1379.26 1471.73 1572.34 1669.80 1676.47 1682.15 1692.14 1752.48 1804.04 1854.47 1869.18 1890.17
1917.03 1911.24 1902.57 1893.93 1849.01 1813.58 1793.82 1560.24 1492.00 1619.60 1697.37 1762.50 1815.07 1763.40 1713.27 1665.72 1677.18 1694.43 1723.03 1783.09 1833.70 1873.44 1885.26 1907.07
1940.19 1933.25 1930.44 1929.47 1924.96 1919.71 1913.28 1863.19 1809.56 1748.58 1666.45 1586.87 1504.80 1446.55 1393.58 1346.21 1389.73 1437.65 1496.36 1639.21 1769.10 1890.87 1888.21 1903.16
1937.72 1942.72 1951.86 1963.96 1957.75 1959.16 1968.31 1902.02 1865.82 1847.02 1758.46 1672.81 1537.05 1493.71 1486.17 1513.65 1604.54 1671.87 1740.30 1799.27 1852.03 1901.99 1921.70 1938.50
1955.22 1959.84 1971.53 1990.31 2023.37 2059.69 2098.52 2185.00 2252.24 2296.63 2204.01 2111.07 2018.19 1982.46 1956.64 1939.70 1966.42 1999.70 2044.11 2046.06 2022.38 1988.86 1992.26 1995.32
1999.30 2065.80 2137.75 2212.64 2240.01 2269.93 2301.28 2294.85 2283.82 2264.79 2137.33 2010.21 1878.32 1849.06 1841.29 1852.14 1903.13 1959.11 2024.10 2012.01 1979.80 1936.62 1949.99 1964.29
1980.70 1976.87 1974.01 1971.00 1966.29 1968.52 1975.59 1976.77 1987.83 1996.58 1841.22 1687.66 1539.55 1579.54 1642.66 1713.41 1778.89 1844.69 1914.97 1925.15 1923.30 1916.83 1934.18 1955.09
1980.36 1992.30 2009.67 2031.84 2012.14 1995.46 1982.11 1997.21 2006.51 2005.93 1865.58 1749.84 1689.22 1690.89 1695.06 1706.08 1791.75 1877.33 1967.27 1956.41 1931.03 1894.24 1902.50 1915.03
1938.24 1938.97 1941.53 1947.12 1908.71 1931.55 2006.62 2025.71 2047.60 2064.11 1910.49 1752.64 1591.35 1581.33 1595.52 1629.93 1739.04 1852.85 1970.09 1951.92 1927.88 1908.56 1897.56 1894.05
1902.78 1870.57 1888.59 1953.37 1972.24 1990.97 2010.22 2059.33 2097.47 2122.95 2002.09 1871.23 1738.94 1691.54 1681.39 1711.65 1801.28 1889.02 1980.72 1934.64 1850.44 1744.31 1774.04 1830.09
1907.54 1945.32 1986.22 2029.90 1999.03 1964.28 1923.68 2004.62 2067.98 2118.22 2001.75 1873.41 1733.39 1651.49 1651.68 1738.17 1790.52 1864.59 1957.58 1951.77 1932.94 1908.85 1903.89 1899.53
1895.15 1919.57 1942.29 1964.75 1944.01 1928.72 1914.30 1928.83 1939.60 1945.31 1806.19 1638.02 1497.65 1620.72 1725.84 1823.43 1898.61 1965.35 2034.05 2024.97 1987.78 1923.99 1903.02 1893.46
1897.72 1886.39 1889.54 1909.93 1913.04 1921.53 1931.95 1983.32 2019.15 2040.31 1999.23 1962.95 1922.04 1862.40 1810.24 1772.61 1778.16 1786.22 1803.48 1849.11 1894.88 1952.42 1974.56 1998.06
2024.72 2087.95 2151.77 2215.56 2158.33 2091.28 2013.83 2032.56 2042.50 2039.88 1969.09 1898.43 1826.94 1805.03 1790.34 1782.37 1820.37 1860.47 1907.86 1938.95 1960.24 1978.92 2023.37 2069.18
2117.28 2075.76 2028.98 1976.70 1968.78 1959.26 1948.81 1808.26 1670.16 1563.42 1850.72 2040.49 2162.55 2122.15 2080.79 2039.95 1984.01 1924.57 1863.43 1866.19 1857.20 1839.68 1852.45 1880.58
1922.20 2027.28 2125.39 2203.13 2101.35 1984.49 1844.76 1852.89 1871.54 1892.53 1706.78 1499.23 1253.43 1335.82 1406.76 1473.39 1542.54 1613.06 1692.48 1760.73 1819.53 1880.23 1886.94 1893.00
1899.89 1901.43 1912.92 1935.21 1937.22 1958.03 1994.32 2070.13 2128.97 2168.43 2102.68 2039.97 1976.70 1930.83 1905.63 1904.59 1931.82 1960.26 1996.32 1980.70 1952.26 1924.29 1937.23 1951.22
1969.27 1977.80 1988.02 2003.46 2005.72 2007.92 2009.27 2031.35 2051.20 2062.37 1974.76 1864.11 1740.82 1685.53 1726.55 1832.42 1875.99 1920.94 1947.81 1953.02 1944.93 1934.33 1934.05 1937.25
1945.00 1946.03 1945.68 1945.98 1913.18 1897.29 1901.88 1836.18 1764.46 1682.56 1605.02 1532.08 1460.45 1407.06 1426.90 1512.48 1580.76 1636.23 1704.70 1763.69 1825.66 1900.18 1914.01 1934.87
1964.21 1942.25 1917.26 1889.61 1839.66 1796.02 1761.32 1650.10 1579.22 1560.74 1401.51 1319.94 1355.86 1489.56 1599.25 1696.44 1780.21 1890.70 1996.01 1974.40 1927.07 1875.37 1886.91 1900.71
1916.95 1906.66 1903.10 1906.51 1864.28 1818.85 1773.19 1679.77 1612.47 1578.51 1523.31 1561.96 1642.28 1698.92 1756.56 1814.59 1897.11 1979.38 2063.95 2025.54 1973.80 1926.62 1937.14 1946.33
1957.38 1962.49 1974.68 1992.83 1985.61 1979.20 1971.46 1972.39 1974.39 1972.77 1853.47 1713.59 1586.31 1676.47 1770.48 1848.52 1903.23 1960.32 2021.00 2016.52 1996.53 1973.20 1987.90 2003.84
2019.42 2022.91 2025.65 2028.53 1998.62 1971.80 1951.25 1891.93 1826.86 1756.03 1800.88 1854.06 1905.41 1923.88 1948.49 1973.48 1997.63 2026.26 2060.28 2028.94 1977.86 1918.41 1920.66 1924.63
1930.39 1907.77 1891.52 1882.98 1917.91 1966.07 1996.09 1990.49 1977.32 1956.02 1900.37 1849.59 1806.02 1762.93 1726.13 1693.90 1788.51 1880.16 1970.86 1968.91 1940.90 1905.48 1917.24 1928.06
1939.71 1947.80 1960.47 1977.69 1976.36 1977.82 1983.36 2034.53 2074.56 2101.80 2023.92 1948.27 1860.80 1828.74 1819.76 1835.75 1901.96 1967.64 2038.10 2000.58 1945.11 1879.37 1899.64 1920.16
1941.75 1916.07 1889.88 1866.02 1849.95 1850.61 1870.08 1873.32 1877.96 1880.57 1813.55 1743.99 1672.66 1679.67 1714.30 1766.92 1864.54 1960.84 2058.96 2027.39 1977.50 1917.31 1924.95 1933.43
1941.44 1948.77 1960.53 1974.40 1982.33 1992.75 2007.97 2121.34 2209.65 2276.48 2228.64 2182.35 2140.17 2131.26 2129.96 2135.16 2154.80 2176.58 2205.29 2167.44 2105.98 2030.82 2101.71 2172.17
2242.22 2272.65 2302.16 2331.84 2318.83 2305.90 2291.25 2316.86 2337.99 2352.92 2334.95 2314.78 2294.45 2257.42 2219.35 2189.00 2198.62 2209.73 2224.98 2194.52 2150.15 2099.61 2160.88 2219.78
2278.63 2313.85 2348.50 2383.17 2381.61 2379.74 2377.12 2374.74 2367.89 2355.03 2299.69 2241.56 2187.11 2178.75 2171.73 2163.69 2179.42 2197.89 2220.99 2207.27 2184.02 2160.43 2145.25 2128.36
2112.89 2139.38 2166.73 2192.89 2257.36 2318.72 2376.87 2423.92 2464.57 2499.99 2461.42 2420.44 2385.90 2326.92 2270.14 2216.99 2210.71 2204.49 2200.58 2148.29 2080.78 2001.36 2109.27 2207.70
2301.41 2275.72 2250.37 2229.22 2186.34 2142.04 2095.42 2188.35 2258.80 2312.23 2285.39 2258.84 2231.45 2190.82 2155.03 2123.33 2143.13 2168.65 2205.12 2144.57 2059.90 1952.35 1991.22 2031.50
2072.73 2085.74 2098.61 2110.92 2088.42 2068.93 2051.45 2009.87 1953.66 1883.56 1834.18 1780.35 1677.57 1666.35 1686.22 1716.44 1813.79 1914.78 2017.89 1986.77 1940.97 1892.51 1915.63 1940.41
1968.95 1969.56 1976.79 1989.03 1978.51 1968.63 1961.10 1954.14 1941.69 1923.92 1880.21 1835.12 1798.88 1761.62 1737.97 1731.52 1796.85 1871.82 1952.20 1932.17 1886.37 1835.27 1858.42 1883.02
1912.03 1903.95 1895.20 1886.64 1852.02 1816.18 1779.16 1782.97 1775.61 1756.39 1822.55 1879.05 1924.55 1879.15 1844.41 1821.47 1856.71 1895.49 1930.88 1933.65 1927.25 1919.45 1911.12 1912.61
1924.71 1941.24 1960.28 1980.85 1939.25 1901.98 1872.69 1792.96 1670.64 1547.58 1532.09 1594.85 1679.58 1679.80 1695.64 1719.66 1808.20 1894.07 1979.43 1952.01 1914.57 1875.06 1887.51 1898.95
1911.77 1906.77 1901.86 1897.30 1924.00 1950.08 1976.26 2016.66 2059.95 2098.49 1974.52 1822.38 1642.61 1635.71 1704.99 1789.54 1864.31 1938.97 2016.91 1989.15 1948.07 1901.09 1925.30 1951.37
1980.60 1983.27 1986.06 1990.15 1974.71 1964.19 1956.26 1908.91 1853.44 1790.91 1661.67 1483.76 1294.88 1363.82 1492.05 1616.36 1713.87 1808.32 1902.52 1926.73 1943.87 1963.80 1979.48 1996.10
2013.15 1999.91 1983.30 1966.26 1952.92 1946.12 1906.34 1848.04 1782.15 1712.48 1642.89 1575.89 1513.87 1656.36 1776.51 1883.57 1872.71 1873.28 1890.75 1898.75 1901.68 1908.39 1907.08 1908.93
1915.75 1891.93 1888.02 1936.75 1922.61 1931.98 1961.73 2065.09 2143.04 2200.07 2155.77 2112.61 2072.80 2095.08 2123.39 2168.70 2166.14 2164.45 2164.74 2260.76 2350.60 2440.62 2448.47 2463.00
2484.80 2485.91 2486.32 2487.72 2470.24 2451.55 2431.43 2469.75 2496.59 2513.40 2444.79 2377.36 2311.29 2282.75 2264.52 2260.21 2306.92 2352.94 2399.57 2430.26 2457.74 2486.84 2494.32 2503.13
2514.57 2515.95 2516.48 2518.88 2480.83 2440.81 2399.24 2426.28 2451.28 2466.92 2363.06 2262.66 2169.26 2079.92 1991.44 1908.53 1875.26 1845.90 1826.19 1806.31 1790.44 1787.60 1817.49 1847.42
1876.60 1977.60 2075.81 2170.49 2200.47 2233.24 2268.72 2256.18 2236.44 2206.73 2115.79 2023.13 1942.06 1881.88 1832.81 1814.71 1858.80 1912.35 1956.56 1898.32 1825.41 1739.36 1772.21 1807.08
1844.16 1857.69 1901.38 1966.95 1987.61 2012.87 2043.32 2152.37 2236.95 2305.69 2237.73 2169.95 2104.06 2043.23 1988.84 1941.55 1926.97 1918.83 1908.60 1921.92 1916.82 1913.10 1935.92 1958.94
1985.97 2016.06 2047.37 2080.20 2092.59 2104.52 2116.82 2138.76 2153.13 2161.88 2092.20 2023.18 1956.40 1910.47 1886.28 1884.59 1901.35 1927.13 1963.00 1953.69 1940.46 1931.66 1946.33 1961.57
1977.93 1995.92 2016.57 2038.65 2028.28 2017.56 2005.30 2051.70 2083.10 2101.49 2056.64 2012.15 1962.00 1985.68 2014.89 2047.70 2049.85 2051.29 2062.60 2043.80 2001.19 1953.37 1969.21 1985.05
2001.73 2037.00 2074.87 2115.56 2129.60 2143.86 2158.13 2219.72 2265.78 2298.23 2224.21 2154.08 2087.98 2001.24 1919.87 1846.34 1871.79 1901.22 1936.52 1948.02 1958.05 1970.78 2008.17 2045.81
2084.97 2115.44 2148.85 2184.50 2156.94 2128.72 2097.03 2175.31 2235.29 2280.29 2221.80 2165.24 2111.33 2120.66 2144.55 2180.94 2203.47 2228.16 2258.52 2260.85 2258.51 2256.99 2259.02 2263.91
2274.31 2277.83 2281.40 2285.82 2305.53 2324.32 2343.33 2378.44 2401.47 2416.15 2387.59 2360.96 2336.17 2295.90 2264.18 2240.95 2246.86 2257.41 2275.82 2242.79 2201.86 2155.15 2203.75 2252.74
2302.22 2303.26 2304.26 2306.93 2341.61 2375.46 2410.02 2412.00 2405.29 2394.11 2411.10 2422.22 2431.53 2435.42 2427.40 2423.69 2406.72 2393.68 2384.37 2373.86 2359.21 2344.58 2346.65 2348.83
2352.09 2383.26 2417.38 2453.70 2455.32 2456.86 2459.26 2459.10 2451.99 2439.40 2439.97 2438.13 2432.61 2378.34 2327.89 2281.29 2258.32 2231.68 2224.36 2202.89 2174.03 2140.49 2169.87 2199.03
2227.93 2244.26 2264.94 2289.85 2308.43 2332.97 2361.49 2382.44 2394.89 2400.03 2346.02 2291.94 2237.79 2118.79 1994.44 1859.46 1817.70 1789.20 1796.32 1829.87 1862.33 1898.19 1930.50 1963.53
1998.89 2015.56 2039.62 2069.35 2040.12 2009.81 1976.83 2005.09 2019.30 2024.39 1914.53 1803.99 1690.72 1770.96 1896.55 2031.61 2061.28 2102.59 2163.51 2164.21 2176.05 2205.52 2230.69 2256.55
2281.34 2233.21 2183.49 2130.39 2090.53 2050.24 2010.86 1977.73 1938.88 1892.99 1876.86 1880.42 1891.32 1866.42 1847.66 1822.52 1917.81 2006.30 2096.89 2042.02 1988.01 1947.00 1941.61 1941.07
1946.83 1940.47 1958.60 1999.93 2008.34 2017.38 2026.79 1978.90 1928.48 1875.61 1870.56 1865.98 1857.45 1762.30 1667.61 1578.62 1630.18 1689.18 1763.57 1793.03 1819.98 1848.12 1907.66 1964.10
2016.33 2011.20 2013.74 2026.39 2029.06 2032.90 2038.58 2052.82 2058.12 2055.26 2017.51 1983.91 1952.01 1732.33 1412.30 1154.53 1333.22 1517.57 1683.04 2075.40 2370.67 2620.78 2684.99 2741.26
2787.29 2707.27 2615.84 2512.40 2528.58 2543.63 2560.46 2546.46 2527.06 2507.52 2450.86 2401.75 2359.43 2289.05 2221.50 2156.92 2138.85 2125.01 2093.61 2105.64 2120.46 2122.86 2091.86 2060.68
2027.87 2009.05 2006.92 2023.01 1993.44 1970.47 1953.30 1922.57 1887.28 1850.14 1946.37 2019.18 2057.13 2095.05 2136.82 2179.46 2185.31 2190.49 2202.51 2202.35 2198.15 2193.04 2233.68 2278.85
2327.57 2380.71 2431.68 2481.27 2465.75 2449.62 2432.22 2429.96 2428.07 2421.17 2458.35 2486.04 2502.46 2437.78 2377.21 2321.45 2319.36 2318.08 2321.82 2316.49 2314.34 2320.23 2366.23 2411.90
2459.23 2468.26 2476.92 2486.00 2480.79 2477.78 2477.26 2496.71 2505.41 2506.47 2451.93 2402.41 2356.76 2300.07 2248.04 2202.23 2118.00 2017.98 1907.60 1480.81 1574.09 2052.74 2433.05 2745.17
3024.34 3029.62 3035.83 3042.58 3039.01 3035.16 3029.76 3008.33 2975.83 2937.86 2846.89 2754.65 2656.37 2583.84 2523.68 2479.21 2459.95 2439.96 2422.90 2359.73 2289.01 2195.60 2178.37 2137.51
2095.62 1943.02 1756.77 1547.23 1565.59 1584.08 1604.09 1509.03 1455.32 1468.85 1610.53 1703.28 1792.83 1962.69 2102.50 2221.10 2264.47 2309.55 2358.35 2332.94 2253.40 2159.12 2158.79 2157.62
2157.53 2155.79 2163.12 2177.19 2176.64 2177.29 2178.12 2177.38 2149.15 2113.52 2042.71 1977.07 1916.55 1876.28 1846.76 1824.68 1855.96 1887.24 1925.46 1995.90 2067.64 2138.85 2138.21 2138.20
2137.87 2124.55 2118.94 2122.96 2122.47 2124.69 2128.11 2167.02 2191.17 2204.30 2199.96 2186.50 2155.18 2198.59 2245.65 2303.87 2259.09 2215.53 2180.23 2149.14 2108.94 2065.32 2053.76 2041.38
2028.59 2049.19 2075.85 2105.48 2132.96 2164.74 2199.77 2180.77 2154.57 2128.79 2062.61 2028.02 2020.26 1934.87 1858.43 1801.81 1754.92 1769.45 1860.28 2110.31 2333.51 2534.89 2599.82 2661.02
2724.57 2676.75 2623.74 2564.35 2533.37 2500.99 2467.82 2435.15 2394.63 2349.24 2255.77 2160.03 2062.22 2058.60 2067.15 2087.91 1999.91 1902.50 1812.53 1774.93 1739.58 1713.43 1585.68 1723.11
2002.34 2062.98 2136.66 2167.08 2208.97 2254.12 2299.78 2216.78 2119.07 2009.73 1991.27 1970.95 1949.16 1938.52 1968.28 2011.95 2033.01 2056.04 2086.68 2138.95 2191.45 2245.41 2248.06 2261.48
2284.08 2272.86 2264.12 2257.46 2254.25 2251.00 2246.97 2283.22 2303.96 2314.01 2311.35 2302.81 2285.42 2241.61 2203.12 2169.26 2126.04 2077.08 2029.97 2086.62 2143.76 2200.71 2247.03 2304.07
2369.77 2317.46 2264.36 2216.54 2181.32 2169.54 2187.40 2135.09 2124.48 2147.81 2085.34 2089.85 2135.91 2050.52 1962.92 1873.66 1849.58 1842.60 1866.48 1889.99 1939.03 2009.39 1982.41 1975.60
1995.40 2037.54 2121.63 2225.92 2212.34 2220.23 2249.25 2298.44 2329.76 2348.39 2365.96 2388.72 2403.47 2396.25 2395.60 2406.78 2356.98 2297.73 2227.71 2202.44 2171.53 2137.27 2023.74 2071.58
2238.32 2199.20 2217.13 2305.62 2286.91 2275.46 2276.24 2236.37 2197.07 2164.25 1979.90 1765.14 1503.51 1090.89 1495.26 1840.98 1813.03 1791.94 1786.41 1181.20 1472.06 1942.60 1976.70 2011.68
2045.47 1934.94 1908.86 1999.14 1916.12 1867.09 1877.25 1612.77 1256.25 1283.86 1272.88 1539.96 1722.79 1735.38 1754.02 1777.50 1791.62 1831.74 1898.72 2014.97 2126.89 2232.91 2239.28 2243.83
2248.73 2259.73 2282.55 2315.89 2359.85 2403.34 2442.74 2486.68 2517.87 2539.90 2490.88 2442.55 2392.31 2294.21 2200.96 2114.84 2071.71 2039.56 2036.09 2064.70 2099.35 2137.47 2123.49 2107.70
2090.42 2041.59 2002.93 1982.38 1856.09 1825.02 1657.14 1810.95 2155.34 2412.75 2522.31 2625.49 2725.13 2782.39 2848.28 2887.41 2891.47 2894.68 2898.59 2876.74 2855.77 2835.69 2798.40 2767.72
2745.12 2775.80 2806.79 2837.16 2802.33 2766.61 2729.64 2764.23 2792.37 2817.15 2803.91 2792.63 2787.36 2765.34 2745.62 2727.17 2647.03 2559.86 2465.00 2385.49 2291.63 2180.39 2134.61 2106.57
2104.45 2166.60 2234.31 2304.56 2289.15 2278.43 2273.48 2206.05 2161.23 2146.93 2157.62 2161.65 2151.39 2046.33 1998.13 2018.17 2046.77 2115.38 2217.65 2255.84 2291.49 2329.44 2337.99 2352.46
2371.96 2382.83 2392.76 2403.98 2401.05 2400.37 2401.04 2383.18 2355.08 2320.11 2281.27 2239.67 2194.45 2093.59 2002.33 1926.09 1842.47 1888.82 2068.22 2095.24 2103.93 2115.09 2016.17 1919.53
1857.02 1926.59 1998.65 2069.31 2084.16 2105.15 2132.94 2136.68 2157.67 2192.88 1789.49 1223.91 1553.14 1506.71 1467.69 1435.95 1187.08 1640.05 2047.96 2269.64 2471.38 2656.47 2640.58 2605.72
2553.30 2548.27 2510.46 2463.76 2484.08 2503.25 2523.68 2506.84 2485.02 2463.74 2341.98 2223.97 2107.99 2203.43 2290.64 2369.33 2417.54 2474.22 2537.91 2548.80 2562.77 2580.94 2645.38 2709.68
2774.15 2756.92 2744.78 2739.92 2754.27 2764.39 2770.96 2757.29 2743.45 2735.47 2702.29 2672.38 2638.61 2673.23 2714.03 2761.10 2769.54 2779.16 2792.32 2829.07 2866.07 2904.63 2810.29 2704.21
2585.24 2512.51 2430.25 2339.04 2280.33 2265.94 2304.63 2258.93 2204.84 2152.63 2016.26 1915.61 1888.36 1899.38 1947.58 2016.68 2085.76 2164.78 2250.50 2291.76 2333.32 2374.85 2393.57 2411.68
2428.87 2429.21 2429.44 2429.60 2433.03 2438.48 2444.25 2463.28 2472.41 2474.88 2458.17 2438.52 2413.95 2348.02 2289.05 2237.05 2033.15 1741.60 1376.19 1401.59 1776.27 2165.63 2339.29 2497.39
2641.85 2665.57 2624.80 2580.53 2515.65 2442.67 2358.69 2276.41 2186.66 2097.11 2020.29 1952.82 1897.12 1691.43 1415.01 1057.29 1513.39 1816.12 2045.45 2129.74 2210.83 2295.58 2303.89 2305.78
2305.02 2294.78 2285.16 2276.54 2303.23 2331.38 2359.79 2403.92 2433.73 2454.99 2468.41 2478.27 2481.98 2435.67 2393.66 2353.37 2322.18 2287.02 2248.66 2280.19 2312.48 2345.76 2343.88 2343.85
2345.53 2323.07 2298.26 2274.05 2275.77 2277.17 2279.26 2236.84 2194.34 2158.27 2089.73 2028.38 1971.33 1848.13 1719.41 1580.21 1239.72 1374.94 1747.73 1903.88 2020.22 2119.18 2074.59 2029.53
1992.77 2026.92 2096.56 2186.07 2189.36 2192.14 2195.13 2199.33 2198.95 2195.46 2141.72 2100.48 2071.88 2073.04 2080.64 2091.92 2081.74 2070.25 2053.87 2046.23 2051.55 2071.41 2064.62 2082.56
2079.07 2042.03 2012.94 1993.14 1972.07 1980.07 2012.88 2005.96 2001.55 1998.24 2176.37 2303.09 2399.07 2370.93 2347.48 2326.51 2248.93 2159.52 2048.95 2026.22 2027.15 2059.06 2053.18 2052.38
2059.18 1934.15 1779.65 1581.90 1380.13 1637.74 2007.70 2318.81 2558.49 2760.31 2785.08 2813.26 2810.71 2793.71 2777.91 2764.35 2758.80 2753.31 2748.43 2686.43 2619.66 2547.96 2518.09 2487.43
2455.82 2409.09 2360.05 2308.77 2305.07 2301.42 2297.48 2236.09 2166.83 2090.05 2006.11 1918.99 1817.70 1744.17 1699.83 1693.74 1503.65 1467.86 1752.44 1719.33 1683.23 1646.35 1833.87 1992.80
2134.80 2158.56 2183.91 2209.48 2216.21 2223.20 2231.64 2240.19 2246.42 2251.30 2243.09 2230.25 2210.25 2126.91 2045.42 1964.62 1993.93 2062.93 2157.27 2179.05 2199.45 2220.60 2226.31 2232.10
2237.84 2235.02 2233.63 2231.78 2220.75 2209.73 2197.10 2287.92 2357.67 2411.17 2400.57 2387.17 2371.02 2351.41 2337.64 2330.97 2271.55 2203.33 2124.12 2172.62 2221.63 2268.93 2347.09 2428.51
2510.06 2465.53 2417.87 2368.04 2252.89 2138.09 2044.44 1990.30 2350.79 2660.68 2821.76 2983.90 3114.82 3148.95 3184.28 3216.93 3170.18 3120.56 3065.78 3050.08 3033.62 3017.62 2982.29 2945.45
2908.62 2864.14 2816.71 2767.59 2698.52 2623.74 2542.15 2505.75 2461.70 2412.56 2212.46 1974.51 1665.97 1676.46 1714.45 1770.67 1831.87 1910.03 1996.35 1833.34 1737.18 1949.43 2120.23 2264.44
2378.20 2397.52 2417.77 2436.09 2490.11 2541.66 2590.85 2637.13 2673.02 2701.03 2705.63 2707.61 2707.72 2694.95 2692.33 2696.36 2586.59 2453.61 2282.44 2249.74 2217.74 2187.55 2174.10 2161.69
2150.33 1828.40 1598.99 1827.54 1938.40 2128.61 2312.84 2510.48 2644.75 2748.74 2747.56 2748.51 2752.73 2685.57 2621.08 2558.93 2464.63 2352.49 2211.76 2114.13 2000.44 1869.14 1754.08 1625.21
1495.53 1541.75 1653.86 1772.34 1660.28 1454.82 1258.47 1230.33 1422.40 1578.11 1617.48 1667.59 1715.84 1725.44 1772.61 1841.02 1986.88 2125.69 2232.36 2251.29 2271.47 2290.63 2291.60 2295.40
2302.78 2291.86 2293.41 2307.47 2314.24 2320.82 2328.83 2327.75 2319.05 2303.03 2323.18 2335.54 2342.53 2304.07 2280.93 2272.26 2260.53 2247.92 2229.85 2258.78 2290.48 2324.21 2325.44 2327.26
2330.31 2309.69 2288.22 2264.23 2218.68 2218.43 2258.36 2080.96 2119.24 2271.43 2296.55 2422.11 2550.33 2464.08 2378.47 2291.26 2257.87 2221.04 2173.63 2030.16 1878.84 1766.69 1708.09 1804.89
1884.75 1993.74 2164.02 2327.94 2308.67 2280.45 2251.81 2218.64 2176.66 2127.94 2135.16 2127.17 2112.00 2044.87 1983.24 1929.46 1833.55 1734.34 1651.63 1692.98 1749.59 1812.84 1899.96 1997.62
2097.99 2044.93 2008.32 1994.30 2024.35 2055.38 2087.85 1965.06 1876.34 1853.61 1971.70 2071.34 2151.19 2171.53 2193.74 2218.75 2200.82 2185.98 2174.89 2215.38 2255.97 2297.87 2352.46 2420.33
2494.15 2459.34 2423.51 2384.65 2374.33 2364.37 2353.05 2353.06 2351.93 2346.30 2438.88 2511.56 2570.33 2564.37 2562.98 2567.45 2499.91 2427.54 2348.37 2362.90 2378.11 2391.70 2414.79 2439.60
2467.25 2396.34 2318.00 2228.01 2189.39 2153.70 2121.02 2138.35 2147.47 2148.94 2152.36 2153.43 2152.80 2133.08 2118.95 2109.73 1999.28 1865.68 1693.70 1527.40 1742.32 1854.28 1775.50 1779.67
1883.64 2222.64 2482.06 2680.52 2637.72 2588.78 2532.83 2463.59 2392.22 2327.36 2224.78 2117.21 2005.05 1870.79 1745.35 1666.56 1483.73 1602.95 1684.11 1770.63 1912.17 2060.90 2078.40 2103.08
2134.52 2114.21 2110.65 2124.41 2074.29 2073.68 2126.14 2077.56 2051.73 1979.38 2016.18 2069.42 2119.71 2147.62 2177.92 2209.75 2193.61 2177.92 2161.33 2038.23 1894.37 1722.53 1746.77 1866.58
2013.80 2113.89 2231.59 2338.19 2339.28 2340.60 2344.77 2345.43 2334.71 2306.62 2258.75 2219.95 2188.68 2254.79 2317.20 2375.50 2330.48 2276.07 2207.26 2233.62 2263.28 2297.21 2313.22 2329.58
2346.13 2374.47 2408.81 2447.94 2441.89 2436.05 2431.99 2462.30 2484.89 2498.25 2432.47 2380.59 2342.35 2319.03 2300.96 2290.34 2236.19 2189.08 2162.86 2204.67 2250.73 2300.61 2373.04 2437.04
2498.21 2545.82 2572.22 2595.40 2560.57 2523.69 2484.75 2490.57 2488.11 2480.69 2554.69 2588.14 2619.04 2675.04 2735.04 2797.96 2764.30 2727.42 2682.99 2592.86 2462.18 2352.34 2305.72 2276.91
2279.38 2268.67 2287.76 2337.71 2376.40 2427.05 2486.17 2543.11 2591.77 2631.90 2557.95 2472.13 2401.90 2411.84 2431.05 2463.71 2457.74 2452.14 2445.59 2491.64 2536.06 2576.47 2513.67 2440.60
2376.93 2349.91 2320.56 2299.96 2311.22 2293.91 2233.46 2291.69 2345.32 2364.72 2425.23 2477.98 2516.30 2471.93 2439.62 2439.90 2324.95 2184.55 2087.21 2121.23 2122.69 2145.03 2211.14 2226.32
2173.91 2106.35 2054.63 2023.41 2031.52 2050.88 2081.58 2240.10 2368.19 2470.89 2546.00 2584.57 2608.63 2639.13 2661.96 2676.74 2631.56 2586.42 2540.50 2554.90 2569.91 2584.40 2556.11 2531.54
2514.19 2421.24 2317.12 2197.96 2287.04 2379.38 2443.08 2465.11 2482.90 2496.12 2624.21 2727.24 2814.73 2786.77 2765.77 2751.93 2694.82 2614.73 2505.94 2467.68 2387.89 2314.28 2327.05 2339.53
2351.34 2338.63 2327.84 2321.96 2317.46 2314.25 2311.06 2232.38 2142.99 2037.91 2055.82 2081.88 2111.62 2108.41 2111.75 2123.34 2089.53 2064.35 2046.76 1936.74 1816.38 1698.08 1662.71 1656.49
1682.35 1537.64 1350.06 1215.29 1325.34 1596.90 1787.94 1723.32 1662.60 1611.64 1572.49 1824.78 2047.25 2085.59 2131.25 2180.06 2190.57 2219.60 2254.37 2275.77 2297.72 2320.72 2331.99 2349.75
2372.08 2365.21 2362.33 2365.06 2361.91 2360.97 2363.75 2388.03 2407.59 2418.35 2338.82 2316.09 2337.70 2277.85 2270.52 2310.97 2264.59 2225.53 2196.75 2184.25 2170.64 2157.93 2099.63 2036.13
1966.52 1943.23 1918.74 1894.94 1710.63 1497.42 1456.01 1188.41 1474.40 1723.32 1795.53 1871.83 1940.81 2004.33 2065.40 2123.01 2105.27 2093.78 2085.28 2142.76 2200.58 2259.55 2270.50 2281.65
2292.29 2292.91 2300.48 2313.46 2299.45 2304.50 2328.15 2371.41 2407.89 2431.98 2440.27 2428.43 2407.77 2430.02 2464.58 2507.94 2464.96 2415.23 2317.68 2300.53 2282.58 2264.51 2241.17 2247.94
2286.44 2249.61 2281.28 2372.70 2362.74 2355.84 2353.09 2373.44 2388.95 2395.75 2349.24 2305.78 2265.56 2250.19 2240.60 2236.04 2199.64 2165.12 2130.71 2141.34 2158.77 2178.56 2096.30 2021.96
1978.85 1969.31 1965.44 1968.43 1934.76 1901.80 1869.31 1728.43 1592.52 1539.47 1814.37 1990.02 2097.97 2149.11 2195.04 2227.71 2216.86 2207.05 2191.28 2208.89 2228.73 2251.90 2267.69 2298.53
2341.16 2346.46 2354.91 2366.58 2407.05 2449.35 2490.97 2485.20 2475.63 2456.20 2450.34 2439.42 2424.03 2409.45 2402.18 2401.24 2351.82 2293.27 2218.36 2247.35 2277.92 2311.10 2331.21 2352.68
2374.72 2416.70 2454.42 2457.01 2424.23 2378.32 2301.47 2300.89 2297.88 2287.14 2212.19 2162.38 2144.93 2118.04 2107.44 2117.37 2091.53 2123.23 2215.42 2231.51 2303.25 2402.93 2534.16 2655.04
2768.35 2729.39 2690.47 2652.49 2653.93 2655.76 2658.54 2525.46 2378.58 2215.47 2164.52 2118.94 2078.77 1832.02 1513.09 1395.33 1212.27 1289.94 1507.89 1832.61 2061.17 2249.97 2238.04 2240.14
2257.25 2248.24 2249.54 2261.85 2264.37 2269.70 2276.78 2278.25 2275.73 2262.30 2325.09 2375.04 2415.89 2420.58 2434.49 2454.47 2404.43 2351.35 2292.98 2339.81 2387.99 2440.10 2423.47 2406.83
2390.73 2377.48 2364.22 2350.54 2348.35 2346.01 2342.43 2413.45 2487.50 2554.00 2522.33 2490.22 2459.57 2388.11 2320.68 2259.07 2244.63 2235.14 2226.72 2251.20 2272.64 2294.13 2286.61 2285.32
2290.67 2288.25 2295.95 2323.86 2321.25 2325.82 2335.77 2362.35 2382.18 2390.82 2388.11 2394.42 2409.96 2385.74 2367.20 2347.02 2305.31 2256.36 2193.05 2061.48 1908.25 1721.54 1702.62 1715.25
1760.82 1860.06 1886.95 1938.93 2028.83 2123.34 2214.75 2075.62 1909.71 1705.23 1620.24 1614.18 1666.53 1604.40 1684.99 1821.24 1675.26 1490.96 1344.53 1700.40 1939.10 2128.79 2072.93 2046.17
2061.03 2039.43 2056.55 2110.70 2108.98 2122.93 2152.49 2179.52 2203.91 2216.92 2260.53 2250.42 2218.99 2166.61 2122.49 2084.49 1854.50 1488.08 1516.72 1914.50 2192.77 2426.27 2403.81 2384.68
2370.87 2389.74 2411.62 2437.13 2439.94 2421.62 2409.64 2480.83 2549.87 2611.47 2571.09 2538.09 2513.43 2529.72 2552.14 2577.98 2501.06 2413.35 2307.99 2352.01 2405.77 2466.28 2484.95 2507.92
2535.24 2517.21 2499.89 2483.78 2432.22 2375.71 2317.61 2271.08 2224.78 2169.91 2135.68 2114.27 2107.69 2112.39 2182.17 2286.45 2291.99 2285.87 2269.54 2270.53 2308.16 2373.30 2393.92 2409.61
2425.66 2416.54 2415.84 2418.04 2414.90 2412.95 2409.67 2391.15 2369.67 2338.05 2322.42 2291.17 2259.89 2226.12 2198.62 2175.16 2122.01 2096.82 2117.16 2213.47 2307.39 2391.16 2401.13 2411.83
2425.05 2386.84 2356.43 2335.69 2358.98 2384.41 2411.99 2371.24 2333.78 2290.92 2380.80 2452.85 2513.34 2537.59 2573.75 2616.73 2535.75 2450.68 2359.29 2352.03 2344.61 2336.41 2327.00 2320.92
2317.01 2283.51 2250.78 2218.18 2264.31 2305.86 2347.17 2385.86 2421.58 2447.63 2392.28 2346.79 2311.32 2133.38 2002.60 1975.80 1901.33 1814.15 1698.61 1720.78 1744.79 1768.44 1828.54 1914.06
2008.52 2084.10 2212.65 2354.30 2341.26 2316.55 2292.62 2220.61 2141.07 2045.86 1887.97 1729.31 1596.22 1686.21 1768.26 1846.63 1721.61 1558.22 1332.80 1414.70 1756.43 1992.20 2025.95 2070.06
2119.25 2078.70 2066.90 2081.65 2175.39 2278.47 2383.80 2322.69 2256.77 2176.70 2131.03 2084.35 2037.62 1922.63 1816.21 1728.17 1778.99 1811.06 1891.40 2034.08 2202.73 2351.87 2358.38 2368.49
2379.84 2374.55 2375.20 2384.21 2389.23 2395.74 2403.72 2403.35 2400.25 2383.16 2239.63 2088.96 1927.00 1833.70 1792.30 1810.77 1905.91 2005.55 2100.39 2166.75 2250.54 2345.34 2352.35 2359.26
2365.73 2367.97 2373.12 2381.48 2378.79 2378.67 2380.69 2409.11 2433.08 2444.45 2383.75 2322.99 2263.71 2218.81 2185.09 2161.29 2165.75 2186.19 2219.25 2250.91 2283.23 2315.81 2361.43 2412.36
2466.28 2455.54 2443.44 2431.01 2412.99 2404.45 2407.16 2427.24 2444.03 2451.31 2374.22 2308.08 2274.74 2289.90 2305.99 2323.14 2270.80 2213.20 2144.71 2158.80 2182.80 2215.10 2188.43 2165.38
2145.84 2129.73 2116.23 2108.08 1966.02 1834.72 1777.40 1653.25 1800.35 1954.66 1840.20 1724.63 1606.53 1667.32 1800.94 1956.63 1996.88 2038.91 2080.12 2113.01 2145.01 2177.78 2190.13 2199.08
2192.63 2173.82 2158.55 2149.13 2144.61 2140.74 2140.83 2215.95 2282.89 2332.05 2307.50 2396.21 2519.94 2517.59 2518.67 2522.02 2457.78 2392.66 2326.91 2337.18 2348.36 2359.56 2406.84 2463.67
2524.34 2533.66 2543.98 2552.88 2531.31 2516.99 2511.56 2471.98 2430.06 2382.71 2455.54 2565.43 2729.80 2744.67 2772.94 2812.41 2755.14 2691.50 2616.45 2571.81 2519.54 2460.34 2470.94 2482.41
2490.15 2431.64 2367.57 2294.72 2267.83 2241.63 2213.80 2217.98 2229.04 2236.71 2254.26 2333.25 2432.93 2450.80 2483.37 2526.02 2406.70 2259.34 2062.54 2070.67 2093.92 2133.72 2123.28 2124.49
2137.92 2171.34 2236.01 2322.11 2303.12 2304.87 2331.62 2288.37 2242.74 2184.46 2050.80 1923.22 1814.81 1728.28 1636.24 1538.32 1503.02 1480.39 1467.03 1374.84 1335.05 1378.10 1220.08 1387.39
1636.90 1634.55 1635.29 1638.48 1780.08 1924.62 2057.34 2005.36 1937.30 1852.85 1927.16 1988.57 2041.76 2083.52 2131.51 2184.55 2168.95 2136.22 2111.10 2172.27 2233.49 2293.18 2289.18 2287.47
