1379.73 1506.11 1594.35 1790.09 1937.43 2070.67 2189.24 2211.89 2231.51 2252.06 2365.28 2465.76 2547.30 2485.52 2429.50 2380.96 2318.91 2247.00 2156.65 2170.33 2195.61 2229.48 2247.17 2264.23
2282.35 2023.23 1885.07 2099.91 2036.78 1998.82 1998.01 2189.69 2346.73 2479.29 2272.82 2018.28 1766.90 1689.12 2046.22 2339.82 2341.01 2343.74 2346.39 2287.29 2260.25 2286.20 1962.94 1966.17
2247.71 2289.22 2342.14 2401.12 2290.90 2220.08 2215.13 1811.99 1680.91 2174.98 2394.67 2584.03 2742.91 2686.86 2634.08 2582.74 2591.94 2555.95 2467.77 2508.80 2550.22 2520.16 2373.06 2196.76
1975.08 1835.55 1745.66 1787.64 2010.39 2184.99 2329.49 2398.18 2495.16 2597.55 2537.42 2485.03 2444.65 2410.24 2383.00 2362.10 2207.45 2025.97 1816.81 1839.06 1865.47 1894.80 1844.96 1790.44
1730.63 1658.93 1578.39 1484.85 1444.57 1409.34 1387.42 1381.94 1405.26 1387.47 1481.77 1637.52 1771.90 1810.29 1829.35 1852.96 1871.64 1889.04 1911.20 1920.22 1932.75 1945.93 1962.35 1980.98
1998.81 1980.98 1964.44 1947.25 1892.23 1830.84 1767.65 1909.53 2022.59 2112.31 2094.39 2078.92 2059.29 2085.18 2114.53 2147.47 2163.33 2174.58 2177.16 2226.42 2276.34 2326.05 2318.06 2309.70
2303.77 2301.51 2302.07 2305.06 2291.05 2277.88 2266.18 2242.07 2213.06 2181.41 2124.58 2049.72 1979.99 1976.97 1983.41 1997.32 2044.48 2092.18 2136.30 2111.93 2088.67 2059.72 2027.13 1994.73
1961.51 1898.97 1839.30 1789.66 1717.41 1650.48 1601.51 1569.82 1575.22 1491.79 1568.40 1516.45 1474.30 1513.40 1498.90 1359.67 1496.11 1510.14 1614.24 1519.43 1335.88 1429.89 1511.13 1633.44
1751.94 1921.63 2075.34 2208.46 2345.19 2471.58 2587.77 2656.63 2722.97 2787.10 2744.24 2700.75 2654.58 2615.54 2579.25 2543.60 2504.28 2465.50 2422.61 2349.08 2268.36 2178.61 2171.06 2166.58
2165.19 2209.83 2253.41 2295.74 2310.90 2327.37 2345.33 2334.28 2316.40 2297.93 2266.84 2270.18 2294.99 2204.23 2128.72 2075.97 2121.84 2168.15 2149.19 2124.03 2101.72 2084.21 2094.33 2106.91
2123.42 2155.11 2184.89 2213.21 2221.24 2231.11 2241.40 2305.56 2360.08 2385.44 2404.03 2417.14 2425.45 2435.31 2447.77 2462.33 2375.64 2280.18 2173.00 2258.88 2340.44 2419.33 2322.70 2250.57
2219.35 2185.01 2262.10 2400.65 2295.58 2199.47 2132.34 2165.07 2242.00 2225.92 2162.78 2200.28 2293.11 2236.45 2181.55 2136.57 2142.45 2152.50 2161.15 2297.87 2441.39 2570.80 2559.90 2542.13
2526.56 2506.40 2485.49 2466.32 2491.00 2516.98 2542.17 2595.11 2639.93 2678.32 2629.94 2582.74 2534.22 2463.89 2395.11 2326.24 2266.46 2195.26 2111.79 2205.52 2292.34 2374.10 2404.07 2435.28
2464.75 2475.44 2485.86 2476.02 2529.64 2581.51 2630.58 2566.86 2489.79 2405.18 2382.53 2360.63 2337.80 2288.48 2232.41 2160.08 2124.17 2090.72 2058.51 2090.45 2127.41 2117.16 2114.02 2117.91
2129.90 2160.37 2192.09 2222.01 2241.62 2255.00 2269.62 2283.76 2279.92 2241.68 2216.97 2192.25 2169.64 2105.42 2076.76 2066.64 2050.00 2032.97 2014.80 2038.94 2075.15 2119.59 2124.05 2133.51
2146.81 2106.56 2078.76 2064.76 2182.09 2290.01 2323.29 2330.75 2335.71 2339.80 2386.10 2387.56 2329.18 2330.37 2334.85 2232.14 2198.51 2190.36 2209.50 2204.76 2205.51 2211.29 2150.52 2097.71
2058.75 2018.87 1991.49 1982.46 2025.40 2075.22 2130.10 2116.60 2094.44 2007.20 2074.61 2125.30 2164.62 2204.17 2247.90 2301.45 2302.60 2304.23 2305.96 2219.85 2113.63 1991.66 1944.24 1900.22
1859.66 1777.89 1685.05 1575.85 1320.52 1118.35 1416.18 1480.81 1697.84 1871.22 1994.96 2084.41 2155.57 2170.84 2221.67 2299.04 2363.46 2428.19 2489.32 2485.87 2482.88 2480.73 2408.56 2337.18
2269.14 2282.14 2304.22 2333.87 2262.62 2257.61 2323.64 2553.24 2780.83 2994.90 2971.69 2945.99 2923.47 2976.78 3031.39 3077.58 3034.72 2985.46 2936.64 2968.39 2999.25 3031.84 2954.16 2869.47
2778.96 2813.05 2847.74 2883.59 2840.63 2796.19 2751.88 2777.96 2796.36 2786.81 2644.15 2461.23 2262.46 2287.01 2314.70 2342.04 2282.73 2229.00 2186.72 2086.33 1959.31 1844.61 1810.16 1743.47
1666.83 1851.04 2000.34 2125.49 2169.03 2217.02 2268.62 2335.34 2388.03 2427.51 2475.64 2519.64 2535.57 2492.25 2452.65 2415.93 2447.85 2469.77 2489.55 2478.32 2467.65 2456.76 2472.54 2495.57
2522.40 2507.15 2491.84 2478.10 2485.87 2494.77 2505.88 2482.94 2456.29 2429.71 2429.85 2420.90 2414.47 2381.53 2358.31 2344.95 2306.85 2265.66 2216.45 2141.49 2082.52 2047.96 1937.77 1868.01
1850.65 1138.14 1856.61 2229.33 2573.73 2860.95 3076.18 3012.82 2952.65 2900.68 2922.09 2944.02 2962.45 2923.05 2894.62 2852.34 2781.75 2697.12 2605.06 2559.64 2519.52 2487.44 2406.93 2321.89
2233.49 2214.59 2208.53 2215.57 2222.75 2244.93 2278.21 2225.59 2180.92 2150.98 2131.01 2126.01 2110.00 2105.02 2154.86 2194.27 2173.98 2147.07 2118.94 2087.27 2056.78 1938.16 1883.30 1863.41
1887.20 2000.69 2078.71 2134.68 2171.74 2206.74 2241.14 2234.94 2221.57 2205.87 2243.65 2280.30 2319.77 2331.52 2346.37 2363.08 2419.94 2470.11 2508.23 2490.17 2461.80 2433.61 2423.25 2406.89
2365.03 2315.99 2264.45 2177.67 2100.92 2042.41 2014.85 2068.45 2130.63 2199.49 2286.28 2378.71 2457.34 2420.05 2377.37 2351.79 2340.87 2329.61 2317.73 2225.52 2132.68 2047.41 2026.89 2004.81
1961.34 1878.36 1800.05 1742.06 1825.31 1958.86 2096.23 2042.24 1986.36 1927.94 1775.73 1590.59 1355.53 1186.16 1384.02 1600.08 1581.39 1616.50 1695.81 1944.65 2155.10 2329.70 2261.53 2187.64
2106.58 2100.78 2095.58 2091.50 2110.29 2132.12 2159.07 2133.17 2099.83 2061.75 2111.36 2155.82 2181.29 2099.76 2018.05 1933.16 1933.31 1950.92 1985.82 1907.64 1820.34 1717.64 1662.44 2288.75
2636.68 2765.30 2900.10 3036.47 3017.45 2998.09 2981.45 2961.71 2935.50 2907.44 2874.22 2841.33 2810.98 2775.26 2743.92 2718.88 2631.50 2538.39 2436.10 2453.56 2475.01 2499.80 2428.78 2374.21
2343.31 2321.07 2300.27 2279.85 2378.83 2452.43 2521.28 2570.37 2610.16 2646.08 2649.49 2653.76 2667.22 2643.86 2627.48 2618.41 2621.27 2629.16 2640.85 2596.37 2562.88 2541.10 2492.10 2441.71
2388.89 2362.97 2338.57 2315.93 2344.47 2311.98 2264.29 2308.41 2347.28 2384.21 2387.34 2380.21 2366.72 2441.55 2532.40 2591.81 2583.98 2557.11 2501.05 2484.96 2468.02 2451.83 2489.48 2525.22
2482.44 2319.92 2138.81 1961.18 2008.39 2033.56 2022.30 2018.27 2008.13 1994.57 2027.78 2060.27 2102.79 2041.72 2010.21 2014.63 2070.81 2184.13 2324.90 2359.76 2395.64 2420.65 2397.26 2363.59
2303.28 2323.96 2292.73 2260.84 2278.16 2299.62 2274.69 2304.91 2331.10 2335.68 2318.98 2301.32 2282.06 2265.70 2252.47 2245.35 2240.89 2237.44 2233.32 2192.34 2140.29 2085.01 2064.26 2048.25
2038.44 2067.32 2096.13 2126.34 2075.74 2026.71 1984.24 1958.92 1925.07 1887.12 1915.82 1936.18 1960.53 1940.23 1922.33 1920.99 1924.04 1930.02 1938.78 1975.90 2012.22 2045.67 2007.38 1971.90
1945.53 1822.53 1670.34 1470.32 1654.51 1807.62 1936.99 1903.19 1864.51 1814.61 1818.99 1832.79 1856.49 1831.06 1810.75 1801.48 1734.63 1662.68 1598.48 1672.09 1752.62 1833.84 1897.55 1967.68
2039.71 1945.69 1839.79 1721.27 1722.40 1726.91 1738.35 1787.85 1815.58 1832.78 1832.59 1835.10 1838.87 1890.90 1942.42 1999.27 2009.48 2043.17 2103.02 2121.75 2139.78 2158.77 2211.53 2266.06
2321.82 2302.78 2287.66 2275.84 2254.75 2233.24 2212.48 2148.02 2070.73 1985.37 1976.05 1969.22 1965.02 1964.91 1975.68 2000.61 2083.12 2163.69 2244.75 2297.05 2351.94 2408.85 2359.92 2309.66
2257.75 2269.68 2279.40 2288.19 2203.46 2111.02 2007.69 2042.55 2085.18 2132.41 2012.45 1902.02 1824.40 1324.31 1773.07 1775.73 1929.40 2344.65 2673.30 2768.84 2827.72 2878.82 2856.65 2832.80
2806.93 2862.91 2917.88 2963.04 2994.32 3025.67 3058.55 3060.38 3018.14 2976.07 2968.19 2961.78 2951.44 2952.73 2956.16 2961.97 2914.76 2842.42 2765.84 2760.61 2762.30 2770.98 2778.10 2786.59
2796.26 2780.31 2764.34 2748.12 2778.18 2809.37 2840.90 2809.73 2778.72 2750.34 2714.24 2678.58 2618.61 2603.12 2588.44 2575.56 2580.23 2584.90 2589.71 2573.57 2565.52 2565.20 2538.44 2512.57
2489.11 2469.03 2454.17 2445.59 2411.71 2376.15 2339.54 2361.62 2386.26 2414.40 2410.90 2404.39 2363.49 2326.11 2283.06 2241.55 2147.60 2049.53 1949.89 1844.54 1721.62 1569.64 1727.66 1855.38
1965.79 1946.65 1926.60 1907.31 1825.39 1745.46 1678.68 1722.44 1755.61 1787.01 1921.12 2030.47 2128.01 2156.65 2189.09 2225.16 2177.93 2132.72 2092.38 1994.70 1880.89 1750.72 1834.32 1970.22
2106.94 2071.55 2046.36 2033.61 2095.18 2265.48 2452.66 2482.15 2509.06 2537.08 2491.94 2449.84 2407.80 2403.48 2408.19 2423.53 2400.17 2368.75 2310.75 2340.44 2371.83 2399.04 2399.33 2402.91
2402.91 2348.04 2298.69 2292.79 2306.30 2274.15 2265.33 2192.14 2106.25 2020.98 2000.10 1998.69 1997.37 1997.97 2011.77 2038.24 2143.06 2244.59 2341.93 2370.98 2401.06 2432.55 2396.01 2361.07
2328.16 2333.64 2341.35 2348.90 2362.92 2378.22 2396.07 2310.21 2209.78 2101.08 2131.49 2154.06 2170.12 2139.19 2111.02 2091.24 2111.12 2138.26 2174.71 2201.56 2223.40 2240.73 2209.56 2178.81
2146.76 2063.15 1975.08 1886.59 1877.26 1872.92 1871.98 1945.32 1999.51 2046.01 2096.17 2137.92 2175.18 2149.87 2136.01 2139.71 2134.33 2132.20 2135.83 2087.15 2032.47 1970.42 1911.65 1849.14
1779.91 1772.35 1766.36 1759.59 1683.32 1655.78 1696.83 1759.97 1819.49 1866.41 1785.42 1695.51 1606.97 1647.33 1687.66 1735.58 1726.89 1717.61 1711.18 1685.25 1656.41 1624.88 1725.09 1829.19
1928.06 2040.48 2139.31 2215.21 2129.19 2029.41 1940.12 1454.85 1502.76 1135.09 1803.52 2126.70 2258.82 2368.33 2475.89 2579.87 2605.31 2606.89 2536.39 2527.58 2517.12 2507.73 2520.72 2544.62
2577.07 2623.61 2668.62 2709.19 2748.56 2787.64 2825.62 2869.48 2906.45 2943.01 2925.46 2884.15 2828.63 2820.99 2809.70 2800.28 2793.98 2761.79 2730.14 2800.15 2845.35 2881.45 2875.51 2859.53
2824.07 2806.63 2792.23 2781.31 2792.26 2803.33 2814.30 2772.83 2727.38 2679.15 2620.39 2562.19 2504.03 2431.03 2326.58 2208.38 2094.32 1971.35 1849.91 1567.39 1432.90 1748.49 1910.49 2096.12
2264.18 2071.16 1842.23 1668.17 1782.77 2008.96 2212.22 2388.83 2564.06 2708.80 2629.35 2544.52 2444.19 2321.96 2193.49 2056.00 2066.00 2098.15 2092.91 2105.58 2067.32 2033.21 2108.18 2186.13
2262.67 2303.82 2344.20 2385.77 2474.23 2511.44 2548.34 2479.30 2396.44 2314.45 2272.25 2239.08 2225.18 2219.27 2225.80 2240.66 2283.43 2218.36 2150.00 2094.01 2036.74 1979.98 1847.84 1689.49
1490.08 1512.52 1533.62 1555.91 1751.40 1918.63 2060.62 2154.93 2230.13 2257.93 2068.67 1885.94 1829.45 1801.55 1774.87 1742.74 1713.64 1682.16 1649.46 1640.21 1630.03 1620.53 1836.79 2001.73
2140.21 2208.22 2273.31 2334.33 2287.44 2238.84 2188.61 2168.72 2132.82 2101.40 2021.97 1969.56 1952.93 1643.60 1815.90 1931.01 1996.88 1993.14 1902.26 1823.46 1723.67 1610.59 1645.43 1678.30
1713.71 1902.49 2093.48 2217.29 2361.72 2461.55 2562.24 2615.21 2654.88 2692.70 2608.77 2528.89 2444.09 2348.43 2249.20 2149.65 2159.01 2165.30 2172.53 2142.33 2111.47 2081.14 2144.22 2202.61
2255.28 2285.27 2314.70 2342.62 2400.90 2467.64 2531.03 2566.41 2587.43 2605.86 2538.96 2419.94 2298.28 2351.57 2399.00 2437.72 2435.71 2433.51 2431.90 2507.05 2559.17 2517.64 2489.61 2461.74
2433.10 2382.20 2328.35 2272.28 2280.73 2241.56 2225.35 2247.11 2231.06 2205.97 2262.16 2313.90 2321.20 2305.62 2252.76 2199.35 2269.85 2324.86 2335.10 2342.11 2267.95 2190.41 2193.73 2204.82
2226.12 2175.45 2122.64 2066.34 2017.74 1972.39 1933.26 1908.91 1870.80 1827.92 1882.98 1933.19 1986.26 1923.36 1861.51 1813.35 1738.11 1655.10 1577.62 1580.95 1635.86 1720.43 1736.43 1752.30
1767.69 1687.59 1595.55 1486.37 1286.77 1222.96 1413.07 1548.36 1568.05 1611.73 1164.53 1355.09 1676.88 1515.19 1287.56 1025.98 1040.19 1054.18 1072.76 1082.81 1215.87 1340.68 1445.89 1853.50
2114.02 2052.15 1996.01 1956.53 1960.77 1982.83 2018.92 1983.69 1946.34 1916.48 2004.47 2073.68 2122.51 2022.27 1927.05 1850.83 1877.06 1905.90 1937.15 1899.90 1847.42 1793.52 1794.60 1794.66
1796.15 1725.74 1566.37 1702.40 1500.70 1804.83 2077.26 2003.33 1917.22 1825.07 1893.24 1973.21 2057.76 2084.54 2124.45 2124.84 2150.66 2175.79 2198.83 2175.80 2149.86 2117.77 2101.72 2054.40
1965.41 1837.68 1702.73 1588.07 1589.46 1625.13 1680.41 1601.68 1508.84 1539.72 1676.49 1824.98 1971.16 2253.27 2523.00 2752.64 2821.50 2855.37 2844.65 2851.68 2860.57 2873.66 2815.39 2753.26
2687.62 2710.70 2733.41 2755.28 2802.83 2858.27 2918.38 2955.02 2989.65 3026.09 2968.99 2911.27 2860.64 2934.33 2980.92 2961.73 2965.31 2970.56 2922.38 2902.41 2882.12 2861.41 2833.96 2806.11
2778.81 2807.83 2835.60 2864.35 2901.52 2937.82 2966.66 2950.23 2921.63 2891.90 2825.66 2759.38 2694.56 2686.64 2666.47 2601.72 2656.33 2658.00 2650.56 2602.58 2548.40 2490.79 2429.89 2369.81
2313.65 2322.44 2330.78 2339.22 2405.06 2454.20 2464.07 2476.68 2489.68 2508.01 2462.18 2428.79 2415.26 2374.75 2352.00 2353.96 2366.39 2374.95 2385.53 2369.90 2339.94 2313.16 2336.39 2331.49
2310.28 2250.74 2188.43 2122.27 2039.29 1908.94 1754.00 1730.01 1702.43 1672.76 1787.85 1892.12 1973.34 1885.68 1810.80 1754.19 1876.83 1989.18 2094.80 2103.78 2097.59 2092.57 2124.58 2155.65
2187.19 2186.44 2196.85 2218.49 2222.41 2227.93 2232.97 2197.52 2152.08 2090.98 2119.02 2142.79 2166.73 2134.68 2107.32 2086.12 2097.19 2111.29 2130.24 2179.37 2225.02 2265.54 2288.99 2311.58
2334.71 2312.39 2290.44 2267.76 2319.65 2368.80 2414.91 2355.94 2292.86 2231.88 2115.98 1995.38 1865.89 1821.93 1830.07 1892.44 1917.30 1941.95 1971.07 1997.47 2022.09 2043.29 2001.79 1965.23
1936.37 1897.63 1828.27 1753.66 1639.64 1683.62 1753.22 1778.14 1802.83 1819.10 1848.88 1873.61 1897.34 1911.21 1940.20 1983.56 2044.17 2104.28 2167.61 2191.25 2187.91 2182.56 2144.98 2107.14
2068.47 2054.36 2032.04 1983.08 1964.18 1944.13 1925.24 1929.43 1903.93 1866.01 1892.07 1915.44 1945.21 1976.56 1996.63 2000.32 2013.92 2026.79 2044.63 2130.12 2151.74 2173.73 2247.07 2301.89
2304.35 2270.58 2235.34 2199.48 2160.61 2119.20 2075.95 2029.24 1979.16 1922.27 2011.95 2089.03 2159.59 2217.87 2282.37 2349.88 2433.23 2489.69 2506.23 2557.73 2606.84 2648.12 2655.51 2660.27
2658.15 2613.46 2567.72 2522.14 2501.50 2485.81 2473.90 2435.69 2380.50 2324.07 2266.82 2210.29 2148.76 2204.46 2261.30 2317.99 2386.99 2423.35 2417.84 2454.47 2448.16 2402.62 2397.44 2390.31
2377.01 2378.87 2376.85 2377.51 2227.84 2050.13 1830.82 1068.54 1396.26 1799.01 2046.48 2182.92 2233.53 2200.23 2170.16 2140.47 2209.63 2277.54 2340.97 2371.79 2400.79 2431.75 2537.17 2634.78
2724.62 2730.08 2737.51 2749.13 2835.86 2893.15 2924.77 2902.13 2876.75 2819.62 2771.53 2730.26 2700.75 2668.77 2638.17 2605.20 2585.45 2564.77 2545.09 2505.92 2421.45 2355.77 2370.16 2387.72
2350.23 2377.09 2369.51 2352.06 2429.66 2438.64 2443.13 2517.53 2583.40 2642.25 2549.23 2456.67 2373.56 2370.30 2369.58 2375.52 2333.96 2286.58 2237.95 2151.70 2061.11 1974.25 1976.96 1982.89
1991.67 1910.51 1819.40 1714.75 1936.85 2109.14 2253.27 2259.25 2284.51 2328.20 2337.93 2348.49 2352.04 2340.59 2333.84 2325.77 2277.06 2222.80 2159.39 2109.92 2060.51 2019.30 1968.73 1936.27
1929.77 1967.30 2009.90 2056.23 2130.52 2199.38 2264.15 2258.91 2252.91 2250.23 2302.66 2353.63 2382.04 2400.83 2421.66 2450.86 2462.72 2455.77 2423.21 2405.63 2384.22 2362.71 2323.48 2283.14
2240.52 2276.06 2311.77 2293.09 2312.25 2316.95 2308.62 2368.50 2423.81 2476.19 2472.84 2472.49 2460.83 2455.49 2451.87 2411.64 2361.37 2305.47 2240.48 2178.13 2103.92 2024.32 2001.02 1977.30
1951.21 1916.75 1880.43 1794.12 1725.19 1669.45 1645.16 1654.58 1727.46 1823.14 1785.17 1746.42 1697.88 1547.37 1372.35 1228.32 1096.50 1386.28 1611.73 1762.65 1877.97 1988.04 1917.77 1913.24
1980.72 1972.01 2022.95 2099.69 2078.07 2074.61 2090.48 2010.75 1851.19 1760.31 1623.10 1486.48 1319.41 1080.00 928.73 1189.44 1325.04 1449.73 1565.19 1755.56 1903.48 1925.68 1904.98 1884.93
1865.54 1859.48 1871.54 1888.94 1784.61 1655.09 1530.65 1406.61 1340.26 1380.15 1339.19 1440.06 1638.03 1689.70 1749.95 1816.64 1890.64 1966.49 2047.45 2089.60 2110.72 2128.31 2135.32 2143.17
2152.33 2151.96 2147.40 2142.14 2102.34 2071.85 2051.86 2120.89 2070.39 2015.67 2091.11 2158.94 2217.97 2266.18 2320.07 2379.37 2355.03 2327.56 2299.66 2336.18 2361.99 2381.51 2293.51 2198.61
2095.81 2080.74 2066.00 2050.52 2006.63 1961.79 1917.39 1978.48 2027.46 2045.42 2037.42 2029.06 2025.78 2061.48 2101.61 2145.81 2160.80 2174.95 2192.32 2217.43 2236.43 2245.65 2209.42 2173.15
2136.42 2046.15 1957.94 1883.13 1904.21 1926.96 1950.39 1809.15 1638.88 1420.14 1370.41 1334.91 1325.04 1344.19 1380.90 1435.53 1557.77 1668.22 1730.05 1672.17 1613.35 1538.43 1320.02 1568.55
1746.48 1930.14 2177.46 2397.00 2447.23 2505.53 2511.26 2515.49 2530.62 2555.80 2476.76 2393.31 2313.00 2299.90 2286.62 2278.60 2123.17 1959.55 1866.47 1818.78 1780.40 1794.53 1877.84 1953.33
2024.07 2123.97 2213.94 2296.56 2347.07 2382.87 2421.09 2452.19 2395.58 2333.95 2307.88 2282.65 2185.63 2209.68 2231.50 2226.38 2240.86 2249.20 2254.54 2295.03 2315.11 2335.12 2364.81 2393.12
2397.68 2398.85 2373.86 2348.75 2353.95 2359.70 2362.67 2403.32 2435.69 2458.15 2393.86 2315.38 2244.97 2278.23 2314.35 2352.34 2350.47 2347.54 2345.26 2338.99 2309.63 2216.82 2222.93 2161.44
2081.48 2156.65 2227.68 2294.28 2264.06 2236.37 2211.48 2160.81 2123.62 2108.11 2124.22 2133.34 2104.13 2151.37 2205.90 2265.32 2235.07 2204.75 2179.10 2245.77 2306.57 2364.13 2323.30 2280.73
2235.33 2200.75 2164.47 2128.88 2104.50 2080.16 2054.09 2048.32 2041.12 2008.89 1976.13 1859.00 1630.32 1633.79 1662.52 1712.25 1358.27 1465.12 1872.84 2298.56 2608.27 2867.92 2873.40 2875.37
2877.79 2901.54 2924.88 2949.22 2953.08 2957.44 2963.21 2946.74 2927.69 2905.97 2871.25 2836.24 2795.62 2708.48 2618.90 2525.53 2515.74 2505.82 2498.91 2502.98 2504.64 2507.29 2461.13 2429.88
2417.78 2438.22 2464.64 2495.95 2539.05 2582.10 2624.56 2576.23 2525.84 2479.44 2417.10 2356.81 2303.34 2368.21 2433.67 2490.56 2416.92 2344.53 2275.51 2255.90 2227.75 2202.34 2253.24 2305.05
2356.82 2330.55 2311.81 2302.60 2228.71 2147.12 2057.20 2059.97 2077.30 2063.37 1959.01 1881.32 1842.10 1998.51 2117.59 2216.46 2234.27 2253.24 2287.20 2226.45 2152.38 2072.07 2144.90 2212.00
2271.28 2283.44 2296.31 2299.27 2267.91 2242.58 2226.20 2249.90 2269.73 2297.13 2342.21 2394.89 2460.58 2402.03 2342.36 2280.15 2366.43 2454.64 2542.33 2567.87 2588.61 2610.61 2553.49 2498.94
2449.30 2387.27 2324.02 2262.22 2262.56 2276.99 2303.69 2211.96 2099.78 1979.50 1975.68 1977.75 1981.56 1982.81 1989.41 2003.39 1945.55 1878.65 1799.59 1824.92 1847.82 1873.50 1797.95 1706.87
1602.43 1492.23 1355.37 1184.34 1314.99 1545.94 1229.03 1351.09 1649.33 1824.34 1789.17 1779.20 1795.49 1836.85 1888.78 1952.14 1992.54 2038.86 2090.11 2093.61 2088.68 2084.22 2069.20 2051.05
2035.10 2056.31 2078.10 2094.87 2119.95 2145.75 2169.09 2212.28 2169.08 2122.72 2097.79 2079.30 2042.29 2046.59 2055.42 2071.22 2079.23 2104.56 2147.41 2166.76 2190.01 2223.51 2230.71 2244.87
2254.00 2284.77 2316.07 2348.44 2312.78 2306.40 2329.57 2124.47 1840.40 1541.08 1701.09 1881.81 2031.28 2001.56 1981.29 1958.80 1870.14 1899.76 2036.74 1975.59 1905.90 1838.19 1797.48 1778.61
1787.78 2007.42 2178.40 2324.23 2348.17 2366.50 2408.72 2408.22 2411.79 2400.73 2349.72 2301.78 2220.01 2235.31 2253.95 2277.53 2216.98 2150.17 2075.59 2048.44 2010.76 1963.34 1896.73 1872.33
1904.49 1920.18 1955.67 2003.87 1980.93 1965.29 1969.63 1887.24 1803.93 1711.01 1656.40 1699.28 1686.20 1700.84 1737.17 1789.55 1772.75 1798.75 1827.44 1895.60 1962.67 2034.44 2020.62 2007.96
1996.25 1990.41 1992.36 2001.36 2048.47 2093.59 2136.92 2191.29 2229.21 2210.89 2183.42 2158.74 2138.72 2198.44 2266.29 2340.61 2391.24 2443.40 2495.11 2568.43 2634.63 2680.59 2662.42 2644.14
2626.49 2631.49 2638.55 2646.47 2593.68 2538.89 2481.55 2407.87 2311.39 2207.61 2184.98 2165.99 2153.17 2026.05 1835.79 1581.74 1621.41 1694.89 1786.85 1628.96 1367.76 1112.51 1501.79 1446.63
1690.47 1900.11 2113.20 2294.86 2331.98 2368.10 2402.02 2401.62 2400.10 2377.73 2358.81 2357.57 2360.18 2373.84 2391.19 2412.29 2433.23 2460.26 2491.34 2514.16 2530.94 2516.00 2467.91 2417.81
2367.70 2391.71 2406.46 2397.48 2368.31 2339.00 2308.13 2301.54 2291.04 2289.35 2286.72 2310.51 2352.75 2229.70 2145.43 2147.64 2146.68 2218.90 2248.61 2372.66 2464.70 2555.98 2647.85 2642.25
2635.70 2693.07 2748.96 2804.11 2792.96 2781.35 2769.50 2794.38 2821.44 2839.14 2706.53 2561.53 2409.22 2396.63 2389.11 2355.94 2286.36 2173.03 2035.74 1786.20 1352.78 1461.89 1592.08 1737.70
1862.28 1888.52 1915.87 1940.59 1915.21 1895.52 1881.24 2056.61 2195.54 2301.63 2296.65 2287.96 2282.69 2253.49 2230.53 2215.87 2280.41 2346.42 2411.86 2467.03 2503.02 2520.70 2529.00 2527.39
2522.96 2531.05 2539.20 2547.34 2542.34 2539.06 2533.91 2454.34 2370.46 2258.91 2234.54 2218.03 2210.45 2212.27 2219.90 2233.52 2263.18 2299.89 2340.61 2373.64 2398.69 2414.87 2387.21 2362.73
2340.56 2302.51 2262.17 2220.62 2293.82 2363.78 2428.12 2425.80 2406.96 2393.42 2357.71 2328.78 2288.05 2279.31 2273.16 2269.71 2339.31 2411.82 2485.24 2509.66 2530.73 2548.45 2526.82 2510.48
2499.89 2349.60 2209.63 2052.23 1476.53 1418.82 1600.59 1499.46 1447.56 1451.91 1284.72 1709.13 1839.31 2006.55 2091.41 2193.69 2337.99 2474.26 2599.00 2537.29 2453.72 2360.28 2296.55 2238.88
2197.39 2229.48 2264.44 2301.80 2345.61 2386.64 2427.41 2467.64 2548.81 2637.65 2598.42 2565.19 2541.18 2560.35 2583.71 2611.51 2580.99 2544.26 2500.75 2408.78 2289.18 2141.15 2111.05 2083.02
2060.37 1988.68 1909.20 1820.56 1853.09 1883.75 1911.60 1719.16 1519.19 1420.01 1446.67 1440.96 1642.21 1672.12 1760.18 1800.74 1908.91 1951.70 1995.97 2085.75 2141.96 2195.76 2191.19 2187.01
2183.08 2173.79 2168.28 2166.20 2177.29 2189.24 2197.78 2310.78 2367.90 2369.30 2370.39 2374.96 2383.32 2354.45 2329.25 2309.69 2327.83 2352.89 2383.56 2393.05 2383.66 2369.52 2390.40 2413.39
2408.24 2394.38 2380.40 2366.78 2333.01 2300.16 2264.79 2295.33 2295.96 2272.36 2243.77 2221.67 2209.17 2180.26 2156.53 2140.86 2206.66 2274.42 2341.52 2408.72 2456.24 2438.31 2442.44 2446.97
2446.88 2422.51 2398.28 2373.78 2321.13 2267.28 2209.27 2289.20 2345.17 2391.06 2419.93 2447.84 2476.32 2392.14 2300.52 2186.25 2178.31 2175.51 2177.03 2253.78 2224.98 2161.19 2176.07 2191.01
2204.59 2219.15 2243.36 2264.50 2224.67 2184.89 2143.34 2190.62 2239.12 2263.38 2244.45 2228.46 2207.01 2219.50 2236.47 2258.46 2252.46 2248.21 2244.26 2159.27 2075.55 2022.43 2038.41 2054.35
2070.77 1976.69 1951.53 2012.26 1963.13 2030.93 2167.54 2204.26 2250.48 2227.50 2133.12 2044.96 1966.79 1911.15 1854.91 1815.89 1841.65 1876.04 1917.63 1798.30 1609.86 1319.50 1547.16 1724.05
1829.16 1819.25 1767.74 1712.36 1764.86 1813.73 1844.34 1837.19 1849.51 1844.86 1599.26 1518.92 1680.53 1677.34 1695.97 1675.14 1712.66 1762.22 1820.80 1839.37 1878.81 1936.51 1901.59 1864.85
1827.39 1815.87 1803.93 1792.33 1842.82 1892.32 1934.99 2059.69 2149.38 2190.69 2182.03 2155.45 2133.77 2136.12 2143.64 2157.49 2198.02 2242.53 2288.95 2339.47 2344.78 2333.22 2328.99 2324.81
2320.33 2304.86 2285.80 2231.54 2261.92 2253.41 2243.46 2261.94 2262.22 2243.72 2180.79 2126.11 2083.53 2093.57 2108.93 2130.25 2178.88 2229.40 2279.69 2350.60 2386.78 2392.32 2376.63 2361.53
2347.05 2316.50 2286.91 2259.51 2266.61 2276.79 2286.93 2284.75 2230.37 2172.75 2153.35 2139.42 2135.95 2111.50 2092.61 2081.31 2180.42 2277.11 2371.26 2407.46 2437.27 2459.05 2478.30 2489.45
2501.86 2485.64 2450.33 2414.89 2423.10 2432.64 2438.67 2420.59 2387.28 2352.82 2319.23 2291.01 2270.57 2297.82 2329.11 2364.91 2401.54 2439.41 2475.86 2503.49 2501.40 2495.59 2477.24 2458.67
2440.74 2452.64 2465.39 2446.33 2443.06 2440.88 2435.47 2385.15 2316.73 2242.13 2243.51 2248.45 2263.49 2257.11 2257.83 2262.99 2329.38 2397.02 2463.31 2503.06 2497.56 2450.33 2424.24 2402.58
2386.70 2383.23 2380.17 2376.68 2357.74 2338.88 2312.42 2150.91 2067.55 2096.11 2115.36 2153.32 2213.34 2229.29 2259.76 2304.20 2300.84 2301.94 2294.87 2236.46 2157.23 2062.41 2086.30 2085.67
2088.87 2108.96 2133.19 2162.71 2196.16 2231.32 2260.93 2250.12 2213.16 2180.61 2190.08 2206.05 2209.95 2133.12 2059.02 1982.80 2017.35 2081.32 2166.56 2126.46 2068.57 1992.38 1944.07 1891.78
1834.34 1674.74 1465.99 1193.30 1421.25 1754.16 1974.55 1925.34 1848.05 1778.96 1732.00 1653.45 1594.12 1578.16 1567.78 1336.74 1233.29 1154.01 1202.13 1302.85 1324.93 1311.90 1390.85 1467.31
1542.06 1683.10 1807.96 1919.28 1962.32 2016.54 2070.62 2135.48 2200.58 2233.69 2123.54 2012.59 1902.19 1874.93 1856.60 1850.43 1873.33 1911.45 1926.60 1968.94 2005.06 2023.50 2017.73 2016.50
2017.68 2034.99 2051.74 2068.06 2072.48 1975.21 1783.82 1878.53 1958.76 1988.98 1952.19 1918.42 1897.47 1986.76 2075.43 2167.84 2164.22 2160.94 2155.88 2219.06 2247.74 2272.78 2237.10 2202.48
2168.61 2176.96 2190.68 2207.79 2218.11 2228.18 2233.56 2271.69 2232.93 2179.80 2209.28 2240.46 2276.51 2280.25 2284.60 2294.04 2248.27 2199.86 2146.80 2208.30 2275.98 2353.95 2321.12 2297.91
2264.11 2282.27 2345.11 2422.70 2389.30 2346.32 2304.54 2343.36 2361.03 2337.27 2300.95 2256.58 2226.31 2199.11 2181.81 2192.14 2215.16 2240.32 2266.74 2373.17 2480.08 2574.80 2515.72 2451.28
2387.32 2330.12 2271.02 2209.52 2109.70 1997.33 1860.02 1841.57 1813.85 1787.29 1736.04 1698.15 1678.21 1798.13 1913.65 2009.91 2035.21 2063.49 2091.19 2175.12 2262.90 2358.58 2336.90 2352.16
2396.85 2413.79 2433.15 2455.63 2398.44 2338.05 2270.24 2187.84 2112.31 2045.20 1967.08 1952.47 1976.25 1993.62 2014.48 2038.49 2004.58 1974.81 1951.62 1926.24 1886.71 1762.67 1767.40 1711.32
1686.21 1777.36 1863.18 1942.14 1907.42 1900.06 1871.02 1686.98 1432.93 995.42 1196.32 1459.93 1626.89 1757.12 1805.82 1893.35 1711.40 1692.48 1882.72 1855.08 1811.82 1675.71 1797.77 1887.60
1944.57 1980.97 2019.18 2056.75 2106.79 2154.48 2194.16 2258.81 2317.81 2363.40 2216.29 2076.77 1959.40 1850.24 1755.77 1699.58 1634.29 1602.21 1626.93 1714.94 1775.81 1833.54 1876.53 1885.67
1876.00 1924.37 1969.89 2015.28 2069.10 2122.40 2168.06 2178.43 2188.96 2189.15 2152.69 2124.27 2105.49 2092.85 2092.47 2105.62 2082.40 2058.71 2031.21 2067.23 2070.38 2022.70 1995.30 1968.43
1940.98 1938.74 1902.74 1854.97 1940.35 2001.45 2045.44 2067.21 2085.99 2064.38 2066.61 2033.29 2010.74 2080.92 2135.44 2176.25 2204.58 2232.44 2227.71 2219.92 2188.50 2150.61 2115.62 2079.20
2040.89 2012.17 1985.37 1962.18 1944.64 1911.84 1928.83 1990.41 2048.04 2066.41 2017.12 1987.17 1977.05 1999.44 1971.88 1951.23 2015.36 2079.17 2071.97 2075.20 2062.60 2029.46 2017.15 2005.08
1994.75 1921.88 1841.61 1749.48 1787.03 1861.13 1872.52 1900.90 1933.82 1944.21 1994.28 2041.31 2104.98 2129.08 2157.86 2188.92 2208.84 2231.23 2254.48 2277.58 2293.55 2282.09 2244.76 2209.70
2178.35 2162.73 2147.32 2130.73 2152.78 2175.80 2193.93 2247.93 2210.12 2152.14 2127.71 2108.90 2102.60 2125.32 2153.11 2188.37 2257.28 2326.39 2395.29 2431.47 2462.75 2488.22 2487.18 2476.43
2462.08 2454.66 2447.69 2441.06 2446.48 2425.55 2398.50 2359.65 2306.77 2249.05 2250.99 2255.03 2265.89 2273.45 2287.66 2309.12 2317.55 2327.32 2337.23 2386.83 2427.98 2463.95 2403.48 2342.64
2281.40 2268.84 2256.32 2242.82 2165.01 2083.22 1989.35 1967.37 1947.06 1925.46 1887.88 1861.43 1847.62 1857.62 1874.46 1901.58 1982.23 2076.97 2178.49 2225.96 2266.83 2309.20 2315.92 2308.36
2304.61 2306.56 2309.10 2312.13 2330.90 2311.67 2288.02 2321.38 2336.47 2340.45 2301.84 2264.08 2232.04 2273.87 2321.19 2374.40 2391.23 2410.16 2427.46 2511.18 2584.54 2645.68 2655.67 2669.80
2687.44 2706.96 2725.02 2741.28 2716.05 2690.59 2657.99 2624.50 2572.21 2516.70 2412.03 2312.11 2222.67 2240.67 2267.19 2302.73 2269.19 2232.80 2188.66 2271.08 2341.64 2360.67 2391.06 2420.74
2450.34 2461.93 2473.97 2486.21 2476.51 2467.98 2454.40 2461.14 2446.31 2390.32 2352.54 2320.23 2295.34 2326.17 2362.48 2404.65 2414.51 2425.19 2434.62 2520.74 2581.34 2592.24 2600.90 2611.65
2625.05 2619.39 2614.98 2582.84 2535.61 2486.89 2430.35 2389.89 2331.22 2269.57 2238.39 2213.40 2193.73 2203.83 2220.83 2245.23 2314.81 2386.58 2457.37 2468.69 2464.45 2451.21 2424.09 2397.20
2370.22 2378.52 2385.86 2394.93 2403.45 2413.79 2418.66 2391.33 2339.40 2283.08 2247.62 2170.73 2106.16 2119.92 2141.61 2171.66 2208.86 2247.16 2285.48 2326.99 2353.36 2357.94 2357.56 2361.27
2368.05 2364.91 2361.24 2357.77 2311.21 2263.83 2207.85 2189.74 2132.33 2074.60 2073.71 2076.10 2086.43 2071.07 2060.12 2053.91 2105.92 2160.28 2214.67 2276.22 2294.16 2281.44 2296.60 2313.32
2332.63 2343.69 2355.86 2369.06 2329.42 2289.54 2239.33 2182.47 2099.96 2007.75 1979.94 1955.90 1935.63 1951.42 1974.29 2006.69 2068.46 2131.69 2194.37 2273.23 2299.83 2294.05 2311.39 2330.58
2353.22 2354.17 2355.74 2357.06 2304.50 2253.71 2197.08 2214.66 2215.18 2155.00 2122.59 2098.81 2094.73 2074.05 2060.26 2058.24 2124.50 2192.10 2258.12 2348.76 2431.69 2459.12 2452.56 2448.96
2440.73 2428.38 2417.87 2410.05 2400.36 2385.85 2364.25 2346.04 2283.09 2222.08 2192.28 2166.43 2139.89 2115.68 2105.40 2110.33 2230.07 2345.68 2392.18 2443.75 2485.61 2486.47 2484.18 2463.74
2446.93 2434.90 2422.03 2409.67 2428.18 2446.78 2410.01 2384.53 2338.17 2286.16 2264.87 2246.84 2237.15 2221.31 2210.42 2207.83 2195.77 2185.27 2172.80 2224.29 2265.66 2272.43 2276.46 2264.06
2250.86 2221.57 2191.58 2160.45 2154.38 2148.81 2133.79 2083.32 2016.81 1949.94 1941.12 1936.64 1955.91 1989.25 2026.18 2069.41 1974.11 1860.69 1715.47 1729.21 1743.81 1760.08 1796.96 1837.30
1880.79 1861.02 1848.42 1840.75 1820.76 1834.51 1869.15 1846.22 1802.71 1759.00 1721.34 1692.06 1680.66 1682.77 1698.44 1693.39 1745.15 1773.25 1802.86 1862.73 1919.98 1983.85 1952.12 1923.89
1899.39 1834.08 1762.72 1684.49 1634.89 1549.61 1452.98 1443.06 1419.15 1386.72 1504.47 1524.12 1580.90 1737.11 1759.31 1794.12 1815.46 1842.14 1874.54 1947.75 2009.16 2056.75 2007.73 1955.94
1901.35 1827.34 1750.02 1675.07 1616.18 1464.42 1009.16 1243.50 1354.40 1218.99 1449.19 1568.64 1615.07 1673.27 1732.37 1798.24 1797.50 1800.49 1809.57 1938.45 2054.09 2069.09 2049.27 2032.46
1977.09 1905.37 1824.10 1700.32 1541.14 1489.46 1520.02 1572.02 1604.05 1610.82 1695.38 1777.80 1813.74 1867.67 1861.28 1859.83 1900.57 1953.62 2017.75 2072.16 2107.92 2103.96 2078.61 2053.36
2028.40 1989.52 1949.04 1906.49 1902.83 1845.28 1769.93 1822.27 1879.69 1924.13 1968.94 2027.34 2094.27 2071.33 2048.74 2039.92 2077.83 2117.66 2157.38 2180.03 2172.18 2135.96 2134.46 2133.05
2132.18 2207.26 2269.68 2323.65 2288.16 2265.52 2257.36 2285.34 2322.09 2323.03 2258.57 2210.81 2174.57 2221.93 2270.99 2311.79 2263.95 2292.31 2353.82 2290.22 2212.93 2130.53 2092.85 2060.71
1996.93 1980.93 1969.59 1963.13 1959.09 1911.22 1874.84 1746.84 1233.33 1401.64 1510.37 1634.28 1698.04 1782.36 1826.13 1876.77 1951.67 2028.35 2105.25 1998.76 1851.13 1650.06 1787.01 1901.75
2001.57 1934.31 1908.08 1928.96 1930.32 1942.53 1957.50 1952.13 1940.39 1905.69 1815.36 1699.85 1587.11 1557.15 1536.87 1538.33 1641.30 1690.14 1747.97 1769.69 1685.71 1650.19 1576.90 1517.21
1497.46 1490.24 1492.22 1505.92 1556.06 1607.37 1647.50 1666.52 1683.91 1681.93 1599.77 1548.60 1450.62 1436.98 1461.70 1491.67 1418.04 1307.04 1204.91 1093.04 1336.46 1587.97 1647.10 1678.46
1734.36 1707.96 1696.96 1691.31 1475.37 1285.61 1146.01 1330.77 1415.21 1300.65 1305.11 1348.13 1405.51 1470.78 1450.48 1441.38 1471.46 1528.05 1602.75 1595.26 1607.08 1652.84 1437.55 1248.82
1434.83 1559.95 1686.89 1802.82 1912.86 1959.64 1985.68 2054.09 2116.84 2165.73 2110.46 2059.54 2011.06 1953.20 1897.48 1860.02 1865.28 1875.36 1890.80 2011.64 2112.12 2183.90 2171.56 2149.20
2139.41 2160.66 2190.77 2227.67 2226.00 2227.56 2225.51 2180.26 2133.99 2091.68 2017.36 1956.00 1933.06 1797.96 1638.55 1438.93 1467.91 1483.28 1347.00 1522.33 1699.97 1850.37 1838.98 1764.89
1703.77 1772.43 1835.23 1894.53 1869.57 1846.32 1817.43 1749.25 1688.26 1625.78 1599.74 1582.12 1578.43 1570.83 1586.14 1632.92 1613.91 1616.37 1639.76 1577.64 1483.58 1353.40 1193.49 1145.79
1249.00 1116.67 1088.03 1212.16 1436.85 1597.95 1688.34 1642.40 1598.28 1541.19 1319.51 1020.43 884.57 964.86 1157.23 1288.39 1427.04 1531.55 1628.71 1683.30 1721.77 1753.33 1918.72 1968.56
1961.50 1983.51 2010.99 2044.17 2009.78 1974.89 1928.25 1945.55 1961.21 1912.95 1919.88 1931.51 1948.49 1950.63 1958.26 1975.68 2037.06 2101.45 2167.84 2220.94 2253.35 2284.41 2320.21 2320.89
2325.98 2337.21 2352.60 2370.55 2382.00 2392.93 2396.12 2398.87 2354.03 2288.35 2283.98 2285.36 2266.98 2265.34 2270.93 2279.25 2316.47 2356.41 2397.96 2425.21 2439.47 2453.32 2473.13 2490.30
2501.62 2480.15 2447.96 2417.87 2394.73 2371.40 2340.39 2335.20 2321.77 2303.53 2259.71 2219.82 2186.20 2199.50 2214.14 2223.80 2200.84 2189.97 2197.60 2217.43 2231.59 2197.53 2125.64 2055.82
2074.87 2144.74 2183.84 2230.25 2185.06 2137.75 2080.50 1990.18 1878.96 1766.55 1571.06 1335.44 1161.37 1191.45 1227.55 1237.42 1323.66 1430.43 1540.67 1618.85 1745.20 1871.05 1834.31 1808.65
1796.36 1756.36 1724.83 1704.36 1678.54 1650.22 1610.95 1555.73 1515.14 1483.98 1530.38 1576.10 1609.70 1734.82 1847.82 1951.67 1945.03 1947.70 1962.43 2009.92 2047.20 2067.29 2072.27 2073.53
2056.99 2041.11 2024.81 2008.70 2008.16 2007.88 1997.15 2019.57 2028.05 2019.69 2002.70 1991.87 1982.87 2012.66 2045.73 2085.43 2117.63 2152.25 2188.03 2252.57 2307.65 2344.46 2353.60 2355.39
2347.24 2273.06 2155.00 2021.17 2122.24 2215.43 2292.05 2244.35 2180.46 2105.16 2119.01 2136.33 2158.43 2135.03 2115.06 2100.53 2123.57 2151.26 2181.95 2211.89 2231.24 2226.37 2245.42 2264.17
2282.14 2279.18 2275.68 2272.95 2267.96 2265.08 2256.54 2258.34 2186.73 2107.47 2123.17 2142.08 2164.23 2149.84 2137.75 2130.17 2110.04 2099.09 2096.67 2144.37 2184.73 2213.55 2255.59 2297.04
2336.47 2340.55 2348.28 2360.20 2344.50 2300.87 2241.41 2287.24 2282.62 2261.44 2187.45 2116.85 2052.04 2036.43 2024.99 2016.05 2056.24 2099.45 2142.03 2217.10 2278.75 2324.40 2371.00 2398.80
2407.59 2408.70 2374.96 2331.16 2361.87 2391.91 2386.29 2384.80 2343.43 2289.08 2231.85 2177.97 2124.81 2143.90 2167.23 2193.95 2229.11 2266.78 2305.70 2337.67 2363.02 2373.15 2391.29 2393.97
2391.35 2341.23 2291.41 2225.31 1871.80 1843.25 1802.16 1887.77 2097.96 2292.63 2324.92 2387.13 2451.72 2389.11 2307.23 2247.76 2124.88 1994.54 1869.08 1908.56 1964.42 1967.56 1896.12 1797.95
1812.64 1617.34 1448.39 1536.31 1568.26 1622.46 1681.39 1483.45 1329.05 1404.31 1452.05 1655.95 1836.11 1676.68 1460.14 1072.06 1284.19 1448.63 1580.28 1820.17 1997.22 2085.41 2102.66 2124.70
2149.08 2145.78 2145.23 2148.17 2145.82 2143.84 2136.39 2163.03 2114.05 2048.54 2044.79 2047.20 2046.47 2031.83 2021.24 2009.66 2004.04 2007.60 2020.96 2051.69 2065.42 2076.62 2046.37 2015.38
1986.04 1968.42 1951.60 1912.71 1859.54 1802.89 1735.25 1741.47 1723.25 1684.70 1750.75 1812.87 1850.79 1836.51 1826.92 1827.53 1805.65 1786.95 1768.93 1838.65 1902.08 1959.33 1947.88 1936.87
1928.16 1898.27 1879.03 1874.04 1764.64 1641.95 1508.33 1467.65 1432.35 1316.11 1477.29 1553.92 1620.84 1685.88 1650.03 1629.71 1629.54 1632.74 1637.79 1734.74 1816.75 1881.54 1904.30 1926.72
1948.49 1847.83 1754.75 1695.29 1635.57 1611.48 1623.60 1537.68 1449.62 1333.06 980.55 1500.58 1778.46 1677.71 1589.39 1552.76 1595.58 1645.61 1695.52 1699.11 1690.02 1684.69 1728.02 1809.03
1860.66 1785.21 1666.55 1580.28 1552.40 1472.20 1505.95 1526.95 1554.22 1571.21 1363.22 983.75 1097.03 1523.87 1789.45 1988.89 2010.10 2034.69 2058.88 2099.51 2118.24 2133.35 2192.31 2231.57
2224.12 2155.18 2081.07 2000.39 1973.35 1945.88 1907.94 1950.56 1954.39 1856.14 1781.55 1728.11 1693.02 1765.90 1839.43 1915.41 1985.67 2058.37 2132.93 2177.50 2199.65 2190.35 2161.90 2135.66
2111.96 2109.01 2115.66 2130.73 2039.02 1939.80 1797.82 1721.65 1641.10 1536.61 1568.17 1647.68 1751.56 1860.94 1964.93 2064.58 2134.36 2204.12 2248.05 2195.53 2129.75 2056.86 2066.86 2078.99
2094.42 2069.07 2045.63 2022.22 2008.04 2000.95 1992.30 2019.90 2013.11 1967.69 1953.13 1942.82 1921.90 1957.39 1995.23 2026.04 2060.50 2097.14 2134.70 2165.14 2194.55 2230.86 2224.27 2193.89
2171.17 2168.51 2165.73 2162.82 2128.46 2095.23 2056.97 2113.28 2144.97 2151.55 2087.42 2026.22 1973.39 1995.24 2021.12 2057.87 2109.96 2163.96 2165.45 2195.24 2214.93 2222.35 2222.36 2223.93
2225.10 2197.98 2170.99 2144.78 2135.73 2126.71 2110.51 2067.30 1994.07 1907.25 1836.21 1768.09 1704.24 1741.15 1790.40 1851.97 1920.87 1993.25 2069.51 2094.90 2068.03 2023.31 2016.98 2012.16
2008.77 1981.86 1959.56 1944.43 1873.43 1796.98 1640.15 1576.57 1431.23 1239.11 1422.15 1551.86 1574.10 1614.63 1661.48 1716.59 1746.88 1786.71 1835.62 1868.29 1891.64 1896.72 1949.04 1992.65
2034.08 2003.91 1973.96 1946.84 1819.10 1663.32 1446.11 1555.75 1645.07 1621.73 1614.19 1613.11 1619.31 1666.53 1719.17 1781.63 1814.60 1852.31 1893.82 1926.61 1949.32 1954.31 1985.35 2017.30
2026.86 2008.52 1993.94 1982.14 1901.31 1817.34 1725.50 1792.14 1844.36 1816.79 1775.27 1773.21 1801.50 1843.92 1890.93 1946.91 1959.91 1978.24 1998.17 2050.23 2090.69 2111.76 2124.69 2100.53
2076.44 2091.11 2108.10 2126.95 2072.69 2015.48 1945.86 1968.30 1989.21 1982.46 1956.00 1915.87 1886.82 1898.31 1917.49 1947.62 1996.30 2048.12 2103.91 2124.91 2126.00 2108.54 2099.09 2092.07
2086.15 2049.44 2013.76 1980.10 1928.46 1872.57 1803.41 1787.27 1768.21 1720.67 1644.23 1574.42 1513.41 1628.02 1644.59 1669.25 1759.05 1850.89 1946.05 1918.17 1874.80 1811.89 1795.56 1798.64
1796.20 1820.47 1860.66 1912.27 1933.35 1962.73 1990.64 1985.78 1922.98 1874.62 1772.48 1669.45 1569.43 1477.35 1403.83 1382.43 1257.27 1081.48 895.77 1137.90 1330.78 1474.33 1585.44 1684.01
1775.62 1891.02 1992.82 2081.02 2095.89 2110.76 2120.72 2123.42 2121.58 2084.89 2028.51 1973.06 1904.95 1908.41 1891.22 1884.28 1901.07 1923.30 1951.26 2041.19 2101.48 2157.24 2135.52 2114.23
2090.53 2026.12 1956.81 1882.30 1940.89 2015.17 2091.43 2095.33 2098.05 2077.14 2072.75 2052.86 2015.14 1969.70 1895.58 1821.56 1805.96 1804.63 1818.42 1776.67 1730.19 1700.88 1737.50 1798.53
1870.81 1870.57 1871.40 1875.56 1831.38 1784.79 1729.18 1757.18 1810.26 1850.56 1912.77 1977.34 2013.51 2071.43 2133.01 2199.03 2222.27 2249.78 2279.99 2255.49 2219.09 2164.95 2162.44 2160.33
2158.66 2153.90 2150.38 2146.71 2095.90 2046.40 1997.05 2005.24 2020.88 2032.62 2029.03 2032.00 2018.96 2017.40 2020.76 2023.07 2028.22 2036.09 2048.01 2108.59 2158.95 2192.76 2200.21 2208.04
2217.31 2222.76 2223.41 2216.56 2187.41 2158.78 2124.42 2107.98 2079.60 2032.85 2017.42 2006.31 1998.62 2004.81 2016.76 2037.20 2036.23 2040.14 2049.79 2069.61 2077.62 2065.66 2134.22 2198.39
2179.32 2158.73 2137.65 2117.00 2088.48 2056.99 1961.30 1968.30 1962.09 1937.65 1936.22 1940.24 1950.45 1955.52 1966.28 1986.14 2030.39 2077.57 2128.73 2152.29 2160.22 2149.84 2188.87 2226.34
2225.12 2210.94 2196.38 2181.76 2156.89 2104.93 2042.47 2063.88 2068.91 2056.90 2008.98 1964.40 1922.23 1925.39 1933.94 1955.16 1952.61 1952.29 1953.41 2020.24 2072.91 2105.85 2123.36 2140.97
2158.26 2137.81 2118.28 2099.87 2091.42 2083.69 2068.65 2066.40 2055.72 2022.25 1982.65 1951.59 1924.47 1941.15 1966.02 1999.44 2035.93 2077.93 2125.03 2179.73 2219.18 2240.93 2234.61 2230.53
2228.11 2211.21 2197.06 2157.42 2129.53 2081.68 2018.43 1987.29 1957.13 1903.43 1900.39 1903.88 1907.83 1920.66 1937.94 1962.71 2000.73 2042.25 2089.53 2106.64 2107.90 2094.95 2151.10 2210.60
2271.94 2261.85 2223.92 2179.84 2093.45 2001.29 1895.11 1793.05 1730.08 1612.40 1729.05 1860.73 1982.74 1978.08 1978.80 1982.70 1984.88 1992.55 2004.34 2071.26 2132.95 2102.57 2135.76 2155.32
2160.21 2136.76 2100.15 2055.75 1904.93 1717.12 1455.77 1345.87 1277.27 1229.34 1332.33 1418.34 1483.91 1598.49 1704.14 1809.63 1806.84 1808.31 1810.91 1837.06 1855.31 1863.96 1916.32 1972.68
2028.89 1937.54 1870.98 1851.96 1856.11 1845.18 1868.40 1872.89 1901.92 1867.47 1875.41 1887.83 1898.85 1884.66 1940.07 2045.23 2037.59 2031.52 2024.77 2048.71 2065.54 2031.18 2095.01 2121.10
2147.69 2179.28 2212.08 2243.79 2254.95 2270.91 2287.27 2305.24 2317.79 2254.34 2208.77 2134.06 2049.56 2048.06 2050.77 2060.25 2055.34 2057.13 2066.22 2130.27 2162.07 2185.00 2181.72 2181.29
2168.33 2139.83 2114.19 2092.77 2146.70 2200.14 2199.38 2182.21 2164.55 2113.57 2042.21 1978.46 1920.27 1863.70 1814.31 1778.07 1857.14 1928.81 1960.23 2015.82 2057.22 2075.62 2013.08 1951.04
1890.66 1901.34 1917.45 1938.08 1958.92 1985.09 2009.21 1987.47 1981.23 1948.55 1951.08 1949.83 1972.81 1955.81 1950.50 1957.74 2002.58 2052.55 2110.22 2121.95 2120.43 2094.48 2052.08 2008.21
1962.68 1876.36 1789.36 1710.93 1542.28 1307.58 992.79 1174.22 1366.67 1465.40 1551.52 1662.30 1764.24 1842.49 1919.90 1998.47 1996.84 1998.05 1998.73 2028.58 2049.76 2054.89 2072.68 2086.59
2101.63 2114.57 2128.08 2124.59 2124.39 2106.49 2082.55 2108.10 2074.44 2021.21 1992.74 1966.84 1948.79 1913.16 1880.84 1830.87 1926.06 2023.51 2122.13 2131.62 2129.48 2111.54 2129.75 2147.82
2141.33 2154.39 2167.52 2180.02 2141.42 2102.53 2058.06 2061.55 2064.36 2044.99 1989.05 1924.54 1865.10 1859.90 1860.97 1868.36 1918.34 1973.88 2032.74 2081.21 2119.59 2147.63 2175.01 2195.69
2209.88 2209.92 2189.28 2169.13 2142.21 2118.57 2083.30 2036.59 1974.61 1890.97 1915.82 1928.97 1940.57 1916.69 1907.21 1915.28 1912.91 1910.49 1909.24 1946.68 1984.23 2026.06 2043.87 2064.56
2086.91 2056.18 2032.83 2016.42 1991.28 1946.75 1821.93 1728.96 1629.03 1508.11 1576.99 1643.88 1591.87 1655.73 1726.69 1812.84 1826.54 1842.14 1856.38 1903.97 1938.60 1958.77 1983.11 2007.65
2031.16 1986.48 1945.58 1912.93 1806.62 1691.40 1569.73 1499.73 1422.30 1321.30 1362.79 1512.76 1638.87 1691.62 1746.89 1804.70 1834.86 1868.30 1903.87 1949.48 1985.62 2012.13 2000.43 1991.92
1986.05 1850.25 1695.38 1536.24 1357.63 1198.42 1306.92 1078.61 1099.80 1245.16 1297.07 1343.06 1399.22 1524.34 1643.45 1752.60 1776.75 1813.33 1860.32 1859.44 1844.81 1828.57 1788.19 1740.65
1695.84 1686.14 1682.07 1685.26 1613.00 1540.55 1468.01 1401.52 1333.04 1246.89 1280.54 1397.15 1514.46 1630.94 1735.32 1837.78 1830.03 1825.82 1825.06 1878.18 1920.54 1961.80 1908.91 1854.28
1796.69 1826.04 1855.54 1882.84 1793.17 1702.46 1613.63 1640.67 1665.12 1678.80 1506.97 1286.26 929.53 1113.82 1349.81 1523.60 1606.72 1689.06 1770.44 1814.90 1847.93 1875.07 1937.85 2005.23
2042.06 2039.37 2037.49 2035.47 1964.60 1892.20 1815.37 1730.93 1624.14 1454.28 1463.84 1557.18 1655.09 1649.48 1648.20 1652.30 1789.57 1912.03 2024.08 2042.83 2050.04 2038.22 2035.66 2034.36
2035.97 2040.96 2006.27 1971.65 1894.78 1809.96 1711.59 1641.29 1570.73 1471.00 1508.60 1544.24 1599.97 1669.21 1742.15 1817.39 1866.06 1916.67 1969.75 2004.75 2031.09 2058.84 2074.54 2092.53
2113.35 2109.33 2099.17 2092.50 2031.17 1964.99 1889.49 1872.73 1853.59 1817.23 1830.84 1828.91 1826.03 1847.12 1873.05 1905.10 1948.31 1995.18 2047.31 2039.84 2023.04 2006.43 2102.65 2189.54
2240.55 2239.28 2239.20 2239.49 2196.23 2151.57 2100.54 2077.95 2032.94 1947.04 1941.18 1936.06 1936.09 1928.56 1926.66 1928.42 1934.23 1951.82 1983.59 2052.76 2110.14 2165.91 2206.35 2245.44
2264.47 2223.70 2183.49 2143.88 2111.45 2077.41 2039.07 2080.25 2030.52 1939.71 1908.68 1880.70 1857.15 1836.42 1825.15 1827.19 1902.48 1978.88 2059.92 2080.77 2088.31 2092.45 2111.72 2131.04
2151.19 2130.71 2112.54 2095.74 2092.48 2090.06 2044.84 2032.26 1963.20 1875.92 1864.05 1857.93 1844.54 1810.38 1780.42 1758.50 1796.23 1840.70 1893.01 1972.48 2039.78 2107.96 2105.01 2111.10
2128.05 2114.72 2104.21 2097.03 2068.96 2006.77 1940.43 1954.44 1944.78 1887.42 1848.22 1814.35 1789.63 1834.61 1882.79 1937.23 1959.39 1983.73 2010.57 2043.26 2063.61 2084.18 2078.31 2068.78
2062.38 2095.39 2133.58 2125.68 2052.44 1973.28 1883.91 1926.75 1936.12 1868.84 1831.85 1812.20 1811.24 1810.03 1820.09 1840.65 1890.86 1944.72 2004.97 2046.10 2075.48 2104.71 2114.27 2117.12
2121.63 2107.93 2078.67 2036.30 1961.03 1877.63 1781.56 1756.76 1718.22 1632.46 1584.51 1565.80 1545.47 1701.84 1801.23 1897.81 1936.82 1981.24 2030.53 2043.22 2043.19 2043.41 2034.49 2030.04
2027.97 1969.75 1900.56 1824.09 1758.60 1692.25 1626.35 1664.51 1644.84 1548.81 1405.59 1305.26 1300.27 1533.18 1679.15 1795.59 1835.96 1886.05 1911.45 1809.33 1647.04 1383.97 1379.05 1383.94
1394.65 1263.72 1376.61 1556.84 1589.69 1554.78 1569.17 1620.50 1608.76 1481.54 1408.64 1151.02 918.33 1105.55 1172.45 1355.65 1491.53 1626.47 1750.77 1789.69 1817.55 1848.64 1853.75 1896.18
1961.54 1955.10 1971.38 2014.19 1945.32 1876.75 1811.44 1679.66 1517.49 1311.99 1011.76 1309.57 1554.45 1657.11 1756.79 1853.33 1910.90 1969.27 2032.02 2094.46 2147.46 2183.24 2170.61 2158.07
2145.04 2147.88 2151.62 2155.01 2107.31 2063.77 2025.39 1990.97 1938.29 1866.38 1871.84 1878.27 1894.77 1894.26 1898.89 1903.90 1958.61 2019.24 2084.80 2113.63 2131.24 2144.44 2178.77 2207.12
2221.00 2221.55 2222.64 2222.34 2211.04 2197.00 2181.59 2178.15 2136.43 2082.04 2056.71 2034.88 2021.62 2003.10 1991.98 1988.36 1969.13 1951.54 1938.90 2011.74 2072.48 2118.76 2113.23 2120.49
2103.19 2093.90 2086.31 2079.11 2043.03 2005.56 1964.03 2032.15 2068.71 2036.70 2006.88 1981.17 1955.62 1899.30 1848.95 1806.88 1830.65 1857.99 1889.91 1943.50 1989.17 2007.54 1984.45 1964.06
1945.29 1904.63 1863.20 1821.38 1764.64 1704.84 1577.04 1519.36 1465.83 1402.26 1446.68 1492.17 1550.82 1526.61 1514.65 1515.24 1626.54 1728.56 1823.01 1902.30 1965.37 2017.68 2028.38 2024.84
1996.06 2011.18 2027.74 2038.68 2006.84 1983.48 1969.66 1908.76 1843.91 1757.54 1747.61 1763.68 1796.57 1779.38 1767.10 1748.34 1798.75 1853.19 1910.16 2006.50 2075.22 2119.63 2154.63 2187.85
2219.85 2198.10 2178.14 2160.35 2068.92 1962.28 1840.38 1829.53 1827.81 1770.82 1782.49 1751.79 1736.05 1808.71 1880.73 1959.97 2030.21 2102.28 2175.43 2201.74 2204.20 2165.10 2144.28 2117.63
2065.96 2089.30 2080.78 2066.91 2019.76 1970.24 1916.92 1814.22 1659.49 1469.93 1358.58 1403.33 1530.54 1702.97 1849.33 1983.94 2080.29 2173.48 2258.47 2240.04 2209.55 2181.54 2120.26 2100.32
2099.64 1968.49 1815.90 1641.29 1385.18 1517.49 1710.34 1728.35 1681.14 1625.38 1633.53 1596.01 1503.98 1495.50 1608.35 1756.54 1750.79 1764.99 1800.23 1818.31 1825.03 1818.40 1859.62 1908.57
1956.91 1912.60 1866.51 1815.87 1744.20 1675.48 1614.73 1602.16 1593.29 1582.40 1711.53 1821.10 1854.33 1804.10 1684.99 1542.04 1743.39 1912.14 2059.09 2112.00 2129.16 2134.95 2123.60 2112.57
2101.20 2137.02 2171.02 2203.95 2168.81 2121.12 2071.72 2081.67 2090.43 2075.56 2069.48 2068.22 2061.12 2056.98 2056.71 2065.53 2096.89 2133.49 2174.55 2200.64 2214.74 2217.60 2242.75 2267.29
2291.61 2286.12 2282.36 2258.43 2242.80 2226.53 2211.45 2130.11 2010.97 1872.32 1828.26 1802.00 1791.30 1774.54 1761.67 1767.87 1886.81 2001.25 2112.56 2089.67 2053.47 2000.68 2011.72 2027.68
1968.71 1893.39 1699.67 1431.93 1386.81 1452.82 1438.35 1318.01 1170.89 970.04 1110.19 1266.46 1390.87 1345.36 1304.80 1259.76 1290.40 1334.13 1391.97 1479.28 1573.64 1672.14 1606.66 1562.14
1559.54 1326.15 1142.18 1405.11 1218.10 1258.39 1316.79 1291.86 1326.25 1341.48 1423.11 1517.28 1602.80 1653.48 1704.22 1760.09 1828.96 1903.42 1963.94 1954.21 1931.50 1888.14 1904.04 1922.81
1942.60 1947.47 1950.44 1944.93 1832.85 1700.80 1533.42 1487.72 1505.88 1533.86 1614.26 1689.85 1766.10 1767.96 1779.42 1801.89 1797.45 1806.34 1832.17 1912.36 1982.63 1968.17 1980.67 1992.80
2004.82 1902.50 1783.79 1639.88 1492.50 1387.58 1450.62 1512.10 1558.50 1576.75 1525.84 1559.51 1636.84 1707.67 1711.63 1732.36 1781.71 1832.49 1885.57 1846.67 1782.37 1697.42 1643.83 1521.90
1384.39 1253.81 1382.22 1459.06 1718.30 1853.21 1948.78 1971.87 1991.35 1977.61 1926.11 1911.32 1906.53 1876.52 1870.89 1891.63 1917.82 1951.01 1999.52 2010.95 2011.33 1994.85 2009.04 2023.63
1926.11 1848.54 1772.13 1600.11 1671.32 1805.03 1911.63 1977.78 2036.62 2062.50 2052.19 2056.09 2074.58 2051.31 2034.81 2024.60 2009.27 2000.29 2009.10 1988.41 1948.03 1853.35 1846.87 1840.94
1834.46 1848.31 1858.28 1836.75 1809.65 1783.50 1758.95 1800.79 1839.76 1857.10 1926.51 1994.44 2061.16 2069.84 2085.19 2111.55 2130.43 2151.30 2170.40 2150.94 2120.39 2084.45 2055.71 2027.39
2003.02 2024.39 2046.20 2067.78 2037.10 2013.71 1998.18 2064.31 2113.76 2126.50 2094.28 2080.59 2088.53 2118.86 2146.39 2129.30 2113.12 2096.77 2090.78 2086.38 2054.29 1992.55 1944.96 1893.74
1838.63 1793.98 1750.97 1712.26 1547.41 1358.67 1310.94 1429.28 1513.49 1556.96 1466.32 1450.27 1499.70 1643.56 1624.14 1673.55 1711.14 1750.50 1797.40 1791.34 1777.67 1762.24 1803.69 1841.16
1876.29 1813.54 1771.47 1763.39 1610.36 1566.33 1688.21 1639.61 1573.06 1502.63 985.13 1230.40 1307.96 1555.59 1720.53 1812.01 1834.22 1855.69 1884.28 1890.69 1894.91 1871.14 1876.64 1887.48
1904.85 1863.45 1820.19 1773.47 1689.79 1541.99 1396.60 1357.76 1325.08 1281.05 1050.38 1309.33 1511.30 1589.48 1664.18 1743.32 1795.72 1848.68 1911.23 1974.44 2026.73 2002.74 1971.02 1939.03
1906.22 1865.40 1826.27 1791.27 1684.25 1559.95 1413.45 1466.39 1512.63 1522.33 1697.39 1727.40 1759.80 1747.13 1738.43 1740.09 1811.45 1882.10 1960.40 1976.27 1981.33 1959.49 2022.36 2033.21
2044.59 2020.00 1995.33 1968.37 1871.74 1763.46 1635.86 1691.10 1736.69 1766.78 1874.99 1874.61 1871.19 1926.10 1985.37 2048.40 2044.24 2038.36 2038.98 2087.29 2108.86 2034.78 2016.68 1999.13
1982.51 1992.44 2003.41 2016.03 2018.25 2021.95 2027.74 2034.12 2020.20 1977.80 2005.38 2032.95 2073.90 2050.52 2030.11 2013.88 2000.10 1992.61 1998.55 2069.58 2123.17 2175.21 2172.02 2175.92
2186.21 2169.23 2153.61 2139.14 2075.25 2006.61 1933.41 1908.07 1893.33 1843.23 1888.41 1906.45 1945.32 2000.51 2070.35 2153.31 2084.95 2000.78 1898.25 1897.54 1902.97 1912.79 1970.52 2026.35
2080.37 2104.58 2128.00 2150.65 2128.92 2108.80 2089.95 2060.73 2029.50 1986.54 1949.39 1917.79 1911.35 1962.38 2013.54 2070.60 2099.23 2129.08 2159.86 2128.76 2072.84 2011.01 1992.51 1977.90
1966.53 1934.55 1901.19 1864.69 1824.46 1799.33 1792.73 1797.44 1863.30 1936.66 1950.43 1968.13 1996.23 2026.30 2018.57 2009.88 1954.80 1899.43 1849.93 1801.47 1753.04 1732.07 1666.15 1594.61
1519.56 1346.86 1167.04 1266.10 1442.10 1681.41 1857.72 1809.85 1775.07 1734.19 1725.97 1744.07 1783.00 1846.13 1926.67 2018.13 2040.27 2061.32 2088.30 2113.20 2074.16 1987.18 1973.71 1960.86
1946.86 1920.03 1899.45 1887.97 1782.77 1799.57 1926.50 1975.90 2027.28 2066.35 2035.99 2039.65 2071.23 2102.00 2097.68 2090.80 2068.40 2047.75 2038.04 2033.71 2021.63 1965.28 1931.70 1899.95
1867.88 1814.35 1782.72 1781.52 1882.56 1993.55 2102.52 2169.27 2227.81 2250.91 2222.31 2220.32 2249.78 2284.05 2320.88 2340.19 2325.16 2296.13 2268.04 2263.64 2250.74 2245.26 2159.43 2066.16
1966.28 1865.75 1747.50 1611.14 1391.85 1036.34 1271.39 1220.82 1367.17 1507.22 1644.37 1763.64 1874.63 1963.03 2048.39 2110.49 2050.74 1991.13 1934.42 2081.83 2144.33 2148.92 2177.66 2207.82
2190.76 2215.81 2210.99 2199.64 2252.45 2281.16 2300.50 2254.26 2209.25 2169.32 2147.75 2132.89 2109.50 2096.66 2099.30 2124.92 2156.04 2183.95 2202.30 2222.73 2248.97 2281.64 2318.94 2363.25
2410.40 2408.23 2411.16 2418.50 2365.65 2310.46 2254.26 2275.58 2270.13 2176.72 2111.26 2036.68 1959.31 1941.72 1941.30 1951.90 2080.80 2133.08 2169.16 2227.72 2282.70 2337.78 2331.73 2326.96
2324.12 2293.09 2246.34 2197.32 2161.89 2125.63 2087.41 2145.92 2196.06 2231.70 2203.15 2178.10 2176.88 2193.13 2214.45 2239.55 2287.52 2328.90 2370.19 2374.37 2378.05 2380.70 2361.03 2340.20
2318.12 2287.81 2258.17 2230.09 2221.59 2213.08 2204.60 2197.67 2187.98 2170.28 2132.81 2100.38 2065.42 2099.52 2136.95 2175.97 2208.77 2241.15 2266.80 2265.84 2267.46 2271.87 2249.38 2234.29
2226.99 2202.22 2178.74 2153.95 2139.89 2123.62 2109.47 2148.98 2142.17 2103.66 2073.89 2052.49 2049.10 2050.17 2054.01 2057.52 2076.48 2096.98 2115.82 2139.01 2135.96 2122.37 2123.07 2123.38
2124.08 2112.73 2107.47 2107.45 2017.47 1915.73 1797.36 1788.64 1777.54 1764.35 1809.20 1799.40 1800.83 1853.45 1910.23 1973.63 2049.39 2114.95 2139.55 2095.36 2050.44 2009.51 1984.01 1957.58
1930.90 1945.01 1958.08 1970.82 1936.29 1906.05 1879.83 1851.27 1818.27 1776.36 1849.90 1912.86 1975.12 2032.37 2023.08 2019.73 2029.69 2038.91 2052.60 2059.30 2033.42 1977.20 1993.87 2010.51
2026.55 2052.13 2059.15 2048.95 2041.17 2033.18 2024.78 2029.24 2028.62 2016.22 1995.28 1984.99 1989.05 2007.39 2029.91 2056.62 2091.59 2126.99 2167.57 2160.36 2144.72 2099.18 2099.33 2089.11
2070.75 2030.22 1989.35 1937.36 1810.18 1640.71 1408.25 1338.01 1368.59 1440.32 1594.42 1709.48 1808.89 1850.12 1897.85 1956.81 2015.27 2039.61 2047.27 2083.44 2112.91 2143.12 2144.19 2146.81
2149.94 2170.91 2191.17 2174.39 2136.47 2099.45 2063.19 2027.20 1988.41 1948.42 1901.90 1864.22 1841.42 1925.38 2009.29 2092.63 2134.17 2173.44 2212.16 2250.79 2288.60 2304.71 2319.80 2336.25
2354.08 2322.16 2277.27 2229.96 2193.63 2161.33 2134.15 2096.65 2059.26 2023.25 2087.22 2147.02 2206.32 2195.46 2186.95 2168.46 2170.56 2177.85 2185.59 2240.57 2294.92 2348.66 2342.87 2340.33
2340.73 2337.48 2334.79 2329.33 2308.11 2287.21 2266.30 2241.81 2210.89 2172.75 2190.00 2139.49 2095.37 2183.10 2275.60 2367.13 2350.48 2331.93 2301.12 2319.52 2333.65 2347.70 2347.63 2349.87
2354.06 2317.25 2280.10 2241.22 2222.97 2204.88 2186.20 2194.84 2194.80 2176.96 2180.62 2187.13 2190.28 2164.50 2140.65 2118.53 2152.32 2160.99 2127.55 2124.92 2128.64 2142.95 2150.10 2158.05
2165.85 2141.58 2135.04 2144.56 2152.79 2161.01 2135.32 2149.06 2159.27 2132.67 2102.66 2071.31 2052.77 2108.55 2167.49 2226.47 2230.64 2234.63 2220.82 2233.23 2245.47 2255.78 2259.38 2265.75
2274.38 2218.87 2167.13 2122.54 2023.77 1919.57 1819.99 1808.26 1825.61 1854.01 1905.96 1960.19 2015.58 2086.22 2111.34 2140.53 2121.65 2097.78 2072.81 2105.21 2141.12 2165.55 2128.25 2090.01
2051.33 2001.88 1949.93 1896.96 1835.07 1801.10 1807.17 1892.98 1973.03 2035.66 2044.79 2068.51 2092.15 2077.37 2073.45 2056.73 2059.42 2028.59 1993.59 1974.41 1960.10 1957.45 1906.53 1854.22
1802.60 1768.23 1731.90 1693.22 1626.21 1577.49 1563.44 1648.88 1716.12 1760.02 1767.19 1773.06 1773.03 1757.93 1766.11 1797.37 1792.81 1784.28 1779.93 1757.81 1726.65 1653.72 1492.23 1309.56
1293.24 1324.00 1354.23 1381.75 1242.68 1351.75 1526.81 1629.38 1713.96 1772.23 1580.71 1538.01 1496.00 1524.22 1603.39 1712.58 1731.59 1748.88 1766.08 1856.69 1933.97 2007.57 2009.46 1995.54
1977.59 1943.92 1910.95 1878.83 1790.46 1704.59 1636.90 1641.98 1646.95 1646.12 1781.73 1794.74 1800.60 1823.76 1860.67 1912.18 1970.35 2030.43 2095.90 2098.13 2096.01 2094.48 2056.51 2017.89
1979.07 1848.19 1695.70 1527.20 1582.31 1418.84 1669.49 1823.52 1944.63 2033.62 2064.48 2101.45 2081.21 2085.25 2077.63 2055.79 2079.34 2103.22 2089.48 2149.09 2186.14 2229.01 2264.98 2300.79
2305.78 2264.51 2220.31 2173.81 2207.71 2247.01 2290.21 2242.94 2192.30 2141.90 2048.43 1953.93 1851.02 1748.67 1647.27 1568.23 1639.31 1708.96 1766.06 1791.27 1822.98 1860.25 1898.92 1934.94
1970.36 1982.44 1969.70 1975.56 1941.19 1905.80 1865.95 1909.05 1882.44 1875.57 1979.68 2029.64 2069.57 2100.67 2135.04 2167.05 2220.13 2273.29 2321.65 2336.04 2350.70 2364.43 2392.75 2423.49
2453.48 2432.89 2411.68 2394.18 2384.00 2373.60 2346.15 2346.95 2324.20 2285.80 2240.57 2202.31 2170.33 2170.28 2177.97 2191.18 2241.97 2291.91 2336.06 2319.11 2301.22 2282.68 2302.68 2329.52
2342.93 2324.43 2289.81 2259.64 2189.88 2115.11 2037.62 1754.66 1501.77 1601.20 1969.80 2300.28 2564.53 2671.76 2779.87 2818.68 2824.96 2831.20 2836.49 2875.03 2915.12 2955.24 2920.99 2882.21
2844.63 2836.86 2829.38 2822.38 2831.58 2833.51 2835.51 2776.18 2712.29 2644.93 2560.27 2474.13 2378.26 2373.81 2374.23 2374.42 2336.13 2293.06 2248.33 2210.76 2172.60 2133.86 2137.89 2100.20
2062.84 1990.49 1913.94 1832.73 1954.51 2064.26 2162.39 2152.52 2144.19 2138.95 2099.69 2070.30 2047.06 1969.66 1915.09 1891.88 1973.93 1993.50 2001.43 2078.38 2131.16 2134.14 2107.32 2079.19
2049.82 1981.09 1906.59 1824.69 1735.43 1671.69 1661.02 1515.88 1427.26 1488.31 1143.99 1154.47 1446.06 1103.72 1078.37 1326.26 1385.92 1739.24 1862.94 1955.42 2046.59 2133.76 2109.84 2093.41
2085.67 2058.48 2040.90 2032.77 2022.32 2013.91 2005.69 1966.63 1925.34 1871.89 1857.57 1849.48 1845.90 1881.65 1922.49 1965.37 1998.34 2030.12 2057.99 1998.52 1932.68 1863.55 1888.55 1919.88
1957.10 1806.76 1654.15 1574.55 1693.69 1541.19 1586.85 1743.35 1879.58 1835.70 1972.58 2092.85 2190.08 2318.18 2402.10 2436.02 2408.53 2378.77 2313.25 2355.74 2398.53 2439.57 2400.71 2364.22
2330.02 2333.57 2337.69 2337.54 2325.45 2315.28 2307.34 2343.11 2371.41 2376.10 2351.94 2332.76 2319.12 2300.24 2238.81 2177.16 2166.17 2150.47 2135.99 2165.37 2197.21 2232.74 2229.73 2233.58
2245.84 2192.14 2145.75 2109.98 2102.65 2041.88 1985.08 2086.77 2135.72 2204.10 2136.56 2023.11 1916.10 1852.18 1811.79 1803.06 1862.22 1891.32 1788.92 1842.12 1893.14 1941.26 1926.99 1902.79
1878.89 1860.37 1844.01 1828.46 1764.46 1695.17 1620.81 1614.22 1626.79 1652.02 1690.01 1762.58 1843.08 1865.43 1905.57 1960.37 1949.08 1938.69 1930.33 1944.92 1958.05 1973.55 1991.79 2009.34
2026.35 1988.31 1947.97 1904.26 1901.37 1902.72 1908.68 1882.98 1838.38 1788.12 1864.20 1943.81 2017.41 2071.51 2130.53 2196.46 2218.69 2239.67 2253.31 2254.62 2256.74 2257.35 2294.76 2331.02
2367.02 2331.18 2293.94 2255.44 2260.97 2272.53 2267.31 1776.08 1558.77 1040.12 1268.33 1455.53 1608.05 1652.06 1821.34 1986.65 1874.96 1762.35 1733.75 1896.17 2028.54 2075.36 2167.17 2254.17
2338.39 2376.38 2418.78 2464.82 2481.34 2475.83 2480.27 2470.73 2454.70 2437.44 2407.91 2378.07 2338.83 2329.88 2326.24 2328.38 2299.89 2275.56 2269.80 2244.69 2223.58 2206.95 2228.47 2229.47
2231.73 2266.96 2308.63 2350.63 2350.41 2348.15 2345.78 2371.90 2389.13 2403.19 2395.21 2398.13 2366.99 2355.17 2348.18 2345.70 2383.71 2408.30 2432.71 2429.88 2426.91 2423.65 2407.48 2391.57
2360.77 2345.40 2329.61 2311.91 2309.37 2280.13 2248.00 2272.83 2292.64 2307.97 2353.25 2394.59 2433.98 2423.93 2418.28 2418.35 2392.97 2363.24 2331.71 2366.21 2406.82 2384.04 2300.19 2132.34
1954.81 1750.85 1539.43 1715.93 2092.36 2373.15 2608.67 2634.84 2660.48 2689.65 2711.25 2738.42 2756.98 2741.62 2730.23 2711.52 2759.72 2806.78 2850.45 2858.53 2848.16 2837.07 2830.16 2823.26
2815.40 2766.95 2719.84 2674.96 2718.29 2761.18 2763.26 2720.13 2622.73 2515.88 2419.29 2327.75 2230.89 2216.95 2211.71 2216.50 2161.43 2101.19 2047.31 1898.19 1767.65 1740.88 1655.25 1508.13
1276.55 1371.80 1528.95 1660.48 1588.26 1597.14 1678.50 1744.58 1809.92 1784.77 1786.18 1797.85 1796.82 1857.37 1927.36 2001.67 2041.63 2064.96 2081.52 2101.98 2123.57 2145.62 2144.95 2151.51
2163.71 2103.74 2045.30 1992.69 1794.23 1547.88 1105.45 1643.97 1934.80 2135.32 2169.41 2215.55 2260.77 2235.15 2215.39 2200.91 2237.93 2273.36 2294.53 2271.32 2247.40 2222.60 2204.59 2191.05
2180.52 2221.65 2233.80 2249.13 2244.20 2240.59 2237.00 2255.17 2269.68 2284.32 2262.60 2233.68 2210.81 2144.92 2091.31 2046.57 2074.07 2071.56 2074.29 2130.07 2159.14 2148.57 2098.73 2052.64
2013.41 1929.13 1840.50 1745.89 1565.73 1375.37 1398.06 1103.83 1136.95 1389.31 1256.85 1111.69 1035.32 1286.66 1477.21 1634.25 2000.13 2325.22 2581.92 2700.38 2816.72 2931.76 3003.39 3030.88
3032.85 3047.53 3062.64 3079.88 3107.28 3134.39 3162.81 3089.76 3008.40 2916.19 2883.32 2856.63 2833.54 2747.43 2664.46 2588.00 2570.53 2532.92 2443.93 2534.50 2585.81 2626.20 2577.36 2532.79
2494.55 2484.86 2461.30 2437.56 2437.98 2443.56 2452.49 2431.35 2404.58 2381.29 2276.17 2182.30 2113.00 2114.28 2120.58 2129.80 2116.97 2103.47 2015.61 1964.38 1913.65 1863.87 1920.60 1980.57
2041.82 2116.75 2192.81 2265.20 2282.68 2296.00 2310.97 2398.51 2467.62 2492.07 2496.24 2506.14 2524.58 2497.79 2474.68 2455.19 2434.39 2369.35 2280.86 2252.52 2228.38 2210.61 2199.71 2193.46
2191.90 2192.32 2193.52 2194.69 2222.69 2250.68 2265.16 2227.29 2184.39 2145.46 2145.77 2164.21 2196.69 2194.07 2181.64 2180.69 2163.44 2143.17 2120.76 2081.18 2042.96 2004.92 1979.70 1955.92
1933.89 1829.35 1717.29 1601.55 1729.44 1843.60 1900.15 1949.37 1947.36 1946.87 1972.96 2004.12 2026.55 2048.73 2075.44 2101.10 2094.88 2080.41 2055.35 2039.87 2027.67 2017.43 1985.27 1953.08
1920.21 1824.48 1720.60 1613.32 1651.45 1702.33 1757.33 1765.97 1763.96 1759.41 1835.69 1895.05 1951.63 1954.30 1962.24 1972.54 2034.83 2100.43 2156.09 2160.85 2164.17 2167.30 2131.50 2094.05
2055.29 2019.80 1986.12 1954.56 1945.18 1942.44 1946.34 2009.25 2066.96 2122.90 2108.41 2086.92 2071.39 2089.89 2113.51 2141.72 2185.00 2212.21 2170.61 2196.79 2174.56 2140.26 2050.22 1949.00
1833.36 1782.04 1727.79 1667.76 1638.35 1620.00 1613.11 1619.71 1619.47 1628.03 1629.85 1546.76 1521.54 1540.12 1600.17 1682.67 1819.92 1961.41 2087.62 2238.03 2383.60 2520.27 2575.36 2631.58
2689.90 2730.19 2770.89 2795.24 2776.40 2759.17 2743.59 2774.14 2803.03 2832.60 2789.41 2745.68 2698.19 2689.91 2682.51 2665.15 2660.69 2657.61 2653.90 2628.84 2603.26 2578.50 2557.09 2535.62
2477.57 2467.80 2460.55 2457.32 2423.76 2390.30 2360.35 2352.69 2342.73 2336.90 2258.19 2181.95 2109.81 2045.86 1952.95 1826.81 1880.27 1930.07 1942.26 1855.13 1766.89 1687.26 1565.37 1394.67
1247.44 1446.20 1397.66 1354.58 1534.09 1554.12 1580.80 1683.50 1754.46 1814.22 1843.78 1830.48 1820.81 1883.39 1964.15 2049.73 2043.27 2026.59 1997.49 2034.61 2073.56 2112.30 2139.29 2165.02
2189.95 2118.77 2048.85 1983.06 1918.10 1847.21 1770.22 1763.32 1766.08 1781.12 1764.98 1746.39 1727.45 1656.59 1584.20 1502.43 1457.15 1557.15 1307.95 2185.08 2680.98 3051.42 3143.97 3211.16
3233.35 3210.87 3185.94 3159.54 3196.93 3232.61 3267.88 3251.29 3230.30 3205.57 3124.31 3041.75 2954.75 2925.05 2899.11 2877.30 2866.93 2857.85 2844.06 2814.50 2785.47 2758.21 2700.67 2643.79
2588.55 2545.11 2500.01 2451.87 2522.41 2549.50 2517.81 2483.72 2442.02 2404.94 2345.90 2241.36 2147.07 2086.69 2035.21 1998.65 1998.08 2047.09 2133.70 2216.76 2291.95 2344.68 2379.15 2418.69
2462.14 2458.62 2455.86 2455.56 2516.09 2573.65 2617.57 2610.18 2601.07 2591.71 2579.67 2577.51 2585.08 2608.36 2635.98 2666.22 2730.18 2793.45 2853.87 2804.61 2745.80 2684.73 2643.87 2600.63
2556.33 2538.94 2520.83 2502.94 2596.54 2648.86 2619.58 2652.00 2676.61 2697.84 2627.93 2545.10 2470.34 2408.99 2354.30 2305.49 2242.36 2173.79 2088.13 2085.59 2085.29 2086.35 2058.67 2031.97
2008.47 2055.21 2101.80 2149.21 2147.15 2145.97 2145.28 2188.01 2216.71 2241.48 2171.15 2043.20 1888.55 1841.59 1806.72 1703.71 1631.23 1552.59 1470.36 1476.69 1522.05 1593.36 1627.68 1656.76
1662.77 1461.96 1278.16 1373.30 1509.39 1624.81 1726.62 1739.92 1738.46 1737.65 1686.62 1546.21 1433.22 1516.79 1603.04 1685.66 1658.17 1625.46 1582.93 1386.12 1190.33 1332.92 1464.98 1467.62
1318.47 1198.42 1405.95 1599.68 1622.04 1645.43 1668.24 1760.56 1835.83 1899.22 1780.74 1656.07 1516.20 1455.01 1413.81 1404.83 1208.34 1179.28 1414.71 1416.32 1442.89 1485.27 1476.81 1480.77
1500.49 1278.99 1111.24 1368.79 1413.19 1457.73 1498.83 1445.22 1386.90 1352.23 1489.54 1644.17 1754.78 1725.00 1696.44 1681.13 1843.73 1977.46 2083.75 2081.84 2081.30 2084.80 2112.61 2141.69
2171.25 2161.49 2151.30 2139.81 2188.50 2235.14 2279.87 2313.26 2333.48 2350.87 2311.60 2263.64 2214.83 2200.07 2190.04 2183.74 2239.02 2289.20 2326.23 2317.82 2310.60 2304.89 2277.79 2251.10
2225.06 2169.84 2111.29 2046.47 2128.84 2206.11 2277.85 2293.84 2298.48 2292.47 2250.31 2211.36 2179.70 2142.54 2108.38 2078.58 2094.13 2112.82 2121.99 2080.88 2038.38 1996.11 2027.76 2060.02
2093.54 2041.86 1990.19 1941.48 1913.97 1888.70 1863.63 1816.74 1768.91 1729.19 1672.30 1633.48 1619.70 1766.33 1892.83 2003.83 1702.54 1679.99 1571.90 1455.91 1903.26 2202.43 2336.77 2460.01
2575.33 2547.39 2520.16 2494.35 2441.49 2384.50 2324.75 2310.64 2289.22 2271.15 2281.27 2298.58 2309.63 2249.83 2187.33 2125.84 2073.47 2008.25 1891.85 1936.95 1979.37 2022.84 2047.37 2089.16
2142.53 2130.93 2120.67 2110.70 2096.86 2089.81 2090.58 2063.44 2021.68 1977.88 1774.54 1545.44 1414.13 1579.83 1800.24 1856.06 1881.82 1897.26 1905.50 2017.76 2116.81 2205.91 2190.16 2177.46
2167.02 2114.41 2057.67 1994.75 2085.71 2167.34 2233.55 2204.21 2157.45 2109.08 2132.59 2147.96 2151.39 2177.33 2215.32 2261.50 2330.90 2402.00 2456.95 2394.93 2329.02 2257.82 2228.73 2199.02
2168.30 2144.95 2121.92 2099.18 2189.48 2271.84 2347.25 2344.20 2333.19 2313.83 2269.79 2229.04 2192.90 2216.74 2245.34 2278.89 2320.65 2368.75 2413.15 2353.34 2290.41 2217.38 2088.38 1938.29
1754.64 1615.49 1434.28 1182.38 1479.28 1987.21 2296.73 2485.12 2648.94 2770.33 2691.31 2613.52 2548.19 2524.79 2504.44 2481.54 2505.46 2530.78 2548.02 2549.90 2554.15 2560.88 2537.12 2515.05
2494.69 2463.54 2442.77 2434.56 2412.43 2397.48 2377.72 2366.84 2334.52 2305.39 2222.20 2121.79 2012.84 2027.51 2049.38 2077.88 2021.50 1972.88 1934.17 1986.38 2036.48 2080.75 2040.59 2016.88
1972.83 1897.31 1813.58 1717.81 1798.88 1880.86 1958.00 2071.36 2162.04 2244.27 2216.10 2198.87 2208.05 2180.60 2155.98 2131.30 2172.12 2185.64 2197.28 2188.22 2184.71 2186.16 2247.49 2307.90
2368.59 2329.82 2295.28 2267.92 2272.84 2277.98 2283.12 2285.50 2274.26 2264.22 2247.25 2233.89 2224.96 2256.58 2293.30 2336.06 2319.88 2300.87 2270.03 2184.51 2093.37 1996.99 1895.96 1918.62
1875.54 1664.00 1662.76 1883.65 2155.24 2371.02 2555.24 2552.84 2539.55 2525.56 2503.61 2434.14 2357.67 2357.44 2371.39 2360.31 2370.53 2380.06 2382.45 2403.39 2425.18 2448.71 2479.99 2490.40
2500.87 2520.52 2543.97 2571.11 2591.51 2611.94 2632.46 2686.60 2699.33 2703.62 2685.55 2644.83 2587.31 2519.42 2448.32 2336.03 2287.27 2163.02 2002.81 1946.73 1885.86 1716.27 1733.90 1639.86
1541.99 1555.86 1570.24 1584.31 1431.67 1228.01 1152.39 1350.02 1406.78 1451.28 1617.14 1726.60 1776.73 1842.56 1909.66 1974.52 1993.12 2006.84 2015.49 1951.55 1898.29 1866.71 1856.25 1860.13
1879.87 1801.93 1761.32 1735.25 1808.79 1916.84 1987.30 2047.27 2098.05 2143.34 1956.58 1740.30 1513.24 1516.03 1529.78 1428.52 1536.14 1600.22 1667.44 1693.43 1635.41 1612.09 1708.34 1745.44
1734.50 1732.16 1732.45 1735.47 1689.53 1735.41 1875.60 1974.48 2047.26 2107.84 2102.48 2112.32 2120.03 2111.48 2114.58 2126.01 2116.17 2105.15 2075.08 2037.41 2003.90 1976.93 1973.83 1973.85
1976.93 1928.06 1882.18 1841.92 1897.99 1978.13 2066.36 2061.62 2072.79 2106.46 2110.99 2157.56 2243.93 2242.90 2254.06 2282.29 2280.65 2271.24 2226.12 2290.94 2352.99 2412.25 2379.03 2345.86
2309.92 2358.84 2407.52 2452.84 2465.09 2477.44 2491.37 2482.94 2465.48 2447.35 2370.35 2225.97 2076.66 1995.17 1918.61 1847.35 1861.89 1883.31 1901.26 1846.80 1799.38 1764.78 1830.30 1878.06
1875.57 1896.32 1924.61 1957.79 1956.82 1916.17 1878.88 1873.00 1854.02 1832.16 1862.10 1949.91 2038.49 2001.60 1984.71 1987.54 1964.09 1935.91 1886.37 1917.78 1947.62 1975.63 2011.59 2046.79
2079.66 2109.25 2142.45 2179.11 2160.78 2142.40 2123.29 2165.95 2195.38 2218.06 2204.58 2187.54 2176.24 2114.29 2057.83 2006.83 2007.60 2008.17 1999.30 2035.92 2074.24 2106.73 2012.74 1908.12
1785.90 1513.36 1480.92 1739.28 1585.22 2217.34 2601.32 2749.63 2894.33 3037.45 3023.73 3013.07 3008.56 3021.15 3036.14 3053.15 3035.47 3017.55 2997.93 2993.38 2993.98 2999.43 2947.14 2892.82
2837.77 2844.13 2848.32 2801.13 2821.09 2835.16 2823.69 2850.96 2869.36 2866.11 2809.71 2735.06 2660.88 2629.36 2608.29 2575.21 2540.62 2483.94 2415.12 2398.84 2383.25 2369.30 2332.14 2297.11
2266.05 2259.00 2254.18 2190.90 2166.67 2160.41 2170.54 2119.08 2061.67 1949.26 1958.88 1947.35 1929.14 1804.55 1698.67 1658.99 1665.86 1689.22 1717.78 1754.80 1776.07 1707.70 1768.04 1814.84
1812.12 1772.39 1701.68 1598.47 1613.09 1431.95 1191.52 1097.26 1186.69 1223.07 1221.09 1351.75 1461.38 1722.15 1923.77 2089.82 2106.24 2109.68 2104.35 2051.54 1995.78 1935.06 1833.08 1719.10
1599.18 1569.10 1541.44 1524.06 1539.82 1581.85 1639.65 1574.42 1579.79 1644.13 1690.16 1799.64 1912.23 1960.90 2041.81 2091.41 2129.92 2160.65 2169.22 2205.26 2255.89 2314.28 2279.60 2254.14
2239.84 2182.62 2121.75 2055.12 2149.33 2233.65 2311.17 2311.62 2304.01 2292.93 2298.55 2293.74 2289.63 2263.16 2243.11 2227.29 2288.25 2352.84 2410.48 2373.85 2333.98 2292.21 2268.02 2242.47
2216.87 2201.50 2185.26 2169.38 2181.69 2198.58 2216.42 2165.86 2112.12 2059.43 2050.44 2043.10 2040.68 1639.69 1162.62 1155.18 2025.35 2510.28 2851.73 2889.35 2923.69 2960.18 2936.57 2909.90
2883.69 2900.70 2917.61 2934.81 2921.46 2908.62 2894.73 2899.56 2898.49 2894.63 2902.85 2911.50 2915.97 2892.31 2876.73 2866.36 2878.69 2874.11 2867.41 2830.95 2793.23 2755.00 2749.05 2743.72
2739.16 2729.05 2719.03 2709.61 2654.32 2595.77 2534.05 2482.55 2421.24 2352.97 2293.32 2199.40 2066.88 2049.03 2048.45 2064.56 2110.49 2141.53 2166.72 2188.06 2209.42 2218.27 2109.23 1978.96
1863.42 1889.23 1919.12 1808.21 1811.39 1818.51 1830.16 1942.65 2027.20 2046.17 2025.98 2063.23 2142.25 2102.42 2089.47 2111.50 2212.00 2308.02 2382.60 2339.32 2302.18 2270.64 2292.06 2313.06
2333.67 2316.72 2298.35 2279.23 2299.60 2297.91 2290.42 2285.88 2287.71 2300.27 2298.15 2296.58 2297.07 2346.79 2365.52 2389.72 2376.05 2365.86 2356.71 2375.22 2405.37 2445.33 2462.70 2479.36
2452.98 2391.42 2328.76 2265.70 2269.99 2235.52 2169.89 2176.21 2181.23 2184.68 2187.54 2193.74 2194.42 2182.24 2171.92 2162.68 2089.31 2001.36 1896.97 2035.14 2154.81 2260.83 2289.77 2319.14
2352.86 2343.18 2353.02 2347.11 2399.57 2450.29 2501.28 2527.51 2546.12 2559.53 2526.10 2496.88 2476.23 2455.28 2439.05 2425.05 2380.16 2325.66 2264.08 2270.56 2277.37 2285.12 2249.63 2211.98
2172.99 2175.70 2178.35 2181.75 2219.07 2255.89 2292.75 2284.31 2266.41 2242.76 2158.85 2075.36 1983.18 1903.22 1837.35 1789.30 1763.13 1729.90 1676.64 1648.83 1619.62 1588.71 1709.86 1813.96
1817.72 1886.22 1904.52 1924.44 1847.73 1794.63 1785.77 1778.39 1782.37 1801.80 1664.03 1514.01 1348.21 1267.29 1248.47 1278.35 1315.31 1472.80 1617.43 1569.07 1508.14 1450.93 1663.00 1828.40
1965.16 1832.45 1692.98 1593.83 1530.06 1456.91 1372.27 1372.04 1406.34 1448.78 1537.56 1613.47 1663.74 1708.63 1758.93 1810.89 1876.33 1937.35 1978.12 1960.99 1945.09 1932.42 1954.04 1981.41
1952.43 1883.04 1724.77 1518.11 1636.44 1777.02 1909.08 1990.92 2034.84 2047.78 2068.27 2099.19 2124.89 2070.42 2053.95 2033.77 1960.19 1878.79 1783.62 1840.25 1893.51 1946.67 1961.85 1976.56
1993.52 1923.23 1864.89 1828.41 1874.17 1922.01 1973.34 2037.59 2105.66 2137.15 2129.65 2144.57 2180.15 2146.20 2084.54 2023.90 2045.79 2070.64 2093.73 2078.37 2060.78 2042.86 2072.92 2110.84
2153.46 2157.70 2169.71 2187.58 2218.74 2251.64 2285.55 2301.88 2311.31 2316.35 2292.26 2260.48 2246.54 2269.40 2301.75 2337.91 2304.08 2267.40 2221.90 2185.61 2148.68 2107.23 2130.13 2153.56
2118.15 2143.23 2106.63 2070.08 2083.88 2098.19 2113.71 2104.04 2109.70 2129.67 1935.26 2026.03 2167.54 2193.91 2419.17 2614.47 2475.67 2308.08 2095.02 2172.60 2246.66 2249.89 2266.24 2292.86
2328.41 2338.51 2355.37 2372.88 2329.57 2275.92 2218.51 2167.52 2132.13 2119.66 2168.48 2166.78 2126.64 2121.15 2126.59 2137.87 2159.71 2181.78 2202.25 2174.77 2147.53 2121.04 2159.77 2198.14
2236.33 2268.33 2301.52 2333.58 2352.91 2380.30 2409.78 2421.36 2425.46 2429.02 2361.93 2298.49 2248.90 2174.46 2098.90 2019.30 1990.52 1957.83 1848.81 1688.42 1477.23 1167.19 1265.53 1379.04
