1006.68 1021.68 1215.15 1368.59 1424.13 1487.34 1549.45 1520.14 1500.15 1491.10 1666.36 1790.70 1885.12 1857.49 1833.87 1816.06 1753.41 1683.16 1594.60 1633.61 1684.22 1741.33 1774.82 1807.54
1839.17 1709.23 1569.62 1460.31 1464.36 1469.88 1477.46 1651.88 1787.29 1897.73 1656.01 1202.58 1311.50 1301.31 1554.71 1774.02 1681.48 1587.18 1448.03 1398.73 1351.24 1401.54 1340.47 1366.86
1451.99 1409.36 1439.83 1520.48 1443.84 1442.08 1518.83 1511.42 1519.84 1562.88 1717.06 1891.98 2042.52 2059.52 2078.62 2067.61 1972.66 1861.11 1720.93 1741.73 1769.84 1803.58 1790.10 1774.92
1760.25 1735.35 1728.04 1714.80 1773.16 1820.93 1860.58 1878.23 1891.27 1897.52 1882.58 1885.50 1901.63 1848.96 1804.11 1770.64 1652.08 1518.52 1404.69 1403.65 1444.35 1511.75 1488.46 1477.72
1477.43 1474.58 1478.28 1494.21 1383.73 1253.15 1129.76 1076.26 1067.42 1062.50 1246.49 1394.30 1498.56 1552.86 1606.37 1660.80 1643.47 1643.87 1663.66 1621.10 1576.59 1530.13 1539.52 1548.87
1560.17 1508.61 1493.18 1522.30 1560.90 1573.91 1586.83 1557.92 1485.04 1383.24 1522.97 1631.98 1717.06 1728.76 1744.08 1764.10 1738.67 1711.32 1676.20 1718.35 1759.83 1799.73 1815.83 1838.34
1863.60 1819.64 1767.52 1715.43 1692.42 1668.81 1645.37 1615.44 1581.21 1539.18 1619.84 1692.21 1754.37 1774.15 1796.18 1819.77 1784.55 1748.35 1710.86 1732.93 1754.73 1777.47 1741.90 1703.92
1655.41 1627.41 1596.38 1564.33 1536.25 1505.87 1475.39 1347.77 1125.28 834.32 1042.94 1219.74 1333.04 1203.15 1078.23 1055.00 903.49 1118.92 1342.31 1132.61 1248.21 1480.71 1568.72 1665.44
1733.23 1788.47 1845.56 1903.44 1945.96 1982.55 2013.02 2034.36 2052.36 2067.57 2071.73 2076.59 2086.81 2046.52 2009.20 1976.77 1920.32 1858.39 1785.81 1752.06 1717.45 1681.07 1655.22 1634.10
1618.63 1668.97 1717.45 1764.89 1725.14 1681.22 1634.77 1679.32 1720.54 1756.33 1728.15 1700.16 1679.43 1600.16 1538.82 1514.96 1541.89 1572.13 1602.94 1598.45 1594.01 1589.51 1592.60 1598.30
1607.32 1646.43 1682.97 1717.33 1723.63 1729.89 1732.71 1765.74 1796.12 1821.75 1829.31 1858.80 1903.52 1911.01 1918.89 1929.21 1913.15 1892.43 1867.03 1899.12 1929.90 1957.29 1941.01 1928.02
1918.59 1787.79 1645.27 1522.38 1549.49 1576.37 1607.69 1603.41 1632.86 1680.20 1609.92 1718.05 1867.60 1870.20 1864.28 1864.63 1833.47 1797.20 1750.04 1778.06 1823.58 1880.02 1906.73 1934.09
1961.82 1950.35 1940.43 1932.76 1910.07 1886.59 1865.88 1932.26 1988.38 2035.77 2012.10 1992.69 1977.49 1922.43 1868.39 1815.62 1787.12 1759.45 1734.89 1733.01 1736.60 1745.21 1778.64 1805.07
1834.00 1823.17 1811.34 1796.36 1835.74 1873.98 1909.39 1909.28 1907.35 1905.28 1845.96 1784.12 1717.37 1654.78 1591.23 1522.90 1469.05 1419.07 1374.50 1392.43 1427.52 1472.91 1457.92 1443.92
1430.91 1458.22 1502.89 1556.11 1573.68 1592.15 1608.25 1645.36 1679.22 1708.74 1683.65 1653.66 1623.03 1526.71 1470.37 1489.75 1452.02 1397.71 1337.57 1400.71 1454.58 1496.48 1511.05 1524.38
1538.09 1498.86 1464.03 1435.38 1542.55 1635.85 1717.64 1771.41 1819.05 1858.33 1778.10 1690.12 1594.58 1625.53 1673.83 1730.07 1694.32 1658.94 1624.39 1610.34 1600.18 1595.25 1563.20 1565.10
1605.63 1593.48 1575.90 1569.17 1578.38 1589.60 1605.22 1536.30 1455.28 1356.29 1486.49 1581.63 1654.49 1735.15 1816.10 1876.85 1818.01 1749.28 1656.10 1624.38 1588.27 1548.75 1583.95 1619.92
1654.99 1624.60 1598.12 1579.66 1557.42 1534.30 1512.63 1548.31 1588.72 1631.79 1708.81 1743.44 1768.16 1842.70 1918.47 1989.82 1990.13 1986.71 1979.08 1974.35 1969.80 1966.59 1975.65 1987.42
2001.02 2025.12 2050.57 2074.89 2027.42 2007.21 2024.15 2026.01 2166.65 2346.92 2357.41 2368.36 2382.32 2379.18 2377.80 2376.37 2356.54 2339.21 2323.76 2327.82 2332.96 2339.94 2299.72 2256.47
2212.10 2160.85 2111.40 2068.35 2055.99 2046.28 2039.93 2024.87 2007.14 1986.60 1954.44 1924.03 1895.82 1843.50 1817.80 1813.91 1763.69 1714.48 1668.61 1489.70 1304.03 1401.85 1322.16 1257.13
1241.70 1418.48 1560.82 1679.11 1695.96 1714.81 1735.93 1724.74 1708.34 1685.84 1759.79 1850.08 1932.59 1972.57 2013.31 2053.29 2032.88 2012.52 1986.53 1994.00 2001.71 2011.28 2022.06 2032.90
2044.12 2042.38 2043.31 2044.12 2043.79 2042.98 2043.52 2053.98 2065.70 2078.09 2097.52 2120.10 2142.90 2136.95 2136.12 2139.95 2120.60 2099.59 2074.33 1996.71 1907.51 1802.88 1680.93 1549.24
1443.47 1240.96 1692.34 1981.54 2122.63 2253.62 2320.78 2269.09 2218.13 2171.71 2206.74 2240.88 2269.15 2222.50 2185.91 2154.26 2091.96 2025.72 1954.65 1891.82 1820.89 1739.15 1678.63 1610.40
1534.55 1456.74 1471.59 1565.73 1617.79 1682.89 1741.98 1697.05 1641.94 1577.37 1545.57 1506.66 1469.46 1476.52 1558.04 1664.66 1696.78 1729.35 1760.45 1658.99 1545.93 1432.35 1453.55 1512.36
1590.39 1646.06 1698.45 1749.14 1745.72 1746.77 1753.21 1710.43 1661.02 1604.23 1585.97 1657.94 1753.31 1777.43 1804.62 1832.88 1818.64 1803.00 1783.89 1767.10 1749.04 1729.40 1686.27 1647.38
1613.24 1618.97 1627.03 1635.46 1632.09 1635.27 1643.83 1669.47 1692.93 1714.18 1727.77 1741.97 1754.51 1750.36 1788.20 1848.10 1787.14 1721.35 1654.41 1627.47 1596.17 1571.73 1496.38 1389.34
1272.91 1258.30 1260.64 1363.21 1395.30 1430.33 1437.88 1349.80 1240.55 1091.58 1003.54 1174.20 1313.46 1151.45 931.14 885.70 882.56 1016.36 1141.28 1231.73 1440.59 1589.30 1619.70 1649.62
1681.93 1666.60 1650.32 1633.58 1639.64 1646.47 1653.09 1633.09 1592.47 1547.50 1660.97 1752.78 1826.04 1810.29 1801.56 1800.81 1742.39 1673.06 1585.30 1541.84 1492.06 1435.86 1507.24 1998.62
2318.56 2332.26 2349.17 2372.61 2366.44 2360.00 2354.93 2333.43 2306.07 2275.33 2232.64 2189.88 2148.22 2116.89 2089.64 2069.57 2001.66 1926.45 1838.92 1805.60 1771.58 1736.21 1716.69 1695.57
1680.11 1686.75 1694.17 1700.70 1755.75 1808.07 1859.33 1892.03 1920.53 1946.31 1935.81 1926.76 1918.19 1891.25 1876.26 1864.86 1863.49 1851.66 1837.86 1814.94 1791.66 1769.01 1745.34 1723.71
1706.59 1698.53 1692.57 1687.77 1718.64 1745.06 1759.29 1749.35 1737.72 1725.49 1743.47 1759.94 1772.94 1832.51 1905.57 1980.60 1936.68 1891.97 1846.67 1816.63 1785.71 1752.96 1761.31 1769.31
1777.61 1710.14 1637.43 1559.84 1521.01 1490.10 1485.46 1482.42 1476.28 1470.35 1517.88 1561.65 1605.73 1484.91 1354.34 1241.26 1348.28 1479.71 1606.76 1665.54 1700.33 1727.14 1691.94 1666.97
1655.73 1627.92 1601.63 1579.65 1608.76 1642.03 1678.03 1676.52 1673.89 1669.19 1687.81 1719.01 1763.89 1743.29 1725.65 1714.65 1714.05 1713.01 1710.68 1729.87 1752.25 1776.04 1748.78 1722.00
1674.64 1666.55 1658.40 1650.46 1583.31 1509.53 1424.89 1433.99 1437.79 1437.60 1545.78 1645.86 1730.38 1779.07 1825.38 1873.53 1852.40 1831.30 1799.53 1789.14 1775.14 1762.60 1743.89 1726.68
1714.35 1685.37 1657.35 1631.53 1609.46 1586.62 1561.20 1546.59 1529.05 1507.89 1518.79 1537.55 1560.29 1602.57 1646.22 1694.76 1697.23 1705.02 1719.32 1722.15 1724.62 1726.54 1694.84 1660.02
1624.09 1588.48 1552.04 1515.63 1522.52 1525.30 1525.10 1555.20 1582.31 1611.57 1645.50 1680.11 1713.80 1774.01 1829.50 1885.12 1886.27 1886.78 1886.76 1861.71 1834.98 1805.91 1788.39 1769.78
1750.14 1745.30 1741.12 1737.57 1751.86 1765.09 1778.01 1784.04 1783.93 1776.41 1838.17 1891.60 1938.15 1937.45 1939.58 1946.28 1937.99 1928.19 1918.21 1927.47 1935.81 1944.59 1942.75 1940.38
1938.62 1893.52 1844.18 1791.10 1780.84 1769.98 1760.02 1772.79 1780.87 1786.69 1705.28 1655.67 1649.74 1547.63 1507.51 1563.93 1675.68 1927.53 2168.68 2195.29 2222.27 2251.55 2228.09 2205.15
2183.62 2189.14 2198.83 2213.65 2232.05 2251.12 2270.26 2285.80 2299.14 2314.12 2276.39 2238.87 2204.59 2207.14 2211.07 2217.86 2190.39 2165.21 2141.36 2107.49 2074.39 2041.78 2054.45 2068.87
2084.84 2072.11 2059.22 2047.09 2075.56 2103.15 2130.21 2119.61 2108.92 2098.31 2047.70 1996.34 1946.07 1933.30 1921.44 1910.83 1908.90 1907.24 1905.40 1888.80 1872.08 1857.12 1852.43 1845.86
1835.07 1821.18 1810.69 1797.40 1776.91 1753.08 1732.70 1741.84 1768.12 1801.40 1778.42 1778.48 1792.42 1810.47 1829.58 1851.98 1796.37 1742.67 1698.56 1691.49 1683.36 1676.07 1672.73 1671.05
1671.59 1678.59 1696.06 1721.18 1726.12 1732.11 1739.08 1745.43 1748.31 1748.28 1796.24 1843.96 1895.85 1907.47 1919.76 1936.97 1889.80 1838.96 1782.57 1792.46 1803.01 1813.58 1756.70 1699.39
1645.58 1615.84 1583.55 1475.34 1545.26 1830.32 2043.23 2044.01 2050.23 2064.95 2061.65 2064.09 2070.48 2012.15 1953.74 1898.12 1828.90 1755.09 1686.06 1718.25 1746.84 1773.51 1757.10 1734.65
1704.70 1649.14 1624.87 1627.61 1573.44 1529.65 1484.00 1415.27 1331.54 1238.09 1319.31 1426.91 1518.91 1609.46 1688.14 1760.50 1760.43 1764.80 1775.17 1837.77 1897.24 1942.00 1920.86 1901.92
1885.14 1886.50 1891.94 1901.33 1881.34 1860.28 1837.38 1849.30 1844.19 1834.75 1936.76 2024.01 2094.90 2069.77 2045.86 2027.52 2001.75 1978.44 1961.04 1942.22 1921.88 1904.23 1872.14 1839.99
1807.90 1722.24 1640.64 1582.36 1602.01 1621.69 1640.04 1635.51 1645.12 1664.76 1685.87 1691.06 1700.90 1774.34 1841.95 1908.19 1878.74 1845.84 1810.60 1749.94 1678.01 1575.90 1570.40 1564.73
1560.54 1559.41 1562.05 1570.24 1486.17 1437.58 1454.75 1461.04 1460.69 1450.29 1443.19 1428.05 1386.98 1451.84 1511.20 1569.27 1544.08 1525.00 1520.44 1561.27 1612.93 1671.07 1637.81 1604.00
1571.07 1577.94 1589.79 1606.55 1606.92 1601.02 1583.77 1425.15 1168.34 863.86 1495.45 1811.32 2022.85 2048.10 2084.83 2128.12 2046.60 1952.98 1845.71 1849.88 1852.73 1856.93 1865.10 1884.31
1912.40 1946.03 1978.52 2010.77 2048.91 2071.90 2094.76 2158.02 2212.66 2254.88 2197.11 2137.65 2082.79 2075.81 2070.65 2069.57 2049.35 2028.30 2007.66 2028.94 2050.51 2072.94 2074.17 2076.40
2078.07 2091.24 2105.15 2118.76 2141.11 2163.73 2181.36 2143.57 2101.66 2058.10 2005.15 1951.00 1893.78 1818.11 1733.59 1633.74 1539.86 1400.88 1233.96 1202.68 881.87 1196.10 1427.28 1605.86
1749.55 1556.44 1265.38 987.64 1248.49 1569.40 1770.27 1861.03 1941.32 2027.96 1923.07 1826.78 1739.38 1649.01 1553.08 1453.94 1462.87 1472.60 1530.39 1498.12 1462.24 1421.64 1474.24 1530.72
1586.98 1672.78 1750.53 1819.36 1865.90 1922.11 1968.84 1930.00 1885.20 1837.36 1797.74 1762.80 1735.05 1772.66 1788.84 1795.14 1736.62 1676.44 1618.07 1566.91 1533.02 1528.63 1454.81 1368.69
1268.02 1206.05 1138.60 1075.22 1272.97 1421.02 1539.47 1621.38 1686.28 1740.80 1551.20 1420.24 1495.61 1537.51 1582.19 1621.69 1613.94 1612.30 1619.48 1640.25 1664.06 1690.37 1654.16 1624.58
1606.55 1625.60 1645.03 1663.00 1688.83 1713.67 1737.43 1729.36 1750.82 1795.45 1672.84 1611.45 1641.32 1651.14 1648.25 1656.98 1677.12 1697.59 1682.89 1692.20 1691.70 1671.90 1654.44 1634.97
1615.54 1654.34 1705.29 1763.87 1804.92 1935.73 2074.28 2064.82 2047.19 2021.14 2006.64 1993.16 1981.04 1916.90 1850.92 1786.17 1761.53 1736.01 1707.85 1708.28 1706.15 1701.45 1675.93 1657.38
1645.56 1692.38 1744.26 1797.47 1805.24 1815.11 1821.74 1863.13 1897.35 1927.89 1882.18 1857.43 1862.70 1853.06 1823.31 1793.53 1774.48 1760.57 1750.89 1799.73 1831.65 1861.39 1854.20 1846.50
1838.71 1772.59 1703.78 1632.43 1624.49 1639.65 1657.82 1682.75 1702.83 1744.35 1740.62 1743.58 1739.20 1748.17 1764.56 1793.41 1729.60 1662.27 1596.78 1655.82 1714.93 1773.35 1774.66 1776.12
1779.94 1749.44 1711.27 1674.11 1637.75 1598.40 1555.68 1538.90 1481.60 1412.88 1394.33 1438.14 1509.72 1609.66 1698.35 1780.96 1790.00 1798.90 1810.01 1745.43 1671.06 1568.60 1535.52 1501.31
1458.40 1460.07 1454.22 1449.53 1386.30 1314.31 1231.36 1230.69 1256.41 1297.35 845.11 1144.22 1405.62 1314.80 1220.73 1133.47 1065.72 1055.55 1122.44 1075.65 1022.14 969.21 1204.18 1375.34
1514.03 1436.21 1355.67 1292.07 1365.93 1447.75 1512.15 1431.93 1320.56 1209.75 1397.26 1509.22 1582.76 1681.39 1801.50 1923.44 1860.94 1789.18 1709.42 1677.50 1641.65 1599.36 1541.64 1478.83
1410.81 1258.91 1092.79 1137.43 924.07 1365.31 1547.71 1447.73 1327.70 1171.01 1271.59 1365.12 1445.53 1529.04 1611.61 1684.05 1726.74 1773.10 1822.12 1766.45 1697.06 1615.59 1652.73 1695.10
1736.27 1655.88 1558.97 1444.23 1366.33 1276.04 1172.19 1021.04 1152.63 1301.81 1415.08 1531.47 1641.20 1844.86 2037.70 2196.57 2208.39 2222.09 2239.40 2218.66 2195.50 2172.47 2192.71 2213.05
2234.65 2207.47 2178.30 2146.81 2173.77 2201.27 2227.93 2269.33 2307.41 2345.03 2328.60 2311.37 2298.38 2257.62 2215.71 2175.13 2160.78 2147.21 2135.59 2111.02 2086.88 2063.91 2055.80 2048.44
2041.30 2037.57 2033.78 2033.50 2031.56 2034.48 2044.60 2075.35 2098.48 2116.51 2132.46 2152.74 2177.22 2076.93 1984.72 1921.00 1944.41 1972.79 1994.44 1957.73 1912.98 1862.24 1812.97 1767.52
1731.81 1747.33 1769.01 1794.14 1769.96 1752.60 1744.05 1777.70 1807.40 1833.69 1775.93 1736.72 1719.18 1687.92 1683.27 1712.91 1707.97 1705.77 1710.15 1699.33 1684.96 1670.87 1587.36 1494.55
1389.36 1362.29 1346.82 1342.44 1378.25 1421.10 1464.68 1439.54 1430.66 1438.45 1386.27 1381.36 1415.14 1516.49 1602.49 1674.40 1658.47 1643.30 1632.20 1622.14 1615.35 1617.75 1623.83 1641.77
1668.62 1696.81 1725.11 1751.54 1742.24 1732.59 1721.50 1775.95 1815.96 1846.65 1832.06 1817.04 1804.17 1836.44 1871.82 1911.89 1917.64 1922.93 1930.58 1922.17 1910.59 1897.46 1914.97 1931.65
1948.79 1974.95 2000.78 2025.73 1985.83 1944.24 1899.56 1856.47 1810.26 1761.12 1784.98 1809.92 1831.65 1832.07 1837.33 1847.30 1771.48 1684.95 1592.95 1564.88 1532.32 1496.85 1463.10 1430.92
1399.83 1300.15 1202.93 1169.69 1299.44 1424.43 1543.43 1569.27 1603.28 1637.85 1604.14 1577.60 1558.74 1606.54 1664.13 1728.52 1713.91 1699.17 1688.61 1666.97 1638.05 1604.83 1555.50 1508.61
1479.98 1506.35 1532.73 1558.10 1530.09 1499.76 1468.09 1432.96 1393.77 1351.49 1387.48 1410.90 1425.93 1498.57 1566.67 1623.63 1601.93 1584.31 1576.66 1581.16 1583.35 1587.18 1670.41 1742.03
1807.73 1783.42 1751.09 1709.73 1676.55 1637.82 1581.55 1669.68 1725.02 1774.38 1758.09 1757.68 1759.20 1823.24 1882.22 1939.35 1915.21 1890.32 1869.09 1911.14 1945.16 1976.85 1987.02 1999.36
2010.13 1991.07 1971.72 1951.83 1952.40 1962.92 1978.26 2021.99 2062.25 2105.21 2039.67 1974.33 1910.83 1914.06 1916.84 1920.92 1883.33 1844.61 1808.99 1830.24 1851.03 1873.92 1832.68 1788.39
1739.68 1787.59 1832.20 1875.68 1770.43 1664.41 1578.22 1303.48 1289.04 1549.84 1703.95 1829.05 1936.33 1939.32 1943.18 1951.70 1940.24 1927.40 1915.89 1909.98 1898.27 1885.08 1934.21 1982.83
2030.08 2050.95 2071.78 2093.94 2107.23 2123.10 2140.53 2149.64 2154.38 2158.06 2121.48 2084.67 2055.36 2036.82 2014.08 1990.81 1961.55 1931.52 1900.86 1797.72 1660.04 1485.51 1553.93 1618.57
1681.76 1701.55 1720.96 1742.29 1821.62 1893.89 1960.55 1984.84 2002.45 2016.68 1967.05 1915.11 1880.07 1835.52 1774.36 1719.35 1692.79 1666.81 1619.74 1558.79 1509.36 1487.01 1512.66 1549.02
1592.71 1591.06 1590.58 1591.54 1643.99 1699.85 1756.63 1773.57 1785.43 1793.35 1789.66 1792.18 1806.95 1779.43 1754.52 1728.78 1714.56 1696.98 1682.91 1608.57 1516.89 1403.33 1423.42 1442.15
1463.65 1505.78 1535.55 1566.72 1637.37 1701.30 1756.43 1765.69 1771.93 1776.84 1740.56 1732.56 1737.64 1773.63 1814.56 1859.50 1807.72 1748.97 1685.44 1640.02 1589.75 1537.33 1485.41 1439.73
1409.80 1497.81 1583.51 1663.82 1653.88 1647.13 1643.79 1681.00 1724.20 1767.68 1771.62 1783.17 1796.55 1802.29 1811.64 1824.33 1758.27 1682.16 1595.98 1574.13 1548.74 1522.70 1516.59 1510.19
1503.56 1450.84 1394.66 1321.31 1318.92 1329.84 1351.01 1278.24 1267.04 1312.65 1330.15 1344.54 1359.98 1213.52 1020.87 875.17 1074.30 1222.09 1342.23 1432.70 1503.23 1556.40 1533.21 1521.71
1508.59 1556.97 1604.01 1642.64 1597.60 1545.19 1497.81 1488.57 1483.24 1478.57 1357.54 1220.94 1060.61 1038.27 1018.88 1005.83 1000.38 998.96 1007.82 1155.91 1312.08 1469.78 1475.51 1508.13
1560.57 1498.10 1433.26 1361.24 1341.04 1327.94 1322.88 1226.97 1181.59 1198.70 904.02 1015.04 1256.33 1355.31 1444.50 1528.88 1554.88 1582.68 1615.58 1636.49 1654.42 1673.28 1651.34 1629.50
1609.80 1580.73 1560.57 1546.62 1535.66 1547.39 1579.76 1639.03 1690.02 1738.38 1774.21 1811.00 1844.13 1901.75 1955.24 2009.11 1982.15 1952.12 1917.00 1893.04 1862.36 1828.17 1788.47 1743.63
1698.38 1666.95 1639.99 1611.96 1586.15 1565.42 1552.36 1601.66 1660.47 1712.42 1732.79 1755.72 1779.89 1800.51 1821.64 1847.39 1843.14 1837.59 1835.85 1832.87 1824.29 1813.73 1784.02 1755.28
1728.90 1692.28 1655.56 1621.66 1597.52 1571.66 1531.15 1472.86 1425.74 1395.27 1355.29 1304.82 1273.50 1070.81 865.81 884.68 961.10 1061.34 1154.40 1174.32 1203.96 1243.24 1541.03 1759.87
1935.76 1921.31 1901.65 1880.86 1865.11 1848.03 1829.65 1834.65 1854.23 1882.09 1818.92 1755.30 1693.92 1675.90 1660.06 1649.64 1625.64 1607.06 1576.87 1583.35 1581.77 1606.49 1593.53 1579.66
1568.10 1598.52 1628.62 1660.93 1680.05 1702.29 1727.74 1794.81 1850.13 1893.45 1792.80 1688.55 1584.66 1623.39 1663.95 1708.92 1703.14 1709.31 1733.69 1720.51 1700.09 1674.75 1678.09 1685.88
1699.22 1668.10 1638.34 1608.70 1602.82 1596.91 1590.37 1668.74 1728.34 1779.58 1833.94 1881.78 1929.67 1943.21 1959.03 1977.73 1957.97 1936.36 1914.91 1830.37 1713.83 1576.79 1593.97 1615.53
1639.75 1680.01 1721.98 1763.92 1743.90 1726.03 1709.37 1653.07 1584.48 1489.87 1680.79 1804.57 1883.21 1923.66 1963.32 1999.21 1963.27 1921.34 1877.39 1876.94 1870.59 1863.31 1833.33 1802.69
1771.49 1730.36 1685.59 1638.14 1614.24 1601.08 1608.22 1614.16 1643.65 1676.84 1481.10 1259.50 1162.84 1156.34 1102.18 1210.16 1500.12 1712.55 1892.01 2019.29 2137.34 2237.58 2262.84 2289.46
2317.21 2298.10 2275.09 2251.20 2256.84 2261.89 2265.27 2263.94 2260.11 2254.91 2217.14 2180.10 2147.27 2113.51 2082.63 2056.10 2038.74 2025.97 2020.38 1973.54 1920.97 1854.35 1832.58 1821.27
1822.45 1812.16 1800.96 1789.87 1824.50 1860.14 1894.33 1901.52 1905.73 1912.24 1841.32 1782.18 1747.78 1777.17 1801.94 1812.75 1764.95 1714.54 1663.76 1657.80 1649.08 1645.39 1675.46 1705.03
1734.67 1748.00 1760.66 1774.39 1757.49 1738.93 1720.05 1641.70 1557.85 1469.89 1330.51 1237.87 1244.17 1413.29 1541.09 1649.85 1658.24 1698.66 1763.52 1704.25 1628.18 1536.23 1545.49 1565.05
1581.47 1567.09 1557.89 1548.94 1564.22 1579.29 1593.73 1736.65 1843.77 1930.65 1940.68 1974.05 2024.69 2032.79 2042.78 2052.06 2025.53 1998.16 1969.63 2022.19 2071.15 2100.54 2037.73 1969.62
1896.93 1889.95 1885.94 1884.81 1841.11 1794.48 1748.11 1706.90 1672.95 1647.12 1658.42 1684.28 1705.20 1724.77 1753.76 1797.12 1750.12 1702.04 1654.79 1624.94 1585.59 1539.79 1518.68 1496.84
1474.64 1458.53 1460.69 1478.69 1376.75 1249.63 1080.00 945.80 1197.39 1351.58 1425.20 1511.73 1591.60 1606.40 1656.58 1732.39 1739.33 1747.42 1756.79 1752.10 1743.82 1729.46 1705.39 1675.89
1645.51 1613.93 1581.11 1547.73 1569.17 1583.42 1593.59 1653.17 1690.02 1717.48 1726.10 1742.13 1769.00 1775.02 1787.48 1804.92 1812.49 1823.81 1839.16 1804.09 1767.13 1734.92 1667.34 1594.54
1518.63 1578.56 1636.73 1690.91 1665.07 1650.73 1655.09 1688.93 1729.19 1771.81 1790.29 1812.09 1861.70 1847.99 1839.32 1817.99 1828.84 1847.23 1871.08 1813.64 1739.32 1682.25 1608.96 1535.26
1472.69 1540.71 1605.25 1667.54 1679.10 1720.27 1780.80 1792.82 1799.49 1800.65 1793.15 1788.17 1784.71 1778.73 1779.02 1786.70 1776.41 1766.40 1758.99 1726.26 1670.67 1593.49 1574.65 1558.14
1545.03 1530.78 1517.63 1507.32 1495.13 1473.56 1477.59 1385.16 1314.80 1274.92 1184.05 1280.25 1409.50 1412.45 1416.92 1428.67 1391.48 1352.60 1308.88 1261.30 1316.00 1448.05 1460.39 1471.85
1483.60 1485.81 1505.32 1539.66 1575.40 1610.37 1642.98 1673.09 1695.03 1704.44 1726.25 1756.28 1789.10 1826.23 1866.24 1910.05 1918.85 1929.57 1944.15 1976.52 1997.18 2017.46 2010.31 2002.98
1995.88 2000.64 2005.91 2011.60 2012.70 2014.04 2014.53 1964.80 1912.91 1859.85 1745.43 1628.83 1518.40 1220.79 926.02 925.30 1083.85 1214.23 1323.08 1204.44 1141.31 1258.25 1432.23 1570.59
1674.08 1689.60 1718.58 1759.92 1807.92 1844.67 1868.89 1859.42 1848.53 1844.86 1848.52 1859.54 1859.67 1895.91 1937.18 1975.87 1960.70 1945.83 1929.78 1913.47 1890.41 1865.72 1843.85 1820.54
1796.66 1813.59 1829.39 1848.78 1849.75 1848.05 1840.16 1838.70 1852.27 1880.11 1867.45 1927.71 2025.17 1885.69 1817.27 1863.22 1822.80 1790.67 1776.59 1855.34 1928.17 2001.98 2096.83 2189.26
2254.31 2249.22 2250.48 2257.88 2212.95 2170.18 2132.84 2124.21 2114.53 2102.40 2072.14 2046.21 2024.54 1954.14 1882.51 1811.69 1743.27 1665.53 1576.50 1309.96 1032.61 1366.41 1379.91 1400.23
1428.12 1450.55 1479.05 1512.47 1513.89 1522.03 1529.86 1567.15 1635.69 1700.03 1740.70 1779.69 1814.39 1832.62 1855.61 1884.25 1880.54 1878.87 1880.52 1866.88 1842.38 1814.55 1816.27 1822.16
1831.73 1827.37 1823.67 1821.47 1812.14 1802.46 1785.20 1857.72 1914.56 1956.25 1944.89 1937.23 1933.52 1955.12 1979.51 2010.23 1996.61 1985.73 1976.53 1974.12 1965.68 1956.68 1947.31 1940.34
1938.94 1935.52 1933.49 1932.50 1909.47 1886.47 1854.27 1903.93 1939.01 1970.00 1988.50 2007.32 2018.52 2028.48 2039.91 2057.58 2041.16 2024.92 2010.73 1990.08 1962.26 1931.94 1993.01 2052.42
2105.84 1822.63 1360.04 1396.67 1152.31 1073.29 1384.86 1340.51 1362.45 1319.57 1258.27 1467.18 1645.93 1677.65 1733.06 1802.48 1895.56 1987.15 2072.17 2029.64 1974.63 1913.45 1831.80 1760.46
1725.01 1730.97 1742.23 1761.24 1794.66 1835.79 1879.62 1909.41 1952.54 2010.86 2037.01 2062.80 2089.02 2067.15 2049.27 2038.38 1999.92 1959.14 1916.35 1883.97 1837.29 1778.21 1709.40 1629.13
1535.48 1513.30 1494.63 1482.97 1471.45 1457.95 1443.26 1366.94 1293.11 1219.20 1093.00 1232.40 1384.67 1352.14 1364.21 1415.41 1403.56 1398.28 1403.15 1509.85 1607.09 1701.15 1675.10 1647.40
1618.92 1602.15 1592.56 1597.44 1593.17 1587.17 1575.43 1736.44 1848.29 1923.77 1922.75 1925.26 1930.67 1946.73 1964.39 1986.07 1982.97 1981.23 1981.35 1946.60 1898.29 1845.60 1809.28 1771.30
1730.33 1725.83 1716.89 1707.97 1689.18 1659.47 1632.14 1703.63 1753.23 1794.50 1825.07 1855.21 1885.62 1896.60 1909.84 1928.15 1924.22 1921.45 1921.28 1871.46 1808.18 1739.87 1750.83 1762.11
1772.40 1793.06 1812.80 1831.87 1815.79 1779.00 1743.09 1771.24 1795.25 1817.21 1841.85 1867.39 1897.44 1915.52 1930.31 1934.27 1901.62 1858.62 1808.12 1745.07 1664.00 1559.89 1571.88 1586.49
1603.46 1632.77 1661.76 1690.55 1682.27 1678.24 1675.58 1694.30 1717.16 1737.10 1699.57 1697.74 1720.95 1794.94 1863.12 1929.45 1915.08 1899.53 1883.01 1799.49 1698.96 1591.77 1553.91 1535.18
1540.70 1506.77 1494.12 1474.82 1447.69 1513.03 1625.92 1664.69 1699.04 1704.11 1672.92 1647.83 1630.21 1613.04 1601.18 1597.38 1598.01 1600.23 1605.11 1583.59 1553.81 1522.71 1460.73 1388.41
1306.76 1332.14 1363.98 1362.22 1408.88 1424.04 1432.36 1407.56 1421.75 1448.68 1456.07 1508.23 1574.56 1497.85 1416.83 1341.94 1367.02 1406.13 1458.90 1476.30 1518.45 1588.80 1550.25 1507.33
1459.08 1446.85 1435.44 1425.58 1439.01 1456.07 1474.78 1575.51 1649.99 1699.47 1786.53 1863.58 1932.79 1925.92 1922.08 1924.00 1890.76 1852.38 1809.24 1787.98 1759.42 1730.78 1705.29 1677.83
1648.23 1638.60 1627.55 1616.85 1611.54 1610.40 1609.38 1661.47 1697.88 1705.14 1757.22 1817.97 1879.69 1882.62 1889.33 1902.54 1877.45 1850.78 1822.97 1813.83 1793.94 1772.81 1742.92 1711.77
1678.83 1652.33 1623.40 1592.81 1608.98 1629.80 1652.16 1686.14 1713.90 1733.84 1771.30 1808.04 1846.37 1859.67 1875.04 1895.81 1872.14 1852.58 1840.26 1845.17 1842.04 1839.89 1838.55 1838.29
1839.07 1847.54 1857.27 1867.80 1873.91 1872.72 1867.91 1903.61 1929.44 1940.87 1955.82 1972.90 1992.64 1991.44 1992.57 1998.37 1974.76 1950.78 1925.06 1913.88 1890.63 1866.41 1839.75 1812.90
1785.10 1805.50 1825.70 1846.13 1842.20 1837.90 1830.88 1868.63 1897.71 1915.91 1936.68 1958.90 1980.23 1984.59 1991.89 2005.63 1993.00 1979.16 1965.76 1930.19 1881.54 1825.16 1814.05 1800.44
1791.72 1788.69 1785.79 1780.49 1592.45 1362.12 1294.16 1336.79 1455.71 1558.27 1658.89 1744.42 1806.47 1846.42 1888.45 1929.56 1887.79 1840.86 1788.41 1711.81 1615.17 1503.64 1493.35 1482.97
1475.77 1509.67 1542.68 1574.10 1586.40 1603.61 1621.68 1662.12 1700.54 1738.95 1718.40 1731.75 1774.24 1774.47 1777.34 1784.76 1793.75 1803.44 1813.55 1760.73 1701.77 1656.58 1580.99 1493.03
1430.92 1381.60 1333.30 1285.86 1308.38 1356.14 1417.18 1377.39 1372.48 1395.02 1441.01 1501.30 1568.88 1479.24 1389.14 1287.41 1307.55 1334.36 1368.80 1369.21 1360.15 1355.12 1336.31 1314.71
1293.56 1352.17 1417.45 1485.02 1514.65 1546.90 1577.50 1609.92 1659.20 1701.91 1646.07 1637.23 1664.97 1643.60 1629.10 1626.57 1598.67 1567.36 1537.07 1526.34 1504.16 1484.55 1473.59 1461.52
1449.28 1452.79 1454.92 1464.46 1559.93 1656.52 1748.39 1701.05 1658.39 1617.12 1556.85 1560.50 1603.11 1623.47 1647.44 1678.69 1669.77 1665.02 1663.48 1659.95 1647.40 1635.66 1596.91 1554.99
1509.83 1517.37 1528.84 1545.94 1566.78 1573.60 1578.30 1644.23 1707.97 1769.06 1775.17 1782.28 1801.25 1805.35 1811.96 1826.17 1780.49 1728.04 1672.17 1668.09 1674.08 1692.78 1677.74 1670.34
1672.58 1705.34 1737.67 1766.99 1792.06 1818.38 1840.40 1812.66 1785.78 1759.59 1774.15 1789.20 1792.46 1810.63 1832.17 1868.36 1856.51 1852.34 1858.98 1872.62 1880.99 1889.79 1859.12 1835.27
1821.93 1780.46 1746.52 1725.68 1637.03 1538.67 1431.67 1377.74 1327.33 1276.60 1253.86 1245.11 1249.47 1248.10 1338.89 1463.96 1489.52 1515.90 1546.69 1612.21 1673.45 1734.34 1715.88 1704.06
1702.15 1679.76 1658.70 1639.76 1637.20 1643.30 1656.54 1634.56 1615.96 1591.53 1477.85 1389.16 1344.74 1414.49 1479.34 1539.66 1512.50 1483.65 1453.55 1414.00 1356.51 1284.50 1243.87 1212.64
1199.10 1251.05 1298.30 1346.11 1313.73 1306.23 1373.00 1390.65 1408.78 1435.26 1430.31 1426.70 1428.31 1312.48 1341.54 1483.67 1309.28 1235.50 1493.02 1484.45 1473.43 1470.32 1503.03 1526.23
1532.36 1536.81 1540.99 1546.34 1539.81 1534.28 1522.56 1573.43 1623.74 1663.94 1616.73 1570.74 1530.98 1446.46 1369.15 1316.24 1327.10 1370.98 1439.44 1468.98 1491.96 1518.52 1519.90 1521.57
1507.24 1522.52 1543.09 1577.02 1606.73 1633.17 1647.32 1669.42 1692.37 1709.75 1672.74 1642.01 1614.67 1613.86 1618.78 1630.65 1617.37 1605.59 1597.57 1558.36 1500.37 1430.31 1407.80 1385.43
1365.40 1405.68 1444.44 1481.97 1490.57 1505.34 1517.49 1502.68 1502.78 1509.73 1449.57 1394.29 1350.61 1460.02 1555.95 1647.14 1640.93 1639.04 1644.81 1627.30 1599.02 1539.78 1480.52 1419.89
1365.15 1381.56 1415.49 1461.99 1478.27 1498.85 1514.53 1474.03 1464.06 1471.09 1433.48 1422.13 1416.64 1467.97 1518.91 1575.10 1573.98 1574.14 1578.16 1560.75 1532.99 1491.73 1461.86 1422.64
1378.97 1268.26 1136.62 1047.69 1251.83 1395.55 1503.69 1485.58 1490.38 1501.78 1552.27 1601.95 1651.75 1700.17 1748.66 1795.34 1799.68 1804.70 1808.74 1781.97 1740.83 1690.91 1644.05 1593.73
1541.10 1535.24 1530.43 1526.41 1525.28 1528.35 1528.26 1651.13 1745.95 1813.48 1831.18 1849.20 1865.44 1889.11 1915.65 1947.81 1939.61 1931.05 1923.30 1918.71 1906.72 1893.93 1870.33 1848.47
1829.21 1820.02 1811.10 1799.86 1810.28 1820.97 1826.41 1874.67 1915.12 1945.51 1954.69 1965.17 1978.58 1987.01 1997.83 2014.20 2009.05 2003.83 1999.52 1955.37 1898.08 1830.39 1814.24 1798.06
1781.96 1739.43 1693.61 1643.72 1652.28 1660.46 1664.00 1664.11 1667.67 1669.53 1658.18 1649.98 1642.11 1668.49 1701.92 1743.85 1751.42 1760.54 1773.78 1758.89 1738.60 1721.65 1704.40 1687.41
1670.84 1677.34 1684.09 1691.80 1728.42 1761.76 1788.88 1806.71 1820.98 1827.78 1857.05 1885.59 1911.16 1931.80 1954.63 1982.16 1979.40 1976.47 1974.67 1991.38 2001.37 2009.94 2001.73 1996.00
1993.68 2009.46 2023.45 2037.11 2036.58 2036.02 2030.87 2008.13 1985.68 1959.50 1964.45 1971.68 1979.45 1957.96 1936.62 1918.89 1913.03 1909.40 1910.53 1872.45 1820.79 1762.35 1779.25 1795.48
1812.15 1816.15 1820.73 1825.70 1820.15 1816.67 1808.38 1844.72 1871.92 1888.12 1902.73 1918.19 1932.71 1942.98 1955.71 1973.97 1971.83 1970.05 1970.69 1966.06 1951.06 1933.15 1936.32 1940.98
1947.37 1952.51 1957.74 1958.53 1940.40 1922.06 1897.75 1883.52 1862.17 1834.93 1852.18 1870.39 1888.10 1893.79 1902.55 1916.87 1918.08 1919.73 1920.41 1890.94 1848.09 1798.03 1760.54 1720.52
1677.90 1694.32 1710.91 1728.22 1730.00 1732.73 1730.33 1750.66 1765.00 1771.27 1804.97 1837.90 1868.13 1870.21 1872.96 1880.91 1843.33 1801.17 1755.59 1754.02 1742.39 1727.91 1720.00 1713.80
1709.05 1696.90 1685.23 1674.27 1649.34 1624.25 1591.79 1641.91 1685.03 1713.47 1745.14 1777.43 1807.23 1831.20 1857.27 1887.91 1855.73 1818.91 1777.31 1746.05 1702.49 1656.25 1649.66 1643.48
1638.30 1647.93 1658.49 1669.70 1642.28 1612.79 1574.40 1599.30 1613.54 1608.20 1634.12 1660.10 1682.96 1709.64 1739.42 1775.11 1767.85 1760.12 1753.09 1735.03 1705.30 1671.40 1678.34 1687.00
1697.47 1688.01 1672.47 1656.12 1609.00 1558.44 1494.63 1577.08 1646.61 1698.25 1732.76 1767.01 1802.05 1828.79 1862.25 1902.16 1894.44 1882.93 1869.71 1860.76 1839.76 1807.12 1798.76 1792.33
1787.45 1791.35 1791.11 1791.12 1776.55 1761.43 1740.79 1810.54 1855.37 1885.70 1885.96 1887.53 1886.96 1893.45 1903.03 1916.96 1905.06 1889.36 1872.01 1876.33 1874.75 1872.50 1841.64 1812.88
1787.51 1779.06 1768.76 1758.73 1776.62 1794.21 1805.72 1812.63 1815.70 1812.29 1863.88 1912.74 1955.93 1952.12 1950.70 1953.61 1921.90 1887.63 1850.60 1793.71 1723.48 1650.36 1653.29 1657.77
1663.30 1657.32 1648.24 1639.06 1586.49 1531.70 1470.19 1469.53 1471.94 1479.07 1474.29 1471.64 1476.99 1551.69 1631.24 1713.26 1674.96 1638.83 1607.67 1553.72 1486.96 1416.13 1419.46 1418.99
1411.71 1368.95 1300.10 1224.80 1282.62 1362.04 1427.92 1359.19 1285.57 1204.71 1139.72 1091.90 1071.54 1137.30 1189.45 1248.85 1277.27 1288.24 1302.54 1340.19 1375.46 1412.94 1394.45 1379.65
1371.20 1285.81 1187.87 1083.38 1100.98 1136.83 1171.83 1152.82 1131.35 1102.00 1005.47 971.13 999.39 1216.88 1371.16 1499.17 1531.15 1566.09 1605.50 1584.65 1548.49 1501.18 1457.08 1404.41
1350.57 1285.23 1207.98 1108.41 1130.95 1201.08 1272.32 1077.70 858.95 888.97 997.71 1145.53 1251.76 1378.38 1485.38 1567.47 1591.74 1617.11 1638.19 1607.91 1558.18 1492.82 1480.63 1471.61
1464.61 1354.13 1208.50 1028.92 1067.30 1182.73 1284.54 1246.15 1254.87 1282.05 1299.49 1329.77 1361.94 1475.24 1574.56 1664.80 1659.37 1653.84 1651.27 1619.31 1569.74 1504.52 1477.42 1447.93
1419.09 1379.73 1325.46 1275.20 1331.61 1385.24 1421.97 1433.88 1466.87 1504.66 1613.19 1707.04 1784.77 1809.99 1836.12 1874.72 1821.82 1765.10 1704.30 1646.44 1573.09 1484.29 1457.83 1432.47
1407.47 1457.87 1504.34 1547.83 1430.50 1284.09 1076.42 1071.86 1183.11 1294.99 1371.24 1448.89 1515.46 1517.59 1535.13 1558.90 1569.74 1583.21 1598.07 1568.50 1531.91 1503.01 1470.05 1435.59
1401.14 1395.95 1420.02 1447.47 1367.50 1325.86 1341.20 1263.68 1183.37 1115.18 1101.71 1117.61 1146.92 1329.40 1468.01 1587.91 1585.17 1570.38 1561.75 1592.22 1625.03 1662.78 1629.92 1600.70
1577.15 1525.94 1470.79 1409.51 1455.01 1504.73 1541.24 1531.55 1529.63 1528.23 1527.20 1532.19 1532.31 1511.03 1489.10 1470.47 1461.89 1454.82 1447.48 1372.13 1259.30 1088.69 1201.86 1301.25
1379.80 1377.92 1377.08 1377.46 1379.35 1384.28 1385.55 1383.37 1377.59 1365.92 1320.15 1305.16 1307.09 1330.72 1356.81 1386.44 1332.25 1284.27 1254.52 1133.36 947.57 979.22 778.83 892.25
1069.15 1129.59 1191.79 1238.88 1118.11 1230.72 1391.69 1305.34 1214.82 1114.89 1040.87 1013.88 1021.07 1128.36 1217.37 1294.37 1296.06 1300.51 1309.87 1320.63 1320.73 1317.90 1223.60 1177.63
1253.18 1342.26 1422.54 1477.98 1483.14 1487.71 1485.09 1555.59 1618.25 1673.94 1706.42 1739.05 1764.89 1727.29 1689.78 1662.53 1671.59 1682.44 1693.50 1674.19 1647.54 1617.59 1627.77 1639.04
1650.89 1634.40 1620.78 1612.73 1630.45 1647.93 1660.61 1651.70 1643.22 1632.27 1546.22 1457.47 1367.18 1285.47 1204.93 1153.57 1087.77 1016.81 960.25 1158.41 1301.46 1418.51 1407.31 1387.82
1368.63 1393.59 1426.00 1460.33 1466.62 1476.60 1483.51 1422.46 1358.77 1287.23 1300.54 1334.79 1372.86 1306.23 1271.32 1272.52 1261.05 1294.28 1365.75 1290.67 1201.25 1149.75 1081.49 1003.54
928.98 820.33 852.73 983.84 1134.74 1250.46 1338.28 1300.16 1327.37 1374.45 1332.89 1307.76 1288.05 1222.77 1154.33 1085.78 1123.22 1198.95 1297.63 1363.90 1431.41 1504.75 1473.56 1440.56
1405.60 1388.60 1374.72 1364.36 1356.82 1352.98 1345.45 1364.92 1428.77 1475.82 1519.44 1555.01 1582.71 1651.56 1717.17 1781.58 1782.10 1783.35 1787.30 1753.28 1704.61 1642.92 1639.83 1638.71
1639.20 1648.04 1657.72 1669.72 1672.22 1675.73 1671.65 1732.60 1780.91 1819.31 1829.40 1843.86 1854.90 1876.18 1898.83 1915.64 1925.21 1935.80 1950.30 1913.32 1861.69 1799.61 1812.17 1821.19
1828.63 1831.79 1828.75 1822.94 1825.25 1817.64 1803.11 1818.97 1827.69 1826.65 1805.79 1788.13 1779.76 1798.27 1804.77 1823.14 1818.65 1814.41 1810.89 1777.86 1740.39 1695.25 1677.28 1664.88
1646.30 1595.05 1555.69 1537.37 1495.93 1450.49 1394.88 1373.61 1361.48 1338.95 1141.82 874.68 854.46 818.27 799.13 721.14 883.34 1227.72 1444.75 1460.94 1481.66 1511.50 1515.44 1522.22
1527.93 1489.52 1446.31 1399.13 1361.37 1322.76 1282.63 1285.84 1297.45 1308.22 1339.54 1386.83 1429.13 1506.15 1582.21 1659.10 1658.46 1658.42 1661.97 1644.53 1616.04 1575.98 1564.34 1553.92
1545.96 1509.57 1470.53 1427.70 1413.30 1396.24 1370.57 1459.65 1523.61 1567.34 1616.90 1664.80 1703.10 1729.24 1760.46 1798.02 1796.11 1794.75 1795.77 1795.35 1785.96 1769.73 1753.93 1738.07
1722.07 1714.25 1708.05 1703.49 1707.70 1712.33 1708.74 1720.55 1725.44 1723.17 1742.56 1764.29 1780.54 1789.19 1801.28 1819.03 1813.65 1808.53 1804.60 1766.64 1714.40 1649.50 1659.83 1662.65
1665.54 1655.31 1644.92 1631.18 1631.00 1633.46 1631.86 1691.33 1732.55 1763.26 1772.45 1784.31 1793.61 1818.58 1845.26 1873.84 1861.92 1849.05 1835.06 1811.13 1776.57 1734.80 1734.97 1734.24
1733.25 1740.78 1746.12 1751.36 1729.13 1698.45 1659.86 1713.57 1755.45 1781.14 1816.23 1852.78 1888.16 1877.88 1868.92 1868.58 1867.32 1866.81 1865.83 1854.46 1832.43 1805.70 1793.69 1780.92
1768.14 1778.54 1789.99 1802.74 1780.36 1757.11 1725.90 1777.25 1815.31 1847.87 1847.03 1849.55 1853.31 1858.02 1865.08 1866.90 1873.05 1878.97 1887.92 1871.11 1842.95 1808.04 1796.08 1784.77
1772.11 1775.01 1780.89 1789.77 1552.62 1247.44 1295.19 1453.21 1580.76 1676.45 1729.18 1792.37 1846.21 1843.20 1854.27 1884.01 1799.12 1713.33 1637.98 1549.88 1443.19 1350.90 1383.86 1429.52
1461.08 1465.23 1454.75 1450.22 1480.27 1529.89 1570.22 1564.53 1571.43 1570.36 1526.53 1479.90 1443.25 1503.50 1556.85 1614.63 1583.87 1552.85 1520.89 1511.42 1495.41 1471.05 1479.14 1486.83
1499.94 1504.21 1508.10 1512.17 1496.89 1481.44 1461.54 1546.63 1609.78 1646.09 1651.39 1662.69 1674.50 1658.43 1646.37 1637.49 1627.40 1614.22 1603.73 1567.32 1525.86 1484.53 1457.33 1427.61
1396.84 1406.48 1417.24 1427.84 1389.94 1349.43 1298.80 1271.65 1242.53 1210.20 1296.20 1375.06 1434.64 1460.26 1488.59 1527.87 1530.95 1533.26 1534.61 1529.83 1514.08 1491.56 1480.41 1468.97
1453.87 1426.52 1393.67 1358.12 1256.49 1119.34 953.57 1004.59 1041.94 1063.36 1124.69 1179.30 1224.77 1307.29 1381.55 1453.79 1441.11 1427.68 1414.70 1441.93 1462.96 1482.25 1496.46 1511.61
1515.13 1466.25 1414.58 1360.11 1324.49 1315.34 1326.22 1278.93 1225.84 1167.11 1176.25 1208.88 1223.35 1308.94 1417.12 1515.63 1518.05 1523.00 1528.82 1509.05 1479.61 1446.19 1439.70 1437.11
1422.07 1343.59 1256.49 1162.67 1013.44 815.98 831.72 1021.02 1141.78 1225.80 1172.51 1177.39 1209.18 1343.36 1466.66 1580.99 1645.13 1707.94 1769.16 1739.90 1701.46 1649.60 1611.89 1570.91
1527.74 1455.84 1373.00 1273.19 1238.83 1223.24 1236.19 1327.21 1432.71 1512.86 1526.06 1541.90 1546.03 1573.05 1612.93 1662.53 1686.68 1714.26 1744.34 1708.23 1655.89 1583.84 1546.71 1506.12
1461.22 1444.87 1428.74 1413.98 1366.82 1331.34 1356.81 1310.76 1332.20 1367.00 1457.38 1542.77 1626.32 1713.59 1792.11 1881.99 1833.90 1780.35 1708.50 1632.82 1536.63 1414.54 1427.59 1439.28
1451.33 1418.80 1390.70 1370.97 1419.23 1468.06 1495.84 1516.88 1573.90 1642.70 1657.87 1676.57 1693.63 1728.73 1757.33 1772.19 1742.44 1713.17 1686.35 1691.89 1686.57 1667.72 1627.98 1589.10
1551.73 1554.80 1557.86 1558.97 1514.35 1472.81 1429.54 1541.14 1622.06 1678.53 1708.72 1738.49 1762.81 1764.71 1769.40 1784.95 1751.96 1717.24 1681.41 1659.69 1623.82 1578.52 1572.04 1566.53
1563.20 1540.18 1516.33 1492.73 1498.99 1505.87 1505.32 1523.99 1547.98 1566.29 1592.18 1617.54 1635.16 1650.28 1667.16 1691.21 1683.47 1677.44 1675.23 1638.53 1583.25 1513.24 1506.92 1500.53
1494.39 1444.30 1389.65 1331.22 1281.67 1249.94 1237.08 1092.59 960.98 916.29 1045.37 1151.20 1226.83 1341.42 1437.18 1526.34 1570.37 1616.68 1665.87 1626.85 1568.22 1490.87 1491.90 1492.52
1494.72 1457.17 1419.11 1380.35 1226.12 999.27 888.20 1075.37 1301.18 1428.95 1399.26 1418.82 1461.17 1517.36 1582.29 1658.46 1658.75 1660.62 1665.80 1620.40 1556.39 1474.89 1468.24 1460.70
1453.83 1425.07 1396.35 1367.55 1285.32 1186.40 1050.33 1262.36 1391.75 1475.25 1492.03 1514.19 1542.14 1579.61 1630.42 1695.17 1682.58 1672.35 1664.08 1659.50 1645.67 1627.00 1587.24 1544.61
1499.03 1508.23 1517.56 1526.93 1466.55 1398.25 1311.98 1418.29 1502.81 1563.40 1540.73 1529.16 1518.47 1566.73 1615.57 1669.07 1688.66 1710.83 1736.78 1705.74 1658.42 1591.85 1571.56 1551.15
1533.83 1490.45 1445.39 1402.88 1312.58 1219.71 1139.25 1204.66 1277.96 1329.88 1234.28 1134.51 1016.42 1082.26 1187.45 1296.90 1341.27 1388.14 1437.06 1436.14 1433.79 1439.81 1389.25 1338.74
1292.86 1298.89 1337.06 1395.98 1393.33 1399.68 1394.43 1422.52 1454.45 1476.27 1363.07 1408.96 1537.01 1514.24 1475.91 1441.12 1452.72 1466.94 1484.03 1463.89 1435.49 1408.18 1439.47 1474.38
1515.60 1515.11 1516.63 1518.61 1515.12 1513.80 1509.92 1534.75 1560.65 1578.01 1549.53 1528.62 1507.26 1497.51 1495.58 1508.53 1520.24 1535.16 1553.41 1569.58 1578.04 1582.40 1561.92 1541.89
1518.87 1462.73 1402.31 1338.04 1395.70 1459.11 1519.60 1519.45 1521.77 1514.92 1548.34 1579.07 1610.86 1566.55 1529.32 1505.14 1530.85 1566.03 1606.41 1551.40 1477.32 1385.11 1340.88 1322.17
1321.33 1305.05 1299.74 1305.99 1292.54 1288.01 1284.63 1240.96 1240.06 1263.78 1247.49 1255.25 1284.43 1321.34 1358.05 1403.99 1464.21 1539.00 1620.80 1583.19 1532.60 1470.09 1506.28 1545.89
1586.91 1580.19 1562.23 1539.68 1498.38 1457.56 1415.36 1505.28 1574.32 1628.08 1674.87 1718.86 1752.74 1775.59 1799.98 1815.04 1829.49 1846.15 1864.85 1817.91 1753.35 1673.68 1663.26 1652.94
1642.41 1630.27 1617.08 1603.73 1561.07 1517.21 1466.19 1574.68 1654.25 1708.58 1726.11 1744.41 1766.79 1791.61 1817.50 1842.97 1854.29 1867.26 1876.40 1834.48 1776.70 1704.44 1655.77 1602.03
1540.96 1515.99 1489.53 1460.70 1447.05 1433.73 1412.94 1485.15 1537.13 1569.89 1633.14 1690.64 1743.14 1764.70 1786.64 1811.24 1809.03 1808.89 1810.74 1774.05 1721.68 1654.02 1634.29 1613.79
1592.49 1576.66 1561.23 1546.15 1523.72 1501.34 1472.57 1561.36 1640.35 1697.70 1716.76 1739.28 1761.13 1783.61 1806.65 1832.92 1840.25 1849.24 1860.26 1816.07 1753.67 1673.57 1642.12 1609.69
1576.74 1558.97 1541.30 1521.86 1499.10 1475.54 1443.82 1536.47 1602.65 1648.35 1677.80 1710.33 1744.94 1774.28 1806.32 1835.41 1843.73 1853.93 1865.35 1828.93 1775.93 1709.30 1676.19 1645.06
1617.98 1574.53 1526.55 1474.49 1450.68 1428.55 1405.81 1470.53 1520.63 1553.89 1598.12 1639.08 1674.75 1726.75 1780.40 1838.40 1849.06 1862.03 1870.59 1815.22 1737.62 1637.29 1640.36 1644.79
1651.10 1604.41 1554.05 1497.59 1384.83 1261.20 1153.57 1250.13 1321.65 1370.62 1458.98 1526.23 1590.84 1668.16 1740.84 1805.60 1798.77 1792.58 1782.03 1719.08 1629.94 1514.16 1532.84 1552.34
1572.60 1512.86 1454.98 1405.07 1234.49 1116.93 1241.39 897.33 885.01 1135.57 1148.22 1213.15 1289.97 1326.21 1375.64 1439.00 1512.16 1584.45 1657.13 1649.93 1619.70 1582.47 1549.77 1516.08
1481.53 1431.32 1385.35 1350.47 1307.37 1262.37 1216.67 1173.32 1324.53 1468.27 1489.24 1513.06 1526.19 1535.06 1579.78 1625.61 1602.25 1579.32 1557.21 1526.97 1481.58 1428.77 1442.20 1456.50
1471.89 1497.67 1522.91 1538.64 1571.00 1600.26 1626.92 1681.90 1723.08 1749.85 1696.41 1640.30 1575.42 1604.56 1632.44 1665.13 1650.50 1641.11 1637.19 1623.96 1592.71 1548.20 1551.62 1565.25
1589.92 1600.57 1611.57 1623.86 1613.23 1602.94 1589.19 1590.90 1591.87 1582.58 1519.00 1462.12 1407.55 1413.60 1420.88 1437.03 1448.90 1470.00 1500.15 1513.15 1514.60 1511.54 1469.93 1432.58
1406.00 1422.16 1438.64 1455.64 1465.36 1481.37 1498.36 1475.40 1473.07 1468.24 1436.71 1436.72 1453.77 1516.83 1578.44 1642.59 1686.03 1731.61 1781.43 1755.99 1708.10 1639.89 1600.27 1555.66
1490.51 1480.40 1470.70 1461.20 1403.75 1340.88 1264.87 1279.60 1305.77 1328.66 1430.32 1512.24 1580.09 1647.72 1710.61 1773.95 1787.50 1803.12 1821.09 1764.85 1674.15 1557.72 1536.95 1513.93
1488.75 1484.02 1478.89 1473.79 1461.71 1448.51 1428.82 1504.08 1571.01 1627.00 1638.39 1652.23 1674.31 1715.97 1754.87 1778.10 1779.25 1783.99 1790.01 1771.69 1731.65 1684.08 1632.79 1574.13
1508.11 1506.00 1504.70 1502.65 1473.78 1448.91 1425.85 1452.41 1508.95 1561.64 1582.71 1601.42 1624.77 1650.80 1676.63 1713.86 1713.20 1715.98 1720.69 1702.62 1659.17 1605.97 1594.70 1587.02
1584.29 1587.62 1593.68 1603.66 1547.14 1485.22 1410.87 1449.34 1477.87 1493.63 1454.14 1418.73 1390.72 1425.54 1479.65 1538.06 1585.51 1635.71 1691.96 1658.80 1613.33 1563.15 1556.27 1553.76
1556.37 1548.86 1541.03 1533.16 1434.10 1311.94 1146.51 1143.98 1140.97 1133.46 1228.98 1306.13 1361.09 1443.85 1523.52 1611.46 1632.36 1660.84 1701.21 1664.70 1610.28 1541.08 1516.01 1490.78
1465.18 1449.33 1433.31 1417.18 1399.32 1368.57 1330.65 1308.28 1285.54 1258.46 1270.97 1309.70 1363.33 1443.70 1520.03 1587.29 1600.39 1616.76 1636.25 1615.16 1580.89 1540.33 1503.21 1463.23
1420.58 1363.67 1285.93 1222.50 1201.48 1177.24 1173.33 1099.86 1019.77 926.19 1124.45 1255.13 1353.30 1345.68 1339.60 1337.43 1346.70 1368.20 1402.73 1421.93 1439.94 1468.45 1448.70 1429.24
1413.47 1385.91 1357.95 1331.82 1279.14 1238.22 1229.18 1218.01 1205.19 1181.98 1199.29 1225.08 1253.69 1301.52 1350.92 1404.08 1519.30 1623.23 1720.37 1692.46 1644.86 1588.17 1549.54 1506.25
1459.43 1429.35 1397.32 1364.03 1334.92 1290.67 1246.61 1185.80 1273.41 1369.11 1281.10 1213.91 1209.84 1252.70 1345.69 1404.96 1449.90 1496.14 1542.09 1535.23 1517.09 1495.67 1465.91 1450.71
1456.30 1439.50 1422.46 1406.30 1323.39 1224.17 1092.51 1140.80 1179.00 1204.65 1258.09 1312.32 1381.05 1497.79 1595.57 1680.91 1696.80 1717.34 1740.62 1677.97 1592.67 1477.08 1466.11 1455.95
1447.08 1414.42 1380.24 1340.23 1251.28 1155.88 1055.00 1050.58 1106.83 1159.71 1200.64 1288.12 1377.91 1452.91 1509.65 1565.67 1601.78 1640.14 1681.18 1682.75 1676.59 1659.86 1631.30 1602.63
1574.28 1561.42 1550.75 1541.53 1492.98 1438.98 1374.29 1425.29 1462.55 1483.63 1513.85 1543.35 1559.74 1596.75 1639.74 1686.35 1722.00 1760.02 1800.43 1782.30 1749.98 1709.81 1676.36 1640.49
1603.29 1599.65 1595.80 1591.80 1539.53 1482.19 1414.86 1475.21 1519.76 1544.13 1581.36 1615.09 1649.36 1667.71 1684.07 1695.07 1707.92 1715.15 1726.92 1728.01 1717.70 1704.21 1680.56 1654.93
1627.27 1593.23 1559.89 1528.42 1495.41 1459.35 1417.24 1542.20 1625.78 1676.51 1675.38 1678.79 1675.40 1664.80 1658.45 1657.52 1689.71 1724.15 1763.19 1748.29 1712.91 1667.40 1646.37 1623.27
1598.19 1585.64 1573.11 1562.38 1505.18 1441.66 1365.52 1436.03 1486.64 1516.61 1532.14 1545.98 1552.16 1570.18 1596.24 1628.12 1656.21 1687.08 1721.96 1723.78 1712.28 1691.28 1666.78 1641.87
1617.62 1587.33 1558.38 1525.76 1459.69 1397.97 1350.56 1420.84 1482.14 1515.88 1524.65 1534.18 1545.88 1553.16 1564.59 1585.75 1638.24 1691.85 1747.89 1747.02 1728.03 1696.91 1671.89 1646.35
1621.25 1575.35 1525.78 1472.28 1425.89 1375.59 1315.41 1421.68 1497.88 1545.87 1524.60 1508.70 1492.57 1511.91 1549.28 1593.37 1643.71 1696.24 1752.40 1744.31 1715.55 1680.25 1647.62 1611.92
1572.24 1534.65 1494.64 1450.13 1374.34 1284.49 1165.35 1233.99 1304.54 1354.30 1270.73 1192.71 1120.50 1125.93 1251.90 1378.43 1495.53 1602.88 1704.33 1717.15 1720.26 1724.71 1652.46 1572.61
1488.68 1441.19 1387.07 1325.12 1242.78 1144.01 1011.93 1186.70 1310.84 1390.14 1165.23 833.29 839.18 1003.88 1130.74 1243.70 1278.62 1320.61 1372.15 1368.57 1365.59 1375.09 1362.30 1356.27
1358.17 1280.62 1211.90 1181.36 1128.84 1097.26 1069.80 1155.46 1229.25 1271.32 1083.74 830.01 748.75 872.73 991.85 1100.01 1211.63 1293.09 1364.87 1420.99 1469.82 1521.17 1494.65 1469.10
1446.02 1426.24 1411.39 1401.97 1360.61 1315.14 1262.67 1217.26 1183.73 1152.80 1175.92 1220.57 1275.84 1396.34 1493.10 1578.38 1626.01 1673.66 1723.36 1706.48 1676.40 1645.82 1601.99 1553.65
1499.13 1495.96 1492.30 1487.40 1460.02 1434.12 1407.59 1480.98 1540.86 1585.84 1602.31 1629.38 1664.34 1700.62 1737.97 1775.97 1792.21 1809.60 1819.62 1784.80 1738.27 1688.19 1668.25 1648.35
1628.16 1617.04 1606.42 1595.70 1579.07 1562.69 1543.97 1635.18 1698.56 1743.67 1752.29 1760.78 1772.75 1796.70 1820.60 1837.03 1834.30 1833.62 1836.12 1779.80 1702.41 1607.03 1560.35 1507.32
1447.31 1438.34 1431.03 1423.98 1380.23 1333.70 1279.64 1401.75 1502.39 1579.75 1587.07 1598.19 1600.11 1635.66 1670.79 1699.29 1704.08 1711.08 1720.56 1664.86 1587.78 1494.68 1459.87 1423.06
1386.16 1321.22 1245.97 1155.03 1140.64 1188.32 1267.03 1223.65 1233.31 1269.79 1255.88 1259.23 1295.17 1396.60 1492.32 1566.13 1581.84 1598.62 1617.83 1592.95 1553.74 1509.44 1481.83 1454.77
1430.68 1411.04 1396.02 1389.10 1377.80 1366.81 1354.15 1335.71 1337.82 1349.54 1332.09 1342.22 1377.03 1524.78 1648.97 1761.51 1747.56 1734.50 1722.87 1663.89 1583.50 1484.80 1485.77 1487.37
1489.80 1473.12 1457.98 1442.41 1386.81 1376.47 1402.15 1339.73 1294.15 1280.67 1368.12 1442.72 1515.91 1597.35 1672.19 1743.59 1752.15 1762.32 1774.86 1702.93 1607.69 1490.90 1481.50 1472.70
1463.51 1446.32 1430.08 1412.55 1388.81 1368.59 1353.03 1277.38 1293.71 1362.22 1377.34 1433.19 1516.98 1603.07 1679.29 1740.13 1735.73 1733.32 1731.66 1685.75 1623.95 1549.62 1513.38 1475.88
1437.61 1370.87 1320.42 1291.05 1345.84 1407.78 1468.42 1391.87 1341.81 1324.67 1391.82 1429.88 1465.81 1447.23 1442.72 1439.26 1476.29 1515.71 1557.16 1534.78 1499.20 1455.39 1449.06 1450.92
1461.94 1445.43 1429.88 1415.79 1387.78 1359.09 1327.29 1364.55 1394.16 1415.18 1409.49 1408.37 1423.86 1499.81 1571.78 1623.41 1623.07 1625.97 1631.83 1608.92 1574.59 1536.40 1510.55 1484.61
1458.17 1479.22 1501.31 1523.29 1517.83 1516.19 1518.48 1592.11 1655.07 1701.15 1713.74 1727.64 1735.47 1751.81 1770.02 1791.52 1811.15 1833.68 1861.58 1827.25 1771.48 1702.31 1704.04 1706.83
1709.34 1676.43 1642.36 1606.52 1585.36 1564.87 1542.98 1546.71 1542.68 1523.54 1489.04 1455.75 1410.42 1503.80 1576.73 1649.39 1671.96 1695.42 1722.58 1709.54 1684.70 1649.79 1580.20 1498.45
1401.47 1375.08 1352.47 1337.00 1254.86 1160.81 1059.81 912.69 717.95 722.05 871.84 1044.57 1165.14 1252.14 1326.72 1405.70 1434.78 1466.83 1503.37 1476.00 1453.78 1450.85 1424.02 1403.63
1393.27 1363.00 1319.40 1274.99 1163.55 1039.79 979.83 930.25 892.39 904.22 1039.56 1156.64 1242.25 1331.09 1409.12 1484.52 1495.66 1508.91 1525.60 1495.62 1454.24 1411.31 1412.07 1413.69
1417.83 1393.50 1370.32 1347.99 1341.51 1347.23 1363.50 1361.42 1362.00 1357.01 1390.16 1412.03 1437.03 1493.64 1545.62 1594.26 1615.99 1641.06 1670.49 1616.28 1542.95 1449.32 1439.81 1429.12
1420.25 1331.15 1232.42 1151.62 1145.17 1175.47 1226.15 1166.55 1107.34 1037.69 989.01 1042.39 1129.34 1245.68 1345.71 1442.78 1455.15 1477.55 1512.03 1475.48 1427.43 1375.05 1268.40 1126.77
918.24 808.93 995.06 1203.62 1285.57 1366.18 1439.99 1429.26 1415.36 1394.01 1389.06 1400.31 1423.19 1420.08 1424.99 1439.19 1468.64 1502.15 1538.52 1505.52 1458.67 1427.91 1421.77 1415.31
1408.30 1298.82 1165.02 1024.76 1171.43 1309.00 1423.48 1459.23 1486.92 1503.92 1539.42 1582.25 1623.85 1624.90 1628.93 1635.14 1651.24 1668.40 1694.12 1611.76 1497.85 1349.28 1329.63 1310.26
1294.25 1326.13 1358.05 1389.26 1390.32 1394.60 1402.95 1411.91 1422.10 1420.41 1453.58 1484.97 1523.65 1570.26 1617.87 1671.44 1669.71 1667.67 1668.67 1610.51 1540.57 1470.94 1426.97 1389.32
1366.67 1390.64 1413.66 1438.05 1411.69 1398.28 1400.33 1453.35 1499.54 1531.53 1507.65 1493.76 1488.80 1542.22 1599.55 1659.78 1655.79 1652.15 1655.51 1602.85 1535.04 1460.97 1392.77 1316.23
1238.76 1219.23 1200.37 1177.97 1085.54 1072.42 1158.15 1125.13 1096.08 1064.70 987.24 935.65 920.82 1094.58 1263.61 1411.22 1438.08 1465.85 1501.67 1524.75 1548.67 1553.27 1532.31 1515.62
1505.66 1481.84 1462.95 1449.98 1396.86 1342.95 1289.46 1328.09 1358.15 1386.85 1300.35 1211.70 1126.55 1159.82 1290.75 1427.99 1492.38 1553.75 1617.84 1585.40 1540.01 1469.03 1452.24 1442.28
1442.25 1390.45 1330.75 1263.92 1263.85 1293.61 1343.23 1377.31 1385.85 1378.52 1316.34 1328.59 1383.46 1472.54 1558.73 1643.19 1660.33 1676.16 1698.39 1658.41 1597.77 1514.73 1468.56 1418.57
1365.03 1282.16 1185.90 1070.19 920.47 993.98 1152.70 1058.74 1088.12 1149.89 1342.08 1467.58 1557.27 1588.91 1628.01 1674.18 1682.27 1689.13 1701.84 1661.49 1603.38 1527.74 1506.48 1483.22
1456.94 1410.74 1363.03 1312.94 1244.40 1194.72 1183.13 1203.36 1260.26 1312.08 1431.56 1521.94 1594.76 1645.37 1697.44 1750.26 1771.23 1790.44 1815.95 1745.23 1650.57 1527.69 1489.08 1446.51
1400.53 1408.90 1426.54 1451.35 1450.27 1452.81 1459.12 1473.55 1501.76 1531.33 1548.42 1566.94 1593.19 1666.19 1736.38 1807.89 1796.54 1781.79 1760.84 1721.26 1674.34 1613.89 1601.67 1590.95
1581.42 1586.91 1593.50 1599.42 1538.38 1472.99 1403.37 1404.88 1406.17 1396.22 1447.70 1492.86 1532.92 1620.01 1699.64 1783.24 1775.90 1766.46 1759.01 1660.54 1533.72 1380.67 1387.03 1420.14
1468.32 1471.49 1476.00 1482.80 1465.66 1456.54 1455.72 1450.73 1432.24 1416.26 1486.30 1550.97 1616.22 1630.02 1646.06 1666.10 1672.48 1670.58 1666.78 1606.98 1529.13 1440.49 1376.16 1322.93
1296.95 1295.10 1294.74 1295.71 1289.75 1301.81 1326.61 1367.51 1409.30 1435.32 1445.26 1484.33 1548.71 1529.09 1499.88 1468.57 1451.35 1418.02 1366.76 1288.65 1247.08 1286.36 1223.60 1142.07
1031.11 1034.15 1075.60 1147.82 1143.71 1240.94 1369.68 1346.99 1355.99 1374.91 1383.13 1454.70 1539.41 1579.17 1628.93 1688.73 1681.98 1676.83 1679.60 1622.62 1543.92 1434.98 1374.96 1309.86
1240.79 1228.80 1244.54 1284.56 1257.65 1310.99 1393.33 1423.16 1442.50 1452.08 1440.58 1467.22 1512.30 1548.42 1587.73 1632.36 1629.52 1630.37 1642.02 1572.50 1489.26 1405.26 1317.07 1210.83
1075.16 949.10 788.54 870.85 1107.80 1269.38 1392.14 1485.40 1553.21 1607.55 1619.24 1659.96 1719.44 1728.27 1741.49 1755.21 1737.67 1718.47 1699.95 1685.73 1665.32 1642.73 1608.43 1571.11
1531.50 1529.45 1527.68 1527.22 1514.88 1500.85 1487.07 1540.95 1583.19 1621.57 1627.35 1651.11 1681.45 1683.00 1689.46 1704.88 1658.85 1606.29 1547.16 1408.87 1219.72 902.59 1059.11 1243.36
1378.80 1330.96 1279.85 1225.67 1356.10 1465.17 1559.12 1568.27 1573.00 1576.91 1577.73 1596.66 1609.52 1645.59 1681.09 1722.77 1706.44 1689.85 1675.35 1655.20 1633.68 1612.69 1639.31 1663.80
1685.49 1664.04 1638.86 1616.13 1582.94 1550.56 1518.17 1550.74 1577.85 1609.75 1564.79 1487.89 1450.92 1539.00 1609.33 1645.83 1651.02 1656.23 1664.77 1661.62 1656.80 1641.45 1652.98 1666.29
1680.67 1672.78 1663.02 1652.38 1652.81 1654.05 1654.37 1670.63 1681.37 1686.96 1736.67 1783.61 1840.42 1825.63 1812.48 1795.05 1800.59 1801.20 1787.56 1761.97 1734.73 1708.42 1706.81 1706.05
1703.99 1676.62 1642.66 1602.53 1641.63 1660.32 1678.39 1662.00 1640.49 1599.80 1634.23 1667.61 1693.00 1711.83 1735.17 1757.86 1750.33 1737.78 1727.49 1688.26 1642.29 1591.25 1587.11 1581.47
1580.01 1566.18 1547.47 1526.81 1483.35 1442.02 1406.23 1487.98 1554.22 1618.68 1645.52 1671.92 1700.51 1730.96 1762.83 1799.20 1762.04 1716.42 1671.70 1613.12 1546.81 1480.39 1471.81 1463.60
1455.73 1461.44 1468.75 1477.65 1422.92 1371.43 1337.49 1267.45 1217.04 1196.08 1344.68 1458.57 1560.75 1606.37 1652.48 1695.29 1672.95 1646.72 1622.07 1562.83 1493.78 1418.63 1404.46 1392.63
1382.84 1406.05 1429.33 1451.39 1419.81 1397.17 1385.48 1323.76 1262.76 1205.61 1332.10 1430.50 1503.86 1595.73 1680.84 1762.95 1733.04 1695.55 1656.53 1601.58 1534.51 1455.40 1434.95 1413.96
1378.03 1414.70 1442.68 1465.94 1478.91 1497.61 1519.36 1516.59 1516.42 1515.67 1527.34 1535.47 1551.39 1613.73 1672.06 1731.38 1723.01 1707.34 1694.08 1642.01 1578.67 1500.39 1497.18 1492.95
1489.53 1446.83 1404.13 1355.76 1375.24 1415.94 1458.98 1367.26 1268.15 1160.23 1242.58 1306.79 1358.31 1408.40 1462.33 1520.55 1504.69 1483.96 1450.74 1472.50 1495.66 1520.27 1518.36 1516.04
1501.54 1513.25 1527.89 1545.02 1512.65 1486.76 1467.58 1513.13 1537.49 1574.25 1607.94 1643.07 1678.57 1719.76 1762.56 1807.31 1802.49 1796.41 1788.14 1756.88 1721.16 1681.52 1677.38 1674.44
1671.66 1646.05 1617.44 1587.89 1554.48 1524.91 1496.73 1575.88 1634.91 1681.62 1693.11 1707.87 1727.79 1750.77 1775.62 1800.38 1781.92 1753.18 1721.15 1735.48 1748.98 1762.43 1766.60 1772.47
1780.38 1741.84 1702.02 1661.30 1651.95 1643.59 1636.55 1634.33 1629.74 1614.60 1669.42 1720.59 1765.91 1804.80 1845.84 1892.29 1857.09 1812.73 1763.87 1733.08 1700.74 1666.04 1667.25 1670.39
1674.03 1654.77 1636.00 1615.97 1611.76 1607.47 1601.84 1652.66 1683.30 1713.05 1717.19 1732.40 1749.16 1756.34 1768.21 1785.56 1755.40 1710.19 1657.64 1600.28 1543.12 1495.31 1488.30 1485.32
1487.53 1453.73 1435.00 1434.89 1453.83 1472.94 1491.50 1544.67 1583.57 1610.04 1640.20 1670.86 1699.80 1728.56 1759.35 1793.54 1774.19 1743.20 1707.38 1679.12 1648.49 1616.28 1607.86 1599.91
1591.37 1538.81 1484.60 1432.24 1350.63 1311.62 1344.15 1347.02 1343.14 1333.93 1380.42 1446.42 1514.77 1607.62 1695.31 1775.81 1742.36 1700.35 1653.52 1616.20 1573.73 1524.67 1482.08 1435.59
1385.48 1345.55 1302.64 1254.45 1261.82 1306.87 1369.62 1409.40 1436.74 1453.80 1457.05 1494.37 1544.12 1559.19 1581.42 1619.23 1582.29 1538.44 1490.81 1454.12 1420.60 1397.74 1343.39 1289.19
1233.34 1190.75 1149.14 1107.30 997.56 802.90 875.78 1006.19 1148.72 1244.95 1295.32 1376.35 1452.29 1486.04 1532.43 1587.28 1553.71 1518.41 1490.56 1439.59 1396.57 1374.38 1311.98 1274.44
1240.88 1281.58 1320.18 1355.20 1226.02 1060.11 913.65 1078.61 1187.48 1258.13 971.27 976.26 1163.68 1245.49 1337.69 1433.57 1466.23 1496.70 1530.66 1513.60 1496.59 1475.84 1464.75 1453.03
1440.93 1411.03 1374.87 1337.00 1247.06 1194.26 1187.52 1185.71 1178.79 1166.43 1334.55 1455.39 1548.12 1584.09 1621.45 1662.00 1655.20 1645.23 1632.06 1607.31 1579.39 1548.95 1534.08 1515.83
1492.30 1431.99 1367.16 1296.61 1113.68 1152.14 1335.68 1429.28 1493.76 1542.92 1584.82 1629.57 1674.70 1658.48 1644.67 1638.63 1620.56 1602.04 1587.90 1598.54 1612.82 1633.67 1672.50 1711.29
1745.34 1747.27 1751.44 1757.05 1767.68 1779.01 1778.38 1772.90 1764.29 1752.49 1644.93 1537.19 1422.78 1355.80 1298.80 1264.39 1336.13 1406.62 1479.47 1480.74 1484.43 1491.56 1503.06 1514.66
1526.50 1522.08 1519.30 1518.30 1509.91 1503.01 1496.17 1505.03 1502.95 1492.69 1500.25 1583.15 1687.94 1743.15 1797.63 1851.01 1831.79 1809.36 1785.11 1767.25 1749.74 1732.96 1742.54 1752.72
1760.73 1765.44 1773.62 1785.35 1750.02 1712.63 1673.08 1726.37 1767.24 1798.60 1807.54 1820.24 1832.43 1849.32 1868.92 1888.18 1892.20 1888.19 1883.74 1850.68 1814.64 1775.22 1756.19 1737.10
1716.34 1729.64 1752.38 1782.73 1677.92 1550.58 1365.68 869.55 1305.43 1549.25 1763.62 1959.78 2130.58 2183.14 2230.06 2272.04 2259.35 2245.66 2232.14 2219.22 2207.08 2195.71 2162.69 2128.63
2094.73 2099.69 2105.40 2111.85 2130.97 2149.97 2168.69 2150.36 2130.66 2109.90 2045.54 1980.88 1910.94 1857.13 1804.14 1750.46 1714.31 1678.55 1646.98 1591.97 1522.81 1445.01 1451.00 1437.88
1424.40 1321.67 1237.05 1231.74 1261.12 1395.78 1531.94 1563.13 1594.54 1617.73 1613.15 1613.84 1611.33 1576.47 1557.16 1554.24 1500.01 1454.33 1427.94 1443.78 1459.57 1474.82 1456.00 1437.29
1420.34 1426.79 1434.63 1443.66 1379.00 1335.69 1335.24 1324.50 1316.92 1315.79 1132.14 965.44 1089.38 1082.95 1086.74 1094.19 1193.78 1425.80 1611.87 1611.02 1615.80 1628.52 1598.95 1583.12
1582.92 1561.81 1558.73 1574.23 1550.26 1515.06 1477.81 1538.37 1570.75 1587.37 1595.05 1605.97 1614.33 1637.92 1656.24 1682.98 1683.12 1681.19 1679.32 1688.46 1693.30 1699.04 1645.15 1587.92
1530.44 1506.21 1485.29 1468.21 1276.21 961.88 1013.10 1418.83 1641.95 1808.96 1819.73 1830.32 1840.01 1858.76 1864.07 1865.94 1844.78 1820.12 1793.22 1780.38 1763.61 1746.88 1723.51 1686.62
1639.69 1653.79 1668.94 1685.18 1658.12 1632.37 1608.90 1687.75 1744.06 1776.03 1736.27 1710.75 1698.13 1620.13 1552.41 1502.67 1519.14 1523.61 1528.02 1506.39 1513.55 1553.72 1561.80 1573.85
1589.01 1542.07 1497.36 1453.59 1451.30 1450.83 1451.40 1495.47 1537.06 1576.66 1534.91 1506.52 1501.19 1483.81 1494.54 1527.72 1481.93 1429.88 1375.04 1412.22 1449.07 1488.53 1486.36 1485.29
1477.10 1483.08 1488.99 1494.75 1459.86 1418.09 1371.33 1353.62 1322.45 1290.41 1354.06 1449.95 1533.01 1567.95 1600.72 1636.14 1640.52 1646.85 1655.91 1641.10 1617.89 1595.88 1589.81 1586.65
1586.96 1596.47 1606.65 1617.27 1548.88 1473.16 1388.67 1428.86 1467.62 1502.34 1591.65 1669.05 1731.26 1803.59 1871.41 1938.58 1939.77 1937.34 1930.79 1925.69 1918.16 1911.56 1881.29 1850.47
1819.15 1843.75 1868.38 1890.91 1747.43 1580.97 1358.44 1120.85 1013.26 1239.08 1262.41 1333.55 1413.31 1389.53 1462.54 1569.44 1497.56 1472.68 1534.53 1600.74 1668.11 1736.85 1767.94 1799.40
1834.85 1818.98 1798.17 1778.16 1737.90 1706.30 1689.52 1710.91 1723.30 1729.97 1720.69 1713.85 1703.95 1704.51 1711.57 1725.19 1683.16 1665.81 1699.11 1652.07 1604.16 1557.44 1551.37 1551.91
1560.56 1609.52 1657.13 1702.11 1694.80 1687.58 1679.21 1687.76 1670.47 1648.04 1702.52 1777.18 1849.35 1879.79 1913.03 1951.05 1912.88 1865.10 1809.94 1796.70 1783.60 1771.07 1734.37 1696.13
1655.77 1647.15 1638.80 1630.74 1652.27 1674.31 1695.46 1739.49 1770.84 1793.60 1806.78 1826.28 1849.31 1879.05 1910.75 1945.17 1923.81 1894.92 1858.80 1789.47 1712.94 1629.49 1567.07 1489.25
1427.69 1340.10 1486.16 1722.21 1822.60 1914.94 2001.89 1977.58 1950.61 1925.63 1951.71 1979.72 1998.97 2022.61 2047.32 2065.53 2082.44 2099.15 2114.78 2136.49 2158.62 2180.72 2155.94 2130.29
2103.33 2082.47 2063.68 2046.90 2014.18 1989.75 1976.63 1984.08 1987.09 1989.64 1904.01 1818.07 1726.17 1692.26 1660.52 1632.57 1580.16 1519.88 1447.69 1277.35 1175.41 1320.96 1211.84 1078.11
900.12 964.03 1063.11 1144.05 1273.52 1422.48 1551.59 1511.90 1478.68 1454.04 1412.95 1438.23 1496.21 1568.76 1645.50 1722.87 1706.80 1686.47 1658.92 1622.44 1582.05 1537.21 1467.41 1386.22
1291.53 1295.02 1304.72 1316.56 1301.34 1321.64 1367.43 1481.07 1563.69 1625.22 1629.40 1672.24 1725.26 1753.83 1798.88 1855.29 1826.50 1792.39 1749.79 1752.83 1755.22 1753.70 1699.92 1642.59
1581.25 1587.55 1598.97 1615.87 1601.54 1591.26 1583.43 1626.17 1661.39 1695.40 1685.05 1678.20 1717.93 1651.28 1591.60 1545.90 1525.03 1506.46 1488.83 1543.50 1595.28 1644.62 1631.17 1616.32
1600.48 1554.97 1499.57 1461.80 1346.68 1199.86 990.20 814.97 868.93 915.45 1030.05 1146.71 1246.92 1430.73 1584.35 1722.81 1857.73 1964.60 2055.85 2129.76 2201.79 2273.24 2322.80 2372.00
2421.61 2405.64 2388.77 2374.76 2370.56 2367.92 2368.13 2355.89 2339.11 2322.47 2254.56 2189.02 2124.34 2084.24 2045.91 2010.54 1954.95 1886.29 1798.03 1812.76 1828.10 1843.50 1767.09 1678.65
1575.41 1591.52 1610.18 1631.18 1663.28 1705.38 1750.98 1735.53 1714.84 1689.66 1603.72 1553.50 1546.27 1546.72 1549.07 1543.92 1564.38 1587.42 1604.96 1598.74 1616.94 1656.09 1666.51 1679.45
1689.24 1690.02 1695.46 1705.11 1718.21 1731.27 1744.30 1766.88 1780.51 1790.07 1820.22 1850.25 1880.02 1851.30 1825.74 1802.31 1769.49 1730.92 1683.59 1654.96 1620.82 1584.73 1601.54 1618.78
1635.83 1646.32 1659.02 1673.08 1681.62 1695.41 1715.16 1659.41 1588.92 1514.35 1504.95 1553.43 1622.67 1643.86 1682.76 1732.75 1720.47 1706.74 1684.70 1647.06 1605.96 1561.59 1529.80 1499.52
1471.96 1484.77 1500.21 1516.41 1495.54 1482.63 1475.99 1493.75 1541.76 1599.21 1622.16 1647.96 1670.01 1699.83 1731.43 1760.69 1728.28 1692.73 1647.59 1644.34 1639.91 1635.96 1602.74 1566.80
1522.39 1483.04 1444.22 1418.65 1452.59 1489.53 1522.85 1485.32 1441.15 1393.46 1433.39 1469.41 1501.22 1560.76 1624.79 1688.45 1655.26 1615.17 1562.96 1553.37 1542.68 1531.33 1517.75 1501.73
1486.31 1481.85 1479.70 1482.91 1499.03 1516.68 1541.44 1565.58 1572.76 1575.55 1568.93 1622.70 1692.54 1721.68 1753.08 1788.30 1722.95 1645.37 1553.07 1576.91 1602.00 1629.24 1605.52 1581.27
1556.42 1546.16 1535.25 1525.50 1519.60 1515.19 1510.63 1403.13 1280.23 1155.04 1051.87 931.62 821.27 987.60 1153.99 1278.81 1394.03 1494.19 1579.83 1727.76 1861.41 1984.04 2010.13 2036.60
2061.81 2092.17 2116.49 2141.39 2138.67 2135.74 2133.03 2154.81 2174.12 2194.09 2164.69 2135.61 2103.70 2061.45 2019.81 1976.36 1930.03 1881.52 1830.72 1797.83 1762.63 1727.31 1717.75 1709.05
1702.22 1706.84 1712.91 1720.63 1710.11 1699.75 1690.17 1690.73 1683.61 1673.95 1609.55 1551.16 1496.11 1362.80 1247.72 1186.61 1262.06 1332.71 1393.06 1334.00 1283.66 1265.34 1139.62 990.53
983.65 1028.03 1118.70 1214.64 1101.21 1179.17 1333.07 1323.11 1308.18 1294.48 1390.72 1501.06 1594.79 1625.16 1657.52 1692.36 1673.59 1653.30 1622.46 1648.71 1674.83 1698.89 1688.14 1674.53
1661.97 1657.63 1653.07 1648.63 1637.24 1626.80 1616.93 1649.88 1676.64 1699.46 1713.46 1728.70 1739.05 1679.91 1630.68 1595.21 1373.09 1198.57 1237.27 1812.81 2202.79 2505.03 2521.84 2539.77
2559.15 2538.41 2516.84 2493.94 2510.62 2528.03 2545.71 2539.24 2529.38 2516.95 2460.01 2404.75 2350.71 2301.34 2255.52 2213.27 2167.89 2117.19 2056.49 2053.62 2050.10 2047.81 1999.19 1947.51
1895.12 1874.81 1854.19 1831.76 1805.62 1779.52 1753.15 1753.74 1746.17 1736.39 1633.79 1529.56 1435.35 1374.63 1324.89 1308.38 1160.85 1204.35 1360.65 1454.37 1568.33 1675.87 1719.44 1760.85
1796.81 1821.29 1845.31 1868.81 1894.68 1914.07 1932.56 1932.23 1930.70 1929.00 1921.11 1914.08 1901.86 1927.94 1958.61 1993.22 2029.71 2065.95 2100.15 2087.02 2074.28 2061.34 2033.38 2004.39
1975.05 1954.23 1933.81 1912.79 1863.29 1810.05 1753.37 1839.50 1906.90 1965.57 1914.90 1870.10 1829.30 1780.83 1734.75 1692.27 1674.07 1656.56 1631.23 1610.63 1589.28 1565.49 1595.34 1624.81
1654.79 1651.33 1651.17 1653.24 1653.11 1652.08 1652.07 1652.17 1645.11 1634.22 1502.29 1354.35 1174.59 1177.80 1205.80 1217.38 1194.18 1186.63 1192.12 1233.66 1274.80 1313.52 1306.64 1319.58
1300.19 1246.64 1273.57 1359.40 1462.60 1585.03 1700.23 1635.71 1559.91 1476.98 1203.61 877.86 1172.99 1219.03 1265.70 1301.76 1316.35 1322.66 1323.19 1256.00 1205.34 1197.32 1063.02 1008.32
1120.95 1149.84 1182.74 1217.50 1157.00 1101.55 1080.07 1140.15 1250.37 1346.61 1366.30 1399.15 1437.91 1386.01 1335.64 1285.78 1206.80 1140.44 1134.97 1101.82 1248.34 1400.95 1384.10 1372.93
1369.29 1344.15 1353.14 1397.15 1372.80 1418.27 1493.37 1449.08 1405.57 1367.89 1213.97 1152.91 1223.55 1400.19 1527.14 1635.04 1640.75 1648.13 1650.75 1654.79 1662.40 1677.37 1652.16 1626.43
1598.24 1615.00 1631.51 1647.70 1654.85 1666.12 1680.89 1726.21 1756.10 1774.40 1808.75 1873.61 1945.48 1939.93 1936.57 1934.33 1864.80 1781.20 1672.06 1704.12 1742.58 1783.93 1784.27 1789.04
1796.96 1780.13 1764.10 1748.31 1748.74 1753.71 1762.57 1748.77 1730.38 1710.78 1795.11 1866.38 1927.11 1936.01 1948.03 1963.74 1910.30 1853.03 1790.59 1782.85 1775.58 1770.34 1749.52 1736.90
1732.43 1698.81 1657.53 1604.24 1625.68 1646.89 1665.57 1610.45 1552.52 1499.06 1480.37 1505.02 1545.21 1457.98 1351.22 1244.84 1215.48 1080.52 1052.72 1447.61 1705.41 1906.75 1918.70 1915.78
1911.11 1870.52 1830.30 1791.35 1711.61 1621.17 1521.13 1574.41 1620.71 1665.27 1692.64 1721.14 1748.33 1701.62 1657.78 1615.20 1559.12 1493.71 1412.30 1438.90 1474.55 1517.32 1523.29 1549.15
1590.72 1568.72 1546.03 1522.58 1530.72 1578.37 1641.06 1577.24 1492.78 1396.51 1154.53 1025.65 1220.16 1402.68 1545.55 1656.89 1657.18 1657.69 1651.63 1658.16 1665.29 1672.40 1642.18 1610.55
1577.62 1561.37 1546.93 1530.77 1559.43 1601.05 1648.27 1667.84 1680.04 1686.26 1745.60 1803.10 1853.58 1864.48 1878.37 1895.44 1867.83 1839.33 1803.49 1822.81 1850.60 1885.19 1856.62 1831.11
1808.58 1808.15 1807.67 1807.13 1800.77 1794.06 1792.04 1830.18 1862.87 1891.94 1919.72 1946.15 1967.72 1988.41 2011.47 2034.69 2008.51 1976.05 1930.38 1911.25 1892.59 1875.53 1776.43 1659.91
1516.31 1318.71 1123.26 1219.44 1493.32 1746.93 1941.97 2003.39 2062.40 2124.25 2088.07 2055.79 2030.00 2001.54 1974.70 1950.12 1927.26 1903.12 1872.78 1877.56 1882.96 1888.59 1889.87 1897.31
1911.17 1900.98 1892.91 1886.94 1841.43 1804.48 1768.19 1785.43 1795.42 1798.89 1794.07 1802.69 1819.44 1762.04 1722.39 1709.77 1640.96 1562.91 1467.75 1526.94 1591.27 1656.36 1596.66 1534.40
1467.32 1399.53 1336.75 1315.02 1370.94 1437.12 1503.36 1567.10 1618.10 1660.39 1629.36 1624.69 1645.59 1648.73 1653.44 1664.19 1710.88 1759.74 1790.30 1807.22 1826.30 1847.79 1865.26 1882.37
1894.74 1904.13 1913.89 1925.20 1905.16 1886.32 1868.87 1893.68 1912.42 1930.69 1940.60 1950.61 1959.01 1960.49 1965.21 1974.52 1930.88 1868.77 1785.82 1715.92 1636.74 1549.17 1500.06 1432.59
1323.65 1159.30 1167.32 1383.78 1600.33 1769.18 1896.98 1891.77 1873.20 1845.15 1854.44 1865.63 1878.88 1846.74 1825.74 1818.95 1799.50 1776.55 1742.33 1751.13 1763.04 1777.28 1791.30 1815.80
1849.82 1852.69 1855.89 1859.58 1863.40 1868.46 1873.22 1886.02 1888.90 1887.38 1924.03 1957.14 1987.21 1902.07 1813.44 1719.07 1644.82 1554.85 1431.53 1308.26 1166.50 1123.72 1130.38 1178.03
1243.79 1269.26 1374.14 1489.30 1530.89 1573.70 1616.94 1519.49 1401.60 1256.66 1109.60 1381.49 1558.59 1593.99 1629.06 1665.40 1645.50 1629.90 1615.34 1525.27 1435.30 1368.34 1299.12 1206.70
1096.05 1020.79 1004.66 1092.00 1300.23 1451.75 1574.86 1575.26 1568.65 1559.01 1508.84 1456.35 1406.88 1289.42 1150.90 966.89 1085.29 1227.10 1343.92 1285.29 1225.30 1177.20 1296.98 1389.74
1457.62 1358.03 1245.83 1119.50 1237.95 1417.41 1567.94 1583.25 1588.64 1587.46 1588.68 1636.01 1696.99 1735.69 1790.05 1852.01 1819.49 1783.55 1736.62 1732.47 1730.87 1731.94 1712.70 1695.78
1679.76 1657.25 1630.75 1603.69 1612.14 1630.75 1655.78 1663.81 1679.23 1694.57 1645.84 1703.68 1809.50 1803.48 1807.23 1820.78 1786.26 1743.34 1684.01 1731.02 1774.60 1815.04 1841.38 1872.17
1903.98 1861.92 1818.86 1775.54 1791.94 1809.39 1827.48 1818.76 1803.82 1786.93 1758.67 1732.48 1707.10 1619.09 1537.10 1482.13 1432.34 1395.44 1382.45 1396.08 1414.61 1435.48 1415.88 1397.60
1376.24 1381.62 1388.84 1395.77 1438.78 1480.26 1519.08 1532.02 1538.88 1539.83 1526.26 1619.75 1714.21 1765.41 1812.20 1854.88 1803.20 1742.24 1660.05 1677.10 1693.64 1710.57 1671.89 1625.53
1573.95 1593.46 1612.27 1630.39 1639.97 1643.34 1646.66 1650.34 1649.71 1643.57 1700.57 1745.47 1780.80 1768.86 1761.21 1758.52 1721.23 1681.81 1637.01 1636.70 1636.27 1634.28 1445.68 1286.94
1237.74 1494.92 1741.04 1938.48 2063.61 2180.56 2280.99 2255.64 2220.91 2182.56 2209.95 2237.42 2260.00 2274.16 2288.88 2305.91 2307.75 2313.11 2321.40 2302.13 2283.24 2266.08 2224.62 2181.00
2138.32 2090.27 2037.52 1981.57 1999.82 2018.03 2036.22 2073.26 2103.43 2128.48 2094.02 2062.09 2032.32 1971.10 1913.76 1860.38 1836.52 1810.29 1775.71 1765.74 1754.78 1743.52 1749.30 1758.25
1771.78 1752.66 1735.26 1720.05 1701.55 1686.86 1678.30 1649.94 1627.69 1613.93 1531.96 1465.44 1391.03 1288.04 1306.05 1417.34 1435.75 1458.64 1478.50 1436.51 1394.17 1361.13 1341.97 1327.67
1318.58 1291.91 1252.55 1193.83 1079.04 932.79 884.53 879.28 896.35 961.57 1366.38 1582.74 1731.91 1756.15 1787.51 1823.66 1765.15 1699.43 1621.65 1592.98 1561.97 1531.12 1506.46 1480.88
1455.39 1451.96 1439.27 1425.53 1385.49 1355.46 1343.84 1188.18 1095.19 1186.54 1242.33 1297.38 1355.80 1435.54 1540.74 1642.95 1661.55 1682.39 1699.73 1701.02 1703.20 1705.62 1715.05 1721.27
1727.59 1722.73 1720.31 1720.27 1746.18 1772.69 1798.58 1799.43 1788.47 1774.45 1830.72 1886.16 1934.02 1919.43 1909.51 1904.40 1882.70 1856.34 1821.17 1837.11 1853.28 1869.54 1842.98 1814.53
1785.85 1804.06 1822.71 1841.26 1833.26 1824.65 1815.25 1784.89 1736.76 1686.28 1587.54 1497.53 1436.99 945.63 762.90 1348.29 1757.62 2046.58 2274.08 2271.78 2268.70 2268.53 2284.59 2301.21
2318.87 2313.70 2309.51 2305.87 2309.18 2312.85 2316.90 2311.68 2301.45 2288.53 2258.95 2230.79 2203.84 2194.40 2189.84 2187.00 2160.71 2133.18 2099.41 2059.04 2003.88 1950.90 1928.27 1905.72
1882.62 1881.13 1881.20 1883.97 1836.64 1784.94 1728.88 1684.10 1631.02 1569.98 1456.66 1340.78 1225.72 1320.27 1404.55 1481.15 1460.06 1494.30 1568.35 1485.90 1400.53 1334.10 1348.91 1363.40
1377.46 1339.93 1298.69 1254.99 1219.12 1219.41 1256.54 1357.63 1431.51 1483.99 1470.10 1490.22 1525.94 1504.69 1541.16 1606.84 1646.74 1709.34 1779.68 1769.87 1758.99 1747.64 1736.08 1728.43
1724.75 1704.83 1685.32 1664.74 1720.53 1773.45 1813.23 1843.95 1861.91 1879.69 1833.46 1787.40 1741.04 1737.60 1738.50 1741.18 1729.10 1718.03 1705.84 1715.41 1727.31 1742.10 1774.97 1806.21
1837.25 1805.19 1769.93 1724.56 1642.81 1550.41 1452.17 1506.01 1544.26 1567.28 1554.05 1520.12 1486.79 1522.03 1560.17 1597.38 1525.40 1446.34 1363.07 1431.10 1512.07 1595.62 1606.33 1618.68
1636.44 1590.61 1594.24 1650.48 1663.85 1677.05 1687.38 1700.19 1726.03 1759.17 1793.58 1829.31 1864.13 1851.50 1843.17 1838.95 1781.61 1713.56 1624.15 1588.32 1558.19 1538.22 1603.65 1666.09
1726.42 1729.01 1733.70 1742.60 1672.61 1616.65 1591.98 1556.95 1527.47 1503.74 1556.09 1598.14 1630.51 1636.96 1646.69 1658.92 1543.96 1409.65 1299.37 1198.73 1130.96 1183.20 1193.77 1214.17
1243.27 1314.53 1378.41 1436.71 1385.93 1332.85 1283.55 1290.14 1287.09 1273.41 1162.97 1120.13 1156.59 1042.84 962.25 840.38 1040.20 1204.66 1331.22 1449.52 1553.67 1639.43 1593.95 1544.74
1490.11 1425.73 1449.45 1544.73 1481.63 1416.30 1352.86 1281.82 1274.36 1361.03 1480.20 1575.10 1650.50 1640.63 1635.30 1633.39 1613.62 1596.05 1575.29 1573.21 1575.53 1583.24 1513.77 1449.85
1396.45 1403.01 1415.79 1436.65 1469.91 1511.14 1557.14 1533.52 1503.84 1466.67 1462.22 1483.35 1519.48 1510.82 1516.58 1534.51 1523.70 1511.68 1494.47 1512.61 1535.93 1556.56 1528.75 1494.55
1453.32 1445.19 1450.63 1472.54 1462.27 1454.93 1452.14 1516.89 1559.64 1588.45 1556.36 1566.51 1599.21 1649.60 1711.89 1779.69 1769.92 1762.10 1750.43 1760.62 1771.12 1781.49 1719.07 1651.22
1573.81 1648.32 1717.08 1780.78 1742.12 1701.62 1659.01 1716.51 1760.67 1798.37 1833.60 1874.31 1916.76 1930.68 1946.26 1952.15 1936.42 1917.74 1885.39 1832.62 1774.36 1709.62 1605.63 1486.21
1354.95 1447.11 1526.98 1595.34 1571.25 1555.61 1555.45 1478.49 1389.35 1280.63 934.47 1351.95 1599.37 1752.80 1927.84 2031.59 1963.94 1884.52 1786.80 1735.28 1677.41 1613.28 1590.94 1589.77
1613.50 1622.13 1634.42 1640.72 1585.18 1522.78 1445.43 1378.56 1371.19 1420.48 1556.15 1666.81 1756.04 1728.92 1706.23 1687.66 1702.93 1715.85 1731.09 1700.15 1669.72 1637.45 1618.27 1599.76
1579.17 1637.49 1698.68 1760.45 1741.99 1711.04 1681.94 1690.61 1692.42 1687.44 1645.39 1605.99 1571.06 1498.82 1423.55 1345.58 1338.99 1401.78 1498.14 1431.43 1357.80 1287.28 1051.64 1127.21
