25.66 0.00 0.00 0.00 23.36 100.88 269.92 564.50 605.38 475.02 349.46 192.99 192.99 192.99 192.99 192.99 332.00 284.63 332.94 615.51 643.30 530.59 400.51 355.76
31.12 0.00 0.00 0.00 28.33 122.35 327.36 684.63 753.44 589.85 433.01 234.06 234.06 234.06 234.06 234.06 419.03 342.76 405.43 748.14 780.20 643.50 485.74 431.47
38.50 37.33 46.03 56.17 61.26 51.26 39.89 32.73 42.72 55.24 70.75 46.39 41.06 90.35 42.61 32.64 32.64 47.20 94.93 108.80 108.80 108.80 108.80 108.80
68.11 66.05 81.43 99.38 101.24 90.69 70.58 57.91 75.59 97.73 125.17 82.05 68.73 157.79 73.27 57.75 57.75 83.96 168.46 192.50 192.50 192.50 192.50 192.50
37.50 81.72 36.46 36.37 36.42 29.83 24.13 47.23 24.85 43.37 103.87 119.91 125.00 125.00 125.00 125.00 125.00 125.00 92.34 37.50 37.50 37.50 37.50 37.50
116.00 116.00 116.00 116.00 116.00 116.00 116.00 85.72 34.80 34.80 34.80 34.80 34.80 34.80 34.80 58.96 82.36 34.80 34.80 34.80 60.50 111.37 116.00 116.00
39.75 87.00 38.65 38.56 38.60 31.62 25.57 50.07 26.34 46.01 110.17 127.48 132.50 132.50 132.50 132.50 132.50 132.50 97.89 39.75 39.75 39.75 39.75 39.75
63.15 142.22 61.40 61.25 61.33 50.24 40.60 79.57 41.85 73.50 175.67 207.62 210.50 210.50 210.50 210.50 210.50 210.50 155.55 63.15 63.15 63.15 63.15 63.15
333.19 254.90 337.35 371.95 411.24 233.33 72.68 56.68 88.18 133.68 186.90 460.54 623.00 623.00 623.00 623.00 623.00 623.00 460.54 186.90 186.90 186.90 356.65 623.00
51.45 50.32 44.93 42.44 43.16 36.45 32.39 30.35 11.06 3.79 2.56 1.43 1.54 2.99 4.17 6.15 9.11 26.27 69.44 99.39 88.34 78.96 70.35 67.62
60.53 59.20 52.86 49.93 50.78 42.88 38.11 35.70 12.99 4.45 3.01 1.68 1.82 3.52 4.90 7.24 10.72 30.90 81.70 116.93 103.93 92.89 82.76 79.56
7.07 4.27 3.28 2.68 2.42 2.09 2.53 3.90 9.35 18.49 32.09 38.00 41.40 41.40 41.40 41.40 41.40 41.40 41.40 41.40 41.40 29.89 19.55 15.26
2.44 2.39 2.41 2.48 2.56 2.09 1.76 1.56 1.41 2.38 3.83 5.78 8.50 12.12 9.34 22.01 28.74 19.11 10.20 12.55 10.20 7.90 5.08 5.34
65.28 65.28 65.28 65.28 65.28 65.28 65.28 65.28 65.28 65.28 106.28 144.48 217.60 217.60 217.60 217.60 134.72 104.24 65.28 65.28 65.28 44.60 26.92 21.80
55.23 54.39 64.48 76.86 90.92 72.93 61.08 54.78 42.17 18.10 19.27 23.56 28.75 34.70 42.90 52.46 60.00 60.00 60.00 60.00 84.70 172.48 192.25 200.00
41.75 41.12 48.75 58.10 68.74 55.14 46.17 41.41 31.84 13.68 14.56 17.81 21.74 26.23 32.43 39.66 45.36 45.36 45.36 45.36 64.30 130.65 145.34 151.20
24.16 23.80 28.21 33.63 39.78 31.91 26.72 23.97 18.36 7.92 8.43 10.31 12.58 15.18 18.77 22.95 26.25 26.25 26.25 26.25 37.43 75.79 84.11 87.50
39.08 38.48 45.62 54.38 64.33 51.60 43.21 38.76 29.79 12.80 13.63 16.67 20.34 24.55 30.35 37.12 42.45 42.45 42.45 42.45 60.23 122.31 136.01 141.50
51.09 50.31 59.65 71.09 84.10 67.46 56.50 50.67 38.99 16.74 17.82 21.80 26.60 32.09 39.68 48.53 55.50 55.50 55.50 55.50 78.45 159.64 177.83 185.00
36.04 35.49 42.07 50.15 59.33 47.59 39.85 35.74 27.46 11.81 12.57 15.38 18.76 22.64 27.99 34.23 39.15 39.15 39.15 39.15 55.60 112.85 125.44 130.50
80.36 79.14 93.82 111.83 132.29 106.12 88.87 79.70 61.43 26.33 28.03 34.28 41.84 50.48 62.42 76.33 87.30 87.30 87.30 87.30 122.29 250.05 279.72 291.00
0.00 0.00 0.00 0.00 0.00 0.00 0.00 0.00 0.00 0.00 0.00 0.00 0.00 0.00 0.00 0.00 0.00 0.00 0.00 0.00 0.00 0.00 0.00 0.00
48.97 48.01 54.19 62.13 71.86 59.42 51.44 46.94 33.07 41.08 27.27 16.35 19.79 24.03 30.17 37.85 47.26 51.18 51.18 51.18 95.98 170.60 155.33 170.60
47.07 46.15 52.09 59.73 69.08 57.13 49.45 45.12 31.91 39.24 26.09 15.72 19.02 23.10 29.00 36.38 45.43 49.20 49.20 49.20 92.28 164.00 149.32 164.00
63.20 61.97 69.94 80.20 92.75 76.70 66.39 60.59 41.64 55.08 36.23 21.10 25.54 31.02 38.94 48.85 61.00 66.06 66.06 66.06 123.80 220.20 200.50 220.20
225.46 221.07 249.50 286.07 330.87 273.61 236.84 216.13 130.54 206.96 134.21 75.28 91.12 110.66 138.90 174.26 217.59 235.65 235.65 235.65 440.78 785.50 715.21 785.50
81.08 79.50 89.73 102.88 118.99 98.40 85.18 77.73 52.23 72.82 47.55 27.07 32.77 39.80 49.95 62.67 78.26 84.75 84.75 84.75 158.74 282.50 257.22 282.50
49.21 66.55 22.07 17.88 33.53 11.02 8.22 5.96 7.20 8.75 26.49 14.47 7.62 2.44 3.76 5.68 8.24 9.36 10.97 13.26 14.36 20.31 32.16 29.05
7.49 6.77 8.03 9.42 11.01 8.38 6.61 5.53 8.13 11.67 16.24 21.54 24.91 29.88 31.39 29.88 29.88 29.88 29.88 29.88 31.77 29.88 23.61 23.71
46.05 41.61 49.36 57.93 67.70 51.54 40.64 34.02 49.98 71.75 99.84 158.34 153.16 183.75 210.51 183.75 183.75 183.75 183.75 183.75 229.39 183.75 145.17 145.78
12.60 12.60 12.60 12.60 12.60 12.60 12.60 12.60 12.60 12.60 21.85 31.00 42.00 42.00 42.00 42.00 29.54 21.20 12.60 12.60 12.60 8.61 5.20 4.21
5.78 5.65 5.72 5.87 6.05 4.94 4.16 3.69 3.34 5.62 9.07 13.68 20.12 28.68 22.05 52.12 68.05 45.19 24.15 35.91 24.15 18.69 12.03 12.64
5.03 4.92 4.97 5.10 5.26 4.30 3.62 3.21 2.90 4.88 7.89 11.89 17.50 24.94 19.18 45.32 59.17 39.30 21.00 30.13 21.00 16.26 10.46 10.99
0.93 0.91 0.92 0.95 0.98 0.80 0.67 0.60 0.54 0.91 1.46 2.21 3.25 4.63 3.59 8.42 10.99 7.33 3.90 4.30 3.90 3.02 1.94 2.04
181.09 165.48 170.34 183.97 194.54 146.03 106.85 76.52 78.94 81.81 88.53 46.08 36.65 42.00 47.47 54.32 60.00 60.00 60.00 60.00 60.00 56.97 76.00 84.09
59.42 71.73 69.47 68.57 69.25 61.59 59.85 63.51 77.51 94.47 113.85 163.34 238.91 338.60 338.60 338.60 338.60 338.60 338.60 338.60 338.60 338.60 338.60 338.60
40.14 22.12 24.14 20.85 12.52 25.71 29.96 15.67 25.22 13.04 20.00 14.67 10.33 13.64 18.60 25.15 33.52 41.95 45.00 45.00 45.00 78.33 112.74 115.84
40.14 22.12 24.14 20.85 12.52 25.71 29.96 15.67 25.22 13.04 20.00 14.67 10.33 13.64 18.60 25.15 33.52 41.95 45.00 45.00 45.00 78.33 112.74 115.84
2.68 1.51 1.29 1.07 0.83 1.24 1.19 0.64 1.31 0.89 1.33 0.99 0.69 0.91 1.24 1.68 2.23 2.80 3.00 3.00 3.00 5.27 7.52 7.72
60.53 59.20 52.86 49.93 50.78 42.88 38.11 35.70 12.99 4.45 3.01 1.68 1.82 3.52 4.90 7.24 10.72 30.90 81.70 116.93 103.93 92.89 82.76 79.56
35.59 34.81 31.08 29.36 29.86 25.21 22.41 20.99 7.67 2.62 1.77 0.99 1.07 2.07 2.88 4.26 6.30 18.19 48.04 68.76 61.11 54.62 48.66 46.78
61.64 59.77 73.69 89.94 92.90 82.07 63.87 52.41 68.40 88.44 113.27 74.26 62.89 143.27 66.79 52.26 52.26 75.89 152.35 174.20 174.20 174.20 174.20 174.20
88.28 85.61 105.55 128.81 126.16 117.54 91.47 75.06 97.97 126.67 162.24 106.33 86.22 202.25 92.70 74.85 74.85 109.23 218.77 249.50 249.50 249.50 249.50 249.50
7.59 7.40 7.92 8.49 9.12 7.24 6.06 5.54 5.92 6.34 9.16 9.11 11.89 15.32 19.20 58.29 29.21 30.00 30.00 30.00 30.00 27.02 18.18 19.13
11.16 10.88 11.65 12.48 13.40 10.64 8.91 8.14 8.70 9.32 14.78 13.38 17.48 22.53 28.23 85.78 42.94 44.10 44.10 44.10 44.10 39.72 26.72 28.13
4.28 0.00 0.00 1.98 7.79 11.19 21.42 41.16 41.94 41.94 41.94 41.94 41.94 41.94 41.94 41.94 50.50 111.85 139.80 135.62 89.04 56.63 60.75 56.06
0.00 0.00 0.00 0.00 0.00 0.00 0.00 0.00 0.00 0.00 0.00 0.00 0.00 0.00 0.00 0.00 0.00 0.00 0.00 0.00 0.00 0.00 0.00 0.00
5.74 0.00 0.00 2.65 10.75 15.95 28.70 55.15 56.20 56.20 56.20 56.20 56.20 56.20 56.20 56.20 64.20 146.43 187.33 183.78 118.66 73.63 81.40 75.12
9.09 5.69 4.28 3.21 2.46 1.65 2.01 3.75 9.45 19.12 33.80 42.16 45.90 45.90 45.90 45.90 45.90 45.90 45.90 45.90 45.90 37.64 27.40 20.77
149.80 149.80 149.80 149.80 149.80 149.80 149.80 110.71 44.94 44.94 44.94 44.94 44.94 44.94 44.94 76.67 107.25 44.94 44.94 44.94 80.98 146.70 149.80 149.80
43.97 53.09 51.42 50.75 51.25 45.58 44.29 47.00 57.36 69.92 84.26 120.89 176.82 250.60 250.60 250.60 250.60 250.60 250.60 250.60 250.60 250.60 250.60 250.60
71.21 72.85 80.39 88.88 98.02 74.81 60.78 53.76 65.21 78.67 94.52 116.64 144.02 175.17 230.00 230.00 230.00 230.00 230.00 230.00 230.00 230.00 230.00 230.00
125.75 165.09 99.98 56.25 59.80 94.27 136.79 82.23 43.26 103.74 235.61 238.50 238.50 238.50 238.50 238.50 238.50 238.50 176.17 71.55 71.55 71.55 71.55 71.55
9.22 8.53 8.89 9.30 9.81 8.14 6.89 6.05 7.02 8.49 19.50 43.95 31.46 70.85 46.01 28.79 30.00 30.00 30.00 30.00 30.00 21.39 32.66 12.59
125.90 151.84 139.92 128.92 118.44 117.93 128.35 148.95 180.38 216.56 257.83 268.00 268.00 268.00 268.00 268.00 268.00 268.00 268.00 268.00 268.00 268.00 268.00 268.00
131.44 150.98 129.99 110.34 93.12 89.93 95.03 110.02 110.91 112.08 113.85 164.90 234.57 250.00 250.00 250.00 250.00 250.00 250.00 250.00 250.00 250.00 250.00 250.00
0.00 0.00 0.00 0.00 0.00 0.00 0.00 0.00 0.00 0.00 0.00 0.00 0.00 0.00 0.00 0.00 0.00 0.00 0.00 0.00 0.00 0.00 0.00 0.00
12.46 12.13 10.94 9.98 9.23 8.29 7.48 6.70 7.28 7.86 15.94 11.87 4.38 0.00 3.60 6.07 10.02 12.55 16.32 21.81 25.17 31.35 24.25 11.35
52.15 50.26 47.02 45.67 45.89 38.30 33.62 31.49 22.33 15.47 5.80 10.20 17.11 15.55 29.64 48.72 72.72 126.71 168.49 185.40 168.77 126.63 92.76 90.68
0.00 0.00 0.00 0.00 0.00 0.00 0.00 0.00 0.00 0.00 0.00 0.00 0.00 0.00 0.00 0.00 0.00 0.00 0.00 0.00 0.00 0.00 0.00 0.00
78.98 75.61 68.02 64.95 65.45 49.36 37.10 28.31 16.97 10.54 7.71 0.00 9.54 27.01 38.50 55.18 78.71 123.61 182.62 258.58 204.48 158.53 120.39 109.39
54.48 52.05 50.84 52.06 55.80 48.33 44.37 42.91 34.12 19.71 6.18 6.38 7.31 9.09 12.26 16.89 23.28 29.67 70.01 156.32 138.63 124.52 113.39 126.79
17.98 40.69 16.26 15.93 15.62 12.07 9.13 6.81 6.44 6.46 6.85 3.57 6.79 11.90 12.41 13.54 25.32 23.25 22.43 23.09 23.07 24.63 27.98 20.54
665.40 618.07 651.78 691.62 733.59 583.43 457.43 357.39 340.65 196.11 115.41 127.73 146.77 174.01 193.30 216.67 245.61 257.10 257.10 257.10 452.59 565.68 389.06 377.00
957.95 875.41 836.22 973.21 1029.10 772.51 565.26 404.80 417.62 460.78 522.86 301.30 193.87 222.16 251.13 287.34 317.40 317.40 317.40 317.40 317.40 264.39 378.08 444.86
135.31 122.26 145.05 170.23 198.93 151.44 119.41 99.97 146.86 210.83 293.38 605.21 450.03 539.94 745.19 539.94 539.94 539.94 539.94 539.94 868.95 539.94 426.56 428.36
41.28 38.01 74.04 132.60 159.03 159.03 159.03 159.03 159.03 159.03 159.03 159.03 159.03 319.85 157.57 161.50 134.81 127.84 121.84 116.66 86.07 61.90 43.25 37.17
156.60 156.60 156.60 156.60 156.60 156.60 156.60 156.60 156.60 156.60 248.36 322.11 522.00 522.00 522.00 522.00 308.11 257.58 156.60 156.60 156.60 107.00 64.57 52.29
13.36 2.87 2.21 3.47 7.37 13.56 22.98 36.34 78.00 78.00 78.00 78.00 78.00 78.00 78.00 78.00 78.00 78.00 78.00 78.00 145.89 197.69 147.68 129.59
16.55 9.91 7.78 9.67 16.39 25.00 37.55 54.74 123.25 171.72 171.72 171.72 171.72 171.72 171.72 171.72 171.72 171.72 171.72 171.72 124.56 83.43 53.16 44.77
15.72 15.72 15.72 15.72 15.72 15.72 15.72 15.72 15.72 15.72 27.11 38.35 52.40 52.40 52.40 52.40 36.28 26.21 15.72 15.72 15.72 10.74 6.48 5.25
25.02 5.51 4.25 6.67 14.18 26.08 44.20 69.89 150.00 150.00 150.00 150.00 150.00 150.00 150.00 150.00 150.00 150.00 150.00 150.00 280.44 380.16 284.01 249.22
90.65 64.58 49.60 38.45 30.82 27.49 30.41 40.77 79.08 136.62 217.70 288.46 326.40 326.40 326.40 326.40 326.40 326.40 326.40 326.40 326.40 326.40 508.58 187.61
45.58 27.53 21.17 17.31 15.63 13.48 16.32 25.13 60.29 119.26 206.98 245.15 267.06 267.06 267.06 267.06 267.06 267.06 267.06 267.06 267.06 192.79 126.08 98.43
97.00 97.00 97.00 97.00 97.00 97.00 97.00 71.67 29.10 29.10 29.10 29.10 29.10 29.10 29.10 49.03 68.38 29.10 29.10 29.10 49.35 91.87 97.00 97.00
119.20 119.20 119.20 119.20 119.20 119.20 119.20 88.09 35.76 35.76 35.76 35.76 35.76 35.76 35.76 60.63 84.71 35.76 35.76 35.76 62.41 114.69 119.20 119.20
162.88 156.96 146.84 142.63 143.32 119.61 104.99 98.33 69.75 48.31 18.11 34.52 53.43 48.37 103.05 159.03 196.53 395.70 526.18 579.00 527.08 395.45 289.70 283.21
134.15 73.76 104.12 85.16 41.83 88.37 105.74 55.74 87.30 43.53 66.83 48.97 34.52 45.58 62.15 84.05 112.03 140.20 150.39 150.39 150.39 261.62 376.81 387.15
209.97 202.34 189.29 183.87 184.75 154.19 135.34 126.76 89.91 62.28 23.34 45.08 68.88 62.33 137.46 209.46 245.27 510.11 678.31 746.40 679.47 509.78 373.46 365.09
292.28 281.66 263.49 255.95 257.18 214.63 188.40 176.45 125.16 86.69 32.49 63.61 95.88 86.72 199.93 300.65 328.82 710.08 944.21 1039.00 945.83 709.62 519.86 508.21
70.14 68.91 67.06 66.57 67.51 57.50 50.58 46.06 36.74 28.66 22.21 32.15 46.81 96.38 96.49 134.80 419.49 230.25 264.60 264.60 635.83 460.57 132.45 135.41
16.83 33.74 16.36 16.33 16.34 13.39 10.85 21.18 11.15 19.32 46.30 52.29 56.10 56.10 56.10 56.10 56.10 56.10 41.41 16.83 16.83 16.83 16.83 16.83
