643.30 643.30 643.30 634.10 514.55 478.27 445.47 415.15 565.99 475.02 349.46 192.99 192.99 192.99 192.99 192.99 332.00 284.63 332.94 615.51 643.30 643.30 643.30 643.30
780.20 780.20 780.20 769.04 624.05 580.05 540.27 503.50 704.42 589.85 433.01 234.06 234.06 234.06 234.06 234.06 419.03 342.76 405.43 748.14 780.20 780.20 780.20 780.20
108.80 108.80 108.80 108.80 98.16 108.80 108.80 108.80 108.80 108.80 108.80 61.07 46.17 90.35 42.61 32.64 32.64 47.20 94.93 108.80 108.80 70.14 33.88 41.33
192.50 192.50 192.50 192.50 162.22 192.50 192.50 192.50 192.50 192.50 192.50 108.00 77.30 157.79 73.27 57.75 57.75 83.96 168.46 192.50 192.50 124.10 59.94 73.12
37.50 84.11 37.50 37.50 37.50 30.07 22.16 39.69 19.87 34.32 97.44 94.16 101.93 125.00 125.00 125.00 125.00 125.00 92.34 37.50 29.50 13.62 4.87 3.70
116.00 116.00 116.00 116.00 116.00 116.00 116.00 85.72 34.80 34.80 34.80 34.80 34.80 34.80 34.80 58.96 82.36 34.80 34.80 34.80 60.50 111.37 116.00 116.00
39.75 89.55 39.75 39.75 39.75 31.87 23.49 42.08 21.06 36.41 103.35 100.10 108.05 132.50 132.50 132.50 132.50 132.50 97.89 39.75 31.27 14.44 5.16 3.92
63.15 146.38 63.15 63.15 63.15 50.63 37.30 66.87 33.46 58.16 164.80 163.03 171.65 210.50 210.50 210.50 210.50 210.50 155.55 63.15 49.68 22.93 8.20 6.23
622.97 524.08 623.00 623.00 623.00 460.36 186.90 186.90 186.90 186.90 186.90 460.54 623.00 623.00 623.00 623.00 623.00 623.00 460.54 186.90 186.90 117.58 97.53 130.48
170.00 170.00 170.00 170.00 170.00 170.00 170.00 170.00 96.01 51.00 51.00 51.00 51.00 51.00 51.00 51.00 51.00 95.49 170.00 170.00 170.00 170.00 170.00 170.00
200.00 200.00 200.00 200.00 200.00 200.00 200.00 200.00 112.86 60.00 60.00 60.00 60.00 60.00 60.00 60.00 60.00 112.31 200.00 200.00 200.00 200.00 200.00 200.00
27.83 19.94 13.67 9.01 5.72 5.19 4.80 4.59 13.16 28.96 41.40 41.40 41.40 41.40 41.40 41.40 41.40 41.40 41.40 41.40 41.40 41.40 41.40 41.40
6.63 7.95 10.20 10.20 10.20 10.20 10.20 10.20 10.20 19.12 34.00 33.99 34.00 34.00 19.16 34.00 34.00 19.11 10.20 12.55 10.20 7.99 5.50 10.06
65.28 65.28 65.28 60.41 41.15 31.21 23.57 17.92 31.33 52.84 106.28 144.48 217.60 217.60 217.60 217.60 134.72 104.24 65.28 65.28 65.28 65.28 65.28 65.28
200.00 200.00 200.00 200.00 200.00 200.00 200.00 200.00 147.17 60.00 60.00 60.00 60.00 60.00 60.00 60.00 60.00 60.00 60.00 60.00 84.70 172.48 200.00 200.00
151.20 151.20 151.20 151.20 151.20 151.20 151.20 151.20 111.12 45.36 45.36 45.36 45.36 45.36 45.36 45.36 45.36 45.36 45.36 45.36 64.30 130.65 151.20 151.20
87.50 87.50 87.50 87.50 87.50 87.50 87.50 87.50 64.10 26.25 26.25 26.25 26.25 26.25 26.25 26.25 26.25 26.25 26.25 26.25 37.43 75.79 87.50 87.50
141.50 141.50 141.50 141.50 141.50 141.50 141.50 141.50 103.96 42.45 42.45 42.45 42.45 42.45 42.45 42.45 42.45 42.45 42.45 42.45 60.23 122.31 141.50 141.50
185.00 185.00 185.00 185.00 185.00 185.00 185.00 185.00 136.09 55.50 55.50 55.50 55.50 55.50 55.50 55.50 55.50 55.50 55.50 55.50 78.45 159.64 185.00 185.00
130.50 130.50 130.50 130.50 130.50 130.50 130.50 130.50 95.84 39.15 39.15 39.15 39.15 39.15 39.15 39.15 39.15 39.15 39.15 39.15 55.60 112.85 130.50 130.50
291.00 291.00 291.00 291.00 291.00 291.00 291.00 291.00 214.40 87.30 87.30 87.30 87.30 87.30 87.30 87.30 87.30 87.30 87.30 87.30 122.29 250.05 291.00 291.00
0.00 0.00 0.00 0.00 0.00 0.00 0.00 0.00 0.00 0.00 0.00 0.00 0.00 0.00 0.00 0.00 0.00 0.00 0.00 0.00 0.00 0.00 0.00 0.00
170.60 170.60 170.60 170.60 170.60 170.60 170.60 170.60 123.33 155.83 103.48 51.18 51.18 51.18 51.18 51.18 51.18 51.18 51.18 51.18 95.98 170.60 170.60 170.60
164.00 164.00 164.00 164.00 164.00 164.00 164.00 164.00 119.02 148.85 99.00 49.20 49.20 49.20 49.20 49.20 49.20 49.20 49.20 49.20 92.28 164.00 164.00 164.00
220.20 220.20 220.20 220.20 220.20 220.20 220.20 220.20 155.30 208.93 137.47 66.06 66.06 66.06 66.06 66.06 66.06 66.06 66.06 66.06 123.80 220.20 220.20 220.20
785.50 785.50 785.50 785.50 785.50 785.50 785.50 785.50 486.84 785.09 509.29 235.65 235.65 235.65 235.65 235.65 235.65 235.65 235.65 235.65 440.78 785.50 785.50 785.50
282.50 282.50 282.50 282.50 282.50 282.50 282.50 282.50 194.81 276.23 180.45 84.75 84.75 84.75 84.75 84.75 84.75 84.75 84.75 84.75 158.74 282.50 282.50 282.50
65.07 88.63 36.00 36.00 84.17 36.00 36.00 36.00 36.00 36.00 88.65 96.29 120.00 120.00 120.00 120.00 120.00 120.00 120.00 120.00 120.00 120.00 120.00 120.00
29.86 29.88 29.88 29.88 29.88 29.88 29.88 29.88 29.88 29.88 29.88 31.88 29.88 29.88 31.39 29.88 29.88 29.88 29.88 29.88 31.77 29.88 29.88 29.88
183.65 183.75 183.75 183.75 183.75 183.75 183.75 183.75 183.75 183.75 183.75 234.28 183.76 183.75 210.51 183.75 183.75 183.75 183.75 183.75 229.39 183.75 183.75 183.75
12.60 12.60 12.60 11.66 7.94 6.02 4.55 3.46 6.05 10.20 21.85 31.00 42.00 42.00 42.00 42.00 29.54 21.20 12.60 12.60 12.60 12.60 12.60 12.60
15.70 18.83 24.15 24.15 24.15 24.15 24.15 24.15 24.15 45.20 80.50 80.49 80.50 80.50 45.25 80.50 80.50 45.19 24.15 35.91 24.15 18.93 13.03 23.82
13.65 16.37 21.00 21.00 21.00 21.00 21.00 21.00 21.00 39.31 70.00 69.99 70.00 70.00 39.36 70.00 70.00 39.30 21.00 30.13 21.00 16.46 11.33 20.71
2.54 3.04 3.90 3.90 3.90 3.90 3.90 3.90 3.90 7.33 13.00 12.99 13.00 13.00 7.37 13.00 13.00 7.33 3.90 4.30 3.90 3.06 2.10 3.85
200.00 200.00 195.26 200.00 200.00 200.00 200.00 200.00 200.00 186.24 171.07 83.48 60.00 60.00 60.00 60.00 60.00 60.00 60.00 60.00 60.00 83.60 171.41 200.00
338.60 338.60 338.60 338.60 338.60 338.60 338.60 338.60 338.60 338.60 338.60 338.60 338.60 338.60 338.60 338.60 338.60 338.60 338.60 338.60 338.60 338.60 338.60 338.60
150.00 84.36 92.76 78.82 45.00 106.15 137.43 75.93 141.55 84.30 150.00 84.20 45.00 45.00 45.00 45.00 45.00 45.00 45.00 45.00 45.00 84.18 149.99 150.00
150.00 84.36 92.76 78.82 45.00 106.15 137.43 75.93 141.55 84.30 150.00 84.20 45.00 45.00 45.00 45.00 45.00 45.00 45.00 45.00 45.00 84.18 149.99 150.00
10.00 5.76 4.96 4.05 3.00 5.11 5.45 3.11 7.33 5.73 10.00 5.66 3.00 3.00 3.00 3.00 3.00 3.00 3.00 3.00 3.00 5.66 10.00 10.00
200.00 200.00 200.00 200.00 200.00 200.00 200.00 200.00 112.86 60.00 60.00 60.00 60.00 60.00 60.00 60.00 60.00 112.31 200.00 200.00 200.00 200.00 200.00 200.00
117.60 117.60 117.60 117.60 117.60 117.60 117.60 117.60 66.59 35.28 35.28 35.28 35.28 35.28 35.28 35.28 35.28 66.10 117.60 117.60 117.60 117.60 117.60 117.60
174.20 174.20 174.20 174.20 148.85 174.20 174.20 174.20 174.20 174.20 174.20 97.74 70.73 143.27 66.79 52.26 52.26 75.89 152.35 174.20 174.20 112.30 54.24 66.17
249.50 249.50 249.50 249.50 202.15 249.50 249.50 249.50 249.50 249.50 249.50 139.96 96.96 202.25 92.70 74.85 74.85 109.23 218.77 249.50 249.50 160.85 77.68 94.78
22.72 28.52 30.00 30.00 30.00 30.00 30.00 30.00 30.00 30.00 40.31 30.00 30.00 30.00 30.00 73.62 30.00 30.00 30.00 30.00 30.00 22.08 14.63 28.38
33.40 41.92 44.10 44.10 44.10 44.10 44.10 44.10 44.10 44.10 65.03 44.10 44.10 44.10 44.10 108.35 44.10 44.10 44.10 44.10 44.10 32.45 21.51 41.71
139.80 139.80 120.03 54.16 61.32 24.82 18.43 16.35 29.75 41.94 41.94 41.94 41.94 41.94 41.94 41.94 50.50 111.85 139.80 135.62 103.80 91.59 139.80 139.80
0.00 0.00 0.00 0.00 0.00 0.00 0.00 0.00 0.00 0.00 0.00 0.00 0.00 0.00 0.00 0.00 0.00 0.00 0.00 0.00 0.00 0.00 0.00 0.00
187.33 187.32 160.84 72.47 84.59 35.36 24.70 21.91 39.86 56.20 56.20 56.20 56.20 56.20 56.20 56.20 64.20 146.43 187.33 183.78 138.32 119.08 187.33 187.33
40.37 30.44 22.32 16.09 11.34 11.08 10.90 10.79 21.55 37.80 45.90 45.90 45.90 45.90 45.90 45.90 45.90 45.90 45.90 45.90 45.90 45.90 45.90 45.90
149.80 149.80 149.80 149.80 149.80 149.80 149.80 110.71 44.94 44.94 44.94 44.94 44.94 44.94 44.94 76.67 107.25 44.94 44.94 44.94 80.98 146.70 149.80 149.80
250.60 250.60 250.60 250.60 250.60 250.60 250.60 250.60 250.60 250.60 250.60 250.60 250.60 250.60 250.60 250.60 250.60 250.60 250.60 250.60 250.60 250.60 250.60 250.60
230.00 230.00 230.00 230.00 230.00 230.00 230.00 230.00 230.00 230.00 230.00 230.00 230.00 230.00 230.00 230.00 230.00 230.00 230.00 230.00 230.00 230.00 108.50 98.19
181.61 238.49 135.14 71.55 60.75 85.59 110.68 59.60 23.37 49.22 111.90 132.59 197.55 238.50 238.50 238.50 238.50 238.50 176.17 71.55 70.40 36.04 16.32 15.59
30.00 30.00 30.00 30.00 30.00 30.00 30.00 30.00 30.00 30.00 56.19 100.00 56.25 100.00 56.12 30.00 30.00 30.00 30.00 30.00 30.00 30.00 73.71 30.00
268.00 268.00 268.00 268.00 268.00 268.00 268.00 268.00 268.00 268.00 268.00 268.00 268.00 268.00 268.00 268.00 268.00 268.00 268.00 268.00 268.00 268.00 209.10 196.47
250.00 250.00 250.00 250.00 250.00 250.00 249.61 207.02 232.77 250.00 250.00 250.00 250.00 250.00 250.00 250.00 250.00 250.00 250.00 250.00 250.00 250.00 131.99 138.09
0.00 0.00 0.00 0.00 0.00 0.00 0.00 0.00 0.00 0.00 0.00 0.00 0.00 0.00 0.00 0.00 0.00 0.00 0.00 0.00 0.00 0.00 0.00 0.00
37.56 48.17 48.75 48.75 48.75 48.75 46.20 41.87 48.75 48.75 91.77 162.50 162.50 162.50 162.50 162.50 162.50 162.50 162.50 162.50 162.50 162.50 96.21 48.75
124.86 121.80 128.71 143.65 166.63 162.61 159.15 156.54 185.40 185.40 104.02 160.49 185.40 104.55 130.61 142.89 146.36 185.40 185.40 185.40 185.40 185.40 185.40 185.40
0.00 0.00 0.00 0.00 0.00 0.00 0.00 0.00 0.00 0.00 0.00 0.00 0.00 0.00 0.00 0.00 0.00 0.00 0.00 0.00 0.00 0.00 0.00 0.00
223.23 262.78 198.37 149.43 113.69 117.67 123.58 132.32 214.97 332.60 332.60 332.60 332.60 332.60 332.60 332.60 332.60 332.60 332.60 332.60 332.60 332.60 332.60 332.60
176.50 176.50 176.50 176.50 176.50 176.50 176.50 176.50 176.50 130.37 52.95 52.95 52.95 52.95 52.95 52.95 52.95 52.95 98.98 176.50 176.50 176.50 176.50 176.50
39.00 95.96 39.00 39.00 39.00 35.74 29.95 24.81 39.00 39.00 39.00 56.82 113.69 73.53 130.00 130.00 130.00 130.00 130.00 130.00 130.00 130.00 130.00 95.85
857.00 857.00 857.00 857.00 857.00 857.00 857.00 857.00 856.99 480.72 257.10 257.10 257.10 257.10 257.10 257.10 257.10 257.10 257.10 257.10 465.33 841.64 857.00 857.00
1058.00 1058.00 958.56 1058.00 1058.00 1058.00 1058.00 1058.00 1058.00 1048.92 1010.31 545.80 317.40 317.40 317.40 317.40 317.40 317.40 317.40 317.40 317.40 387.97 852.76 1058.00
539.66 539.94 539.94 539.94 539.94 539.94 539.94 539.94 539.94 539.94 539.94 895.48 539.95 539.94 745.19 539.94 539.94 539.94 539.94 539.94 868.95 539.94 539.94 539.94
159.03 148.35 120.75 97.24 77.34 56.64 40.11 27.33 68.44 138.93 159.03 159.03 159.03 319.85 159.05 179.56 159.03 159.03 159.03 159.03 159.03 159.03 159.03 159.03
156.60 156.60 156.60 144.91 98.72 74.88 56.54 43.00 75.15 126.77 248.36 322.11 522.00 522.00 522.00 522.00 308.11 257.58 156.60 156.60 156.60 156.60 156.60 156.60
164.49 71.10 56.19 44.12 34.89 30.30 26.17 22.58 51.65 78.00 78.00 78.00 78.00 78.00 78.00 78.00 78.00 78.00 78.00 78.00 145.89 260.00 260.00 260.00
130.25 103.72 77.69 57.35 42.35 33.87 26.96 21.58 66.32 150.50 171.72 171.72 171.72 171.72 171.72 171.72 171.72 171.72 171.72 171.72 171.72 171.72 171.72 171.72
15.72 15.72 15.72 14.55 9.91 7.52 5.68 4.32 7.54 12.73 27.11 38.35 52.40 52.40 52.40 52.40 36.28 26.21 15.72 15.72 15.72 15.72 15.72 15.72
308.16 136.74 108.05 84.84 67.11 58.28 50.32 43.42 99.33 150.00 150.00 150.00 150.00 150.00 150.00 150.00 150.00 150.00 150.00 150.00 280.44 500.00 500.00 500.00
248.50 179.42 125.17 83.85 53.46 49.50 47.70 47.66 117.56 240.67 326.40 326.40 326.40 326.40 326.40 326.40 326.40 326.40 326.40 326.40 326.40 326.40 678.68 326.40
179.52 128.64 88.18 58.14 36.88 33.47 30.99 29.61 84.89 186.78 267.06 267.06 267.06 267.06 267.06 267.06 267.06 267.06 267.06 267.06 267.06 267.06 267.06 267.06
97.00 97.00 97.00 97.00 97.00 97.00 97.00 71.67 29.10 29.10 29.10 29.10 29.10 29.10 29.10 49.03 68.38 29.10 29.10 29.10 49.35 91.87 97.00 97.00
119.20 119.20 119.20 119.20 119.20 119.20 119.20 88.09 35.76 35.76 35.76 35.76 35.76 35.76 35.76 60.63 84.71 35.76 35.76 35.76 62.41 114.69 119.20 119.20
389.95 380.38 401.97 448.61 520.39 507.81 497.02 488.88 579.00 579.00 324.69 542.91 579.00 325.32 454.05 466.38 395.58 578.99 579.00 579.00 579.00 579.00 579.00 579.00
501.30 281.35 400.13 321.97 150.39 364.92 484.95 270.16 490.05 281.31 501.30 281.17 150.39 150.39 150.39 150.39 150.39 150.39 150.39 150.39 150.39 281.15 501.30 501.30
502.69 490.35 518.19 578.31 670.85 654.63 640.71 630.23 746.40 746.40 418.54 708.99 746.40 419.18 605.65 614.30 493.67 746.39 746.40 746.40 746.40 746.40 746.40 746.40
699.75 682.58 721.33 805.01 933.83 911.26 891.88 877.28 1039.00 1039.00 582.57 1000.33 1039.00 583.24 880.86 881.73 661.83 1038.99 1039.00 1039.00 1039.00 1039.00 1039.00 1039.00
216.07 249.03 264.60 264.60 264.60 264.60 264.60 264.60 264.60 264.60 264.60 264.60 264.60 378.16 264.60 264.60 604.22 264.60 264.60 264.60 651.99 651.69 264.61 264.60
16.83 34.73 16.83 16.83 16.83 13.49 9.96 17.80 8.92 15.29 43.44 41.06 45.75 56.10 56.10 56.10 56.10 56.10 41.41 16.83 13.24 6.11 2.18 1.66
