617.85 554.79 450.59 372.83 316.45 238.64 177.73 131.93 177.49 191.49 188.76 134.01 170.59 192.99 192.99 192.99 332.00 284.63 332.94 615.51 643.30 643.30 643.30 635.53
749.33 672.85 546.48 452.17 383.79 289.42 215.55 160.01 220.89 237.78 233.89 162.53 206.89 234.06 234.06 234.06 419.03 342.76 405.43 748.14 780.20 780.20 780.20 770.77
55.25 65.92 64.71 64.41 58.44 52.25 42.35 34.41 44.35 56.47 70.51 30.17 19.25 36.62 16.57 12.25 12.01 22.81 59.84 88.14 63.12 43.33 28.31 27.06
97.75 116.63 114.48 113.96 96.58 92.45 74.92 60.88 78.46 99.92 124.75 53.37 32.23 63.96 28.50 21.67 21.26 40.58 106.19 155.94 111.69 76.66 50.08 47.87
17.66 43.89 18.98 18.51 18.21 15.49 13.09 27.03 11.33 15.75 35.56 49.29 62.00 75.02 73.48 72.64 72.42 88.11 78.67 37.50 25.59 16.01 9.24 9.51
116.00 116.00 116.00 116.00 116.00 116.00 74.75 29.91 18.31 26.33 34.80 34.80 33.38 31.87 33.48 58.96 82.36 34.80 34.80 34.80 60.50 111.37 116.00 116.00
18.72 46.72 20.12 19.62 19.30 16.42 13.88 28.65 12.01 16.71 37.72 52.40 65.72 79.52 77.89 77.00 76.77 93.40 83.40 39.75 27.13 16.97 9.79 10.08
29.74 76.38 31.96 31.17 30.67 26.09 22.04 45.54 19.09 26.69 60.14 85.34 104.41 126.34 123.75 122.33 121.96 148.38 132.53 63.15 43.09 26.96 15.56 16.01
296.08 281.60 318.79 305.59 296.56 190.77 67.50 58.45 70.23 83.70 99.91 239.76 332.74 357.02 341.28 329.77 322.80 392.96 352.94 173.19 119.79 79.01 93.07 165.51
170.00 170.00 170.00 170.00 170.00 125.42 75.84 41.76 28.54 18.59 22.84 14.84 11.66 12.47 16.26 20.91 26.27 58.35 122.47 143.23 101.24 68.68 43.75 43.97
200.00 200.00 200.00 200.00 200.00 147.55 89.22 49.13 33.55 21.88 26.87 17.46 13.71 14.67 19.13 24.59 30.90 68.63 144.08 168.51 119.11 80.80 51.47 51.73
38.66 27.28 17.78 10.79 5.99 4.97 4.25 3.79 10.26 22.09 40.98 41.40 41.40 41.40 41.40 41.40 41.40 41.40 41.40 41.40 41.40 41.40 34.72 20.05
4.08 4.38 4.32 4.45 4.75 3.86 3.18 2.67 3.39 8.03 17.84 11.10 7.74 6.87 4.29 8.43 9.49 7.29 5.26 8.59 5.28 3.91 2.82 2.60
65.28 65.28 65.28 42.14 22.53 14.54 9.38 6.49 13.78 26.54 75.73 114.66 192.48 214.18 217.60 217.60 134.72 104.24 65.28 65.28 65.28 65.28 65.28 65.28
144.35 189.03 181.78 178.24 177.60 130.16 94.60 68.21 60.97 30.22 36.72 22.62 15.69 14.20 15.10 16.16 17.52 25.50 35.92 49.17 49.80 70.46 54.72 53.35
109.13 142.91 137.42 134.75 134.26 98.40 71.52 51.57 46.04 22.85 27.76 17.10 11.86 10.73 11.41 12.22 13.24 19.28 27.15 37.17 37.80 53.37 41.37 40.33
63.15 82.70 79.53 77.98 77.70 56.94 41.39 29.84 26.56 13.22 16.06 9.90 6.86 6.21 6.61 7.07 7.66 11.16 15.71 21.51 22.00 30.96 23.94 23.34
102.13 133.74 128.61 126.10 125.65 92.09 66.93 48.26 43.07 21.38 25.98 16.00 11.10 10.05 10.68 11.43 12.39 18.04 25.41 34.79 35.41 49.96 38.71 37.75
133.53 174.85 168.14 164.87 164.28 120.40 87.51 63.10 56.38 27.96 33.96 20.92 14.51 13.13 13.97 14.95 16.20 23.59 33.22 45.49 46.12 65.21 50.61 49.35
94.19 123.34 118.61 116.30 115.88 84.93 61.73 44.51 39.71 19.72 23.96 14.76 10.24 9.26 9.85 10.54 11.43 16.64 23.44 32.09 32.69 46.10 35.70 34.81
210.04 275.04 264.48 259.33 258.40 189.38 137.65 99.25 88.83 43.98 53.42 32.91 22.83 20.66 21.97 23.51 25.49 37.10 52.26 71.55 71.89 102.14 79.61 77.63
0.00 0.00 0.00 0.00 0.00 0.00 0.00 0.00 0.00 0.00 0.00 0.00 0.00 0.00 0.00 0.00 0.00 0.00 0.00 0.00 0.00 0.00 0.00 0.00
170.60 170.60 170.60 170.60 170.60 152.45 94.83 56.41 50.35 78.15 63.55 18.59 12.43 11.35 12.43 13.68 15.21 21.91 30.53 41.39 55.07 67.01 44.33 44.26
164.00 164.00 164.00 164.00 164.00 146.55 91.17 54.22 48.59 74.65 60.80 17.87 11.95 10.91 11.95 13.15 14.62 21.07 29.35 39.79 52.95 64.42 42.62 42.54
220.20 220.20 220.20 220.20 220.20 196.77 122.41 72.81 63.40 104.78 84.43 23.99 16.04 14.64 16.05 17.66 19.63 28.28 39.41 53.42 71.04 86.50 57.22 57.12
785.50 785.50 785.50 785.50 785.50 701.91 436.65 259.71 198.74 393.73 312.77 85.59 57.23 52.24 57.24 62.99 70.03 100.89 140.58 190.57 252.92 308.56 204.13 203.77
282.50 282.50 282.50 282.50 282.50 252.44 157.04 93.40 79.52 138.53 110.82 30.78 20.58 18.79 20.59 22.65 25.19 36.29 50.56 68.54 91.08 110.97 73.41 73.29
45.23 63.60 17.39 11.74 19.43 7.75 7.39 7.24 7.15 7.85 23.51 17.04 20.10 28.34 39.45 53.69 71.19 74.86 78.97 83.30 60.45 42.41 28.64 30.83
14.01 16.36 17.02 17.71 18.61 12.96 8.74 5.86 8.61 12.12 16.41 12.55 9.85 10.17 10.22 9.40 9.07 13.71 19.80 27.47 19.15 11.21 6.48 6.34
86.18 100.60 104.66 108.93 114.47 79.69 53.76 36.01 52.93 74.50 100.91 92.21 60.54 62.54 68.51 57.80 55.80 84.32 121.78 168.95 138.30 68.94 39.82 38.97
12.60 12.60 12.60 8.13 4.35 2.81 1.81 1.25 2.66 5.12 15.57 24.60 37.15 41.34 42.00 42.00 29.54 21.20 12.60 12.60 12.60 12.60 12.60 12.60
9.66 10.38 10.24 10.55 11.24 9.15 7.52 6.33 8.03 18.99 42.24 26.29 18.33 16.26 10.12 19.95 22.46 17.24 12.45 24.59 12.51 9.25 6.67 6.15
8.40 9.02 8.90 9.17 9.78 7.95 6.54 5.50 6.98 16.51 36.73 22.86 15.94 14.14 8.80 17.35 19.53 14.99 10.83 20.63 10.88 8.04 5.80 5.35
1.56 1.68 1.65 1.70 1.82 1.48 1.21 1.02 1.30 3.08 6.82 4.24 2.96 2.63 1.65 3.22 3.63 2.80 2.01 2.94 2.02 1.49 1.08 0.99
200.00 200.00 195.26 200.00 176.42 114.75 70.22 39.47 68.25 100.56 137.66 50.10 29.79 28.83 30.33 31.84 33.49 41.95 51.78 60.00 42.78 38.17 47.28 78.84
338.60 338.60 338.60 307.30 259.32 199.99 153.49 118.25 148.73 183.99 225.15 264.66 309.76 338.60 338.60 338.60 338.60 338.60 338.60 338.60 338.60 259.57 151.70 142.96
126.34 84.36 92.76 78.14 43.17 67.56 55.56 18.79 44.21 33.63 76.00 24.95 9.09 8.72 10.36 12.20 14.45 20.10 27.18 35.91 25.62 33.05 38.75 38.00
126.34 84.36 92.76 78.14 43.17 67.56 55.56 18.79 44.21 33.63 76.00 24.95 9.09 8.72 10.36 12.20 14.45 20.10 27.18 35.91 25.62 33.05 38.75 38.00
8.42 5.76 4.96 4.01 2.88 3.25 2.20 0.77 2.29 2.28 5.07 1.68 0.61 0.58 0.69 0.81 0.96 1.34 1.81 2.39 1.71 2.22 2.58 2.53
200.00 200.00 200.00 200.00 200.00 147.55 89.22 49.13 33.55 21.88 26.87 17.46 13.71 14.67 19.13 24.59 30.90 68.63 144.08 168.51 119.11 80.80 51.47 51.73
117.60 117.60 117.60 117.60 117.60 86.76 52.46 28.89 19.79 12.86 15.80 10.27 8.06 8.62 11.25 14.46 18.17 40.39 84.72 99.08 70.03 47.51 30.27 30.42
88.46 105.54 103.60 103.12 88.62 83.66 67.80 55.09 71.00 90.42 112.89 48.30 29.49 58.07 25.98 19.61 19.23 36.68 96.04 141.12 101.07 69.37 45.32 43.32
126.69 151.17 148.38 147.70 120.35 119.83 97.11 78.91 101.70 129.51 161.69 69.16 40.43 81.99 36.05 28.09 27.55 52.79 137.90 202.12 144.76 99.36 64.91 62.05
11.43 12.15 11.99 12.21 12.72 10.51 8.82 7.56 10.24 13.63 23.96 11.16 7.78 6.94 7.33 19.13 8.40 11.79 16.24 21.88 16.11 11.54 7.98 7.51
16.80 17.86 17.63 17.94 18.70 15.44 12.97 11.11 15.05 20.03 38.66 16.40 11.44 10.20 10.77 28.16 12.35 17.33 23.87 32.16 23.68 16.97 11.74 11.04
103.47 93.09 68.70 28.30 29.08 10.43 7.05 6.02 10.35 16.41 24.56 32.81 41.94 41.94 41.94 41.94 50.50 111.85 139.80 135.62 103.80 91.59 139.80 109.90
0.00 0.00 0.00 0.00 0.00 0.00 0.00 0.00 0.00 0.00 0.00 0.00 0.00 0.00 0.00 0.00 0.00 0.00 0.00 0.00 0.00 0.00 0.00 0.00
138.65 124.74 92.06 37.87 40.11 14.86 9.45 8.06 13.88 21.99 32.90 43.96 56.20 56.20 56.20 56.20 64.20 146.43 187.33 183.78 138.32 119.08 187.33 147.27
45.90 38.42 27.47 18.83 12.25 9.58 7.41 5.68 12.49 23.32 39.14 45.90 45.90 45.90 45.90 45.90 45.90 45.90 45.90 45.90 45.90 45.90 37.82 24.20
149.80 149.80 149.80 149.80 149.80 149.80 96.53 38.63 23.64 34.00 44.94 44.94 43.11 41.16 43.24 76.67 107.25 44.94 44.94 44.94 80.98 146.70 149.80 149.80
250.60 250.60 250.60 227.44 191.92 148.01 113.60 87.52 110.07 136.17 166.63 195.88 229.25 250.60 250.60 250.60 250.60 250.60 250.60 250.60 250.60 192.11 112.28 105.81
106.97 110.81 102.59 98.04 96.74 87.61 80.27 75.04 99.40 131.62 172.11 130.37 110.34 109.03 115.64 123.31 132.88 146.59 163.50 184.26 137.96 101.24 71.82 67.80
94.75 137.73 70.27 33.42 29.92 50.72 79.62 52.58 20.47 37.03 64.29 83.85 106.99 134.92 140.88 149.11 159.15 183.29 156.46 71.55 51.40 34.32 21.54 21.59
30.00 30.00 30.00 30.00 25.52 16.13 9.55 5.23 7.15 9.63 23.68 30.54 15.74 33.49 19.13 10.40 10.60 14.44 19.11 24.74 16.87 10.94 16.36 6.84
268.00 268.00 268.00 268.00 259.61 200.55 156.72 126.58 161.43 203.50 255.79 258.07 265.83 268.00 268.00 268.00 268.00 268.00 268.00 268.00 268.00 207.43 123.24 116.73
149.12 165.64 152.13 139.40 127.69 109.73 96.05 86.66 100.76 117.19 136.53 161.74 191.06 225.67 248.60 250.00 250.00 250.00 250.00 250.00 250.00 199.36 132.04 124.92
0.00 0.00 0.00 0.00 0.00 0.00 0.00 0.00 0.00 0.00 0.00 0.00 0.00 0.00 0.00 0.00 0.00 0.00 0.00 0.00 0.00 0.00 0.00 0.00
25.90 30.60 21.25 15.15 11.53 10.30 9.46 8.92 9.15 10.68 25.95 34.69 34.22 44.37 58.08 74.68 94.56 101.77 109.95 118.00 82.96 56.38 21.94 11.32
113.82 139.22 123.99 120.03 125.94 91.59 65.84 47.87 62.83 81.33 58.59 53.36 39.30 18.05 28.75 39.70 50.73 80.81 100.78 123.89 92.77 67.84 47.71 46.80
0.00 0.00 0.00 0.00 0.00 0.00 0.00 0.00 0.00 0.00 0.00 0.00 0.00 0.00 0.00 0.00 0.00 0.00 0.00 0.00 0.00 0.00 0.00 0.00
152.00 160.23 131.89 114.04 105.49 92.09 80.01 68.86 74.14 84.15 99.79 76.21 62.76 58.07 78.57 104.35 134.60 150.07 167.45 186.16 146.39 114.82 90.97 85.84
176.50 176.50 176.50 176.50 176.50 176.50 110.19 59.66 66.82 56.18 26.16 15.26 11.25 12.56 15.39 18.76 22.75 29.35 69.36 153.51 108.75 74.10 48.32 48.75
39.00 95.96 36.16 24.66 16.55 11.96 8.57 6.18 7.59 10.47 15.29 14.51 22.59 15.24 34.83 45.08 58.19 70.99 85.45 102.21 77.07 56.86 40.88 33.92
857.00 857.00 857.00 857.00 764.20 505.12 314.13 180.52 300.82 261.39 204.99 154.44 129.50 126.57 134.13 141.21 149.27 186.04 228.43 257.10 342.79 404.24 254.03 359.57
1058.00 1058.00 958.56 1058.00 933.28 607.01 371.44 208.78 361.07 566.38 813.01 327.60 157.61 152.51 160.42 168.45 177.16 221.90 273.94 317.40 226.33 177.14 235.24 417.08
253.22 295.61 307.53 320.09 336.36 234.15 157.97 105.80 155.55 218.93 296.52 352.45 177.89 183.75 242.51 169.84 163.96 247.77 357.86 496.45 523.88 202.56 117.02 114.52
150.92 100.97 55.60 26.43 9.97 8.80 9.71 12.87 23.29 46.53 88.70 107.27 128.48 305.52 159.05 179.56 159.03 159.03 159.03 159.03 159.03 159.03 159.03 137.39
156.60 156.60 156.60 101.08 54.04 34.89 22.49 15.57 33.05 63.65 176.98 255.62 461.75 513.79 522.00 522.00 308.11 257.58 156.60 156.60 156.60 156.60 156.60 156.60
152.10 59.21 40.81 26.87 16.76 14.74 13.64 13.41 28.67 53.22 78.00 78.00 78.00 78.00 78.00 78.00 78.00 78.00 78.00 78.00 145.89 260.00 260.00 259.54
151.47 118.77 72.30 40.13 19.36 16.70 15.69 16.30 42.12 89.79 166.94 171.72 171.72 171.72 171.72 171.72 171.72 171.72 171.72 171.72 171.72 171.72 171.72 132.47
15.72 15.72 15.72 10.15 5.42 3.50 2.26 1.56 3.32 6.39 19.31 30.43 46.35 51.57 52.40 52.40 36.28 26.21 15.72 15.72 15.72 15.72 15.72 15.72
284.94 113.87 78.48 51.67 32.22 28.35 26.24 25.79 55.14 102.35 150.00 150.00 150.00 150.00 150.00 150.00 150.00 150.00 150.00 150.00 280.44 500.00 500.00 499.11
326.40 312.28 192.71 110.27 56.49 51.70 48.59 47.72 114.73 233.13 326.40 326.40 326.40 326.40 326.40 326.40 326.40 326.40 326.40 326.40 326.40 326.40 678.68 267.48
249.37 176.00 114.73 69.60 38.64 32.05 27.42 24.47 66.21 142.51 264.37 267.06 267.06 267.06 267.06 267.06 267.06 267.06 267.06 267.06 267.06 267.06 223.97 129.32
97.00 97.00 97.00 97.00 97.00 97.00 62.51 25.01 15.31 22.02 29.10 29.10 27.92 26.65 28.00 49.03 68.38 29.10 29.10 29.10 49.35 91.87 97.00 97.00
119.20 119.20 119.20 119.20 119.20 119.20 76.81 30.73 18.81 27.05 35.76 35.76 34.30 32.75 34.40 60.63 84.71 35.76 35.76 35.76 62.41 114.69 119.20 119.20
355.46 434.79 387.23 374.84 393.29 286.04 205.62 149.50 196.22 253.99 182.89 180.49 122.73 56.17 99.94 129.59 137.10 252.36 314.74 386.90 289.73 211.87 149.00 146.16
422.23 281.35 400.13 319.17 144.29 232.26 196.06 66.87 153.04 112.22 254.01 83.31 30.39 29.14 34.61 40.76 48.29 67.18 90.83 120.00 85.60 110.39 129.52 126.99
458.23 560.50 499.18 483.22 507.00 368.74 265.07 192.72 252.95 327.42 235.75 235.71 158.21 72.37 133.30 170.69 171.10 325.32 405.73 498.76 373.49 273.13 192.08 188.42
637.86 780.22 694.87 672.64 705.75 513.29 368.98 268.27 352.11 455.78 328.15 332.57 220.23 100.70 193.88 244.99 229.38 452.85 564.79 694.28 519.91 380.20 267.38 262.29
172.04 213.26 199.39 192.44 192.61 139.00 99.11 71.14 89.22 111.68 138.58 80.75 52.89 67.55 55.45 64.83 173.14 104.25 140.52 184.68 339.52 245.31 70.10 66.31
7.93 18.12 8.52 8.31 8.17 6.95 5.89 12.12 5.09 7.02 15.85 21.49 27.83 33.67 32.98 32.60 32.50 39.54 35.28 16.83 11.48 7.18 4.15 4.27
