0.00 0.00 0.00 0.00 0.00 0.00 0.00 0.00 0.00 0.00 0.00 0.00 0.00 192.99 192.99 192.99 332.00 284.63 332.94 615.51 643.30 643.30 643.30 643.30
0.00 0.00 0.00 0.00 0.00 0.00 0.00 0.00 0.00 0.00 0.00 0.00 0.00 234.06 234.06 234.06 419.03 342.76 405.43 748.14 780.20 780.20 780.20 780.20
108.80 108.80 108.80 108.80 98.16 78.70 47.16 25.52 24.25 22.99 21.81 5.84 1.69 0.00 0.00 0.00 0.00 1.12 3.40 5.62 3.21 4.85 11.92 15.80
192.50 192.50 192.50 192.50 162.22 139.24 83.43 45.16 42.90 40.68 38.60 10.33 2.83 0.00 0.00 0.00 0.00 1.99 6.03 9.94 5.68 8.58 21.10 27.95
37.50 84.11 37.50 37.50 37.50 28.28 19.69 32.56 9.92 9.63 14.49 11.87 8.58 5.68 5.08 4.98 5.44 6.93 6.37 3.18 3.02 3.04 3.27 3.65
0.00 0.00 116.00 116.00 116.00 116.00 116.00 85.72 34.80 34.80 34.80 34.80 34.80 34.80 34.80 42.28 30.77 10.94 9.30 8.09 8.86 9.43 5.07 0.00
39.75 89.55 39.75 39.75 39.75 29.97 20.87 34.52 10.52 10.22 15.36 12.61 9.09 6.02 5.38 5.28 5.77 7.35 6.75 3.37 3.21 3.22 3.46 3.87
63.15 146.38 63.15 63.15 63.15 47.62 33.14 54.86 16.71 16.32 24.50 20.55 14.44 9.56 8.55 8.39 9.17 11.68 10.72 5.36 5.09 5.12 5.50 6.15
622.97 524.08 623.00 623.00 623.00 384.43 94.20 51.64 38.89 28.50 20.12 28.30 19.90 0.00 0.00 0.00 12.66 14.26 11.95 5.43 5.58 8.02 26.13 58.68
170.00 170.00 170.00 170.00 170.00 170.00 170.00 150.72 90.66 51.00 51.00 29.89 13.94 4.98 2.88 1.58 0.00 0.00 0.00 0.00 0.00 0.00 8.89 16.97
200.00 200.00 200.00 200.00 200.00 200.00 200.00 177.31 106.56 60.00 60.00 35.16 16.40 5.86 3.38 1.86 0.00 0.00 0.00 0.00 0.00 0.00 10.46 19.97
41.40 41.40 41.40 41.40 41.40 41.40 41.40 41.40 41.40 41.40 41.40 41.40 41.40 41.40 41.40 41.40 41.40 41.40 41.40 41.40 41.40 37.14 29.69 26.13
10.20 10.20 10.20 10.20 10.20 8.35 5.88 3.93 3.37 5.39 8.09 3.30 0.93 0.00 0.00 0.00 0.00 0.00 0.28 0.61 0.30 0.49 1.25 1.62
65.28 65.28 65.28 65.28 65.28 65.28 65.28 65.28 65.28 65.28 106.28 144.48 217.60 217.60 178.68 139.85 66.40 39.22 19.97 18.20 10.97 5.90 2.74 0.00
200.00 200.00 200.00 200.00 200.00 200.00 200.00 167.13 108.73 38.80 33.74 16.21 6.14 1.45 1.51 1.85 2.48 2.52 2.84 3.47 0.00 0.00 12.57 21.87
151.20 151.20 151.20 151.20 151.20 151.20 151.20 126.35 82.10 29.33 25.51 12.25 4.64 1.10 1.14 1.40 1.88 1.90 2.15 2.62 0.00 0.00 9.50 16.53
87.50 87.50 87.50 87.50 87.50 87.50 87.50 73.12 47.35 16.97 14.76 7.09 2.68 0.64 0.66 0.81 1.09 1.10 1.24 1.52 0.00 0.00 5.50 9.57
141.50 141.50 141.50 141.50 141.50 141.50 141.50 118.25 76.81 27.45 23.87 11.47 4.34 1.03 1.07 1.31 1.76 1.78 2.01 2.45 0.00 0.00 8.89 15.47
185.00 185.00 185.00 185.00 185.00 185.00 185.00 154.60 100.54 35.89 31.21 14.99 5.68 1.34 1.40 1.71 2.30 2.33 2.63 3.21 0.00 0.00 11.62 20.23
130.50 130.50 130.50 130.50 130.50 130.50 130.50 109.05 70.80 25.32 22.02 10.58 4.00 0.95 0.99 1.21 1.62 1.64 1.85 2.26 0.00 0.00 8.20 14.27
291.00 291.00 291.00 291.00 291.00 291.00 291.00 243.18 158.40 56.45 49.09 23.58 8.93 2.11 2.20 2.69 3.62 3.66 4.13 5.04 0.00 0.00 18.28 31.82
0.00 0.00 0.00 0.00 0.00 0.00 0.00 0.00 0.00 0.00 0.00 0.00 0.00 0.00 0.00 0.00 0.00 0.00 0.00 0.00 0.00 0.00 0.00 0.00
170.60 170.60 170.60 170.60 170.60 170.60 170.60 170.60 123.33 155.83 91.21 22.61 9.24 2.55 2.84 3.60 4.93 4.10 3.60 3.35 0.00 0.00 4.78 12.59
164.00 164.00 164.00 164.00 164.00 164.00 164.00 164.00 119.02 148.85 87.26 21.74 8.88 2.45 2.73 3.46 4.74 3.94 3.46 3.22 0.00 0.00 4.60 12.10
220.20 220.20 220.20 220.20 220.20 220.20 220.20 220.20 155.30 208.93 121.17 29.19 11.93 3.29 3.66 4.65 6.36 5.29 4.64 4.33 0.00 0.00 6.17 16.25
785.50 785.50 785.50 785.50 785.50 785.50 785.50 785.50 486.84 785.09 448.89 104.12 42.55 11.75 13.05 16.59 22.70 18.86 16.57 15.43 0.00 0.00 22.02 57.97
282.50 282.50 282.50 282.50 282.50 282.50 282.50 282.50 194.81 276.23 159.05 37.45 15.30 4.23 4.70 5.97 8.16 6.78 5.96 5.55 0.00 0.00 7.92 20.85
0.00 0.00 0.00 36.00 84.17 36.00 36.00 36.00 36.00 36.00 88.65 96.29 120.00 120.00 97.51 76.19 58.42 40.52 27.72 18.94 14.09 10.62 8.52 2.51
29.88 29.88 29.88 29.88 29.88 29.88 29.88 29.88 29.77 27.38 25.04 16.69 8.94 4.49 3.40 2.50 2.16 2.43 2.81 3.28 0.77 0.00 0.00 0.66
183.75 183.75 183.75 183.75 183.75 183.75 183.75 183.75 183.07 168.37 153.98 122.63 54.98 27.63 22.78 15.39 13.29 14.95 17.28 20.16 5.53 0.00 0.00 4.04
12.60 12.60 12.60 12.60 12.60 12.60 12.60 12.60 12.60 12.60 21.85 31.00 42.00 42.00 34.49 26.99 14.56 7.98 3.85 3.51 2.12 1.14 0.53 0.00
24.15 24.15 24.15 24.15 24.15 19.78 13.91 9.31 7.97 12.74 19.14 7.81 2.21 0.00 0.00 0.00 0.00 0.00 0.67 1.75 0.70 1.16 2.96 3.84
21.00 21.00 21.00 21.00 21.00 17.20 12.10 8.09 6.93 11.08 16.65 6.79 1.92 0.00 0.00 0.00 0.00 0.00 0.59 1.47 0.61 1.01 2.57 3.34
3.90 3.90 3.90 3.90 3.90 3.19 2.25 1.50 1.29 2.07 3.09 1.26 0.36 0.00 0.00 0.00 0.00 0.00 0.11 0.21 0.11 0.19 0.48 0.62
0.00 0.00 0.00 0.00 0.00 200.00 200.00 200.00 200.00 186.24 171.07 83.48 60.00 60.00 60.00 60.00 47.60 35.22 25.53 17.80 12.94 13.36 21.78 11.81
183.97 143.80 104.65 73.99 49.50 25.21 15.89 16.74 0.00 0.00 0.00 22.98 62.50 133.36 211.44 319.53 338.60 338.60 304.96 241.38 281.31 331.54 338.60 338.60
150.00 84.36 92.76 78.82 45.00 106.15 137.43 75.93 133.54 71.85 115.49 31.45 6.45 1.57 1.74 2.29 3.35 2.52 2.01 1.78 0.00 0.00 4.81 11.87
150.00 84.36 92.76 78.82 45.00 106.15 137.43 75.93 133.54 71.85 115.49 31.45 6.45 1.57 1.74 2.29 3.35 2.52 2.01 1.78 0.00 0.00 4.81 11.87
10.00 5.76 4.96 4.05 3.00 5.11 5.45 3.11 6.91 4.88 7.70 2.12 0.43 0.10 0.12 0.15 0.22 0.17 0.13 0.12 0.00 0.00 0.32 0.79
200.00 200.00 200.00 200.00 200.00 200.00 200.00 177.31 106.56 60.00 60.00 35.16 16.40 5.86 3.38 1.86 0.00 0.00 0.00 0.00 0.00 0.00 10.46 19.97
117.60 117.60 117.60 117.60 117.60 117.60 117.60 104.26 62.87 35.28 35.28 20.68 9.64 3.45 1.99 1.09 0.00 0.00 0.00 0.00 0.00 0.00 6.15 11.74
174.20 174.20 174.20 174.20 148.85 126.00 75.50 40.87 38.82 36.81 34.93 9.35 2.59 0.00 0.00 0.00 0.00 1.80 5.46 9.00 5.14 7.77 19.09 25.29
249.50 249.50 249.50 249.50 202.15 180.47 108.14 58.53 55.61 52.73 50.02 13.39 3.56 0.00 0.00 0.00 0.00 2.59 7.84 12.89 7.36 11.12 27.34 36.22
30.00 30.00 30.00 30.00 30.00 29.47 21.09 14.46 12.75 11.22 13.14 4.32 1.40 0.00 0.00 0.00 0.00 0.65 0.90 1.32 0.00 0.91 3.32 4.49
44.10 44.10 44.10 44.10 44.10 43.32 31.00 21.26 18.74 16.49 21.20 6.35 2.06 0.00 0.00 0.00 0.00 0.95 1.33 1.94 0.00 1.34 4.88 6.60
0.00 0.00 0.00 0.00 0.00 0.00 0.00 0.00 0.00 0.00 0.00 0.00 41.94 41.94 41.94 41.94 50.50 111.85 139.80 135.62 103.80 91.59 139.80 139.80
0.00 0.00 0.00 0.00 0.00 0.00 0.00 0.00 0.00 0.00 0.00 0.00 0.00 0.00 0.00 0.00 0.00 0.00 0.00 0.00 0.00 0.00 0.00 0.00
0.00 0.00 0.00 0.00 0.00 0.00 0.00 0.00 0.00 0.00 0.00 0.00 56.20 56.20 56.20 56.20 64.20 146.43 187.33 183.78 138.32 119.08 187.33 187.33
45.90 45.90 45.90 45.90 45.90 45.90 45.90 45.90 45.90 45.90 45.90 45.90 45.90 45.90 45.90 45.90 45.90 45.90 45.90 45.90 45.90 45.90 45.90 45.90
0.00 0.00 149.80 149.80 149.80 149.80 149.80 110.71 44.94 44.94 44.94 44.94 44.94 44.94 44.94 54.97 40.07 14.13 12.01 10.44 11.86 12.41 6.54 0.00
136.16 106.43 77.45 54.76 36.63 18.66 11.76 12.39 0.00 0.00 0.00 17.01 46.25 98.70 156.49 236.49 250.60 250.60 225.70 178.65 208.20 245.37 250.60 250.60
230.00 230.00 192.70 141.89 101.37 72.92 50.99 34.12 14.20 0.00 0.00 0.00 0.00 5.64 8.31 11.75 16.17 19.60 23.98 29.47 34.50 44.05 59.00 66.48
181.61 199.12 103.91 51.25 48.05 61.67 70.94 32.73 9.67 12.96 16.72 14.11 12.49 11.78 10.77 10.27 10.22 12.46 10.99 5.34 5.59 6.04 6.78 7.40
30.00 30.00 30.00 30.00 30.00 30.00 30.00 30.00 30.00 30.00 56.19 100.00 56.25 100.00 36.77 13.20 9.97 7.51 5.71 4.46 2.34 1.06 0.00 0.00
64.96 46.23 17.14 0.00 0.00 0.00 8.45 29.78 35.43 46.45 64.75 107.66 165.97 244.25 268.00 268.00 268.00 268.00 268.00 268.00 268.00 268.00 268.00 268.00
12.64 5.75 0.00 0.00 0.00 5.09 13.02 27.17 37.21 49.66 65.24 94.23 131.86 178.92 225.42 250.00 250.00 250.00 208.53 154.77 179.29 210.89 250.00 250.00
0.00 0.00 0.00 0.00 0.00 0.00 0.00 0.00 0.00 0.00 0.00 0.00 0.00 0.00 0.00 0.00 0.00 0.00 0.00 0.00 0.00 0.00 0.00 0.00
48.75 48.75 48.75 48.75 48.75 48.75 48.75 48.75 48.75 48.75 91.77 162.50 151.20 100.42 77.16 58.09 42.42 26.22 15.26 8.34 5.51 3.62 0.00 0.00
185.40 185.40 185.40 185.40 119.80 85.66 59.26 39.73 41.96 45.00 27.12 16.33 4.79 0.00 0.00 0.00 0.00 4.35 11.02 22.57 24.47 32.25 47.40 50.40
0.00 0.00 0.00 0.00 0.00 0.00 0.00 0.00 0.00 0.00 0.00 0.00 0.00 0.00 0.00 0.00 0.00 0.00 0.00 0.00 0.00 0.00 0.00 0.00
332.60 332.60 242.79 149.99 84.93 62.71 47.39 37.15 43.05 50.87 61.31 25.20 7.15 0.00 0.00 0.00 0.00 8.94 21.55 42.94 46.11 50.79 56.90 64.11
0.00 176.50 176.50 176.50 176.50 176.50 176.50 176.50 176.50 130.37 52.95 50.46 23.20 8.22 8.32 9.97 13.44 9.92 13.15 16.17 4.34 0.00 0.00 0.00
0.00 0.00 0.00 39.00 39.00 39.00 39.00 39.00 39.00 39.00 39.00 56.82 113.69 73.53 130.00 130.00 130.00 125.11 65.18 28.37 25.40 22.67 20.45 11.60
0.00 0.00 0.00 0.00 0.00 857.00 857.00 857.00 856.99 480.72 257.10 257.10 257.10 257.10 257.10 257.10 209.65 158.43 116.52 83.92 108.17 145.21 121.03 58.21
0.00 0.00 0.00 0.00 0.00 1058.00 1058.00 1058.00 1058.00 1048.92 1010.31 545.80 317.40 317.40 317.40 317.40 251.80 186.31 135.06 94.14 68.43 61.99 108.37 62.50
539.94 539.94 539.94 539.94 539.94 539.94 539.94 539.94 537.94 494.74 452.48 468.74 161.55 81.18 80.65 45.22 39.05 43.92 50.77 59.25 20.97 0.00 0.00 11.87
159.03 159.03 159.03 159.03 159.03 159.03 159.03 159.03 159.03 159.03 159.03 159.03 159.03 319.85 159.05 179.56 139.48 103.37 79.27 64.86 41.41 25.71 16.05 11.23
156.60 156.60 156.60 156.60 156.60 156.60 156.60 156.60 156.60 156.60 248.36 322.11 522.00 522.00 428.62 335.50 151.86 96.92 47.91 43.66 26.31 14.16 6.57 0.00
0.00 0.00 0.00 0.00 0.00 0.00 0.00 78.00 0.00 0.00 0.00 0.00 78.00 78.00 78.00 78.00 78.00 78.00 78.00 78.00 145.89 260.00 260.00 260.00
0.00 0.00 0.00 0.00 0.00 171.72 171.72 171.72 171.72 171.72 171.72 171.72 171.72 171.72 171.72 171.72 171.72 171.72 171.72 144.73 117.30 93.77 74.60 62.52
15.72 15.72 15.72 15.72 15.72 15.72 15.72 15.72 15.72 15.72 27.11 38.35 52.40 52.40 43.03 33.68 17.88 9.86 4.81 4.38 2.64 1.42 0.66 0.00
0.00 0.00 0.00 0.00 0.00 0.00 0.00 150.00 0.00 0.00 0.00 0.00 150.00 150.00 150.00 150.00 150.00 150.00 150.00 150.00 280.44 500.00 500.00 500.00
326.40 326.40 326.40 326.40 326.40 326.40 326.40 326.40 326.40 326.40 326.40 326.40 326.40 326.40 326.40 326.40 326.40 326.40 326.40 326.40 326.40 281.54 463.40 181.54
267.06 267.06 267.06 267.06 267.06 267.06 267.06 267.06 267.06 267.06 267.06 267.06 267.06 267.06 267.06 267.06 267.06 267.06 267.06 267.06 267.06 239.59 191.50 168.53
0.00 0.00 97.00 97.00 97.00 97.00 97.00 71.67 29.10 29.10 29.10 29.10 29.10 29.10 29.10 35.15 25.55 9.15 7.78 6.76 7.23 7.78 4.24 0.00
0.00 0.00 119.20 119.20 119.20 119.20 119.20 88.09 35.76 35.76 35.76 35.76 35.76 35.76 35.76 43.48 31.65 11.25 9.56 8.31 9.14 9.71 5.21 0.00
579.00 579.00 579.00 579.00 374.12 267.51 185.06 124.06 131.04 140.53 84.64 55.25 14.95 0.00 0.00 0.00 0.00 13.59 34.41 70.47 76.42 100.72 148.02 157.40
501.30 281.35 400.13 321.97 150.39 364.92 484.95 270.16 462.32 239.77 385.97 105.02 21.56 5.25 5.81 7.66 11.18 8.41 6.72 5.93 0.00 0.00 16.08 39.68
746.40 746.40 746.39 746.40 482.29 344.86 238.56 159.93 168.93 181.16 109.11 72.15 19.27 0.00 0.00 0.00 0.00 17.52 44.35 90.85 98.51 129.84 190.81 202.91
1039.00 1039.00 1038.99 1039.00 671.35 480.05 332.08 222.63 235.15 252.18 151.87 101.80 26.82 0.00 0.00 0.00 0.00 24.38 61.74 126.47 137.13 180.74 265.61 282.46
264.60 264.60 264.60 264.60 264.60 264.60 264.60 221.27 188.85 159.22 133.10 60.69 20.89 0.00 0.00 6.43 23.16 8.81 8.89 10.46 0.00 13.57 14.99 27.04
16.83 34.73 16.83 16.83 16.83 12.69 8.85 14.60 4.45 4.29 6.46 5.17 3.85 2.55 2.28 2.24 2.44 3.11 2.85 1.43 1.36 1.36 1.47 1.64
