154.69 101.59 38.41 0.00 0.00 13.25 78.25 255.97 391.41 468.42 349.46 192.99 192.99 192.99 192.99 192.99 332.00 284.63 332.94 567.66 471.78 380.64 314.65 371.70
187.61 123.20 46.58 0.00 0.00 16.07 94.90 310.44 487.13 581.65 433.01 234.06 234.06 234.06 234.06 234.06 419.03 342.76 405.43 689.98 572.17 461.64 381.61 450.80
108.80 108.80 108.80 108.80 98.16 108.80 108.80 108.80 108.80 108.80 108.80 61.07 46.17 90.35 42.61 30.65 26.12 30.90 49.97 45.21 24.13 11.26 4.64 5.27
192.50 192.50 192.50 192.50 162.22 192.50 192.50 192.50 192.50 192.50 192.50 108.00 77.30 157.79 73.27 54.24 46.21 54.96 88.66 79.99 42.69 19.93 8.20 9.32
37.50 84.11 37.50 37.50 37.50 37.50 37.57 92.33 37.50 49.31 103.87 119.91 109.95 76.40 61.26 49.16 39.78 35.04 22.75 8.07 4.32 2.03 0.82 0.00
84.01 116.00 116.00 116.00 116.00 116.00 116.00 85.72 34.80 34.80 34.80 34.80 34.80 34.80 34.80 58.96 82.36 34.80 34.80 34.80 48.32 47.21 21.91 20.40
39.75 89.55 39.75 39.75 39.75 39.75 39.83 97.87 39.75 52.32 110.17 127.48 116.55 80.99 64.94 52.11 42.17 37.14 24.11 8.55 4.58 2.15 0.87 0.00
63.15 146.38 63.15 63.15 63.15 63.15 63.23 155.54 63.15 83.57 175.67 207.62 185.16 128.66 103.17 82.78 67.00 59.01 38.32 13.59 7.27 3.41 1.39 0.00
622.97 0.00 623.00 623.00 623.00 460.36 186.90 186.90 186.90 186.90 186.90 460.54 623.00 623.00 522.27 413.78 332.13 264.99 153.64 48.03 24.94 11.28 8.45 0.00
170.00 170.00 170.00 170.00 170.00 170.00 170.00 170.00 96.01 51.00 51.00 51.00 51.00 51.00 51.00 51.00 51.00 95.49 170.00 170.00 134.16 84.79 49.83 47.53
200.00 200.00 200.00 200.00 200.00 200.00 200.00 200.00 112.86 60.00 60.00 60.00 60.00 60.00 60.00 60.00 60.00 112.31 200.00 200.00 157.83 99.75 58.63 55.92
7.79 6.10 2.21 0.00 0.00 0.00 1.70 4.53 10.20 19.30 32.71 40.52 41.40 41.40 41.40 41.40 41.40 41.40 41.40 41.40 26.17 13.37 5.60 3.60
10.20 0.00 10.20 10.20 10.20 10.20 10.20 10.20 10.20 19.12 34.00 33.99 34.00 34.00 19.16 34.00 34.00 18.58 8.13 8.16 3.94 2.22 1.23 1.12
41.17 32.22 22.14 16.49 14.35 16.53 20.33 26.14 65.28 65.28 106.28 144.48 217.60 217.60 217.60 217.60 134.72 104.24 65.28 65.28 65.28 45.19 20.35 15.84
200.00 200.00 200.00 200.00 200.00 200.00 200.00 200.00 147.17 60.00 60.00 60.00 60.00 60.00 60.00 60.00 60.00 60.00 54.87 45.03 38.39 43.43 25.29 25.43
151.20 151.20 151.20 151.20 151.20 151.20 151.20 151.20 111.12 45.36 45.36 45.36 45.36 45.36 45.36 45.36 45.36 45.36 41.48 34.04 29.14 32.89 19.12 19.23
87.50 87.50 87.50 87.50 87.50 87.50 87.50 87.50 64.10 26.25 26.25 26.25 26.25 26.25 26.25 26.25 26.25 26.25 24.00 19.70 16.96 19.08 11.06 11.13
141.50 141.50 141.50 141.50 141.50 141.50 141.50 141.50 103.96 42.45 42.45 42.45 42.45 42.45 42.45 42.45 42.45 42.45 38.82 31.86 27.30 30.79 17.89 17.99
185.00 185.00 185.00 185.00 185.00 185.00 185.00 185.00 136.09 55.50 55.50 55.50 55.50 55.50 55.50 55.50 55.50 55.50 50.75 41.65 35.55 40.19 23.39 23.52
130.50 130.50 130.50 130.50 130.50 130.50 130.50 130.50 95.84 39.15 39.15 39.15 39.15 39.15 39.15 39.15 39.15 39.15 35.80 29.38 25.20 28.41 16.50 16.59
291.00 291.00 291.00 291.00 291.00 291.00 291.00 291.00 214.40 87.30 87.30 87.30 87.30 87.30 87.30 87.30 87.30 87.30 79.83 65.51 55.42 62.95 36.79 37.00
0.00 0.00 0.00 0.00 0.00 0.00 0.00 0.00 0.00 0.00 0.00 0.00 0.00 0.00 0.00 0.00 0.00 0.00 0.00 0.00 0.00 0.00 0.00 0.00
170.60 170.60 170.60 170.60 170.60 170.60 170.60 170.60 123.33 155.83 103.48 51.18 51.18 51.18 51.18 51.18 51.18 51.18 51.18 45.28 54.21 57.30 31.35 29.89
164.00 164.00 164.00 164.00 164.00 164.00 164.00 164.00 119.02 148.85 99.00 49.20 49.20 49.20 49.20 49.20 49.20 49.20 49.20 43.53 52.12 55.08 30.13 28.73
220.20 220.20 220.20 220.20 220.20 220.20 220.20 220.20 155.30 208.93 137.47 66.06 66.06 66.06 66.06 66.06 66.06 66.06 66.06 58.45 69.92 73.96 40.46 38.58
785.50 785.50 785.50 785.50 785.50 785.50 785.50 785.50 486.84 785.09 509.29 235.65 235.65 235.65 235.65 235.65 235.65 235.65 235.65 208.49 248.94 263.81 144.34 137.61
282.50 282.50 282.50 282.50 282.50 282.50 282.50 282.50 194.81 276.23 180.45 84.75 84.75 84.75 84.75 84.75 84.75 84.75 84.75 74.98 89.65 94.88 51.91 49.49
67.44 88.63 36.00 36.00 84.17 36.00 36.00 36.00 36.00 36.00 88.65 96.29 120.00 120.00 120.00 120.00 120.00 120.00 120.00 120.00 120.00 80.87 38.94 35.65
29.88 29.88 29.88 29.88 29.88 29.88 29.88 29.88 29.88 29.88 29.88 31.88 29.88 29.88 31.39 29.88 29.88 26.83 23.22 20.13 12.07 5.64 2.26 2.25
183.75 183.75 183.75 183.75 183.75 183.75 183.75 183.75 183.75 183.75 183.75 234.28 183.76 183.75 210.51 183.75 183.75 164.97 142.80 123.77 87.13 34.66 13.90 13.86
7.95 6.22 4.27 3.18 2.77 3.19 3.92 5.05 12.60 12.60 21.85 31.00 42.00 42.00 42.00 42.00 29.54 21.20 12.60 12.60 12.60 8.72 3.93 3.06
24.15 0.00 24.15 24.15 24.15 24.15 24.15 24.15 24.15 45.20 80.50 80.49 80.50 80.50 45.25 80.50 80.50 43.93 19.25 23.35 9.33 5.26 2.90 2.66
21.00 0.00 21.00 21.00 21.00 21.00 21.00 21.00 21.00 39.31 70.00 69.99 70.00 70.00 39.36 70.00 70.00 38.20 16.74 19.59 8.12 4.57 2.52 2.31
3.90 0.00 3.90 3.90 3.90 3.90 3.90 3.90 3.90 7.33 13.00 12.99 13.00 13.00 7.37 13.00 13.00 7.13 3.11 2.79 1.51 0.85 0.47 0.43
93.70 31.67 105.06 200.00 200.00 200.00 200.00 200.00 200.00 186.24 171.07 83.48 60.00 60.00 60.00 60.00 60.00 60.00 60.00 58.84 39.60 35.16 42.60 49.96
338.60 338.60 338.60 338.60 338.60 334.55 321.72 309.24 290.76 276.21 264.91 181.99 126.35 93.95 67.40 49.34 37.75 33.16 36.10 47.21 54.57 74.21 109.12 106.35
150.00 84.36 92.76 78.82 45.00 106.15 137.43 75.93 141.55 84.30 150.00 84.20 45.00 45.00 45.00 45.00 45.00 45.00 45.00 38.63 25.07 28.74 29.17 25.16
150.00 84.36 92.76 78.82 45.00 106.15 137.43 75.93 141.55 84.30 150.00 84.20 45.00 45.00 45.00 45.00 45.00 45.00 45.00 38.63 25.07 28.74 29.17 25.16
10.00 5.76 4.96 4.05 3.00 5.11 5.45 3.11 7.33 5.73 10.00 5.66 3.00 3.00 3.00 3.00 3.00 3.00 3.00 2.58 1.67 1.93 1.94 1.68
200.00 200.00 200.00 200.00 200.00 200.00 200.00 200.00 112.86 60.00 60.00 60.00 60.00 60.00 60.00 60.00 60.00 112.31 200.00 200.00 157.83 99.75 58.63 55.92
117.60 117.60 117.60 117.60 117.60 117.60 117.60 117.60 66.59 35.28 35.28 35.28 35.28 35.28 35.28 35.28 35.28 66.10 117.60 117.60 92.80 58.65 34.47 32.88
174.20 174.20 174.20 174.20 148.85 174.20 174.20 174.20 174.20 174.20 174.20 97.74 70.73 143.27 66.79 49.08 41.82 49.67 80.18 72.39 38.63 18.03 7.42 8.44
249.50 249.50 249.50 249.50 202.15 249.50 249.50 249.50 249.50 249.50 249.50 139.96 96.96 202.25 92.70 70.30 59.90 71.50 115.14 103.68 55.33 25.83 10.63 12.08
30.00 0.00 30.00 30.00 30.00 30.00 30.00 30.00 30.00 30.00 40.31 30.00 30.00 30.00 30.00 73.62 30.00 29.66 24.59 20.16 11.68 6.12 2.86 2.94
44.10 0.00 44.10 44.10 44.10 44.10 44.10 44.10 44.10 44.10 65.03 44.10 44.10 44.10 44.10 108.35 44.10 43.60 36.15 29.63 17.17 8.99 4.21 4.32
30.20 21.33 8.86 2.24 2.85 1.94 4.20 10.21 20.53 36.43 41.94 41.94 41.94 41.94 41.94 41.94 50.50 111.85 139.80 135.62 92.86 62.80 72.50 79.44
0.00 0.00 0.00 0.00 0.00 0.00 0.00 0.00 0.00 0.00 0.00 0.00 0.00 0.00 0.00 0.00 0.00 0.00 0.00 0.00 0.00 0.00 0.00 0.00
40.46 28.58 11.88 3.00 3.93 2.77 5.62 13.69 27.52 48.82 56.20 56.20 56.20 56.20 56.20 56.20 64.20 146.43 187.33 183.78 123.75 81.65 97.15 106.45
9.29 5.60 1.80 0.00 0.00 0.00 2.59 7.75 13.59 22.34 34.55 41.89 45.90 45.90 45.90 45.90 45.90 45.90 45.90 41.71 25.29 13.96 6.69 4.50
108.49 149.80 149.80 149.80 149.80 149.80 149.80 110.71 44.94 44.94 44.94 44.94 44.94 44.94 44.94 76.67 107.25 44.94 44.94 44.94 64.68 62.18 28.29 26.34
250.60 250.60 250.60 250.60 250.60 247.60 238.11 228.87 215.20 204.42 196.06 134.69 93.51 69.53 49.88 36.52 27.94 24.54 26.72 34.94 40.39 54.92 80.76 78.71
230.00 230.00 230.00 230.00 230.00 230.00 230.00 230.00 230.00 230.00 230.00 230.00 228.91 177.68 158.79 143.03 130.62 97.86 71.66 51.29 28.67 17.71 14.70 17.66
181.61 238.49 135.14 71.55 71.55 135.05 238.49 176.28 71.55 133.82 238.50 238.50 176.24 117.42 92.07 73.86 61.54 52.56 33.40 11.69 5.91 2.50 0.00 0.00
30.00 30.00 30.00 30.00 30.00 30.00 30.00 30.00 30.00 30.00 56.19 100.00 56.25 100.00 56.12 30.00 30.00 29.41 24.55 20.31 14.21 9.49 14.78 5.91
268.00 268.00 268.00 268.00 244.43 220.83 198.30 176.89 146.90 121.27 99.64 54.90 30.45 20.17 14.99 15.40 21.24 32.55 51.55 80.73 82.69 85.59 89.37 117.83
250.00 206.90 177.67 151.76 128.30 114.58 102.22 91.19 68.92 51.32 37.57 17.39 11.19 15.19 17.68 29.89 55.89 73.25 96.24 126.03 109.99 95.97 82.79 95.63
0.00 0.00 0.00 0.00 0.00 0.00 0.00 0.00 0.00 0.00 0.00 0.00 0.00 0.00 0.00 0.00 0.00 0.00 0.00 0.00 0.00 0.00 0.00 0.00
48.75 48.75 48.75 48.75 48.75 48.75 48.75 48.75 48.75 48.75 91.77 162.50 162.50 162.50 162.50 162.50 162.50 162.50 162.50 162.50 162.50 89.94 25.64 11.87
185.40 185.40 185.40 185.40 185.40 185.40 185.40 185.40 185.40 185.40 104.02 160.49 185.40 104.55 130.61 142.89 146.36 185.40 165.45 140.34 89.16 53.63 30.73 31.38
0.00 0.00 0.00 0.00 0.00 0.00 0.00 0.00 0.00 0.00 0.00 0.00 0.00 0.00 0.00 0.00 0.00 0.00 0.00 0.00 0.00 0.00 0.00 0.00
332.60 332.60 332.60 332.60 332.60 332.60 332.60 323.77 332.60 332.60 332.60 332.60 332.60 332.60 332.60 330.80 313.03 269.54 232.94 203.37 112.70 54.88 21.78 22.59
176.50 176.50 176.50 176.50 176.50 176.50 176.50 176.50 176.50 130.37 52.95 52.95 52.95 52.95 52.95 52.95 52.95 52.95 98.98 176.50 148.86 89.17 48.38 47.64
29.51 95.96 39.00 39.00 39.00 39.00 39.00 39.00 39.00 39.00 39.00 56.82 113.69 73.53 130.00 130.00 130.00 130.00 130.00 130.00 130.00 89.75 43.80 30.65
305.12 110.65 401.58 857.00 857.00 857.00 857.00 857.00 856.99 480.72 257.10 257.10 257.10 257.10 257.10 257.10 257.10 257.10 257.10 257.10 324.98 374.59 225.81 221.95
495.65 167.56 515.78 1058.00 1058.00 1058.00 1058.00 1058.00 1058.00 1048.92 1010.31 545.80 317.40 317.40 317.40 317.40 317.40 317.40 317.40 311.27 209.46 163.16 211.92 264.27
539.94 539.94 539.94 539.94 539.94 539.94 539.94 539.94 539.94 539.94 539.94 895.48 539.95 539.94 745.19 539.94 539.94 484.76 419.62 363.70 330.06 101.86 40.84 40.74
56.41 21.47 15.52 14.50 18.31 21.66 29.47 42.87 146.36 159.03 159.03 159.03 159.03 319.85 159.05 179.56 159.03 159.03 159.03 159.03 159.03 135.50 68.46 52.74
98.77 77.29 53.10 39.55 34.43 39.66 48.77 62.71 156.60 156.60 248.36 322.11 522.00 522.00 522.00 522.00 308.11 257.58 156.60 156.60 156.60 108.41 48.83 38.00
53.52 19.66 9.93 5.21 3.76 3.24 7.22 18.73 38.85 72.14 78.00 78.00 78.00 78.00 78.00 78.00 78.00 78.00 78.00 78.00 145.89 209.02 127.04 127.91
40.83 28.18 15.17 9.79 9.75 7.86 13.01 28.23 68.11 139.23 171.72 171.72 171.72 171.72 171.72 171.72 171.72 171.72 171.72 171.72 171.72 143.80 82.46 76.69
9.92 7.76 5.33 3.97 3.46 3.98 4.90 6.30 15.72 15.72 27.11 38.35 52.40 52.40 52.40 52.40 36.28 26.21 15.72 15.72 15.72 10.88 4.90 3.81
100.27 37.82 19.09 10.02 7.23 6.23 13.89 36.02 74.71 138.74 150.00 150.00 150.00 150.00 150.00 150.00 150.00 150.00 150.00 150.00 280.44 401.97 244.31 245.98
104.93 80.58 35.60 14.69 8.34 8.13 13.73 27.60 55.46 99.57 164.26 219.63 285.50 326.40 326.40 326.40 326.40 326.40 326.40 326.40 231.42 110.65 88.98 26.47
50.27 39.37 14.26 0.00 0.00 0.00 10.99 29.22 65.78 124.50 210.98 261.37 267.06 267.06 267.06 267.06 267.06 267.06 267.06 267.06 168.85 86.22 36.10 23.21
70.25 97.00 97.00 97.00 97.00 97.00 97.00 71.67 29.10 29.10 29.10 29.10 29.10 29.10 29.10 49.03 68.38 29.10 29.10 29.10 39.42 38.94 18.32 17.06
86.33 119.20 119.20 119.20 119.20 119.20 119.20 88.09 35.76 35.76 35.76 35.76 35.76 35.76 35.76 60.63 84.71 35.76 35.76 35.76 49.85 48.61 22.51 20.96
579.00 579.00 579.00 579.00 579.00 579.00 579.00 579.00 579.00 579.00 324.69 542.91 579.00 325.32 454.05 466.38 395.58 578.99 516.70 438.28 278.44 167.48 95.97 98.01
501.30 281.35 400.13 321.97 150.39 364.92 484.95 270.16 490.05 281.31 501.30 281.17 150.39 150.39 150.39 150.39 150.39 150.39 150.39 129.10 83.79 96.00 97.51 84.07
746.40 746.40 746.39 746.40 746.40 746.40 746.40 746.40 746.40 746.40 418.54 708.99 746.40 419.18 605.65 614.30 493.67 746.39 666.09 565.00 358.94 215.90 123.72 126.35
1039.00 1039.00 1038.99 1039.00 1039.00 1039.00 1039.00 1039.00 1039.00 1039.00 582.57 1000.33 1039.00 583.24 880.86 881.73 661.83 1038.99 927.21 786.49 499.65 300.54 172.22 175.88
264.60 0.00 264.60 264.60 264.60 264.60 264.60 264.60 264.60 264.60 264.60 264.60 264.60 378.16 264.60 264.60 604.22 264.60 260.52 210.80 331.63 199.99 47.29 38.83
16.83 34.73 16.83 16.83 16.83 16.83 16.89 41.40 16.83 21.97 46.30 52.29 49.35 34.29 27.49 22.06 17.85 15.73 10.20 3.62 1.94 0.91 0.37 0.00
