643.30 643.30 643.30 643.30 643.30 643.30 643.30 643.30 605.38 475.02 349.46 192.99 192.99 192.99 192.99 0.00 0.00 0.00 332.94 615.51 643.30 643.30 643.30 643.30
780.20 780.20 780.20 780.20 780.20 780.20 780.20 780.20 753.44 589.85 433.01 234.06 234.06 234.06 234.06 0.00 0.00 0.00 405.43 748.14 780.20 780.20 780.20 780.20
108.80 108.80 108.80 108.80 98.16 108.80 108.80 108.80 108.80 108.80 108.80 61.07 45.41 70.11 33.05 25.29 25.31 34.10 67.00 78.47 60.04 48.07 41.77 67.85
192.50 192.50 192.50 192.50 162.22 192.50 192.50 192.50 192.50 192.50 192.50 108.00 76.03 122.43 56.84 44.74 44.79 60.66 118.89 138.84 106.22 85.06 73.90 120.05
33.85 74.64 30.28 27.47 24.82 21.73 19.09 41.21 11.53 13.19 32.64 43.85 75.83 125.00 125.00 125.00 125.00 125.00 92.20 34.72 23.94 15.70 9.59 10.54
116.00 116.00 116.00 116.00 116.00 116.00 116.00 85.72 34.80 34.80 34.80 34.80 34.80 34.80 34.80 58.96 82.36 34.80 34.80 34.80 60.50 111.37 116.00 116.00
35.88 79.46 32.10 29.12 26.31 23.04 20.23 43.69 12.22 14.00 34.62 46.62 80.38 132.50 132.50 132.50 132.50 132.50 97.73 36.81 25.38 16.64 10.16 11.17
57.01 129.89 51.00 46.26 41.80 36.60 32.12 69.43 19.42 22.36 55.20 75.93 127.70 210.50 210.50 210.50 210.50 210.50 155.31 58.47 40.32 26.44 16.14 17.75
622.97 524.08 623.00 623.00 623.00 460.36 169.06 119.47 110.78 115.87 135.08 284.08 446.02 623.00 623.00 623.00 623.00 623.00 460.54 186.90 150.34 102.36 126.24 252.48
170.00 170.00 170.00 170.00 170.00 170.00 170.00 170.00 96.01 51.00 51.00 51.00 51.00 51.00 51.00 51.00 51.00 95.49 170.00 170.00 170.00 170.00 170.00 170.00
200.00 200.00 200.00 200.00 200.00 200.00 200.00 200.00 112.86 60.00 60.00 60.00 60.00 60.00 60.00 60.00 60.00 112.31 200.00 200.00 200.00 200.00 200.00 200.00
39.77 35.43 32.82 30.46 28.36 31.18 34.27 37.62 41.40 41.40 41.40 41.40 41.40 41.40 41.40 41.40 0.00 41.40 41.40 41.40 41.40 41.40 41.40 41.40
10.20 10.20 10.20 10.20 10.20 10.20 10.20 10.20 10.20 19.12 34.00 33.99 34.00 34.00 17.86 21.70 14.12 7.17 3.76 4.92 3.98 4.56 5.82 7.59
65.28 65.28 60.82 44.97 32.37 23.79 17.10 12.02 25.95 48.63 106.28 144.48 217.60 217.60 217.60 217.60 134.72 104.24 65.28 65.28 65.28 65.28 65.28 65.28
200.00 200.00 200.00 200.00 200.00 200.00 200.00 200.00 147.17 60.00 60.00 60.00 60.00 60.00 60.00 52.87 34.60 31.95 31.80 34.02 53.31 133.47 200.00 200.00
151.20 151.20 151.20 151.20 151.20 151.20 151.20 151.20 111.12 45.36 45.36 45.36 45.36 45.36 45.36 39.97 26.16 24.16 24.04 25.72 40.47 101.10 151.20 151.20
87.50 87.50 87.50 87.50 87.50 87.50 87.50 87.50 64.10 26.25 26.25 26.25 26.25 26.25 26.25 23.13 15.14 13.98 13.91 14.88 23.55 58.65 87.50 87.50
141.50 141.50 141.50 141.50 141.50 141.50 141.50 141.50 103.96 42.45 42.45 42.45 42.45 42.45 42.45 37.40 24.48 22.61 22.50 24.07 37.91 94.65 141.50 141.50
185.00 185.00 185.00 185.00 185.00 185.00 185.00 185.00 136.09 55.50 55.50 55.50 55.50 55.50 55.50 48.90 32.00 29.56 29.42 31.46 49.37 123.54 185.00 185.00
130.50 130.50 130.50 130.50 130.50 130.50 130.50 130.50 95.84 39.15 39.15 39.15 39.15 39.15 39.15 34.50 22.58 20.85 20.75 22.20 34.99 87.33 130.50 130.50
291.00 291.00 291.00 291.00 291.00 291.00 291.00 291.00 214.40 87.30 87.30 87.30 87.30 87.30 87.30 76.92 50.34 46.49 46.27 49.49 76.97 193.50 291.00 291.00
0.00 0.00 0.00 0.00 0.00 0.00 0.00 0.00 0.00 0.00 0.00 0.00 0.00 0.00 0.00 0.00 0.00 0.00 0.00 0.00 0.00 0.00 0.00 0.00
170.60 170.60 170.60 170.60 170.60 170.60 170.60 170.60 123.33 155.83 103.48 51.18 51.18 51.18 51.18 51.18 48.76 44.69 43.38 44.39 90.80 170.60 170.60 170.60
164.00 164.00 164.00 164.00 164.00 164.00 164.00 164.00 119.02 148.85 99.00 49.20 49.20 49.20 49.20 49.20 46.87 42.96 41.70 42.67 87.29 164.00 164.00 164.00
220.20 220.20 220.20 220.20 220.20 220.20 220.20 220.20 155.30 208.93 137.47 66.06 66.06 66.06 66.06 66.06 62.93 57.68 55.99 57.29 117.11 220.20 220.20 220.20
785.50 785.50 785.50 785.50 785.50 785.50 785.50 785.50 486.84 785.09 509.29 235.65 235.65 235.65 235.65 235.65 224.49 205.75 199.73 204.38 416.97 785.50 785.50 785.50
282.50 282.50 282.50 282.50 282.50 282.50 282.50 282.50 194.81 276.23 180.45 84.75 84.75 84.75 84.75 84.75 80.74 74.00 71.83 73.50 150.17 282.50 282.50 282.50
67.44 88.63 36.00 36.00 84.17 36.00 36.00 36.00 36.00 36.00 88.65 96.29 120.00 120.00 120.00 120.00 120.00 120.00 120.00 120.00 120.00 120.00 120.00 120.00
29.88 29.88 29.88 29.88 29.88 29.88 29.88 29.88 29.88 29.88 29.88 31.88 29.88 29.88 31.39 28.99 19.77 19.12 20.20 22.85 22.65 21.13 22.43 29.88
183.75 183.75 183.75 183.75 183.75 183.75 183.75 183.75 183.75 183.75 183.75 234.28 183.76 183.75 210.51 178.27 121.57 117.58 124.24 140.50 163.51 129.94 137.93 183.75
12.60 12.60 11.74 8.68 6.25 4.59 3.30 2.32 5.01 9.39 21.85 31.00 42.00 42.00 42.00 42.00 29.54 21.20 12.60 12.60 12.60 12.60 12.60 12.60
24.15 24.15 24.15 24.15 24.15 24.15 24.15 24.15 24.15 45.20 80.50 80.49 80.50 80.50 42.18 51.39 33.44 16.96 8.89 14.07 9.41 10.79 13.78 17.98
21.00 21.00 21.00 21.00 21.00 21.00 21.00 21.00 21.00 39.31 70.00 69.99 70.00 70.00 36.69 44.68 29.07 14.75 7.73 11.80 8.18 9.38 11.99 15.64
3.90 3.90 3.90 3.90 3.90 3.90 3.90 3.90 3.90 7.33 13.00 12.99 13.00 13.00 6.87 8.30 5.40 2.75 1.44 1.68 1.52 1.74 2.23 2.90
200.00 200.00 195.26 200.00 200.00 200.00 200.00 200.00 200.00 186.24 171.07 83.48 60.00 60.00 60.00 60.00 60.00 60.00 60.00 60.00 60.00 83.60 171.41 200.00
338.60 338.60 338.60 338.60 338.60 275.05 159.12 82.68 68.79 58.86 52.94 58.57 65.29 73.15 44.70 28.17 20.92 28.83 52.69 100.91 28.72 13.67 34.25 7.82
150.00 84.36 92.76 78.82 45.00 106.15 137.43 75.93 141.55 84.30 150.00 84.20 45.00 45.00 45.00 45.00 45.00 45.00 45.00 45.00 45.00 84.18 149.99 150.00
150.00 84.36 92.76 78.82 45.00 106.15 137.43 75.93 141.55 84.30 150.00 84.20 45.00 45.00 45.00 45.00 45.00 45.00 45.00 45.00 45.00 84.18 149.99 150.00
10.00 5.76 4.96 4.05 3.00 5.11 5.45 3.11 7.33 5.73 10.00 5.66 3.00 3.00 3.00 3.00 3.00 3.00 3.00 3.00 3.00 5.66 10.00 10.00
200.00 200.00 200.00 200.00 200.00 200.00 200.00 200.00 112.86 60.00 60.00 60.00 60.00 60.00 60.00 60.00 60.00 112.31 200.00 200.00 200.00 200.00 200.00 200.00
117.60 117.60 117.60 117.60 117.60 117.60 117.60 117.60 66.59 35.28 35.28 35.28 35.28 35.28 35.28 35.28 35.28 66.10 117.60 117.60 117.60 117.60 117.60 117.60
174.20 174.20 174.20 174.20 148.85 174.20 174.20 174.20 174.20 174.20 174.20 97.74 69.57 111.16 51.81 40.49 40.53 54.83 107.52 125.64 96.12 76.97 66.88 108.64
249.50 249.50 249.50 249.50 202.15 249.50 249.50 249.50 249.50 249.50 249.50 139.96 95.37 156.94 71.91 57.99 58.05 78.91 154.39 179.96 137.67 110.24 95.78 155.60
30.00 30.00 30.00 30.00 30.00 30.00 30.00 30.00 30.00 30.00 40.31 30.00 30.00 30.00 27.78 47.27 12.81 11.70 11.51 12.13 11.48 12.98 16.91 27.56
44.10 44.10 44.10 44.10 44.10 44.10 44.10 44.10 44.10 44.10 65.03 44.10 44.10 44.10 40.84 69.57 18.84 17.20 16.92 17.84 16.87 19.07 24.86 40.51
139.80 139.80 139.80 78.86 111.41 50.43 41.94 41.94 41.94 41.94 41.94 41.94 41.94 41.94 41.94 0.00 0.00 0.00 139.80 135.62 103.80 91.59 139.80 139.80
0.00 0.00 0.00 0.00 0.00 0.00 0.00 0.00 0.00 0.00 0.00 0.00 0.00 0.00 0.00 0.00 0.00 0.00 0.00 0.00 0.00 0.00 0.00 0.00
187.33 187.32 187.33 105.53 153.69 71.85 56.20 56.20 56.20 56.20 56.20 56.20 56.20 56.20 56.20 0.00 0.00 0.00 187.33 183.78 138.32 119.08 187.33 187.33
45.90 45.90 45.90 45.90 45.90 45.90 45.90 45.90 45.90 45.90 45.90 45.90 45.90 45.90 45.90 45.90 0.00 45.90 45.90 45.90 45.90 45.90 45.90 45.90
149.80 149.80 149.80 149.80 149.80 149.80 149.80 110.71 44.94 44.94 44.94 44.94 44.94 44.94 44.94 76.67 107.25 44.94 44.94 44.94 80.98 146.70 149.80 149.80
250.60 250.60 250.60 250.60 250.60 203.57 117.77 61.19 50.91 43.56 39.18 43.35 48.32 54.14 33.08 20.85 15.48 21.34 39.00 74.68 21.25 10.12 25.35 5.78
230.00 230.00 230.00 230.00 230.00 230.00 230.00 230.00 230.00 230.00 230.00 206.60 134.21 107.29 117.36 131.33 149.68 149.21 155.42 169.27 122.41 88.31 64.92 79.62
92.32 157.02 77.21 35.34 30.28 48.43 73.43 47.49 10.83 18.73 54.80 102.61 200.69 238.50 238.50 238.50 238.50 238.50 176.17 71.55 60.88 41.59 27.34 28.27
30.00 30.00 30.00 30.00 30.00 30.00 30.00 30.00 30.00 30.00 56.19 100.00 56.25 100.00 56.12 30.00 30.00 30.00 30.00 30.00 30.00 30.00 62.44 30.00
268.00 268.00 268.00 268.00 249.52 125.69 62.76 39.88 14.05 18.73 60.07 51.63 51.14 59.49 53.39 47.90 43.24 85.46 149.35 241.30 129.71 63.79 29.67 27.14
23.57 15.01 6.33 0.00 0.00 0.00 13.57 43.05 60.56 95.74 154.57 119.69 92.03 69.84 45.13 28.81 18.48 21.95 26.05 30.73 31.02 33.25 37.68 39.27
0.00 0.00 0.00 0.00 0.00 0.00 0.00 0.00 0.00 0.00 0.00 0.00 0.00 0.00 0.00 0.00 0.00 0.00 0.00 0.00 0.00 0.00 0.00 0.00
48.75 48.75 48.75 48.75 48.75 48.75 48.75 48.75 48.75 48.75 91.77 162.50 162.50 162.50 162.50 162.50 162.50 162.50 162.50 162.50 162.50 162.50 96.21 48.75
185.40 185.40 185.40 185.40 185.40 185.40 185.40 185.40 185.40 185.40 104.02 160.49 185.40 104.55 130.61 142.89 146.36 185.40 184.40 178.50 172.58 173.71 181.06 117.26
0.00 0.00 0.00 0.00 0.00 0.00 0.00 0.00 0.00 0.00 0.00 0.00 0.00 0.00 0.00 0.00 0.00 0.00 0.00 0.00 0.00 0.00 0.00 0.00
332.60 332.60 332.60 327.33 295.55 274.29 255.96 238.21 259.45 281.10 305.13 332.60 332.60 332.60 332.60 332.60 332.60 332.60 318.36 263.69 252.43 250.64 259.36 140.23
176.50 176.50 176.50 176.50 176.50 176.50 176.50 176.50 176.50 130.37 52.95 52.95 52.95 52.95 52.95 52.95 52.95 52.95 98.98 176.50 176.50 176.50 176.50 176.50
39.00 95.96 39.00 39.00 39.00 39.00 39.00 39.00 39.00 39.00 39.00 56.82 113.69 73.53 130.00 130.00 130.00 130.00 130.00 130.00 130.00 130.00 130.00 95.85
857.00 857.00 857.00 857.00 857.00 857.00 857.00 857.00 856.99 480.72 257.10 257.10 257.10 257.10 257.10 257.10 257.10 257.10 257.10 257.10 465.33 841.64 857.00 857.00
1058.00 1058.00 958.56 1058.00 1058.00 1058.00 1058.00 1058.00 1058.00 1048.92 1010.31 545.80 317.40 317.40 317.40 317.40 317.40 317.40 317.40 317.40 317.40 387.97 852.76 1058.00
539.94 539.94 539.94 539.94 539.94 539.94 539.94 539.94 539.94 539.94 539.94 895.48 539.95 539.94 745.19 523.84 357.22 345.49 365.08 412.87 619.40 381.83 405.30 539.94
159.03 144.71 125.49 109.49 96.12 84.50 75.46 68.40 125.35 159.03 159.03 159.03 159.03 319.85 159.05 179.56 159.03 159.03 159.03 159.03 159.03 159.03 159.03 159.03
156.60 156.60 145.91 107.87 77.64 57.07 41.01 28.82 62.26 116.66 248.36 322.11 522.00 522.00 522.00 522.00 308.11 257.58 156.60 156.60 156.60 156.60 156.60 156.60
164.49 78.00 78.01 78.00 78.00 78.00 78.00 78.00 78.00 78.00 78.00 78.00 78.00 78.00 0.00 0.00 0.00 0.00 0.00 78.00 145.89 260.00 260.00 260.00
159.59 132.77 121.82 113.99 110.06 109.79 110.71 111.92 171.72 171.72 171.72 171.72 171.72 171.72 171.72 0.00 0.00 0.00 171.72 171.72 171.72 171.72 171.72 171.72
15.72 15.72 14.65 10.83 7.79 5.73 4.12 2.89 6.25 11.71 27.11 38.35 52.40 52.40 52.40 52.40 36.28 26.21 15.72 15.72 15.72 15.72 15.72 15.72
308.16 150.01 150.01 150.00 150.00 150.00 150.00 150.00 150.00 150.00 150.00 150.00 150.00 150.00 0.00 0.00 0.00 0.00 0.00 150.00 280.44 500.00 500.00 500.00
326.40 283.54 257.58 232.55 209.85 229.85 252.54 276.11 326.40 326.40 326.40 326.40 326.40 326.40 326.40 326.40 0.00 326.40 326.40 326.40 326.40 326.40 678.68 326.40
256.57 228.57 211.73 196.51 182.93 201.11 221.09 242.67 267.06 267.06 267.06 267.06 267.06 267.06 267.06 267.06 0.00 267.06 267.06 267.06 267.06 267.06 267.06 267.06
97.00 97.00 97.00 97.00 97.00 97.00 97.00 71.67 29.10 29.10 29.10 29.10 29.10 29.10 29.10 49.03 68.38 29.10 29.10 29.10 49.35 91.87 97.00 97.00
119.20 119.20 119.20 119.20 119.20 119.20 119.20 88.09 35.76 35.76 35.76 35.76 35.76 35.76 35.76 60.63 84.71 35.76 35.76 35.76 62.41 114.69 119.20 119.20
579.00 579.00 579.00 579.00 579.00 579.00 579.00 579.00 579.00 579.00 324.69 542.91 579.00 325.32 454.05 466.38 395.58 578.99 575.87 557.46 538.95 542.50 565.45 366.19
501.30 281.35 400.13 321.97 150.39 364.92 484.95 270.16 490.05 281.31 501.30 281.17 150.39 150.39 150.39 150.39 150.39 150.39 150.39 150.39 150.39 281.15 501.30 501.30
746.40 746.40 746.39 746.40 746.40 746.40 746.40 746.40 746.40 746.40 418.54 708.99 746.40 419.18 605.65 614.30 493.67 746.39 742.36 718.63 694.77 699.35 728.93 472.07
1039.00 1039.00 1038.99 1039.00 1039.00 1039.00 1039.00 1039.00 1039.00 1039.00 582.57 1000.33 1039.00 583.24 880.86 881.73 661.83 1038.99 1033.38 1000.34 967.14 973.51 1014.69 657.13
264.60 264.60 264.60 264.60 264.60 264.60 264.60 264.60 264.60 264.60 264.60 264.60 264.60 378.16 264.60 264.60 509.62 200.49 190.20 191.04 477.79 514.20 237.43 264.60
15.19 30.81 13.59 12.33 11.14 9.75 8.58 18.48 5.18 5.88 14.55 19.12 34.03 56.10 56.10 56.10 56.10 56.10 41.34 15.58 10.75 7.05 4.30 4.73
