643.30 643.30 643.30 643.30 643.30 643.30 643.30 643.30 605.38 475.02 349.46 192.99 192.99 192.99 192.99 192.99 332.00 284.63 332.94 615.51 643.30 643.30 643.30 643.30
780.20 780.20 780.20 780.20 780.20 780.20 780.20 780.20 753.44 589.85 433.01 234.06 234.06 234.06 234.06 234.06 419.03 342.76 405.43 748.14 780.20 780.20 780.20 780.20
103.48 108.80 108.80 108.80 96.01 108.80 108.80 108.80 108.80 102.95 90.37 33.30 15.75 18.53 3.10 0.00 0.00 0.00 0.00 3.19 16.99 54.06 108.80 108.80
183.08 192.50 192.50 192.50 158.67 192.50 192.50 192.50 192.50 182.14 159.90 58.90 26.37 32.37 5.33 0.00 0.00 0.00 0.00 5.65 30.07 95.65 192.50 192.50
11.70 29.07 10.37 8.38 6.91 7.01 7.40 19.51 6.52 7.46 14.84 9.44 7.51 9.79 9.24 8.90 8.68 7.44 5.62 2.73 0.00 0.00 3.63 11.86
116.00 116.00 116.00 116.00 116.00 116.00 116.00 85.72 34.80 34.80 34.80 34.80 34.80 34.80 34.80 58.96 65.05 28.08 28.68 29.46 42.09 67.28 65.89 116.00
12.40 30.95 10.99 8.88 7.33 7.44 7.84 20.68 6.91 7.92 15.74 10.03 7.96 10.38 9.79 9.43 9.20 7.89 5.96 2.89 0.00 0.00 3.85 12.57
19.69 50.59 17.47 14.11 11.64 11.81 12.46 32.87 10.98 12.65 25.09 16.34 12.65 16.48 15.55 14.99 14.62 12.53 9.47 4.59 0.00 0.00 6.11 19.97
291.06 285.89 302.15 273.91 251.91 186.74 76.12 76.67 76.94 81.02 88.97 117.73 85.55 54.96 34.93 21.28 12.59 0.00 0.00 4.57 0.00 13.97 94.06 523.99
170.00 170.00 170.00 170.00 121.45 170.00 170.00 170.00 96.01 51.00 41.21 37.86 34.61 31.67 15.46 6.08 1.58 10.21 49.92 109.39 47.31 23.30 23.66 10.43
200.00 200.00 200.00 200.00 142.88 200.00 200.00 200.00 112.86 60.00 48.48 44.54 40.72 37.26 18.18 7.16 1.86 12.01 58.72 128.69 55.66 27.41 27.84 12.27
41.40 41.40 41.40 41.40 37.47 35.03 32.81 30.62 41.40 41.40 41.40 41.40 41.40 41.40 41.40 41.40 41.40 41.40 41.40 41.40 41.40 41.40 41.40 41.40
10.20 10.20 10.20 10.20 10.20 10.20 10.20 10.20 6.17 5.56 4.23 3.63 3.20 2.85 0.50 1.15 4.03 4.23 3.76 7.20 8.89 10.20 10.20 10.20
65.28 65.28 65.28 65.28 65.28 57.41 42.25 30.28 50.37 65.28 106.28 144.48 217.60 217.60 217.60 217.60 134.72 104.24 65.28 65.28 65.28 65.28 65.28 65.28
200.00 200.00 200.00 200.00 200.00 200.00 200.00 200.00 147.17 60.00 40.82 31.10 23.07 16.60 5.59 0.00 0.00 0.00 3.09 7.58 32.14 147.57 200.00 200.00
151.20 151.20 151.20 151.20 151.20 151.20 151.20 151.20 111.12 45.36 30.86 23.51 17.44 12.55 4.22 0.00 0.00 0.00 2.34 5.73 24.40 111.77 151.20 151.20
87.50 87.50 87.50 87.50 87.50 87.50 87.50 87.50 64.10 26.25 17.86 13.61 10.09 7.26 2.44 0.00 0.00 0.00 1.35 3.32 14.20 64.84 87.50 87.50
141.50 141.50 141.50 141.50 141.50 141.50 141.50 141.50 103.96 42.45 28.88 22.00 16.32 11.74 3.95 0.00 0.00 0.00 2.19 5.36 22.86 104.64 141.50 141.50
185.00 185.00 185.00 185.00 185.00 185.00 185.00 185.00 136.09 55.50 37.76 28.77 21.34 15.35 5.17 0.00 0.00 0.00 2.86 7.01 29.77 136.58 185.00 185.00
130.50 130.50 130.50 130.50 130.50 130.50 130.50 130.50 95.84 39.15 26.64 20.29 15.05 10.83 3.64 0.00 0.00 0.00 2.02 4.95 21.10 96.55 130.50 130.50
291.00 291.00 291.00 291.00 291.00 291.00 291.00 291.00 214.40 87.30 59.39 45.25 33.57 24.15 8.13 0.00 0.00 0.00 4.50 11.03 46.41 213.93 291.00 291.00
0.00 0.00 0.00 0.00 0.00 0.00 0.00 0.00 0.00 0.00 0.00 0.00 0.00 0.00 0.00 0.00 0.00 0.00 0.00 0.00 0.00 0.00 0.00 0.00
170.60 170.60 170.60 170.60 170.60 170.60 170.60 170.60 123.33 155.83 64.91 28.89 26.04 23.25 9.79 3.14 0.00 1.15 2.28 4.51 20.55 81.74 159.99 149.53
164.00 164.00 164.00 164.00 164.00 164.00 164.00 164.00 119.02 148.85 62.10 27.77 25.03 22.35 9.41 3.01 0.00 1.11 2.19 4.34 19.76 78.58 153.80 143.74
220.20 220.20 220.20 220.20 220.20 220.20 220.20 220.20 155.30 208.93 86.23 37.29 33.61 30.01 12.64 4.05 0.00 1.49 2.94 5.82 26.51 105.51 206.51 193.00
785.50 785.50 785.50 785.50 785.50 785.50 785.50 785.50 486.84 785.09 319.46 133.01 119.88 107.04 45.09 14.44 0.00 5.31 10.50 20.77 94.38 376.37 736.65 688.48
282.50 282.50 282.50 282.50 282.50 282.50 282.50 282.50 194.81 276.23 113.19 47.84 43.11 38.50 16.22 5.19 0.00 1.91 3.77 7.47 33.99 135.36 264.93 247.61
67.44 88.63 36.00 36.00 22.42 21.58 36.00 36.00 36.00 36.00 88.65 96.29 120.00 120.00 120.00 120.00 120.00 120.00 120.00 118.71 70.53 38.80 19.54 30.02
29.88 29.88 29.88 29.88 29.88 29.88 29.88 29.88 29.88 29.88 29.88 31.88 29.88 29.88 19.66 9.54 3.99 2.14 1.01 0.00 0.00 1.70 9.66 17.53
183.75 183.75 183.75 183.75 183.75 183.75 183.75 183.75 183.75 183.75 183.75 234.28 183.76 183.75 131.83 58.64 24.54 13.19 6.21 0.00 0.00 10.47 59.43 107.80
12.60 12.60 12.60 12.60 12.60 11.08 8.15 5.85 9.72 12.60 21.85 31.00 42.00 42.00 42.00 42.00 29.54 21.20 12.60 12.60 12.60 12.60 12.60 12.60
24.15 24.15 24.15 24.15 24.15 24.15 24.15 24.15 14.61 13.14 10.02 8.60 7.57 6.75 1.18 2.73 9.55 10.01 8.91 20.61 21.04 24.15 24.15 24.15
21.00 21.00 21.00 21.00 21.00 21.00 21.00 21.00 12.70 11.43 8.72 7.48 6.58 5.87 1.03 2.37 8.30 8.71 7.75 17.30 18.29 21.00 21.00 21.00
3.90 3.90 3.90 3.90 3.90 3.90 3.90 3.90 2.36 2.13 1.62 1.39 1.22 1.09 0.19 0.44 1.54 1.62 1.44 2.47 3.40 3.90 3.90 3.90
200.00 200.00 195.26 200.00 200.00 200.00 200.00 200.00 200.00 186.24 171.07 83.48 60.00 60.00 60.00 60.00 60.00 60.00 60.00 60.00 60.00 83.60 153.41 200.00
7.10 31.02 27.04 30.68 43.21 37.90 34.03 31.66 15.76 7.23 0.00 0.00 12.29 37.62 68.06 114.01 179.02 162.33 150.67 144.72 105.59 83.29 74.89 49.27
150.00 84.36 92.76 78.82 45.00 106.15 137.43 75.93 141.55 45.16 32.39 21.16 13.09 15.04 6.52 2.81 2.08 4.39 8.11 13.55 15.31 38.11 98.46 76.92
150.00 84.36 92.76 78.82 45.00 106.15 137.43 75.93 141.55 45.16 32.39 21.16 13.09 15.04 6.52 2.81 2.08 4.39 8.11 13.55 15.31 38.11 98.46 76.92
10.00 5.76 4.96 4.05 3.00 5.11 5.45 3.11 7.33 3.07 2.16 1.42 0.87 1.00 0.43 0.19 0.14 0.29 0.54 0.90 1.02 2.56 6.56 5.13
200.00 200.00 200.00 200.00 142.88 200.00 200.00 200.00 112.86 60.00 48.48 44.54 40.72 37.26 18.18 7.16 1.86 12.01 58.72 128.69 55.66 27.41 27.84 12.27
117.60 117.60 117.60 117.60 84.01 117.60 117.60 117.60 66.59 35.28 28.51 26.19 23.94 21.91 10.69 4.21 1.10 7.07 34.53 75.67 32.73 16.12 16.37 7.21
165.68 174.20 174.20 174.20 145.59 174.20 174.20 174.20 174.20 164.83 144.70 53.30 24.13 29.39 4.86 0.00 0.00 0.00 0.00 5.11 27.21 86.56 174.20 174.20
237.30 249.50 249.50 249.50 197.72 249.50 249.50 249.50 249.50 236.08 207.25 76.33 33.08 41.49 6.75 0.00 0.00 0.00 0.00 7.32 38.97 123.97 249.50 249.50
30.00 30.00 30.00 30.00 30.00 30.00 30.00 30.00 30.00 22.07 17.20 8.94 6.04 3.88 0.98 0.00 0.00 1.93 4.75 9.54 21.15 30.00 30.00 30.00
44.10 44.10 44.10 44.10 44.10 44.10 44.10 44.10 44.10 32.45 27.75 13.14 8.88 5.70 1.43 0.00 0.00 2.84 6.98 14.03 31.08 44.10 44.10 44.10
139.80 139.80 139.80 78.86 111.41 50.43 41.94 41.94 41.94 41.94 41.94 41.94 41.94 41.94 41.94 41.94 50.50 111.85 139.80 135.62 103.80 91.59 139.80 139.80
0.00 0.00 0.00 0.00 0.00 0.00 0.00 0.00 0.00 0.00 0.00 0.00 0.00 0.00 0.00 0.00 0.00 0.00 0.00 0.00 0.00 0.00 0.00 0.00
187.33 187.32 187.33 105.53 153.69 71.85 56.20 56.20 56.20 56.20 56.20 56.20 56.20 56.20 56.20 56.20 64.20 146.43 187.33 183.78 138.32 119.08 187.33 187.33
45.90 45.90 45.90 45.90 45.90 45.90 45.90 45.90 45.90 45.90 45.90 45.90 45.90 45.90 45.90 45.90 45.90 45.90 45.90 45.90 45.90 45.90 45.90 45.90
149.80 149.80 149.80 149.80 149.80 149.80 149.80 110.71 44.94 44.94 44.94 44.94 44.94 44.94 44.94 76.67 84.71 36.26 37.04 38.04 56.33 88.63 85.09 149.80
5.25 22.96 20.01 22.71 31.98 28.05 25.19 23.43 11.67 5.35 0.00 0.00 9.10 27.84 50.37 84.38 132.49 120.14 111.51 107.11 78.15 61.64 55.43 36.47
99.23 124.38 123.01 121.70 120.48 116.89 113.35 109.70 39.87 9.98 0.00 0.00 5.09 9.29 14.02 28.39 57.53 89.38 131.30 183.80 230.00 230.00 230.00 230.00
75.62 107.44 45.24 17.54 12.52 21.79 36.38 26.32 6.13 6.72 8.50 0.00 5.00 12.85 13.22 13.61 13.99 13.18 10.59 5.35 0.00 0.00 4.17 15.49
30.00 30.00 30.00 30.00 30.00 30.00 30.00 30.00 30.00 30.00 56.19 100.00 56.25 100.00 54.96 20.13 13.03 11.13 9.45 8.00 4.89 5.30 23.28 16.34
40.96 77.27 76.02 78.53 84.08 62.05 46.02 34.47 44.05 56.57 73.17 63.06 57.00 54.42 71.14 103.88 155.77 148.85 158.50 185.93 121.88 74.76 41.57 21.90
53.47 84.19 86.84 90.45 94.54 79.64 70.30 65.13 72.57 86.75 109.17 53.84 21.74 6.36 23.18 58.33 118.13 145.75 188.84 250.00 163.00 99.97 57.87 51.42
0.00 0.00 0.00 0.00 0.00 0.00 0.00 0.00 0.00 0.00 0.00 0.00 0.00 0.00 0.00 0.00 0.00 0.00 0.00 0.00 0.00 0.00 0.00 0.00
48.75 48.75 48.75 48.27 11.38 28.60 48.75 48.75 48.75 48.75 91.77 162.50 162.50 162.50 162.50 162.50 103.97 130.15 162.50 162.50 113.52 57.84 16.24 8.81
75.47 50.51 65.48 83.89 106.16 98.38 93.21 90.56 67.75 54.44 27.33 28.95 21.80 7.53 7.54 20.04 57.24 78.85 86.87 96.44 88.45 93.43 111.72 81.08
0.00 0.00 0.00 0.00 0.00 0.00 0.00 0.00 0.00 0.00 0.00 0.00 0.00 0.00 0.00 0.00 0.00 0.00 0.00 0.00 0.00 0.00 0.00 0.00
65.85 25.60 69.41 163.12 329.45 332.60 332.60 332.60 271.67 112.90 34.13 25.40 18.77 13.96 0.00 0.00 0.00 9.36 16.44 27.30 29.21 42.57 72.16 56.59
176.50 0.00 176.50 176.50 176.50 176.50 176.50 176.50 176.50 130.37 40.42 49.69 52.95 52.95 42.07 22.38 10.94 15.78 42.01 104.03 77.43 63.70 60.70 56.92
39.00 95.96 39.00 39.00 39.00 39.00 39.00 39.00 39.00 39.00 39.00 56.82 113.69 73.53 130.00 130.00 130.00 130.00 130.00 130.00 130.00 130.00 130.00 95.85
857.00 857.00 857.00 857.00 857.00 857.00 857.00 857.00 856.99 480.72 257.10 257.10 257.10 257.10 257.10 257.10 257.10 257.10 257.10 257.10 465.33 841.64 857.00 857.00
1058.00 1058.00 958.56 1058.00 1058.00 1058.00 1058.00 1058.00 1058.00 1048.92 1010.31 545.80 317.40 317.40 317.40 317.40 317.40 317.40 317.40 317.40 317.40 387.97 763.24 1058.00
539.94 539.94 539.94 539.94 539.94 539.94 539.94 539.94 539.94 539.94 539.94 895.48 539.95 539.94 466.67 172.31 72.10 38.75 18.26 0.00 0.00 30.75 174.63 316.75
159.03 159.03 159.03 159.03 142.25 117.48 96.01 77.07 141.68 159.03 159.03 159.03 159.03 319.85 159.05 179.56 159.03 159.03 159.03 159.03 159.03 159.03 159.03 159.03
156.60 156.60 156.60 156.60 156.60 137.72 101.35 72.65 120.84 156.60 248.36 322.11 522.00 522.00 522.00 522.00 308.11 257.58 156.60 156.60 156.60 156.60 156.60 156.60
164.49 78.00 78.01 78.00 78.00 78.00 78.00 78.00 78.00 78.00 78.00 78.00 78.00 78.00 78.00 78.00 0.00 78.00 78.00 78.00 145.89 260.00 260.00 260.00
171.72 171.72 171.72 171.72 168.77 155.74 143.20 131.62 171.72 171.72 171.72 171.72 171.72 171.72 171.72 171.72 171.72 171.72 171.72 171.72 171.72 171.72 171.72 171.72
15.72 15.72 15.72 15.72 15.72 13.82 10.17 7.29 12.13 15.72 27.11 38.35 52.40 52.40 52.40 52.40 36.28 26.21 15.72 15.72 15.72 15.72 15.72 15.72
308.16 150.01 150.01 150.00 150.00 150.00 150.00 150.00 150.00 150.00 150.00 150.00 150.00 150.00 150.00 150.00 0.00 150.00 150.00 150.00 280.44 500.00 500.00 500.00
326.40 326.40 326.40 326.40 293.31 267.04 242.30 219.72 326.40 326.40 326.40 326.40 326.40 326.40 326.40 326.40 326.40 326.40 326.40 326.40 326.40 326.40 678.68 326.40
267.06 267.06 267.06 267.06 241.70 225.97 211.63 197.55 267.06 267.06 267.06 267.06 267.06 267.06 267.06 267.06 267.06 267.06 267.06 267.06 267.06 267.06 267.06 267.06
97.00 97.00 97.00 97.00 97.00 97.00 97.00 71.67 29.10 29.10 29.10 29.10 29.10 29.10 29.10 49.03 54.01 23.48 23.98 24.63 34.33 55.51 55.10 97.00
119.20 119.20 119.20 119.20 119.20 119.20 119.20 88.09 35.76 35.76 35.76 35.76 35.76 35.76 35.76 60.63 66.91 28.86 29.47 30.27 43.42 69.29 67.71 119.20
235.68 157.74 204.49 261.98 331.52 307.22 291.10 282.82 211.59 170.00 85.31 97.93 68.09 23.44 26.21 65.40 154.72 246.26 271.30 301.19 276.22 291.78 348.89 253.22
501.30 281.35 400.13 321.97 150.39 364.92 484.95 270.16 490.05 150.69 108.24 70.66 43.74 50.27 21.79 9.38 6.93 14.67 27.09 45.27 51.16 127.28 329.05 257.06
303.83 203.35 263.61 337.72 427.37 396.05 375.26 364.59 272.77 219.15 109.96 127.89 87.78 30.21 34.96 86.14 193.08 317.46 349.74 388.27 356.08 376.14 449.76 326.43
422.93 283.07 366.95 470.11 594.91 551.31 522.37 507.51 379.70 305.07 153.06 180.44 122.19 42.03 50.84 123.64 258.85 441.90 486.84 540.48 495.67 523.59 626.07 454.40
264.60 264.60 264.60 264.60 264.60 264.60 264.60 264.60 257.50 99.11 30.70 35.65 41.23 67.65 18.08 11.28 46.59 39.84 68.93 108.97 342.51 465.27 262.69 209.84
5.25 12.00 4.66 3.76 3.10 3.15 3.33 8.75 2.93 3.32 6.61 4.11 3.37 4.39 4.14 3.99 3.90 3.34 2.52 1.22 0.00 0.00 1.63 5.32
