643.30 643.30 643.30 643.30 643.30 643.30 643.30 643.30 605.38 475.02 349.46 192.99 192.99 192.99 192.99 192.99 332.00 284.63 332.94 615.51 643.30 643.30 643.30 643.30
780.20 780.20 780.20 780.20 780.20 780.20 780.20 780.20 753.44 589.85 433.01 234.06 234.06 234.06 234.06 234.06 419.03 342.76 405.43 748.14 780.20 780.20 780.20 780.20
28.17 28.01 23.85 23.09 23.03 26.29 31.13 40.76 72.02 108.80 108.80 61.07 46.17 90.35 42.61 32.64 32.64 47.20 94.93 108.80 108.80 108.80 108.80 108.80
49.84 49.55 42.20 40.86 38.06 46.52 55.08 72.12 127.42 192.50 192.50 108.00 77.30 157.79 73.27 57.75 57.75 83.96 168.46 192.50 192.50 192.50 192.50 192.50
12.45 28.61 12.14 11.68 11.41 10.72 10.53 26.11 16.82 33.74 103.87 119.91 125.00 125.00 125.00 125.00 117.78 107.88 76.97 32.06 35.67 37.50 37.50 37.50
116.00 116.00 116.00 116.00 116.00 116.00 116.00 85.72 34.80 34.80 34.80 34.80 34.80 34.80 34.80 58.96 82.36 34.80 34.80 34.80 60.50 111.37 116.00 116.00
13.19 30.46 12.87 12.38 12.10 11.36 11.16 27.68 17.83 35.79 110.17 127.48 132.50 132.50 132.50 132.50 124.84 114.35 81.59 33.98 37.81 39.75 39.75 39.75
20.96 49.80 20.45 19.67 19.22 18.05 17.71 43.98 28.32 57.17 175.67 207.62 210.50 210.50 210.50 210.50 198.33 181.67 129.65 53.98 60.06 63.15 63.15 63.15
184.62 159.94 181.79 178.77 179.01 117.16 45.82 48.78 97.15 170.85 186.90 460.54 623.00 623.00 623.00 623.00 623.00 623.00 460.54 186.90 186.90 186.90 356.65 623.00
64.14 32.93 29.05 27.12 27.37 32.01 48.95 83.01 63.57 44.67 51.00 51.00 49.26 46.06 44.61 51.00 51.00 95.49 170.00 170.00 170.00 170.00 170.00 170.00
75.46 38.75 34.18 31.90 32.20 37.66 57.59 97.65 74.72 52.56 60.00 60.00 57.95 54.19 52.49 60.00 60.00 112.31 200.00 200.00 200.00 200.00 200.00 200.00
41.40 41.40 41.40 41.40 41.40 40.41 38.45 36.70 41.40 41.40 41.40 41.40 41.40 41.40 41.40 41.40 41.40 41.40 41.40 41.40 41.40 41.40 41.40 41.40
2.17 2.09 1.59 1.30 1.22 0.88 0.98 1.53 3.05 10.01 28.60 30.55 32.65 34.00 19.16 34.00 34.00 19.11 10.20 12.55 10.20 10.20 10.20 10.20
65.28 65.28 65.28 65.28 65.28 64.46 54.08 44.85 65.28 65.28 106.28 144.48 217.60 217.60 217.60 217.60 134.72 104.24 65.28 65.28 65.28 65.28 65.28 65.28
43.96 42.00 35.99 42.21 63.00 75.20 94.52 122.37 128.65 60.00 60.00 60.00 60.00 60.00 60.00 60.00 60.00 60.00 60.00 60.00 84.70 172.48 200.00 200.00
33.23 31.75 27.21 31.91 47.63 56.85 71.46 92.51 97.14 45.36 45.36 45.36 45.36 45.36 45.36 45.36 45.36 45.36 45.36 45.36 64.30 130.65 151.20 151.20
19.23 18.38 15.75 18.47 27.56 32.90 41.35 53.54 56.03 26.25 26.25 26.25 26.25 26.25 26.25 26.25 26.25 26.25 26.25 26.25 37.43 75.79 87.50 87.50
31.10 29.72 25.46 29.86 44.57 53.21 66.87 86.58 90.88 42.45 42.45 42.45 42.45 42.45 42.45 42.45 42.45 42.45 42.45 42.45 60.23 122.31 141.50 141.50
40.66 38.85 33.29 39.04 58.28 69.56 87.43 113.19 118.97 55.50 55.50 55.50 55.50 55.50 55.50 55.50 55.50 55.50 55.50 55.50 78.45 159.64 185.00 185.00
28.68 27.41 23.48 27.54 41.11 49.07 61.68 79.84 83.78 39.15 39.15 39.15 39.15 39.15 39.15 39.15 39.15 39.15 39.15 39.15 55.60 112.85 130.50 130.50
63.96 61.12 52.37 61.41 91.67 109.42 137.53 178.04 187.42 87.30 87.30 87.30 87.30 87.30 87.30 87.30 87.30 87.30 87.30 87.30 122.29 250.05 291.00 291.00
0.00 0.00 0.00 0.00 0.00 0.00 0.00 0.00 0.00 0.00 0.00 0.00 0.00 0.00 0.00 0.00 0.00 0.00 0.00 0.00 0.00 0.00 0.00 0.00
33.60 32.57 34.53 47.72 75.69 98.70 131.26 170.60 123.33 155.83 103.48 51.18 51.18 51.18 51.18 51.18 51.18 51.18 51.18 51.18 95.98 170.60 170.60 170.60
32.30 31.31 33.19 45.87 72.76 94.88 126.18 164.00 119.02 148.85 99.00 49.20 49.20 49.20 49.20 49.20 49.20 49.20 49.20 49.20 92.28 164.00 164.00 164.00
43.37 42.04 44.57 61.60 97.69 127.40 169.42 220.20 155.30 208.93 137.47 66.06 66.06 66.06 66.06 66.06 66.06 66.06 66.06 66.06 123.80 220.20 220.20 220.20
154.70 149.96 158.98 219.72 348.50 454.46 604.35 785.50 486.84 785.09 509.29 235.65 235.65 235.65 235.65 235.65 235.65 235.65 235.65 235.65 440.78 785.50 785.50 785.50
55.64 53.93 57.18 79.02 125.33 163.44 217.35 282.50 194.81 276.23 180.45 84.75 84.75 84.75 84.75 84.75 84.75 84.75 84.75 84.75 158.74 282.50 282.50 282.50
46.13 48.58 19.58 19.48 45.18 19.75 21.60 25.09 27.04 29.28 78.50 96.29 120.00 120.00 120.00 120.00 120.00 120.00 120.00 120.00 120.00 120.00 120.00 120.00
5.45 5.63 5.48 6.73 9.53 11.03 12.90 15.17 23.85 29.88 29.88 31.88 29.88 29.88 31.39 29.88 29.88 29.88 29.88 29.88 31.77 29.88 29.88 29.88
33.49 34.64 33.72 41.36 58.60 67.84 79.35 93.27 146.64 183.75 183.75 234.28 183.76 183.75 210.51 183.75 183.75 183.75 183.75 183.75 229.39 183.75 183.75 183.75
12.60 12.60 12.60 12.60 12.60 12.44 10.44 8.66 12.60 12.60 21.85 31.00 42.00 42.00 42.00 42.00 29.54 21.20 12.60 12.60 12.60 12.60 12.60 12.60
5.13 4.96 3.75 3.09 2.88 2.09 2.31 3.63 7.21 23.67 67.72 72.33 77.30 80.50 45.25 80.50 80.50 45.19 24.15 35.91 24.15 24.15 24.15 24.15
4.46 4.31 3.26 2.69 2.50 1.82 2.01 3.16 6.27 20.59 58.88 62.89 67.22 70.00 39.36 70.00 70.00 39.30 21.00 30.13 21.00 21.00 21.00 21.00
0.83 0.80 0.61 0.50 0.46 0.34 0.37 0.59 1.17 3.84 10.94 11.68 12.48 13.00 7.37 13.00 13.00 7.33 3.90 4.30 3.90 3.90 3.90 3.90
200.00 200.00 195.26 200.00 200.00 200.00 200.00 200.00 200.00 186.24 171.07 83.48 60.00 60.00 60.00 60.00 60.00 60.00 60.00 0.00 60.00 83.60 171.41 200.00
154.02 105.31 92.35 82.06 75.15 57.28 47.32 45.30 46.26 50.72 57.99 61.98 67.26 73.75 159.48 294.51 338.60 338.60 338.60 338.60 338.60 338.60 338.60 338.60
26.81 13.55 13.78 13.14 9.77 28.72 49.91 38.20 103.51 84.30 150.00 84.20 45.00 45.00 45.00 45.00 45.00 45.00 45.00 45.00 45.00 84.18 149.99 150.00
26.81 13.55 13.78 13.14 9.77 28.72 49.91 38.20 103.51 84.30 150.00 84.20 45.00 45.00 45.00 45.00 45.00 45.00 45.00 45.00 45.00 84.18 149.99 150.00
1.79 0.93 0.74 0.67 0.65 1.38 1.98 1.57 5.36 5.73 10.00 5.66 3.00 3.00 3.00 3.00 3.00 3.00 3.00 3.00 3.00 5.66 10.00 10.00
75.46 38.75 34.18 31.90 32.20 37.66 57.59 97.65 74.72 52.56 60.00 60.00 57.95 54.19 52.49 60.00 60.00 112.31 200.00 200.00 200.00 200.00 200.00 200.00
44.37 22.78 20.10 18.76 18.94 22.14 33.86 57.42 44.08 30.90 35.28 35.28 34.08 31.86 30.86 35.28 35.28 66.10 117.60 117.60 117.60 117.60 117.60 117.60
45.10 44.84 38.19 36.97 34.92 42.10 49.84 65.26 115.31 174.20 174.20 97.74 70.73 143.27 66.79 52.26 52.26 75.89 152.35 174.20 174.20 174.20 174.20 174.20
64.60 64.22 54.70 52.95 47.43 60.30 71.38 93.47 165.15 249.50 249.50 139.96 96.96 202.25 92.70 74.85 74.85 109.23 218.77 249.50 249.50 249.50 249.50 249.50
6.73 6.61 4.72 4.37 5.55 4.99 5.15 6.00 12.47 22.58 40.31 30.00 30.00 30.00 30.00 73.62 30.00 30.00 30.00 30.00 30.00 30.00 30.00 30.00
9.89 9.71 6.93 6.43 8.16 7.33 7.57 8.81 18.33 33.19 65.03 44.10 44.10 44.10 44.10 108.35 44.10 44.10 44.10 44.10 44.10 44.10 44.10 44.10
139.80 139.80 139.80 78.86 111.41 50.43 41.94 41.94 41.94 41.94 41.94 41.94 41.94 41.94 41.94 41.94 50.50 111.85 139.80 135.62 103.80 91.59 139.80 139.80
0.00 0.00 0.00 0.00 0.00 0.00 0.00 0.00 0.00 0.00 0.00 0.00 0.00 0.00 0.00 0.00 0.00 0.00 0.00 0.00 0.00 0.00 0.00 0.00
187.33 187.32 187.33 105.53 153.69 71.85 56.20 56.20 56.20 56.20 56.20 56.20 56.20 56.20 56.20 56.20 64.20 146.43 187.33 183.78 138.32 119.08 187.33 187.33
45.90 45.90 45.90 45.90 45.90 45.90 45.90 45.90 45.90 45.90 45.90 45.90 45.90 45.90 45.90 45.90 45.90 45.90 45.90 45.90 45.90 45.90 45.90 45.90
149.80 149.80 149.80 149.80 149.80 149.80 149.80 110.71 44.94 44.94 44.94 44.94 44.94 44.94 44.94 76.67 107.25 44.94 44.94 44.94 80.98 146.70 149.80 149.80
113.99 77.94 68.35 60.73 55.62 42.39 35.02 33.52 34.24 37.54 42.92 45.87 49.78 54.58 118.03 217.97 250.60 250.60 250.60 250.60 250.60 250.60 250.60 250.60
67.92 69.65 60.95 57.33 58.91 50.18 45.99 45.92 85.58 148.75 230.00 230.00 230.00 230.00 230.00 230.00 230.00 230.00 212.38 106.22 98.61 95.20 96.18 230.00
57.06 75.95 42.28 21.95 21.72 36.87 59.32 40.29 24.76 67.26 168.88 190.56 232.90 238.50 238.50 207.51 171.81 145.90 97.48 38.40 42.40 47.71 54.46 71.55
12.78 19.76 26.04 30.00 30.00 30.00 30.00 29.25 30.00 30.00 56.19 100.00 56.25 100.00 56.12 30.00 30.00 30.00 30.00 30.00 30.00 30.00 73.71 30.00
244.15 268.00 216.27 141.61 100.08 59.81 36.75 26.67 44.11 75.21 123.61 159.12 200.06 247.45 268.00 268.00 268.00 268.00 268.00 268.00 268.00 268.00 268.00 268.00
158.38 159.38 128.60 102.87 81.46 50.27 29.82 17.71 40.35 80.75 145.87 174.16 208.48 247.30 250.00 250.00 250.00 250.00 250.00 250.00 250.00 250.00 238.45 220.24
0.00 0.00 0.00 0.00 0.00 0.00 0.00 0.00 0.00 0.00 0.00 0.00 0.00 0.00 0.00 0.00 0.00 0.00 0.00 0.00 0.00 0.00 0.00 0.00
25.26 17.82 19.80 22.37 25.38 27.69 33.25 42.40 47.77 48.75 91.77 162.50 162.50 162.50 162.50 162.50 162.50 162.50 162.50 162.50 162.50 162.50 96.21 48.75
62.05 48.26 41.05 34.63 29.06 16.39 10.09 8.21 20.47 47.83 54.55 78.94 85.86 45.37 76.25 125.53 146.36 185.40 185.40 185.40 185.40 185.40 185.40 185.40
0.00 0.00 0.00 0.00 0.00 0.00 0.00 0.00 0.00 0.00 0.00 0.00 0.00 0.00 0.00 0.00 0.00 0.00 0.00 0.00 0.00 0.00 0.00 0.00
144.62 78.63 69.35 60.76 52.99 35.31 23.22 15.46 25.10 39.17 58.73 44.73 40.63 45.50 85.54 178.76 332.60 332.60 332.60 332.60 332.60 332.60 332.60 332.60
47.34 46.36 75.62 129.87 176.50 176.50 176.50 176.50 176.50 130.37 52.95 52.95 52.95 52.95 52.95 52.95 52.95 52.95 98.98 176.50 176.50 0.00 0.00 0.00
39.00 95.96 39.00 39.00 39.00 39.00 39.00 39.00 39.00 39.00 39.00 56.82 113.69 73.53 130.00 130.00 130.00 130.00 130.00 130.00 130.00 130.00 130.00 95.85
857.00 857.00 857.00 857.00 857.00 857.00 857.00 857.00 856.99 480.72 257.10 257.10 257.10 257.10 257.10 257.10 257.10 257.10 0.00 0.00 465.33 841.64 857.00 857.00
1058.00 1058.00 958.56 1058.00 1058.00 1058.00 1058.00 1058.00 1058.00 1048.92 1010.31 545.80 317.40 317.40 317.40 317.40 317.40 317.40 317.40 0.00 317.40 387.97 852.76 1058.00
98.41 101.78 99.08 121.53 172.20 199.35 233.18 274.08 430.89 539.94 539.94 895.48 539.95 539.94 745.19 539.94 539.94 539.94 539.94 539.94 868.95 539.94 539.94 539.94
159.03 159.03 159.03 159.03 126.98 119.89 113.25 106.86 155.00 159.03 159.03 159.03 159.03 319.85 159.05 179.56 159.03 159.03 159.03 159.03 159.03 159.03 159.03 159.03
156.60 156.60 156.60 156.60 156.60 154.62 129.73 107.59 156.60 156.60 248.36 322.11 522.00 522.00 522.00 522.00 308.11 257.58 156.60 156.60 156.60 156.60 156.60 156.60
164.49 78.00 78.01 78.00 78.00 78.00 78.00 78.00 78.00 78.00 78.00 78.00 78.00 78.00 78.00 78.00 78.00 78.00 78.00 78.00 145.89 260.00 260.00 260.00
171.72 171.72 171.72 171.72 155.56 151.04 147.10 142.46 171.72 171.72 171.72 171.72 171.72 171.72 171.72 171.72 171.72 171.72 171.72 171.72 171.72 171.72 171.72 171.72
15.72 15.72 15.72 15.72 15.72 15.52 13.02 10.80 15.72 15.72 27.11 38.35 52.40 52.40 52.40 52.40 36.28 26.21 15.72 15.72 15.72 15.72 15.72 15.72
308.16 150.01 150.01 150.00 150.00 150.00 150.00 150.00 150.00 150.00 150.00 150.00 150.00 150.00 150.00 150.00 150.00 150.00 150.00 150.00 280.44 500.00 500.00 500.00
326.40 326.40 326.40 326.40 326.40 326.40 326.40 326.40 326.40 326.40 326.40 326.40 326.40 326.40 326.40 326.40 326.40 326.40 326.40 326.40 326.40 326.40 678.68 326.40
267.06 267.06 267.06 267.06 267.06 260.66 248.03 236.73 267.06 267.06 267.06 267.06 267.06 267.06 267.06 267.06 267.06 267.06 267.06 267.06 267.06 267.06 267.06 267.06
97.00 97.00 97.00 97.00 97.00 97.00 97.00 71.67 29.10 29.10 29.10 29.10 29.10 29.10 29.10 49.03 68.38 29.10 29.10 29.10 49.35 91.87 97.00 97.00
119.20 119.20 119.20 119.20 119.20 119.20 119.20 88.09 35.76 35.76 35.76 35.76 35.76 35.76 35.76 60.63 84.71 35.76 35.76 35.76 62.41 114.69 119.20 119.20
193.79 150.72 128.21 108.14 90.74 51.18 31.50 25.64 63.92 149.37 170.28 267.03 268.13 141.16 265.06 409.74 395.58 578.99 579.00 579.00 579.00 579.00 579.00 579.00
89.60 45.19 59.44 53.68 32.64 98.75 176.13 135.93 358.35 281.31 501.30 281.17 150.39 150.39 150.39 150.39 150.39 150.39 150.39 150.39 150.39 281.15 501.30 501.30
249.82 194.30 165.27 139.41 116.98 65.98 40.61 33.05 82.40 192.55 219.50 348.72 345.66 181.89 353.56 539.69 493.67 746.39 746.40 746.40 746.40 746.40 746.40 746.40
347.75 270.47 230.06 194.06 162.83 91.84 56.53 46.00 114.70 268.04 305.52 492.02 481.16 253.08 514.22 774.65 661.83 1038.99 1039.00 1039.00 1039.00 1039.00 1039.00 1039.00
42.04 36.28 30.91 31.27 37.62 40.11 58.78 98.90 144.71 202.36 264.60 264.60 264.60 378.16 264.60 264.60 604.22 264.60 264.60 264.60 651.99 651.69 264.61 264.60
5.59 11.81 5.45 5.24 5.12 4.81 4.73 11.71 7.55 15.03 46.30 52.29 56.10 56.10 56.10 56.10 52.86 48.42 34.51 14.39 16.01 16.83 16.83 16.83
