0.00 0.00 0.00 0.00 0.00 0.00 0.00 0.00 0.00 0.00 0.00 0.00 192.99 192.99 192.99 192.99 332.00 284.63 332.94 615.51 643.30 643.30 643.30 643.30
0.00 0.00 0.00 0.00 0.00 0.00 0.00 0.00 0.00 0.00 0.00 0.00 234.06 234.06 234.06 234.06 419.03 342.76 405.43 748.14 780.20 780.20 780.20 780.20
108.80 108.80 101.72 78.63 54.11 42.31 29.13 19.85 17.00 14.52 12.36 6.18 4.35 8.36 3.51 3.90 7.20 10.23 20.41 23.28 25.11 28.55 33.54 35.81
192.50 192.50 179.97 139.12 89.43 74.86 51.54 35.12 30.07 25.69 21.87 10.92 7.29 14.60 6.03 6.91 12.74 18.20 36.22 41.19 44.42 50.51 59.35 63.36
37.50 84.11 31.88 16.49 7.25 4.67 3.08 5.38 1.77 2.07 4.23 5.62 6.70 7.61 4.30 2.67 0.00 0.00 0.00 0.00 0.00 0.89 1.61 2.31
116.00 116.00 116.00 116.00 116.00 116.00 116.00 85.72 34.80 34.80 34.80 34.80 34.80 34.80 34.80 58.96 82.36 34.80 22.72 13.83 20.71 32.43 28.71 17.65
39.75 89.55 33.79 17.48 7.68 4.95 3.27 5.70 1.88 2.19 4.49 5.97 7.11 8.06 4.56 2.84 0.00 0.00 0.00 0.00 0.00 0.94 1.71 2.44
63.15 146.38 53.68 27.77 12.20 7.87 5.19 9.06 2.98 3.50 7.16 9.72 11.29 12.81 7.24 4.50 0.00 0.00 0.00 0.00 0.00 1.50 2.71 3.88
622.97 524.08 596.99 331.24 162.07 88.17 26.77 20.68 16.81 13.49 10.89 23.58 29.02 27.57 19.72 23.78 42.29 39.68 27.89 10.82 16.03 24.12 68.31 137.70
170.00 117.23 124.49 132.04 140.30 119.77 101.68 85.32 44.06 21.76 20.52 21.10 21.91 22.84 25.36 29.77 36.32 39.17 36.00 16.29 17.09 28.54 55.95 59.64
200.00 137.92 146.46 155.34 165.06 140.90 119.62 100.38 51.79 25.60 24.14 24.83 25.77 26.87 29.83 35.03 42.73 46.08 42.35 19.16 20.11 33.58 65.82 70.16
41.40 41.40 41.40 41.40 41.40 41.40 41.40 41.40 41.40 41.40 41.40 41.40 41.40 41.40 41.40 41.40 41.40 41.40 41.40 41.40 41.40 41.40 32.51 34.52
4.39 4.33 4.22 4.17 4.12 3.13 2.32 1.70 1.26 1.75 2.38 2.64 3.10 3.76 2.99 8.80 15.05 7.24 3.35 3.63 2.95 3.09 3.40 3.56
65.28 65.28 65.28 65.28 43.56 35.04 29.19 25.88 39.91 58.86 106.28 144.48 217.60 217.60 217.60 217.60 134.72 104.24 60.67 39.47 31.41 24.61 18.94 10.27
185.29 197.42 192.11 187.52 184.33 146.55 114.29 87.88 53.69 18.09 14.88 14.50 14.63 15.25 13.54 15.83 22.89 19.82 17.35 15.28 21.33 46.94 63.73 68.60
140.08 149.25 145.23 141.76 139.35 110.79 86.40 66.43 40.54 13.67 11.25 10.96 11.06 11.53 10.24 11.97 17.30 14.98 13.12 11.56 16.20 35.56 48.18 51.86
81.07 86.37 84.05 82.04 80.64 64.12 50.00 38.45 23.38 7.91 6.51 6.34 6.40 6.67 5.92 6.93 10.01 8.67 7.59 6.69 9.43 20.63 27.88 30.01
131.09 139.67 135.92 132.67 130.41 103.69 80.86 62.17 37.93 12.80 10.52 10.26 10.35 10.79 9.58 11.20 16.19 14.02 12.28 10.81 15.17 33.29 45.09 48.53
171.39 182.61 177.70 173.45 170.51 135.56 105.72 81.29 49.65 16.73 13.76 13.41 13.53 14.10 12.52 14.65 21.17 18.33 16.05 14.14 19.76 43.45 58.95 63.45
120.90 128.82 125.35 122.36 120.28 95.63 74.57 57.34 34.97 11.80 9.71 9.46 9.55 9.95 8.83 10.33 14.93 12.93 11.32 9.97 14.00 30.71 41.58 44.76
269.60 287.24 279.52 272.84 268.20 213.23 166.29 127.86 78.22 26.31 21.64 21.10 21.29 22.19 19.70 23.04 33.30 28.84 25.25 22.24 30.80 68.05 92.72 99.81
0.00 0.00 0.00 0.00 0.00 0.00 0.00 0.00 0.00 0.00 0.00 0.00 0.00 0.00 0.00 0.00 0.00 0.00 0.00 0.00 0.00 0.00 0.00 0.00
170.60 170.60 170.60 170.60 170.60 170.60 145.68 109.66 67.30 71.80 39.97 19.87 20.28 21.05 17.54 17.69 21.64 17.62 14.28 11.58 20.72 42.19 55.96 58.38
164.00 164.00 164.00 164.00 164.00 164.00 140.04 105.41 64.95 68.58 38.24 19.10 19.50 20.24 16.86 17.01 20.80 16.94 13.72 11.13 19.92 40.56 53.80 56.12
220.20 220.20 220.20 220.20 220.20 220.20 188.03 141.54 84.74 96.26 53.10 25.65 26.18 27.17 22.64 22.84 27.93 22.74 18.43 14.95 26.73 54.45 72.23 75.35
785.50 785.50 785.50 785.50 785.50 785.50 670.75 504.90 265.65 361.73 196.73 91.48 93.38 96.94 80.78 81.46 99.63 81.13 65.74 53.31 95.16 194.25 257.66 268.80
282.50 282.50 282.50 282.50 282.50 282.50 241.23 181.58 106.30 127.27 69.70 32.90 33.58 34.86 29.05 29.30 35.83 29.18 23.64 19.17 34.27 69.86 92.67 96.67
67.44 88.63 36.00 36.00 84.17 36.00 36.00 36.00 36.00 36.00 88.65 96.29 120.00 120.00 120.00 120.00 120.00 79.07 38.73 15.92 10.89 9.83 12.37 10.33
24.87 29.88 29.88 24.85 20.61 13.58 8.42 4.93 6.30 7.89 9.81 12.04 12.89 14.68 9.86 6.35 5.09 4.04 3.19 2.51 2.59 3.68 6.66 7.27
152.94 183.75 183.75 152.84 126.73 83.50 51.76 30.34 38.73 48.53 60.36 88.45 79.28 90.29 66.11 39.06 31.33 24.85 19.62 15.44 18.72 22.64 40.95 44.68
12.60 12.60 12.60 12.60 8.41 6.76 5.63 4.99 7.70 11.36 21.85 31.00 42.00 42.00 42.00 42.00 29.54 21.20 11.71 7.62 6.06 4.75 3.65 1.98
10.40 10.26 10.00 9.86 9.77 7.41 5.50 4.02 2.98 4.13 5.63 6.26 7.34 8.91 7.06 20.85 35.64 17.11 7.93 10.39 6.99 7.31 8.04 8.44
9.05 8.92 8.70 8.58 8.49 6.44 4.78 3.50 2.59 3.59 4.90 5.44 6.38 7.75 6.14 18.13 30.99 14.88 6.90 8.72 6.07 6.35 6.99 7.34
1.68 1.66 1.62 1.59 1.58 1.20 0.89 0.65 0.48 0.67 0.91 1.01 1.19 1.44 1.15 3.37 5.76 2.78 1.28 1.24 1.13 1.18 1.30 1.36
200.00 200.00 195.26 200.00 200.00 200.00 200.00 200.00 200.00 186.24 171.07 83.48 60.00 60.00 60.00 60.00 60.00 60.00 45.29 22.52 16.32 19.57 43.27 45.76
84.44 81.96 85.19 88.89 93.02 86.62 82.18 81.43 72.45 71.77 78.08 64.72 57.78 57.27 88.84 133.34 193.29 131.56 85.10 51.67 58.10 68.11 80.75 76.41
106.17 51.09 62.97 60.00 38.44 69.74 67.50 27.32 47.35 26.32 44.20 26.70 15.47 16.93 16.35 18.30 23.06 17.58 13.32 9.93 9.42 20.22 47.49 51.45
106.17 51.09 62.97 60.00 38.44 69.74 67.50 27.32 47.35 26.32 44.20 26.70 15.47 16.93 16.35 18.30 23.06 17.58 13.32 9.93 9.42 20.22 47.49 51.45
7.08 3.49 3.36 3.08 2.56 3.36 2.68 1.12 2.45 1.79 2.95 1.80 1.03 1.13 1.09 1.22 1.54 1.17 0.89 0.66 0.63 1.36 3.17 3.43
200.00 137.92 146.46 155.34 165.06 140.90 119.62 100.38 51.79 25.60 24.14 24.83 25.77 26.87 29.83 35.03 42.73 46.08 42.35 19.16 20.11 33.58 65.82 70.16
117.60 81.10 86.12 91.34 97.06 82.85 70.34 59.02 30.56 15.05 14.19 14.60 15.16 15.80 17.54 20.60 25.12 27.12 24.90 11.27 11.83 19.74 38.70 41.25
174.20 174.20 162.86 125.89 82.06 67.74 46.64 31.78 27.22 23.24 19.79 9.88 6.67 13.26 5.50 6.25 11.53 16.45 32.76 37.28 40.20 45.71 53.71 57.33
249.50 249.50 233.26 180.31 111.44 97.03 66.80 45.52 38.98 33.29 28.35 14.15 9.14 18.72 7.63 8.95 16.51 23.68 47.04 53.39 57.58 65.46 76.92 82.12
18.77 20.10 17.74 15.70 13.94 10.61 7.85 5.70 4.70 3.93 4.44 3.31 3.54 4.04 4.42 16.07 11.11 9.98 9.10 8.43 8.36 8.79 9.65 10.42
27.60 29.55 26.08 23.08 20.49 15.60 11.54 8.38 6.91 5.77 7.17 4.87 5.20 5.94 6.49 23.66 16.33 14.66 13.38 12.39 12.29 12.92 14.19 15.31
0.00 0.00 139.80 78.86 111.41 50.43 41.94 41.94 41.94 41.94 41.94 41.94 41.94 41.94 41.94 41.94 50.50 111.85 139.80 135.62 103.80 91.59 139.80 139.80
0.00 0.00 0.00 0.00 0.00 0.00 0.00 0.00 0.00 0.00 0.00 0.00 0.00 0.00 0.00 0.00 0.00 0.00 0.00 0.00 0.00 0.00 0.00 0.00
0.00 0.00 187.33 105.53 153.69 71.85 56.20 56.20 56.20 56.20 56.20 56.20 56.20 56.20 56.20 56.20 64.20 146.43 187.33 183.78 138.32 119.08 187.33 187.33
45.90 45.90 45.90 45.90 45.90 45.90 45.90 45.90 45.90 45.90 45.90 45.90 45.90 45.90 45.90 45.90 45.90 45.90 45.90 45.90 45.90 45.90 45.90 45.90
149.80 149.80 149.80 149.80 149.80 149.80 149.80 110.71 44.94 44.94 44.94 44.94 44.94 44.94 44.94 76.67 107.25 44.94 29.34 17.86 27.73 42.72 37.08 22.79
62.50 60.66 63.05 65.79 68.84 64.11 60.82 60.27 53.62 53.12 57.79 47.90 42.76 42.38 65.75 98.68 143.06 97.37 62.99 38.24 43.00 50.41 59.77 56.55
141.56 120.80 104.68 91.24 79.70 60.57 46.60 36.61 27.76 20.73 15.13 9.81 10.20 16.47 43.15 92.36 171.59 125.94 89.49 60.88 64.59 69.36 75.20 79.74
163.33 238.49 106.56 32.63 17.03 18.96 19.17 8.40 2.67 4.03 6.34 5.90 5.56 5.30 0.00 0.00 0.00 0.00 0.00 0.00 0.00 0.00 1.51 2.22
30.00 30.00 30.00 30.00 28.92 23.27 18.50 14.53 17.07 19.95 43.47 92.71 56.25 100.00 56.12 23.93 18.89 13.11 8.62 5.34 2.39 1.75 7.21 4.14
37.29 38.66 44.11 50.46 58.12 53.83 51.19 50.16 52.71 61.05 75.94 95.56 125.85 167.83 204.59 261.40 268.00 251.08 181.05 126.80 117.26 109.35 103.27 91.97
7.15 5.42 10.21 17.09 26.70 22.93 21.41 21.98 18.40 17.40 19.28 46.54 91.89 160.09 165.31 178.63 201.24 145.69 103.65 71.90 58.68 48.74 42.20 38.35
0.00 0.00 0.00 0.00 0.00 0.00 0.00 0.00 0.00 0.00 0.00 0.00 0.00 0.00 0.00 0.00 0.00 0.00 0.00 0.00 0.00 0.00 0.00 0.00
48.75 48.75 48.75 48.75 48.75 48.75 48.75 42.06 45.08 48.44 91.77 162.50 162.50 162.50 160.92 149.97 142.67 71.12 29.09 8.55 5.22 5.31 5.33 3.18
59.84 42.82 45.82 49.37 52.85 48.00 43.70 39.62 28.84 22.00 10.35 17.07 23.05 16.02 35.35 64.30 102.70 100.03 79.24 66.30 65.21 67.83 74.15 76.92
0.00 0.00 0.00 0.00 0.00 0.00 0.00 0.00 0.00 0.00 0.00 0.00 0.00 0.00 0.00 0.00 0.00 0.00 0.00 0.00 0.00 0.00 0.00 0.00
86.63 74.10 78.44 82.87 87.39 80.64 74.32 68.80 57.51 50.67 48.24 49.56 52.26 56.88 84.68 120.72 165.75 93.63 49.90 27.46 36.31 52.77 78.42 82.97
176.50 176.50 176.50 176.50 176.50 176.50 176.50 176.50 176.50 130.37 48.45 49.77 51.19 52.86 46.90 44.20 44.66 31.40 39.21 44.21 31.25 31.10 43.84 48.35
39.00 95.96 39.00 39.00 39.00 39.00 39.00 39.00 39.00 39.00 39.00 56.82 113.69 73.53 130.00 130.00 130.00 130.00 92.54 39.72 33.00 31.77 35.62 17.68
857.00 857.00 857.00 857.00 857.00 857.00 857.00 857.00 856.99 480.72 257.10 257.10 257.10 257.10 257.10 257.10 257.10 257.10 207.63 102.58 143.90 236.52 266.22 236.15
1058.00 1058.00 958.56 1058.00 1058.00 1058.00 1058.00 1058.00 1058.00 1048.92 1010.31 545.80 317.40 317.40 317.40 317.40 317.40 317.40 239.59 119.11 86.31 90.81 215.25 242.05
449.42 539.94 539.94 449.11 372.39 245.35 152.09 89.16 113.82 142.60 177.35 338.08 232.95 265.32 234.02 114.77 92.06 73.03 57.66 45.36 70.92 66.54 120.32 131.29
159.03 159.03 159.03 159.03 159.03 159.03 152.58 129.71 159.03 159.03 159.03 159.03 159.03 319.85 159.05 179.56 159.03 159.03 159.03 159.03 145.36 82.02 41.73 26.56
156.60 156.60 156.60 156.60 104.50 84.05 70.02 62.08 95.75 141.21 248.36 322.11 522.00 522.00 522.00 522.00 308.11 257.58 145.54 94.68 75.36 59.03 45.42 24.64
0.00 0.00 78.01 78.00 78.00 78.00 78.00 78.00 78.00 78.00 0.00 78.00 78.00 78.00 78.00 78.00 78.00 78.00 78.00 78.00 145.89 260.00 260.00 260.00
171.72 171.72 171.72 171.72 171.72 171.72 171.72 171.72 171.72 171.72 171.72 171.72 171.72 171.72 171.72 171.72 171.72 171.72 171.72 171.72 171.72 171.72 171.72 152.09
15.72 15.72 15.72 15.72 10.49 8.44 7.03 6.23 9.61 14.17 27.11 38.35 52.40 52.40 52.40 52.40 36.28 26.21 14.61 9.50 7.56 5.93 4.56 2.47
0.00 0.00 150.01 150.00 150.00 150.00 150.00 150.00 150.00 150.00 0.00 150.00 150.00 150.00 150.00 150.00 150.00 150.00 150.00 150.00 280.44 500.00 500.00 500.00
326.40 326.40 326.40 326.40 326.40 326.40 326.40 326.40 326.40 326.40 326.40 326.40 326.40 326.40 326.40 326.40 326.40 326.40 326.40 326.40 326.40 260.15 327.37 178.31
267.06 267.06 267.06 267.06 267.06 267.06 267.06 267.06 267.06 267.06 267.06 267.06 267.06 267.06 267.06 267.06 267.06 267.06 267.06 267.06 267.06 267.06 209.74 222.65
97.00 97.00 97.00 97.00 97.00 97.00 97.00 71.67 29.10 29.10 29.10 29.10 29.10 29.10 29.10 49.03 68.38 29.10 19.00 11.56 16.90 26.75 24.01 14.76
119.20 119.20 119.20 119.20 119.20 119.20 119.20 88.09 35.76 35.76 35.76 35.76 35.76 35.76 35.76 60.63 84.71 35.76 23.35 14.21 21.37 33.40 29.50 18.14
186.87 133.74 143.09 154.19 165.06 149.91 136.47 123.74 90.06 68.71 32.29 57.74 71.99 49.86 122.90 209.88 277.57 312.40 247.46 207.07 203.65 211.85 231.58 240.23
354.81 170.41 271.66 245.10 128.47 239.73 238.20 97.20 163.94 87.83 147.70 89.16 51.71 56.58 54.63 61.17 77.06 58.76 44.52 33.19 31.47 67.52 158.73 171.93
240.90 172.40 184.46 198.78 212.78 193.25 175.93 159.51 116.10 88.58 41.63 75.41 92.81 64.25 163.93 276.45 346.41 402.72 319.00 266.93 262.53 273.09 298.53 309.69
335.34 239.98 256.78 276.70 296.19 269.01 244.89 222.04 161.61 123.30 57.94 106.39 129.19 89.40 238.43 396.80 464.40 560.59 444.05 371.57 365.45 380.15 415.56 431.09
160.57 123.78 136.00 149.22 163.89 127.10 96.45 71.64 57.93 47.65 39.68 44.31 50.08 81.64 64.51 85.56 284.96 97.31 75.54 59.21 149.13 170.91 87.03 92.85
16.83 34.73 14.31 7.40 3.25 2.10 1.39 2.41 0.79 0.92 1.89 2.45 3.01 3.41 1.93 1.20 0.00 0.00 0.00 0.00 0.00 0.40 0.72 1.03
