58.87 35.22 0.00 0.00 0.00 0.00 0.00 0.00 25.13 60.35 101.31 58.30 82.23 134.62 153.61 174.83 332.00 284.63 332.94 615.51 643.30 643.30 492.40 360.64
71.40 42.72 0.00 0.00 0.00 0.00 0.00 0.00 31.27 74.94 125.52 70.71 99.74 163.27 186.31 212.04 419.03 342.76 405.43 748.14 780.20 780.20 597.19 437.39
27.55 29.40 13.15 35.28 98.16 108.80 95.13 82.08 67.05 54.03 42.78 8.57 3.61 13.01 3.33 1.26 0.00 0.00 7.00 36.00 54.99 79.86 108.80 89.61
48.75 52.02 23.27 62.42 162.22 192.50 168.31 145.23 118.63 95.60 75.69 15.16 6.05 22.72 5.72 2.23 0.00 0.00 12.43 63.69 97.29 141.30 192.50 158.54
3.84 12.38 3.19 2.32 2.60 3.38 6.08 28.56 9.78 10.76 18.93 5.68 2.78 8.39 12.12 22.87 44.24 35.84 22.70 8.55 2.85 2.86 8.60 9.17
116.00 116.00 116.00 116.00 116.00 116.00 116.00 85.72 34.80 34.80 30.47 30.06 32.48 34.80 32.44 49.96 67.86 29.73 31.16 32.65 51.61 86.92 83.46 79.23
4.07 13.18 3.38 2.46 2.75 3.58 6.45 30.27 10.37 11.41 20.07 6.04 2.94 8.89 12.85 24.24 46.89 37.99 24.07 9.07 3.02 3.04 9.12 9.72
6.46 21.54 5.37 3.91 4.37 5.69 10.24 48.11 16.48 18.23 32.01 9.83 4.68 14.13 20.41 38.51 74.49 60.35 38.24 14.41 4.80 4.82 14.49 15.44
223.94 262.78 155.78 93.18 94.90 62.60 38.90 74.72 66.05 58.28 51.20 34.73 19.30 48.98 55.17 94.59 183.13 134.72 79.50 29.32 11.98 18.58 108.68 178.94
88.87 113.97 117.09 120.92 125.15 106.02 91.18 80.05 48.83 30.87 38.84 21.78 11.03 4.98 8.95 15.51 25.36 67.52 164.60 170.00 170.00 170.00 164.37 158.65
104.55 134.09 137.76 142.26 147.23 124.73 107.27 94.17 57.39 36.32 45.69 25.63 12.98 5.86 10.53 18.25 29.83 79.41 193.65 200.00 200.00 200.00 193.37 186.64
6.84 4.77 1.51 0.00 0.00 0.00 0.00 0.00 1.14 3.09 6.88 4.79 6.85 14.41 19.98 27.88 38.78 41.40 41.40 41.40 41.40 41.40 40.43 29.60
4.68 6.84 9.31 10.20 10.20 10.20 8.29 5.62 4.97 8.28 13.13 7.09 3.60 1.95 1.68 5.08 8.75 9.74 9.08 12.55 10.20 9.54 8.01 5.70
19.58 18.08 17.53 17.51 18.20 10.90 6.10 3.20 5.01 7.81 19.39 11.50 12.06 19.69 22.73 42.91 54.88 61.83 56.61 65.28 65.28 65.28 61.86 45.85
81.44 113.12 181.42 200.00 200.00 200.00 184.72 110.68 61.64 18.65 13.47 6.18 3.62 4.29 1.71 1.46 3.31 15.14 41.07 60.00 84.70 172.48 200.00 139.22
61.57 85.52 137.15 151.20 151.20 151.20 139.65 83.68 46.54 14.10 10.18 4.67 2.74 3.24 1.29 1.11 2.50 11.44 31.05 45.36 64.30 130.65 151.20 105.25
35.63 49.49 79.37 87.50 87.50 87.50 80.82 48.42 26.85 8.16 5.89 2.70 1.58 1.88 0.75 0.64 1.45 6.62 17.97 26.25 37.43 75.79 87.50 60.91
57.62 80.03 128.36 141.50 141.50 141.50 130.69 78.31 43.54 13.20 9.53 4.37 2.56 3.04 1.21 1.04 2.34 10.71 29.05 42.45 60.23 122.31 141.50 98.50
75.33 104.63 167.82 185.00 185.00 185.00 170.87 102.38 57.00 17.25 12.46 5.72 3.35 3.97 1.58 1.35 3.06 14.00 37.99 55.50 78.45 159.64 185.00 128.78
53.14 73.81 118.38 130.50 130.50 130.50 120.53 72.22 40.14 12.17 8.79 4.03 2.36 2.80 1.12 0.95 2.16 9.88 26.80 39.15 55.60 112.85 130.50 90.84
118.49 164.59 263.97 291.00 291.00 291.00 268.77 161.04 89.80 27.14 19.59 8.99 5.27 6.24 2.49 2.13 4.82 22.02 59.75 87.30 122.29 250.05 291.00 202.57
0.00 0.00 0.00 0.00 0.00 0.00 0.00 0.00 0.00 0.00 0.00 0.00 0.00 0.00 0.00 0.00 0.00 0.00 0.00 0.00 0.00 0.00 0.00 0.00
56.27 74.27 106.53 151.54 170.60 163.04 123.31 92.06 46.28 38.59 15.93 3.15 2.41 4.94 1.01 0.00 0.00 7.58 27.42 51.18 95.98 170.60 170.60 119.20
54.09 71.39 102.41 145.68 164.00 156.73 118.54 88.50 44.66 36.86 15.24 3.03 2.32 4.75 0.97 0.00 0.00 7.29 26.35 49.20 92.28 164.00 164.00 114.59
72.63 95.86 137.50 195.60 220.20 210.44 159.16 118.82 58.27 51.73 21.17 4.06 3.11 6.37 1.31 0.00 0.00 9.79 35.39 66.06 123.80 220.20 220.20 153.86
259.07 341.95 490.50 697.74 785.50 750.68 567.75 423.86 182.68 194.40 78.42 14.49 11.10 22.73 4.67 0.00 0.00 34.91 126.23 235.65 440.78 785.50 785.50 548.84
93.17 122.98 176.41 250.94 282.50 269.98 204.19 152.44 73.10 68.40 27.79 5.21 3.99 8.18 1.68 0.00 0.00 12.55 45.40 84.75 158.74 282.50 282.50 197.39
10.08 13.47 5.48 5.55 13.19 7.31 9.68 12.84 11.23 13.27 47.92 29.07 17.49 6.74 7.45 8.27 9.24 13.06 28.13 60.86 84.73 114.47 120.00 120.00
9.04 12.32 9.27 12.02 21.83 15.01 9.79 5.93 5.41 4.92 4.52 2.91 7.95 26.21 19.35 13.24 10.28 1.52 0.00 1.13 4.51 10.59 21.29 13.34
55.60 75.75 57.01 73.91 134.25 92.29 60.22 36.49 33.26 30.24 27.78 21.38 48.89 161.17 129.75 81.44 63.22 9.36 0.00 6.97 32.57 65.14 130.93 82.05
3.78 3.49 3.38 3.38 3.51 2.10 1.18 0.62 0.97 1.51 3.99 2.47 2.33 3.80 4.39 8.28 12.03 12.58 10.93 12.60 12.60 12.60 11.94 8.85
11.09 16.20 22.05 24.15 24.15 24.15 19.64 13.30 11.78 19.57 31.10 16.80 8.53 4.63 3.96 12.03 20.72 23.02 21.50 35.91 24.15 22.59 18.97 13.50
9.64 14.08 19.17 21.00 21.00 21.00 17.07 11.57 10.24 17.02 27.04 14.61 7.42 4.02 3.44 10.46 18.02 20.02 18.69 30.13 21.00 19.64 16.50 11.74
1.79 2.62 3.56 3.90 3.90 3.90 3.17 2.15 1.90 3.18 5.02 2.71 1.38 0.75 0.64 1.94 3.35 3.73 3.47 4.30 3.90 3.65 3.06 2.18
70.48 72.54 63.73 61.20 60.37 56.54 53.26 50.45 53.92 54.85 55.34 42.10 53.11 60.00 60.00 60.00 60.00 60.00 59.18 42.81 36.28 44.11 82.44 88.14
121.20 113.29 127.25 142.43 159.32 118.74 86.33 60.46 68.59 78.42 89.79 59.42 39.68 28.73 53.66 91.34 144.09 164.04 194.22 233.18 271.58 313.66 338.60 338.60
59.18 41.15 52.20 50.79 33.13 66.49 72.50 33.58 46.00 19.76 25.14 5.57 1.25 1.20 0.00 1.29 4.41 12.97 28.92 45.00 45.00 77.62 133.72 100.37
59.18 41.15 52.20 50.79 33.13 66.49 72.50 33.58 46.00 19.76 25.14 5.57 1.25 1.20 0.00 1.29 4.41 12.97 28.92 45.00 45.00 77.62 133.72 100.37
3.95 2.81 2.79 2.61 2.21 3.20 2.88 1.38 2.38 1.34 1.68 0.37 0.08 0.08 0.00 0.09 0.29 0.86 1.93 3.00 3.00 5.22 8.91 6.69
104.55 134.09 137.76 142.26 147.23 124.73 107.27 94.17 57.39 36.32 45.69 25.63 12.98 5.86 10.53 18.25 29.83 79.41 193.65 200.00 200.00 200.00 193.37 186.64
61.47 78.84 81.00 83.65 86.57 73.34 63.08 55.37 33.86 21.36 26.87 15.07 7.63 3.45 6.19 10.73 17.54 46.74 113.86 117.60 117.60 117.60 113.70 109.75
44.12 47.08 21.06 56.49 148.85 174.20 152.31 131.43 107.35 86.51 68.49 13.72 5.53 20.63 5.22 2.02 0.00 0.00 11.24 57.63 88.04 127.86 174.20 143.47
63.19 67.43 30.16 80.90 202.15 249.50 218.15 188.24 153.75 123.91 98.10 19.64 7.59 29.12 7.24 2.89 0.00 0.00 16.14 82.54 126.09 183.14 249.50 205.49
12.48 19.00 30.00 30.00 30.00 30.00 30.00 19.07 15.91 13.25 14.62 5.73 2.98 1.92 2.00 7.25 5.14 13.30 27.32 30.00 30.00 30.00 30.00 23.96
18.35 27.93 44.10 44.10 44.10 44.10 44.10 28.03 23.38 19.48 23.59 8.42 4.38 2.82 2.93 10.67 7.55 19.55 40.15 44.10 44.10 44.10 44.10 35.23
26.27 17.05 4.09 0.00 0.00 0.00 0.00 0.00 1.76 4.72 9.92 7.99 10.88 20.11 26.40 34.12 50.50 111.85 139.80 135.62 103.80 90.84 116.01 85.03
0.00 0.00 0.00 0.00 0.00 0.00 0.00 0.00 0.00 0.00 0.00 0.00 0.00 0.00 0.00 0.00 0.00 0.00 0.00 0.00 0.00 0.00 0.00 0.00
35.21 22.85 5.48 0.00 0.00 0.00 0.00 0.00 2.35 6.33 13.29 10.71 14.58 26.95 35.38 45.72 64.20 146.43 187.33 183.78 138.32 118.10 155.45 113.93
5.97 4.00 1.69 0.00 0.00 0.00 0.00 0.00 0.00 2.33 6.27 5.70 8.17 14.81 20.44 27.95 37.57 45.90 45.90 45.90 45.90 45.90 40.77 30.06
149.80 149.80 149.80 149.80 149.80 149.80 149.80 110.71 44.94 44.94 39.35 38.82 41.95 44.94 41.89 64.97 88.37 38.39 40.25 42.16 69.08 114.49 107.78 102.32
89.70 83.84 94.18 105.41 117.91 87.88 63.89 44.75 50.77 58.04 66.45 43.97 29.36 21.26 39.71 67.60 106.64 121.41 143.75 172.58 201.00 232.14 250.60 250.60
33.79 40.65 118.27 230.00 230.00 230.00 230.00 221.89 182.15 147.17 117.50 52.45 21.66 12.33 16.49 21.81 28.66 55.91 102.37 173.52 210.17 230.00 230.00 230.00
20.97 39.66 13.87 4.91 4.07 7.66 20.22 26.44 11.40 22.79 43.29 14.54 4.91 5.70 12.23 35.36 86.73 74.30 49.91 19.58 9.11 8.81 18.56 18.27
7.19 10.26 7.62 6.64 7.06 6.11 5.22 4.45 4.24 4.22 8.29 21.46 30.81 100.00 56.12 30.00 30.00 16.93 6.53 2.31 1.71 3.46 22.03 6.34
220.29 262.85 232.23 208.11 190.00 122.63 74.13 41.79 33.25 27.18 23.38 8.47 6.84 16.70 21.13 37.13 70.05 86.43 113.05 153.76 183.67 223.32 268.00 268.00
151.82 250.00 250.00 250.00 250.00 186.86 122.19 78.40 45.75 23.60 10.13 10.20 26.35 71.21 52.95 47.33 52.87 88.81 154.71 250.00 250.00 250.00 250.00 250.00
0.00 0.00 0.00 0.00 0.00 0.00 0.00 0.00 0.00 0.00 0.00 0.00 0.00 0.00 0.00 0.00 0.00 0.00 0.00 0.00 0.00 0.00 0.00 0.00
9.61 9.20 8.93 8.72 8.71 9.46 10.34 11.20 13.67 17.67 44.27 47.90 27.25 14.44 14.74 15.37 16.62 32.55 68.90 135.65 156.11 162.50 96.21 48.75
119.60 152.74 150.65 148.92 148.15 128.44 112.73 100.42 115.44 134.62 88.50 85.71 58.70 18.49 35.55 57.51 83.98 101.89 98.07 94.66 113.05 135.98 165.32 161.05
0.00 0.00 0.00 0.00 0.00 0.00 0.00 0.00 0.00 0.00 0.00 0.00 0.00 0.00 0.00 0.00 0.00 0.00 0.00 0.00 0.00 0.00 0.00 0.00
95.71 94.29 87.86 82.80 78.49 78.66 82.41 91.15 128.32 175.87 234.35 157.91 104.04 67.12 87.90 112.91 142.06 160.08 179.74 200.90 219.26 239.03 260.48 248.31
98.99 139.73 147.97 156.71 165.78 152.10 139.81 129.97 84.27 37.46 8.23 3.06 1.71 2.95 0.00 0.00 2.42 11.75 61.53 176.50 176.50 176.50 176.50 168.91
6.90 20.61 7.56 6.82 6.14 6.32 7.03 8.31 5.48 4.46 4.95 4.18 5.04 2.41 6.78 10.41 15.33 9.88 8.10 9.48 9.38 10.86 14.10 8.23
289.95 290.41 270.51 262.88 266.61 249.17 233.76 218.28 239.58 148.14 88.60 130.64 216.58 257.10 257.10 257.10 257.10 257.10 239.39 167.16 271.05 454.07 443.26 433.91
372.86 383.75 312.84 323.72 319.36 299.08 281.75 266.86 285.23 308.94 326.81 275.27 280.95 317.40 317.40 317.40 317.40 317.40 313.05 226.44 191.90 204.72 410.16 466.26
163.38 222.59 167.52 217.17 394.50 271.19 176.94 107.22 97.74 88.87 81.63 81.72 143.66 473.59 459.33 239.30 185.75 27.52 0.00 20.47 123.39 191.42 384.75 241.10
43.68 32.32 24.83 18.94 14.67 5.64 0.00 0.00 0.00 0.00 5.62 4.11 7.59 37.91 27.87 56.49 90.84 152.83 159.03 159.03 159.03 159.03 151.97 114.28
46.97 43.37 42.06 42.00 43.66 26.15 14.64 7.67 12.02 18.75 45.32 25.63 28.93 47.24 54.54 102.94 125.51 152.79 135.81 156.60 156.60 156.60 148.40 109.99
56.91 20.26 5.28 0.00 0.00 0.00 0.00 0.00 0.00 7.09 20.88 14.27 21.13 45.99 65.12 78.00 78.00 78.00 78.00 78.00 145.89 260.00 260.00 196.81
38.86 29.15 9.20 0.00 0.00 0.00 0.00 0.00 0.00 5.86 18.88 11.77 23.31 64.26 107.64 171.72 171.72 171.72 171.72 171.72 171.72 171.72 141.64 109.96
4.72 4.35 4.22 4.22 4.38 2.62 1.47 0.77 1.21 1.88 4.95 3.05 2.90 4.74 5.47 10.33 14.78 15.55 13.63 15.72 15.72 15.72 14.90 11.04
106.61 38.97 10.15 0.00 0.00 0.00 0.00 0.00 0.00 13.64 40.14 27.45 40.64 88.44 125.22 150.00 150.00 150.00 150.00 150.00 280.44 500.00 500.00 378.49
140.39 108.20 42.75 12.31 0.00 0.00 0.00 6.71 12.31 21.98 37.11 23.50 46.65 128.41 143.36 171.15 212.53 248.76 291.51 326.40 326.40 326.40 678.68 293.01
44.11 30.77 9.77 0.00 0.00 0.00 0.00 0.00 7.36 19.93 44.39 30.88 44.20 92.97 128.88 179.87 250.16 267.06 267.06 267.06 267.06 267.06 260.83 190.95
97.00 97.00 97.00 97.00 97.00 97.00 97.00 71.67 29.10 29.10 25.48 25.14 27.16 29.10 27.13 41.55 56.34 24.86 26.06 27.30 42.09 71.70 69.79 66.26
119.20 119.20 119.20 119.20 119.20 119.20 119.20 88.09 35.76 35.76 31.31 30.89 33.38 35.76 33.34 51.38 69.80 30.55 32.02 33.55 53.24 89.51 85.77 81.42
373.50 477.01 470.49 465.06 462.66 401.11 352.04 313.62 360.50 420.41 276.26 289.96 183.32 57.52 123.59 187.72 226.99 318.20 306.26 295.61 353.07 424.66 516.30 502.95
197.78 137.26 225.17 207.46 110.71 228.58 255.83 119.50 159.27 65.96 84.01 18.61 4.19 4.00 0.00 4.31 14.72 43.36 96.66 150.39 150.39 259.23 446.91 335.44
481.49 614.92 606.52 599.52 596.42 517.08 453.82 404.29 464.73 541.97 356.11 378.67 236.32 74.12 164.85 247.26 283.28 410.20 394.81 381.08 455.14 547.43 665.58 648.36
670.24 855.98 844.28 834.54 830.22 719.78 631.73 562.78 646.91 754.42 495.68 534.27 328.97 103.13 239.76 354.90 379.77 571.01 549.58 530.46 633.57 762.04 926.50 902.53
139.03 197.19 206.26 215.23 224.55 183.21 148.08 117.52 99.28 84.80 73.38 34.22 14.73 10.97 10.74 23.36 116.60 115.00 218.96 264.60 651.99 611.40 216.33 168.92
1.72 5.11 1.43 1.04 1.17 1.52 2.74 12.81 4.39 4.79 8.44 2.48 1.25 3.77 5.44 10.26 19.85 16.09 10.18 3.84 1.28 1.29 3.86 4.12
