15.04 13.84 13.94 37.47 103.28 197.71 643.30 643.30 605.38 475.02 349.46 192.99 192.99 192.99 192.99 192.99 332.00 284.63 299.11 404.67 373.25 330.43 290.90 289.24
18.24 16.78 16.91 45.45 125.26 239.78 780.20 780.20 753.44 589.85 433.01 234.06 234.06 234.06 234.06 234.06 419.03 342.76 364.22 491.87 452.68 400.75 352.81 350.80
108.80 108.80 108.80 108.80 98.16 73.91 49.68 36.60 12.23 2.97 0.00 0.00 0.00 1.81 0.00 0.00 0.72 1.21 3.23 5.26 9.99 21.31 42.39 43.80
192.50 192.50 192.50 192.50 162.22 130.77 87.91 64.76 21.64 5.25 0.00 0.00 0.00 3.16 0.00 0.00 1.28 2.15 5.73 9.30 17.67 37.71 75.00 77.49
37.50 63.85 24.28 20.85 17.93 15.31 13.64 31.29 8.02 6.14 6.69 5.10 3.54 2.47 0.00 0.00 0.00 0.00 0.00 1.61 3.01 6.75 14.06 14.48
29.89 76.01 84.22 116.00 116.00 116.00 116.00 85.72 34.80 34.80 34.80 32.08 22.38 14.99 10.01 10.92 9.40 0.91 0.00 1.09 5.23 20.88 40.60 40.13
39.75 67.98 25.74 22.10 19.00 16.23 14.46 33.17 8.50 6.52 7.09 5.42 3.75 2.62 0.00 0.00 0.00 0.00 0.00 1.71 3.19 7.16 14.90 15.35
63.15 111.12 40.89 35.11 30.19 25.78 22.96 52.71 13.50 10.41 11.31 8.83 5.95 4.16 0.00 0.00 0.00 0.00 0.00 2.72 5.07 11.38 23.67 24.39
622.97 524.08 511.06 410.58 324.57 191.00 68.63 68.39 33.12 12.80 0.00 9.80 16.37 19.74 19.76 22.33 27.86 32.53 33.97 21.25 27.28 41.95 131.21 237.16
170.00 170.00 170.00 170.00 170.00 170.00 170.00 170.00 96.01 49.64 36.51 31.75 28.87 27.66 17.31 10.41 6.17 3.17 0.00 0.00 0.00 19.28 60.52 61.16
200.00 200.00 200.00 200.00 200.00 200.00 200.00 200.00 112.86 58.40 42.95 37.35 33.96 32.54 20.36 12.24 7.26 3.73 0.00 0.00 0.00 22.69 71.20 71.96
3.65 2.86 0.85 0.00 0.00 0.00 1.00 4.90 16.50 41.40 41.40 41.40 41.40 41.40 41.40 41.40 41.40 41.40 39.07 27.80 15.66 7.68 3.06 2.93
10.20 10.20 10.20 10.20 9.46 6.45 4.25 2.68 1.32 1.06 0.76 0.84 0.93 1.02 0.00 0.00 0.00 0.00 0.00 0.43 0.87 1.91 3.68 3.74
5.02 7.58 4.74 6.44 13.73 23.11 43.79 65.28 44.88 22.45 16.73 30.35 59.59 76.22 54.22 36.95 14.96 7.71 4.09 4.74 7.22 10.57 15.05 14.11
200.00 200.00 200.00 200.00 200.00 200.00 129.41 68.07 33.65 10.09 8.87 7.04 5.53 4.28 1.69 0.00 0.00 0.00 0.00 2.10 7.79 35.77 81.29 94.43
151.20 151.20 151.20 151.20 151.20 151.20 97.83 51.46 25.41 7.63 6.71 5.32 4.18 3.24 1.28 0.00 0.00 0.00 0.00 1.59 5.92 27.09 61.45 71.39
87.50 87.50 87.50 87.50 87.50 87.50 56.62 29.78 14.66 4.41 3.88 3.08 2.42 1.87 0.74 0.00 0.00 0.00 0.00 0.92 3.44 15.72 35.56 41.32
141.50 141.50 141.50 141.50 141.50 141.50 91.56 48.16 23.77 7.14 6.28 4.98 3.91 3.03 1.20 0.00 0.00 0.00 0.00 1.48 5.54 25.36 57.51 66.81
185.00 185.00 185.00 185.00 185.00 185.00 119.70 62.97 31.12 9.33 8.21 6.51 5.11 3.96 1.57 0.00 0.00 0.00 0.00 1.94 7.22 33.10 75.19 87.35
130.50 130.50 130.50 130.50 130.50 130.50 84.44 44.42 21.91 6.58 5.79 4.60 3.61 2.80 1.11 0.00 0.00 0.00 0.00 1.37 5.12 23.40 53.04 61.62
291.00 291.00 291.00 291.00 291.00 291.00 188.29 99.04 49.02 14.68 12.91 10.25 8.04 6.23 2.47 0.00 0.00 0.00 0.00 3.05 11.25 51.85 118.27 137.40
0.00 0.00 0.00 0.00 0.00 0.00 0.00 0.00 0.00 0.00 0.00 0.00 0.00 0.00 0.00 0.00 0.00 0.00 0.00 0.00 0.00 0.00 0.00 0.00
170.60 170.60 170.60 170.60 170.60 170.60 136.98 65.68 39.86 44.65 28.27 12.42 10.96 9.66 4.91 2.05 0.00 0.00 0.00 1.44 8.62 36.04 70.87 80.45
164.00 164.00 164.00 164.00 164.00 164.00 131.68 63.14 38.46 42.65 27.05 11.94 10.54 9.29 4.72 1.97 0.00 0.00 0.00 1.39 8.29 34.65 68.13 77.34
220.20 220.20 220.20 220.20 220.20 220.20 176.80 84.77 50.19 59.87 37.56 16.03 14.15 12.47 6.34 2.65 0.00 0.00 0.00 1.86 11.12 46.52 91.48 103.84
785.50 785.50 785.50 785.50 785.50 785.50 630.69 302.40 157.33 224.97 139.15 57.19 50.47 44.49 22.61 9.45 0.00 0.00 0.00 6.64 39.58 165.94 326.31 370.43
282.50 282.50 282.50 282.50 282.50 282.50 226.82 108.76 62.95 79.15 49.30 20.57 18.15 16.00 8.13 3.40 0.00 0.00 0.00 2.39 14.26 59.68 117.36 133.22
62.05 88.63 19.89 29.66 84.17 36.00 36.00 0.00 36.00 36.00 88.65 96.29 120.00 120.00 120.00 86.69 62.89 37.19 19.68 8.75 4.18 0.00 0.00 4.09
29.88 29.88 29.88 29.88 20.32 16.08 12.50 9.52 6.15 4.09 3.05 2.86 2.35 2.04 1.38 0.81 0.00 0.00 0.00 0.00 1.42 4.20 9.68 9.92
183.75 183.75 183.75 183.75 124.98 98.90 76.90 58.52 37.81 25.15 18.78 21.04 14.45 12.52 9.23 4.95 0.00 0.00 0.00 0.00 10.23 25.83 59.55 60.99
0.97 1.46 0.92 1.24 2.65 4.46 8.45 12.60 8.66 4.33 3.44 6.51 11.50 14.71 10.47 7.13 3.28 1.57 0.79 0.91 1.39 2.04 2.90 2.72
24.15 24.15 24.15 24.15 22.40 15.28 10.05 6.34 3.11 2.50 1.80 1.99 2.19 2.41 0.00 0.00 0.00 0.00 0.00 1.24 2.06 4.51 8.71 8.85
21.00 21.00 21.00 21.00 19.48 13.29 8.74 5.51 2.71 2.18 1.57 1.73 1.91 2.09 0.00 0.00 0.00 0.00 0.00 1.04 1.79 3.92 7.58 7.70
3.90 3.90 3.90 3.90 3.62 2.47 1.62 1.02 0.50 0.41 0.29 0.32 0.35 0.39 0.00 0.00 0.00 0.00 0.00 0.15 0.33 0.73 1.41 1.43
200.00 200.00 195.26 200.00 200.00 200.00 200.00 200.00 200.00 186.24 171.07 83.48 60.00 60.00 59.30 54.66 50.09 20.33 7.97 5.76 4.74 7.79 24.53 23.17
338.60 338.60 338.60 338.60 338.60 338.60 232.46 134.72 94.70 63.73 40.96 19.87 7.75 0.00 0.00 0.00 21.41 28.03 37.96 51.51 88.81 151.63 247.89 337.63
150.00 84.36 92.76 78.82 45.00 106.15 94.87 27.69 43.26 21.76 33.65 19.01 10.50 11.00 5.63 2.38 0.00 0.00 0.00 0.93 3.60 17.17 62.44 63.96
150.00 84.36 92.76 78.82 45.00 106.15 94.87 27.69 43.26 21.76 33.65 19.01 10.50 11.00 5.63 2.38 0.00 0.00 0.00 0.93 3.60 17.17 62.44 63.96
10.00 5.76 4.96 4.05 3.00 5.11 3.76 1.14 2.24 1.48 2.24 1.28 0.70 0.73 0.38 0.16 0.00 0.00 0.00 0.06 0.24 1.15 4.16 4.26
200.00 200.00 200.00 200.00 200.00 200.00 200.00 200.00 112.86 58.40 42.95 37.35 33.96 32.54 20.36 12.24 7.26 3.73 0.00 0.00 0.00 22.69 71.20 71.96
117.60 117.60 117.60 117.60 117.60 117.60 117.60 117.60 66.59 34.34 25.25 21.96 19.97 19.13 11.97 7.20 4.27 2.20 0.00 0.00 0.00 13.34 41.86 42.31
174.20 174.20 174.20 174.20 148.85 118.34 79.55 58.61 19.58 4.75 0.00 0.00 0.00 2.87 0.00 0.00 1.16 1.94 5.18 8.42 15.99 34.13 67.87 70.13
249.50 249.50 249.50 249.50 202.15 169.49 113.94 83.94 28.05 6.81 0.00 0.00 0.00 4.05 0.00 0.00 1.66 2.80 7.44 12.06 22.90 48.88 97.20 100.44
30.00 30.00 30.00 30.00 24.96 17.67 12.06 7.98 3.94 2.02 1.95 1.11 0.88 0.74 0.00 0.00 0.00 0.00 0.00 0.96 2.38 5.47 10.89 11.35
44.10 44.10 44.10 44.10 36.69 25.98 17.73 11.73 5.79 2.97 3.15 1.62 1.30 1.09 0.00 0.00 0.00 0.00 0.00 1.41 3.49 8.05 16.01 16.69
10.46 9.43 6.53 5.92 19.04 12.72 41.94 41.94 41.94 41.94 41.94 41.94 41.94 41.94 41.94 41.94 50.50 104.11 87.66 55.41 41.46 35.90 54.23 49.43
0.00 0.00 0.00 0.00 0.00 0.00 0.00 0.00 0.00 0.00 0.00 0.00 0.00 0.00 0.00 0.00 0.00 0.00 0.00 0.00 0.00 0.00 0.00 0.00
14.02 12.63 8.75 7.92 26.27 18.12 56.20 56.20 56.20 56.20 56.20 56.20 56.20 56.20 56.20 56.20 64.20 136.30 117.46 75.09 55.24 46.68 72.67 66.24
4.69 3.23 1.51 0.00 0.00 0.00 1.52 5.04 16.20 45.49 45.90 45.90 45.90 45.90 45.90 45.90 45.90 45.90 45.90 45.90 28.98 14.51 5.90 5.92
38.60 98.16 108.76 149.80 149.80 149.80 149.80 110.71 44.94 44.94 44.94 41.42 28.90 19.35 12.93 14.20 12.24 1.17 0.00 1.41 6.99 27.51 52.44 51.82
250.60 250.60 250.60 250.60 250.60 250.60 172.05 99.71 70.09 47.17 30.31 14.70 5.74 0.00 0.00 0.00 15.85 20.75 28.09 38.12 65.73 112.22 183.46 249.89
230.00 230.00 230.00 224.11 141.52 104.95 84.89 79.59 28.06 7.24 0.00 0.00 0.00 11.86 10.81 11.17 13.18 20.87 31.01 44.19 53.61 74.92 112.60 121.31
177.43 160.76 75.77 33.16 27.51 43.92 68.26 46.63 10.30 9.11 6.32 4.90 0.00 0.00 0.00 0.00 4.91 5.74 6.21 4.03 6.72 13.14 25.20 25.64
27.69 30.00 30.00 30.00 30.00 23.24 16.60 11.41 10.28 9.57 17.25 31.94 19.18 37.08 18.38 8.63 7.53 2.03 0.00 0.95 1.98 4.75 25.29 9.95
268.00 268.00 268.00 162.82 77.41 60.37 58.48 71.92 34.02 13.06 0.00 5.52 9.17 15.18 20.91 27.74 36.27 44.29 53.93 65.03 106.26 185.00 268.00 268.00
60.49 35.54 22.69 17.19 17.82 31.99 52.53 81.25 67.15 54.69 43.76 32.64 23.59 16.43 22.89 33.62 50.16 47.08 44.23 41.90 68.30 108.38 165.26 195.44
0.00 0.00 0.00 0.00 0.00 0.00 0.00 0.00 0.00 0.00 0.00 0.00 0.00 0.00 0.00 0.00 0.00 0.00 0.00 0.00 0.00 0.00 0.00 0.00
34.29 36.18 20.27 41.68 48.75 48.75 48.75 48.75 48.75 48.75 91.77 162.50 162.50 162.50 122.77 89.34 66.09 32.34 12.57 3.18 0.00 0.00 0.00 1.61
185.40 185.40 185.40 185.40 185.40 185.40 158.19 79.16 52.12 32.46 10.48 15.61 20.47 14.96 6.71 0.00 0.00 0.00 0.00 11.38 22.62 42.20 72.67 73.59
0.00 0.00 0.00 0.00 0.00 0.00 0.00 0.00 0.00 0.00 0.00 0.00 0.00 0.00 0.00 0.00 0.00 0.00 0.00 0.00 0.00 0.00 0.00 0.00
160.58 332.60 332.60 332.60 332.60 332.60 289.85 148.01 103.56 70.04 45.27 37.09 38.54 50.15 20.38 0.00 0.00 0.00 0.00 8.16 20.83 47.80 96.40 97.52
176.50 176.50 176.50 176.50 176.50 176.50 176.50 176.50 176.50 130.37 52.95 52.95 49.90 40.64 28.84 19.90 13.17 3.79 0.00 0.00 0.00 17.20 53.47 59.99
34.95 95.96 21.23 26.22 39.00 39.00 39.00 39.00 39.00 39.00 39.00 56.82 113.69 73.53 130.00 130.00 118.91 66.15 34.07 17.20 9.66 4.84 0.00 0.00
857.00 857.00 857.00 857.00 857.00 857.00 857.00 857.00 856.99 480.72 257.10 257.10 257.10 257.10 257.10 257.10 235.82 97.13 38.10 25.80 33.53 61.91 90.83 75.43
1058.00 1058.00 958.56 1058.00 1058.00 1058.00 1058.00 1058.00 1058.00 1048.92 1010.31 545.80 317.40 317.40 313.71 289.17 264.97 107.54 42.14 30.45 25.05 36.15 122.05 122.56
539.94 539.94 539.94 539.94 367.24 290.62 225.95 171.95 111.11 73.91 55.19 80.42 42.47 36.80 32.66 14.56 0.00 0.00 0.00 0.00 38.77 75.90 174.99 179.23
12.64 18.00 8.38 13.61 39.42 48.01 80.81 148.13 102.60 73.03 56.31 72.21 90.99 227.28 95.14 89.59 65.41 41.34 25.98 17.32 18.32 19.47 20.71 16.73
12.04 18.18 11.38 15.46 32.95 55.44 105.06 156.60 107.66 53.86 39.09 67.66 142.95 182.84 130.07 88.64 34.22 19.06 9.81 11.37 17.31 25.36 36.09 33.86
17.96 10.35 3.60 4.13 12.69 18.84 78.00 78.00 78.00 78.00 78.00 78.00 78.00 78.00 78.00 78.00 78.00 66.54 43.76 28.08 48.69 81.01 76.44 70.53
11.90 16.28 3.95 4.66 19.48 32.38 167.05 171.72 171.72 171.72 171.72 171.72 171.72 171.72 171.72 171.72 160.03 102.24 62.51 37.21 30.98 25.93 21.86 19.24
1.21 1.83 1.14 1.55 3.31 5.57 10.55 15.72 10.81 5.41 4.27 8.06 14.35 18.35 13.06 8.90 4.03 1.94 0.98 1.14 1.74 2.55 3.62 3.40
33.65 19.91 6.92 7.95 24.40 36.23 150.00 150.00 150.00 150.00 150.00 150.00 150.00 150.00 150.00 150.00 150.00 127.97 84.15 54.00 93.60 155.78 147.00 135.64
34.38 29.67 10.31 0.00 0.00 0.00 0.00 16.08 102.59 326.40 326.40 326.40 326.40 326.40 326.40 326.40 326.40 326.40 284.08 195.29 108.29 51.76 40.23 19.13
23.57 18.45 5.48 0.00 0.00 0.00 6.44 31.62 106.44 267.06 267.06 267.06 267.06 267.06 267.06 267.06 267.06 267.06 252.05 179.35 101.01 49.52 19.72 18.88
25.00 63.56 70.42 97.00 97.00 97.00 97.00 71.67 29.10 29.10 29.10 26.82 18.72 12.53 8.37 9.08 7.80 0.76 0.00 0.91 4.26 17.23 33.95 33.56
30.72 78.10 86.54 119.20 119.20 119.20 119.20 88.09 35.76 35.76 35.76 32.96 23.00 15.40 10.29 11.23 9.67 0.93 0.00 1.12 5.39 21.51 41.72 41.24
579.00 579.00 579.00 579.00 579.00 579.00 494.02 247.20 162.78 101.38 32.71 52.82 63.94 46.56 23.32 0.00 0.00 0.00 0.00 35.54 70.63 131.78 226.94 229.83
501.30 281.35 400.13 321.97 150.39 364.92 334.77 98.52 149.76 72.61 112.47 63.47 35.08 36.77 18.82 7.97 0.00 0.00 0.00 3.11 12.05 57.34 208.68 213.75
746.40 746.40 746.39 746.40 746.40 746.40 636.85 318.67 209.84 130.70 42.17 68.98 82.42 60.00 31.10 0.00 0.00 0.00 0.00 45.81 91.05 169.89 292.55 296.27
1039.00 1039.00 1038.99 1039.00 1039.00 1039.00 886.51 443.60 292.10 181.93 58.69 97.32 114.74 83.48 45.24 0.00 0.00 0.00 0.00 63.77 126.75 236.48 407.24 412.42
264.60 264.60 264.60 264.60 264.60 264.60 153.38 78.14 53.63 35.74 23.45 26.22 30.25 50.94 14.73 0.00 0.00 0.00 0.00 9.40 62.06 134.66 102.58 102.13
16.83 26.36 10.90 9.36 8.05 6.87 6.13 14.03 3.60 2.74 2.98 2.22 1.59 1.11 0.00 0.00 0.00 0.00 0.00 0.72 1.35 3.03 6.31 6.50
