50.39 55.70 74.95 103.13 141.73 108.62 87.13 75.01 50.15 72.60 133.56 126.77 192.99 192.99 192.99 192.99 332.00 284.63 270.75 250.53 219.65 196.95 192.78 252.69
61.12 67.56 90.90 125.08 171.89 131.74 105.67 90.98 62.41 90.15 165.49 153.74 234.06 234.06 234.06 234.06 419.03 342.76 329.69 304.52 266.40 238.87 233.81 306.46
68.48 48.97 41.08 34.02 25.15 37.87 50.74 66.40 83.21 103.52 108.80 61.07 46.17 90.35 42.61 32.64 32.64 47.20 62.98 34.63 30.67 27.57 25.20 23.24
121.16 86.65 72.68 60.19 41.56 67.01 89.77 117.48 147.22 183.16 192.50 108.00 77.30 157.79 73.27 57.75 57.75 83.96 111.75 61.28 54.26 48.77 44.59 41.11
10.62 22.18 10.23 10.62 11.16 15.56 21.99 75.87 37.50 49.31 103.87 119.91 125.00 125.00 125.00 125.00 125.00 125.00 86.86 14.78 12.75 11.09 9.83 9.55
12.44 6.33 0.00 0.00 0.00 0.00 9.42 30.64 26.58 34.80 34.80 34.80 34.80 0.00 0.00 58.96 82.36 34.80 34.80 22.99 32.58 48.50 40.47 39.67
11.25 23.62 10.85 11.26 11.83 16.50 23.31 80.43 39.75 52.32 110.17 127.48 132.50 132.50 132.50 132.50 132.50 132.50 92.08 15.67 13.52 11.76 10.42 10.12
17.88 38.61 17.23 17.89 18.79 26.21 37.01 127.81 63.15 83.57 175.67 207.62 210.50 210.50 210.50 210.50 210.50 210.50 146.32 24.90 21.48 18.68 16.55 16.08
280.59 178.70 198.17 184.92 173.49 206.05 130.63 186.90 186.90 186.90 186.90 460.54 623.00 623.00 623.00 623.00 623.00 623.00 327.15 51.64 51.37 51.53 100.62 156.89
132.02 153.03 119.71 93.52 74.19 62.36 52.99 46.21 30.26 24.02 39.75 49.66 51.00 51.00 51.00 51.00 51.00 94.23 90.70 42.18 44.01 50.99 64.62 62.35
155.32 180.04 140.84 110.02 87.28 73.37 62.34 54.36 35.57 28.26 46.77 58.42 60.00 60.00 60.00 60.00 60.00 110.83 106.70 49.63 51.78 59.98 76.03 73.36
0.00 0.00 0.00 0.00 1.43 1.45 1.92 2.90 3.99 6.03 9.33 22.29 41.40 41.40 41.40 41.40 41.40 41.40 32.85 14.62 11.09 8.97 7.96 7.00
7.52 7.34 5.70 4.35 3.25 2.67 2.19 1.82 1.48 2.74 5.85 10.06 17.02 27.59 16.93 34.00 34.00 13.38 3.38 1.54 1.20 1.29 1.53 1.44
5.01 4.47 2.07 0.00 0.00 0.00 6.28 19.10 20.74 22.97 41.84 144.48 217.60 217.60 217.60 217.60 134.72 104.24 61.79 23.44 15.50 9.90 6.40 4.91
200.00 200.00 145.27 99.97 65.78 62.83 60.05 57.70 46.15 20.74 23.00 27.77 41.49 60.00 60.00 60.00 60.00 51.45 21.67 6.47 10.08 24.16 34.88 32.13
151.20 151.20 109.83 75.58 49.73 47.50 45.40 43.62 34.84 15.68 17.39 21.00 31.36 45.36 45.36 45.36 45.36 38.89 16.38 4.89 7.65 18.30 26.37 24.29
87.50 87.50 63.56 43.74 28.78 27.49 26.27 25.24 20.10 9.07 10.06 12.15 18.15 26.25 26.25 26.25 26.25 22.51 9.48 2.83 4.45 10.62 15.26 14.06
141.50 141.50 102.78 70.73 46.54 44.46 42.48 40.82 32.60 14.67 16.27 19.65 29.35 42.45 42.45 42.45 42.45 36.40 15.33 4.58 7.17 17.13 24.67 22.73
185.00 185.00 134.38 92.47 60.84 58.12 55.54 53.37 42.67 19.18 21.27 25.69 38.38 55.50 55.50 55.50 55.50 47.59 20.04 5.99 9.33 22.36 32.26 29.72
130.50 130.50 94.79 65.23 42.92 41.00 39.18 37.65 30.05 13.53 15.01 18.12 27.07 39.15 39.15 39.15 39.15 33.57 14.14 4.22 6.62 15.81 22.76 20.96
291.00 291.00 211.37 145.46 95.71 91.42 87.37 83.95 67.23 30.17 33.46 40.41 60.36 87.30 87.30 87.30 87.30 74.86 31.52 9.42 14.55 35.02 50.74 46.75
0.00 0.00 0.00 0.00 0.00 0.00 0.00 0.00 0.00 0.00 0.00 0.00 0.00 0.00 0.00 0.00 0.00 0.00 0.00 0.00 0.00 0.00 0.00 0.00
147.86 149.40 111.35 81.62 58.95 54.47 50.73 47.26 35.26 46.58 32.83 22.40 35.13 51.18 51.18 51.18 51.18 48.54 22.22 7.90 15.21 30.17 35.71 33.98
142.14 143.62 107.04 78.46 56.67 52.36 48.77 45.43 34.03 44.50 31.41 21.54 33.77 49.20 49.20 49.20 49.20 46.66 21.36 7.60 14.62 29.00 34.33 32.66
190.84 192.83 143.73 105.35 76.09 70.30 65.48 61.00 44.40 62.46 43.62 28.92 45.34 66.06 66.06 66.06 66.06 62.65 28.68 10.20 19.61 38.94 46.09 43.85
680.78 687.88 512.71 375.80 271.44 250.78 233.59 217.59 139.18 234.69 161.60 103.16 161.75 235.65 235.65 235.65 235.65 223.49 102.30 36.39 69.84 138.89 164.41 156.44
244.84 247.39 184.39 135.15 97.62 90.19 84.01 78.25 55.69 82.57 57.25 37.10 58.17 84.75 84.75 84.75 84.75 80.38 36.79 13.09 25.15 49.95 59.13 56.26
67.44 88.63 36.00 30.44 35.16 12.15 10.63 10.19 5.72 2.94 3.54 4.73 27.27 91.14 109.42 120.00 120.00 110.71 64.04 32.73 40.53 51.33 65.96 51.10
10.73 10.02 9.23 8.48 7.76 6.69 5.81 5.16 9.31 15.34 23.54 31.88 29.88 29.88 31.39 29.88 29.88 29.88 14.88 5.05 5.73 5.83 6.45 4.13
66.00 61.65 56.75 52.13 47.69 41.16 35.72 31.71 57.23 94.34 144.78 234.28 183.76 183.75 210.51 183.75 183.75 183.75 91.51 31.03 41.38 35.84 39.66 25.41
0.97 0.86 0.40 0.00 0.00 0.00 1.21 3.69 4.00 4.43 8.60 31.00 42.00 42.00 42.00 42.00 29.54 21.20 11.93 4.53 2.99 1.91 1.24 0.95
17.81 17.38 13.50 10.31 7.68 6.33 5.19 4.30 3.50 6.47 13.84 23.81 40.30 65.33 39.97 80.50 80.50 31.63 7.99 4.40 2.84 3.06 3.63 3.40
15.49 15.11 11.74 8.97 6.68 5.50 4.51 3.74 3.04 5.62 12.03 20.71 35.04 56.81 34.77 70.00 70.00 27.51 6.95 3.69 2.47 2.66 3.15 2.96
2.88 2.81 2.18 1.67 1.24 1.02 0.84 0.69 0.57 1.05 2.23 3.84 6.51 10.55 6.51 13.00 13.00 5.13 1.29 0.53 0.46 0.49 0.59 0.55
70.90 69.27 45.89 30.16 17.99 15.38 20.46 35.34 45.70 54.69 64.53 83.48 60.00 60.00 60.00 60.00 60.00 60.00 60.00 31.89 26.21 30.03 50.71 53.93
179.59 288.73 338.60 338.60 338.60 338.60 338.60 316.88 282.27 266.51 272.50 338.60 338.60 338.60 338.60 338.60 338.60 338.60 338.60 243.09 200.23 162.18 129.60 128.98
114.29 66.78 56.91 37.36 16.50 33.03 36.29 17.01 28.10 16.40 32.04 30.21 26.61 42.17 45.00 45.00 45.00 39.93 19.97 8.18 8.23 17.00 36.23 34.47
114.29 66.78 56.91 37.36 16.50 33.03 36.29 17.01 28.10 16.40 32.04 30.21 26.61 42.17 45.00 45.00 45.00 39.93 19.97 8.18 8.23 17.00 36.23 34.47
7.62 4.56 3.04 1.92 1.10 1.59 1.44 0.70 1.45 1.11 2.14 2.03 1.77 2.81 3.00 3.00 3.00 2.66 1.33 0.55 0.55 1.14 2.42 2.30
155.32 180.04 140.84 110.02 87.28 73.37 62.34 54.36 35.57 28.26 46.77 58.42 60.00 60.00 60.00 60.00 60.00 110.83 106.70 49.63 51.78 59.98 76.03 73.36
91.33 105.86 82.81 64.69 51.32 43.14 36.65 31.96 20.99 16.62 27.50 34.35 35.28 35.28 35.28 35.28 35.28 65.23 62.74 29.18 30.45 35.27 44.70 43.13
109.64 78.41 65.77 54.47 38.13 60.64 81.24 106.32 133.22 165.74 174.20 97.74 70.73 143.27 66.79 52.26 52.26 75.89 101.07 55.45 49.10 44.14 40.35 37.21
157.04 112.31 94.20 78.01 51.79 86.85 116.36 152.27 190.81 237.39 249.50 139.96 96.96 202.25 92.70 74.85 74.85 109.23 145.13 79.42 70.33 63.21 57.79 53.29
28.72 25.69 18.82 13.33 9.09 8.07 7.20 6.44 6.72 7.30 10.91 9.64 15.26 26.51 29.15 73.62 30.00 20.75 9.01 2.85 2.92 3.26 3.94 3.54
42.22 37.77 27.67 19.59 13.36 11.87 10.58 9.46 9.88 10.74 17.60 14.17 22.44 38.97 42.85 108.35 44.10 30.50 13.25 4.19 4.30 4.79 5.79 5.20
4.38 5.25 8.22 7.89 18.65 6.28 4.00 3.20 2.29 4.09 9.89 22.73 41.94 41.94 41.94 41.94 50.50 111.85 139.80 81.30 44.49 28.91 34.76 39.89
0.00 0.00 0.00 0.00 0.00 0.00 0.00 0.00 0.00 0.00 0.00 0.00 0.00 0.00 0.00 0.00 0.00 0.00 0.00 0.00 0.00 0.00 0.00 0.00
5.87 7.04 11.01 10.56 25.72 8.95 5.36 4.29 3.07 5.48 13.25 30.46 56.20 56.20 56.20 56.20 64.20 146.43 187.33 110.17 59.29 37.58 46.57 53.45
1.31 0.00 1.33 2.71 5.53 5.12 5.55 6.79 6.23 7.11 9.61 18.99 45.90 45.90 45.90 45.90 45.90 45.90 41.81 21.55 17.62 15.16 13.84 13.12
16.06 8.18 0.00 0.00 0.00 0.00 12.17 39.57 34.33 44.94 44.94 44.94 44.94 0.00 0.00 76.67 107.25 44.94 44.94 29.70 43.61 63.89 52.26 51.23
132.92 213.69 250.60 250.60 250.60 250.60 250.60 234.52 208.91 197.25 201.68 250.60 250.60 250.60 250.60 250.60 250.60 250.60 250.60 179.91 148.19 120.03 95.92 95.46
230.00 219.81 164.01 118.81 83.84 70.10 61.30 56.44 42.88 49.37 79.01 89.20 99.85 111.79 132.90 183.15 230.00 186.60 123.91 78.38 65.60 54.65 45.72 47.38
45.86 43.46 29.44 18.42 21.61 73.37 218.17 176.28 71.55 133.82 238.50 238.50 238.50 238.50 238.50 238.50 238.50 238.50 166.83 31.79 26.14 21.35 17.28 15.94
11.02 10.57 8.73 7.11 5.69 6.21 7.44 9.59 9.28 9.29 18.04 92.80 56.25 100.00 56.12 30.00 30.00 30.00 20.68 7.89 7.26 6.84 16.18 4.15
268.00 268.00 268.00 268.00 268.00 268.00 268.00 195.24 184.94 205.00 259.59 268.00 268.00 268.00 268.00 268.00 268.00 268.00 268.00 166.37 138.63 115.54 98.00 84.44
174.37 250.00 250.00 250.00 240.64 129.29 59.80 22.17 18.03 28.39 59.17 102.83 166.16 250.00 250.00 250.00 250.00 174.54 88.52 36.74 39.13 45.59 57.37 41.19
0.00 0.00 0.00 0.00 0.00 0.00 0.00 0.00 0.00 0.00 0.00 0.00 0.00 0.00 0.00 0.00 0.00 0.00 0.00 0.00 0.00 0.00 0.00 0.00
20.98 22.29 19.14 16.31 13.73 13.95 14.51 15.57 7.34 2.68 0.00 15.76 73.17 162.50 162.50 162.50 162.50 126.38 73.31 37.55 38.36 41.36 27.89 13.32
185.40 185.40 185.40 142.84 86.06 54.58 39.43 36.58 49.67 88.47 92.71 135.47 161.80 101.98 130.61 142.89 146.36 171.75 90.62 40.98 45.14 54.62 70.52 66.17
0.00 0.00 0.00 0.00 0.00 0.00 0.00 0.00 0.00 0.00 0.00 0.00 0.00 0.00 0.00 0.00 0.00 0.00 0.00 0.00 0.00 0.00 0.00 0.00
178.72 180.31 149.33 126.05 110.10 73.19 71.02 103.11 158.10 230.59 325.58 321.97 332.60 332.60 332.60 332.60 332.60 332.60 187.85 86.36 92.99 104.50 121.54 110.74
169.53 176.50 138.14 99.11 72.46 66.93 61.98 56.95 43.73 25.48 8.56 16.82 32.60 52.95 52.95 52.95 52.95 50.34 49.40 39.09 39.59 43.69 51.29 51.92
5.01 9.66 3.15 2.72 2.55 2.07 2.42 3.68 5.50 8.05 11.48 16.27 33.60 23.77 80.10 130.00 130.00 130.00 86.69 49.28 40.10 32.80 27.25 14.19
313.89 305.12 187.17 104.35 51.02 49.38 77.57 148.47 196.71 145.85 102.74 257.10 257.10 257.10 257.10 257.10 257.10 257.10 257.10 155.81 228.93 331.74 267.25 249.62
375.05 366.43 225.28 159.55 95.19 81.37 108.22 186.95 241.74 308.01 381.08 545.80 317.40 317.40 317.40 317.40 317.40 317.40 317.40 168.68 138.65 139.35 252.30 285.28
193.93 181.15 166.75 153.18 140.15 120.94 104.95 93.18 168.17 277.21 425.43 895.48 539.95 539.94 745.19 539.94 539.94 539.94 268.91 91.18 156.76 105.32 116.53 74.67
3.91 4.93 0.00 0.00 0.00 0.00 8.13 25.39 32.42 40.98 51.25 156.87 159.03 319.85 159.05 179.56 159.03 159.03 159.03 66.74 35.51 16.43 6.28 5.79
12.02 10.72 4.96 0.00 0.00 0.00 15.07 45.82 49.75 55.09 97.77 322.11 522.00 522.00 522.00 522.00 308.11 257.58 148.24 56.24 37.19 23.75 15.35 11.77
0.00 0.00 0.00 1.56 3.61 2.43 2.15 2.69 4.20 9.49 20.78 56.43 78.00 78.00 78.00 78.00 78.00 78.00 78.00 40.96 57.04 79.94 68.76 70.39
0.00 3.61 0.00 0.00 0.00 0.00 0.00 5.64 10.79 22.06 42.26 135.47 171.72 171.72 171.72 171.72 171.72 171.72 141.18 63.85 47.49 37.88 34.08 31.73
1.21 1.08 0.50 0.00 0.00 0.00 1.51 4.60 4.99 5.53 10.67 38.35 52.40 52.40 52.40 52.40 36.28 26.21 14.88 5.65 3.73 2.38 1.54 1.18
0.00 0.00 0.00 3.00 6.94 4.67 4.14 5.18 8.08 18.24 39.97 108.51 150.00 150.00 150.00 150.00 150.00 150.00 150.00 78.76 109.64 153.72 132.22 135.37
0.00 0.00 0.00 0.00 0.00 0.00 9.13 16.79 33.92 63.01 108.04 258.71 326.40 326.40 326.40 326.40 326.40 326.40 230.99 79.90 62.20 55.97 125.26 49.94
0.00 0.00 0.00 0.00 9.22 9.37 12.37 18.71 25.72 38.90 60.17 143.77 267.06 267.06 267.06 267.06 267.06 267.06 211.90 94.33 71.52 57.83 51.37 45.18
10.40 5.30 0.00 0.00 0.00 0.00 7.88 25.62 22.23 29.10 29.10 29.10 29.10 0.00 0.00 49.03 68.38 29.10 29.10 19.23 26.57 40.01 33.84 33.17
12.78 6.51 0.00 0.00 0.00 0.00 9.68 31.48 27.32 35.76 35.76 35.76 35.76 0.00 0.00 60.63 84.71 35.76 35.76 23.63 33.61 49.95 41.58 40.76
579.00 579.00 579.00 446.10 268.76 170.46 123.15 114.24 155.12 276.28 289.39 458.27 505.30 317.31 454.05 466.38 395.58 536.37 283.00 127.98 140.97 170.59 220.23 206.65
381.95 222.72 245.52 152.59 55.16 113.54 128.05 60.52 97.30 54.72 107.07 100.88 88.92 140.92 150.39 150.39 150.39 133.46 66.74 27.34 27.50 56.78 121.09 115.19
746.40 746.40 746.39 575.07 346.46 219.75 158.75 147.27 199.97 356.16 373.03 598.46 651.40 408.87 605.65 614.30 493.67 691.45 364.82 164.98 181.73 219.91 283.90 266.39
1039.00 1039.00 1038.99 800.51 482.28 305.89 220.99 205.00 278.36 495.78 519.24 844.39 906.75 568.89 880.86 881.73 661.83 962.51 507.84 229.65 252.97 306.11 395.20 370.82
264.60 264.60 210.98 144.04 94.26 78.48 65.27 54.38 43.42 43.00 53.45 88.93 144.65 322.48 241.73 264.60 604.22 207.74 104.66 42.77 102.59 113.71 57.32 54.88
4.76 9.16 4.59 4.77 5.01 6.98 9.89 34.02 16.83 21.97 46.30 52.29 56.10 56.10 56.10 56.10 56.10 56.10 38.95 6.64 5.72 4.98 4.41 4.29
