178.90 165.22 111.75 71.70 42.87 26.33 26.62 43.36 82.47 130.42 177.51 126.99 169.37 192.99 192.99 192.99 332.00 284.63 332.94 615.51 643.30 565.41 486.62 549.62
216.98 200.38 135.53 86.95 51.99 31.93 32.29 52.58 102.64 161.95 219.95 154.01 205.41 234.06 234.06 234.06 419.03 342.76 405.43 748.14 780.20 685.73 590.18 666.58
108.80 108.80 108.80 108.80 98.16 108.80 108.80 108.80 108.80 108.80 108.80 61.07 46.17 90.35 35.81 21.46 16.54 23.61 49.69 63.35 49.31 38.35 30.28 29.92
192.50 192.50 192.50 192.50 162.22 192.50 192.50 192.50 192.50 192.50 192.50 108.00 77.30 157.79 61.59 37.97 29.26 41.99 88.17 112.09 87.25 67.85 53.57 52.93
37.50 84.11 37.50 37.50 37.50 37.50 37.57 74.18 26.53 30.98 59.33 56.20 47.67 38.44 33.84 30.33 28.12 37.41 38.68 22.49 17.34 13.08 9.66 9.45
27.12 27.82 23.20 22.62 25.80 57.41 116.00 85.72 34.80 34.80 34.80 34.80 34.80 34.80 34.80 58.96 82.36 34.80 34.80 34.65 41.39 49.67 31.52 28.23
39.75 89.55 39.75 39.75 39.75 39.75 39.83 78.64 28.12 32.87 62.93 59.75 50.53 40.75 35.87 32.15 29.80 39.65 41.00 23.84 18.38 13.87 10.24 10.02
63.15 146.38 63.15 63.15 63.15 63.15 63.23 124.97 44.67 52.50 100.33 97.31 80.28 64.73 56.99 51.08 47.35 63.00 65.15 37.88 29.19 22.03 16.27 15.91
622.97 0.00 623.00 623.00 623.00 460.36 186.90 186.90 186.17 182.26 180.66 355.04 383.27 309.66 253.18 206.41 170.53 204.56 194.37 104.75 81.99 63.28 91.21 156.21
170.00 170.00 170.00 170.00 170.00 170.00 170.00 170.00 96.01 51.00 51.00 51.00 51.00 51.00 51.00 51.00 51.00 62.09 64.94 35.51 42.30 51.08 61.85 50.37
200.00 200.00 200.00 200.00 200.00 200.00 200.00 200.00 112.86 60.00 60.00 60.00 60.00 60.00 60.00 60.00 60.00 73.03 76.40 41.77 49.76 60.09 72.77 59.26
3.55 2.53 1.49 0.94 0.00 1.17 1.93 3.14 4.83 7.30 10.74 17.21 26.07 37.72 34.06 32.04 31.68 30.73 31.27 33.51 23.50 15.71 9.97 5.78
10.20 10.20 10.20 10.20 10.20 10.20 10.20 10.20 10.20 19.12 34.00 33.99 34.00 34.00 19.16 31.65 23.46 10.03 4.11 3.98 2.77 2.41 2.19 1.67
13.46 11.96 8.89 6.74 5.52 4.37 3.75 3.53 8.50 19.26 63.17 122.91 217.60 217.60 217.60 217.60 134.72 104.24 65.28 65.28 65.28 40.22 22.35 19.71
200.00 200.00 200.00 200.00 200.00 200.00 200.00 200.00 147.17 60.00 60.00 60.00 60.00 60.00 60.00 60.00 52.79 40.29 31.13 24.68 29.85 53.22 55.81 48.02
151.20 151.20 151.20 151.20 151.20 151.20 151.20 151.20 111.12 45.36 45.36 45.36 45.36 45.36 45.36 45.36 39.91 30.46 23.53 18.66 22.66 40.31 42.19 36.30
87.50 87.50 87.50 87.50 87.50 87.50 87.50 87.50 64.10 26.25 26.25 26.25 26.25 26.25 26.25 26.25 23.10 17.63 13.62 10.80 13.19 23.38 24.42 21.01
141.50 141.50 141.50 141.50 141.50 141.50 141.50 141.50 103.96 42.45 42.45 42.45 42.45 42.45 42.45 42.45 37.35 28.51 22.02 17.46 21.22 37.74 39.48 33.98
185.00 185.00 185.00 185.00 185.00 185.00 185.00 185.00 136.09 55.50 55.50 55.50 55.50 55.50 55.50 55.50 48.83 37.27 28.79 22.83 27.64 49.25 51.62 44.42
130.50 130.50 130.50 130.50 130.50 130.50 130.50 130.50 95.84 39.15 39.15 39.15 39.15 39.15 39.15 39.15 34.45 26.29 20.31 16.10 19.59 34.82 36.41 31.33
291.00 291.00 291.00 291.00 291.00 291.00 291.00 291.00 214.40 87.30 87.30 87.30 87.30 87.30 87.30 87.30 76.81 58.63 45.29 35.91 43.09 77.15 81.20 69.87
0.00 0.00 0.00 0.00 0.00 0.00 0.00 0.00 0.00 0.00 0.00 0.00 0.00 0.00 0.00 0.00 0.00 0.00 0.00 0.00 0.00 0.00 0.00 0.00
170.60 0.00 170.60 170.60 170.60 170.60 170.60 170.60 123.33 155.83 103.48 51.18 51.18 51.18 51.18 51.18 51.18 37.80 26.06 17.93 30.97 52.21 51.06 46.40
164.00 0.00 164.00 164.00 164.00 164.00 164.00 164.00 119.02 148.85 99.00 49.20 49.20 49.20 49.20 49.20 49.20 36.34 25.05 17.23 29.78 50.19 49.09 44.61
220.20 0.00 220.20 220.20 220.20 220.20 220.20 220.20 155.30 208.93 137.47 66.06 66.06 66.06 66.06 66.06 66.06 48.79 33.64 23.14 39.95 67.39 65.91 59.89
785.50 0.00 785.50 785.50 785.50 785.50 785.50 785.50 486.84 785.09 509.29 235.65 235.65 235.65 235.65 235.65 235.65 174.06 120.00 82.54 142.24 240.41 235.11 213.64
282.50 0.00 282.50 282.50 282.50 282.50 282.50 282.50 194.81 276.23 180.45 84.75 84.75 84.75 84.75 84.75 84.75 62.60 43.16 29.69 51.22 86.46 84.56 76.84
67.44 88.63 36.00 36.00 84.17 36.00 36.00 36.00 36.00 36.00 88.65 96.29 120.00 120.00 120.00 120.00 120.00 120.00 120.00 110.43 76.99 51.28 32.36 29.90
29.88 29.88 29.88 29.88 29.88 29.88 29.88 29.88 29.88 29.88 29.88 31.88 29.88 29.88 31.39 29.88 29.16 23.50 19.28 16.27 13.11 9.14 6.65 6.00
183.75 183.75 183.75 183.75 183.75 183.75 183.75 183.75 183.75 183.75 183.75 234.28 183.76 183.75 210.51 183.75 179.32 144.54 118.59 100.07 94.63 56.19 40.91 36.88
2.60 2.31 1.72 1.30 1.07 0.84 0.72 0.68 1.64 3.72 12.99 26.38 42.00 42.00 42.00 42.00 29.54 21.20 12.60 12.60 12.60 7.76 4.31 3.80
24.15 24.15 24.15 24.15 24.15 24.15 24.15 24.15 24.15 45.20 80.50 80.49 80.50 80.50 45.25 74.93 55.55 23.70 9.72 11.39 6.55 5.71 5.19 3.96
21.00 21.00 21.00 21.00 21.00 21.00 21.00 21.00 21.00 39.31 70.00 69.99 70.00 70.00 39.36 65.16 48.30 20.61 8.46 9.56 5.69 4.96 4.52 3.44
3.90 3.90 3.90 3.90 3.90 3.90 3.90 3.90 3.90 7.33 13.00 12.99 13.00 13.00 7.37 12.10 8.97 3.85 1.57 1.36 1.06 0.92 0.84 0.64
39.62 133.92 195.26 200.00 200.00 200.00 200.00 200.00 200.00 186.24 171.07 83.48 60.00 60.00 60.00 60.00 60.00 60.00 60.00 41.40 32.09 34.00 51.66 54.25
200.46 112.58 100.95 91.61 85.28 88.16 91.76 94.78 61.69 44.30 38.09 6.82 0.00 9.60 12.92 19.18 29.06 35.00 43.44 54.10 68.65 88.28 115.20 119.58
150.00 84.36 92.76 78.82 45.00 106.15 137.43 75.93 141.55 84.30 150.00 84.20 45.00 45.00 45.00 45.00 44.09 28.99 18.39 11.19 10.61 19.45 35.24 30.90
150.00 84.36 92.76 78.82 45.00 106.15 137.43 75.93 141.55 84.30 150.00 84.20 45.00 45.00 45.00 45.00 44.09 28.99 18.39 11.19 10.61 19.45 35.24 30.90
10.00 5.76 4.96 4.05 3.00 5.11 5.45 3.11 7.33 5.73 10.00 5.66 3.00 3.00 3.00 3.00 2.94 1.93 1.23 0.75 0.71 1.31 2.35 2.06
200.00 200.00 200.00 200.00 200.00 200.00 200.00 200.00 112.86 60.00 60.00 60.00 60.00 60.00 60.00 60.00 60.00 73.03 76.40 41.77 49.76 60.09 72.77 59.26
117.60 117.60 117.60 117.60 117.60 117.60 117.60 117.60 66.59 35.28 35.28 35.28 35.28 35.28 35.28 35.28 35.28 42.98 44.92 24.56 29.26 35.33 42.79 34.85
174.20 174.20 174.20 174.20 148.85 174.20 174.20 174.20 174.20 174.20 174.20 97.74 70.73 143.27 56.14 34.36 26.48 37.95 79.74 101.43 78.95 61.40 48.48 47.90
249.50 249.50 249.50 249.50 202.15 249.50 249.50 249.50 249.50 249.50 249.50 139.96 96.96 202.25 77.92 49.22 37.93 54.63 114.50 145.28 113.08 87.94 69.43 68.60
30.00 30.00 30.00 30.00 30.00 30.00 30.00 30.00 30.00 30.00 40.31 30.00 30.00 30.00 30.00 73.62 22.60 18.14 14.80 12.51 10.62 9.22 8.15 6.52
44.10 44.10 44.10 44.10 44.10 44.10 44.10 44.10 44.10 44.10 65.03 44.10 44.10 44.10 44.10 108.35 33.22 26.67 21.75 18.39 15.62 13.56 11.98 9.59
34.15 31.40 22.40 8.66 7.94 1.97 1.38 2.04 3.45 6.46 11.68 19.90 33.14 41.94 41.94 41.94 50.50 111.85 139.80 135.62 95.89 62.96 70.99 76.53
0.00 0.00 0.00 0.00 0.00 0.00 0.00 0.00 0.00 0.00 0.00 0.00 0.00 0.00 0.00 0.00 0.00 0.00 0.00 0.00 0.00 0.00 0.00 0.00
45.75 42.08 30.01 11.59 10.95 2.81 1.85 2.73 4.63 8.66 15.65 26.67 44.40 56.20 56.20 56.20 64.20 146.43 187.33 183.78 127.78 81.86 95.12 102.54
5.01 3.60 2.29 1.52 1.17 1.68 2.62 4.15 7.28 12.18 19.30 27.56 38.15 45.90 45.90 42.25 40.29 40.19 42.03 45.86 33.15 22.93 15.21 10.32
35.02 35.93 29.96 29.21 33.32 74.14 149.80 110.71 44.94 44.94 44.94 44.94 44.94 44.94 44.94 76.67 107.25 44.94 44.94 44.75 55.40 65.43 40.71 36.46
148.36 83.32 74.71 67.80 63.11 65.25 67.91 70.15 45.66 32.79 28.19 5.05 0.00 7.11 9.56 14.19 21.50 25.90 32.15 40.04 50.81 65.34 85.26 88.50
230.00 230.00 230.00 230.00 183.71 189.06 197.80 210.72 205.16 203.47 205.54 167.26 145.07 136.87 97.88 68.87 48.79 52.06 60.56 74.38 66.72 63.18 63.45 61.18
181.61 238.49 135.14 71.55 71.55 135.05 215.43 108.88 39.12 65.51 105.82 80.50 60.65 45.52 38.13 32.92 29.33 43.76 50.30 31.56 24.58 18.92 14.33 14.90
30.00 30.00 30.00 30.00 30.00 30.00 30.00 30.00 30.00 30.00 56.19 100.00 56.25 100.00 56.12 30.00 30.00 30.00 23.31 16.60 13.33 10.56 20.08 7.27
98.83 65.01 46.96 33.10 21.91 22.45 22.98 23.53 0.00 0.00 6.31 0.00 9.73 32.29 50.35 76.46 111.84 106.59 103.42 101.89 106.79 116.46 131.40 161.81
85.57 67.65 42.71 24.77 12.67 9.02 6.20 0.00 0.00 0.00 0.00 12.93 31.14 62.68 85.52 116.13 156.31 122.82 97.05 77.54 89.67 103.81 119.60 124.71
0.00 0.00 0.00 0.00 0.00 0.00 0.00 0.00 0.00 0.00 0.00 0.00 0.00 0.00 0.00 0.00 0.00 0.00 0.00 0.00 0.00 0.00 0.00 0.00
48.75 48.75 48.75 48.75 48.75 48.75 48.75 48.75 48.75 48.75 91.77 162.50 162.50 162.50 162.50 162.50 162.50 154.57 117.76 89.67 72.64 57.89 26.86 12.10
185.40 185.40 185.40 185.40 185.40 185.40 185.40 185.40 185.40 185.40 104.02 160.49 185.40 104.55 130.61 115.66 85.75 70.60 43.48 25.48 29.39 35.75 44.75 37.30
0.00 0.00 0.00 0.00 0.00 0.00 0.00 0.00 0.00 0.00 0.00 0.00 0.00 0.00 0.00 0.00 0.00 0.00 0.00 0.00 0.00 0.00 0.00 0.00
332.60 332.60 310.41 209.02 138.72 138.76 139.17 140.14 182.96 233.68 294.76 269.41 275.31 314.31 242.29 182.09 135.00 99.83 73.42 54.33 47.67 44.30 44.01 37.74
176.50 176.50 176.50 176.50 176.50 176.50 176.50 176.50 176.50 130.37 52.95 52.95 52.95 52.95 52.95 52.95 52.95 47.12 51.83 50.33 54.80 60.14 66.65 58.73
2.28 52.72 39.00 39.00 39.00 39.00 39.00 39.00 39.00 39.00 39.00 56.82 113.69 73.53 130.00 130.00 130.00 130.00 130.00 124.61 86.35 56.97 35.22 25.06
142.21 534.04 857.00 857.00 857.00 857.00 857.00 857.00 856.99 480.72 257.10 257.10 257.10 257.10 257.10 257.10 257.10 257.10 252.96 153.98 225.66 325.54 263.59 233.39
209.61 708.46 958.56 1058.00 1058.00 1058.00 1058.00 1058.00 1058.00 1048.92 1010.31 545.80 317.40 317.40 317.40 317.40 317.40 317.40 317.40 219.00 169.78 157.82 257.02 286.98
539.94 539.94 539.94 539.94 539.94 539.94 539.94 539.94 539.94 539.94 539.94 895.48 539.95 539.94 745.19 539.94 526.91 424.73 348.47 294.06 358.46 165.11 120.21 108.38
29.92 19.61 9.36 4.04 0.00 0.00 3.81 6.44 15.80 33.46 62.70 126.75 159.03 319.85 159.05 179.56 159.03 159.03 159.03 159.03 159.03 113.20 64.73 58.92
32.29 28.69 21.33 16.17 13.25 10.48 9.00 8.46 20.39 46.20 147.62 274.02 522.00 522.00 522.00 522.00 308.11 257.58 156.60 156.60 156.60 96.49 53.61 47.29
37.57 16.78 10.89 6.67 3.79 3.09 3.61 5.59 7.05 10.67 17.40 29.68 49.45 78.00 78.00 78.00 78.00 78.00 78.00 78.00 122.88 148.34 95.20 95.72
17.84 14.64 9.18 5.67 3.50 3.94 5.94 10.18 13.96 20.49 30.83 53.26 88.01 138.04 156.86 171.72 171.72 171.72 171.72 171.72 116.81 72.15 40.90 34.82
3.24 2.88 2.14 1.62 1.33 1.05 0.90 0.85 2.05 4.64 16.11 32.62 52.40 52.40 52.40 52.40 36.28 26.21 15.72 15.72 15.72 9.69 5.38 4.75
70.38 32.27 20.94 12.82 7.28 5.93 6.94 10.75 13.55 20.51 33.46 57.08 95.10 150.00 150.00 150.00 150.00 150.00 150.00 150.00 236.22 285.26 183.09 184.09
37.42 21.22 12.41 7.35 0.00 7.31 11.48 18.42 26.06 36.52 50.66 93.82 156.12 242.63 219.13 203.68 198.52 195.05 201.44 218.57 181.53 153.01 272.29 71.58
22.87 16.34 9.61 6.04 0.00 7.53 12.48 20.28 31.15 47.06 69.27 111.01 168.17 243.31 219.68 206.68 204.35 198.25 201.74 216.14 151.58 101.35 64.29 37.26
22.68 23.26 19.40 18.91 21.57 48.01 97.00 71.67 29.10 29.10 29.10 29.10 29.10 29.10 29.10 49.03 68.38 29.10 29.10 28.98 33.76 40.98 26.36 23.61
27.87 28.59 23.84 23.24 26.51 59.00 119.20 88.09 35.76 35.76 35.76 35.76 35.76 35.76 35.76 60.63 84.71 35.76 35.76 35.61 42.70 51.15 32.39 29.01
579.00 579.00 579.00 579.00 579.00 579.00 579.00 579.00 579.00 579.00 324.69 542.91 579.00 325.32 454.05 377.52 231.77 220.49 135.79 79.57 91.77 111.64 139.76 116.48
501.30 281.35 400.13 321.97 150.39 364.92 484.95 270.16 490.05 281.31 501.30 281.17 150.39 150.39 150.39 150.39 147.36 96.89 61.45 37.41 35.46 64.97 117.76 103.26
746.40 746.40 746.39 746.40 746.40 746.40 746.40 746.40 746.40 746.40 418.54 708.99 746.40 419.18 605.65 497.25 289.24 284.24 175.04 102.57 118.30 143.92 180.17 150.15
1039.00 1039.00 1038.99 1039.00 1039.00 1039.00 1039.00 1039.00 1039.00 1039.00 582.57 1000.33 1039.00 583.24 880.86 713.73 387.77 395.67 243.66 142.78 164.68 200.34 250.80 209.01
264.60 264.60 264.60 264.60 264.60 264.60 264.60 264.60 264.60 264.60 264.60 264.60 264.60 378.16 264.60 264.60 530.45 158.73 105.63 69.09 152.95 142.77 55.93 46.28
16.83 34.73 16.83 16.83 16.83 16.83 16.89 33.27 11.91 13.80 26.45 24.51 21.40 17.25 15.19 13.61 12.62 16.79 17.34 10.10 7.78 5.87 4.34 4.24
