643.30 643.30 643.30 643.30 643.30 643.30 513.34 380.95 378.27 315.41 246.34 104.74 78.96 57.90 44.07 33.23 42.39 21.89 19.19 38.29 18.42 0.00 0.00 0.00
780.20 780.20 780.20 780.20 780.20 780.20 622.58 462.01 470.79 391.65 305.23 127.02 95.76 70.22 53.45 40.30 53.50 26.36 23.37 46.54 22.34 0.00 0.00 0.00
33.76 46.16 49.14 55.91 60.47 62.58 59.09 56.73 47.57 39.73 33.24 22.87 21.89 54.90 27.68 23.40 26.55 27.69 39.59 31.75 22.52 16.37 12.82 17.18
59.73 81.67 86.94 98.92 99.93 110.72 104.54 100.38 84.16 70.30 58.80 40.45 36.64 95.88 47.60 41.41 46.98 49.25 70.26 56.18 39.84 28.97 22.68 30.39
11.10 30.73 13.79 13.98 14.36 14.98 15.76 40.55 17.66 25.04 56.44 67.22 79.38 95.81 87.26 81.40 77.98 54.02 26.47 6.67 5.55 5.51 6.46 7.26
13.16 11.10 6.01 3.34 2.31 2.93 5.70 8.76 2.67 2.27 2.25 3.54 7.19 14.54 14.84 26.49 39.67 13.73 11.58 10.15 11.28 12.35 7.07 2.43
11.77 32.71 14.62 14.81 15.22 15.87 16.71 42.99 18.72 26.57 59.87 71.46 84.15 101.56 92.50 86.28 82.66 57.27 28.06 7.07 5.88 5.84 6.85 7.70
18.69 53.47 23.22 23.53 24.19 25.22 26.52 68.32 29.74 42.44 95.46 116.39 133.68 161.35 146.95 137.07 131.31 90.98 44.59 11.23 9.34 9.28 10.87 12.23
245.01 262.25 297.82 289.40 285.23 212.33 86.72 87.78 91.98 96.03 100.65 259.51 394.13 471.47 423.63 395.59 386.06 269.50 133.30 34.19 26.87 25.07 55.16 122.27
24.01 29.75 23.11 17.47 12.89 8.20 8.74 14.81 6.78 2.93 2.34 1.84 1.53 1.36 3.80 8.39 15.75 21.50 27.21 18.28 5.10 0.00 0.00 0.00
28.25 35.00 27.19 20.55 15.17 9.65 10.28 17.43 7.97 3.44 2.75 2.17 1.80 1.60 4.47 9.87 18.53 25.29 32.01 21.50 6.00 0.00 0.00 0.00
29.81 36.10 31.67 28.45 26.37 23.70 21.36 19.19 21.89 24.88 28.10 19.78 13.57 9.09 9.33 9.67 10.03 5.75 3.18 1.84 0.89 0.00 0.00 0.00
0.68 0.49 0.21 0.00 0.00 0.00 0.29 0.72 0.56 0.84 1.27 1.61 2.61 4.48 3.93 10.69 15.89 6.93 2.89 2.81 1.01 0.33 0.00 0.00
14.53 12.64 11.22 10.03 9.01 4.93 2.34 0.00 0.00 0.00 0.00 0.00 5.34 8.04 10.95 15.11 12.84 4.67 1.30 0.00 0.00 0.00 0.00 0.00
43.73 51.93 47.60 49.00 56.78 45.97 45.84 56.07 27.97 8.61 7.96 10.95 15.46 21.89 26.49 31.97 38.62 30.62 24.19 19.38 14.60 13.49 5.39 7.55
33.06 39.26 35.99 37.05 42.93 34.75 34.66 42.39 21.12 6.51 6.02 8.28 11.69 16.55 20.03 24.17 29.20 23.15 18.29 14.65 11.08 10.22 4.07 5.71
19.13 22.72 20.82 21.44 24.84 20.11 20.06 24.53 12.18 3.77 3.48 4.79 6.76 9.58 11.59 13.99 16.90 13.40 10.58 8.48 6.45 5.93 2.36 3.30
30.94 36.74 33.68 34.67 40.17 32.52 32.43 39.67 19.76 6.09 5.63 7.75 10.94 15.49 18.74 22.62 27.33 21.66 17.12 13.71 10.38 9.57 3.81 5.34
40.45 48.04 44.03 45.33 52.52 42.52 42.41 51.86 25.87 7.96 7.36 10.13 14.30 20.25 24.51 29.57 35.73 28.32 22.38 17.92 13.52 12.49 4.99 6.98
28.54 33.89 31.06 31.98 37.05 30.00 29.91 36.58 18.22 5.62 5.19 7.15 10.09 14.29 17.29 20.86 25.20 19.98 15.79 12.64 9.58 8.83 3.52 4.93
63.63 75.56 69.26 71.30 82.61 66.89 66.70 81.57 40.75 12.53 11.58 15.93 22.49 31.86 38.55 46.52 56.20 44.55 35.20 28.19 21.08 19.56 7.84 10.99
0.00 0.00 0.00 0.00 0.00 0.00 0.00 0.00 0.00 0.00 0.00 0.00 0.00 0.00 0.00 0.00 0.00 0.00 0.00 0.00 0.00 0.00 0.00 0.00
22.31 25.59 22.35 21.37 22.35 16.39 15.78 20.30 11.76 15.39 13.61 8.63 11.14 14.41 18.40 23.04 28.45 22.53 17.69 13.98 13.10 9.68 0.00 0.00
21.45 24.60 21.49 20.55 21.49 15.75 15.17 19.51 11.35 14.70 13.02 8.30 10.71 13.85 17.69 22.15 27.35 21.66 17.01 13.44 12.60 9.31 0.00 0.00
28.80 33.03 28.85 27.59 28.85 21.15 20.37 26.20 14.81 20.63 18.08 11.14 14.37 18.59 23.75 29.74 36.72 29.08 22.83 18.05 16.90 12.50 0.00 0.00
102.73 117.83 102.91 98.41 102.92 75.46 72.67 93.45 46.41 77.53 67.00 39.74 51.27 66.33 84.72 106.08 131.00 103.75 81.45 64.37 60.16 44.58 0.00 0.00
36.95 42.38 37.01 35.39 37.01 27.14 26.14 33.61 18.57 27.28 23.74 14.29 18.44 23.85 30.47 38.15 47.11 37.31 29.29 23.15 21.67 16.03 0.00 0.00
15.71 25.53 7.78 5.69 9.34 3.40 3.29 3.69 6.79 13.04 58.45 65.70 85.40 88.82 76.29 67.89 63.57 39.68 22.82 11.71 6.74 3.46 0.00 3.71
6.26 7.79 7.57 8.09 9.33 8.49 8.73 10.05 7.40 5.48 4.15 7.63 12.01 19.21 19.63 18.31 18.09 13.19 9.30 6.37 3.79 1.81 0.81 0.99
38.49 47.89 46.55 49.75 57.35 52.18 53.70 61.81 45.49 33.67 25.51 56.04 73.85 118.11 131.60 112.58 111.22 81.09 57.17 39.18 27.39 11.13 4.99 6.11
2.80 2.44 2.17 1.94 1.74 0.95 0.45 0.00 0.00 0.00 0.00 0.00 1.03 1.55 2.11 2.92 2.82 0.95 0.25 0.00 0.00 0.00 0.00 0.00
1.61 1.17 0.50 0.00 0.00 0.00 0.70 1.70 1.32 1.98 3.00 3.82 6.17 10.61 9.27 25.31 37.63 16.39 6.84 8.04 2.40 0.79 0.00 0.00
1.40 1.02 0.44 0.00 0.00 0.00 0.61 1.48 1.15 1.72 2.61 3.32 5.36 9.23 8.07 22.01 32.72 14.25 5.95 6.75 2.08 0.69 0.00 0.00
0.26 0.19 0.08 0.00 0.00 0.00 0.11 0.28 0.21 0.32 0.48 0.62 1.00 1.71 1.51 4.09 6.08 2.66 1.11 0.96 0.39 0.13 0.00 0.00
0.00 0.00 0.00 4.70 13.60 23.13 35.94 53.03 48.78 48.15 53.26 26.21 33.00 60.00 59.11 51.17 44.24 29.32 18.46 11.27 6.16 4.36 4.54 0.00
40.76 28.14 11.34 0.00 0.00 11.91 24.34 44.27 61.08 86.97 123.14 78.75 72.38 101.41 125.24 151.36 182.01 154.90 133.55 117.25 59.88 45.35 64.06 82.36
8.81 5.92 5.32 3.73 1.78 0.00 0.00 0.00 0.00 2.41 8.88 6.31 4.50 6.02 9.64 14.40 20.63 15.80 11.99 9.03 3.59 1.86 0.00 0.00
8.81 5.92 5.32 3.73 1.78 0.00 0.00 0.00 0.00 2.41 8.88 6.31 4.50 6.02 9.64 14.40 20.63 15.80 11.99 9.03 3.59 1.86 0.00 0.00
0.59 0.40 0.28 0.19 0.12 0.00 0.00 0.00 0.00 0.16 0.59 0.42 0.30 0.40 0.64 0.96 1.38 1.05 0.80 0.60 0.24 0.13 0.00 0.00
28.25 35.00 27.19 20.55 15.17 9.65 10.28 17.43 7.97 3.44 2.75 2.17 1.80 1.60 4.47 9.87 18.53 25.29 32.01 21.50 6.00 0.00 0.00 0.00
16.61 20.58 15.99 12.09 8.92 5.67 6.05 10.25 4.70 2.02 1.62 1.27 1.06 0.94 2.63 5.80 10.90 14.88 18.82 12.64 3.53 0.00 0.00 0.00
54.05 73.90 78.67 89.52 91.69 100.19 94.61 90.84 76.16 63.62 53.21 36.61 33.53 87.05 43.39 37.47 42.51 44.52 63.54 50.84 36.05 26.22 20.52 27.50
77.41 105.85 112.68 128.22 124.52 143.51 135.50 130.10 109.09 91.12 76.22 52.42 45.96 122.89 60.22 53.67 60.89 64.07 91.24 72.81 51.64 37.55 29.39 39.39
5.78 6.92 6.32 6.47 7.45 6.24 6.24 7.42 4.35 2.69 2.73 3.15 5.24 8.60 10.76 33.42 17.19 13.53 10.79 8.82 4.54 1.95 0.59 1.12
8.50 10.17 9.29 9.51 10.96 9.18 9.17 10.91 6.39 3.95 4.41 4.62 7.70 12.64 15.81 49.18 25.27 19.89 15.86 12.96 6.67 2.87 0.87 1.64
139.80 139.80 139.80 78.86 90.02 30.40 18.36 12.84 14.17 15.60 17.14 13.05 9.77 7.25 5.34 3.89 3.42 5.98 7.78 9.98 3.40 0.00 0.00 0.00
0.00 0.00 0.00 0.00 0.00 0.00 0.00 0.00 0.00 0.00 0.00 0.00 0.00 0.00 0.00 0.00 0.00 0.00 0.00 0.00 0.00 0.00 0.00 0.00
187.33 187.32 187.33 105.53 124.19 43.31 24.60 17.20 18.98 20.91 22.96 17.49 13.09 9.72 7.15 5.21 4.35 7.83 10.43 13.52 4.54 0.00 0.00 0.00
29.85 37.12 36.66 37.17 38.73 36.09 33.65 31.38 35.41 39.74 44.41 33.51 24.74 17.94 17.81 17.75 17.73 9.80 5.03 2.50 1.25 0.00 0.00 0.00
16.99 14.33 7.77 4.31 2.99 3.78 7.35 11.31 3.44 2.93 2.90 4.58 9.29 18.78 19.16 34.45 51.66 17.74 14.95 13.11 15.09 16.27 9.13 3.14
30.16 20.83 8.39 0.00 0.00 8.81 18.01 32.77 45.20 64.37 91.14 58.28 53.57 75.05 92.69 112.02 134.71 114.64 98.84 86.78 44.32 33.57 47.41 60.95
72.32 95.85 90.79 90.66 95.29 83.09 76.28 75.27 63.81 54.25 46.56 66.02 91.33 122.60 155.44 209.60 230.00 194.53 127.55 81.73 55.56 36.60 24.03 36.93
53.66 91.80 49.66 25.29 24.60 46.36 81.65 60.03 25.14 48.80 89.91 97.51 109.59 126.36 121.65 121.25 125.22 86.55 41.87 10.35 7.10 5.74 5.84 6.72
3.07 6.28 5.91 6.38 7.73 7.60 7.90 8.67 6.55 5.41 9.49 23.61 22.95 72.97 37.81 18.64 17.23 11.59 7.31 4.27 2.09 0.83 0.00 0.00
10.46 9.23 0.00 5.64 18.05 38.57 70.60 116.01 156.57 205.76 262.93 225.07 219.91 249.02 220.10 197.62 184.23 139.64 105.64 79.46 62.31 74.01 119.52 124.07
28.19 35.34 7.76 0.00 0.00 11.99 33.85 73.23 88.42 105.73 125.43 122.20 122.17 126.51 115.69 117.27 131.44 100.03 82.03 76.34 69.30 81.72 115.57 115.12
0.00 0.00 0.00 0.00 0.00 0.00 0.00 0.00 0.00 0.00 0.00 0.00 0.00 0.00 0.00 0.00 0.00 0.00 0.00 0.00 0.00 0.00 0.00 0.00
6.67 7.03 6.14 5.39 4.78 4.20 4.47 5.56 7.47 11.19 32.76 57.58 57.08 56.79 49.64 45.96 45.80 27.75 15.41 7.62 3.44 0.00 0.00 0.00
22.97 42.15 35.11 29.23 24.24 15.94 13.59 16.67 7.77 0.00 0.00 0.00 6.19 7.98 13.90 26.79 49.98 42.51 26.86 15.71 4.14 0.00 0.00 0.00
0.00 0.00 0.00 0.00 0.00 0.00 0.00 0.00 0.00 0.00 0.00 0.00 0.00 0.00 0.00 0.00 0.00 0.00 0.00 0.00 0.00 0.00 0.00 0.00
47.98 50.99 30.46 17.43 9.83 0.00 10.48 27.85 20.51 17.10 16.79 17.56 19.40 22.04 31.78 54.01 92.84 52.65 28.02 14.77 0.00 0.00 0.00 10.96
0.00 0.00 0.00 0.00 4.76 0.00 0.00 0.00 0.00 3.12 5.44 5.98 6.66 7.48 10.02 13.92 19.27 15.20 22.32 31.33 12.21 3.83 0.00 0.00
6.87 16.20 4.81 3.45 2.38 0.00 0.00 0.91 0.00 2.85 10.19 18.04 44.50 35.66 50.51 41.28 34.99 12.74 2.88 0.00 0.00 0.00 4.01 0.00
0.00 0.00 0.00 0.00 27.07 65.94 131.31 231.61 177.00 91.08 55.37 62.80 131.21 257.10 257.10 223.48 192.42 123.65 75.74 43.66 44.86 42.83 22.32 0.00
0.00 0.00 0.00 24.86 71.94 122.37 190.11 280.50 258.03 271.16 314.53 171.39 174.57 317.40 312.69 270.67 234.05 155.13 97.66 59.63 32.58 20.24 22.56 0.00
113.10 140.73 136.78 146.19 168.51 153.33 157.81 181.64 133.68 98.95 74.95 214.21 217.00 347.04 465.86 330.82 326.82 238.28 167.98 115.13 103.74 32.70 14.65 17.95
47.65 35.32 28.09 21.75 16.63 8.80 3.91 0.00 0.00 0.00 4.84 4.13 4.44 11.59 8.30 13.29 16.32 7.45 4.16 4.58 0.00 0.00 0.00 0.00
34.86 30.32 26.93 24.06 21.61 11.82 5.61 0.00 0.00 0.00 0.00 0.00 12.81 19.28 26.27 36.24 29.37 11.53 3.11 0.00 0.00 0.00 0.00 0.00
164.49 78.00 78.01 78.00 54.94 42.78 32.65 24.47 26.86 29.54 32.41 22.85 15.44 9.95 7.66 6.05 5.05 4.30 4.52 5.75 4.20 0.00 0.00 0.00
171.72 171.72 146.37 92.68 55.05 41.34 30.27 21.91 28.30 35.80 45.12 33.26 23.60 16.17 14.88 14.06 13.60 9.63 8.65 10.43 3.79 0.00 0.00 0.00
3.50 3.04 2.70 2.42 2.17 1.19 0.56 0.00 0.00 0.00 0.00 0.00 1.29 1.94 2.64 3.64 3.46 1.17 0.31 0.00 0.00 0.00 0.00 0.00
308.16 150.01 150.01 150.00 105.65 82.28 62.78 47.06 51.65 56.81 62.32 43.95 29.69 19.13 14.73 11.64 9.71 8.26 8.69 11.07 8.08 0.00 0.00 0.00
248.75 298.72 236.98 189.71 156.51 145.03 134.98 126.76 137.70 149.08 162.46 107.45 68.54 42.64 42.89 43.36 44.15 25.57 14.72 9.41 0.00 0.00 0.00 0.00
192.30 232.87 204.30 183.50 170.08 152.88 137.78 123.78 141.18 160.50 181.24 127.63 87.51 58.62 60.20 62.39 64.73 37.12 20.49 11.85 5.72 0.00 0.00 0.00
11.00 9.28 5.03 2.79 1.94 2.45 4.76 7.32 2.23 1.90 1.88 2.96 6.01 12.16 12.41 22.03 32.94 11.48 9.68 8.49 9.20 10.19 5.91 2.03
13.52 11.40 6.18 3.43 2.38 3.01 5.85 9.00 2.74 2.33 2.31 3.64 7.39 14.95 15.25 27.24 40.81 14.11 11.90 10.43 11.63 12.72 7.26 2.50
71.73 131.64 109.66 91.27 75.70 49.77 42.45 52.06 24.28 0.00 0.00 0.00 19.34 24.83 48.32 87.45 135.10 132.77 83.88 49.05 12.92 0.00 0.00 0.00
29.45 19.74 22.95 15.22 5.94 0.00 0.00 0.00 0.00 8.04 29.68 21.08 15.03 20.13 32.23 48.12 68.94 52.81 40.08 30.18 11.99 6.21 0.00 0.00
92.47 169.70 141.36 117.66 97.59 64.16 54.72 67.11 31.29 0.00 0.00 0.00 24.93 32.00 64.45 115.18 168.60 171.16 108.14 63.23 16.66 0.00 0.00 0.00
128.72 236.23 196.78 163.79 135.84 89.31 76.17 93.42 43.56 0.00 0.00 0.00 34.70 44.52 93.74 165.32 226.03 238.26 150.53 88.02 23.19 0.00 0.00 0.00
13.81 13.77 7.89 0.00 0.00 0.00 0.00 0.00 0.00 6.02 9.63 10.84 14.47 30.77 40.23 68.68 246.09 83.29 64.03 49.34 46.61 0.00 0.00 0.00
4.98 12.69 6.19 6.27 6.45 6.72 7.09 18.19 7.93 11.16 25.16 29.31 35.63 43.00 39.16 36.53 35.00 24.25 11.87 2.99 2.49 2.47 2.90 3.26
