0.00 0.00 0.00 0.00 12.96 20.68 32.71 50.54 25.91 9.83 0.00 9.81 33.14 80.22 88.69 98.91 191.42 123.42 106.95 143.60 84.96 42.62 18.38 16.39
0.00 0.00 0.00 0.00 15.72 25.08 39.67 61.30 32.25 12.20 0.00 11.90 40.19 97.29 107.56 119.96 241.60 148.62 130.23 174.55 103.04 51.70 22.29 19.87
107.28 108.80 108.80 108.80 98.16 96.52 81.97 72.75 108.80 108.80 108.80 61.07 46.17 90.35 42.61 32.64 32.64 47.20 94.93 108.80 108.80 108.80 108.80 108.80
189.82 192.50 192.50 192.50 162.22 170.77 145.02 128.72 192.50 192.50 192.50 108.00 77.30 157.79 73.27 57.75 57.75 83.96 168.46 192.50 192.50 192.50 192.50 192.50
6.66 18.18 6.72 5.52 4.49 3.95 3.81 10.12 5.80 10.80 31.63 27.92 27.70 33.58 56.04 86.83 125.00 125.00 92.34 37.50 37.50 37.50 37.50 37.50
40.00 35.90 39.12 43.55 49.35 24.96 12.07 5.25 2.68 3.86 5.80 8.74 14.68 24.92 20.10 27.61 31.20 12.93 12.64 12.46 20.53 36.43 36.94 19.82
7.06 19.36 7.13 5.85 4.76 4.19 4.03 10.73 6.14 11.46 33.54 29.68 29.36 35.60 59.41 92.04 132.50 132.50 97.89 39.75 39.75 39.75 39.75 39.75
11.21 31.65 11.32 9.29 7.56 6.66 6.41 17.05 9.76 18.30 53.48 48.34 46.64 56.55 94.38 146.22 210.50 210.50 155.55 63.15 63.15 63.15 63.15 63.15
360.29 346.20 316.16 237.66 175.94 125.51 52.11 56.15 91.75 146.37 186.90 460.54 623.00 623.00 623.00 623.00 623.00 623.00 460.54 0.00 186.90 186.90 356.65 623.00
133.42 162.69 133.27 108.16 86.05 81.27 79.33 80.66 77.37 51.00 51.00 51.00 51.00 51.00 51.00 51.00 51.00 95.49 170.00 170.00 170.00 170.00 170.00 170.00
156.96 191.40 156.79 127.25 101.23 95.61 93.33 94.90 90.94 60.00 60.00 60.00 60.00 60.00 60.00 60.00 60.00 112.31 200.00 200.00 200.00 200.00 200.00 200.00
2.08 1.50 2.08 2.84 3.81 2.76 1.93 1.30 1.25 1.59 2.39 2.62 9.18 28.20 26.56 26.32 27.56 12.10 4.34 1.48 1.27 2.55 6.20 4.77
7.53 9.26 8.58 7.99 7.44 6.16 5.58 5.67 10.20 19.12 34.00 33.99 34.00 34.00 19.16 34.00 34.00 19.11 10.20 12.55 10.20 7.94 8.15 10.20
3.81 3.29 1.71 0.00 0.00 0.00 0.00 0.00 0.00 0.00 0.00 0.00 0.00 6.17 15.26 30.78 33.84 15.34 5.03 2.21 3.18 4.43 5.91 4.49
161.90 200.00 200.00 200.00 200.00 200.00 200.00 200.00 147.17 60.00 60.00 60.00 60.00 60.00 60.00 60.00 60.00 60.00 60.00 60.00 84.70 169.52 200.00 200.00
122.39 151.20 151.20 151.20 151.20 151.20 151.20 151.20 111.12 45.36 45.36 45.36 45.36 45.36 45.36 45.36 45.36 45.36 45.36 45.36 64.30 128.40 151.20 151.20
70.83 87.50 87.50 87.50 87.50 87.50 87.50 87.50 64.10 26.25 26.25 26.25 26.25 26.25 26.25 26.25 26.25 26.25 26.25 26.25 37.43 74.48 87.50 87.50
114.54 141.50 141.50 141.50 141.50 141.50 141.50 141.50 103.96 42.45 42.45 42.45 42.45 42.45 42.45 42.45 42.45 42.45 42.45 42.45 60.23 120.21 141.50 141.50
149.76 185.00 185.00 185.00 185.00 185.00 185.00 185.00 136.09 55.50 55.50 55.50 55.50 55.50 55.50 55.50 55.50 55.50 55.50 55.50 78.45 156.90 185.00 185.00
105.64 130.50 130.50 130.50 130.50 130.50 130.50 130.50 95.84 39.15 39.15 39.15 39.15 39.15 39.15 39.15 39.15 39.15 39.15 39.15 55.60 110.91 130.50 130.50
235.56 291.00 291.00 291.00 291.00 291.00 291.00 291.00 214.40 87.30 87.30 87.30 87.30 87.30 87.30 87.30 87.30 87.30 87.30 87.30 122.29 245.75 291.00 291.00
0.00 0.00 0.00 0.00 0.00 0.00 0.00 0.00 0.00 0.00 0.00 0.00 0.00 0.00 0.00 0.00 0.00 0.00 0.00 0.00 0.00 0.00 0.00 0.00
117.49 141.08 161.40 170.60 170.60 170.60 170.60 170.60 123.33 155.83 103.48 51.18 51.18 51.18 51.18 51.18 51.18 51.18 51.18 51.18 95.98 170.60 136.42 144.19
112.94 135.62 155.15 164.00 164.00 164.00 164.00 164.00 119.02 148.85 99.00 49.20 49.20 49.20 49.20 49.20 49.20 49.20 49.20 49.20 92.28 164.00 131.14 138.61
151.65 182.09 208.32 220.20 220.20 220.20 220.20 220.20 155.30 208.93 137.47 66.06 66.06 66.06 66.06 66.06 66.06 66.06 66.06 66.06 123.80 220.20 176.08 186.12
540.96 649.57 743.12 785.50 785.50 785.50 785.50 785.50 486.84 785.09 509.29 235.65 235.65 235.65 235.65 235.65 235.65 235.65 235.65 235.65 440.78 785.50 628.12 663.92
194.55 233.61 267.26 282.50 282.50 282.50 282.50 282.50 194.81 276.23 180.45 84.75 84.75 84.75 84.75 84.75 84.75 84.75 84.75 84.75 158.74 282.50 225.90 238.77
9.04 14.46 4.71 3.95 8.40 3.83 4.13 4.46 9.75 18.24 75.49 96.29 120.00 120.00 120.00 120.00 120.00 78.12 41.82 18.86 22.54 46.42 102.98 103.01
13.01 18.10 19.40 21.31 24.10 21.43 20.31 20.55 29.88 29.88 29.88 31.88 29.88 29.28 29.76 29.88 29.88 29.88 29.88 29.88 27.15 18.99 19.84 21.85
80.00 111.30 119.32 131.05 148.21 131.80 124.90 126.35 183.75 183.75 183.75 234.28 183.76 180.07 199.52 183.75 183.75 183.75 183.75 183.75 196.07 116.78 121.99 134.34
0.73 0.63 0.33 0.00 0.00 0.00 0.00 0.00 0.00 0.00 0.00 0.00 0.00 1.19 2.95 5.94 7.42 3.12 0.97 0.43 0.61 0.86 1.14 0.87
17.82 21.93 20.32 18.91 17.63 14.59 13.22 13.42 24.15 45.20 80.50 80.49 80.50 80.50 45.25 80.50 80.50 45.19 24.15 35.91 24.15 18.81 19.29 24.15
15.49 19.07 17.67 16.44 15.33 12.69 11.50 11.67 21.00 39.31 70.00 69.99 70.00 70.00 39.36 70.00 70.00 39.30 21.00 30.13 21.00 16.36 16.77 21.00
2.88 3.54 3.28 3.05 2.85 2.36 2.14 2.17 3.90 7.33 13.00 12.99 13.00 13.00 7.37 13.00 13.00 7.33 3.90 4.30 3.90 3.04 3.12 3.90
60.39 49.43 59.81 77.52 99.32 77.45 62.58 53.72 73.85 91.86 110.61 49.20 33.04 31.97 21.02 12.92 7.25 6.99 9.97 17.22 26.59 58.12 171.41 166.10
290.57 328.79 328.46 328.13 327.79 262.56 210.90 172.47 225.69 289.23 338.60 338.60 338.60 338.60 338.60 338.60 338.60 338.60 338.60 338.60 338.60 338.60 338.60 338.60
87.80 61.36 73.41 68.03 42.27 84.72 104.71 63.18 141.55 84.30 150.00 84.20 45.00 45.00 45.00 45.00 45.00 45.00 45.00 45.00 45.00 64.05 69.15 72.15
87.80 61.36 73.41 68.03 42.27 84.72 104.71 63.18 141.55 84.30 150.00 84.20 45.00 45.00 45.00 45.00 45.00 45.00 45.00 45.00 45.00 64.05 69.15 72.15
5.85 4.19 3.92 3.49 2.82 4.08 4.15 2.59 7.33 5.73 10.00 5.66 3.00 3.00 3.00 3.00 3.00 3.00 3.00 3.00 3.00 4.31 4.61 4.81
156.96 191.40 156.79 127.25 101.23 95.61 93.33 94.90 90.94 60.00 60.00 60.00 60.00 60.00 60.00 60.00 60.00 112.31 200.00 200.00 200.00 200.00 200.00 200.00
92.29 112.55 92.19 74.82 59.53 56.22 54.88 55.80 53.66 35.28 35.28 35.28 35.28 35.28 35.28 35.28 35.28 66.10 117.60 117.60 117.60 117.60 117.60 117.60
171.77 174.20 174.20 174.20 148.85 154.54 131.24 116.49 174.20 174.20 174.20 97.74 70.73 143.27 66.79 52.26 52.26 75.89 152.35 174.20 174.20 174.20 174.20 174.20
246.02 249.50 249.50 249.50 202.15 221.34 187.96 166.84 249.50 249.50 249.50 139.96 96.96 202.25 92.70 74.85 74.85 109.23 218.77 249.50 249.50 249.50 249.50 249.50
24.50 30.00 30.00 28.85 27.63 25.12 24.93 26.93 30.00 30.00 40.31 30.00 30.00 30.00 30.00 73.62 30.00 30.00 30.00 30.00 30.00 30.00 30.00 30.00
36.01 44.10 44.10 42.41 40.61 36.93 36.65 39.58 44.10 44.10 65.03 44.10 44.10 44.10 44.10 108.35 44.10 44.10 44.10 44.10 44.10 44.10 44.10 44.10
5.60 4.94 5.72 3.77 6.37 3.84 4.24 5.51 3.39 2.00 1.20 3.28 8.05 16.87 20.49 24.73 35.86 58.54 52.71 36.01 19.43 12.04 13.17 11.67
0.00 0.00 0.00 0.00 0.00 0.00 0.00 0.00 0.00 0.00 0.00 0.00 0.00 0.00 0.00 0.00 0.00 0.00 0.00 0.00 0.00 0.00 0.00 0.00
7.50 6.62 7.67 5.04 8.78 5.48 5.68 7.39 4.55 2.68 1.60 4.39 10.78 22.60 27.45 33.14 45.59 76.64 70.63 48.79 25.89 15.65 17.65 15.63
1.14 1.10 1.52 2.11 2.91 1.93 1.25 0.00 1.07 1.77 3.05 3.60 11.34 32.65 29.69 28.52 29.19 15.69 7.47 3.17 1.18 2.47 8.89 6.58
51.66 46.36 50.51 56.25 63.73 32.23 15.58 6.78 3.46 4.98 7.49 11.29 18.95 32.18 25.96 35.90 40.63 16.70 16.32 16.09 27.48 47.99 47.70 25.60
215.06 243.34 243.10 242.85 242.60 194.32 156.09 127.65 167.04 214.06 250.60 250.60 250.60 250.60 250.60 250.60 250.60 250.60 250.60 250.60 250.60 250.60 250.60 250.60
230.00 230.00 230.00 230.00 230.00 199.70 171.21 152.04 230.00 230.00 230.00 230.00 230.00 230.00 230.00 230.00 0.00 230.00 230.00 0.00 230.00 230.00 230.00 230.00
40.86 57.73 24.42 9.37 6.56 11.68 20.41 15.40 14.20 51.00 155.94 99.01 75.62 77.89 170.24 238.50 238.50 238.50 176.17 0.00 71.55 71.55 71.55 71.55
10.42 11.63 12.62 14.16 16.37 11.45 9.02 8.62 11.54 15.32 37.62 60.83 34.02 65.86 23.06 7.78 5.37 7.38 14.25 28.49 20.95 16.67 37.39 12.29
268.00 268.00 268.00 268.00 268.00 268.00 268.00 268.00 268.00 268.00 268.00 268.00 268.00 268.00 268.00 268.00 268.00 268.00 268.00 268.00 268.00 268.00 268.00 268.00
221.69 250.00 241.00 223.18 207.27 184.14 167.21 155.38 185.61 222.16 250.00 250.00 250.00 250.00 250.00 250.00 250.00 250.00 250.00 250.00 250.00 250.00 142.18 95.37
0.00 0.00 0.00 0.00 0.00 0.00 0.00 0.00 0.00 0.00 0.00 0.00 0.00 0.00 0.00 0.00 0.00 0.00 0.00 0.00 0.00 0.00 0.00 0.00
8.79 9.52 6.97 5.09 3.83 4.00 4.20 4.44 10.42 20.35 66.68 142.05 162.50 162.50 161.85 150.61 162.50 78.39 30.39 12.23 36.38 89.40 96.21 40.23
185.40 185.40 185.40 133.03 88.30 78.78 79.19 89.37 168.22 185.40 104.02 160.49 185.40 0.00 130.61 142.89 146.36 185.40 185.40 185.40 185.40 185.40 163.28 121.33
0.00 0.00 0.00 0.00 0.00 0.00 0.00 0.00 0.00 0.00 0.00 0.00 0.00 0.00 0.00 0.00 0.00 0.00 0.00 0.00 0.00 0.00 0.00 0.00
97.33 106.73 97.37 88.57 80.40 55.46 36.39 22.47 58.10 124.88 232.36 332.60 332.60 332.60 332.60 332.60 332.60 332.60 332.60 332.60 332.60 332.60 246.87 129.86
108.85 122.69 133.87 146.83 162.00 161.08 176.50 176.50 176.50 130.37 52.95 52.95 52.95 52.95 52.95 52.95 52.40 45.82 98.98 176.50 176.50 176.50 176.50 176.50
3.01 8.72 3.60 3.82 4.23 5.11 6.21 7.49 11.48 16.69 23.32 41.00 97.67 73.53 88.71 56.85 34.28 17.85 7.98 2.87 15.55 46.27 103.06 76.14
291.07 222.91 275.40 344.88 434.87 329.70 252.00 197.12 290.76 229.21 167.28 152.34 141.52 135.16 84.86 49.02 25.30 25.44 36.65 62.30 202.70 634.02 857.00 705.23
319.46 261.47 293.61 410.09 525.43 409.70 331.07 284.18 390.66 517.34 653.24 321.66 174.79 169.14 111.19 68.36 38.35 36.98 52.75 91.09 140.67 269.74 852.76 878.66
235.07 327.05 350.62 385.08 435.50 387.28 367.00 371.28 539.94 539.94 539.94 895.48 539.95 529.11 706.30 539.94 539.94 539.94 539.94 539.94 742.73 343.14 358.46 394.77
0.00 0.00 0.00 0.00 0.00 0.00 0.00 0.00 0.00 0.00 0.00 0.00 0.00 0.00 10.05 28.72 52.21 34.51 21.52 12.18 8.81 6.61 5.43 8.50
9.13 7.89 4.11 0.00 0.00 0.00 0.00 0.00 0.00 0.00 0.00 0.00 0.00 14.81 36.62 73.85 77.39 37.92 12.06 5.31 7.62 10.63 14.19 10.76
17.80 5.98 6.17 6.56 7.15 8.69 10.63 13.08 6.06 2.25 0.00 4.66 16.71 41.58 49.36 58.48 68.84 48.12 33.59 23.93 29.01 31.78 18.77 23.02
12.12 7.81 7.24 6.88 6.61 8.50 11.13 14.62 5.84 0.00 0.00 4.75 23.06 65.06 76.36 88.63 102.81 69.72 48.94 37.34 22.12 11.94 5.50 8.32
0.92 0.79 0.41 0.00 0.00 0.00 0.00 0.00 0.00 0.00 0.00 0.00 0.00 1.49 3.68 7.41 9.11 3.86 1.21 0.53 0.76 1.07 1.42 1.08
33.35 11.49 11.87 12.61 13.75 16.72 20.44 25.15 11.66 4.32 0.00 8.97 32.13 79.97 94.92 112.46 132.39 92.54 64.59 46.02 55.77 61.12 36.10 44.28
42.25 26.74 32.06 37.81 44.62 33.62 24.90 18.37 14.11 12.85 14.12 14.72 62.59 207.62 205.15 211.45 227.13 90.72 26.04 0.00 7.25 18.54 97.80 39.96
13.43 9.66 13.44 18.33 24.58 17.80 12.47 8.40 8.09 10.28 15.41 16.91 59.23 181.91 171.32 169.77 177.78 78.05 28.02 9.54 8.19 16.47 39.97 30.77
33.45 30.02 32.71 36.42 41.27 20.87 10.09 4.39 2.24 3.23 4.85 7.31 12.27 20.84 16.81 22.96 25.90 10.81 10.57 10.42 16.74 30.05 30.89 16.58
41.11 36.89 40.20 44.76 50.71 25.65 12.40 5.39 2.75 3.96 5.96 8.98 15.08 25.61 20.66 28.39 32.09 13.29 12.99 12.80 21.18 37.52 37.96 20.37
579.00 579.00 579.00 415.44 275.76 246.02 247.30 279.12 525.33 579.00 324.69 542.91 579.00 0.00 454.05 466.38 395.58 578.99 579.00 579.00 579.00 579.00 509.93 378.91
293.42 204.65 316.68 277.89 141.27 291.22 369.48 224.81 490.05 281.31 501.30 281.17 150.39 150.39 150.39 150.39 150.39 150.39 150.39 150.39 150.39 213.92 231.10 241.12
746.40 746.40 746.39 535.56 355.49 317.15 318.80 359.81 677.22 746.40 418.54 708.99 746.40 0.00 605.65 614.30 493.67 746.39 746.40 746.40 746.40 746.40 657.35 488.46
1039.00 1039.00 1038.99 745.50 494.84 441.47 443.78 500.86 942.70 1039.00 582.57 1000.33 1039.00 0.00 880.86 881.73 661.83 1038.99 1039.00 1039.00 1039.00 1039.00 915.05 679.94
163.62 195.23 194.84 194.68 195.09 177.07 183.89 216.60 264.60 264.60 264.60 264.60 264.60 378.16 264.60 264.60 604.22 264.60 264.60 264.60 651.99 476.72 132.68 178.80
2.99 7.51 3.02 2.48 2.02 1.78 1.71 4.54 2.60 4.81 14.10 12.17 12.43 15.07 25.15 38.97 56.10 56.10 41.41 16.83 16.83 16.83 16.83 16.83
