643.30 643.30 643.30 643.30 492.48 458.44 534.55 643.30 605.38 475.02 349.46 112.59 54.76 24.13 26.84 30.33 59.89 103.03 212.83 615.51 635.50 615.00 602.81 516.84
780.20 780.20 780.20 780.20 597.29 556.00 648.31 780.20 753.44 589.85 433.01 136.55 66.41 29.26 32.55 36.78 75.58 124.07 259.17 748.14 770.74 745.88 731.09 626.82
108.80 108.80 108.80 108.80 89.25 61.75 35.84 19.33 20.85 25.09 32.49 11.25 4.77 4.58 3.06 3.32 4.67 12.52 42.12 74.94 62.02 50.64 40.78 39.17
192.50 192.50 192.50 192.50 147.49 109.26 63.41 34.20 36.90 44.38 57.49 19.89 7.99 8.00 5.26 5.88 8.27 22.27 74.74 132.59 109.73 89.61 72.16 69.31
27.84 84.11 37.50 37.50 37.50 35.20 17.40 17.18 9.86 19.61 63.75 34.61 13.44 3.40 3.61 4.00 4.59 11.91 19.34 15.08 16.84 18.85 20.96 22.68
116.00 116.00 116.00 116.00 116.00 116.00 116.00 85.72 34.80 34.80 34.80 34.80 34.80 34.80 34.80 48.57 44.75 14.07 10.13 6.99 11.99 25.64 35.22 53.44
29.51 89.55 39.75 39.75 39.75 37.31 18.44 18.21 10.45 20.81 67.62 36.79 14.24 3.61 3.83 4.24 4.86 12.62 20.50 15.98 17.85 19.99 22.21 24.04
46.88 146.38 63.15 63.15 63.15 59.27 29.28 28.94 16.60 33.23 107.81 59.92 22.63 5.73 6.08 6.73 7.73 20.05 32.58 25.39 28.36 31.75 35.29 38.19
622.97 524.08 623.00 623.00 623.00 460.36 139.71 71.23 78.17 97.22 129.49 158.20 86.86 25.36 29.52 35.62 44.70 98.06 134.94 91.80 87.91 84.11 155.70 291.85
4.53 0.00 0.00 3.72 15.96 11.89 10.44 11.01 2.57 0.00 0.00 0.00 0.00 1.00 1.94 3.36 5.39 9.40 16.08 15.75 11.22 9.83 11.38 18.51
5.33 0.00 0.00 4.38 18.78 13.99 12.28 12.95 3.02 0.00 0.00 0.00 0.00 1.18 2.28 3.95 6.34 11.06 18.92 18.53 13.20 11.57 13.39 21.78
33.82 21.73 17.44 14.01 11.32 9.82 12.06 18.69 26.05 36.23 41.40 41.40 36.15 31.99 31.74 32.36 33.72 41.40 41.40 41.40 41.40 41.40 37.24 26.43
10.20 10.20 5.48 2.39 0.81 0.65 0.57 0.57 0.55 1.02 1.83 2.19 2.60 3.04 1.75 3.25 3.47 2.18 1.38 2.09 1.69 1.82 2.12 2.18
65.28 65.28 65.28 65.28 59.96 65.28 65.28 65.28 65.28 65.28 106.28 144.48 217.60 205.36 130.41 76.18 24.86 19.90 12.80 13.28 17.01 21.63 27.10 34.79
200.00 200.00 126.08 46.70 16.48 11.59 7.85 5.08 3.55 1.42 1.40 1.21 0.00 0.00 1.34 1.84 2.45 3.41 4.76 6.59 11.51 29.73 44.41 45.95
151.20 151.20 95.31 35.30 12.46 8.76 5.93 3.84 2.68 1.07 1.06 0.92 0.00 0.00 1.02 1.39 1.85 2.58 3.60 4.98 8.74 22.52 33.58 34.74
87.50 87.50 55.16 20.43 7.21 5.07 3.43 2.22 1.55 0.62 0.61 0.53 0.00 0.00 0.59 0.80 1.07 1.49 2.08 2.88 5.08 13.06 19.43 20.10
141.50 141.50 89.20 33.04 11.66 8.20 5.55 3.59 2.51 1.00 0.99 0.86 0.00 0.00 0.95 1.30 1.74 2.42 3.37 4.66 8.18 21.08 31.42 32.51
185.00 185.00 116.62 43.19 15.24 10.72 7.26 4.70 3.28 1.31 1.29 1.12 0.00 0.00 1.24 1.70 2.27 3.16 4.40 6.10 10.66 27.51 41.08 42.51
130.50 130.50 82.27 30.47 10.75 7.56 5.12 3.31 2.31 0.93 0.91 0.79 0.00 0.00 0.88 1.20 1.60 2.23 3.10 4.30 7.55 19.45 28.98 29.98
291.00 291.00 183.44 67.94 23.97 16.87 11.41 7.39 5.17 2.06 2.03 1.76 0.00 0.00 1.96 2.67 3.57 4.97 6.92 9.59 16.61 43.10 64.62 66.86
0.00 0.00 0.00 0.00 0.00 0.00 0.00 0.00 0.00 0.00 0.00 0.00 0.00 0.00 0.00 0.00 0.00 0.00 0.00 0.00 0.00 0.00 0.00 0.00
142.43 137.75 54.24 17.73 8.19 5.19 0.00 0.00 0.00 0.00 0.00 0.00 0.00 0.00 0.00 0.00 0.00 0.00 0.00 1.27 4.50 15.02 26.52 31.46
136.92 132.42 52.14 17.04 7.88 4.99 0.00 0.00 0.00 0.00 0.00 0.00 0.00 0.00 0.00 0.00 0.00 0.00 0.00 1.22 4.33 14.44 25.49 30.25
183.84 177.80 70.01 22.89 10.58 6.70 0.00 0.00 0.00 0.00 0.00 0.00 0.00 0.00 0.00 0.00 0.00 0.00 0.00 1.64 5.80 19.38 34.23 40.61
655.79 634.25 249.74 81.64 37.73 23.90 0.00 0.00 0.00 0.00 0.00 0.00 0.00 0.00 0.00 0.00 0.00 0.00 0.00 5.86 20.67 69.15 122.10 144.87
235.85 228.10 89.82 29.36 13.57 8.60 0.00 0.00 0.00 0.00 0.00 0.00 0.00 0.00 0.00 0.00 0.00 0.00 0.00 2.11 7.44 24.87 43.91 52.10
25.03 47.05 19.60 20.60 51.93 21.74 21.80 22.24 26.66 31.75 88.65 88.73 101.30 96.36 65.06 44.55 31.91 15.64 6.25 0.00 0.00 0.00 12.82 13.54
29.30 29.88 23.21 11.88 7.86 8.34 8.81 9.35 5.25 2.99 2.08 2.27 2.22 2.38 2.17 1.85 1.75 2.18 2.76 3.54 4.24 4.55 5.18 5.44
180.19 183.75 142.76 73.03 48.33 51.27 54.17 57.52 32.27 18.37 12.80 16.69 13.65 14.66 14.54 11.37 10.77 13.42 17.00 21.79 30.59 28.00 31.86 33.44
12.60 12.60 12.60 12.60 11.57 12.60 12.60 12.60 12.60 12.60 21.85 31.00 42.00 39.64 25.17 14.70 5.45 4.05 2.47 2.56 3.28 4.17 5.23 6.71
24.15 24.15 12.98 5.66 1.92 1.55 1.36 1.34 1.30 2.41 4.34 5.19 6.15 7.19 4.13 7.70 8.21 5.15 3.27 5.99 3.99 4.31 5.02 5.17
21.00 21.00 11.29 4.92 1.67 1.35 1.18 1.17 1.13 2.10 3.78 4.51 5.35 6.25 3.59 6.69 7.14 4.48 2.84 5.03 3.47 3.74 4.36 4.49
3.90 3.90 2.10 0.91 0.31 0.25 0.22 0.22 0.21 0.39 0.70 0.84 0.99 1.16 0.67 1.24 1.33 0.84 0.53 0.72 0.64 0.70 0.81 0.83
200.00 200.00 195.26 200.00 195.23 151.72 125.97 115.43 106.68 102.87 109.28 52.96 39.88 43.92 24.75 13.28 7.22 5.50 4.19 3.31 0.00 0.00 0.00 8.42
34.09 26.99 40.68 60.02 84.90 79.35 73.83 68.92 39.73 21.67 12.26 14.29 20.52 32.45 31.48 32.71 36.87 44.61 55.12 68.85 47.03 51.59 84.71 75.07
59.83 26.43 9.11 2.01 1.06 0.00 0.00 0.00 0.00 0.00 0.00 0.00 0.00 0.00 0.00 0.00 1.42 1.28 1.23 1.26 1.56 4.93 15.96 21.54
59.83 26.43 9.11 2.01 1.06 0.00 0.00 0.00 0.00 0.00 0.00 0.00 0.00 0.00 0.00 0.00 1.42 1.28 1.23 1.26 1.56 4.93 15.96 21.54
3.99 1.81 0.49 0.10 0.07 0.00 0.00 0.00 0.00 0.00 0.00 0.00 0.00 0.00 0.00 0.00 0.09 0.09 0.08 0.08 0.10 0.33 1.06 1.44
5.33 0.00 0.00 4.38 18.78 13.99 12.28 12.95 3.02 0.00 0.00 0.00 0.00 1.18 2.28 3.95 6.34 11.06 18.92 18.53 13.20 11.57 13.39 21.78
3.13 0.00 0.00 2.57 11.04 8.23 7.22 7.62 1.78 0.00 0.00 0.00 0.00 0.69 1.34 2.32 3.73 6.51 11.13 10.90 7.76 6.80 7.87 12.81
174.20 174.20 174.20 174.20 135.34 98.87 57.38 30.95 33.39 40.16 52.02 18.00 7.31 7.26 4.79 5.32 7.48 20.13 67.59 119.98 99.30 81.09 65.30 62.72
249.50 249.50 249.50 249.50 183.80 141.61 82.18 44.33 47.82 57.53 74.51 25.77 10.03 10.25 6.65 7.62 10.71 28.97 97.06 171.85 142.22 116.14 93.52 89.83
30.00 30.00 26.92 11.55 3.99 3.28 2.76 2.37 2.32 2.28 3.03 2.19 2.14 2.10 2.27 6.21 2.88 3.80 5.08 6.79 6.27 5.94 5.89 6.10
44.10 44.10 39.57 16.98 5.86 4.82 4.06 3.48 3.41 3.35 4.90 3.22 3.15 3.08 3.33 9.14 4.24 5.59 7.47 9.98 9.22 8.74 8.66 8.96
139.80 139.80 139.80 69.50 62.29 28.38 28.01 37.19 36.09 35.32 34.73 20.63 11.84 7.15 5.77 4.78 4.88 34.01 97.38 135.62 103.80 77.76 95.24 81.64
0.00 0.00 0.00 0.00 0.00 0.00 0.00 0.00 0.00 0.00 0.00 0.00 0.00 0.00 0.00 0.00 0.00 0.00 0.00 0.00 0.00 0.00 0.00 0.00
187.33 187.32 187.33 93.00 85.92 40.43 37.54 49.84 48.35 47.32 46.54 27.65 15.87 9.57 7.74 6.40 6.21 44.52 130.49 183.78 138.32 101.10 127.61 109.40
45.90 39.55 33.21 27.57 22.64 14.65 12.32 14.82 24.58 38.85 45.90 44.99 34.39 26.23 30.93 36.60 43.27 45.90 45.90 45.90 45.90 45.90 45.90 34.32
149.80 149.80 149.80 149.80 149.80 149.80 149.80 110.71 44.94 44.94 44.94 44.94 44.94 44.94 44.94 63.15 58.28 18.16 13.08 9.03 16.04 33.78 45.49 69.02
25.23 19.98 30.11 44.42 62.84 58.73 54.64 51.01 29.40 16.04 9.08 10.57 15.19 24.01 23.30 24.21 27.29 33.02 40.80 50.96 34.81 38.18 62.69 55.56
230.00 230.00 230.00 156.21 81.00 55.10 39.29 31.17 30.16 32.28 37.60 32.10 27.06 22.61 27.34 35.72 48.77 79.83 123.00 180.01 174.59 174.56 179.75 135.47
102.20 238.49 135.14 71.55 71.55 105.33 92.55 28.54 16.55 44.70 113.88 55.36 21.34 5.40 5.58 6.99 9.77 18.59 24.43 16.48 16.61 16.89 17.22 23.25
26.01 30.00 23.28 16.38 16.13 13.94 12.21 10.86 9.77 9.06 16.29 22.79 11.76 22.90 7.24 2.06 1.14 0.00 0.00 0.00 0.00 0.00 1.87 1.92
9.77 0.00 0.00 0.00 0.00 0.00 0.00 0.00 0.00 0.00 0.00 0.00 0.00 0.00 11.20 22.93 41.01 66.99 102.60 147.71 115.24 96.84 89.62 85.96
47.63 46.63 36.33 29.20 24.76 10.73 7.90 13.66 15.41 19.26 25.92 25.73 27.07 29.92 36.64 47.57 63.98 129.92 231.23 250.00 241.93 148.05 85.05 86.53
0.00 0.00 0.00 0.00 0.00 0.00 0.00 0.00 0.00 0.00 0.00 0.00 0.00 0.00 0.00 0.00 0.00 0.00 0.00 0.00 0.00 0.00 0.00 0.00
9.92 11.64 12.51 14.15 16.63 14.31 12.40 11.01 13.77 17.00 39.08 60.06 53.58 49.51 31.97 22.97 20.73 11.27 6.27 4.27 0.00 7.63 13.15 7.10
56.51 37.46 21.04 11.07 5.76 10.01 16.51 25.43 15.91 9.92 3.78 9.48 16.78 13.70 16.51 17.25 17.02 17.53 15.00 13.92 11.35 13.38 21.07 25.71
0.00 0.00 0.00 0.00 0.00 0.00 0.00 0.00 0.00 0.00 0.00 0.00 0.00 0.00 0.00 0.00 0.00 0.00 0.00 0.00 0.00 0.00 0.00 0.00
44.65 36.29 21.47 17.46 22.49 29.30 37.15 46.70 27.41 15.09 8.11 8.18 11.52 19.15 18.70 18.26 17.93 16.60 16.97 18.87 12.67 13.21 20.40 28.79
70.56 104.12 55.02 33.96 32.59 26.43 21.26 16.82 8.66 2.78 0.00 0.00 0.00 0.00 0.00 1.13 2.73 2.89 5.96 11.87 9.40 9.58 12.35 17.37
36.63 77.31 25.83 22.80 22.01 17.99 15.15 13.28 12.75 12.27 11.78 21.05 57.31 53.23 67.67 47.38 32.39 20.03 11.34 5.68 4.22 5.39 9.78 7.29
857.00 857.00 857.00 857.00 857.00 735.40 627.20 553.89 534.54 304.75 174.82 171.28 178.52 195.42 109.17 57.33 30.33 22.58 16.96 13.38 0.00 0.00 0.00 24.03
1058.00 1058.00 958.56 1058.00 1032.76 802.61 666.40 610.64 564.36 579.34 645.36 346.28 210.95 232.34 130.93 70.25 38.19 29.11 22.18 17.52 0.00 0.00 0.00 44.54
529.49 539.94 419.48 214.60 142.01 150.66 159.19 169.01 94.82 53.98 37.62 63.79 40.10 43.07 51.46 33.41 31.65 39.43 49.95 64.04 115.89 82.28 93.63 98.25
159.03 159.03 137.71 76.70 50.23 80.29 120.58 159.03 159.03 159.03 159.03 118.46 76.55 94.21 27.67 16.68 6.78 16.56 33.11 58.11 59.39 62.29 66.76 62.76
156.60 156.60 156.60 156.60 143.83 156.60 156.60 156.60 156.60 156.60 248.36 322.11 522.00 492.65 312.84 182.76 56.85 49.16 30.71 31.85 40.81 51.88 65.01 83.45
164.49 78.00 78.01 62.25 43.65 47.99 60.79 78.00 78.00 78.00 78.00 71.12 55.34 46.45 36.64 29.58 24.73 52.69 78.00 78.00 145.89 260.00 233.12 183.39
171.72 166.67 103.37 62.96 39.08 53.59 82.44 129.69 149.02 171.72 171.72 160.54 133.82 117.98 87.61 64.90 48.76 105.82 171.72 171.72 171.72 171.72 133.73 92.80
15.72 15.72 15.72 15.72 14.44 15.72 15.72 15.72 15.72 15.72 27.11 38.35 52.40 49.45 31.40 18.35 6.69 5.00 3.08 3.20 4.10 5.21 6.53 8.38
308.16 150.01 150.01 119.72 83.95 92.29 116.91 150.00 150.00 150.00 150.00 136.76 106.41 89.32 70.46 56.88 47.56 101.32 150.00 150.00 280.44 500.00 448.31 352.67
326.40 213.32 167.72 132.22 104.48 100.52 131.89 206.50 242.14 289.93 326.40 301.96 267.52 248.36 245.84 246.38 249.20 316.41 326.40 326.40 326.40 326.40 678.68 299.82
218.17 140.15 112.47 90.36 73.02 63.34 77.80 120.59 168.07 233.72 267.06 267.06 233.18 206.35 204.77 208.76 217.54 267.06 267.06 267.06 267.06 267.06 240.24 170.52
97.00 97.00 97.00 97.00 97.00 97.00 97.00 71.67 29.10 29.10 29.10 29.10 29.10 29.10 29.10 40.39 37.16 11.76 8.47 5.84 9.78 21.15 29.45 44.69
119.20 119.20 119.20 119.20 119.20 119.20 119.20 88.09 35.76 35.76 35.76 35.76 35.76 35.76 35.76 49.95 46.03 14.45 10.40 7.18 12.37 26.41 36.20 54.92
176.49 116.99 65.70 34.56 17.99 31.27 51.57 79.40 49.70 30.99 11.80 32.08 52.40 42.62 57.39 56.29 46.00 54.74 46.85 43.46 35.43 41.77 65.80 80.28
199.94 88.13 39.32 8.21 3.54 0.00 0.00 0.00 0.00 0.00 0.00 0.00 0.00 0.00 0.00 0.00 4.75 4.27 4.12 4.22 5.20 16.46 53.34 72.00
227.51 150.81 84.70 44.56 23.19 40.32 66.47 102.36 64.07 39.95 15.21 41.90 67.54 54.92 76.55 74.14 57.40 70.57 60.39 56.03 45.68 53.85 84.82 103.49
316.70 209.93 117.90 62.02 32.28 56.12 92.53 142.49 89.19 55.61 21.17 59.12 94.02 76.41 111.33 106.42 76.96 98.23 84.07 78.00 63.58 74.96 118.07 144.06
165.46 129.05 49.73 12.73 0.00 0.00 0.00 0.00 0.00 0.00 0.00 0.00 5.59 9.88 8.92 11.39 32.80 13.08 12.73 13.31 40.38 61.12 40.53 47.51
12.50 34.73 16.83 16.83 16.83 15.80 7.82 7.70 4.42 8.74 28.42 15.09 6.03 1.53 1.62 1.79 2.06 5.34 8.67 6.77 7.56 8.46 9.41 10.18
