472.69 342.00 284.04 231.94 186.79 168.27 150.54 135.12 128.90 103.96 80.03 54.36 79.73 125.32 184.22 192.99 332.00 284.63 332.94 615.51 643.30 600.28 448.86 482.08
573.28 414.78 344.49 281.30 226.54 204.08 182.58 163.87 160.43 129.09 99.16 65.93 96.70 151.99 223.42 234.06 419.03 342.76 405.43 748.14 780.20 728.03 544.38 584.67
26.36 29.42 27.04 24.80 20.56 17.14 12.71 9.27 8.93 12.02 19.36 15.10 15.36 39.56 14.71 8.74 6.64 9.06 17.08 18.36 19.33 20.44 21.56 23.96
46.64 52.06 47.85 43.88 33.98 30.33 22.49 16.40 15.81 21.27 34.25 26.70 25.72 69.09 25.30 15.46 11.74 16.12 30.31 32.49 34.21 36.16 38.14 42.39
11.75 27.61 10.40 8.85 7.64 7.21 6.86 16.06 6.72 9.67 23.17 37.50 53.08 69.97 70.29 72.05 75.08 67.52 45.48 17.17 12.07 8.11 5.19 6.14
116.00 116.00 116.00 96.51 72.53 48.49 30.51 12.97 3.47 2.15 1.25 1.00 1.71 3.84 5.09 11.63 21.86 11.50 14.58 18.47 20.91 23.45 13.47 15.05
12.45 29.40 11.03 9.38 8.10 7.64 7.28 17.02 7.13 10.26 24.58 39.86 56.26 74.17 74.50 76.37 79.58 71.57 48.21 18.20 12.79 8.60 5.51 6.50
19.78 48.05 17.52 14.91 12.87 12.14 11.55 27.05 11.32 16.39 39.19 64.92 89.38 117.84 118.36 121.33 126.43 113.70 76.61 28.91 20.32 13.66 8.75 10.33
192.31 173.76 196.60 186.02 175.68 112.58 39.13 33.34 34.25 39.24 49.07 154.66 264.33 329.44 291.43 260.30 237.29 215.47 145.48 54.43 46.24 39.08 62.25 123.29
42.26 44.89 40.43 36.28 32.25 32.18 32.76 34.19 17.91 9.89 11.54 14.32 21.47 34.67 34.57 34.71 34.85 53.30 91.70 105.92 76.03 54.58 39.75 39.07
49.71 52.81 47.56 42.68 37.94 37.86 38.54 40.22 21.05 11.63 13.57 16.85 25.26 40.79 40.67 40.83 41.00 62.69 107.88 124.61 89.44 64.21 46.77 45.97
22.28 15.05 10.50 6.98 4.41 3.64 3.31 3.41 7.07 13.72 24.31 23.73 25.07 28.60 41.40 41.40 41.40 41.40 41.40 41.40 41.40 29.79 18.31 14.95
2.52 2.71 2.44 2.29 2.25 1.81 1.42 1.10 1.43 4.02 11.18 12.95 14.84 16.92 7.56 10.45 7.95 4.14 2.13 2.65 2.28 2.45 2.65 2.64
50.38 26.61 17.27 10.59 6.14 6.02 6.20 6.75 4.72 3.35 4.13 6.90 15.38 24.08 39.88 61.67 55.80 39.47 22.56 20.51 15.38 11.56 8.69 16.05
56.61 59.46 52.65 46.38 40.72 28.47 19.65 13.93 5.55 3.34 8.41 13.41 20.09 28.79 24.44 20.66 17.32 15.76 14.69 14.22 20.28 42.21 51.05 51.02
42.80 44.95 39.80 35.06 30.78 21.52 14.86 10.53 4.19 2.52 6.35 10.14 15.19 21.76 18.48 15.62 13.09 11.92 11.11 10.75 15.40 31.97 38.60 38.57
24.77 26.02 23.03 20.29 17.81 12.45 8.60 6.09 2.42 1.46 3.68 5.87 8.79 12.60 10.69 9.04 7.58 6.90 6.43 6.22 8.96 18.55 22.34 22.32
40.05 42.07 37.25 32.81 28.81 20.14 13.90 9.86 3.92 2.36 5.95 9.49 14.21 20.37 17.29 14.62 12.25 11.15 10.40 10.06 14.42 29.93 36.12 36.10
52.36 55.00 48.70 42.90 37.66 26.33 18.18 12.88 5.13 3.09 7.78 12.41 18.58 26.63 22.61 19.11 16.02 14.58 13.59 13.16 18.78 39.07 47.22 47.20
36.94 38.80 34.35 30.26 26.57 18.57 12.82 9.09 3.61 2.18 5.48 8.75 13.11 18.78 15.95 13.48 11.30 10.28 9.59 9.28 13.31 27.62 33.31 33.29
82.37 86.52 76.60 67.48 59.24 41.42 28.59 20.27 8.08 4.86 12.23 19.51 29.23 41.89 35.56 30.06 25.20 22.93 21.38 20.70 29.28 61.19 74.28 74.24
0.00 0.00 0.00 0.00 0.00 0.00 0.00 0.00 0.00 0.00 0.00 0.00 0.00 0.00 0.00 0.00 0.00 0.00 0.00 0.00 0.00 0.00 0.00 0.00
46.15 48.27 43.02 38.10 33.58 24.33 18.56 15.66 2.96 3.09 7.50 8.00 14.88 25.03 23.31 21.76 20.32 17.93 16.57 16.17 27.16 43.86 40.57 39.98
44.36 46.40 41.35 36.63 32.28 23.39 17.84 15.05 2.86 2.95 7.18 7.69 14.30 24.06 22.41 20.92 19.53 17.23 15.93 15.55 26.12 42.16 39.00 38.43
59.56 62.30 55.52 49.18 43.34 31.40 23.95 20.21 3.73 4.14 9.97 10.33 19.21 32.30 30.09 28.09 26.22 23.14 21.39 20.87 35.04 56.61 52.37 51.60
212.48 222.23 198.07 175.42 154.59 112.02 85.44 72.10 11.68 15.57 36.93 36.85 68.51 115.22 107.33 100.21 93.54 82.54 76.31 74.45 124.75 201.92 186.81 184.06
76.42 79.92 71.23 63.09 55.60 40.29 30.73 25.93 4.68 5.48 13.08 13.25 24.64 41.44 38.60 36.04 33.64 29.69 27.44 26.78 44.93 72.62 67.18 66.20
9.54 12.15 4.40 3.93 8.35 3.79 4.07 4.36 3.53 3.52 10.48 13.27 19.30 22.59 31.96 44.14 59.34 62.37 78.84 112.24 68.80 38.85 19.53 19.24
6.22 6.27 5.55 4.97 4.43 3.30 2.74 2.71 0.74 0.00 0.00 0.97 3.63 9.37 9.61 8.94 8.77 9.11 9.57 10.11 8.53 6.25 4.83 5.05
38.26 38.54 34.12 30.59 27.22 20.28 16.85 16.64 4.57 0.00 0.00 7.13 22.34 57.60 64.41 54.97 53.95 56.02 58.83 62.15 61.57 38.42 29.72 31.07
9.73 5.14 3.33 2.04 1.19 1.16 1.20 1.30 0.91 0.65 0.85 1.48 2.97 4.65 7.70 11.90 12.24 8.03 4.35 3.96 2.97 2.23 1.68 3.10
5.96 6.41 5.78 5.43 5.32 4.28 3.36 2.59 3.38 9.50 26.48 30.65 35.14 40.07 17.84 24.74 18.82 9.79 5.03 7.57 5.40 5.81 6.27 6.26
5.19 5.57 5.03 4.72 4.63 3.72 2.92 2.26 2.94 8.26 23.03 26.66 30.56 34.84 15.52 21.52 16.36 8.51 4.38 6.35 4.70 5.05 5.45 5.44
0.96 1.03 0.93 0.88 0.86 0.69 0.54 0.42 0.55 1.54 4.28 4.95 5.68 6.47 2.91 4.00 3.04 1.59 0.81 0.91 0.87 0.94 1.01 1.01
76.69 84.00 78.78 80.46 83.25 61.30 44.04 30.38 9.40 0.00 0.00 0.00 3.23 15.50 19.96 25.40 32.07 29.14 26.50 24.15 19.07 21.12 35.25 42.57
98.70 102.15 107.17 112.24 117.95 100.25 84.60 71.06 89.07 117.54 157.21 110.35 74.96 49.34 26.90 14.16 8.06 20.76 43.56 78.65 78.01 82.04 90.87 87.50
37.45 21.59 20.16 14.40 6.89 13.10 14.05 6.75 4.83 2.78 12.77 14.41 13.90 22.92 21.48 20.18 18.94 16.06 14.60 14.59 12.62 20.64 33.32 32.03
37.45 21.59 20.16 14.40 6.89 13.10 14.05 6.75 4.83 2.78 12.77 14.41 13.90 22.92 21.48 20.18 18.94 16.06 14.60 14.59 12.62 20.64 33.32 32.03
2.50 1.48 1.08 0.74 0.46 0.63 0.56 0.28 0.25 0.19 0.85 0.97 0.93 1.53 1.43 1.35 1.26 1.07 0.97 0.97 0.84 1.39 2.22 2.14
49.71 52.81 47.56 42.68 37.94 37.86 38.54 40.22 21.05 11.63 13.57 16.85 25.26 40.79 40.67 40.83 41.00 62.69 107.88 124.61 89.44 64.21 46.77 45.97
29.23 31.05 27.97 25.10 22.31 22.26 22.66 23.65 12.42 6.84 7.98 9.91 14.86 23.98 23.91 24.01 24.11 36.90 63.43 73.27 52.59 37.75 27.50 27.03
42.21 47.11 43.30 39.71 31.18 27.45 20.35 14.84 14.31 19.25 31.00 24.16 23.53 62.73 23.06 13.99 10.62 14.57 27.41 29.40 30.96 32.72 34.52 38.36
60.46 67.47 62.01 56.87 42.34 39.32 29.15 21.26 20.49 27.56 44.39 34.60 32.26 88.56 32.01 20.04 15.22 20.98 39.36 42.11 44.34 46.86 49.44 54.94
7.82 8.40 7.88 7.51 7.37 5.46 3.96 2.78 3.25 5.02 11.39 10.34 12.51 14.93 11.75 22.32 6.87 6.35 6.00 5.79 6.30 6.86 7.54 7.77
11.50 12.35 11.58 11.03 10.84 8.03 5.82 4.09 4.78 7.38 18.37 15.20 18.39 21.94 17.27 32.85 10.09 9.33 8.82 8.50 9.27 10.09 11.08 11.42
71.73 43.64 36.44 16.97 19.69 8.40 6.56 6.15 7.04 8.39 10.35 12.94 18.92 29.50 41.65 41.94 50.50 111.85 139.80 135.62 103.80 90.29 104.81 108.76
0.00 0.00 0.00 0.00 0.00 0.00 0.00 0.00 0.00 0.00 0.00 0.00 0.00 0.00 0.00 0.00 0.00 0.00 0.00 0.00 0.00 0.00 0.00 0.00
96.11 58.48 48.83 22.71 27.16 11.97 8.79 8.25 9.43 11.24 13.87 17.34 25.35 39.53 55.81 56.20 64.20 146.43 187.33 183.78 138.32 117.39 140.44 145.74
33.69 27.03 19.09 12.91 8.21 7.00 6.22 5.93 10.23 16.44 24.78 26.06 29.66 35.93 45.90 45.90 45.90 45.90 45.90 45.90 45.90 37.09 23.36 19.18
149.80 149.80 149.80 124.63 93.67 62.62 39.40 16.75 4.48 2.78 1.61 1.29 2.20 4.96 6.57 15.12 28.46 14.86 18.83 23.86 27.99 30.88 17.39 19.43
73.05 75.60 79.32 83.07 87.30 74.20 62.61 52.59 65.92 86.99 116.35 81.67 55.48 36.51 19.91 10.48 5.97 15.36 32.24 58.21 57.74 60.72 67.25 64.76
63.85 73.50 67.59 66.63 69.79 67.82 66.05 64.67 88.48 122.56 169.95 138.20 111.93 91.06 56.54 32.17 16.14 16.27 16.89 18.10 26.86 38.29 52.75 58.12
54.49 76.33 38.77 18.40 16.59 29.28 48.72 33.73 13.50 27.54 57.84 77.99 102.67 133.36 136.60 143.68 153.43 128.57 80.07 27.40 20.15 14.50 10.16 11.84
7.00 6.65 6.08 5.97 6.27 5.66 5.41 5.55 1.60 0.00 0.00 0.00 3.76 25.77 17.59 11.31 13.45 12.80 12.69 13.24 9.75 7.11 12.73 5.42
80.67 84.67 89.51 95.31 101.49 78.25 59.21 44.85 54.40 65.50 78.77 41.83 21.28 12.23 0.00 0.00 0.00 0.00 6.74 16.04 20.65 30.52 46.99 57.34
74.68 77.31 77.04 77.17 77.69 60.00 53.19 56.55 53.80 51.38 49.24 33.75 22.54 14.96 0.00 0.00 7.74 6.22 5.83 6.45 13.40 25.15 43.38 51.78
0.00 0.00 0.00 0.00 0.00 0.00 0.00 0.00 0.00 0.00 0.00 0.00 0.00 0.00 0.00 0.00 0.00 0.00 0.00 0.00 0.00 0.00 0.00 0.00
8.48 8.28 7.21 6.31 5.49 7.19 9.24 11.80 8.42 6.41 10.35 21.02 26.03 33.77 44.96 58.77 76.25 82.68 108.07 157.54 100.05 59.35 18.93 9.05
43.71 49.20 45.21 41.85 39.71 39.86 40.37 40.74 48.98 63.90 49.06 80.20 103.98 69.31 73.35 67.49 57.89 65.23 64.76 71.59 60.91 52.61 45.84 50.10
0.00 0.00 0.00 0.00 0.00 0.00 0.00 0.00 0.00 0.00 0.00 0.00 0.00 0.00 0.00 0.00 0.00 0.00 0.00 0.00 0.00 0.00 0.00 0.00
85.68 89.47 84.81 81.14 79.09 75.07 70.91 67.35 84.78 110.37 146.21 143.31 152.94 177.10 155.57 135.97 119.46 113.73 122.58 147.67 115.40 92.23 77.28 72.90
51.56 55.61 50.02 45.23 41.00 37.90 35.81 34.89 11.94 4.05 2.73 6.29 14.21 28.65 30.49 32.41 34.42 28.23 48.13 88.49 64.55 48.20 37.36 39.23
7.72 16.77 6.11 5.90 6.16 6.35 6.54 6.74 2.12 0.00 0.00 0.00 0.00 7.18 21.52 34.87 53.83 57.28 66.03 81.10 52.43 34.47 24.62 17.80
360.88 423.14 395.82 383.35 383.81 282.33 200.93 137.15 40.50 0.00 0.00 0.00 13.46 64.33 84.52 109.63 139.69 128.88 118.94 110.15 155.13 220.91 180.85 184.98
405.70 444.38 386.75 425.65 440.38 324.30 232.95 160.70 49.70 0.00 0.00 0.00 17.11 81.99 105.61 134.37 169.64 154.14 140.18 127.73 100.90 98.02 175.36 225.20
112.42 113.24 100.27 89.87 79.99 59.58 49.52 48.89 13.42 0.00 0.00 27.24 65.66 169.26 228.03 161.52 158.53 164.62 172.87 182.61 233.22 112.91 87.34 91.31
95.78 39.91 28.09 19.13 12.68 12.45 12.65 13.35 9.35 8.28 9.87 8.57 11.64 40.16 32.58 56.17 71.92 64.59 58.20 52.69 59.88 70.35 85.29 96.30
120.87 63.84 41.43 25.39 14.73 14.43 14.87 16.20 11.33 8.03 9.66 15.39 36.90 57.76 95.66 147.94 127.61 97.53 54.11 49.19 36.90 27.73 20.86 38.49
77.51 18.16 16.24 14.50 13.03 11.89 10.87 9.92 14.54 21.67 31.82 38.00 53.65 78.00 78.00 78.00 78.00 78.00 78.00 78.00 145.89 260.00 235.84 237.39
52.21 19.58 17.74 16.15 14.77 13.73 12.91 12.19 19.34 31.92 51.36 57.38 78.99 120.40 171.72 171.72 171.72 171.72 171.72 171.72 171.72 171.25 126.46 112.46
12.13 6.41 4.16 2.55 1.48 1.45 1.49 1.63 1.14 0.81 1.05 1.83 3.70 5.80 9.60 14.85 15.03 9.92 5.43 4.94 3.70 2.78 2.09 3.86
145.20 34.93 31.23 27.88 25.06 22.87 20.90 19.07 27.96 41.67 61.20 73.07 103.18 150.00 150.00 150.00 150.00 150.00 150.00 150.00 280.44 500.00 453.54 456.52
259.50 169.06 110.49 69.18 41.86 42.48 47.38 57.06 90.30 150.06 246.89 215.51 191.46 173.85 252.53 326.40 326.40 326.40 326.40 326.40 326.40 309.24 517.68 206.55
143.73 97.09 67.76 45.00 28.43 23.49 21.35 22.00 45.61 88.52 156.80 153.07 161.74 184.50 267.06 267.06 267.06 267.06 267.06 267.06 267.06 192.18 118.09 96.42
97.00 97.00 97.00 80.70 60.65 40.55 25.51 10.85 2.90 1.80 1.04 0.84 1.43 3.21 4.26 9.67 18.15 9.62 12.20 15.45 17.06 19.34 11.26 12.58
119.20 119.20 119.20 99.17 74.54 49.83 31.35 13.33 3.56 2.21 1.28 1.03 1.75 3.94 5.23 11.96 22.48 11.82 14.99 18.98 21.58 24.15 13.84 15.46
136.51 153.66 141.20 130.69 124.01 124.49 126.07 127.22 152.96 199.57 153.13 271.30 324.72 215.65 254.98 220.30 156.45 203.72 202.23 223.59 190.22 164.31 143.16 156.46
125.16 72.02 86.97 58.82 23.03 45.02 49.57 24.00 16.74 9.28 42.69 48.13 46.47 76.60 71.79 67.43 63.31 53.68 48.79 48.76 42.17 68.92 111.34 107.05
175.98 198.09 182.02 168.48 159.86 160.48 162.52 164.00 197.19 257.27 197.39 354.30 418.60 277.87 340.12 290.17 195.25 262.61 260.70 288.23 245.21 211.81 184.55 201.70
244.97 275.74 253.37 234.52 222.53 223.39 226.22 228.29 274.49 358.12 274.76 499.89 582.70 386.63 494.66 416.50 261.75 365.56 362.90 401.22 341.34 294.85 256.89 280.77
61.12 63.97 52.50 43.81 37.24 26.90 18.81 12.97 13.67 23.67 47.68 70.53 100.49 197.31 120.99 105.71 209.71 79.81 74.39 75.44 171.97 161.88 63.16 60.64
5.27 11.40 4.67 3.97 3.43 3.24 3.09 7.20 3.02 4.31 10.33 16.35 23.82 31.40 31.54 32.34 33.69 30.30 20.39 7.70 5.41 3.64 2.33 2.75
