30.45 21.43 19.29 17.90 17.11 25.71 37.30 51.68 58.62 54.81 47.90 36.61 49.02 64.29 87.16 118.95 277.81 218.53 234.16 396.15 393.08 384.24 387.72 387.72
36.94 26.00 23.40 21.71 20.76 31.18 45.23 62.68 72.95 68.06 59.35 44.40 59.45 77.97 105.71 144.27 350.62 263.16 285.14 481.52 476.73 466.00 470.23 470.23
55.31 65.96 59.89 55.19 46.26 62.38 75.46 90.88 95.65 100.64 105.56 61.07 46.17 90.35 42.61 32.64 32.64 47.20 94.93 66.13 88.37 108.80 108.80 108.80
97.86 116.70 105.96 97.65 76.45 110.37 133.52 160.79 169.23 178.07 186.77 108.00 77.30 157.79 73.27 57.75 57.75 83.96 168.46 117.00 156.35 192.50 192.50 192.50
4.13 7.83 3.76 5.00 7.38 9.07 11.16 33.62 13.18 16.83 34.33 52.77 72.01 91.59 125.00 125.00 125.00 125.00 80.56 17.08 16.50 16.09 15.77 16.76
38.39 38.07 38.95 39.88 40.98 41.04 41.16 30.58 13.38 14.41 15.44 22.12 31.25 34.80 34.80 57.47 70.82 22.55 16.68 12.10 21.79 41.60 44.70 43.30
4.38 8.33 3.99 5.30 7.82 9.61 11.83 35.64 13.97 17.86 36.41 56.10 76.33 97.08 132.50 132.50 132.50 132.50 85.40 18.11 17.49 17.05 16.72 17.77
6.96 13.62 6.34 8.42 12.42 15.27 18.78 56.64 22.20 28.52 58.06 91.37 121.26 154.24 210.50 210.50 210.50 210.50 135.71 28.77 27.79 27.09 26.56 28.23
194.88 180.32 200.17 200.55 213.55 171.11 76.36 84.80 97.91 113.01 129.89 425.08 623.00 623.00 623.00 623.00 623.00 623.00 460.54 139.70 152.79 166.52 349.09 623.00
114.91 143.15 151.31 161.23 170.00 170.00 170.00 170.00 96.01 51.00 51.00 51.00 51.00 51.00 51.00 51.00 51.00 95.49 170.00 170.00 170.00 170.00 170.00 170.00
135.19 168.42 178.01 189.69 200.00 200.00 200.00 200.00 112.86 60.00 60.00 60.00 60.00 60.00 60.00 60.00 60.00 112.31 200.00 200.00 200.00 200.00 200.00 200.00
1.86 1.15 1.07 1.01 0.95 0.82 0.00 0.00 1.58 3.24 5.86 8.51 12.81 19.08 23.48 28.65 34.49 24.40 16.42 10.44 13.85 18.21 23.69 26.52
3.76 4.39 4.36 4.39 4.52 5.10 5.78 6.57 7.20 14.73 28.61 33.36 34.00 34.00 19.16 34.00 34.00 19.11 9.09 7.17 5.85 5.91 6.02 6.18
9.23 7.56 9.30 11.34 13.73 11.75 9.99 8.44 4.45 2.10 0.00 3.02 26.46 93.29 103.90 115.78 79.30 48.34 23.85 18.62 14.84 12.43 11.11 8.69
122.00 149.95 147.79 147.92 149.71 164.96 183.58 200.00 147.17 60.00 60.00 60.00 60.00 60.00 60.00 60.00 60.00 60.00 60.00 35.79 59.90 144.94 199.81 200.00
92.23 113.36 111.73 111.83 113.18 124.71 138.79 151.20 111.12 45.36 45.36 45.36 45.36 45.36 45.36 45.36 45.36 45.36 45.36 27.06 45.48 109.78 151.06 151.20
53.37 65.60 64.66 64.71 65.50 72.17 80.32 87.50 64.10 26.25 26.25 26.25 26.25 26.25 26.25 26.25 26.25 26.25 26.25 15.66 26.47 63.68 87.42 87.50
86.31 106.09 104.56 104.65 105.92 116.71 129.88 141.50 103.96 42.45 42.45 42.45 42.45 42.45 42.45 42.45 42.45 42.45 42.45 25.32 42.59 102.78 141.36 141.50
112.85 138.70 136.70 136.82 138.48 152.59 169.81 185.00 136.09 55.50 55.50 55.50 55.50 55.50 55.50 55.50 55.50 55.50 55.50 33.10 55.48 134.15 184.82 185.00
79.60 97.84 96.43 96.52 97.68 107.64 119.79 130.50 95.84 39.15 39.15 39.15 39.15 39.15 39.15 39.15 39.15 39.15 39.15 23.35 39.32 94.83 130.38 130.50
177.51 218.17 215.03 215.22 217.82 240.02 267.11 291.00 214.40 87.30 87.30 87.30 87.30 87.30 87.30 87.30 87.30 87.30 87.30 52.07 86.48 210.12 290.72 291.00
0.00 0.00 0.00 0.00 0.00 0.00 0.00 0.00 0.00 0.00 0.00 0.00 0.00 0.00 0.00 0.00 0.00 0.00 0.00 0.00 0.00 0.00 0.00 0.00
101.14 118.65 116.11 114.83 114.62 128.68 146.57 168.76 123.33 155.83 103.48 51.18 51.18 51.18 51.18 51.18 51.18 51.18 51.18 30.15 66.55 138.39 161.21 170.60
97.23 114.06 111.62 110.39 110.19 123.70 140.90 162.23 119.02 148.85 99.00 49.20 49.20 49.20 49.20 49.20 49.20 49.20 49.20 28.98 63.99 133.04 154.97 164.00
130.55 153.15 149.87 148.21 147.95 166.09 189.18 217.83 155.30 208.93 137.47 66.06 66.06 66.06 66.06 66.06 66.06 66.06 66.06 38.92 85.84 178.63 208.07 220.20
465.69 546.33 534.62 528.71 527.77 592.47 674.86 777.04 486.84 785.09 509.29 235.65 235.65 235.65 235.65 235.65 235.65 235.65 235.65 138.83 305.63 637.20 742.25 785.50
167.48 196.48 192.27 190.15 189.81 213.08 242.71 279.46 194.81 276.23 180.45 84.75 84.75 84.75 84.75 84.75 84.75 84.75 84.75 49.93 110.07 229.17 266.94 282.50
20.69 28.40 15.39 20.15 60.53 36.00 36.00 36.00 36.00 36.00 88.65 96.29 120.00 120.00 120.00 120.00 120.00 120.00 120.00 120.00 120.00 120.00 120.00 120.00
10.97 12.40 11.97 11.56 11.16 11.77 12.48 13.43 17.11 21.35 26.21 31.88 29.88 29.88 31.39 29.88 29.88 29.88 23.69 14.01 16.04 16.35 17.81 17.46
67.47 76.25 73.61 71.06 68.65 72.37 76.77 82.60 105.20 131.31 161.15 234.28 183.76 183.75 210.51 183.75 183.75 183.75 145.71 86.13 115.82 100.55 109.52 107.36
1.78 1.46 1.80 2.19 2.65 2.27 1.93 1.63 0.86 0.41 0.00 0.65 5.11 18.01 20.05 22.35 17.39 9.83 4.60 3.59 2.86 2.40 2.14 1.68
8.90 10.40 10.33 10.39 10.70 12.08 13.69 15.55 17.05 34.82 67.75 78.99 80.50 80.50 45.25 80.50 80.50 45.19 21.53 20.51 13.84 14.00 14.25 14.63
7.74 9.05 8.99 9.03 9.30 10.51 11.90 13.52 14.83 30.29 58.91 68.68 70.00 70.00 39.36 70.00 70.00 39.30 18.72 17.21 12.04 12.18 12.40 12.72
1.44 1.68 1.67 1.68 1.73 1.95 2.21 2.51 2.75 5.65 10.94 12.75 13.00 13.00 7.37 13.00 13.00 7.33 3.48 2.45 2.24 2.26 2.30 2.36
73.04 74.83 75.07 79.15 81.30 93.31 108.19 125.94 173.88 186.24 171.07 83.48 60.00 60.00 60.00 60.00 60.00 60.00 56.43 33.38 44.57 81.85 171.41 200.00
338.60 338.60 338.60 300.05 228.85 159.71 126.78 120.92 120.39 120.11 119.17 91.29 68.01 50.13 92.04 165.70 284.54 247.11 213.23 185.35 228.11 291.65 338.60 338.60
64.64 38.53 41.19 34.62 20.04 53.03 79.05 50.85 108.19 73.18 146.92 84.20 45.00 45.00 45.00 45.00 45.00 45.00 40.90 25.29 26.29 51.34 95.02 98.53
64.64 38.53 41.19 34.62 20.04 53.03 79.05 50.85 108.19 73.18 146.92 84.20 45.00 45.00 45.00 45.00 45.00 45.00 40.90 25.29 26.29 51.34 95.02 98.53
4.31 2.63 2.20 1.78 1.34 2.55 3.13 2.08 5.60 4.97 9.80 5.66 3.00 3.00 3.00 3.00 3.00 3.00 2.73 1.69 1.75 3.45 6.33 6.57
135.19 168.42 178.01 189.69 200.00 200.00 200.00 200.00 112.86 60.00 60.00 60.00 60.00 60.00 60.00 60.00 60.00 112.31 200.00 200.00 200.00 200.00 200.00 200.00
79.49 99.03 104.67 111.53 117.60 117.60 117.60 117.60 66.59 35.28 35.28 35.28 35.28 35.28 35.28 35.28 35.28 66.10 117.60 117.60 117.60 117.60 117.60 117.60
88.56 105.61 95.88 88.37 70.15 99.88 120.83 145.51 153.15 161.14 169.01 97.74 70.73 143.27 66.79 52.26 52.26 75.89 152.35 105.88 141.48 174.20 174.20 174.20
126.84 151.26 137.33 126.57 95.26 143.05 173.06 208.40 219.35 230.80 242.07 139.96 96.96 202.25 92.70 74.85 74.85 109.23 218.77 151.65 202.64 249.50 249.50 249.50
12.35 14.59 14.53 14.68 15.05 18.01 21.66 25.87 26.60 27.38 37.80 30.00 30.00 30.00 30.00 73.62 30.00 30.00 29.88 17.48 18.77 20.28 22.14 23.33
18.16 21.45 21.35 21.58 22.12 26.48 31.84 38.03 39.11 40.25 60.98 44.10 44.10 44.10 44.10 108.35 44.10 44.10 43.92 25.69 27.59 29.81 32.55 34.29
8.54 6.41 5.83 3.22 4.86 2.98 3.28 4.26 4.57 4.97 5.46 7.38 9.84 13.04 17.62 24.24 40.13 82.26 95.26 85.71 55.00 40.64 52.34 56.82
0.00 0.00 0.00 0.00 0.00 0.00 0.00 0.00 0.00 0.00 0.00 0.00 0.00 0.00 0.00 0.00 0.00 0.00 0.00 0.00 0.00 0.00 0.00 0.00
11.45 8.59 7.82 4.31 6.71 4.24 4.40 5.70 6.12 6.66 7.32 9.89 13.19 17.47 23.61 32.48 51.02 107.69 127.65 116.15 73.30 52.84 70.14 76.14
1.52 0.00 0.00 0.00 0.00 0.00 1.07 1.29 2.58 4.85 8.43 11.66 16.83 24.31 28.67 33.76 39.43 31.97 25.44 19.92 25.56 32.35 40.36 41.18
49.58 49.16 50.30 51.50 52.92 53.00 53.15 39.50 17.27 18.61 19.94 28.56 40.36 44.94 44.94 74.74 92.22 29.12 21.54 15.63 29.16 54.79 57.73 55.91
250.60 250.60 250.60 222.07 169.38 118.20 93.83 89.49 89.10 88.89 88.20 67.56 50.34 37.10 68.12 122.64 210.59 182.89 157.81 137.18 168.83 215.85 250.60 250.60
117.51 128.32 121.72 118.52 119.94 121.93 126.09 132.74 156.24 182.88 213.74 230.00 230.00 230.00 230.00 230.00 230.00 230.00 230.00 222.65 230.00 230.00 230.00 230.00
21.83 26.98 13.05 7.37 9.53 23.70 55.18 53.28 19.93 34.24 55.73 78.66 106.89 141.28 238.50 238.50 238.50 238.50 176.17 44.71 47.37 50.15 53.23 53.47
10.20 10.80 10.93 11.10 11.31 12.19 13.43 15.14 21.11 28.58 56.19 100.00 56.25 100.00 56.12 30.00 30.00 30.00 26.45 16.03 18.68 21.54 60.84 25.01
268.00 268.00 268.00 234.68 212.73 202.47 201.95 211.83 212.27 213.00 215.34 201.67 199.51 207.14 268.00 268.00 268.00 268.00 268.00 268.00 268.00 268.00 268.00 268.00
187.34 194.33 187.40 181.67 177.08 175.34 175.32 175.36 165.28 154.90 146.16 239.15 250.00 250.00 250.00 250.00 250.00 250.00 250.00 250.00 250.00 250.00 250.00 250.00
0.00 0.00 0.00 0.00 0.00 0.00 0.00 0.00 0.00 0.00 0.00 0.00 0.00 0.00 0.00 0.00 0.00 0.00 0.00 0.00 0.00 0.00 0.00 0.00
13.56 13.81 15.26 16.88 18.64 29.43 44.78 48.75 48.75 48.75 91.77 162.50 162.50 162.50 162.50 162.50 162.50 162.50 162.50 162.50 162.50 162.50 96.21 48.75
70.58 72.57 71.10 72.00 75.02 103.12 143.23 185.40 185.40 185.40 104.02 160.49 185.40 104.55 130.61 142.89 146.36 185.40 185.40 185.40 185.40 185.40 185.40 185.40
0.00 0.00 0.00 0.00 0.00 0.00 0.00 0.00 0.00 0.00 0.00 0.00 0.00 0.00 0.00 0.00 0.00 0.00 0.00 0.00 0.00 0.00 0.00 0.00
96.90 95.00 90.91 89.11 89.15 81.06 82.74 94.48 82.89 71.74 61.76 81.28 104.35 131.01 197.79 285.78 332.60 329.45 273.13 227.33 272.71 332.60 332.60 332.60
166.54 176.50 176.50 176.50 176.50 176.50 176.50 176.50 176.50 130.37 52.95 52.95 52.95 52.95 52.95 52.95 52.95 52.95 98.98 144.78 176.50 176.50 176.50 176.50
10.60 24.90 10.43 10.79 11.13 17.24 25.46 36.20 34.36 32.75 31.05 56.82 113.69 73.53 130.00 130.00 130.00 130.00 130.00 130.00 130.00 130.00 130.00 95.85
324.80 326.53 337.22 348.17 360.23 415.91 482.01 563.18 731.44 480.72 257.10 257.10 257.10 257.10 257.10 257.10 257.10 257.10 240.02 145.24 340.67 792.93 857.00 857.00
386.39 395.87 368.52 418.71 430.10 493.64 572.31 666.22 919.85 1048.92 1010.31 545.80 317.40 317.40 317.40 317.40 317.40 317.40 298.51 176.56 235.76 379.87 852.76 1058.00
198.25 224.07 216.30 208.82 201.72 212.66 225.58 242.73 309.12 385.86 473.53 895.48 539.95 539.94 745.19 539.94 539.94 539.94 428.17 253.08 438.73 295.46 321.82 315.46
12.57 10.34 11.33 12.40 13.57 11.29 9.32 7.66 4.84 0.00 0.00 6.14 23.26 125.74 79.03 110.41 119.87 85.73 60.02 42.03 38.79 36.69 35.45 23.91
22.14 18.12 22.32 27.20 32.94 28.19 23.97 20.24 10.68 5.04 0.00 6.74 63.48 223.80 249.23 277.73 181.36 119.44 57.20 44.67 35.59 29.83 26.64 20.85
16.76 6.12 5.78 5.74 5.98 7.08 8.29 9.77 9.97 10.61 11.62 16.30 22.44 30.36 43.41 61.46 78.00 66.33 50.96 38.81 63.61 100.76 91.92 97.87
12.20 8.77 8.22 7.92 7.92 8.03 8.25 8.53 8.51 8.89 9.75 19.19 35.12 59.39 80.73 107.78 141.49 102.21 73.41 52.81 42.80 34.43 27.86 27.65
2.22 1.82 2.24 2.73 3.31 2.83 2.41 2.03 1.07 0.51 0.00 0.80 6.37 22.47 25.02 27.88 21.36 12.15 5.74 4.48 3.57 2.99 2.67 2.09
31.40 11.77 11.12 11.05 11.50 13.61 15.94 18.79 19.18 20.39 22.35 31.34 43.16 58.38 83.47 118.19 150.00 127.55 98.01 74.64 122.27 193.77 176.77 188.22
29.86 24.21 23.82 23.32 22.84 16.80 12.04 8.70 18.87 36.73 64.78 87.80 127.10 187.44 207.37 229.97 256.20 178.78 119.29 74.78 102.03 135.31 365.37 205.35
12.03 7.43 6.93 6.51 6.12 5.31 0.00 0.00 10.20 20.90 37.79 54.92 82.64 123.05 151.48 184.79 222.45 157.41 105.95 67.35 89.32 117.49 152.80 171.08
32.10 31.84 32.57 33.35 34.27 34.32 34.42 25.57 11.19 12.05 12.91 18.49 26.13 29.10 29.10 47.79 58.80 18.86 13.95 10.12 17.77 34.32 37.38 36.21
39.45 39.12 40.03 40.98 42.11 42.17 42.29 31.43 13.75 14.81 15.86 22.73 32.11 35.76 35.76 59.11 72.84 23.17 17.14 12.44 22.48 42.84 45.94 44.49
220.43 226.64 222.05 224.86 234.27 322.06 447.31 579.00 579.00 579.00 324.69 542.91 579.00 325.32 454.05 466.38 395.58 578.99 579.00 579.00 579.00 579.00 579.00 579.00
216.02 128.52 177.67 141.41 66.98 182.31 278.94 180.91 374.57 244.19 491.03 281.17 150.39 150.39 150.39 150.39 150.39 150.39 136.68 84.53 87.87 171.48 317.55 329.28
284.16 292.17 286.25 289.87 302.01 415.17 576.64 746.40 746.40 746.40 418.54 708.99 746.40 419.18 605.65 614.30 493.67 746.39 746.40 746.40 746.40 746.40 746.40 746.40
395.55 406.71 398.47 403.50 420.40 577.92 802.68 1039.00 1039.00 1039.00 582.57 1000.33 1039.00 583.24 880.86 881.73 661.83 1038.99 1039.00 1039.00 1039.00 1039.00 1039.00 1039.00
102.89 114.69 114.65 116.40 120.16 150.60 187.72 232.52 247.35 262.27 264.60 264.60 264.60 378.16 264.60 264.60 604.22 264.60 236.14 144.27 372.52 389.80 165.92 172.67
1.85 3.23 1.69 2.24 3.31 4.07 5.02 15.08 5.92 7.50 15.30 23.01 32.32 41.11 56.10 56.10 56.10 56.10 36.13 7.67 7.41 7.22 7.08 7.52
