643.30 643.30 643.30 643.30 643.30 643.30 633.08 533.18 605.38 475.02 349.46 192.99 192.99 192.99 192.99 192.99 332.00 284.63 332.94 615.51 643.30 643.30 643.30 643.30
780.20 780.20 780.20 780.20 780.20 780.20 767.80 646.65 753.44 589.85 433.01 234.06 234.06 234.06 234.06 234.06 419.03 342.76 405.43 748.14 780.20 780.20 780.20 780.20
58.85 72.91 70.63 69.67 62.94 71.53 73.58 75.87 108.80 108.80 108.80 61.07 46.17 90.35 42.61 32.64 32.64 47.20 94.93 108.80 108.80 108.80 108.80 108.80
104.12 129.00 124.96 123.26 104.02 126.56 130.19 134.24 192.50 192.50 192.50 108.00 77.30 157.79 73.27 57.75 57.75 83.96 168.46 192.50 192.50 192.50 192.50 192.50
12.84 35.68 15.03 14.28 13.60 13.94 14.40 36.39 18.01 28.97 74.87 68.39 60.91 57.21 78.20 112.91 125.00 125.00 92.34 37.50 37.50 37.50 37.50 37.50
116.00 116.00 116.00 116.00 116.00 116.00 116.00 85.72 34.80 34.80 34.80 34.80 34.80 34.80 34.80 58.96 82.36 34.80 34.80 34.80 60.50 111.37 116.00 116.00
13.62 37.99 15.93 15.14 14.41 14.78 15.26 38.57 19.09 30.73 79.41 72.70 64.56 60.64 82.90 119.69 132.50 132.50 97.89 39.75 39.75 39.75 39.75 39.75
21.63 62.09 25.30 24.05 22.90 23.48 24.23 61.30 30.33 49.09 126.61 118.41 102.57 96.33 131.70 190.15 210.50 210.50 155.55 63.15 63.15 63.15 63.15 63.15
221.20 217.25 239.24 223.06 208.76 169.40 75.36 82.17 130.24 186.90 186.90 460.54 611.67 512.76 623.00 623.00 623.00 623.00 460.54 186.90 186.90 186.90 356.65 623.00
170.00 170.00 170.00 170.00 170.00 170.00 170.00 169.90 96.01 51.00 51.00 51.00 51.00 51.00 51.00 51.00 51.00 95.49 170.00 170.00 170.00 170.00 170.00 170.00
200.00 200.00 200.00 200.00 200.00 200.00 200.00 199.88 112.86 60.00 60.00 60.00 60.00 60.00 60.00 60.00 60.00 112.31 200.00 200.00 200.00 200.00 200.00 200.00
41.12 31.73 23.26 16.48 11.18 9.18 7.46 6.01 15.13 30.64 41.40 41.40 41.40 41.40 41.40 41.40 41.40 41.40 41.40 41.40 41.40 41.40 41.40 41.40
4.96 5.79 6.21 6.76 7.46 6.20 5.11 4.17 6.26 16.82 34.00 33.99 34.00 34.00 19.16 34.00 34.00 19.11 10.20 12.55 10.20 10.20 10.20 10.20
65.28 65.28 65.28 64.41 41.06 26.40 16.32 9.86 21.79 41.71 106.28 144.48 217.60 217.60 217.60 217.60 134.72 104.24 65.28 65.28 65.28 65.28 65.28 65.28
187.86 200.00 200.00 200.00 200.00 200.00 183.81 150.69 147.17 60.00 60.00 60.00 60.00 60.00 60.00 60.00 60.00 60.00 60.00 60.00 84.70 172.48 200.00 200.00
142.02 151.20 151.20 151.20 151.20 151.20 138.96 113.92 111.12 45.36 45.36 45.36 45.36 45.36 45.36 45.36 45.36 45.36 45.36 45.36 64.30 130.65 151.20 151.20
82.19 87.50 87.50 87.50 87.50 87.50 80.41 65.93 64.10 26.25 26.25 26.25 26.25 26.25 26.25 26.25 26.25 26.25 26.25 26.25 37.43 75.79 87.50 87.50
132.91 141.50 141.50 141.50 141.50 141.50 130.04 106.61 103.96 42.45 42.45 42.45 42.45 42.45 42.45 42.45 42.45 42.45 42.45 42.45 60.23 122.31 141.50 141.50
173.77 185.00 185.00 185.00 185.00 185.00 170.02 139.39 136.09 55.50 55.50 55.50 55.50 55.50 55.50 55.50 55.50 55.50 55.50 55.50 78.45 159.64 185.00 185.00
122.58 130.50 130.50 130.50 130.50 130.50 119.93 98.32 95.84 39.15 39.15 39.15 39.15 39.15 39.15 39.15 39.15 39.15 39.15 39.15 55.60 112.85 130.50 130.50
273.34 291.00 291.00 291.00 291.00 291.00 267.44 219.25 214.40 87.30 87.30 87.30 87.30 87.30 87.30 87.30 87.30 87.30 87.30 87.30 122.29 250.05 291.00 291.00
0.00 0.00 0.00 0.00 0.00 0.00 0.00 0.00 0.00 0.00 0.00 0.00 0.00 0.00 0.00 0.00 0.00 0.00 0.00 0.00 0.00 0.00 0.00 0.00
170.60 170.60 170.60 170.60 170.60 170.60 170.60 170.60 123.33 155.83 103.48 51.18 51.18 51.18 51.18 51.18 51.18 51.18 51.18 51.18 95.98 170.60 170.60 170.60
164.00 164.00 164.00 164.00 164.00 164.00 164.00 164.00 119.02 148.85 99.00 49.20 49.20 49.20 49.20 49.20 49.20 49.20 49.20 49.20 92.28 164.00 164.00 164.00
220.20 220.20 220.20 220.20 220.20 220.20 220.20 220.20 155.30 208.93 137.47 66.06 66.06 66.06 66.06 66.06 66.06 66.06 66.06 66.06 123.80 220.20 220.20 220.20
785.50 785.50 785.50 785.50 785.50 785.50 785.50 785.50 486.84 785.09 509.29 235.65 235.65 235.65 235.65 235.65 235.65 235.65 235.65 235.65 440.78 785.50 785.50 785.50
282.50 282.50 282.50 282.50 282.50 282.50 282.50 282.50 194.81 276.23 180.45 84.75 84.75 84.75 84.75 84.75 84.75 84.75 84.75 84.75 158.74 282.50 282.50 282.50
67.44 88.63 36.00 36.00 84.17 36.00 22.19 10.19 17.00 26.39 88.65 96.29 120.00 120.00 120.00 120.00 120.00 120.00 120.00 120.00 120.00 120.00 120.00 120.00
19.88 26.33 25.90 25.65 25.58 21.76 18.37 15.27 24.96 29.88 29.88 31.88 29.88 29.88 31.39 29.88 29.88 29.88 29.88 29.88 31.77 29.88 29.88 29.88
122.27 161.93 159.30 157.74 157.33 133.79 112.98 93.90 153.50 183.75 183.75 234.28 183.76 183.75 210.51 183.75 183.75 183.75 183.75 183.75 229.39 183.75 183.75 183.75
12.60 12.60 12.60 12.43 7.92 5.09 3.15 1.90 4.20 8.05 21.85 31.00 42.00 42.00 42.00 42.00 29.54 21.20 12.60 12.60 12.60 12.60 12.60 12.60
11.75 13.70 14.71 16.01 17.67 14.69 12.09 9.87 14.82 39.77 80.50 80.49 80.50 80.50 45.25 80.50 80.50 45.19 24.15 35.91 24.15 24.15 24.15 24.15
10.22 11.91 12.79 13.93 15.36 12.77 10.51 8.58 12.89 34.58 70.00 69.99 70.00 70.00 39.36 70.00 70.00 39.30 21.00 30.13 21.00 21.00 21.00 21.00
1.90 2.21 2.38 2.59 2.85 2.37 1.95 1.59 2.39 6.45 13.00 12.99 13.00 13.00 7.37 13.00 13.00 7.33 3.90 4.30 3.90 3.90 3.90 3.90
200.00 200.00 195.26 200.00 200.00 200.00 200.00 200.00 200.00 186.24 171.07 83.48 60.00 60.00 60.00 60.00 60.00 60.00 60.00 60.00 60.00 83.60 171.41 200.00
171.18 155.18 165.17 178.84 196.49 146.08 107.51 79.05 52.46 33.11 20.16 16.56 16.14 18.78 61.81 144.09 280.77 338.60 338.60 338.60 338.60 323.79 243.09 256.70
150.00 84.36 92.76 78.82 45.00 106.15 127.17 48.09 125.27 84.30 150.00 84.20 45.00 45.00 45.00 45.00 45.00 45.00 45.00 45.00 45.00 84.18 149.99 150.00
150.00 84.36 92.76 78.82 45.00 106.15 127.17 48.09 125.27 84.30 150.00 84.20 45.00 45.00 45.00 45.00 45.00 45.00 45.00 45.00 45.00 84.18 149.99 150.00
10.00 5.76 4.96 4.05 3.00 5.11 5.04 1.97 6.48 5.73 10.00 5.66 3.00 3.00 3.00 3.00 3.00 3.00 3.00 3.00 3.00 5.66 10.00 10.00
200.00 200.00 200.00 200.00 200.00 200.00 200.00 199.88 112.86 60.00 60.00 60.00 60.00 60.00 60.00 60.00 60.00 112.31 200.00 200.00 200.00 200.00 200.00 200.00
117.60 117.60 117.60 117.60 117.60 117.60 117.60 117.53 66.59 35.28 35.28 35.28 35.28 35.28 35.28 35.28 35.28 66.10 117.60 117.60 117.60 117.60 117.60 117.60
94.22 116.73 113.08 111.54 95.45 114.53 117.81 121.48 174.20 174.20 174.20 97.74 70.73 143.27 66.79 52.26 52.26 75.89 152.35 174.20 174.20 174.20 174.20 174.20
134.95 167.19 161.96 159.76 129.62 164.03 168.74 173.99 249.50 249.50 249.50 139.96 96.96 202.25 92.70 74.85 74.85 109.23 218.77 249.50 249.50 249.50 249.50 249.50
13.66 15.96 17.64 19.76 22.33 18.43 15.13 12.21 20.88 30.00 40.31 30.00 30.00 30.00 30.00 73.62 30.00 30.00 30.00 30.00 30.00 30.00 30.00 30.00
20.08 23.45 25.93 29.05 32.82 27.09 22.25 17.94 30.70 44.10 65.03 44.10 44.10 44.10 44.10 108.35 44.10 44.10 44.10 44.10 44.10 44.10 44.10 44.10
139.80 139.80 139.80 78.86 98.39 37.78 26.43 22.10 36.99 41.94 41.94 41.94 41.94 41.94 41.94 41.94 50.50 111.85 139.80 135.62 103.80 91.59 139.80 139.80
0.00 0.00 0.00 0.00 0.00 0.00 0.00 0.00 0.00 0.00 0.00 0.00 0.00 0.00 0.00 0.00 0.00 0.00 0.00 0.00 0.00 0.00 0.00 0.00
187.33 187.32 187.33 105.53 135.73 53.84 35.42 29.61 49.57 56.20 56.20 56.20 56.20 56.20 56.20 56.20 64.20 146.43 187.33 183.78 138.32 119.08 187.33 187.33
45.90 45.76 37.10 29.52 23.09 19.81 16.93 14.38 25.36 41.00 45.90 45.90 45.90 45.90 45.90 45.90 45.90 45.90 45.90 45.90 45.90 45.90 45.90 45.90
149.80 149.80 149.80 149.80 149.80 149.80 149.80 110.71 44.94 44.94 44.94 44.94 44.94 44.94 44.94 76.67 107.25 44.94 44.94 44.94 80.98 146.70 149.80 149.80
126.69 114.85 122.24 132.36 145.42 108.11 79.57 58.51 38.82 24.50 14.92 12.26 11.95 13.90 45.75 106.64 207.80 250.60 250.60 250.60 250.60 239.64 179.91 189.99
93.24 93.31 118.43 150.55 188.65 136.59 95.00 62.80 110.75 177.96 230.00 230.00 208.73 182.93 230.00 230.00 230.00 230.00 230.00 230.00 230.00 230.00 224.36 221.28
47.48 71.18 37.33 18.29 16.86 33.21 61.22 47.55 22.22 47.82 98.23 66.59 52.34 52.23 78.72 133.45 226.72 238.50 176.17 71.55 71.55 71.55 71.55 71.55
30.00 30.00 30.00 30.00 30.00 30.00 22.87 14.88 24.43 30.00 56.19 100.00 56.25 100.00 56.12 30.00 30.00 30.00 30.00 30.00 30.00 30.00 73.71 30.00
120.24 109.99 90.32 75.35 64.52 34.49 23.93 28.20 10.52 0.00 5.59 6.77 11.13 20.03 60.09 163.60 268.00 268.00 268.00 268.00 268.00 268.00 268.00 268.00
61.60 42.42 36.86 34.16 34.53 12.70 0.00 0.00 8.85 17.19 31.46 22.18 20.57 26.55 74.76 174.51 250.00 250.00 250.00 250.00 250.00 250.00 247.12 211.35
0.00 0.00 0.00 0.00 0.00 0.00 0.00 0.00 0.00 0.00 0.00 0.00 0.00 0.00 0.00 0.00 0.00 0.00 0.00 0.00 0.00 0.00 0.00 0.00
48.75 48.75 48.75 48.75 48.75 46.71 24.82 11.44 21.53 36.18 91.77 162.50 162.50 162.50 162.50 162.50 162.50 162.50 162.50 162.50 162.50 162.50 96.21 48.75
140.15 179.56 185.40 185.40 185.40 185.40 141.27 102.14 112.86 126.81 80.90 139.77 179.64 104.55 130.61 142.89 146.36 185.40 185.40 185.40 185.40 185.40 185.40 185.40
0.00 0.00 0.00 0.00 0.00 0.00 0.00 0.00 0.00 0.00 0.00 0.00 0.00 0.00 0.00 0.00 0.00 0.00 0.00 0.00 0.00 0.00 0.00 0.00
165.36 178.40 190.83 209.45 234.82 167.81 117.66 82.06 97.69 120.33 151.29 186.57 227.87 275.81 295.78 332.60 332.60 296.66 215.25 151.74 149.37 147.75 147.03 175.41
176.50 176.50 176.50 176.50 176.50 176.50 176.50 176.50 176.50 130.37 52.95 52.95 52.95 52.95 52.95 52.95 52.95 52.95 98.98 176.50 176.50 176.50 176.50 176.50
39.00 95.96 39.00 39.00 39.00 26.19 15.72 8.89 17.10 29.27 39.00 56.82 113.69 73.53 130.00 130.00 130.00 130.00 130.00 130.00 130.00 130.00 130.00 95.85
857.00 857.00 857.00 857.00 857.00 857.00 857.00 857.00 856.99 480.72 257.10 257.10 257.10 257.10 257.10 257.10 257.10 257.10 257.10 257.10 465.33 841.64 857.00 857.00
1058.00 1058.00 958.56 1058.00 1058.00 1058.00 1058.00 1058.00 1058.00 1048.92 1010.31 545.80 317.40 317.40 317.40 317.40 317.40 317.40 317.40 317.40 317.40 387.97 852.76 1058.00
359.27 475.84 468.10 463.51 462.30 393.13 332.00 275.92 451.05 539.94 539.94 895.48 539.95 539.94 745.19 539.94 539.94 539.94 539.94 539.94 868.95 539.94 539.94 539.94
159.03 159.03 143.39 92.07 54.98 34.70 21.49 13.85 43.90 103.12 159.03 159.03 159.03 319.85 159.05 179.56 159.03 159.03 159.03 159.03 159.03 159.03 159.03 159.03
156.60 156.60 156.60 154.51 98.49 63.32 39.16 23.66 52.26 100.06 248.36 322.11 522.00 522.00 522.00 522.00 308.11 257.58 156.60 156.60 156.60 156.60 156.60 156.60
164.49 78.00 78.01 64.44 50.11 42.18 35.48 29.90 58.79 78.00 78.00 78.00 78.00 78.00 78.00 78.00 78.00 78.00 78.00 78.00 145.89 260.00 260.00 260.00
171.72 163.30 114.32 76.41 47.76 36.15 27.38 21.26 60.49 130.74 171.72 171.72 171.72 171.72 171.72 171.72 171.72 171.72 171.72 171.72 171.72 171.72 171.72 171.72
15.72 15.72 15.72 15.51 9.89 6.36 3.93 2.38 5.25 10.04 27.11 38.35 52.40 52.40 52.40 52.40 36.28 26.21 15.72 15.72 15.72 15.72 15.72 15.72
308.16 150.01 150.01 123.93 96.37 81.12 68.23 57.50 113.06 150.00 150.00 150.00 150.00 150.00 150.00 150.00 150.00 150.00 150.00 150.00 280.44 500.00 500.00 500.00
326.40 317.42 219.45 144.45 89.30 72.24 58.28 46.69 127.55 269.48 326.40 326.40 326.40 326.40 326.40 326.40 326.40 326.40 326.40 326.40 326.40 326.40 678.68 326.40
265.23 204.69 150.05 106.29 72.12 59.23 48.10 38.78 97.60 197.68 267.06 267.06 267.06 267.06 267.06 267.06 267.06 267.06 267.06 267.06 267.06 267.06 267.06 267.06
97.00 97.00 97.00 97.00 97.00 97.00 97.00 71.67 29.10 29.10 29.10 29.10 29.10 29.10 29.10 49.03 68.38 29.10 29.10 29.10 49.35 91.87 97.00 97.00
119.20 119.20 119.20 119.20 119.20 119.20 119.20 88.09 35.76 35.76 35.76 35.76 35.76 35.76 35.76 60.63 84.71 35.76 35.76 35.76 62.41 114.69 119.20 119.20
437.68 560.77 579.00 579.00 579.00 579.00 441.17 318.97 352.46 396.02 252.54 472.81 561.00 325.32 454.05 466.38 395.58 578.99 579.00 579.00 579.00 579.00 579.00 579.00
501.30 281.35 400.13 321.97 150.39 364.92 448.76 171.11 433.68 281.31 501.30 281.17 150.39 150.39 150.39 150.39 150.39 150.39 150.39 150.39 150.39 281.15 501.30 501.30
564.22 722.90 746.39 746.40 746.40 746.40 568.72 411.19 454.36 510.51 325.53 617.45 723.20 419.18 605.65 614.30 493.67 746.39 746.40 746.40 746.40 746.40 746.40 746.40
785.41 1006.29 1038.99 1039.00 1039.00 1039.00 791.66 572.39 632.47 710.64 453.11 871.18 1006.70 583.24 880.86 881.73 661.83 1038.99 1039.00 1039.00 1039.00 1039.00 1039.00 1039.00
203.02 261.56 264.60 264.60 264.60 264.07 184.28 123.00 178.81 250.23 264.60 264.60 264.60 378.16 264.60 264.60 604.22 264.60 264.60 264.60 651.99 651.69 264.61 264.60
5.76 14.73 6.74 6.41 6.10 6.26 6.47 16.32 8.08 12.90 33.37 29.82 27.34 25.67 35.10 50.68 56.10 56.10 41.41 16.83 16.83 16.83 16.83 16.83
