0.00 0.00 0.00 0.00 25.32 42.50 67.73 102.40 207.92 310.69 349.46 192.99 192.99 192.99 192.99 192.99 323.88 274.39 323.19 615.51 643.30 643.30 643.30 584.39
0.00 0.00 0.00 0.00 30.70 51.55 82.14 124.19 258.78 385.80 433.01 234.06 234.06 234.06 234.06 234.06 408.78 330.42 393.55 748.14 780.20 780.20 780.20 708.75
56.49 108.80 108.80 108.80 98.16 108.80 108.80 108.80 108.80 108.80 108.80 61.07 46.17 90.35 42.61 32.64 32.64 47.20 94.93 108.80 86.41 51.20 29.02 32.40
99.95 192.50 192.50 192.50 162.22 192.50 192.50 192.50 192.50 192.50 192.50 108.00 77.30 157.79 73.27 57.75 57.75 83.96 168.46 192.50 152.88 90.59 51.34 57.32
9.14 40.67 23.52 30.11 37.50 36.52 34.69 81.04 30.17 36.96 74.33 103.73 125.00 125.00 125.00 125.00 125.00 125.00 92.34 37.50 37.50 28.29 21.20 26.36
4.67 13.69 13.12 14.75 19.01 21.31 25.12 22.47 13.50 21.27 33.66 33.63 34.12 34.80 29.75 41.75 47.78 25.55 31.65 34.80 49.52 65.00 46.85 54.73
9.69 43.30 24.93 31.91 39.75 38.71 36.77 85.90 31.98 39.21 78.83 110.27 132.50 132.50 132.50 132.50 132.50 132.50 97.89 39.75 39.75 29.99 22.48 27.94
15.39 70.77 39.60 50.70 63.15 61.50 58.39 136.52 50.80 62.63 125.70 179.60 210.50 210.50 210.50 210.50 210.50 210.50 155.55 63.15 63.15 47.65 35.71 44.39
143.41 276.23 545.86 623.00 623.00 460.36 186.90 186.90 186.90 186.90 186.90 460.54 623.00 623.00 623.00 623.00 623.00 623.00 460.54 186.90 186.90 130.70 169.94 366.89
170.00 170.00 170.00 170.00 170.00 170.00 170.00 170.00 96.01 51.00 51.00 51.00 51.00 51.00 51.00 51.00 51.00 95.49 165.47 113.24 87.18 67.18 52.79 46.82
200.00 200.00 200.00 200.00 200.00 200.00 200.00 200.00 112.86 60.00 60.00 60.00 60.00 60.00 60.00 60.00 60.00 112.31 194.68 133.22 102.56 79.04 62.11 55.08
0.00 0.00 0.00 0.00 2.05 2.57 3.16 3.88 4.55 5.56 6.97 8.90 11.36 14.36 13.28 12.30 11.41 11.00 11.45 12.68 13.87 15.49 17.45 20.80
10.20 10.20 10.20 10.20 10.20 10.20 10.20 10.20 10.20 19.12 34.00 33.99 34.00 34.00 19.16 34.00 34.00 19.11 10.20 12.55 8.23 4.80 2.72 2.16
0.00 2.94 0.00 0.00 0.00 0.00 0.00 0.00 2.28 4.28 12.31 36.38 106.25 187.02 171.15 158.36 91.55 79.36 55.41 61.55 59.36 58.25 57.92 51.07
200.00 200.00 200.00 200.00 200.00 200.00 200.00 200.00 147.17 60.00 60.00 60.00 60.00 60.00 60.00 60.00 60.00 60.00 60.00 60.00 75.45 91.86 61.88 55.08
151.20 151.20 151.20 151.20 151.20 151.20 151.20 151.20 111.12 45.36 45.36 45.36 45.36 45.36 45.36 45.36 45.36 45.36 45.36 45.36 57.28 69.58 46.78 41.64
87.50 87.50 87.50 87.50 87.50 87.50 87.50 87.50 64.10 26.25 26.25 26.25 26.25 26.25 26.25 26.25 26.25 26.25 26.25 26.25 33.34 40.36 27.07 24.10
141.50 141.50 141.50 141.50 141.50 141.50 141.50 141.50 103.96 42.45 42.45 42.45 42.45 42.45 42.45 42.45 42.45 42.45 42.45 42.45 53.65 65.14 43.78 38.97
185.00 185.00 185.00 185.00 185.00 185.00 185.00 185.00 136.09 55.50 55.50 55.50 55.50 55.50 55.50 55.50 55.50 55.50 55.50 55.50 69.88 85.02 57.24 50.95
130.50 130.50 130.50 130.50 130.50 130.50 130.50 130.50 95.84 39.15 39.15 39.15 39.15 39.15 39.15 39.15 39.15 39.15 39.15 39.15 49.53 60.10 40.38 35.94
291.00 291.00 291.00 291.00 291.00 291.00 291.00 291.00 214.40 87.30 87.30 87.30 87.30 87.30 87.30 87.30 87.30 87.30 87.30 87.30 108.93 133.17 90.04 80.15
0.00 0.00 0.00 0.00 0.00 0.00 0.00 0.00 0.00 0.00 0.00 0.00 0.00 0.00 0.00 0.00 0.00 0.00 0.00 0.00 0.00 0.00 0.00 0.00
170.60 170.60 170.60 170.60 170.60 170.60 170.60 170.60 123.33 155.83 103.48 51.18 51.18 51.18 51.18 51.18 51.18 51.18 51.18 51.18 77.96 85.71 51.99 48.03
164.00 164.00 164.00 164.00 164.00 164.00 164.00 164.00 119.02 148.85 99.00 49.20 49.20 49.20 49.20 49.20 49.20 49.20 49.20 49.20 74.95 82.40 49.98 46.17
220.20 220.20 220.20 220.20 220.20 220.20 220.20 220.20 155.30 208.93 137.47 66.06 66.06 66.06 66.06 66.06 66.06 66.06 66.06 66.06 100.56 110.63 67.10 62.00
785.50 785.50 785.50 785.50 785.50 785.50 785.50 785.50 486.84 785.09 509.29 235.65 235.65 235.65 235.65 235.65 235.65 235.65 235.65 235.65 358.03 394.65 239.38 221.16
282.50 282.50 282.50 282.50 282.50 282.50 282.50 282.50 194.81 276.23 180.45 84.75 84.75 84.75 84.75 84.75 84.75 84.75 84.75 84.75 128.94 141.93 86.09 79.54
9.51 29.18 20.26 31.98 84.17 36.00 36.00 36.00 36.00 36.00 88.65 96.29 120.00 120.00 120.00 120.00 120.00 120.00 120.00 69.75 80.23 91.94 104.75 98.16
3.62 13.09 15.01 17.29 19.95 21.04 22.28 23.48 29.26 29.88 29.88 31.88 29.88 29.88 31.39 29.88 29.88 29.88 29.88 29.88 23.22 14.08 9.26 9.57
22.27 80.48 92.30 106.35 122.69 129.37 137.03 144.39 179.95 183.75 183.75 234.28 183.76 183.75 210.51 183.75 183.75 183.75 183.75 183.75 167.68 86.60 56.92 58.86
0.00 0.57 0.00 0.00 0.00 0.00 0.00 0.00 0.44 0.83 2.53 7.81 20.51 36.10 33.03 30.56 20.08 16.14 10.69 11.88 11.46 11.24 11.18 9.86
24.15 24.15 24.15 24.15 24.15 24.15 24.15 24.15 24.15 45.20 80.50 80.49 80.50 80.50 45.25 80.50 80.50 45.19 24.15 35.91 19.49 11.37 6.43 5.11
21.00 21.00 21.00 21.00 21.00 21.00 21.00 21.00 21.00 39.31 70.00 69.99 70.00 70.00 39.36 70.00 70.00 39.30 21.00 30.13 16.95 9.89 5.59 4.44
3.90 3.90 3.90 3.90 3.90 3.90 3.90 3.90 3.90 7.33 13.00 12.99 13.00 13.00 7.37 13.00 13.00 7.33 3.90 4.30 3.15 1.84 1.04 0.82
0.00 15.46 23.45 41.41 70.49 93.96 123.37 158.84 165.48 165.56 167.52 83.48 60.00 60.00 60.00 60.00 60.00 60.00 60.00 46.58 37.58 42.64 71.97 92.64
338.60 338.60 338.60 338.60 338.60 338.60 338.60 338.60 338.60 338.60 338.60 248.37 171.90 115.27 104.91 97.20 93.59 64.50 46.14 36.04 0.00 0.00 13.82 25.13
143.72 84.36 92.76 78.82 45.00 106.15 137.43 75.93 141.55 84.30 150.00 84.20 45.00 45.00 45.00 45.00 45.00 45.00 45.00 45.00 36.60 43.79 50.13 40.71
143.72 84.36 92.76 78.82 45.00 106.15 137.43 75.93 141.55 84.30 150.00 84.20 45.00 45.00 45.00 45.00 45.00 45.00 45.00 45.00 36.60 43.79 50.13 40.71
9.58 5.76 4.96 4.05 3.00 5.11 5.45 3.11 7.33 5.73 10.00 5.66 3.00 3.00 3.00 3.00 3.00 3.00 3.00 3.00 2.44 2.95 3.34 2.71
200.00 200.00 200.00 200.00 200.00 200.00 200.00 200.00 112.86 60.00 60.00 60.00 60.00 60.00 60.00 60.00 60.00 112.31 194.68 133.22 102.56 79.04 62.11 55.08
117.60 117.60 117.60 117.60 117.60 117.60 117.60 117.60 66.59 35.28 35.28 35.28 35.28 35.28 35.28 35.28 35.28 66.10 114.47 78.33 60.31 46.48 36.52 32.39
90.45 174.20 174.20 174.20 148.85 174.20 174.20 174.20 174.20 174.20 174.20 97.74 70.73 143.27 66.79 52.26 52.26 75.89 152.35 174.20 138.35 81.98 46.46 51.87
129.54 249.50 249.50 249.50 202.15 249.50 249.50 249.50 249.50 249.50 249.50 139.96 96.96 202.25 92.70 74.85 74.85 109.23 218.77 249.50 198.16 117.41 66.55 74.29
30.00 30.00 30.00 30.00 30.00 30.00 30.00 30.00 30.00 30.00 40.31 30.00 30.00 30.00 30.00 73.62 30.00 30.00 30.00 30.00 28.67 16.98 9.72 8.17
44.10 44.10 44.10 44.10 44.10 44.10 44.10 44.10 44.10 44.10 65.03 44.10 44.10 44.10 44.10 108.35 44.10 44.10 44.10 44.10 42.15 24.97 14.28 12.01
0.00 0.00 0.00 0.00 2.82 2.07 2.96 5.00 10.19 20.51 38.03 36.28 34.82 33.56 31.35 29.74 34.57 70.29 85.20 85.00 74.23 74.19 127.65 96.41
0.00 0.00 0.00 0.00 0.00 0.00 0.00 0.00 0.00 0.00 0.00 0.00 0.00 0.00 0.00 0.00 0.00 0.00 0.00 0.00 0.00 0.00 0.00 0.00
0.00 0.00 0.00 0.00 3.89 2.95 3.96 6.70 13.65 27.48 50.96 48.62 46.66 44.97 42.01 39.85 43.95 92.02 114.17 115.18 98.92 96.46 171.04 129.18
0.00 0.00 0.00 1.21 2.79 3.25 3.75 4.32 5.74 7.49 9.60 12.75 16.62 21.33 20.75 20.21 19.61 19.49 19.67 19.94 20.61 21.38 22.27 29.02
6.04 17.68 16.94 19.05 24.55 27.51 32.44 29.02 17.44 27.47 43.47 43.43 44.06 44.94 38.42 54.29 62.22 32.99 40.87 44.94 66.28 85.62 60.50 70.68
250.60 250.60 250.60 250.60 250.60 250.60 250.60 250.60 250.60 250.60 250.60 183.82 127.23 85.31 77.65 71.94 69.27 47.74 34.15 26.67 0.00 0.00 10.23 18.60
230.00 230.00 230.00 230.00 230.00 230.00 230.00 230.00 230.00 230.00 230.00 230.00 230.00 230.00 219.57 201.59 193.79 207.37 222.16 230.00 138.07 71.20 30.70 28.11
40.73 96.32 71.92 49.82 64.20 107.65 167.34 108.39 41.83 78.23 145.68 164.86 189.24 219.45 220.15 228.03 238.50 238.50 176.17 71.55 60.02 45.18 33.79 41.50
2.04 9.53 9.10 9.48 10.70 12.86 15.50 18.62 22.89 28.04 56.19 100.00 56.25 100.00 56.12 30.00 30.00 30.00 30.00 26.62 17.00 10.44 15.42 7.49
268.00 268.00 268.00 268.00 268.00 268.00 268.00 268.00 268.00 243.76 195.02 125.29 75.50 43.08 33.61 27.84 25.21 18.63 16.82 19.35 5.32 7.23 28.36 48.07
250.00 250.00 250.00 250.00 250.00 250.00 250.00 237.53 192.06 153.55 120.54 75.91 43.98 23.00 17.69 15.60 16.47 15.57 15.34 15.68 5.34 5.41 15.79 20.43
0.00 0.00 0.00 0.00 0.00 0.00 0.00 0.00 0.00 0.00 0.00 0.00 0.00 0.00 0.00 0.00 0.00 0.00 0.00 0.00 0.00 0.00 0.00 0.00
14.06 25.60 39.45 48.75 48.75 48.75 48.75 48.75 48.75 48.75 91.77 162.50 162.50 162.50 162.50 162.50 162.50 162.50 121.92 60.56 64.72 68.89 43.35 21.90
185.40 185.40 185.40 185.40 185.40 185.40 185.40 185.40 185.40 185.40 104.02 160.49 185.40 104.55 130.61 142.89 146.36 179.29 153.08 132.80 83.30 50.71 31.25 23.94
0.00 0.00 0.00 0.00 0.00 0.00 0.00 0.00 0.00 0.00 0.00 0.00 0.00 0.00 0.00 0.00 0.00 0.00 0.00 0.00 0.00 0.00 0.00 0.00
332.60 332.60 332.60 332.60 332.60 332.60 332.60 332.60 332.60 332.60 332.60 332.60 332.60 326.46 287.85 252.72 219.62 134.98 77.70 42.13 24.76 14.64 9.93 9.65
176.50 176.50 176.50 176.50 176.50 176.50 176.50 176.50 176.50 130.37 52.95 52.95 52.95 52.95 52.95 52.95 52.95 52.95 98.98 176.50 156.76 116.08 85.99 80.23
0.00 0.00 2.23 5.75 11.79 17.34 24.47 33.41 39.00 39.00 39.00 56.82 113.69 73.53 130.00 130.00 130.00 130.00 130.00 130.00 130.00 117.59 96.05 79.38
0.00 53.03 92.60 171.27 304.45 395.39 510.32 649.64 673.80 404.71 238.40 257.10 257.10 257.10 257.10 257.10 257.10 257.10 250.46 169.39 254.68 385.16 334.68 374.32
0.00 81.80 115.14 219.08 372.92 497.04 652.65 840.25 875.39 932.43 989.35 545.80 317.40 317.40 317.40 317.40 317.40 317.40 317.40 246.43 198.80 197.90 358.07 490.06
65.45 236.48 271.22 312.52 360.51 380.16 402.65 424.27 528.78 539.94 539.94 895.48 539.95 539.94 745.19 539.94 539.94 539.94 539.94 539.94 635.21 254.46 167.26 172.96
0.00 0.00 0.00 0.00 0.00 0.00 0.00 0.00 0.00 5.53 12.63 30.69 66.99 259.04 121.16 131.35 114.79 120.31 125.55 131.27 126.13 123.81 124.20 118.83
0.00 7.04 0.00 0.00 0.00 0.00 0.00 0.00 5.47 10.26 28.76 81.11 254.88 448.64 410.57 379.88 209.38 196.10 132.92 147.64 142.40 139.73 138.94 122.50
0.00 0.00 0.00 0.00 2.46 3.77 6.48 11.24 17.55 31.48 56.05 55.66 55.97 57.21 52.65 48.92 46.20 41.46 39.99 41.64 98.55 218.22 260.00 202.10
0.00 0.00 0.00 0.00 5.43 7.37 10.70 15.96 21.13 32.22 50.70 58.47 69.73 85.34 73.55 64.74 58.11 50.50 48.32 51.09 67.04 85.60 107.92 87.48
0.00 0.71 0.00 0.00 0.00 0.00 0.00 0.00 0.55 1.03 3.14 9.66 25.59 45.04 41.21 38.13 24.66 19.95 13.34 14.82 14.29 14.03 13.95 12.30
0.00 0.00 0.00 0.00 4.74 7.25 12.47 21.61 33.74 60.53 107.80 107.05 107.64 110.02 101.24 94.08 88.85 79.73 76.90 80.09 189.44 419.66 500.00 388.64
9.90 6.71 0.00 0.00 8.77 12.02 17.01 23.95 25.75 29.86 36.93 42.05 49.34 59.06 56.57 54.53 53.04 48.43 55.29 74.81 71.35 74.75 175.88 102.07
0.00 0.00 0.00 0.00 13.23 16.55 20.40 25.06 29.35 35.90 44.97 57.38 73.27 92.66 85.69 79.32 73.58 70.96 73.86 81.80 89.45 99.90 112.59 134.19
3.91 11.45 10.97 12.34 15.89 17.82 21.01 18.79 11.29 17.79 28.15 28.12 28.53 29.10 24.88 34.72 39.67 21.36 26.47 29.10 40.39 53.62 39.17 45.77
4.80 14.07 13.48 15.16 19.53 21.89 25.82 23.09 13.88 21.86 34.59 34.56 35.06 35.76 30.57 42.94 49.15 26.25 32.52 35.76 51.08 66.94 48.14 56.24
579.00 579.00 579.00 579.00 579.00 579.00 579.00 579.00 579.00 579.00 324.69 542.91 579.00 325.32 454.05 466.38 395.58 559.91 478.06 414.72 260.16 158.37 97.59 74.77
480.32 281.35 400.13 321.97 150.39 364.92 484.95 270.16 490.05 281.31 501.30 281.17 150.39 150.39 150.39 150.39 150.39 150.39 150.39 150.39 122.30 146.25 167.54 136.07
746.40 746.40 746.39 746.40 746.40 746.40 746.40 746.40 746.40 746.40 418.54 708.99 746.40 419.18 605.65 614.30 493.67 721.80 616.27 534.62 335.37 204.16 125.81 96.38
1039.00 1039.00 1038.99 1039.00 1039.00 1039.00 1039.00 1039.00 1039.00 1039.00 582.57 1000.33 1039.00 583.24 880.86 881.73 661.83 1004.76 857.86 744.21 466.85 284.19 175.13 134.17
264.60 264.60 264.60 264.60 264.60 264.60 264.60 264.60 264.60 264.60 264.60 264.60 264.60 378.16 264.60 264.60 604.22 264.60 264.60 264.60 541.43 333.17 82.34 66.96
4.10 16.79 10.56 13.51 16.83 16.39 15.60 36.34 13.54 16.47 33.13 45.23 56.10 56.10 56.10 56.10 56.10 56.10 41.41 16.83 16.83 12.70 9.52 11.83
