86.17 93.88 52.82 27.81 14.84 0.00 0.00 0.00 11.88 18.43 23.84 23.69 53.15 112.90 152.06 192.99 332.00 284.63 332.94 615.51 643.30 643.30 643.30 643.30
104.51 113.86 64.06 33.73 18.00 0.00 0.00 0.00 14.79 22.88 29.54 28.73 64.46 136.92 184.43 234.06 419.03 342.76 405.43 748.14 780.20 780.20 780.20 780.20
22.49 40.17 39.56 39.21 34.96 35.46 32.75 30.74 41.43 55.22 72.01 60.48 46.17 90.35 42.61 32.64 32.64 47.20 94.93 108.80 108.80 108.80 108.80 108.80
39.78 71.07 69.99 69.38 57.78 62.74 57.94 54.38 73.30 97.71 127.40 106.97 77.30 157.79 73.27 57.75 57.75 83.96 168.46 192.50 192.50 192.50 192.50 192.50
10.70 25.99 11.51 11.49 11.45 10.51 9.60 21.47 8.86 11.87 25.44 46.00 79.20 125.00 125.00 125.00 125.00 125.00 92.34 37.50 37.50 37.50 37.50 37.50
28.48 45.40 48.10 50.80 53.97 53.29 54.35 41.88 22.72 29.54 34.80 34.80 34.80 34.80 34.80 58.96 82.36 34.80 34.80 34.80 60.50 111.37 116.00 116.00
11.35 27.67 12.20 12.18 12.13 11.14 10.17 22.76 9.39 12.60 26.98 48.90 83.95 132.50 132.50 132.50 132.50 132.50 97.89 39.75 39.75 39.75 39.75 39.75
18.02 45.23 19.38 19.35 19.27 17.69 16.15 36.16 14.91 20.12 43.02 79.64 133.38 210.50 210.50 210.50 210.50 210.50 155.55 63.15 63.15 63.15 63.15 63.15
153.42 181.51 214.48 214.52 214.83 151.28 58.56 55.85 64.10 72.95 82.78 317.17 623.00 623.00 623.00 623.00 623.00 623.00 460.54 186.90 186.90 186.90 356.65 623.00
11.00 58.64 54.19 50.34 46.82 48.47 50.72 54.04 29.27 15.00 14.73 27.46 46.03 51.00 51.00 51.00 51.00 95.49 170.00 170.00 170.00 170.00 165.29 170.00
12.94 68.99 63.76 59.23 55.08 57.02 59.67 63.57 34.40 17.64 17.33 32.30 54.16 60.00 60.00 60.00 60.00 112.31 200.00 200.00 200.00 200.00 194.45 200.00
5.78 5.31 4.76 4.34 4.12 2.88 1.91 1.19 3.13 6.59 12.03 21.02 34.48 41.40 41.40 41.40 41.40 41.40 41.40 41.40 41.40 41.40 41.40 41.40
2.19 3.67 3.50 3.33 3.19 2.66 2.21 1.80 1.94 3.97 7.80 16.20 29.25 34.00 19.16 34.00 34.00 19.11 10.20 12.55 10.20 10.20 10.20 10.20
24.18 22.24 21.26 20.18 19.29 18.33 17.48 16.75 16.76 16.77 27.36 28.39 45.22 64.49 72.03 80.22 55.44 51.76 38.84 45.74 43.08 41.12 40.15 31.82
35.36 75.00 75.25 76.04 77.02 70.69 65.69 61.54 48.98 21.99 24.61 44.03 60.00 60.00 60.00 60.00 60.00 60.00 60.00 60.00 84.70 172.48 200.00 200.00
26.73 56.70 56.89 57.49 58.23 53.44 49.66 46.52 36.98 16.63 18.60 33.29 45.36 45.36 45.36 45.36 45.36 45.36 45.36 45.36 64.30 130.65 151.20 151.20
15.47 32.81 32.92 33.27 33.70 30.93 28.74 26.92 21.33 9.62 10.77 19.26 26.25 26.25 26.25 26.25 26.25 26.25 26.25 26.25 37.43 75.79 87.50 87.50
25.02 53.06 53.24 53.80 54.49 50.01 46.48 43.54 34.60 15.56 17.41 31.15 42.45 42.45 42.45 42.45 42.45 42.45 42.45 42.45 60.23 122.31 141.50 141.50
32.71 69.38 69.61 70.34 71.25 65.39 60.77 56.92 45.29 20.34 22.76 40.73 55.50 55.50 55.50 55.50 55.50 55.50 55.50 55.50 78.45 159.64 185.00 185.00
23.07 48.94 49.10 49.62 50.26 46.12 42.87 40.16 31.89 14.35 16.06 28.73 39.15 39.15 39.15 39.15 39.15 39.15 39.15 39.15 55.60 112.85 130.50 130.50
51.45 109.13 109.49 110.64 112.07 102.85 95.59 89.54 71.35 32.00 35.81 64.06 87.30 87.30 87.30 87.30 87.30 87.30 87.30 87.30 122.29 250.05 291.00 291.00
0.00 0.00 0.00 0.00 0.00 0.00 0.00 0.00 0.00 0.00 0.00 0.00 0.00 0.00 0.00 0.00 0.00 0.00 0.00 0.00 0.00 0.00 0.00 0.00
28.41 71.74 71.58 71.67 72.51 65.90 59.58 53.84 45.36 66.82 51.64 40.82 51.18 51.18 51.18 51.18 51.18 51.18 51.18 51.18 95.98 170.60 170.60 170.60
27.31 68.96 68.81 68.90 69.70 63.35 57.27 51.76 43.77 63.83 49.40 39.24 49.20 49.20 49.20 49.20 49.20 49.20 49.20 49.20 92.28 164.00 164.00 164.00
36.67 92.59 92.39 92.51 93.59 85.06 76.90 69.50 57.12 89.59 68.60 52.69 66.06 66.06 66.06 66.06 66.06 66.06 66.06 66.06 123.80 220.20 220.20 220.20
130.83 330.30 329.56 330.02 333.84 303.43 274.31 247.91 179.05 336.66 254.14 187.94 235.65 235.65 235.65 235.65 235.65 235.65 235.65 235.65 440.78 785.50 785.50 785.50
47.05 118.79 118.52 118.69 120.06 109.13 98.65 89.16 71.65 118.45 90.04 67.59 84.75 84.75 84.75 84.75 84.75 84.75 84.75 84.75 158.74 282.50 282.50 282.50
10.75 12.15 3.29 2.07 2.81 0.00 0.00 0.00 0.00 0.00 0.00 7.88 28.52 63.09 67.51 75.48 87.00 66.26 49.76 36.93 42.40 49.20 57.43 57.78
4.65 10.30 9.89 9.53 9.26 8.68 8.25 8.01 9.83 12.06 14.81 26.65 29.88 29.88 31.39 29.88 29.88 29.88 29.88 29.88 31.77 29.88 29.49 29.88
28.57 63.37 60.80 58.58 56.96 53.38 50.76 49.26 60.43 74.14 91.06 195.85 183.76 183.75 210.51 183.75 183.75 183.75 183.75 183.75 229.39 183.75 181.34 183.75
4.67 4.29 4.10 3.89 3.72 3.54 3.37 3.23 3.23 3.24 5.62 6.09 8.73 12.45 13.90 15.48 12.16 10.53 7.50 8.83 8.31 7.94 7.75 6.14
5.18 8.69 8.28 7.89 7.55 6.30 5.22 4.27 4.60 9.39 18.47 38.36 69.27 80.50 45.25 80.50 80.50 45.19 24.15 35.91 24.15 24.15 24.15 24.15
4.51 7.55 7.20 6.86 6.56 5.48 4.54 3.71 4.00 8.16 16.06 33.35 60.23 70.00 39.36 70.00 70.00 39.30 21.00 30.13 21.00 21.00 21.00 21.00
0.84 1.40 1.34 1.27 1.22 1.02 0.84 0.69 0.74 1.52 2.98 6.19 11.19 13.00 7.37 13.00 13.00 7.33 3.90 4.30 3.90 3.90 3.90 3.90
8.14 28.74 35.75 51.35 74.54 73.94 74.19 74.99 72.05 64.83 57.45 35.76 32.26 39.74 45.94 53.27 60.00 60.00 60.00 59.61 52.52 64.24 115.20 152.00
77.65 127.29 122.99 118.89 114.35 116.92 118.75 120.87 171.48 235.12 314.29 338.60 338.60 338.60 338.60 338.60 338.60 338.60 338.60 338.60 338.60 338.60 338.60 338.60
26.27 35.79 38.01 31.58 17.75 36.94 41.82 20.21 41.80 27.48 53.93 51.22 42.86 45.00 45.00 45.00 45.00 45.00 45.00 45.00 45.00 84.18 149.99 150.00
26.27 35.79 38.01 31.58 17.75 36.94 41.82 20.21 41.80 27.48 53.93 51.22 42.86 45.00 45.00 45.00 45.00 45.00 45.00 45.00 45.00 84.18 149.99 150.00
1.75 2.45 2.03 1.62 1.18 1.78 1.66 0.83 2.16 1.87 3.60 3.45 2.86 3.00 3.00 3.00 3.00 3.00 3.00 3.00 3.00 5.66 10.00 10.00
12.94 68.99 63.76 59.23 55.08 57.02 59.67 63.57 34.40 17.64 17.33 32.30 54.16 60.00 60.00 60.00 60.00 112.31 200.00 200.00 200.00 200.00 194.45 200.00
7.61 40.56 37.49 34.83 32.39 33.53 35.09 37.38 20.30 10.37 10.19 18.99 31.84 35.28 35.28 35.28 35.28 66.10 117.60 117.60 117.60 117.60 114.34 117.60
36.00 64.31 63.34 62.78 53.02 56.77 52.43 49.21 66.34 88.42 115.29 96.80 70.73 143.27 66.79 52.26 52.26 75.89 152.35 174.20 174.20 174.20 174.20 174.20
51.56 92.11 90.72 89.92 72.00 81.32 75.09 70.49 95.01 126.64 165.12 138.62 96.96 202.25 92.70 74.85 74.85 109.23 218.77 249.50 249.50 249.50 249.50 249.50
5.25 10.02 9.87 9.73 9.62 9.08 8.66 8.40 7.94 7.76 10.51 16.58 30.00 30.00 30.00 73.62 30.00 30.00 30.00 30.00 30.00 30.00 30.00 30.00
7.72 14.73 14.50 14.30 14.14 13.34 12.72 12.35 11.67 11.40 16.95 24.37 44.10 44.10 44.10 108.35 44.10 44.10 44.10 44.10 44.10 44.10 44.10 44.10
22.54 22.63 13.83 4.52 3.69 1.23 0.00 0.00 1.20 2.23 3.74 3.70 6.83 14.84 23.12 34.21 50.50 111.85 139.80 135.62 103.80 91.59 139.80 139.80
0.00 0.00 0.00 0.00 0.00 0.00 0.00 0.00 0.00 0.00 0.00 0.00 0.00 0.00 0.00 0.00 0.00 0.00 0.00 0.00 0.00 0.00 0.00 0.00
30.21 30.32 18.54 6.05 5.09 1.76 0.00 0.00 1.61 2.99 5.01 4.96 9.15 19.89 30.99 45.85 64.20 146.43 187.33 183.78 138.32 119.08 187.33 187.33
7.42 7.54 6.38 5.37 4.53 3.51 2.68 1.99 4.75 9.36 16.29 28.08 44.98 45.90 45.90 45.90 45.90 45.90 45.90 45.90 45.90 45.90 45.90 45.90
36.78 58.63 62.12 65.61 69.70 68.82 70.19 54.09 29.34 38.15 44.94 44.94 44.94 44.94 44.94 76.67 107.25 44.94 44.94 44.94 80.98 146.70 149.80 149.80
57.47 94.20 91.02 87.99 84.63 86.53 87.89 89.46 126.91 174.01 232.61 250.60 250.60 250.60 250.60 250.60 250.60 250.60 250.60 250.60 250.60 250.60 250.60 250.60
77.21 95.78 96.11 96.97 98.21 92.72 88.41 85.51 88.33 94.15 102.88 182.64 230.00 230.00 230.00 230.00 230.00 230.00 230.00 230.00 230.00 230.00 230.00 230.00
53.01 77.98 43.02 22.16 21.54 36.54 57.83 38.01 12.47 18.90 27.49 50.33 93.06 161.73 234.17 238.50 238.50 238.50 176.17 71.55 71.55 71.55 71.55 71.55
4.32 12.14 11.32 10.85 10.68 9.64 8.68 7.83 7.17 6.58 11.32 36.63 34.24 94.35 56.12 30.00 30.00 30.00 30.00 30.00 30.00 28.02 50.11 20.28
62.80 90.91 86.39 82.51 78.90 80.04 81.22 83.27 102.52 125.20 150.53 268.00 268.00 268.00 268.00 268.00 268.00 268.00 268.00 268.00 268.00 268.00 268.00 268.00
52.78 60.04 57.26 54.66 52.64 51.43 50.48 50.19 61.00 73.33 87.36 141.87 214.92 250.00 250.00 250.00 250.00 250.00 250.00 250.00 250.00 250.00 181.45 223.60
0.00 0.00 0.00 0.00 0.00 0.00 0.00 0.00 0.00 0.00 0.00 0.00 0.00 0.00 0.00 0.00 0.00 0.00 0.00 0.00 0.00 0.00 0.00 0.00
2.88 3.09 2.10 1.37 0.00 0.00 0.00 0.00 0.00 0.00 3.43 21.04 50.60 99.77 113.31 130.92 154.22 121.69 95.06 73.94 72.66 72.60 43.59 21.72
38.39 69.16 65.15 60.95 57.24 52.92 49.45 46.42 55.12 66.58 45.74 111.49 185.40 104.55 130.61 142.89 146.36 185.40 185.40 185.40 185.40 185.40 157.38 162.94
0.00 0.00 0.00 0.00 0.00 0.00 0.00 0.00 0.00 0.00 0.00 0.00 0.00 0.00 0.00 0.00 0.00 0.00 0.00 0.00 0.00 0.00 0.00 0.00
34.48 71.16 50.64 34.38 22.10 24.16 26.58 29.62 35.59 43.94 55.04 130.83 256.32 332.60 332.60 332.60 332.60 332.60 332.60 332.60 332.60 289.08 200.87 182.93
9.92 63.06 63.41 64.99 67.79 67.03 66.38 66.12 70.77 55.62 24.23 36.59 52.52 52.95 52.95 52.95 52.95 52.95 98.98 176.50 176.50 176.50 176.50 176.50
2.21 2.47 0.00 0.00 0.00 0.00 0.00 0.00 0.00 0.00 0.00 3.35 18.75 26.11 50.89 56.99 65.17 50.34 38.42 29.18 37.83 48.19 60.59 43.28
21.02 95.79 138.49 211.90 327.01 324.67 322.76 323.05 304.23 161.90 82.69 107.43 137.37 171.86 198.85 230.06 257.10 256.69 246.61 237.86 394.75 656.63 609.98 703.91
43.04 152.03 175.52 271.64 394.30 391.13 392.44 396.72 381.13 365.12 339.29 233.81 170.66 210.20 243.01 281.79 317.40 317.40 317.40 315.34 277.85 298.16 573.12 804.09
83.94 186.21 178.65 172.13 167.38 156.86 149.17 144.75 177.57 217.84 267.56 748.62 539.95 539.94 745.19 539.94 539.94 539.94 539.94 539.94 868.95 539.94 532.87 539.94
34.39 28.73 25.33 22.52 20.45 17.52 14.93 12.62 14.55 16.61 18.86 14.41 17.81 61.71 38.78 54.25 58.72 68.45 79.10 90.83 102.57 115.89 130.93 106.22
58.00 53.36 51.00 48.41 46.26 43.97 41.94 40.17 40.20 40.23 63.95 63.29 108.47 154.71 172.78 192.44 126.78 127.90 93.16 109.73 103.34 98.63 96.32 76.34
18.01 7.18 6.10 5.18 4.47 2.98 1.89 0.00 2.85 5.67 9.90 12.93 26.21 55.42 77.14 78.00 78.00 78.00 78.00 78.00 145.89 260.00 260.00 260.00
20.82 14.33 13.22 12.14 11.21 7.52 4.80 0.00 5.65 9.92 15.82 26.61 55.84 112.32 139.48 171.72 171.72 171.72 171.72 171.72 171.72 171.72 165.78 136.63
5.82 5.36 5.12 4.86 4.64 4.41 4.21 4.03 4.04 4.04 6.98 7.53 10.89 15.53 17.34 19.32 14.93 13.01 9.35 11.01 10.37 9.90 9.67 7.66
33.73 13.80 11.72 9.95 8.60 5.73 3.64 0.00 5.48 10.90 19.04 24.87 50.41 106.58 148.34 150.00 150.00 150.00 150.00 150.00 280.44 500.00 500.00 500.00
73.48 56.17 50.66 47.28 46.22 37.81 30.77 24.82 48.75 85.12 136.54 201.94 291.49 326.40 326.40 326.40 326.40 326.40 326.40 326.40 326.40 326.40 678.68 326.40
37.31 34.23 30.69 27.97 26.57 18.58 12.34 7.70 20.18 42.53 77.57 135.61 222.43 267.06 267.06 267.06 267.06 267.06 267.06 267.06 267.06 267.06 267.06 267.06
23.82 37.96 40.22 42.48 45.13 44.56 45.45 35.02 19.00 24.70 29.10 29.10 29.10 29.10 29.10 49.03 68.38 29.10 29.10 29.10 49.35 91.87 97.00 97.00
29.27 46.65 49.43 52.21 55.46 54.76 55.85 43.03 23.35 30.36 35.76 35.76 35.76 35.76 35.76 60.63 84.71 35.76 35.76 35.76 62.41 114.69 119.20 119.20
119.90 215.97 203.45 190.34 178.77 165.26 154.42 144.96 172.13 207.91 142.79 377.15 579.00 325.32 454.05 466.38 395.58 578.99 579.00 579.00 579.00 579.00 491.50 508.87
87.79 119.36 163.96 129.01 59.33 126.97 147.57 71.90 144.71 91.71 180.23 171.05 143.23 150.39 150.39 150.39 150.39 150.39 150.39 150.39 150.39 281.15 501.30 501.30
154.57 278.42 262.27 245.37 230.46 213.04 199.07 186.87 221.89 268.03 184.06 492.53 746.40 419.18 605.65 614.30 493.67 746.39 746.40 746.40 746.40 746.40 633.60 656.00
215.16 387.56 365.09 341.56 320.81 296.56 277.11 260.13 308.88 373.10 256.20 694.93 1039.00 583.24 880.86 881.73 661.83 1038.99 1039.00 1039.00 1039.00 1039.00 881.99 913.16
52.27 107.04 102.68 99.77 98.26 81.36 66.57 53.94 58.64 63.96 69.35 129.28 217.11 378.16 264.60 264.60 604.22 264.60 264.60 264.60 651.99 651.69 258.49 264.60
4.80 10.73 5.17 5.16 5.14 4.72 4.31 9.63 3.98 5.29 11.34 20.06 35.55 56.10 56.10 56.10 56.10 56.10 41.41 16.83 16.83 16.83 16.83 16.83
