643.30 643.30 643.30 643.30 643.30 643.30 643.30 643.30 605.38 475.02 349.46 192.99 192.99 192.99 192.99 192.99 332.00 284.63 332.94 615.51 643.30 643.30 643.30 643.30
780.20 780.20 780.20 780.20 780.20 780.20 780.20 780.20 753.44 589.85 433.01 234.06 234.06 234.06 234.06 234.06 419.03 342.76 405.43 748.14 780.20 780.20 780.20 780.20
56.72 82.21 101.11 108.80 98.16 101.33 71.02 54.72 80.45 108.80 108.80 61.07 46.17 90.35 42.61 32.64 32.64 47.20 94.93 108.80 108.80 103.37 49.11 34.83
100.35 145.46 178.89 192.50 162.22 179.28 125.66 96.82 142.34 192.50 192.50 108.00 77.30 157.79 73.27 57.75 57.75 83.96 168.46 192.50 192.50 182.90 86.88 61.63
2.76 4.55 1.82 1.68 1.55 3.76 7.99 36.67 37.22 49.31 103.87 119.91 125.00 125.00 125.00 125.00 125.00 125.00 92.34 37.50 37.50 32.10 12.56 10.08
116.00 116.00 116.00 116.00 116.00 116.00 116.00 85.72 34.80 34.80 34.80 24.25 14.55 28.53 22.48 30.63 36.13 15.75 16.40 17.08 22.14 32.22 29.42 10.11
2.92 4.84 1.93 1.78 1.64 3.99 8.47 38.88 39.45 52.32 110.17 127.48 132.50 132.50 132.50 132.50 132.50 132.50 97.89 39.75 39.75 34.02 13.31 10.68
4.64 7.92 3.07 2.82 2.60 6.34 13.45 61.78 62.67 83.57 175.67 207.62 210.50 210.50 210.50 210.50 210.50 210.50 155.55 63.15 63.15 54.05 21.15 16.97
99.64 64.82 91.33 108.11 127.78 117.94 66.41 95.40 186.90 186.90 186.90 460.54 623.00 623.00 623.00 623.00 623.00 623.00 460.54 186.90 186.90 174.44 141.47 189.48
170.00 170.00 170.00 170.00 170.00 170.00 170.00 170.00 96.01 51.00 51.00 51.00 51.00 51.00 51.00 51.00 51.00 95.49 170.00 170.00 170.00 140.93 107.23 102.25
200.00 200.00 200.00 200.00 200.00 200.00 200.00 200.00 112.86 60.00 60.00 60.00 60.00 60.00 60.00 60.00 60.00 112.31 200.00 200.00 200.00 165.80 126.15 120.30
41.40 41.40 41.40 41.40 38.94 41.40 41.40 41.40 41.40 41.40 41.40 41.40 41.40 41.40 41.40 41.40 41.40 41.40 41.40 41.40 41.40 41.40 23.15 19.65
10.20 10.20 10.20 10.20 10.20 10.20 10.20 10.20 10.20 19.12 34.00 33.99 34.00 34.00 19.16 34.00 34.00 19.11 10.20 12.55 10.20 8.55 4.40 3.23
65.28 65.28 65.28 65.28 65.28 62.19 58.35 54.89 65.28 65.28 106.28 144.48 217.60 217.60 185.28 111.32 39.60 19.17 7.36 4.64 1.69 1.55 4.10 6.15
200.00 200.00 200.00 200.00 200.00 200.00 200.00 197.41 147.17 60.00 60.00 60.00 60.00 60.00 60.00 60.00 60.00 60.00 60.00 60.00 84.70 147.02 92.46 68.20
151.20 151.20 151.20 151.20 151.20 151.20 151.20 149.24 111.12 45.36 45.36 45.36 45.36 45.36 45.36 45.36 45.36 45.36 45.36 45.36 64.30 111.36 69.90 51.56
87.50 87.50 87.50 87.50 87.50 87.50 87.50 86.37 64.10 26.25 26.25 26.25 26.25 26.25 26.25 26.25 26.25 26.25 26.25 26.25 37.43 64.60 40.45 29.84
141.50 141.50 141.50 141.50 141.50 141.50 141.50 139.67 103.96 42.45 42.45 42.45 42.45 42.45 42.45 42.45 42.45 42.45 42.45 42.45 60.23 104.26 65.41 48.25
185.00 185.00 185.00 185.00 185.00 185.00 185.00 182.60 136.09 55.50 55.50 55.50 55.50 55.50 55.50 55.50 55.50 55.50 55.50 55.50 78.45 136.08 85.52 63.09
130.50 130.50 130.50 130.50 130.50 130.50 130.50 128.81 95.84 39.15 39.15 39.15 39.15 39.15 39.15 39.15 39.15 39.15 39.15 39.15 55.60 96.19 60.33 44.50
291.00 291.00 291.00 291.00 291.00 291.00 291.00 287.23 214.40 87.30 87.30 87.30 87.30 87.30 87.30 87.30 87.30 87.30 87.30 87.30 122.29 213.14 134.53 99.23
0.00 0.00 0.00 0.00 0.00 0.00 0.00 0.00 0.00 0.00 0.00 0.00 0.00 0.00 0.00 0.00 0.00 0.00 0.00 0.00 0.00 0.00 0.00 0.00
170.60 170.60 170.60 170.60 170.60 170.60 170.60 170.60 123.33 155.83 103.48 51.18 51.18 51.18 51.18 51.18 51.18 51.18 51.18 51.18 95.98 133.61 78.73 63.00
164.00 164.00 164.00 164.00 164.00 164.00 164.00 164.00 119.02 148.85 99.00 49.20 49.20 49.20 49.20 49.20 49.20 49.20 49.20 49.20 92.28 128.44 75.69 60.56
220.20 220.20 220.20 220.20 220.20 220.20 220.20 220.20 155.30 208.93 137.47 66.06 66.06 66.06 66.06 66.06 66.06 66.06 66.06 66.06 123.80 172.45 101.63 81.32
785.50 785.50 785.50 785.50 785.50 785.50 785.50 785.50 486.84 785.09 509.29 235.65 235.65 235.65 235.65 235.65 235.65 235.65 235.65 235.65 440.78 615.18 362.52 290.08
282.50 282.50 282.50 282.50 282.50 282.50 282.50 282.50 194.81 276.23 180.45 84.75 84.75 84.75 84.75 84.75 84.75 84.75 84.75 84.75 158.74 221.24 130.38 104.32
67.44 88.63 36.00 36.00 84.17 36.00 36.00 36.00 36.00 36.00 88.65 96.29 120.00 120.00 120.00 120.00 120.00 120.00 120.00 120.00 120.00 120.00 120.00 120.00
29.88 29.88 29.88 29.88 29.88 29.88 29.88 29.88 29.88 29.88 29.88 31.88 29.88 29.88 31.39 29.88 29.88 29.88 29.88 29.88 24.90 14.41 8.20 6.21
183.75 183.75 183.75 183.75 183.75 183.75 183.75 183.75 183.75 183.75 183.75 234.28 183.76 183.75 210.51 183.75 183.75 183.75 183.75 183.75 179.77 88.60 50.40 38.16
12.60 12.60 12.60 12.60 12.60 12.00 11.26 10.60 12.60 12.60 21.85 31.00 42.00 42.00 35.76 21.49 8.68 3.90 1.42 0.90 0.33 0.30 0.79 1.19
24.15 24.15 24.15 24.15 24.15 24.15 24.15 24.15 24.15 45.20 80.50 80.49 80.50 80.50 45.25 80.50 80.50 45.19 24.15 35.91 24.15 20.23 10.43 7.66
21.00 21.00 21.00 21.00 21.00 21.00 21.00 21.00 21.00 39.31 70.00 69.99 70.00 70.00 39.36 70.00 70.00 39.30 21.00 30.13 21.00 17.60 9.07 6.66
3.90 3.90 3.90 3.90 3.90 3.90 3.90 3.90 3.90 7.33 13.00 12.99 13.00 13.00 7.37 13.00 13.00 7.33 3.90 4.30 3.90 3.27 1.68 1.24
200.00 200.00 195.26 200.00 200.00 200.00 200.00 200.00 200.00 186.24 171.07 83.48 60.00 60.00 60.00 51.63 27.02 21.96 19.79 20.44 6.66 3.37 9.65 0.00
338.60 338.60 338.60 323.71 236.64 167.78 117.87 83.56 199.75 338.60 338.60 338.60 338.60 338.60 338.60 338.60 338.60 338.60 338.60 338.60 338.60 338.60 204.00 195.11
150.00 84.36 92.76 78.82 45.00 106.15 137.43 75.93 141.55 84.30 150.00 84.20 45.00 45.00 45.00 45.00 45.00 45.00 45.00 45.00 45.00 54.08 56.57 43.84
150.00 84.36 92.76 78.82 45.00 106.15 137.43 75.93 141.55 84.30 150.00 84.20 45.00 45.00 45.00 45.00 45.00 45.00 45.00 45.00 45.00 54.08 56.57 43.84
10.00 5.76 4.96 4.05 3.00 5.11 5.45 3.11 7.33 5.73 10.00 5.66 3.00 3.00 3.00 3.00 3.00 3.00 3.00 3.00 3.00 3.64 3.77 2.92
200.00 200.00 200.00 200.00 200.00 200.00 200.00 200.00 112.86 60.00 60.00 60.00 60.00 60.00 60.00 60.00 60.00 112.31 200.00 200.00 200.00 165.80 126.15 120.30
117.60 117.60 117.60 117.60 117.60 117.60 117.60 117.60 66.59 35.28 35.28 35.28 35.28 35.28 35.28 35.28 35.28 66.10 117.60 117.60 117.60 97.49 74.18 70.73
90.81 131.63 161.88 174.20 148.85 162.24 113.71 87.62 128.81 174.20 174.20 97.74 70.73 143.27 66.79 52.26 52.26 75.89 152.35 174.20 174.20 165.51 78.62 55.77
130.07 188.53 231.85 249.50 202.15 232.37 162.86 125.49 184.49 249.50 249.50 139.96 96.96 202.25 92.70 74.85 74.85 109.23 218.77 249.50 249.50 237.05 112.61 79.87
30.00 30.00 30.00 30.00 30.00 30.00 30.00 20.36 30.00 30.00 40.31 30.00 30.00 30.00 30.00 73.62 30.00 30.00 30.00 30.00 30.00 25.36 12.93 9.03
44.10 44.10 44.10 44.10 44.10 44.10 44.10 29.93 44.10 44.10 65.03 44.10 44.10 44.10 44.10 108.35 44.10 44.10 44.10 44.10 44.10 37.27 19.00 13.28
139.80 139.80 139.80 78.86 111.41 50.43 41.94 41.94 41.94 41.94 41.94 41.94 41.94 41.94 41.94 41.94 50.50 111.85 139.80 135.62 103.80 91.59 139.80 139.80
0.00 0.00 0.00 0.00 0.00 0.00 0.00 0.00 0.00 0.00 0.00 0.00 0.00 0.00 0.00 0.00 0.00 0.00 0.00 0.00 0.00 0.00 0.00 0.00
187.33 187.32 187.33 105.53 153.69 71.85 56.20 56.20 56.20 56.20 56.20 56.20 56.20 56.20 56.20 56.20 64.20 146.43 187.33 183.78 138.32 119.08 187.33 187.33
45.90 45.90 45.90 45.90 45.90 45.90 45.90 45.90 45.90 45.90 45.90 45.90 45.90 45.90 45.90 45.90 45.90 45.90 45.90 45.90 45.90 45.90 41.70 34.04
149.80 149.80 149.80 149.80 149.80 149.80 149.80 110.71 44.94 44.94 44.94 31.32 18.79 36.84 29.02 39.83 47.05 20.33 21.18 22.05 29.64 42.44 38.00 13.05
250.60 250.60 250.60 239.58 175.14 124.18 87.23 61.84 147.84 250.60 250.60 250.60 250.60 250.60 250.60 250.60 250.60 250.60 250.60 250.60 250.60 250.60 150.98 144.40
88.14 79.75 70.53 63.42 58.22 56.91 55.96 55.62 111.57 205.23 230.00 230.00 230.00 230.00 230.00 230.00 230.00 230.00 230.00 230.00 230.00 230.00 101.79 72.81
38.06 48.98 27.36 14.34 14.22 37.13 89.43 88.44 71.55 133.82 238.50 238.50 238.50 238.50 238.50 238.50 238.50 238.50 176.17 71.55 71.55 64.89 24.69 16.63
30.00 30.00 30.00 30.00 30.00 30.00 30.00 30.00 30.00 30.00 56.19 100.00 56.25 100.00 48.68 21.16 17.00 16.59 16.20 15.79 9.05 4.59 4.74 1.15
184.76 173.75 162.42 155.01 151.33 127.21 110.03 99.11 90.37 81.83 74.48 148.42 267.31 268.00 268.00 268.00 268.00 268.00 268.00 268.00 268.00 268.00 165.30 152.85
144.98 151.53 133.25 118.88 108.38 82.30 62.60 48.65 69.17 96.16 129.72 250.00 250.00 250.00 250.00 250.00 250.00 250.00 250.00 250.00 250.00 250.00 110.39 95.37
0.00 0.00 0.00 0.00 0.00 0.00 0.00 0.00 0.00 0.00 0.00 0.00 0.00 0.00 0.00 0.00 0.00 0.00 0.00 0.00 0.00 0.00 0.00 0.00
48.75 48.75 48.75 48.75 48.75 48.75 48.75 48.75 48.75 48.75 91.77 162.50 162.50 162.50 162.50 162.50 162.50 162.50 162.50 162.50 162.50 151.41 44.00 25.31
185.40 185.40 185.40 185.40 185.40 185.40 185.40 185.40 185.40 185.40 104.02 160.49 185.40 104.55 130.61 142.89 146.36 185.40 185.40 185.40 185.40 178.78 103.07 101.44
0.00 0.00 0.00 0.00 0.00 0.00 0.00 0.00 0.00 0.00 0.00 0.00 0.00 0.00 0.00 0.00 0.00 0.00 0.00 0.00 0.00 0.00 0.00 0.00
332.60 332.60 332.60 332.60 332.60 332.60 332.60 332.60 332.60 332.60 332.60 332.60 332.60 332.60 332.60 332.60 332.60 332.60 332.60 332.60 332.60 261.07 195.82 190.95
176.50 176.50 176.50 176.50 176.50 176.50 176.50 176.50 176.50 130.37 52.95 52.95 52.95 52.95 52.95 52.95 52.95 52.95 98.98 176.50 176.50 134.55 96.71 77.67
39.00 95.96 39.00 39.00 39.00 39.00 39.00 39.00 39.00 39.00 39.00 56.82 113.69 73.53 130.00 130.00 130.00 130.00 130.00 130.00 129.78 76.19 40.25 34.64
857.00 857.00 857.00 857.00 857.00 857.00 857.00 857.00 856.99 480.72 257.10 257.10 257.10 257.10 257.10 257.10 158.84 117.33 92.95 83.23 43.13 23.23 40.66 0.00
1058.00 1058.00 958.56 1058.00 1058.00 1058.00 1058.00 1058.00 1058.00 1048.92 1010.31 545.80 317.40 317.40 317.40 273.14 142.92 116.18 104.66 108.15 35.25 15.62 48.01 0.00
539.94 539.94 539.94 539.94 539.94 539.94 539.94 539.94 539.94 539.94 539.94 895.48 539.95 539.94 745.19 539.94 539.94 539.94 539.94 539.94 680.98 260.34 148.10 112.13
159.03 159.03 159.03 159.03 159.03 159.03 159.03 159.03 159.03 159.03 159.03 159.03 159.03 319.85 159.05 179.56 159.03 159.03 159.03 159.03 149.50 84.60 45.26 40.51
156.60 156.60 156.60 156.60 156.60 149.19 139.98 131.68 156.60 156.60 248.36 322.11 522.00 522.00 444.48 267.04 90.57 47.37 17.65 11.14 4.06 3.71 9.83 14.76
164.49 78.00 78.01 78.00 78.00 78.00 78.00 78.00 78.00 78.00 78.00 78.00 78.00 0.00 0.00 78.00 78.00 78.00 78.00 78.00 145.89 260.00 236.86 213.71
171.72 171.72 171.72 168.70 148.34 168.71 171.72 171.72 171.72 171.72 171.72 171.72 171.72 171.72 171.72 171.72 171.72 171.72 171.72 171.72 171.72 169.21 82.12 71.49
15.72 15.72 15.72 15.72 15.72 14.98 14.05 13.22 15.72 15.72 27.11 38.35 52.40 52.40 44.62 26.81 10.67 4.82 1.77 1.12 0.41 0.37 0.99 1.48
308.16 150.01 150.01 150.00 150.00 150.00 150.00 150.00 150.00 150.00 150.00 150.00 150.00 0.00 0.00 150.00 150.00 150.00 150.00 150.00 280.44 500.00 455.49 410.99
326.40 326.40 326.40 326.40 323.85 326.40 326.40 326.40 326.40 326.40 326.40 326.40 326.40 326.40 326.40 326.40 326.40 326.40 326.40 326.40 326.40 256.86 303.22 134.57
267.06 267.06 267.06 267.06 251.16 267.06 267.06 267.06 267.06 267.06 267.06 267.06 267.06 267.06 267.06 267.06 267.06 267.06 267.06 267.06 267.06 267.06 149.31 126.77
97.00 97.00 97.00 97.00 97.00 97.00 97.00 71.67 29.10 29.10 29.10 20.28 12.17 23.85 18.79 25.47 30.00 13.17 13.72 14.28 18.06 26.58 24.60 8.45
119.20 119.20 119.20 119.20 119.20 119.20 119.20 88.09 35.76 35.76 35.76 24.92 14.95 29.31 23.10 31.50 37.16 16.18 16.86 17.55 22.84 33.18 30.23 10.39
579.00 579.00 579.00 579.00 579.00 579.00 579.00 579.00 579.00 579.00 324.69 542.91 579.00 325.32 454.05 466.38 395.58 578.99 579.00 579.00 579.00 558.33 321.87 316.78
501.30 281.35 400.13 321.97 150.39 364.92 484.95 270.16 490.05 281.31 501.30 281.17 150.39 150.39 150.39 150.39 150.39 150.39 150.39 150.39 150.39 180.62 189.05 146.51
746.40 746.40 746.39 746.40 746.40 746.40 746.40 746.40 746.40 746.40 418.54 708.99 746.40 419.18 605.65 614.30 493.67 746.39 746.40 746.40 746.40 719.75 414.93 408.37
1039.00 1039.00 1038.99 1039.00 1039.00 1039.00 1039.00 1039.00 1039.00 1039.00 582.57 1000.33 1039.00 583.24 880.86 881.73 661.83 1038.99 1039.00 1039.00 1039.00 1001.90 577.59 568.46
264.60 264.60 264.60 264.60 264.60 264.60 264.60 264.60 264.60 264.60 264.60 264.60 264.60 378.16 264.60 264.60 604.22 264.60 264.60 264.60 651.99 499.96 118.98 95.22
1.24 1.88 0.82 0.75 0.69 1.69 3.59 16.45 16.70 21.97 46.30 52.29 56.10 56.10 56.10 56.10 56.10 56.10 41.41 16.83 16.83 14.41 5.64 4.52
