416.03 388.16 415.08 450.99 493.84 392.07 307.68 237.00 298.82 307.09 289.38 192.99 192.99 192.99 192.99 192.99 332.00 284.63 332.94 615.51 643.30 643.30 643.30 643.30
504.56 470.77 503.41 546.96 598.93 475.51 373.15 287.44 371.90 381.32 358.57 234.06 234.06 234.06 234.06 234.06 419.03 342.76 405.43 748.14 780.20 780.20 780.20 780.20
94.78 70.61 74.92 79.53 76.70 76.43 78.85 91.77 106.63 108.80 108.80 61.07 46.17 90.35 0.00 0.00 0.00 0.00 0.00 0.00 0.00 0.00 0.00 0.00
167.69 124.93 132.55 140.71 126.76 135.23 139.51 162.37 188.65 192.50 192.50 108.00 77.30 157.79 0.00 0.00 0.00 0.00 0.00 0.00 0.00 0.00 0.00 0.00
37.50 84.11 37.50 37.50 37.50 37.50 37.57 92.33 37.50 49.31 103.87 119.91 125.00 125.00 125.00 125.00 0.00 125.00 92.34 37.50 37.50 37.50 37.50 37.50
116.00 116.00 116.00 116.00 116.00 116.00 116.00 85.72 34.80 34.80 34.80 34.80 34.80 0.00 0.00 0.00 0.00 0.00 0.00 0.00 0.00 0.00 0.00 0.00
39.75 89.55 39.75 39.75 39.75 39.75 39.83 97.87 39.75 52.32 110.17 127.48 132.50 132.50 132.50 132.50 0.00 132.50 97.89 39.75 39.75 39.75 39.75 39.75
63.15 146.38 63.15 63.15 63.15 63.15 63.23 155.54 63.15 83.57 175.67 207.62 210.50 210.50 210.50 210.50 0.00 210.50 155.55 63.15 63.15 63.15 63.15 63.15
622.97 524.08 623.00 623.00 623.00 460.36 184.26 186.90 186.90 186.90 186.90 460.54 623.00 0.00 0.00 0.00 0.00 0.00 0.00 0.00 0.00 0.00 0.00 623.00
58.63 68.64 62.25 59.27 59.48 64.67 70.88 78.12 64.48 48.43 51.00 51.00 51.00 51.00 51.00 51.00 51.00 95.49 170.00 170.00 170.00 0.00 0.00 0.00
68.97 80.75 73.24 69.73 69.97 76.08 83.38 91.91 75.79 56.97 60.00 60.00 60.00 60.00 60.00 60.00 60.00 112.31 200.00 200.00 200.00 0.00 0.00 0.00
13.66 11.36 12.20 13.44 15.13 15.99 17.18 18.60 27.84 39.76 41.40 41.40 41.40 41.40 41.40 41.40 41.40 41.40 41.40 41.40 41.40 41.40 41.40 41.40
2.26 1.31 1.63 2.00 2.44 1.96 1.72 1.68 2.43 6.34 15.21 25.05 34.00 34.00 19.16 34.00 34.00 19.11 10.20 12.55 0.00 0.00 0.00 0.00
65.28 58.39 51.45 45.12 39.37 38.21 37.99 38.48 48.82 61.30 106.28 144.48 217.60 217.60 217.60 217.60 0.00 104.24 65.28 65.28 65.28 65.28 65.28 65.28
81.83 63.19 74.13 86.09 99.79 95.06 102.41 122.03 103.78 48.60 55.61 60.00 60.00 60.00 60.00 60.00 0.00 0.00 0.00 0.00 0.00 0.00 0.00 0.00
61.86 47.77 56.04 65.08 75.44 71.87 77.42 92.25 78.36 36.74 42.04 45.36 45.36 45.36 45.36 45.36 0.00 0.00 0.00 0.00 0.00 0.00 0.00 0.00
35.80 27.64 32.43 37.66 43.66 41.59 44.80 53.39 45.20 21.26 24.33 26.25 26.25 26.25 26.25 26.25 0.00 0.00 0.00 0.00 0.00 0.00 0.00 0.00
57.89 44.71 52.44 60.91 70.60 67.26 72.45 86.33 73.31 34.38 39.34 42.45 42.45 42.45 42.45 42.45 0.00 0.00 0.00 0.00 0.00 0.00 0.00 0.00
75.69 58.45 68.57 79.63 92.30 87.93 94.73 112.88 95.97 44.95 51.44 55.50 55.50 55.50 55.50 55.50 0.00 0.00 0.00 0.00 0.00 0.00 0.00 0.00
53.39 41.23 48.37 56.17 65.11 62.03 66.82 79.62 67.58 31.71 36.28 39.15 39.15 39.15 39.15 39.15 0.00 0.00 0.00 0.00 0.00 0.00 0.00 0.00
119.06 91.94 107.85 125.26 145.19 138.32 149.01 177.55 151.19 70.71 80.91 87.30 87.30 87.30 87.30 87.30 0.00 0.00 0.00 0.00 0.00 0.00 0.00 0.00
0.00 0.00 0.00 0.00 0.00 0.00 0.00 0.00 0.00 0.00 0.00 0.00 0.00 0.00 0.00 0.00 0.00 0.00 0.00 0.00 0.00 0.00 0.00 0.00
69.81 69.60 74.02 78.85 83.43 88.24 104.43 134.11 109.81 155.83 103.48 51.18 51.18 51.18 51.18 0.00 0.00 0.00 0.00 0.00 0.00 0.00 0.00 0.00
67.11 66.90 71.15 75.80 80.20 84.82 100.39 128.92 105.98 148.85 99.00 49.20 49.20 49.20 49.20 0.00 0.00 0.00 0.00 0.00 0.00 0.00 0.00 0.00
90.10 89.83 95.54 101.77 107.69 113.89 134.80 173.10 138.28 208.93 137.47 66.06 66.06 66.06 66.06 0.00 0.00 0.00 0.00 0.00 0.00 0.00 0.00 0.00
321.42 320.44 340.80 363.05 384.14 406.28 480.84 617.49 433.49 785.09 509.29 235.65 235.65 235.65 235.65 0.00 0.00 0.00 0.00 0.00 0.00 0.00 0.00 0.00
115.60 115.24 122.57 130.57 138.15 146.11 172.93 222.07 173.46 276.23 180.45 84.75 84.75 84.75 84.75 0.00 0.00 0.00 0.00 0.00 0.00 0.00 0.00 0.00
54.22 76.78 29.60 28.39 63.91 25.34 23.94 23.20 29.18 36.00 88.65 96.29 120.00 120.00 120.00 120.00 120.00 120.00 120.00 120.00 120.00 120.00 120.00 120.00
19.75 16.59 15.77 15.04 14.35 14.94 17.81 23.21 28.01 29.88 29.88 31.88 29.88 0.00 0.00 0.00 0.00 0.00 0.00 0.00 0.00 0.00 0.00 0.00
121.45 102.01 96.97 92.50 88.27 91.84 109.54 142.75 172.24 183.75 183.75 234.28 183.76 0.00 0.00 0.00 0.00 0.00 0.00 0.00 0.00 0.00 0.00 0.00
12.60 11.27 9.93 8.71 7.60 7.37 7.33 7.43 9.42 11.83 21.85 31.00 42.00 42.00 42.00 42.00 0.00 21.20 12.60 12.60 12.60 12.60 12.60 12.60
5.34 3.10 3.85 4.74 5.77 4.65 4.06 3.98 5.76 15.00 36.01 59.32 80.50 80.50 45.25 80.50 80.50 45.19 24.15 35.91 0.00 0.00 0.00 0.00
4.64 2.70 3.35 4.12 5.02 4.04 3.53 3.46 5.01 13.05 31.31 51.59 70.00 70.00 39.36 70.00 70.00 39.30 21.00 30.13 0.00 0.00 0.00 0.00
0.86 0.50 0.62 0.76 0.93 0.75 0.66 0.64 0.93 2.43 5.81 9.58 13.00 13.00 7.37 13.00 13.00 7.33 3.90 4.30 0.00 0.00 0.00 0.00
161.90 168.52 164.02 167.38 166.84 145.05 136.10 138.25 167.23 186.24 171.07 83.48 60.00 0.00 0.00 0.00 0.00 0.00 0.00 0.00 0.00 0.00 0.00 0.00
161.84 185.66 174.83 164.13 155.42 201.20 253.74 317.13 312.88 314.00 316.36 338.60 338.60 338.60 338.60 338.60 338.60 338.60 338.60 338.60 338.60 338.60 338.60 338.60
39.92 23.87 27.24 24.01 14.22 33.90 47.42 30.02 73.24 55.79 124.79 84.20 45.00 45.00 45.00 45.00 0.00 0.00 0.00 0.00 0.00 0.00 0.00 0.00
39.92 23.87 27.24 24.01 14.22 33.90 47.42 30.02 73.24 55.79 124.79 84.20 45.00 45.00 45.00 45.00 0.00 0.00 0.00 0.00 0.00 0.00 0.00 0.00
2.66 1.63 1.46 1.23 0.95 1.63 1.88 1.23 3.79 3.79 8.32 5.66 3.00 3.00 3.00 3.00 0.00 0.00 0.00 0.00 0.00 0.00 0.00 0.00
68.97 80.75 73.24 69.73 69.97 76.08 83.38 91.91 75.79 56.97 60.00 60.00 60.00 60.00 60.00 60.00 60.00 112.31 200.00 200.00 200.00 0.00 0.00 0.00
40.56 47.48 43.07 41.00 41.14 44.73 49.03 54.04 44.72 33.50 35.28 35.28 35.28 35.28 35.28 35.28 35.28 66.10 117.60 117.60 117.60 0.00 0.00 0.00
151.75 113.06 119.95 127.34 116.31 122.38 126.25 146.94 170.72 174.20 174.20 97.74 70.73 143.27 0.00 0.00 0.00 0.00 0.00 0.00 0.00 0.00 0.00 0.00
217.35 161.92 171.80 182.38 157.96 175.27 180.82 210.45 244.52 249.50 249.50 139.96 96.96 202.25 0.00 0.00 0.00 0.00 0.00 0.00 0.00 0.00 0.00 0.00
9.40 4.45 6.20 8.39 11.02 8.96 8.08 8.23 10.63 13.46 22.62 30.00 30.00 30.00 30.00 73.62 0.00 0.00 0.00 0.00 0.00 0.00 0.00 0.00
13.82 6.55 9.11 12.33 16.20 13.18 11.87 12.10 15.62 19.79 36.50 44.10 44.10 44.10 44.10 108.35 0.00 0.00 0.00 0.00 0.00 0.00 0.00 0.00
71.13 69.10 76.43 48.69 79.02 26.71 16.07 11.17 17.71 26.47 37.89 41.94 41.94 41.94 41.94 41.94 50.50 111.85 139.80 135.62 103.80 91.59 139.80 139.80
0.00 0.00 0.00 0.00 0.00 0.00 0.00 0.00 0.00 0.00 0.00 0.00 0.00 0.00 0.00 0.00 0.00 0.00 0.00 0.00 0.00 0.00 0.00 0.00
95.31 92.59 102.41 65.15 109.01 38.06 21.54 14.97 23.73 35.47 50.77 56.20 56.20 56.20 56.20 56.20 64.20 146.43 187.33 183.78 138.32 119.08 187.33 187.33
17.81 15.87 18.55 21.89 25.95 26.38 26.99 27.78 35.84 45.49 45.90 45.90 45.90 45.90 45.90 45.90 45.90 45.90 45.90 45.90 45.90 45.90 45.90 45.90
149.80 149.80 149.80 149.80 149.80 149.80 149.80 110.71 44.94 44.94 44.94 44.94 44.94 0.00 0.00 0.00 0.00 0.00 0.00 0.00 0.00 0.00 0.00 0.00
119.78 137.41 129.39 121.48 115.03 148.91 187.80 234.71 231.56 232.39 234.14 250.60 250.60 250.60 250.60 250.60 250.60 250.60 250.60 250.60 250.60 250.60 250.60 250.60
130.61 91.48 103.63 117.95 135.57 137.19 150.93 177.42 201.10 230.00 230.00 230.00 230.00 230.00 230.00 230.00 0.00 0.00 0.00 0.00 0.00 0.00 0.00 0.00
181.61 238.49 135.14 71.55 71.55 127.52 189.48 125.20 59.78 133.75 238.50 238.50 238.50 238.50 238.50 238.50 238.50 0.00 0.00 0.00 71.55 71.55 71.55 71.55
13.71 12.05 11.85 11.68 11.49 10.40 11.01 13.26 19.94 28.54 56.19 100.00 56.25 100.00 0.00 0.00 0.00 0.00 0.00 0.00 0.00 0.00 0.00 0.00
193.21 229.63 220.19 214.73 212.69 268.00 268.00 268.00 268.00 268.00 268.00 242.21 201.33 166.56 268.00 268.00 268.00 268.00 268.00 0.00 268.00 268.00 268.00 268.00
123.60 106.83 102.01 97.89 94.10 110.65 130.34 153.30 145.91 140.01 134.96 124.99 114.97 106.31 250.00 250.00 250.00 250.00 0.00 0.00 250.00 250.00 250.00 250.00
0.00 0.00 0.00 0.00 0.00 0.00 0.00 0.00 0.00 0.00 0.00 0.00 0.00 0.00 0.00 0.00 0.00 0.00 0.00 0.00 0.00 0.00 0.00 0.00
22.59 21.15 24.09 27.26 30.85 27.38 24.52 22.29 28.33 36.16 86.22 162.50 162.50 162.50 162.50 162.50 162.50 162.50 162.50 162.50 162.50 162.50 96.21 48.75
54.46 61.54 48.68 38.22 29.80 36.43 43.94 52.40 80.57 117.61 92.45 128.47 154.44 104.55 130.61 142.89 146.36 185.40 185.40 185.40 185.40 0.00 0.00 0.00
0.00 0.00 0.00 0.00 0.00 0.00 0.00 0.00 0.00 0.00 0.00 0.00 0.00 0.00 0.00 0.00 0.00 0.00 0.00 0.00 0.00 0.00 0.00 0.00
79.34 105.17 76.45 54.31 37.90 54.30 74.62 99.95 157.76 236.28 332.60 320.17 327.71 332.60 332.60 332.60 332.60 332.60 332.60 332.60 332.60 332.60 332.60 332.60
87.29 104.42 100.10 96.25 93.68 102.83 115.25 131.25 159.80 130.37 52.95 52.95 52.95 52.95 52.95 52.95 0.00 0.00 0.00 0.00 0.00 0.00 0.00 0.00
16.22 40.66 11.48 7.63 4.76 4.48 4.26 4.09 6.23 10.29 16.98 37.73 113.69 73.53 130.00 130.00 130.00 130.00 130.00 130.00 130.00 130.00 130.00 95.85
627.67 702.48 696.50 691.83 689.95 646.57 651.66 704.32 795.87 480.72 257.10 257.10 257.10 0.00 0.00 0.00 0.00 0.00 0.00 0.00 0.00 0.00 0.00 0.00
856.45 891.48 805.20 885.46 882.58 767.30 719.95 731.36 884.66 1048.92 1010.31 545.80 317.40 0.00 0.00 0.00 0.00 0.00 0.00 0.00 0.00 0.00 0.00 0.00
356.87 299.75 284.94 271.80 259.38 269.88 321.88 419.47 506.12 539.94 539.94 895.48 539.95 0.00 0.00 0.00 0.00 0.00 0.00 0.00 0.00 0.00 0.00 0.00
64.13 58.82 55.68 53.23 51.05 53.07 55.95 60.00 72.35 86.47 102.77 159.03 159.03 319.85 159.05 179.56 0.00 159.03 159.03 159.03 159.03 159.03 159.03 159.03
156.60 140.06 123.43 108.24 94.44 91.66 91.14 92.31 117.11 147.04 248.36 322.11 522.00 522.00 522.00 522.00 0.00 257.58 156.60 156.60 156.60 156.60 156.60 156.60
71.47 30.81 34.00 37.79 42.20 36.27 31.30 27.42 44.05 67.01 78.00 78.00 78.00 78.00 78.00 78.00 78.00 78.00 78.00 78.00 145.89 260.00 260.00 260.00
64.13 57.31 58.86 61.77 65.26 60.08 55.61 51.81 79.41 118.04 169.56 171.72 171.72 171.72 171.72 171.72 0.00 171.72 171.72 171.72 171.72 171.72 171.72 171.72
15.72 14.06 12.39 10.87 9.48 9.20 9.15 9.27 11.76 14.76 27.11 38.35 52.40 52.40 52.40 52.40 0.00 26.21 15.72 15.72 15.72 15.72 15.72 15.72
133.90 59.26 65.38 72.67 81.16 69.75 60.19 52.72 84.72 128.87 150.00 150.00 150.00 150.00 150.00 150.00 150.00 150.00 150.00 150.00 280.44 500.00 500.00 500.00
129.61 107.09 112.05 118.84 127.95 141.94 160.43 184.68 283.96 326.40 326.40 326.40 326.40 326.40 0.00 0.00 0.00 0.00 0.00 326.40 326.40 326.40 678.68 326.40
88.11 73.28 78.72 86.70 97.59 103.17 110.79 119.97 179.56 256.48 267.06 267.06 267.06 267.06 267.06 267.06 267.06 267.06 267.06 267.06 267.06 267.06 267.06 267.06
97.00 97.00 97.00 97.00 97.00 97.00 97.00 71.67 29.10 29.10 29.10 29.10 29.10 0.00 0.00 0.00 0.00 0.00 0.00 0.00 0.00 0.00 0.00 0.00
119.20 119.20 119.20 119.20 119.20 119.20 119.20 88.09 35.76 35.76 35.76 35.76 35.76 0.00 0.00 0.00 0.00 0.00 0.00 0.00 0.00 0.00 0.00 0.00
170.09 192.19 152.02 119.36 93.08 113.78 137.23 163.63 251.63 367.30 288.58 434.60 482.31 325.32 454.05 466.38 395.58 578.99 579.00 579.00 579.00 0.00 0.00 0.00
133.43 79.62 117.50 98.07 47.52 116.52 167.33 106.81 253.54 186.18 417.04 281.17 150.39 150.39 150.39 150.39 0.00 0.00 0.00 0.00 0.00 0.00 0.00 0.00
219.27 247.76 195.98 153.88 119.99 146.68 176.91 210.94 324.38 473.50 371.99 567.55 621.76 419.18 605.65 614.30 493.67 746.39 746.40 746.40 746.40 0.00 0.00 0.00
305.22 344.88 272.80 214.20 167.02 204.18 246.26 293.63 451.54 659.11 517.79 800.78 865.50 583.24 880.86 881.73 661.83 1038.99 1039.00 1039.00 1039.00 0.00 0.00 0.00
50.38 39.26 45.29 51.58 58.77 54.06 54.10 58.77 80.75 107.66 139.45 215.32 264.60 378.16 264.60 264.60 604.22 264.60 264.60 264.60 0.00 0.00 0.00 0.00
16.83 34.73 16.83 16.83 16.83 16.83 16.89 41.40 16.83 21.97 46.30 52.29 56.10 56.10 56.10 56.10 0.00 56.10 41.41 16.83 16.83 16.83 16.83 16.83
