21.65 13.15 0.00 0.00 0.00 0.00 0.00 18.34 25.91 30.77 33.61 28.47 50.36 89.28 87.17 85.11 142.48 87.59 74.19 103.03 111.37 117.82 127.46 124.37
26.26 15.95 0.00 0.00 0.00 0.00 0.00 22.24 32.25 38.21 41.65 34.53 61.08 108.28 105.72 103.22 179.82 105.48 90.35 125.23 135.07 142.89 154.58 150.84
42.80 42.90 47.12 54.84 60.32 68.45 70.70 73.74 93.79 108.80 108.80 61.07 46.17 90.35 42.61 32.64 32.64 47.20 86.01 45.72 39.59 36.88 37.81 38.44
75.72 75.90 83.37 97.03 99.69 121.11 125.08 130.47 165.95 192.50 192.50 108.00 77.30 157.79 73.27 57.75 57.75 83.96 152.63 80.89 70.05 65.25 66.90 68.02
9.83 30.27 14.89 16.79 19.39 24.34 30.23 90.74 37.50 49.31 103.87 119.91 125.00 125.00 125.00 125.00 125.00 125.00 76.53 13.58 13.16 13.27 14.02 14.23
34.30 34.67 34.24 33.73 33.57 29.84 27.33 19.46 6.82 7.17 8.91 16.56 29.91 34.80 34.80 58.96 82.36 34.80 34.80 22.67 31.04 47.10 43.11 37.90
10.42 32.23 15.79 17.80 20.55 25.80 32.04 96.19 39.75 52.32 110.17 127.48 132.50 132.50 132.50 132.50 132.50 132.50 81.12 14.39 13.94 14.07 14.86 15.08
16.56 52.68 25.08 28.27 32.65 40.99 50.88 152.87 63.15 83.57 175.67 207.62 210.50 210.50 210.50 210.50 210.50 210.50 128.91 22.87 22.15 22.35 23.60 23.96
233.06 216.73 277.26 311.81 362.43 284.85 122.44 130.26 164.48 186.90 186.90 460.54 623.00 623.00 623.00 623.00 623.00 623.00 404.73 73.02 74.11 78.53 163.61 282.94
41.08 35.78 20.08 10.68 5.76 4.73 7.73 16.69 8.03 3.58 2.98 4.14 7.50 14.01 10.89 9.80 10.48 9.95 7.34 0.00 0.00 0.00 0.00 4.04
48.33 42.10 23.63 12.56 6.78 5.56 9.09 19.63 9.43 4.21 3.51 4.88 8.82 16.48 12.81 11.54 12.32 11.71 8.63 0.00 0.00 0.00 0.00 4.75
0.00 0.00 0.00 0.00 0.00 0.00 0.00 0.00 0.00 0.00 0.00 1.85 6.22 14.84 8.27 6.85 9.72 5.59 2.91 1.33 0.00 0.00 1.09 2.16
2.43 2.03 1.93 2.10 2.55 2.70 2.91 3.20 3.57 7.52 14.96 16.71 21.02 28.34 16.42 30.05 31.18 12.15 4.30 3.36 1.44 0.65 0.23 0.21
4.43 4.13 4.08 4.03 3.97 1.95 0.00 0.00 0.00 0.00 0.00 9.32 53.00 136.29 174.80 217.60 134.72 96.03 42.12 27.97 24.38 23.67 25.91 18.07
71.72 70.84 65.29 66.29 74.11 73.20 74.55 78.41 72.10 36.17 43.94 54.58 60.00 60.00 60.00 60.00 60.00 60.00 38.59 23.06 19.11 20.58 10.77 6.99
54.22 53.56 49.36 50.12 56.03 55.34 56.36 59.28 54.44 27.35 33.22 41.26 45.36 45.36 45.36 45.36 45.36 45.36 29.17 17.43 14.51 15.59 8.14 5.29
31.38 30.99 28.57 29.00 32.42 32.02 32.61 34.31 31.40 15.83 19.22 23.88 26.25 26.25 26.25 26.25 26.25 26.25 16.88 10.09 8.44 9.04 4.71 3.06
50.74 50.12 46.20 46.90 52.43 51.79 52.74 55.48 50.93 25.59 31.09 38.62 42.45 42.45 42.45 42.45 42.45 42.45 27.30 16.31 13.59 14.60 7.62 4.95
66.34 65.53 60.40 61.32 68.55 67.71 68.96 72.53 66.67 33.46 40.64 50.49 55.50 55.50 55.50 55.50 55.50 55.50 35.70 21.33 17.70 19.05 9.96 6.47
46.80 46.23 42.60 43.25 48.36 47.76 48.64 51.16 46.95 23.60 28.67 35.61 39.15 39.15 39.15 39.15 39.15 39.15 25.18 15.04 12.54 13.47 7.03 4.56
104.35 103.08 95.00 96.45 107.83 106.50 108.47 114.09 105.03 52.63 63.93 79.41 87.30 87.30 87.30 87.30 87.30 87.30 56.15 33.55 27.59 29.84 15.67 10.18
0.00 0.00 0.00 0.00 0.00 0.00 0.00 0.00 0.00 0.00 0.00 0.00 0.00 0.00 0.00 0.00 0.00 0.00 0.00 0.00 0.00 0.00 0.00 0.00
60.89 58.05 52.77 52.75 58.48 56.33 56.19 57.57 50.76 76.97 60.90 37.80 51.18 51.18 51.18 51.18 51.18 44.92 29.56 18.38 23.72 27.69 17.44 12.74
58.53 55.80 50.73 50.71 56.22 54.15 54.01 55.34 48.99 73.52 58.27 36.33 49.20 49.20 49.20 49.20 49.20 43.19 28.42 17.67 22.80 26.62 16.76 12.25
78.59 74.93 68.11 68.09 75.49 72.70 72.52 74.31 63.92 103.19 80.91 48.78 66.06 66.06 66.06 66.06 66.06 57.98 38.16 23.72 30.59 35.75 22.51 16.45
280.34 267.28 242.97 242.90 269.28 259.35 258.70 265.08 200.38 387.76 299.74 174.02 235.65 235.65 235.65 235.65 235.65 206.84 136.11 84.63 108.93 127.51 80.29 58.68
100.82 96.12 87.38 87.36 96.84 93.27 93.04 95.33 80.18 136.43 106.20 62.59 84.75 84.75 84.75 84.75 84.75 74.39 48.95 30.44 39.23 45.86 28.88 21.10
15.70 18.98 7.74 7.80 18.38 6.63 5.93 5.67 3.79 2.39 3.49 0.00 2.54 10.52 5.74 3.01 0.00 0.00 0.00 0.00 0.00 0.00 2.45 0.00
9.54 9.12 8.84 9.03 9.73 9.76 10.09 10.82 12.71 14.86 17.26 25.56 29.88 29.88 31.39 29.88 29.88 29.88 22.79 11.82 7.73 4.42 2.93 2.50
58.67 56.07 54.35 55.52 59.86 60.01 62.07 66.57 78.14 91.37 106.15 187.87 183.76 183.75 210.51 183.75 183.75 183.75 140.13 72.66 55.78 27.17 18.02 15.36
0.85 0.80 0.79 0.78 0.77 0.38 0.00 0.00 0.00 0.00 0.00 2.00 10.23 26.31 33.74 42.00 29.54 19.53 8.13 5.40 4.71 4.57 5.00 3.49
5.76 4.80 4.58 4.98 6.04 6.40 6.88 7.57 8.45 17.77 35.42 39.56 49.77 67.10 38.77 71.15 73.83 28.72 10.18 9.62 3.41 1.54 0.55 0.49
5.01 4.18 3.98 4.33 5.26 5.57 5.99 6.59 7.35 15.46 30.80 34.40 43.28 58.35 33.72 61.87 64.20 24.98 8.85 8.07 2.97 1.34 0.48 0.42
0.93 0.78 0.74 0.80 0.98 1.03 1.11 1.22 1.36 2.88 5.72 6.39 8.04 10.83 6.31 11.49 11.92 4.66 1.64 1.15 0.55 0.25 0.09 0.08
67.41 68.88 66.66 67.66 67.14 81.18 97.38 115.58 125.87 132.45 142.04 76.17 60.00 60.00 60.00 60.00 60.00 60.00 60.00 34.98 27.56 31.28 55.36 59.50
26.14 12.74 0.00 0.00 0.00 11.45 20.77 34.66 21.51 13.45 9.09 14.33 23.23 36.49 45.76 57.13 71.91 45.04 26.24 13.59 9.22 9.02 12.66 0.00
47.83 25.26 22.92 19.05 12.58 27.58 34.72 19.22 35.84 21.55 38.75 30.60 26.70 44.71 42.07 40.01 38.64 28.58 20.63 14.60 9.79 11.72 12.92 10.62
47.83 25.26 22.92 19.05 12.58 27.58 34.72 19.22 35.84 21.55 38.75 30.60 26.70 44.71 42.07 40.01 38.64 28.58 20.63 14.60 9.79 11.72 12.92 10.62
3.19 1.73 1.22 0.98 0.84 1.33 1.38 0.79 1.85 1.46 2.58 2.06 1.78 2.98 2.80 2.67 2.58 1.91 1.38 0.97 0.65 0.79 0.86 0.71
48.33 42.10 23.63 12.56 6.78 5.56 9.09 19.63 9.43 4.21 3.51 4.88 8.82 16.48 12.81 11.54 12.32 11.71 8.63 0.00 0.00 0.00 0.00 4.75
28.42 24.75 13.89 7.39 3.99 3.27 5.35 11.54 5.57 2.48 2.06 2.87 5.19 9.69 7.53 6.78 7.25 6.89 5.07 0.00 0.00 0.00 0.00 2.79
68.52 68.68 75.45 87.80 91.47 109.60 113.19 118.07 150.17 174.20 174.20 97.74 70.73 143.27 66.79 52.26 52.26 75.89 138.03 73.20 63.39 59.05 60.54 61.55
98.14 98.37 108.06 125.76 124.23 156.97 162.12 169.10 215.09 249.50 249.50 139.96 96.96 202.25 92.70 74.85 74.85 109.23 198.21 104.85 90.79 84.58 86.72 88.16
9.83 9.62 9.21 9.60 10.71 10.65 10.94 11.43 13.77 16.52 26.27 22.53 28.99 30.00 30.00 73.62 30.00 26.67 17.19 10.49 5.12 2.06 0.59 0.00
14.45 14.14 13.54 14.11 15.74 15.66 16.07 16.81 20.24 24.29 42.39 33.12 42.62 44.10 44.10 108.35 44.10 39.21 25.27 15.43 7.52 3.03 0.86 0.00
0.00 0.00 0.00 0.00 0.00 0.00 0.00 0.98 1.16 1.48 2.01 5.50 13.50 27.93 28.02 28.02 33.80 52.21 44.81 29.61 21.68 18.87 29.03 28.64
0.00 0.00 0.00 0.00 0.00 0.00 0.00 0.00 0.00 0.00 0.00 0.00 0.00 0.00 0.00 0.00 0.00 0.00 0.00 0.00 0.00 0.00 0.00 0.00
0.00 0.00 0.00 0.00 0.00 0.00 0.00 1.32 1.56 1.99 2.69 7.37 18.09 37.42 37.54 37.55 42.97 68.35 60.05 40.12 28.89 24.54 38.90 38.37
0.93 0.00 0.00 0.00 0.00 0.00 0.00 0.00 0.00 0.00 0.00 1.71 4.69 10.35 5.68 4.26 5.42 2.96 1.44 0.00 0.00 0.00 1.37 2.47
44.29 44.77 44.22 43.55 43.35 38.54 35.30 25.13 8.80 9.26 11.50 21.38 38.62 44.94 44.94 76.67 107.25 44.94 44.94 29.27 41.55 62.04 55.67 48.95
19.34 9.43 0.00 0.00 0.00 8.47 15.38 25.65 15.92 9.95 6.73 10.61 17.19 27.01 33.87 42.29 53.22 33.34 19.42 10.06 6.83 6.68 9.37 0.00
87.11 91.38 88.70 93.43 105.60 106.49 107.96 110.49 139.09 171.70 210.19 230.00 230.00 230.00 230.00 230.00 230.00 230.00 142.19 62.12 32.98 18.14 13.23 16.45
44.89 88.18 50.40 27.93 29.83 60.02 112.74 88.66 41.76 90.39 184.75 201.29 220.54 238.50 238.50 238.50 238.50 238.50 108.95 20.91 18.84 17.89 17.79 18.49
10.03 10.19 9.92 9.87 10.02 10.25 10.53 10.86 12.38 14.27 31.23 70.99 56.25 100.00 56.12 30.00 30.00 30.00 23.79 13.89 8.86 5.77 10.28 3.59
33.11 28.41 19.84 18.64 24.60 35.95 60.01 100.88 136.35 182.25 238.35 181.33 133.12 95.00 109.73 130.57 157.72 118.96 87.37 62.73 67.17 75.25 88.12 54.48
31.22 40.65 51.38 77.76 124.85 126.94 129.48 132.71 108.54 88.70 71.95 64.95 61.59 62.33 111.15 189.38 250.00 222.67 156.90 105.16 93.84 86.22 80.92 62.09
0.00 0.00 0.00 0.00 0.00 0.00 0.00 0.00 0.00 0.00 0.00 0.00 0.00 0.00 0.00 0.00 0.00 0.00 0.00 0.00 0.00 0.00 0.00 0.00
8.40 7.42 7.42 7.48 7.55 5.56 4.41 4.06 2.13 0.95 0.00 0.00 4.45 20.26 10.15 4.68 0.00 0.00 0.00 0.00 0.00 0.00 0.00 0.00
15.45 6.80 0.00 0.00 5.29 7.89 11.47 16.02 13.57 13.64 8.96 15.62 23.29 18.51 30.13 43.98 59.93 44.47 22.97 10.00 9.98 10.91 12.77 19.48
0.00 0.00 0.00 0.00 0.00 0.00 0.00 0.00 0.00 0.00 0.00 0.00 0.00 0.00 0.00 0.00 0.00 0.00 0.00 0.00 0.00 0.00 0.00 0.00
38.33 28.23 15.20 9.16 8.06 0.00 0.00 7.60 0.00 0.00 0.00 8.61 15.58 25.78 25.37 31.79 46.48 17.04 0.00 0.00 0.00 0.00 0.00 0.00
61.17 56.46 45.74 39.82 38.35 36.53 36.89 39.43 37.90 26.95 10.57 14.56 25.48 46.46 40.59 36.19 33.21 24.25 32.45 41.03 28.66 19.62 13.41 13.66
9.19 21.34 10.46 12.46 14.70 14.71 15.09 15.93 16.32 16.83 17.29 16.50 31.33 28.73 40.90 32.52 25.60 15.96 14.88 21.61 13.90 8.37 4.66 0.00
293.01 300.58 297.67 297.72 297.59 342.84 390.31 444.36 473.15 296.64 186.49 207.90 257.10 257.10 257.10 257.10 257.10 257.10 253.37 155.27 218.02 310.41 256.61 224.14
356.62 364.39 327.27 357.94 355.18 429.45 515.16 611.43 665.87 745.96 838.87 498.01 317.40 317.40 317.40 317.40 317.40 317.40 317.40 185.04 145.82 145.17 275.40 314.77
172.39 164.75 159.69 163.15 175.91 176.35 182.39 195.60 229.61 268.49 311.92 718.10 539.95 539.94 745.19 539.94 539.94 539.94 411.75 213.51 211.32 79.84 52.94 45.13
6.60 6.49 6.49 6.56 6.54 3.86 0.00 0.00 0.00 0.00 0.00 12.82 50.91 270.84 154.59 179.56 159.03 130.30 77.32 40.91 32.27 29.16 30.75 19.77
10.63 9.90 9.79 9.66 9.52 4.67 0.00 0.00 0.00 0.00 0.00 20.78 127.13 326.95 419.34 522.00 308.11 237.30 101.04 67.09 58.49 56.78 62.15 43.35
0.00 0.00 0.00 0.00 0.00 0.00 0.00 2.05 1.91 2.06 2.52 9.28 25.23 54.43 50.18 47.70 46.61 29.75 18.26 11.07 20.41 36.51 37.78 42.51
0.00 0.00 0.00 0.00 0.00 0.00 0.00 0.00 0.00 0.00 0.00 12.05 40.14 94.31 86.24 86.47 94.79 60.52 37.41 23.13 22.45 22.82 24.30 25.71
1.07 0.99 0.98 0.97 0.96 0.47 0.00 0.00 0.00 0.00 0.00 2.47 12.76 32.82 42.09 52.40 36.28 24.15 10.14 6.74 5.87 5.70 6.24 4.35
0.00 0.00 0.00 0.00 0.00 0.00 0.00 3.94 3.67 3.96 4.84 17.84 48.53 104.68 96.50 91.74 89.63 57.21 35.11 21.28 39.24 70.21 72.66 81.75
0.00 0.00 0.00 0.00 0.00 0.00 0.00 0.00 0.00 0.00 0.00 14.40 47.09 110.63 58.38 57.88 109.36 67.68 38.61 19.50 8.64 0.00 0.00 8.47
0.00 0.00 0.00 0.00 0.00 0.00 0.00 0.00 0.00 0.00 0.00 11.94 40.10 95.75 53.34 44.21 62.73 36.04 18.80 8.57 0.00 0.00 7.02 13.93
28.68 28.99 28.63 28.20 28.07 24.95 22.86 16.27 5.70 6.00 7.45 13.84 25.01 29.10 29.10 49.03 68.38 29.10 29.10 18.95 25.32 38.85 36.05 31.69
35.24 35.62 35.19 34.66 34.50 30.66 28.09 20.00 7.00 7.37 9.15 17.01 30.73 35.76 35.76 60.63 84.71 35.76 35.76 23.29 32.03 48.50 44.30 38.95
48.25 21.24 0.00 0.00 16.53 24.65 35.81 50.03 42.39 42.60 27.97 52.85 72.74 57.60 104.74 143.56 161.98 138.87 71.75 31.22 31.18 34.08 39.89 60.82
159.85 84.26 98.87 77.83 42.03 94.80 122.51 68.40 124.08 71.90 129.49 102.18 89.23 149.42 140.60 133.71 129.14 95.52 68.96 48.80 32.73 39.15 43.18 35.50
62.21 27.38 0.00 0.00 21.31 31.78 46.17 64.49 54.65 54.92 36.05 69.02 93.77 74.22 139.72 189.09 202.15 179.02 92.49 40.25 40.19 43.94 51.43 78.40
86.59 38.11 0.00 0.00 29.67 44.24 64.27 89.78 76.07 76.45 50.18 97.39 130.52 103.27 203.20 271.42 271.01 249.20 128.75 56.02 55.94 61.16 71.59 109.14
79.26 74.49 67.29 69.03 79.38 74.92 72.65 71.80 76.60 82.09 88.64 98.53 130.72 274.12 193.19 196.73 461.60 148.08 105.14 72.56 115.72 71.75 17.30 15.36
4.41 12.50 6.68 7.54 8.70 10.92 13.59 40.69 16.83 21.97 46.30 52.29 56.10 56.10 56.10 56.10 56.10 56.10 34.32 6.09 5.90 5.96 6.29 6.38
