643.30 643.30 643.30 643.30 643.30 531.81 426.82 338.10 412.19 410.40 349.46 192.99 192.99 192.99 192.99 192.99 332.00 284.63 332.94 615.51 643.30 643.30 643.30 643.30
780.20 780.20 780.20 780.20 780.20 644.99 517.66 410.06 512.99 509.61 433.01 234.06 234.06 234.06 234.06 234.06 419.03 342.76 405.43 748.14 780.20 780.20 780.20 780.20
48.90 55.42 61.96 68.91 69.19 79.02 81.71 84.51 108.80 108.80 108.80 61.07 36.36 46.80 17.77 11.81 11.29 19.98 48.51 66.31 55.54 46.92 40.39 47.20
86.51 98.05 109.62 121.92 114.35 139.82 144.57 149.52 192.50 192.50 192.50 108.00 60.87 81.74 30.56 20.89 19.98 35.54 86.08 117.33 98.26 83.02 71.45 83.51
14.52 37.05 16.40 16.27 16.18 15.49 14.81 34.69 12.10 15.54 36.57 19.51 13.24 18.17 11.71 8.88 8.92 12.35 12.28 6.58 4.94 4.00 3.67 5.85
116.00 116.00 116.00 116.00 116.00 116.00 89.52 43.03 21.29 26.21 32.46 34.80 34.80 34.80 34.80 53.93 51.96 24.72 27.87 31.61 60.50 111.37 116.00 116.00
15.39 39.45 17.38 17.25 17.15 16.42 15.70 36.78 12.83 16.49 38.79 20.74 14.04 19.26 12.41 9.41 9.45 13.09 13.01 6.98 5.23 4.24 3.89 6.20
24.46 64.48 27.61 27.40 27.25 26.08 24.93 58.45 20.38 26.33 61.85 33.78 22.30 30.60 19.72 14.95 15.01 20.79 20.68 11.09 8.31 6.73 6.18 9.86
286.35 283.37 345.41 354.08 364.76 240.08 86.94 76.92 99.32 130.38 171.49 202.24 135.75 98.95 73.30 66.05 77.30 102.38 99.18 51.91 46.77 44.23 83.09 163.25
88.30 97.80 105.05 113.28 123.00 132.10 144.39 159.31 96.01 51.00 51.00 51.00 43.20 29.84 27.22 27.89 31.91 60.09 107.15 107.52 92.12 79.59 69.85 72.62
103.89 115.05 123.59 133.27 144.70 155.41 169.87 187.42 112.86 60.00 60.00 60.00 50.82 35.11 32.02 32.82 37.54 70.68 126.06 126.49 108.38 93.63 82.17 85.44
41.40 41.40 30.30 19.38 11.42 9.20 7.44 5.97 15.02 32.46 41.40 41.40 41.40 41.40 41.40 41.40 41.40 41.40 41.40 41.40 41.40 41.40 41.40 41.40
3.99 4.16 4.17 4.20 4.20 4.22 4.22 4.24 6.59 18.40 34.00 33.99 32.99 27.34 12.98 20.31 19.15 11.85 6.96 9.42 6.12 4.90 3.99 3.88
65.28 65.28 61.73 35.79 18.46 13.06 9.33 7.02 12.17 23.93 74.10 108.74 177.73 194.51 174.25 165.61 105.49 104.24 65.28 65.28 65.28 65.28 65.28 65.28
88.01 93.62 108.18 124.07 141.26 151.49 162.45 174.47 147.17 60.00 60.00 60.00 60.00 58.45 46.37 37.86 32.46 36.03 39.94 44.33 51.95 87.49 84.55 87.44
66.54 70.78 81.78 93.80 106.79 114.53 122.81 131.90 111.12 45.36 45.36 45.36 45.36 44.19 35.05 28.62 24.54 27.24 30.19 33.52 39.44 66.27 63.92 66.10
38.50 40.96 47.33 54.28 61.80 66.28 71.07 76.33 64.10 26.25 26.25 26.25 26.25 25.57 20.29 16.56 14.20 15.76 17.47 19.40 22.95 38.44 36.99 38.25
62.27 66.24 76.54 87.78 99.94 107.18 114.93 123.44 103.96 42.45 42.45 42.45 42.45 41.36 32.80 26.79 22.97 25.49 28.26 31.37 36.94 62.04 59.82 61.86
81.41 86.60 100.07 114.76 130.66 140.13 150.27 161.38 136.09 55.50 55.50 55.50 55.50 54.07 42.89 35.02 30.03 33.32 36.94 41.01 48.12 80.98 78.21 80.88
57.43 61.09 70.59 80.96 92.17 98.85 106.00 113.84 95.84 39.15 39.15 39.15 39.15 38.14 30.25 24.70 21.18 23.51 26.06 28.93 34.10 57.24 55.17 57.05
128.06 136.21 157.40 180.52 205.53 220.42 236.36 253.85 214.40 87.30 87.30 87.30 87.30 85.05 67.46 55.09 47.23 52.42 58.11 64.50 75.00 126.84 123.03 127.23
0.00 0.00 0.00 0.00 0.00 0.00 0.00 0.00 0.00 0.00 0.00 0.00 0.00 0.00 0.00 0.00 0.00 0.00 0.00 0.00 0.00 0.00 0.00 0.00
81.56 87.39 106.11 128.04 152.49 165.88 170.60 170.60 123.33 155.83 103.48 51.18 51.18 51.18 42.04 33.77 28.33 30.64 33.32 36.37 57.55 86.03 72.24 81.30
78.41 84.01 102.00 123.09 146.59 159.46 164.00 164.00 119.02 148.85 99.00 49.20 49.20 49.20 40.42 32.46 27.24 29.45 32.03 34.96 55.33 82.70 69.45 78.15
105.27 112.80 136.96 165.27 196.83 214.11 220.20 220.20 155.30 208.93 137.47 66.06 66.06 66.06 54.26 43.59 36.57 39.55 43.01 46.94 74.23 111.04 93.25 104.94
375.54 402.36 488.56 589.55 702.12 763.77 785.50 785.50 486.84 785.09 509.29 235.65 235.65 235.65 193.57 155.48 130.45 141.07 153.42 167.45 264.28 396.11 332.63 374.33
135.06 144.71 175.71 212.03 252.51 274.68 282.50 282.50 194.81 276.23 180.45 84.75 84.75 84.75 69.62 55.92 46.92 50.74 55.18 60.22 95.18 142.46 119.63 134.62
67.44 88.63 36.00 33.15 68.68 29.33 29.92 31.06 36.00 36.00 88.65 96.29 114.17 82.60 66.87 63.87 73.05 77.44 82.21 87.58 86.81 86.05 85.42 94.16
10.20 10.60 10.84 11.04 11.27 11.32 11.35 11.44 18.42 28.42 29.88 31.88 29.88 29.88 29.97 21.47 16.16 17.58 19.28 21.25 18.38 14.00 11.26 12.08
62.70 65.16 66.65 67.91 69.31 69.64 69.82 70.38 113.26 174.74 183.75 234.28 183.76 183.75 200.96 132.02 99.37 108.13 118.57 130.66 132.72 86.12 69.25 74.29
12.60 12.60 11.92 6.91 3.56 2.52 1.80 1.35 2.35 4.62 15.23 23.33 34.30 37.54 33.63 31.96 23.13 21.20 12.60 12.60 12.60 12.60 12.60 12.60
9.46 9.85 9.88 9.94 9.94 9.99 9.98 10.04 15.60 43.50 80.50 80.49 78.10 64.73 30.65 48.09 45.34 28.01 16.47 26.96 14.48 11.60 9.45 9.19
8.22 8.56 8.59 8.64 8.64 8.68 8.68 8.73 13.56 37.83 70.00 69.99 67.91 56.29 26.66 41.82 39.43 24.36 14.32 22.62 12.59 10.09 8.22 7.99
1.53 1.59 1.60 1.60 1.61 1.61 1.61 1.62 2.52 7.06 13.00 12.99 12.61 10.45 4.99 7.77 7.32 4.54 2.66 3.23 2.34 1.87 1.53 1.48
200.00 200.00 195.26 200.00 200.00 199.61 126.83 74.49 112.16 151.92 171.07 83.48 60.00 60.00 54.73 41.14 31.86 36.69 42.13 47.93 46.98 63.95 128.24 200.00
188.50 163.73 159.19 155.76 151.37 146.30 141.98 137.13 166.86 202.48 247.98 246.64 244.15 243.37 243.62 267.05 317.38 255.50 202.74 159.37 116.02 98.79 103.94 96.07
65.05 38.27 43.94 39.00 23.17 53.16 67.15 36.22 100.63 84.30 150.00 84.20 45.00 39.14 31.73 26.74 24.16 26.24 28.56 31.12 26.15 41.25 62.45 65.10
65.05 38.27 43.94 39.00 23.17 53.16 67.15 36.22 100.63 84.30 150.00 84.20 45.00 39.14 31.73 26.74 24.16 26.24 28.56 31.12 26.15 41.25 62.45 65.10
4.34 2.61 2.35 2.00 1.54 2.56 2.66 1.49 5.21 5.73 10.00 5.66 3.00 2.61 2.12 1.78 1.61 1.75 1.90 2.07 1.74 2.77 4.16 4.34
103.89 115.05 123.59 133.27 144.70 155.41 169.87 187.42 112.86 60.00 60.00 60.00 50.82 35.11 32.02 32.82 37.54 70.68 126.06 126.49 108.38 93.63 82.17 85.44
61.09 67.65 72.67 78.36 85.08 91.38 99.89 110.20 66.59 35.28 35.28 35.28 29.89 20.64 18.83 19.30 22.08 41.60 74.13 74.38 63.73 55.05 48.32 50.24
78.29 88.73 99.20 110.33 104.92 126.53 130.82 135.31 174.20 174.20 174.20 97.74 55.70 74.21 27.85 18.91 18.08 32.13 77.85 106.18 88.92 75.12 64.66 75.57
112.13 127.09 142.08 158.02 142.49 181.22 187.37 193.80 249.50 249.50 249.50 139.96 76.35 104.77 38.66 27.08 25.90 46.24 111.79 152.07 127.36 107.60 92.61 108.24
11.21 11.73 11.88 12.02 12.12 12.20 12.31 12.41 20.31 30.00 40.31 30.00 30.00 24.92 20.16 41.70 15.35 17.27 19.36 21.71 17.49 14.15 11.49 11.10
16.48 17.24 17.46 17.67 17.81 17.94 18.09 18.24 29.85 44.10 65.03 44.10 44.10 36.63 29.63 61.36 22.56 25.38 28.47 31.91 25.71 20.80 16.89 16.31
139.80 139.80 139.80 76.83 85.08 28.52 17.15 11.88 19.37 29.51 41.94 41.94 41.94 41.94 41.94 41.94 50.50 111.85 139.80 135.62 103.80 91.59 139.80 139.80
0.00 0.00 0.00 0.00 0.00 0.00 0.00 0.00 0.00 0.00 0.00 0.00 0.00 0.00 0.00 0.00 0.00 0.00 0.00 0.00 0.00 0.00 0.00 0.00
187.33 187.32 187.33 102.82 117.36 40.63 22.98 15.91 25.95 39.54 56.20 56.20 56.20 56.20 56.20 56.20 64.20 146.43 187.33 183.78 138.32 119.08 187.33 187.33
45.90 45.90 43.74 28.08 16.70 15.03 13.56 12.17 23.88 41.71 45.90 45.90 45.90 45.90 45.90 45.90 45.90 45.90 45.90 45.90 45.90 45.90 45.90 45.90
149.80 149.80 149.80 149.80 149.80 149.80 115.61 55.57 27.49 33.84 41.92 44.94 44.94 44.94 44.94 70.13 67.66 31.92 35.99 40.82 80.98 146.70 149.80 149.80
139.51 121.18 117.82 115.28 112.03 108.28 105.08 101.49 123.49 149.86 183.53 182.54 180.70 180.12 180.30 197.65 234.90 189.10 150.05 117.95 85.87 73.12 76.92 71.10
106.08 118.12 137.65 159.45 184.73 176.17 167.79 160.48 220.66 230.00 230.00 230.00 134.94 69.56 70.66 81.58 103.59 115.12 128.16 142.64 112.79 88.94 70.08 76.47
60.09 94.87 52.73 27.39 27.01 45.15 69.72 45.14 14.04 22.16 37.99 13.78 15.13 43.79 22.99 13.62 12.20 17.09 17.34 9.40 6.69 4.80 3.56 4.27
11.90 12.65 15.50 18.80 22.55 16.92 12.41 8.79 13.19 19.64 53.81 99.81 56.25 100.00 45.95 18.57 14.24 15.25 16.44 17.74 15.39 13.42 28.94 13.37
142.18 145.39 170.41 197.53 228.39 215.63 203.51 194.91 205.23 218.08 234.67 132.75 68.56 32.42 35.22 51.74 86.04 63.71 47.70 36.37 5.93 0.00 11.64 17.68
76.06 71.13 73.26 76.15 79.18 65.16 54.87 47.91 35.98 27.28 21.27 9.02 0.00 5.64 0.00 0.00 0.00 0.00 0.00 0.00 0.00 0.00 14.28 20.45
0.00 0.00 0.00 0.00 0.00 0.00 0.00 0.00 0.00 0.00 0.00 0.00 0.00 0.00 0.00 0.00 0.00 0.00 0.00 0.00 0.00 0.00 0.00 0.00
24.98 29.39 25.44 22.02 19.34 20.13 21.40 23.39 34.23 48.75 91.77 162.50 136.00 98.08 82.55 81.09 92.61 96.02 99.59 103.55 88.51 75.41 38.29 20.01
70.51 72.45 71.78 71.55 71.47 71.30 71.37 72.25 117.45 183.98 104.02 160.49 185.40 86.65 93.37 95.46 100.94 131.62 136.34 141.22 107.89 82.90 65.60 68.06
0.00 0.00 0.00 0.00 0.00 0.00 0.00 0.00 0.00 0.00 0.00 0.00 0.00 0.00 0.00 0.00 0.00 0.00 0.00 0.00 0.00 0.00 0.00 0.00
128.54 124.41 118.84 113.13 108.20 102.58 99.75 100.24 109.96 138.02 188.38 177.84 168.84 161.61 155.40 171.01 209.06 203.99 200.14 196.13 157.38 138.31 136.37 132.87
97.47 106.45 156.65 176.50 176.50 176.50 176.50 176.50 176.50 130.37 52.95 52.95 52.95 44.34 35.61 31.04 29.80 32.00 64.09 122.12 107.11 93.75 82.02 104.54
39.00 95.96 39.00 39.00 39.00 32.32 20.96 12.67 23.03 38.41 39.00 56.82 113.69 64.59 81.46 63.49 57.06 71.42 88.78 108.46 101.39 94.81 88.81 95.85
857.00 857.00 857.00 857.00 857.00 857.00 541.51 302.73 469.02 390.50 257.10 257.10 257.10 257.10 231.37 175.60 139.06 160.97 185.46 212.43 371.27 650.45 640.39 857.00
1058.00 1058.00 958.56 1058.00 1058.00 1055.93 670.95 394.06 593.34 855.64 1010.31 545.80 317.40 317.40 289.50 217.61 168.55 194.10 222.86 253.54 248.53 296.79 637.98 1058.00
184.23 191.48 195.86 199.56 203.67 204.64 205.15 206.79 332.81 513.47 539.94 895.48 539.95 539.94 711.41 387.94 291.98 317.73 348.42 383.95 502.76 253.07 203.50 218.29
159.03 158.59 109.43 71.05 43.19 29.91 20.47 14.34 31.19 70.24 142.72 149.36 156.59 319.85 159.05 179.56 159.03 159.03 159.03 159.03 159.03 159.03 159.03 159.03
156.60 156.60 148.09 85.86 44.29 31.34 22.37 16.84 29.21 57.40 173.15 242.43 426.36 466.61 418.01 397.28 241.27 257.58 156.60 156.60 156.60 156.60 156.60 156.60
164.49 78.00 78.01 64.99 48.66 36.91 27.47 20.15 38.22 66.52 78.00 78.00 78.00 78.00 78.00 78.00 78.00 78.00 78.00 78.00 145.89 260.00 260.00 260.00
171.72 171.72 125.83 89.08 60.36 41.94 28.15 18.77 45.04 95.50 171.72 171.72 171.72 171.72 171.72 171.72 171.72 171.72 171.72 171.72 171.72 171.72 171.72 171.72
15.72 15.72 14.87 8.62 4.45 3.15 2.25 1.69 2.93 5.76 18.90 28.86 42.80 46.84 41.96 39.88 28.41 26.21 15.72 15.72 15.72 15.72 15.72 15.72
308.16 150.01 150.01 124.98 93.57 70.98 52.82 38.75 73.51 127.93 150.00 150.00 150.00 150.00 150.00 150.00 150.00 150.00 150.00 150.00 280.44 500.00 500.00 500.00
326.40 326.40 296.04 195.46 120.15 97.03 78.71 65.04 141.66 291.26 326.40 326.40 326.40 326.40 326.40 326.40 326.40 326.40 326.40 326.40 326.40 326.40 678.68 326.40
267.06 267.06 195.47 125.01 73.65 59.38 47.98 38.53 96.92 209.38 267.06 267.06 267.06 267.06 267.06 267.06 267.06 267.06 267.06 267.06 267.06 267.06 267.06 267.06
97.00 97.00 97.00 97.00 97.00 97.00 74.86 35.98 17.80 21.91 27.15 29.10 29.10 29.10 29.10 44.85 43.14 20.67 23.30 26.43 49.35 91.87 97.00 97.00
119.20 119.20 119.20 119.20 119.20 119.20 91.99 44.22 21.87 26.93 33.36 35.76 35.76 35.76 35.76 55.46 53.44 25.40 28.64 32.48 62.41 114.69 119.20 119.20
220.21 226.26 224.16 223.45 223.20 222.66 222.88 225.64 366.80 574.58 324.69 542.91 579.00 269.61 324.57 311.59 272.80 411.05 425.80 441.03 336.95 258.91 204.87 212.55
217.39 127.62 189.56 159.31 77.44 182.74 236.94 128.88 348.38 281.31 501.30 281.17 150.39 130.80 106.03 89.37 80.76 87.71 95.44 104.00 87.38 137.78 208.72 217.57
283.87 291.68 288.98 288.05 287.73 287.04 287.32 290.87 472.85 740.70 418.54 708.99 746.40 347.41 432.94 410.41 340.45 529.90 548.91 568.54 434.37 333.76 264.11 274.00
395.15 406.02 402.26 400.97 400.53 399.57 399.95 404.90 658.22 1031.06 582.57 1000.33 1039.00 483.37 629.66 589.08 456.42 737.63 764.09 791.42 604.65 464.60 367.64 381.41
108.92 113.62 123.39 132.92 143.92 143.42 143.26 143.76 202.69 264.60 264.60 264.60 264.60 315.64 181.31 155.99 326.82 155.36 168.89 183.79 373.42 308.91 104.69 108.27
6.52 15.30 7.36 7.30 7.26 6.95 6.66 15.56 5.43 6.92 16.30 8.51 5.94 8.15 5.26 3.98 4.00 5.54 5.51 2.95 2.22 1.79 1.65 2.63
