119.94 105.88 91.89 80.87 73.61 56.51 44.60 36.76 49.53 55.13 56.50 71.44 138.13 192.99 192.99 192.99 332.00 284.63 332.94 615.51 643.30 643.30 643.30 643.30
145.46 128.41 111.44 98.08 89.28 68.53 54.09 44.58 61.65 68.45 70.01 86.64 167.53 234.06 234.06 234.06 419.03 342.76 405.43 748.14 780.20 780.20 780.20 780.20
50.94 48.02 40.53 34.58 27.12 26.89 24.84 24.06 40.89 64.38 95.67 61.07 46.17 90.35 42.61 32.64 32.64 47.20 94.93 108.80 108.80 108.80 108.80 108.80
90.13 84.97 71.70 61.18 44.82 47.57 43.96 42.56 72.34 113.90 169.27 108.00 77.30 157.79 73.27 57.75 57.75 83.96 168.46 192.50 192.50 192.50 192.50 192.50
30.72 53.09 21.25 18.98 16.90 15.42 14.02 31.20 16.47 27.76 73.37 119.91 125.00 125.00 125.00 125.00 125.00 125.00 92.34 37.50 37.50 27.32 14.59 12.89
75.93 75.89 84.78 95.77 108.71 106.37 105.52 78.36 34.80 34.80 34.80 34.80 34.80 34.80 34.80 58.96 82.36 34.80 34.80 34.80 60.50 111.37 116.00 116.00
32.57 56.52 22.53 20.12 17.92 16.35 14.86 33.07 17.46 29.46 77.81 127.48 132.50 132.50 132.50 132.50 132.50 132.50 97.89 39.75 39.75 28.96 15.47 13.66
51.74 92.39 35.79 31.96 28.46 25.97 23.60 52.56 27.74 47.05 124.07 207.62 210.50 210.50 210.50 210.50 210.50 210.50 155.55 63.15 63.15 46.00 24.57 21.71
379.01 275.56 294.01 263.22 236.59 168.94 67.75 68.19 96.49 132.64 176.36 460.54 623.00 623.00 623.00 623.00 623.00 623.00 460.54 186.90 186.90 186.90 154.06 237.09
47.26 52.83 53.63 54.74 55.68 52.14 49.16 47.06 19.69 7.54 5.26 16.12 36.68 51.00 51.00 51.00 51.00 95.49 170.00 170.00 170.00 170.00 170.00 170.00
55.60 62.15 63.10 64.40 65.50 61.34 57.84 55.36 23.14 8.87 6.19 18.97 43.16 60.00 60.00 60.00 60.00 112.31 200.00 200.00 200.00 200.00 200.00 200.00
7.34 6.00 6.74 7.69 8.94 6.98 5.35 4.00 7.14 11.61 17.62 27.77 41.40 41.40 41.40 41.40 41.40 41.40 41.40 41.40 41.40 41.40 41.40 41.40
2.95 2.93 2.34 1.84 1.41 1.30 1.30 1.40 1.38 2.58 4.61 18.04 34.00 34.00 19.16 34.00 34.00 19.11 10.20 12.55 10.20 10.20 10.20 10.20
16.22 14.52 13.33 13.31 14.51 12.38 10.61 9.12 10.64 12.38 23.42 63.41 173.48 217.60 217.60 217.60 134.72 104.24 65.28 65.28 65.28 65.28 65.28 65.28
61.56 59.65 55.51 52.61 50.61 48.64 48.53 50.58 44.49 21.55 25.51 60.00 60.00 60.00 60.00 60.00 60.00 60.00 60.00 60.00 84.70 172.48 200.00 200.00
46.54 45.10 41.97 39.77 38.26 36.77 36.69 38.24 33.59 16.29 19.28 45.36 45.36 45.36 45.36 45.36 45.36 45.36 45.36 45.36 64.30 130.65 151.20 151.20
26.93 26.10 24.29 23.02 22.14 21.28 21.23 22.13 19.38 9.43 11.16 26.25 26.25 26.25 26.25 26.25 26.25 26.25 26.25 26.25 37.43 75.79 87.50 87.50
43.56 42.21 39.28 37.22 35.81 34.41 34.33 35.78 31.43 15.25 18.05 42.45 42.45 42.45 42.45 42.45 42.45 42.45 42.45 42.45 60.23 122.31 141.50 141.50
56.95 55.18 51.35 48.67 46.82 44.99 44.89 46.78 41.14 19.93 23.59 55.50 55.50 55.50 55.50 55.50 55.50 55.50 55.50 55.50 78.45 159.64 185.00 185.00
40.17 38.92 36.22 34.33 33.03 31.74 31.67 33.00 28.97 14.06 16.64 39.15 39.15 39.15 39.15 39.15 39.15 39.15 39.15 39.15 55.60 112.85 130.50 130.50
89.58 86.80 80.77 76.55 73.64 70.77 70.61 73.59 64.81 31.35 37.11 87.30 87.30 87.30 87.30 87.30 87.30 87.30 87.30 87.30 122.29 250.05 291.00 291.00
0.00 0.00 0.00 0.00 0.00 0.00 0.00 0.00 0.00 0.00 0.00 0.00 0.00 0.00 0.00 0.00 0.00 0.00 0.00 0.00 0.00 0.00 0.00 0.00
55.35 56.34 52.62 49.74 47.54 41.62 38.03 36.81 34.51 55.28 45.98 51.18 51.18 51.18 51.18 51.18 51.18 51.18 51.18 51.18 95.98 170.60 170.60 170.60
53.21 54.16 50.59 47.82 45.70 40.01 36.56 35.38 33.30 52.80 43.99 49.20 49.20 49.20 49.20 49.20 49.20 49.20 49.20 49.20 92.28 164.00 164.00 164.00
71.45 72.72 67.92 64.20 61.36 53.72 49.09 47.51 43.45 74.12 61.08 66.06 66.06 66.06 66.06 66.06 66.06 66.06 66.06 66.06 123.80 220.20 220.20 220.20
254.87 259.42 242.29 229.02 218.88 191.65 175.10 169.48 136.22 278.51 226.29 235.65 235.65 235.65 235.65 235.65 235.65 235.65 235.65 235.65 440.78 785.50 785.50 785.50
91.66 93.30 87.14 82.37 78.72 68.92 62.97 60.95 54.51 97.99 80.18 84.75 84.75 84.75 84.75 84.75 84.75 84.75 84.75 84.75 158.74 282.50 282.50 282.50
6.83 10.20 5.48 7.86 27.01 8.53 6.19 4.40 2.74 1.58 2.06 4.63 14.04 30.58 34.18 37.81 41.95 46.92 52.19 58.36 55.83 53.93 52.93 59.66
8.52 7.77 6.97 6.37 5.88 5.45 5.23 5.17 8.31 12.60 18.24 31.88 29.88 29.88 31.39 29.88 29.88 29.88 29.88 29.88 31.77 29.88 29.88 29.88
52.38 47.78 42.86 39.14 36.13 33.53 32.17 31.79 51.10 77.46 112.14 234.28 183.76 183.75 210.51 183.75 183.75 183.75 183.75 183.75 229.39 183.75 183.75 183.75
3.13 2.80 2.57 2.57 2.80 2.39 2.05 1.76 2.05 2.39 4.81 13.61 33.48 42.00 42.00 42.00 29.54 21.20 12.60 12.60 12.60 12.60 12.60 12.60
6.99 6.93 5.54 4.36 3.34 3.08 3.07 3.31 3.27 6.09 10.92 42.71 80.50 80.50 45.25 80.50 80.50 45.19 24.15 35.91 24.15 24.15 24.15 24.15
6.08 6.03 4.81 3.79 2.91 2.68 2.67 2.88 2.85 5.30 9.50 37.14 70.00 70.00 39.36 70.00 70.00 39.30 21.00 30.13 21.00 21.00 21.00 21.00
1.13 1.12 0.89 0.70 0.54 0.50 0.50 0.53 0.53 0.99 1.76 6.89 13.00 13.00 7.37 13.00 13.00 7.33 3.90 4.30 3.90 3.90 3.90 3.90
51.81 52.95 54.30 58.31 61.08 54.07 50.01 48.65 58.54 65.54 71.41 72.33 60.00 60.00 60.00 60.00 60.00 60.00 60.00 60.00 60.00 83.60 171.41 200.00
94.55 97.58 94.40 93.76 95.45 93.82 93.28 91.71 93.47 95.30 98.48 186.83 323.99 338.60 338.60 338.60 338.60 338.60 338.60 338.60 338.60 338.60 338.60 338.60
44.27 25.15 24.96 19.03 9.74 20.86 25.82 14.28 30.09 20.44 41.20 62.79 45.00 45.00 45.00 45.00 45.00 45.00 45.00 45.00 45.00 84.18 149.99 150.00
44.27 25.15 24.96 19.03 9.74 20.86 25.82 14.28 30.09 20.44 41.20 62.79 45.00 45.00 45.00 45.00 45.00 45.00 45.00 45.00 45.00 84.18 149.99 150.00
2.95 1.72 1.33 0.98 0.65 1.00 1.02 0.59 1.56 1.39 2.75 4.22 3.00 3.00 3.00 3.00 3.00 3.00 3.00 3.00 3.00 5.66 10.00 10.00
55.60 62.15 63.10 64.40 65.50 61.34 57.84 55.36 23.14 8.87 6.19 18.97 43.16 60.00 60.00 60.00 60.00 112.31 200.00 200.00 200.00 200.00 200.00 200.00
32.69 36.54 37.10 37.87 38.51 36.07 34.01 32.55 13.65 5.21 3.64 11.15 25.38 35.28 35.28 35.28 35.28 66.10 117.60 117.60 117.60 117.60 117.60 117.60
81.56 76.89 64.89 55.37 41.12 43.05 39.78 38.52 65.46 103.07 153.18 97.74 70.73 143.27 66.79 52.26 52.26 75.89 152.35 174.20 174.20 174.20 174.20 174.20
116.82 110.13 92.94 79.30 55.85 61.66 56.97 55.17 93.76 147.63 219.39 139.96 96.96 202.25 92.70 74.85 74.85 109.23 218.77 249.50 249.50 249.50 249.50 249.50
8.68 8.39 7.03 5.88 4.97 5.15 5.66 6.50 6.90 7.37 10.61 23.52 30.00 30.00 30.00 73.62 30.00 30.00 30.00 30.00 30.00 30.00 30.00 30.00
12.77 12.33 10.33 8.64 7.30 7.58 8.32 9.55 10.14 10.84 17.12 34.57 44.10 44.10 44.10 108.35 44.10 44.10 44.10 44.10 44.10 44.10 44.10 44.10
18.16 15.84 13.78 7.13 9.91 2.54 1.08 0.00 1.13 2.24 3.95 10.78 23.80 41.94 41.94 41.94 50.50 111.85 139.80 135.62 103.80 91.59 139.80 139.80
0.00 0.00 0.00 0.00 0.00 0.00 0.00 0.00 0.00 0.00 0.00 0.00 0.00 0.00 0.00 0.00 0.00 0.00 0.00 0.00 0.00 0.00 0.00 0.00
24.33 21.22 18.46 9.54 13.67 3.62 1.45 0.00 1.52 3.00 5.30 14.45 31.89 56.20 56.20 56.20 64.20 146.43 187.33 183.78 138.32 119.08 187.33 187.33
10.01 8.46 9.17 10.20 11.57 10.93 10.32 9.79 13.66 18.41 24.26 35.48 45.90 45.90 45.90 45.90 45.90 45.90 45.90 45.90 45.90 45.90 45.90 45.90
98.05 98.00 109.48 123.68 140.39 137.36 136.27 101.20 44.94 44.94 44.94 44.94 44.94 44.94 44.94 76.67 107.25 44.94 44.94 44.94 80.98 146.70 149.80 149.80
69.98 72.22 69.87 69.39 70.64 69.44 69.04 67.88 69.18 70.53 72.89 138.27 239.78 250.60 250.60 250.60 250.60 250.60 250.60 250.60 250.60 250.60 250.60 250.60
104.14 101.24 90.03 80.06 70.98 64.58 61.61 62.08 83.72 110.05 141.51 230.00 230.00 230.00 230.00 230.00 230.00 230.00 230.00 230.00 230.00 230.00 230.00 227.75
142.07 148.10 79.34 39.56 37.23 62.14 96.48 62.18 27.20 54.87 105.73 180.62 238.50 238.50 238.50 238.50 238.50 238.50 176.17 71.55 45.06 22.67 9.58 6.96
6.37 6.06 6.45 6.89 7.41 6.81 6.47 6.34 7.88 9.75 22.29 94.76 56.25 100.00 56.12 30.00 30.00 30.00 30.00 30.00 30.00 30.00 73.71 30.00
110.30 117.05 99.49 85.39 74.68 71.26 68.99 66.56 120.12 195.88 268.00 268.00 268.00 268.00 268.00 268.00 0.00 0.00 0.00 0.00 268.00 268.00 268.00 268.00
108.85 121.52 84.05 55.56 34.62 33.10 31.59 30.26 30.63 33.14 37.56 82.59 163.94 250.00 250.00 250.00 250.00 250.00 250.00 250.00 250.00 166.19 86.13 83.61
0.00 0.00 0.00 0.00 0.00 0.00 0.00 0.00 0.00 0.00 0.00 0.00 0.00 0.00 0.00 0.00 0.00 0.00 0.00 0.00 0.00 0.00 0.00 0.00
2.99 3.20 5.30 8.35 12.50 9.46 6.99 5.06 3.01 1.66 0.00 10.52 31.65 73.12 82.22 92.47 104.14 119.22 137.41 160.93 125.15 95.50 42.76 23.00
60.78 63.19 58.71 54.57 50.39 45.53 41.99 39.51 31.12 24.09 10.29 55.61 164.28 104.55 130.61 142.89 146.36 185.40 185.40 185.40 185.40 185.40 185.40 185.40
0.00 0.00 0.00 0.00 0.00 0.00 0.00 0.00 0.00 0.00 0.00 0.00 0.00 0.00 0.00 0.00 0.00 0.00 0.00 0.00 0.00 0.00 0.00 0.00
89.28 88.24 85.69 83.69 83.18 78.79 74.89 71.38 48.27 31.02 18.43 67.31 187.92 332.60 332.60 332.60 332.60 332.60 332.60 332.60 332.60 332.60 332.60 332.60
56.06 60.69 61.69 62.75 63.56 55.60 49.66 45.89 51.79 43.32 19.96 41.03 52.95 52.95 52.95 52.95 52.95 52.95 98.98 176.50 176.50 176.50 176.50 176.50
0.00 0.00 0.96 2.00 3.71 1.87 0.79 0.00 0.00 0.00 0.00 0.00 7.75 13.36 40.21 63.18 93.82 94.94 100.27 108.67 88.52 74.47 65.40 53.66
223.87 224.20 238.24 254.12 271.45 241.57 223.05 216.13 251.70 163.09 100.67 212.95 257.10 257.10 257.10 257.10 257.10 257.10 257.10 257.10 465.33 841.64 857.00 857.00
274.09 280.10 266.59 308.45 323.09 286.04 264.54 257.38 309.68 369.10 421.72 472.90 317.40 317.40 317.40 317.40 317.40 317.40 317.40 317.40 317.40 387.97 852.76 1058.00
153.92 140.40 125.95 115.02 106.17 98.52 94.52 93.42 150.16 227.60 329.52 895.48 539.95 539.94 745.19 539.94 539.94 539.94 539.94 539.94 868.95 539.94 539.94 539.94
30.59 23.51 21.79 22.52 25.85 16.99 10.57 6.21 7.35 8.64 10.09 31.82 77.29 314.31 159.05 179.56 159.03 159.03 159.03 159.03 159.03 159.03 144.41 139.43
38.92 34.84 31.99 31.93 34.81 29.69 25.45 21.87 25.51 29.71 54.73 141.37 416.15 522.00 522.00 522.00 308.11 257.58 156.60 156.60 156.60 156.60 156.60 156.60
28.77 11.35 10.54 10.30 10.73 6.78 3.91 2.00 3.92 7.28 12.51 33.28 69.55 78.00 78.00 78.00 78.00 78.00 78.00 78.00 145.89 260.00 260.00 260.00
19.35 15.96 14.91 15.04 16.38 10.30 5.99 0.00 7.07 13.83 23.86 64.26 134.88 171.72 171.72 171.72 171.72 171.72 171.72 171.72 171.72 171.72 171.72 171.72
3.91 3.50 3.21 3.21 3.49 2.98 2.55 2.20 2.56 2.98 5.97 16.83 41.77 52.40 52.40 52.40 36.28 26.21 15.72 15.72 15.72 15.72 15.72 15.72
53.89 21.83 20.26 19.80 20.63 13.04 7.51 3.85 7.53 14.01 24.06 64.00 133.75 150.00 150.00 150.00 150.00 150.00 150.00 150.00 280.44 500.00 500.00 500.00
85.61 70.27 84.33 100.43 119.54 86.47 60.16 40.05 62.29 91.52 128.56 215.70 326.40 326.40 326.40 326.40 326.40 326.40 326.40 326.40 326.40 326.40 678.68 326.40
47.38 38.69 43.48 49.62 57.67 45.02 34.48 25.80 46.03 74.91 113.65 179.16 267.06 267.06 267.06 267.06 267.06 267.06 267.06 267.06 267.06 267.06 267.06 267.06
63.49 63.46 70.89 80.09 90.90 88.95 88.24 65.52 29.10 29.10 29.10 29.10 29.10 29.10 29.10 49.03 68.38 29.10 29.10 29.10 49.35 91.87 97.00 97.00
78.02 77.98 87.12 98.42 111.71 109.30 108.43 80.52 35.76 35.76 35.76 35.76 35.76 35.76 35.76 60.63 84.71 35.76 35.76 35.76 62.41 114.69 119.20 119.20
189.83 197.34 183.34 170.41 157.37 142.20 131.12 123.38 97.20 75.24 32.12 188.13 513.04 325.32 454.05 466.38 395.58 578.99 579.00 579.00 579.00 579.00 579.00 579.00
147.97 83.88 107.65 77.73 32.54 71.71 91.13 50.80 104.17 68.22 137.68 209.68 150.39 150.39 150.39 150.39 150.39 150.39 150.39 150.39 150.39 281.15 501.30 501.30
244.71 254.40 236.35 219.68 202.87 183.31 169.03 159.05 125.30 96.99 41.40 245.68 661.37 419.18 605.65 614.30 493.67 746.39 746.40 746.40 746.40 746.40 746.40 746.40
340.64 354.12 329.00 305.79 282.40 255.17 235.29 221.39 174.42 135.02 57.63 346.64 920.63 583.24 880.86 881.73 661.83 1038.99 1039.00 1039.00 1039.00 1039.00 1039.00 1039.00
75.96 75.15 61.70 50.26 40.29 33.99 30.98 30.32 31.21 32.26 34.00 130.20 264.60 378.16 264.60 264.60 604.22 264.60 264.60 264.60 651.99 651.69 264.61 264.60
13.79 21.92 9.54 8.52 7.59 6.92 6.30 13.99 7.39 12.37 32.70 52.29 56.10 56.10 56.10 56.10 56.10 56.10 41.41 16.83 16.83 12.26 6.55 5.79
