31.54 20.52 13.72 0.00 0.00 0.00 0.00 16.23 14.33 11.43 9.16 6.42 14.40 33.51 54.10 82.26 204.05 179.50 218.56 423.37 414.75 387.58 365.84 328.54
38.25 24.88 16.64 0.00 0.00 0.00 0.00 19.68 17.84 14.19 11.35 7.79 17.46 40.64 65.61 99.76 257.53 216.15 266.14 514.60 503.01 470.06 443.69 398.46
48.75 51.31 52.84 56.58 56.61 57.27 54.61 54.95 71.51 90.72 108.80 61.07 46.17 90.35 42.61 32.64 32.64 47.20 94.93 108.80 106.36 82.48 62.67 54.30
86.26 90.79 93.50 100.10 93.56 101.32 96.61 97.22 126.53 160.52 192.50 108.00 77.30 157.79 73.27 57.75 57.75 83.96 168.46 192.50 188.18 145.93 110.87 96.07
5.77 21.37 9.93 10.79 12.11 12.42 13.02 33.93 16.15 24.74 60.20 106.91 125.00 125.00 125.00 125.00 125.00 125.00 92.34 37.50 30.03 22.79 16.91 16.75
47.43 50.43 46.07 42.93 40.82 35.57 31.42 20.97 7.56 6.67 5.91 9.10 13.50 19.12 21.10 39.32 60.20 20.12 15.71 12.03 21.70 41.21 44.51 38.88
6.12 22.75 10.53 11.44 12.84 13.16 13.80 35.97 17.12 26.25 63.85 113.65 132.50 132.50 132.50 132.50 132.50 132.50 97.89 39.75 31.83 24.16 17.92 17.76
9.72 37.18 16.73 18.17 20.39 20.91 21.92 57.16 27.19 41.93 101.81 185.10 210.50 210.50 210.50 210.50 210.50 210.50 155.55 63.15 50.57 38.38 28.48 28.21
257.80 233.34 264.37 262.94 273.36 200.94 82.92 86.27 111.56 141.61 176.61 460.54 623.00 623.00 623.00 623.00 623.00 623.00 460.54 186.90 186.90 139.33 186.47 299.82
84.07 101.22 92.36 83.91 76.42 73.86 71.40 68.91 48.11 32.96 43.50 44.45 47.97 51.00 46.51 39.38 33.16 55.89 89.36 79.95 81.59 83.26 85.36 55.62
98.91 119.09 108.66 98.72 89.90 86.89 84.00 81.07 56.54 38.77 51.18 52.29 56.44 60.00 54.72 46.33 39.01 65.74 105.13 94.06 95.98 97.96 100.42 65.43
1.51 0.00 0.00 0.00 0.00 0.00 0.00 0.00 0.00 0.00 0.00 0.00 3.49 14.46 20.29 28.34 39.12 30.35 23.90 19.46 16.89 14.52 12.43 10.95
4.18 4.10 3.92 3.82 3.82 3.40 3.35 3.70 4.82 11.64 26.34 33.04 34.00 34.00 19.16 34.00 34.00 19.11 10.20 9.63 6.80 5.92 5.19 4.26
12.96 11.91 8.42 5.78 3.83 3.17 2.57 2.09 2.39 2.73 5.03 5.23 19.53 55.17 78.22 107.81 88.90 54.99 27.66 22.76 18.68 15.88 14.11 10.36
160.70 184.88 170.58 162.36 159.93 132.68 118.91 117.39 101.58 49.18 58.78 60.00 60.00 60.00 60.00 60.00 60.00 60.00 60.00 60.00 79.59 127.38 114.53 102.75
121.49 139.77 128.96 122.74 120.91 100.31 89.90 88.75 76.70 37.18 44.44 45.36 45.36 45.36 45.36 45.36 45.36 45.36 45.36 45.36 60.43 96.48 86.58 77.68
70.31 80.88 74.63 71.03 69.97 58.05 52.02 51.36 44.24 21.51 25.72 26.25 26.25 26.25 26.25 26.25 26.25 26.25 26.25 26.25 35.17 55.97 50.11 44.95
113.70 130.80 120.69 114.87 113.15 93.87 84.13 83.05 71.76 34.79 41.58 42.45 42.45 42.45 42.45 42.45 42.45 42.45 42.45 42.45 56.60 90.33 81.03 72.69
148.65 171.01 157.79 150.18 147.94 122.73 109.99 108.59 93.93 45.49 54.37 55.50 55.50 55.50 55.50 55.50 55.50 55.50 55.50 55.50 73.72 117.90 105.94 95.04
104.86 120.63 111.31 105.94 104.35 86.57 77.59 76.60 66.15 32.09 38.35 39.15 39.15 39.15 39.15 39.15 39.15 39.15 39.15 39.15 52.25 83.34 74.73 67.04
233.82 269.00 248.20 236.23 232.70 193.05 173.02 170.80 147.99 71.55 85.52 87.30 87.30 87.30 87.30 87.30 87.30 87.30 87.30 87.30 114.91 184.66 166.64 149.49
0.00 0.00 0.00 0.00 0.00 0.00 0.00 0.00 0.00 0.00 0.00 0.00 0.00 0.00 0.00 0.00 0.00 0.00 0.00 0.00 0.00 0.00 0.00 0.00
158.15 170.60 167.84 149.94 137.65 113.52 98.20 90.58 81.29 129.64 103.48 51.18 51.18 51.18 51.18 51.18 51.18 51.18 51.18 51.18 83.14 118.45 93.48 85.68
152.03 164.00 161.35 144.14 132.33 109.13 94.40 87.08 78.45 123.83 99.00 49.20 49.20 49.20 49.20 49.20 49.20 49.20 49.20 49.20 79.93 113.87 89.86 82.36
204.13 220.20 216.64 193.53 177.67 146.52 126.76 116.91 102.36 173.82 137.47 66.06 66.06 66.06 66.06 66.06 66.06 66.06 66.06 66.06 107.23 152.89 120.66 110.59
728.18 785.50 772.79 690.36 633.79 522.68 452.17 417.06 320.89 653.16 509.29 235.65 235.65 235.65 235.65 235.65 235.65 235.65 235.65 235.65 381.79 545.38 430.42 394.49
261.89 282.50 277.93 248.29 227.94 187.98 162.62 149.99 128.40 229.81 180.45 84.75 84.75 84.75 84.75 84.75 84.75 84.75 84.75 84.75 137.50 196.14 154.80 141.88
7.35 19.06 7.98 8.60 22.57 9.64 9.77 10.06 13.02 16.86 53.25 96.29 120.00 120.00 120.00 120.00 120.00 120.00 120.00 104.07 120.00 120.00 120.00 120.00
11.36 12.26 11.75 11.71 12.23 11.24 10.88 11.20 13.22 15.52 18.09 26.88 29.88 29.88 31.39 29.88 29.88 29.88 29.88 17.46 17.07 14.69 13.58 12.76
69.83 75.39 72.27 72.03 75.24 69.12 66.92 68.85 81.28 95.46 111.22 197.54 183.76 183.75 210.51 183.75 183.75 183.75 183.75 107.34 123.22 90.32 83.51 78.48
2.50 2.30 1.63 1.12 0.74 0.61 0.50 0.40 0.46 0.53 1.03 1.12 3.77 10.65 15.10 20.81 19.49 11.18 5.34 4.39 3.60 3.06 2.72 2.00
9.89 9.72 9.28 9.04 9.05 8.04 7.94 8.77 11.42 27.52 62.36 78.23 80.50 80.50 45.25 80.50 80.50 45.19 24.15 27.56 16.10 14.01 12.28 10.10
8.60 8.45 8.07 7.86 7.87 6.99 6.91 7.62 9.93 23.93 54.23 68.02 70.00 70.00 39.36 70.00 70.00 39.30 21.00 23.13 14.00 12.19 10.68 8.78
1.60 1.57 1.50 1.46 1.46 1.30 1.28 1.42 1.84 4.46 10.07 12.63 13.00 13.00 7.37 13.00 13.00 7.33 3.90 3.30 2.60 2.26 1.98 1.63
75.46 77.03 70.34 70.39 72.44 69.51 67.53 67.23 80.02 88.04 94.63 64.84 60.00 60.00 60.00 60.00 60.00 60.00 43.17 30.04 30.58 43.46 90.81 96.51
278.71 330.02 338.60 338.60 338.60 275.98 182.49 114.62 110.99 117.90 133.58 101.86 79.80 64.64 53.82 51.19 57.45 47.67 63.54 110.90 265.40 338.60 338.60 338.60
104.97 68.70 66.47 50.08 25.51 49.69 54.87 27.19 63.41 49.48 117.72 78.36 45.00 45.00 45.00 45.00 45.00 45.00 45.00 33.76 30.11 50.31 80.36 72.22
104.97 68.70 66.47 50.08 25.51 49.69 54.87 27.19 63.41 49.48 117.72 78.36 45.00 45.00 45.00 45.00 45.00 45.00 45.00 33.76 30.11 50.31 80.36 72.22
7.00 4.69 3.55 2.57 1.70 2.39 2.18 1.11 3.28 3.36 7.85 5.27 3.00 3.00 3.00 3.00 3.00 3.00 3.00 2.25 2.01 3.38 5.36 4.81
98.91 119.09 108.66 98.72 89.90 86.89 84.00 81.07 56.54 38.77 51.18 52.29 56.44 60.00 54.72 46.33 39.01 65.74 105.13 94.06 95.98 97.96 100.42 65.43
58.16 70.02 63.89 58.05 52.86 51.09 49.39 47.67 33.36 22.80 30.09 30.75 33.19 35.28 32.18 27.24 22.94 38.69 61.82 55.31 56.44 57.60 59.05 38.47
78.06 82.16 84.61 90.59 85.85 91.69 87.43 87.98 114.50 145.26 174.20 97.74 70.73 143.27 66.79 52.26 52.26 75.89 152.35 174.20 170.29 132.06 100.33 86.93
111.80 117.67 121.18 129.74 116.58 131.32 125.22 126.01 164.00 208.05 249.50 139.96 96.96 202.25 92.70 74.85 74.85 109.23 218.77 249.50 243.90 189.14 143.71 124.51
12.31 12.23 11.77 11.73 12.01 11.03 11.13 12.28 16.32 21.39 36.94 30.00 30.00 30.00 30.00 73.62 30.00 30.00 30.00 27.57 23.18 19.41 16.16 13.65
18.10 17.97 17.30 17.24 17.65 16.22 16.36 18.05 23.99 31.44 59.61 44.10 44.10 44.10 44.10 108.35 44.10 44.10 44.10 40.53 34.07 28.53 23.76 20.07
6.24 4.26 0.00 0.00 0.00 0.00 0.93 1.37 1.20 1.12 1.14 1.66 4.04 9.51 15.53 23.83 41.82 90.15 112.38 111.24 75.39 58.70 79.52 69.89
0.00 0.00 0.00 0.00 0.00 0.00 0.00 0.00 0.00 0.00 0.00 0.00 0.00 0.00 0.00 0.00 0.00 0.00 0.00 0.00 0.00 0.00 0.00 0.00
8.36 5.70 0.00 0.00 0.00 0.00 1.25 1.83 1.60 1.50 1.52 2.22 5.41 12.74 20.80 31.94 53.16 118.02 150.59 150.74 100.46 76.32 106.55 93.65
1.92 1.12 0.00 0.00 0.00 0.00 0.00 0.00 0.00 0.00 0.00 0.00 4.73 15.01 19.98 27.08 36.73 30.72 25.88 22.28 20.09 18.02 16.11 14.37
61.26 65.13 59.50 55.44 52.71 45.93 40.57 27.09 9.76 8.61 7.64 11.75 17.44 24.70 27.25 51.13 78.39 25.99 20.28 15.53 29.05 54.28 57.48 50.21
206.27 244.25 250.60 250.60 250.60 204.25 135.06 84.83 82.14 87.26 98.86 75.39 59.06 47.84 39.84 37.89 42.52 35.28 47.02 82.08 196.42 250.60 250.60 250.60
109.80 110.12 102.56 100.31 103.39 91.69 89.97 98.27 134.05 178.84 230.00 230.00 230.00 230.00 230.00 230.00 230.00 230.00 230.00 182.79 167.26 153.82 140.60 114.32
35.47 66.18 35.42 18.91 20.12 39.50 73.81 59.02 25.54 50.88 96.52 176.80 238.50 238.50 238.50 238.50 238.50 238.50 176.17 71.55 64.21 45.35 30.39 27.62
11.99 12.99 11.69 10.77 10.24 9.11 8.41 8.04 10.36 13.54 33.27 76.09 54.58 100.00 56.12 30.00 30.00 30.00 25.43 14.57 13.71 13.36 32.99 12.69
144.48 137.16 137.55 138.18 139.33 119.49 112.57 118.63 145.80 178.30 215.86 268.00 268.00 268.00 268.00 268.00 268.00 268.00 161.86 113.53 198.02 268.00 268.00 268.00
128.59 120.44 117.17 114.77 113.16 119.93 128.08 138.01 154.80 172.96 192.97 250.00 250.00 250.00 250.00 250.00 250.00 250.00 250.00 190.34 120.68 100.03 120.94 108.24
0.00 0.00 0.00 0.00 0.00 0.00 0.00 0.00 0.00 0.00 0.00 0.00 0.00 0.00 0.00 0.00 0.00 0.00 0.00 0.00 0.00 0.00 0.00 0.00
5.76 8.85 7.91 7.25 6.85 7.81 9.32 11.62 13.34 15.62 34.97 129.56 162.50 162.50 162.50 162.50 162.50 162.50 121.50 71.79 70.05 68.44 39.64 15.92
104.38 110.51 99.03 88.44 78.90 68.67 61.43 57.69 71.20 96.35 75.89 138.64 185.40 104.55 130.61 142.89 146.36 185.40 149.42 119.43 111.89 106.54 103.40 60.27
0.00 0.00 0.00 0.00 0.00 0.00 0.00 0.00 0.00 0.00 0.00 0.00 0.00 0.00 0.00 0.00 0.00 0.00 0.00 0.00 0.00 0.00 0.00 0.00
91.85 99.25 98.65 98.46 97.83 87.76 78.72 71.02 55.04 47.90 47.75 57.91 76.50 106.73 93.44 81.31 70.49 75.39 83.30 94.20 103.58 113.48 124.28 66.60
173.52 176.50 176.50 176.50 168.85 156.08 145.27 136.92 152.79 130.37 52.95 52.95 52.95 52.95 52.95 52.95 52.95 50.02 69.28 88.89 85.23 81.55 78.06 75.00
3.32 14.51 4.52 3.72 3.45 4.25 5.29 6.54 7.26 8.04 8.85 31.77 113.69 73.53 130.00 130.00 130.00 130.00 130.00 108.37 106.41 104.45 102.60 70.77
335.57 338.40 320.29 316.08 322.76 306.50 293.76 286.44 337.29 221.13 136.53 190.78 257.10 257.10 257.10 257.10 257.10 250.86 181.64 132.67 246.13 455.07 476.37 430.15
399.20 407.50 345.30 372.38 383.22 367.71 357.22 355.64 423.31 495.83 558.84 423.97 317.40 317.40 317.40 317.40 317.40 317.40 228.34 158.91 161.77 201.69 451.80 510.55
205.19 221.53 212.36 211.65 221.08 203.11 196.63 202.30 238.84 280.49 326.82 755.04 539.95 539.94 745.19 539.94 539.94 539.94 539.94 315.43 466.77 265.39 245.39 230.60
8.26 6.68 3.67 0.00 0.00 0.00 0.00 0.00 0.00 0.00 0.00 4.55 16.55 92.53 66.41 104.04 123.96 87.87 63.40 47.92 41.71 36.95 33.78 24.12
31.10 28.57 20.20 13.86 9.18 7.60 6.17 5.02 5.74 6.54 11.76 11.67 46.84 132.35 187.63 258.63 203.31 135.87 66.37 54.59 44.80 38.08 33.86 24.86
8.69 2.44 1.53 0.00 0.00 0.00 1.76 2.20 2.51 2.87 3.36 2.10 7.40 25.71 41.63 62.98 78.00 78.00 68.95 63.52 105.67 167.37 148.41 131.44
6.04 0.00 0.00 0.00 0.00 0.00 3.72 4.43 4.45 4.61 4.96 0.00 11.06 46.56 75.54 114.47 165.74 122.24 93.41 76.53 64.59 54.30 45.09 38.90
3.12 2.87 2.03 1.39 0.92 0.76 0.62 0.50 0.58 0.66 1.28 1.39 4.70 13.29 18.84 25.96 23.94 13.82 6.66 5.48 4.50 3.82 3.40 2.50
16.27 4.69 2.94 0.00 0.00 0.00 3.38 4.24 4.82 5.53 6.47 4.04 14.22 49.44 80.05 121.11 150.00 150.00 132.59 122.16 203.12 321.86 285.40 252.77
17.68 9.20 0.00 0.00 0.00 0.00 0.00 0.00 0.00 0.00 0.00 0.00 44.05 160.14 211.85 279.57 326.40 288.35 229.85 188.27 169.66 152.09 282.77 117.16
9.74 0.00 0.00 0.00 0.00 0.00 0.00 0.00 0.00 0.00 0.00 0.00 22.49 93.28 130.89 182.83 252.32 195.77 154.18 125.55 108.94 93.68 80.21 70.64
39.67 42.17 38.52 35.90 34.13 29.74 26.27 17.54 6.32 5.58 4.94 7.61 11.29 15.99 17.64 32.70 49.98 16.83 13.13 10.06 17.70 33.99 37.22 32.51
48.74 51.82 47.34 44.12 41.94 36.55 32.28 21.55 7.76 6.85 6.08 9.35 13.88 19.65 21.68 40.44 61.92 20.68 16.14 12.36 22.39 42.43 45.74 39.95
325.97 345.13 309.27 276.20 246.41 214.45 191.84 180.15 222.35 300.90 236.89 469.01 579.00 325.32 454.05 466.38 395.58 578.99 466.63 372.97 349.43 332.73 322.92 188.23
350.82 229.13 286.75 204.57 85.26 170.82 193.61 96.73 219.52 165.10 393.42 261.70 150.39 150.39 150.39 150.39 150.39 150.39 150.39 112.84 100.61 168.03 268.57 241.35
420.21 444.92 398.69 356.06 317.65 276.45 247.30 232.24 286.64 387.90 305.36 612.49 746.40 419.18 605.65 614.30 493.67 746.39 601.55 480.81 450.46 428.93 416.28 242.65
584.94 619.33 554.98 495.64 442.18 384.82 344.25 323.28 399.01 539.96 425.03 864.18 1039.00 583.24 880.86 881.73 661.83 1038.99 837.36 669.29 627.04 597.07 579.47 337.77
139.78 151.48 135.62 124.08 115.50 100.02 92.14 91.32 126.86 175.60 240.96 264.60 264.60 378.16 264.60 264.60 604.22 264.60 264.60 218.34 462.38 398.17 139.46 121.32
2.59 8.82 4.46 4.84 5.43 5.57 5.86 15.21 7.25 11.02 26.83 46.62 56.10 56.10 56.10 56.10 56.10 56.10 41.41 16.83 13.48 10.23 7.59 7.52
