22.46 17.85 21.85 26.55 31.84 29.42 27.16 24.90 25.76 22.26 18.36 6.52 3.87 0.00 0.00 0.00 0.00 0.00 0.00 26.83 21.41 17.70 16.41 0.00
27.24 21.65 26.50 32.20 38.61 35.68 32.94 30.20 32.06 27.65 22.75 7.90 4.70 0.00 0.00 0.00 0.00 0.00 0.00 32.61 25.96 21.47 19.90 0.00
44.24 44.62 41.99 39.79 34.45 39.63 41.23 43.03 39.10 35.50 32.58 11.42 4.98 4.95 2.01 1.56 1.87 3.85 11.65 20.25 26.63 37.62 54.40 49.72
78.27 78.95 74.29 70.40 56.93 70.12 72.94 76.14 69.18 62.81 57.65 20.20 8.34 8.65 3.46 2.76 3.30 6.86 20.67 35.82 47.11 66.57 96.25 87.98
1.46 4.30 1.97 2.06 2.23 2.68 3.34 10.28 2.81 2.31 2.79 0.00 0.00 0.00 0.00 0.00 2.52 5.46 7.85 5.59 6.77 8.42 10.60 9.67
13.78 14.46 16.61 19.05 21.97 16.83 12.64 6.90 2.53 2.30 2.14 2.13 2.30 2.60 2.42 5.15 11.10 6.86 9.63 13.15 22.96 42.97 45.85 41.68
1.54 4.58 2.09 2.19 2.37 2.84 3.54 10.90 2.98 2.45 2.96 0.00 0.00 0.00 0.00 0.00 2.67 5.79 8.32 5.93 7.17 8.92 11.23 10.25
2.45 7.49 3.31 3.48 3.76 4.52 5.62 17.32 4.73 3.92 4.72 0.00 0.00 0.00 0.00 0.00 4.24 9.20 13.22 9.42 11.39 14.18 17.85 16.28
111.02 109.68 122.78 118.50 115.91 96.66 44.72 51.30 36.83 25.63 16.90 20.47 0.00 0.00 0.00 0.00 15.23 25.46 32.34 21.71 34.45 54.40 159.49 260.53
62.05 61.05 60.10 58.93 58.01 54.60 51.82 49.26 29.12 16.11 16.77 12.51 9.23 6.72 9.26 14.67 23.68 44.14 79.76 82.49 78.52 78.20 81.35 78.08
73.01 71.82 70.70 69.33 68.25 64.23 60.97 57.96 34.23 18.96 19.73 14.71 10.86 7.90 10.90 17.26 27.86 51.92 93.83 97.05 92.38 92.00 95.71 91.86
0.00 0.00 0.00 0.00 0.00 0.00 0.00 0.00 0.00 0.00 0.00 0.00 0.00 0.00 0.00 0.00 1.82 2.42 3.50 5.16 3.96 3.07 2.45 1.49
3.34 3.31 3.19 3.15 3.21 3.32 3.44 3.58 3.23 5.46 8.80 5.40 3.03 1.49 0.82 1.82 2.66 1.90 1.30 2.07 2.15 3.02 4.39 3.98
0.00 0.00 0.00 0.00 0.00 0.00 0.00 0.00 0.00 0.00 0.00 0.00 0.00 0.00 0.00 0.00 8.40 9.45 8.27 11.23 10.07 9.07 8.08 6.36
85.99 84.47 78.64 75.87 75.54 76.49 77.55 79.12 59.09 24.62 25.49 17.30 11.10 6.64 4.51 4.17 5.50 8.37 12.39 17.75 28.76 72.24 108.11 103.93
65.01 63.86 59.45 57.36 57.11 57.83 58.62 59.82 44.62 18.62 19.27 13.08 8.39 5.02 3.41 3.16 4.16 6.33 9.37 13.42 21.84 54.72 81.73 78.57
37.62 36.96 34.40 33.19 33.05 33.47 33.93 34.62 25.74 10.77 11.15 7.57 4.86 2.91 1.98 1.83 2.41 3.66 5.42 7.77 12.71 31.74 47.30 45.47
60.84 59.76 55.63 53.68 53.45 54.12 54.86 55.98 41.74 17.42 18.03 12.24 7.85 4.70 3.19 2.95 3.89 5.92 8.77 12.56 20.45 51.23 76.49 73.53
79.54 78.13 72.74 70.18 69.88 70.76 71.73 73.19 54.64 22.78 23.58 16.00 10.27 6.14 4.18 3.86 5.09 7.74 11.46 16.42 26.64 66.86 100.00 96.13
56.11 55.12 51.31 49.50 49.29 49.91 50.60 51.63 38.48 16.07 16.63 11.29 7.24 4.33 2.95 2.72 3.59 5.46 8.09 11.58 18.88 47.27 70.54 67.81
125.11 122.90 114.41 110.39 109.91 111.30 112.83 115.12 86.09 35.83 37.08 25.17 16.15 9.67 6.57 6.07 8.00 12.17 18.03 25.83 41.53 104.73 157.30 151.22
0.00 0.00 0.00 0.00 0.00 0.00 0.00 0.00 0.00 0.00 0.00 0.00 0.00 0.00 0.00 0.00 0.00 0.00 0.00 0.00 0.00 0.00 0.00 0.00
75.68 75.41 70.38 67.55 67.36 66.94 67.01 67.52 51.78 69.57 49.36 16.01 9.79 5.48 4.35 4.73 6.77 9.94 14.43 20.41 39.32 77.33 90.87 86.76
72.75 72.49 67.66 64.94 64.75 64.35 64.42 64.91 49.97 66.45 47.22 15.39 9.41 5.27 4.18 4.55 6.50 9.55 13.87 19.62 37.81 74.34 87.36 83.40
97.68 97.33 90.85 87.19 86.94 86.40 86.50 87.15 65.20 93.28 65.57 20.67 12.63 7.07 5.61 6.11 8.73 12.82 18.63 26.35 50.72 99.81 117.29 111.99
348.45 347.19 324.07 311.02 310.14 308.20 308.56 310.88 204.38 350.50 242.92 73.74 45.07 25.24 20.01 21.79 31.15 45.74 66.44 93.99 180.58 356.06 418.41 399.48
125.32 124.87 116.55 111.86 111.54 110.84 110.97 111.80 81.78 123.32 86.07 26.52 16.21 9.08 7.20 7.84 11.20 16.45 23.90 33.80 65.03 128.05 150.48 143.67
0.00 0.00 0.00 0.00 0.00 0.00 0.00 0.00 0.00 0.00 0.00 0.00 0.00 3.05 6.96 15.91 32.57 21.39 17.59 20.19 25.88 33.17 42.28 39.22
9.31 9.10 8.37 7.76 7.37 7.41 7.47 7.53 7.99 8.53 9.19 6.97 4.43 2.87 2.35 2.24 2.90 3.86 5.15 6.85 8.57 10.37 14.03 13.50
57.23 55.98 51.45 47.71 45.33 45.58 45.94 46.32 49.17 52.47 56.51 51.19 27.27 17.62 15.75 13.78 17.84 23.75 31.65 42.13 61.88 63.78 86.29 82.99
0.00 0.00 0.00 0.00 0.00 0.00 0.00 0.00 0.00 0.00 0.00 0.00 0.00 0.00 0.00 0.00 1.84 1.92 1.60 2.17 1.94 1.75 1.56 1.23
7.91 7.83 7.55 7.47 7.59 7.86 8.15 8.48 7.65 12.92 20.84 12.78 7.18 3.52 1.94 4.30 6.31 4.48 3.07 5.91 5.08 7.15 10.40 9.42
6.88 6.81 6.57 6.49 6.60 6.83 7.09 7.37 6.65 11.23 18.12 11.11 6.25 3.06 1.69 3.74 5.48 3.90 2.67 4.96 4.42 6.22 9.04 8.19
1.28 1.27 1.22 1.21 1.23 1.27 1.32 1.37 1.23 2.10 3.37 2.06 1.16 0.57 0.32 0.70 1.02 0.73 0.50 0.71 0.82 1.15 1.68 1.52
52.66 58.16 49.50 45.02 40.57 37.83 35.52 33.57 40.45 44.81 48.72 16.08 7.53 4.72 1.61 2.72 9.76 14.86 21.50 29.96 26.20 35.87 81.22 92.01
160.66 166.05 158.80 151.58 144.70 147.28 148.68 151.62 173.85 200.90 232.21 282.17 338.60 338.60 338.60 338.60 338.60 338.60 273.00 220.84 214.79 214.32 219.42 209.34
54.73 30.43 31.36 25.69 14.48 32.88 41.32 22.43 38.67 21.43 35.17 12.86 4.23 2.39 2.58 3.75 6.25 8.22 11.11 15.10 16.15 35.23 77.82 73.40
54.73 30.43 31.36 25.69 14.48 32.88 41.32 22.43 38.67 21.43 35.17 12.86 4.23 2.39 2.58 3.75 6.25 8.22 11.11 15.10 16.15 35.23 77.82 73.40
3.65 2.08 1.68 1.32 0.97 1.58 1.64 0.92 2.00 1.46 2.34 0.86 0.28 0.16 0.17 0.25 0.42 0.55 0.74 1.01 1.08 2.37 5.19 4.89
73.01 71.82 70.70 69.33 68.25 64.23 60.97 57.96 34.23 18.96 19.73 14.71 10.86 7.90 10.90 17.26 27.86 51.92 93.83 97.05 92.38 92.00 95.71 91.86
42.93 42.23 41.57 40.77 40.13 37.77 35.85 34.08 20.19 11.15 11.60 8.65 6.39 4.65 6.41 10.15 16.38 30.56 55.17 57.07 54.32 54.09 56.28 54.02
70.83 71.45 67.23 63.71 52.24 63.46 66.01 68.90 62.60 56.84 52.17 18.29 7.63 7.85 3.15 2.50 2.99 6.20 18.69 32.42 42.63 60.24 87.10 79.61
101.45 102.33 96.29 91.25 70.94 90.89 94.54 98.69 89.66 81.40 74.72 26.18 10.46 11.09 4.38 3.58 4.28 8.92 26.84 46.43 61.06 86.28 124.75 114.03
14.20 14.09 13.37 13.01 12.96 13.01 13.21 13.42 13.52 13.69 18.86 9.01 5.39 2.87 1.89 3.97 1.96 2.81 4.02 5.59 7.27 10.21 14.82 14.40
20.87 20.71 19.66 19.13 19.04 19.13 19.43 19.72 19.87 20.12 30.44 13.24 7.92 4.22 2.78 5.85 2.88 4.13 5.90 8.22 10.69 15.00 21.79 21.17
4.75 4.09 5.12 3.65 6.53 2.62 1.97 1.82 1.86 1.92 1.99 1.47 1.06 0.00 0.00 0.00 0.00 0.00 0.00 4.58 2.67 2.05 3.22 0.00
0.00 0.00 0.00 0.00 0.00 0.00 0.00 0.00 0.00 0.00 0.00 0.00 0.00 0.00 0.00 0.00 0.00 0.00 0.00 0.00 0.00 0.00 0.00 0.00
6.37 5.48 6.86 4.89 9.01 3.74 2.64 2.44 2.50 2.57 2.67 1.97 1.42 0.00 0.00 0.00 0.00 0.00 0.00 6.20 3.56 2.67 4.32 0.00
0.00 0.00 0.00 0.00 1.30 1.24 1.18 1.12 0.00 0.00 0.00 0.00 0.00 0.00 0.00 0.00 1.06 1.93 3.66 6.65 4.98 3.69 2.80 1.84
17.79 18.67 21.44 24.60 28.37 21.73 16.32 8.91 3.27 2.97 2.76 2.75 2.97 3.36 3.12 6.70 14.45 8.85 12.44 16.98 30.73 56.61 59.21 53.83
118.91 122.89 117.53 112.18 107.10 109.00 110.04 112.21 128.67 148.68 171.86 208.83 250.60 250.60 250.60 250.60 250.60 250.60 202.05 163.45 158.97 158.62 162.40 154.94
110.53 110.50 104.87 100.30 97.72 100.37 103.63 107.71 83.27 63.81 48.65 34.75 24.02 16.15 19.28 24.50 32.19 41.31 55.43 76.18 86.96 103.61 127.04 118.48
6.75 11.79 6.06 3.02 2.98 7.24 16.88 16.46 4.69 5.95 6.91 0.00 0.00 0.00 0.00 0.00 6.13 10.97 13.31 8.41 10.65 14.01 18.69 17.13
6.80 6.50 5.64 5.09 4.80 4.76 4.77 4.84 5.55 6.34 13.53 16.44 6.06 6.70 2.21 1.40 2.84 4.10 5.85 8.27 9.51 12.11 40.17 15.45
162.25 172.17 165.89 160.09 154.78 155.39 156.81 159.06 140.11 124.28 111.82 116.97 142.33 190.89 204.79 226.49 256.83 220.03 190.65 166.54 170.92 181.89 199.70 195.86
73.87 84.12 78.34 73.28 67.91 73.51 79.28 85.12 79.03 73.54 68.17 51.45 40.40 34.27 37.43 40.53 44.23 48.04 54.63 64.63 66.55 69.93 75.35 74.81
0.00 0.00 0.00 0.00 0.00 0.00 0.00 0.00 0.00 0.00 0.00 0.00 0.00 0.00 0.00 0.00 0.00 0.00 0.00 0.00 0.00 0.00 0.00 0.00
0.00 1.46 0.00 0.00 0.00 0.00 0.00 1.03 1.23 1.54 3.75 5.67 6.29 8.63 16.80 31.89 57.00 44.33 38.22 38.09 40.37 43.93 28.97 12.56
65.32 66.39 61.84 59.63 59.32 58.75 58.51 58.85 61.92 64.90 38.33 40.78 30.92 10.71 17.72 28.25 43.55 54.25 58.48 68.27 69.41 76.92 91.67 84.16
0.00 0.00 0.00 0.00 0.00 0.00 0.00 0.00 0.00 0.00 0.00 0.00 0.00 0.00 0.00 0.00 0.00 0.00 0.00 0.00 0.00 0.00 0.00 0.00
70.10 69.58 53.66 40.24 29.78 24.07 19.11 15.17 14.46 14.77 16.43 16.58 30.53 65.28 71.54 98.33 151.15 143.79 144.25 151.19 138.04 129.35 125.59 110.90
73.16 72.73 69.38 66.79 64.60 63.61 62.99 62.72 69.44 56.50 25.24 15.65 9.04 4.73 5.45 8.49 14.67 17.74 40.88 90.94 87.84 91.27 100.80 98.32
0.00 0.00 0.00 0.00 0.00 0.00 0.00 0.00 0.00 0.00 0.00 0.00 3.95 5.13 7.07 6.60 7.57 7.65 11.57 20.70 20.53 22.21 25.93 16.82
224.86 230.12 190.56 158.28 134.04 121.61 111.53 103.06 124.14 82.91 52.23 35.96 24.03 15.59 6.23 14.66 52.30 75.13 103.45 138.21 220.90 386.77 420.54 412.03
278.57 307.69 242.99 238.15 214.64 200.10 187.91 177.57 213.97 252.38 287.73 105.17 39.86 24.99 8.51 14.37 51.65 78.60 113.74 158.50 138.58 166.46 404.07 486.74
168.17 164.50 151.18 140.19 133.20 133.94 134.98 136.10 144.47 154.17 166.04 195.67 80.13 51.78 55.75 40.50 52.42 69.80 92.99 123.79 234.41 187.41 253.55 243.86
0.00 0.00 0.00 0.00 0.00 0.00 0.00 0.00 0.00 0.00 0.00 0.00 0.00 0.00 0.00 0.00 0.00 0.00 7.25 14.50 12.25 10.44 8.79 5.85
0.00 0.00 0.00 0.00 0.00 0.00 0.00 0.00 0.00 0.00 0.00 0.00 0.00 0.00 0.00 0.00 19.22 23.36 19.85 26.94 24.16 21.75 19.37 15.25
0.00 0.00 0.00 1.78 2.63 2.38 2.19 2.06 2.61 3.29 4.05 2.15 0.00 0.00 0.00 0.00 0.00 0.00 2.14 4.28 6.92 11.87 12.95 7.52
0.00 0.00 0.00 0.00 0.00 0.00 0.00 0.00 0.00 0.00 0.00 0.00 0.00 0.00 0.00 0.00 3.62 4.75 7.42 12.21 9.55 7.87 7.10 3.70
0.00 0.00 0.00 0.00 0.00 0.00 0.00 0.00 0.00 0.00 0.00 0.00 0.00 0.00 0.00 0.00 2.26 2.38 1.99 2.70 2.43 2.18 1.94 1.53
0.00 0.00 0.00 3.43 5.06 4.58 4.22 3.96 5.02 6.32 7.79 4.13 0.00 0.00 0.00 0.00 0.00 0.00 4.12 8.23 13.29 22.83 24.91 14.46
0.00 0.00 0.00 0.00 0.00 0.00 0.00 0.00 0.00 0.00 0.00 0.00 0.00 0.00 0.00 0.00 18.28 23.20 30.36 40.17 38.23 37.25 76.98 23.39
0.00 0.00 0.00 0.00 0.00 0.00 0.00 0.00 0.00 0.00 0.00 0.00 0.00 0.00 0.00 0.00 11.71 15.63 22.55 33.28 25.51 19.84 15.79 9.62
11.52 12.09 13.89 15.93 18.37 14.07 10.57 5.77 2.12 1.92 1.79 1.78 1.92 2.18 2.02 4.28 9.22 5.73 8.06 10.99 18.73 35.45 38.34 34.86
14.16 14.85 17.06 19.57 22.57 17.29 12.99 7.09 2.60 2.36 2.20 2.19 2.36 2.68 2.48 5.30 11.42 7.05 9.90 13.51 23.69 44.25 47.11 42.83
203.99 207.34 193.12 186.23 185.25 183.47 182.72 183.79 193.36 202.67 119.66 137.94 96.57 33.32 61.59 92.20 117.70 169.41 182.63 213.22 216.76 240.23 286.30 262.84
182.92 101.48 135.30 104.95 48.40 113.02 145.82 79.80 133.86 71.51 117.53 42.93 14.13 7.99 8.63 12.55 20.88 27.48 37.13 50.48 53.97 117.68 260.09 245.29
262.97 267.29 248.96 240.07 238.81 236.51 235.55 236.93 249.27 261.26 154.25 180.13 124.49 42.94 82.16 121.45 146.89 218.39 235.44 274.86 279.43 309.69 369.07 338.84
366.06 372.07 346.56 334.18 332.42 329.23 327.89 329.81 346.99 363.68 214.70 254.16 173.29 59.74 119.49 174.32 196.93 304.01 327.73 382.61 388.97 431.09 513.75 471.67
82.61 83.54 83.02 84.85 88.53 89.21 90.94 92.76 86.40 80.23 74.41 45.33 25.01 17.20 13.25 18.38 65.87 34.97 44.65 58.03 166.42 217.96 123.07 110.74
0.65 1.78 0.88 0.93 1.00 1.20 1.50 4.61 1.26 1.03 1.25 0.00 0.00 0.00 0.00 0.00 1.13 2.45 3.52 2.51 3.04 3.78 4.76 4.34
