288.72 249.05 254.29 281.75 334.45 370.73 417.56 474.46 401.14 344.69 326.84 125.14 185.88 192.99 192.99 192.99 332.00 284.63 332.94 615.51 643.30 643.30 643.30 643.30
350.17 302.05 308.40 341.71 405.62 449.62 506.42 575.44 499.24 428.01 404.98 151.77 225.43 234.06 234.06 234.06 419.03 342.76 405.43 748.14 780.20 780.20 780.20 780.20
108.80 108.80 108.80 108.80 98.16 108.80 105.80 88.55 108.80 108.80 108.80 61.07 46.17 90.35 42.61 32.64 32.64 47.20 94.93 108.80 108.80 108.80 77.58 43.96
192.50 192.50 192.50 192.50 162.22 192.50 187.20 156.67 192.50 192.50 192.50 108.00 77.30 157.79 73.27 57.75 57.75 83.96 168.46 192.50 192.50 192.50 137.26 77.78
19.51 84.11 28.22 18.86 12.12 10.80 23.57 92.33 37.50 49.31 103.87 119.91 125.00 125.00 125.00 125.00 125.00 125.00 92.34 37.50 37.50 37.50 20.44 11.29
116.00 116.00 116.00 116.00 97.84 71.42 54.14 33.41 2.32 1.61 9.71 34.80 34.80 0.00 0.00 0.00 0.00 0.00 0.00 0.00 0.00 0.00 0.00 116.00
20.68 89.55 29.91 19.99 12.84 11.44 24.98 97.87 39.75 52.32 110.17 127.48 132.50 132.50 132.50 132.50 132.50 132.50 97.89 39.75 39.75 39.75 21.67 11.97
32.85 146.38 47.52 31.76 20.40 18.18 39.66 155.54 63.15 83.57 175.67 207.62 210.50 210.50 210.50 210.50 210.50 210.50 155.55 63.15 63.15 63.15 34.42 19.01
622.97 524.08 623.00 623.00 147.67 124.99 134.01 186.90 186.90 186.90 186.90 460.54 623.00 623.00 623.00 623.00 623.00 623.00 460.54 186.90 186.90 186.67 174.76 185.62
170.00 170.00 170.00 170.00 170.00 170.00 170.00 170.00 96.01 51.00 51.00 51.00 51.00 51.00 51.00 51.00 51.00 95.49 170.00 170.00 170.00 0.00 0.00 170.00
200.00 200.00 200.00 200.00 200.00 200.00 200.00 200.00 112.86 60.00 60.00 60.00 60.00 60.00 60.00 60.00 60.00 112.31 200.00 200.00 200.00 0.00 0.00 200.00
5.15 5.25 5.22 5.59 6.33 5.98 5.98 6.25 3.33 3.05 5.25 15.72 41.40 41.40 41.40 41.40 41.40 41.40 41.40 41.40 41.40 41.40 41.40 41.40
10.20 10.20 10.20 10.20 10.20 10.20 10.20 10.20 10.20 19.12 34.00 33.99 34.00 34.00 19.16 34.00 34.00 19.11 10.20 12.55 10.20 10.20 10.20 8.44
65.28 65.28 59.72 38.66 23.41 15.15 9.47 5.85 0.00 2.69 26.26 142.39 217.60 0.00 0.00 0.00 134.72 104.24 65.28 65.28 65.28 65.28 65.28 65.28
200.00 200.00 200.00 200.00 200.00 200.00 200.00 200.00 147.17 60.00 60.00 60.00 60.00 60.00 60.00 60.00 60.00 60.00 60.00 60.00 84.70 172.48 200.00 200.00
151.20 151.20 151.20 151.20 151.20 151.20 151.20 151.20 111.12 45.36 45.36 45.36 45.36 45.36 45.36 45.36 45.36 45.36 45.36 45.36 64.30 130.65 151.20 151.20
87.50 87.50 87.50 87.50 87.50 87.50 87.50 87.50 64.10 26.25 26.25 26.25 26.25 26.25 26.25 26.25 26.25 26.25 26.25 26.25 37.43 75.79 87.50 87.50
141.50 141.50 141.50 141.50 141.50 141.50 141.50 141.50 103.96 42.45 42.45 42.45 42.45 42.45 42.45 42.45 42.45 42.45 42.45 42.45 60.23 122.31 141.50 141.50
185.00 185.00 185.00 185.00 185.00 185.00 185.00 185.00 136.09 55.50 55.50 55.50 55.50 55.50 55.50 55.50 55.50 55.50 55.50 55.50 78.45 159.64 185.00 185.00
130.50 130.50 130.50 130.50 130.50 130.50 130.50 130.50 95.84 39.15 39.15 39.15 39.15 39.15 39.15 39.15 39.15 39.15 39.15 39.15 55.60 112.85 130.50 130.50
291.00 291.00 291.00 291.00 291.00 291.00 291.00 291.00 214.40 87.30 87.30 87.30 87.30 87.30 87.30 87.30 87.30 87.30 87.30 87.30 122.29 250.05 291.00 291.00
0.00 0.00 0.00 0.00 0.00 0.00 0.00 0.00 0.00 0.00 0.00 0.00 0.00 0.00 0.00 0.00 0.00 0.00 0.00 0.00 0.00 0.00 0.00 0.00
170.60 170.60 170.60 170.60 170.60 170.60 170.60 170.60 123.33 155.83 103.48 51.18 51.18 51.18 51.18 51.18 51.18 51.18 51.18 51.18 95.98 170.60 170.60 170.60
164.00 164.00 164.00 164.00 164.00 164.00 164.00 164.00 119.02 148.85 99.00 49.20 49.20 49.20 49.20 49.20 49.20 49.20 49.20 49.20 92.28 164.00 164.00 164.00
220.20 220.20 220.20 220.20 220.20 220.20 220.20 220.20 155.30 208.93 137.47 66.06 66.06 66.06 66.06 66.06 66.06 66.06 66.06 66.06 123.80 220.20 220.20 220.20
785.50 785.50 785.50 785.50 785.50 785.50 785.50 785.50 486.84 785.09 509.29 235.65 235.65 235.65 235.65 235.65 235.65 235.65 235.65 235.65 440.78 785.50 785.50 785.50
282.50 282.50 282.50 282.50 282.50 282.50 282.50 282.50 194.81 276.23 180.45 84.75 84.75 84.75 84.75 84.75 84.75 84.75 84.75 84.75 158.74 282.50 282.50 282.50
67.44 88.63 36.00 36.00 84.17 36.00 36.00 36.00 36.00 36.00 88.65 96.29 120.00 120.00 120.00 114.25 95.16 86.96 84.87 87.66 120.00 120.00 120.00 120.00
29.88 29.88 29.88 29.88 29.88 23.41 22.22 29.88 29.88 29.88 29.88 31.88 29.88 29.88 31.39 29.88 29.88 29.88 29.88 29.88 31.77 29.88 29.88 29.88
183.75 183.75 183.75 183.75 183.75 143.93 136.65 183.75 183.75 183.75 183.75 234.28 183.76 183.75 210.51 183.75 183.75 183.75 183.75 183.75 229.39 183.75 183.75 183.75
12.60 12.60 11.53 7.46 4.52 2.92 1.83 1.13 0.00 0.52 5.40 30.56 42.00 0.00 0.00 0.00 29.54 21.20 12.60 12.60 12.60 12.60 12.60 12.60
24.15 24.15 24.15 24.15 24.15 24.15 24.15 24.15 24.15 45.20 80.50 80.49 80.50 80.50 45.25 80.50 80.50 45.19 24.15 35.91 24.15 24.15 24.15 19.99
21.00 21.00 21.00 21.00 21.00 21.00 21.00 21.00 21.00 39.31 70.00 69.99 70.00 70.00 39.36 70.00 70.00 39.30 21.00 30.13 21.00 21.00 21.00 17.38
3.90 3.90 3.90 3.90 3.90 3.90 3.90 3.90 3.90 7.33 13.00 12.99 13.00 13.00 7.37 13.00 13.00 7.33 3.90 4.30 3.90 3.90 3.90 3.23
200.00 200.00 195.26 200.00 200.00 189.58 171.93 160.05 39.53 0.00 0.00 16.37 55.77 60.00 60.00 60.00 0.00 0.00 0.00 0.00 0.00 0.00 0.00 0.00
251.97 338.60 333.65 338.60 338.60 338.60 338.60 338.60 338.60 338.60 338.60 338.60 338.60 0.00 0.00 0.00 0.00 338.60 338.60 338.60 338.60 338.60 309.04 216.07
150.00 84.36 92.76 78.82 45.00 106.15 137.43 75.93 141.55 84.30 133.75 84.20 45.00 45.00 45.00 45.00 45.00 45.00 45.00 0.00 45.00 84.18 149.99 150.00
150.00 84.36 92.76 78.82 45.00 106.15 137.43 75.93 141.55 84.30 133.75 84.20 45.00 45.00 45.00 45.00 45.00 45.00 45.00 0.00 45.00 84.18 149.99 150.00
10.00 5.76 4.96 4.05 3.00 5.11 5.45 3.11 7.33 5.73 8.92 5.66 3.00 3.00 3.00 3.00 3.00 3.00 3.00 0.00 3.00 5.66 10.00 10.00
200.00 200.00 200.00 200.00 200.00 200.00 200.00 200.00 112.86 60.00 60.00 60.00 60.00 60.00 60.00 60.00 60.00 112.31 200.00 200.00 200.00 0.00 0.00 200.00
117.60 117.60 117.60 117.60 117.60 117.60 117.60 117.60 66.59 35.28 35.28 35.28 35.28 35.28 35.28 35.28 35.28 66.10 117.60 117.60 117.60 0.00 0.00 117.60
174.20 174.20 174.20 174.20 148.85 174.20 169.40 141.77 174.20 174.20 174.20 97.74 70.73 143.27 66.79 52.26 52.26 75.89 152.35 174.20 174.20 174.20 124.21 70.39
249.50 249.50 249.50 249.50 202.15 249.50 242.63 203.05 249.50 249.50 249.50 139.96 96.96 202.25 92.70 74.85 74.85 109.23 218.77 249.50 249.50 249.50 177.90 100.81
30.00 30.00 30.00 30.00 30.00 30.00 30.00 30.00 30.00 30.00 40.31 30.00 30.00 30.00 30.00 73.62 30.00 30.00 30.00 30.00 30.00 30.00 30.00 20.13
44.10 44.10 44.10 44.10 44.10 44.10 44.10 44.10 44.10 44.10 65.03 44.10 44.10 44.10 44.10 108.35 44.10 44.10 44.10 44.10 44.10 44.10 44.10 29.60
54.76 47.93 44.11 25.29 40.21 23.26 25.19 32.84 29.04 30.92 38.91 33.16 41.94 41.94 41.94 41.94 50.50 111.85 139.80 135.62 103.80 91.59 139.80 139.80
0.00 0.00 0.00 0.00 0.00 0.00 0.00 0.00 0.00 0.00 0.00 0.00 0.00 0.00 0.00 0.00 0.00 0.00 0.00 0.00 0.00 0.00 0.00 0.00
73.37 64.23 59.10 33.85 55.48 33.14 33.75 44.00 38.91 41.44 52.14 44.43 56.20 56.20 56.20 56.20 64.20 146.43 187.33 183.78 138.32 119.08 187.33 187.33
5.71 5.35 7.05 9.20 11.75 10.67 10.01 9.71 5.34 3.93 4.79 7.18 26.24 45.90 45.90 45.90 45.90 45.90 45.90 45.90 45.90 45.90 45.90 45.90
149.80 149.80 149.80 149.80 126.35 92.23 69.91 43.15 3.00 2.08 12.54 44.94 44.94 0.00 0.00 0.00 0.00 0.00 0.00 0.00 0.00 0.00 0.00 149.80
186.49 250.60 246.94 250.60 250.60 250.60 250.60 250.60 250.60 250.60 250.60 250.60 250.60 0.00 0.00 0.00 0.00 250.60 250.60 250.60 250.60 250.60 228.72 159.92
230.00 230.00 230.00 230.00 230.00 230.00 230.00 230.00 230.00 230.00 230.00 230.00 230.00 230.00 230.00 230.00 230.00 230.00 230.00 230.00 230.00 174.84 49.84 32.98
37.38 121.49 62.00 29.86 27.67 73.51 238.49 176.28 71.55 133.82 229.19 211.86 210.00 223.15 238.50 238.50 238.50 238.50 176.17 71.55 71.55 49.49 23.25 13.69
30.00 30.00 30.00 25.59 16.98 11.12 7.59 5.82 3.59 6.25 30.03 88.96 56.25 100.00 56.12 30.00 30.00 30.00 30.00 30.00 30.00 30.00 73.71 30.00
268.00 268.00 268.00 202.29 128.89 180.09 247.27 268.00 268.00 268.00 268.00 268.00 268.00 0.00 268.00 268.00 268.00 268.00 268.00 268.00 268.00 128.60 61.36 49.45
250.00 250.00 250.00 246.78 197.93 157.60 134.10 124.02 157.92 206.81 250.00 250.00 250.00 250.00 250.00 250.00 250.00 250.00 250.00 220.63 87.85 29.49 14.65 5.86
0.00 0.00 0.00 0.00 0.00 0.00 0.00 0.00 0.00 0.00 0.00 0.00 0.00 0.00 0.00 0.00 0.00 0.00 0.00 0.00 0.00 0.00 0.00 0.00
48.12 48.75 48.75 48.75 48.75 48.75 48.75 48.75 48.75 48.75 91.77 162.50 162.50 162.50 162.50 162.50 162.50 162.50 162.50 162.50 162.50 162.50 96.21 48.75
185.40 185.40 185.40 185.40 185.40 185.40 185.40 185.40 185.40 185.40 104.02 160.49 185.40 104.55 130.61 142.89 146.36 185.40 0.00 0.00 185.40 185.40 185.40 185.40
0.00 0.00 0.00 0.00 0.00 0.00 0.00 0.00 0.00 0.00 0.00 0.00 0.00 0.00 0.00 0.00 0.00 0.00 0.00 0.00 0.00 0.00 0.00 0.00
203.23 279.63 332.60 332.60 332.60 332.60 332.60 332.60 332.60 332.60 332.60 332.60 332.60 332.60 332.60 332.60 0.00 332.60 332.60 332.60 332.60 332.60 332.60 332.60
176.50 176.50 176.50 176.50 176.50 176.50 176.50 176.50 176.50 130.37 38.57 48.11 52.95 52.95 52.95 52.95 52.95 52.95 98.98 176.50 0.00 0.00 0.00 0.00
16.21 37.76 27.83 39.00 39.00 39.00 39.00 39.00 39.00 39.00 39.00 34.86 5.73 0.00 7.19 57.04 130.00 128.62 97.66 96.25 130.00 130.00 130.00 95.85
857.00 857.00 857.00 857.00 857.00 856.57 806.50 773.73 248.80 24.41 0.00 30.67 205.79 257.10 257.10 257.10 0.00 0.00 0.00 0.00 0.00 0.00 0.00 0.00
1058.00 1058.00 958.56 1058.00 1058.00 1002.86 909.53 846.65 209.13 0.00 0.00 107.03 295.00 317.40 317.40 317.40 0.00 0.00 0.00 0.00 0.00 0.00 0.00 0.00
539.94 539.94 539.94 539.94 539.94 422.94 401.54 539.94 539.94 539.94 539.94 895.48 539.95 539.94 745.19 539.94 539.94 539.94 539.94 539.94 868.95 539.94 539.94 539.94
80.22 91.58 67.86 48.65 33.65 24.71 18.84 15.19 3.49 8.04 37.75 140.10 159.03 0.00 0.00 179.56 159.03 159.03 159.03 159.03 159.03 159.03 159.03 159.03
156.60 156.60 143.26 92.74 56.17 36.34 22.72 14.04 0.00 6.45 61.36 317.44 522.00 0.00 0.00 0.00 308.11 257.58 156.60 156.60 156.60 156.60 156.60 156.60
55.15 25.36 20.34 17.75 17.61 22.42 29.93 40.55 34.65 40.87 61.24 78.00 78.00 78.00 78.00 78.00 78.00 78.00 78.00 78.00 145.89 260.00 260.00 260.00
41.59 40.10 29.83 23.56 20.28 21.95 27.16 37.10 29.62 41.64 79.67 171.72 171.72 171.72 171.72 171.72 171.72 171.72 171.72 171.72 171.72 171.72 171.72 171.72
15.72 15.72 14.38 9.31 5.64 3.65 2.28 1.41 0.00 0.65 6.70 37.79 52.40 0.00 0.00 0.00 36.28 26.21 15.72 15.72 15.72 15.72 15.72 15.72
103.31 48.77 39.12 34.14 33.86 43.12 57.55 77.97 66.63 78.60 117.77 150.00 150.00 150.00 150.00 150.00 150.00 150.00 150.00 150.00 280.44 500.00 500.00 500.00
80.38 99.46 69.04 48.42 35.79 35.55 38.34 44.22 14.84 11.83 31.32 168.82 326.40 326.40 326.40 326.40 326.40 326.40 326.40 326.40 326.40 326.40 657.82 287.75
33.20 33.87 33.69 36.05 40.81 38.59 38.56 40.32 21.46 19.68 33.84 101.39 267.06 267.06 267.06 267.06 267.06 267.06 267.06 267.06 267.06 267.06 267.06 267.06
97.00 97.00 97.00 97.00 81.82 59.72 45.27 27.93 1.94 1.34 8.12 29.10 29.10 0.00 0.00 0.00 0.00 0.00 0.00 0.00 0.00 0.00 0.00 97.00
119.20 119.20 119.20 119.20 100.54 73.39 55.63 34.33 2.39 1.65 9.98 35.76 35.76 0.00 0.00 0.00 0.00 0.00 0.00 0.00 0.00 0.00 0.00 119.20
579.00 579.00 579.00 579.00 579.00 579.00 579.00 579.00 579.00 579.00 324.69 542.91 579.00 325.32 454.05 466.38 395.58 578.99 0.00 0.00 579.00 579.00 579.00 579.00
501.30 281.35 400.13 321.97 150.39 364.92 484.95 270.16 490.05 281.31 447.01 281.17 150.39 150.39 150.39 150.39 150.39 150.39 150.39 0.00 150.39 281.15 501.30 501.30
746.40 746.40 746.39 746.40 746.40 746.40 746.40 746.40 746.40 746.40 418.54 708.99 746.40 419.18 605.65 614.30 493.67 746.39 0.00 0.00 746.40 746.40 746.40 746.40
1039.00 1039.00 1038.99 1039.00 1039.00 1039.00 1039.00 1039.00 1039.00 1039.00 582.57 1000.33 1039.00 583.24 880.86 881.73 661.83 1038.99 0.00 0.00 1039.00 1039.00 1039.00 1039.00
264.60 264.60 264.60 264.60 264.60 264.60 264.60 264.60 264.60 264.60 264.60 264.60 264.60 378.16 264.60 264.60 604.22 264.60 264.60 0.00 651.99 651.69 264.61 264.60
8.76 34.73 12.67 8.46 5.44 4.85 10.59 41.40 16.83 21.97 46.30 52.29 56.10 56.10 56.10 56.10 56.10 56.10 41.41 16.83 16.83 16.83 9.17 5.07
