176.39 175.19 56.54 0.00 0.00 38.83 165.82 440.98 502.69 475.02 349.46 192.99 192.99 192.99 192.99 192.99 321.13 207.43 179.20 239.71 167.89 105.61 61.99 47.75
213.93 212.47 68.57 0.00 0.00 47.10 201.11 534.82 625.64 589.85 433.01 234.06 234.06 234.06 234.06 234.06 405.30 249.79 218.21 291.36 203.62 128.09 75.18 57.92
4.76 2.41 5.30 9.91 15.06 5.88 3.83 8.32 17.30 32.32 55.11 55.13 46.17 90.35 42.61 32.64 32.64 47.20 57.16 34.14 33.67 35.35 39.11 43.10
8.42 4.26 9.38 17.53 24.88 10.40 6.77 14.72 30.61 57.18 97.50 97.50 77.30 157.79 73.27 57.75 57.75 83.96 101.43 60.40 59.58 62.54 69.20 76.26
0.00 0.00 0.00 0.00 0.00 1.19 2.59 13.10 10.71 25.03 85.87 119.91 125.00 125.00 125.00 125.00 125.00 125.00 73.66 20.03 16.79 14.16 11.89 13.70
10.91 8.35 6.63 5.23 4.07 0.00 4.59 26.19 23.31 34.80 34.80 34.80 34.80 34.80 34.80 58.96 82.36 34.80 29.47 13.07 18.79 28.06 23.47 17.31
0.00 0.00 0.00 0.00 0.00 1.27 2.74 13.88 11.36 26.56 91.07 127.48 132.50 132.50 132.50 132.50 132.50 132.50 78.08 21.23 17.80 15.00 12.61 14.53
0.00 0.00 0.00 0.00 0.00 2.01 4.36 22.06 18.04 42.42 145.22 207.62 210.50 210.50 210.50 210.50 210.50 210.50 124.07 33.73 28.28 23.84 20.03 23.08
13.47 0.00 0.00 12.48 16.85 0.00 0.00 9.25 30.90 73.40 144.53 460.54 623.00 623.00 623.00 623.00 623.00 623.00 324.36 79.76 73.34 68.63 124.73 248.10
7.70 11.81 23.40 40.99 65.49 56.86 50.09 45.06 18.46 6.87 4.65 5.51 6.74 8.46 9.82 12.21 15.80 22.48 29.38 20.90 45.15 83.09 138.23 113.95
9.06 13.89 27.53 48.22 77.05 66.89 58.93 53.01 21.70 8.08 5.47 6.49 7.93 9.96 11.55 14.37 18.59 26.44 34.57 24.58 53.11 97.76 162.62 134.06
17.83 18.69 7.97 2.79 1.02 2.34 5.99 13.33 16.08 19.48 23.80 36.37 41.40 41.40 41.40 41.40 34.80 15.27 5.32 1.55 0.00 0.00 0.00 0.00
1.17 1.20 1.72 2.37 3.15 1.60 1.01 1.12 0.93 1.44 2.10 5.47 12.67 25.52 13.81 23.54 22.61 6.76 1.63 0.70 0.54 0.78 1.37 1.36
10.15 7.38 4.91 3.27 2.24 0.00 1.73 4.97 9.88 18.84 54.55 129.53 217.60 217.60 217.60 217.60 134.72 93.49 34.44 17.99 9.54 4.38 1.72 1.43
17.61 14.13 21.22 30.22 41.78 20.95 18.02 30.97 22.78 9.26 9.25 23.34 49.53 60.00 60.00 60.00 60.00 44.97 25.10 12.35 15.28 31.98 44.29 48.08
13.31 10.68 16.04 22.85 31.59 15.84 13.62 23.41 17.20 7.00 6.99 17.64 37.45 45.36 45.36 45.36 45.36 34.00 18.98 9.34 11.60 24.22 33.49 36.35
7.70 6.18 9.28 13.22 18.28 9.17 7.88 13.55 9.92 4.05 4.04 10.21 21.67 26.25 26.25 26.25 26.25 19.67 10.98 5.40 6.75 14.05 19.38 21.04
12.46 10.00 15.01 21.38 29.56 14.82 12.75 21.91 16.09 6.55 6.54 16.51 35.05 42.45 42.45 42.45 42.45 31.81 17.76 8.74 10.87 22.68 31.34 34.02
16.29 13.07 19.63 27.95 38.65 19.38 16.67 28.64 21.06 8.56 8.55 21.59 45.82 55.50 55.50 55.50 55.50 41.59 23.22 11.42 14.16 29.60 40.97 44.48
11.49 9.22 13.84 19.72 27.26 13.67 11.76 20.20 14.83 6.04 6.03 15.23 32.32 39.15 39.15 39.15 39.15 29.34 16.38 8.06 10.03 20.92 28.90 31.37
25.62 20.56 30.87 43.97 60.79 30.48 26.22 45.05 33.18 13.47 13.45 33.96 72.07 87.30 87.30 87.30 87.30 65.43 36.52 17.97 22.07 46.36 64.45 69.96
0.00 0.00 0.00 0.00 0.00 0.00 0.00 0.00 0.00 0.00 0.00 0.00 0.00 0.00 0.00 0.00 0.00 0.00 0.00 0.00 0.00 0.00 0.00 0.00
11.20 11.26 15.79 21.37 28.09 17.25 18.42 32.12 24.20 31.94 22.13 20.60 37.91 51.18 51.18 51.18 51.18 36.67 18.57 8.01 14.01 26.81 32.86 31.36
10.76 10.82 15.18 20.54 27.01 16.58 17.71 30.87 23.35 30.51 21.17 19.81 36.45 49.20 49.20 49.20 49.20 35.25 17.86 7.70 13.47 25.78 31.59 30.14
14.45 14.53 20.39 27.58 36.26 22.26 23.78 41.45 30.47 42.83 29.40 26.59 48.93 66.06 66.06 66.06 66.06 47.34 23.97 10.34 18.07 34.61 42.41 40.47
51.55 51.84 72.72 98.39 129.35 79.42 84.83 147.87 95.52 160.92 108.90 94.86 174.56 235.65 235.65 235.65 235.65 168.85 85.52 36.89 64.33 123.46 151.30 144.37
18.54 18.64 26.15 35.39 46.52 28.56 30.51 53.18 38.22 56.62 38.59 34.12 62.78 84.75 84.75 84.75 84.75 60.73 30.76 13.27 23.17 44.40 54.41 51.92
8.17 5.97 5.66 10.99 44.14 15.89 13.84 12.57 9.35 10.35 39.40 42.80 53.73 53.91 35.98 23.58 15.72 14.97 14.89 15.54 25.25 41.03 64.62 77.32
1.93 1.01 1.48 2.06 2.76 0.82 1.12 4.14 5.84 7.90 10.43 25.45 29.88 29.88 31.39 29.88 29.88 27.54 14.99 7.02 5.88 4.82 4.83 5.93
11.86 6.19 9.08 12.64 16.98 5.04 6.90 25.47 35.91 48.56 64.17 187.06 183.76 183.75 210.51 183.75 183.75 169.37 92.20 43.18 42.49 29.66 29.72 36.46
1.96 1.43 0.95 0.63 0.43 0.00 0.33 0.96 1.91 3.64 11.21 27.80 42.00 42.00 42.00 42.00 29.54 19.02 6.65 3.47 1.84 0.84 0.33 0.28
2.77 2.84 4.07 5.60 7.46 3.79 2.40 2.64 2.20 3.41 4.97 12.94 29.99 60.42 32.62 55.73 53.53 15.99 3.85 2.02 1.29 1.85 3.25 3.23
2.41 2.47 3.54 4.87 6.49 3.30 2.09 2.30 1.91 2.97 4.32 11.26 26.08 52.54 28.37 48.46 46.55 13.91 3.35 1.69 1.12 1.61 2.83 2.81
0.45 0.46 0.66 0.90 1.21 0.61 0.39 0.43 0.36 0.55 0.80 2.09 4.84 9.76 5.31 9.00 8.64 2.59 0.62 0.24 0.21 0.30 0.52 0.52
11.98 23.13 20.13 18.44 16.59 0.00 0.00 13.35 38.10 80.93 143.48 83.48 60.00 60.00 60.00 60.00 60.00 60.00 45.10 19.01 17.36 22.21 42.06 39.42
15.12 15.80 0.00 0.00 0.00 7.34 10.21 13.90 27.40 49.57 82.14 68.48 57.03 48.54 37.74 29.99 24.98 15.04 8.37 0.00 14.38 34.82 69.81 54.09
8.74 6.94 10.91 12.80 9.77 15.76 19.79 15.30 26.94 15.12 25.24 21.13 18.27 29.69 33.15 36.84 40.88 23.49 12.26 5.59 4.98 9.44 19.38 18.46
8.74 6.94 10.91 12.80 9.77 15.76 19.79 15.30 26.94 15.12 25.24 21.13 18.27 29.69 33.15 36.84 40.88 23.49 12.26 5.59 4.98 9.44 19.38 18.46
0.58 0.47 0.58 0.66 0.65 0.76 0.78 0.63 1.39 1.03 1.68 1.42 1.22 1.98 2.21 2.46 2.73 1.57 0.82 0.37 0.33 0.63 1.29 1.23
9.06 13.89 27.53 48.22 77.05 66.89 58.93 53.01 21.70 8.08 5.47 6.49 7.93 9.96 11.55 14.37 18.59 26.44 34.57 24.58 53.11 97.76 162.62 134.06
5.33 8.17 16.19 28.36 45.31 39.33 34.65 31.17 12.80 4.75 3.21 3.81 4.66 5.86 6.79 8.45 10.93 15.56 20.33 14.45 31.23 57.48 95.62 78.82
7.62 3.86 8.48 15.86 22.83 9.41 6.13 13.32 27.70 51.74 88.23 88.24 70.73 143.27 66.79 52.26 52.26 75.89 91.73 54.65 53.92 56.60 62.62 69.01
10.91 5.52 12.15 22.72 31.01 13.48 8.78 19.08 39.67 74.11 126.37 126.36 96.96 202.25 92.70 74.85 74.85 109.23 131.72 78.28 77.22 81.06 89.68 98.85
3.58 2.95 4.47 6.46 8.97 3.95 2.31 2.96 2.86 2.78 3.60 8.07 18.61 30.00 30.00 73.62 28.20 17.82 10.35 5.40 4.65 4.99 6.42 7.32
5.26 4.34 6.57 9.50 13.19 5.81 3.40 4.35 4.21 4.08 5.81 11.87 27.36 44.10 44.10 108.35 41.46 26.19 15.22 7.94 6.84 7.33 9.44 10.75
26.81 19.61 11.91 3.70 2.49 0.00 2.22 7.74 12.05 19.47 30.83 41.94 41.94 41.94 41.94 41.94 44.11 71.15 62.71 41.85 23.44 14.54 14.95 12.80
0.00 0.00 0.00 0.00 0.00 0.00 0.00 0.00 0.00 0.00 0.00 0.00 0.00 0.00 0.00 0.00 0.00 0.00 0.00 0.00 0.00 0.00 0.00 0.00
35.92 26.27 15.96 4.96 3.44 0.00 2.98 10.37 16.15 26.09 41.31 56.20 56.20 56.20 56.20 56.20 56.07 93.14 84.04 56.71 31.24 18.90 20.03 17.15
17.14 15.10 5.67 2.72 3.74 9.80 20.93 38.77 40.06 41.28 42.58 45.90 45.90 45.90 45.90 45.90 40.14 18.21 6.55 1.76 0.00 0.00 0.00 0.00
14.09 10.79 8.57 6.75 5.25 0.00 5.93 33.83 30.10 44.94 44.94 44.94 44.94 44.94 44.94 76.67 107.25 44.94 38.06 16.87 25.15 36.96 30.31 22.36
11.19 11.69 0.00 0.00 0.00 5.43 7.55 10.29 20.28 36.69 60.79 50.68 42.21 35.93 27.93 22.19 18.49 11.13 6.20 0.00 10.64 25.77 51.66 40.03
21.01 12.69 22.79 38.94 62.88 26.05 12.08 12.03 26.03 49.65 85.22 135.56 202.93 230.00 230.00 230.00 230.00 185.22 113.35 62.93 65.27 71.55 82.23 85.17
0.00 4.88 0.00 1.46 2.15 5.65 16.05 19.55 15.58 51.12 146.92 218.47 238.50 238.50 238.50 238.50 238.50 238.50 143.23 42.26 33.61 26.45 20.33 22.64
1.20 0.82 1.02 1.35 1.82 0.00 0.65 3.51 5.11 7.17 18.23 68.94 56.25 100.00 56.12 30.00 30.00 30.00 16.96 7.36 5.17 3.80 7.68 3.81
0.00 0.00 0.00 0.00 0.00 0.00 0.00 0.00 8.13 23.65 53.58 56.38 60.07 64.28 61.83 59.96 57.85 35.70 20.69 10.93 20.66 36.22 60.18 68.58
0.00 0.00 0.00 5.06 7.50 4.91 0.00 0.00 6.42 11.82 19.42 27.85 39.51 54.59 64.53 75.89 88.59 71.12 57.90 48.13 47.54 47.08 46.60 47.22
0.00 0.00 0.00 0.00 0.00 0.00 0.00 0.00 0.00 0.00 0.00 0.00 0.00 0.00 0.00 0.00 0.00 0.00 0.00 0.00 0.00 0.00 0.00 0.00
5.00 3.82 6.41 10.19 15.31 12.45 10.04 7.89 8.22 10.90 31.38 52.29 49.66 47.18 35.42 29.12 27.42 23.01 19.02 15.66 32.49 61.32 62.22 33.30
8.58 12.35 24.13 41.66 66.19 50.55 39.75 33.08 26.58 20.90 9.20 16.36 25.39 21.09 30.88 39.65 47.98 34.83 17.60 7.31 12.76 20.42 30.81 25.22
0.00 0.00 0.00 0.00 0.00 0.00 0.00 0.00 0.00 0.00 0.00 0.00 0.00 0.00 0.00 0.00 0.00 0.00 0.00 0.00 0.00 0.00 0.00 0.00
11.58 31.41 39.37 48.98 59.69 64.94 70.11 75.57 50.62 33.22 22.07 27.78 34.40 42.15 49.60 62.26 80.89 49.79 27.95 13.58 28.06 50.98 84.65 72.69
9.06 12.51 16.20 20.68 25.79 24.14 27.31 36.05 40.48 33.69 15.40 14.64 16.53 21.35 28.07 35.96 45.19 29.30 33.20 32.72 37.48 43.26 49.74 43.97
3.41 6.34 3.24 4.07 5.14 4.39 4.34 4.95 8.06 12.29 17.91 25.81 52.33 35.23 62.64 63.77 65.32 42.35 26.04 14.88 27.26 45.69 72.03 37.88
35.36 89.76 75.22 63.53 54.38 0.00 0.00 51.87 151.99 196.84 205.70 257.10 257.10 257.10 257.10 257.10 257.10 257.10 185.10 78.49 130.40 217.02 204.34 164.81
63.35 122.36 98.84 97.57 87.78 0.00 0.00 70.65 201.55 455.79 847.36 545.80 317.40 317.40 317.40 317.40 317.40 317.40 238.56 100.57 91.84 103.08 209.27 208.54
34.85 18.20 26.68 37.14 49.89 14.81 20.26 74.85 105.51 142.70 188.55 715.00 539.95 539.94 745.19 539.94 539.94 497.69 270.91 126.88 160.94 87.16 87.34 107.13
17.35 16.41 12.28 9.01 6.41 0.00 0.00 6.10 17.49 38.16 71.43 134.68 159.03 319.85 159.05 179.56 159.03 119.74 74.92 42.96 24.54 12.93 6.35 3.86
24.34 17.71 11.77 7.84 5.36 0.00 4.15 11.92 23.71 45.19 127.47 288.78 522.00 522.00 522.00 522.00 308.11 231.03 82.61 43.17 22.87 10.50 4.12 3.44
31.56 14.60 7.97 3.86 1.65 0.00 2.62 14.77 24.48 42.65 72.23 78.00 78.00 78.00 78.00 78.00 78.00 62.06 42.23 28.48 36.84 43.21 26.55 22.78
25.04 20.61 9.03 0.00 0.00 0.00 5.23 16.25 32.43 64.99 119.48 171.72 171.72 171.72 171.72 171.72 171.72 116.98 68.45 38.13 22.95 12.43 5.89 6.48
2.44 1.78 1.18 0.79 0.54 0.00 0.42 1.20 2.38 4.54 13.91 34.38 52.40 52.40 52.40 52.40 36.28 23.51 8.29 4.33 2.30 1.05 0.41 0.34
59.13 28.07 15.32 7.43 3.18 0.00 5.03 28.40 47.07 82.01 138.90 150.00 150.00 150.00 150.00 150.00 150.00 119.35 81.22 54.77 70.83 83.10 51.05 43.81
140.22 167.61 83.44 37.59 17.99 18.58 32.42 65.60 97.55 144.19 208.93 283.52 326.40 326.40 326.40 284.71 234.61 93.73 27.39 0.00 0.00 0.00 0.00 0.00
115.03 120.59 51.42 17.97 6.59 15.10 38.61 86.01 103.71 125.66 153.50 234.61 267.06 267.06 267.06 267.06 224.50 98.52 34.29 10.00 0.00 0.00 0.00 0.00
9.12 6.98 5.55 4.37 3.40 0.00 3.84 21.90 19.49 29.10 29.10 29.10 29.10 29.10 29.10 49.03 68.38 29.10 24.64 10.93 15.32 23.15 19.63 14.48
11.21 8.58 6.82 5.37 4.18 0.00 4.72 26.91 23.95 35.76 35.76 35.76 35.76 35.76 35.76 60.63 84.71 35.76 30.29 13.43 19.38 28.89 24.12 17.79
26.79 38.56 75.35 130.09 206.70 157.86 124.14 103.31 83.02 65.28 28.71 55.35 79.30 65.63 107.34 129.43 129.68 108.76 54.96 22.84 39.85 63.76 96.22 78.76
29.19 23.15 47.08 52.28 32.67 54.16 69.84 54.44 93.26 50.45 84.34 70.55 61.06 99.23 110.79 123.11 136.63 78.51 40.98 18.68 16.65 31.53 64.78 61.68
34.53 49.70 97.14 167.71 266.46 203.50 160.03 133.18 107.02 84.16 37.01 72.29 102.23 84.57 143.18 170.47 161.83 140.20 70.85 29.45 51.38 82.20 124.04 101.53
48.07 69.19 135.22 233.45 370.92 283.28 222.77 185.39 148.98 117.15 51.52 101.99 142.31 117.67 208.24 244.69 216.96 195.17 98.63 40.99 71.52 114.42 172.67 141.34
23.11 30.73 42.29 56.64 73.43 45.32 35.42 40.49 35.74 31.60 27.71 44.85 82.69 214.16 161.75 176.04 437.87 95.57 40.10 13.68 31.20 43.49 30.45 27.63
0.00 0.00 0.00 0.00 0.00 0.54 1.16 5.87 4.81 11.15 38.28 52.29 56.10 56.10 56.10 56.10 56.10 56.10 33.03 8.99 7.54 6.35 5.34 6.15
