607.85 499.80 435.85 379.62 328.34 270.15 218.44 174.13 134.40 85.79 51.11 34.96 49.85 74.90 131.40 192.99 332.00 284.63 332.94 615.51 643.30 643.30 643.30 643.30
737.20 606.17 528.60 460.40 398.21 327.64 264.92 211.19 167.27 106.52 63.32 42.40 60.46 90.84 159.36 234.06 419.03 342.76 405.43 748.14 780.20 780.20 780.20 780.20
8.90 33.10 45.37 60.55 71.50 57.98 40.91 27.55 26.94 28.01 30.85 29.65 35.68 90.35 42.61 28.96 25.27 37.23 78.48 96.92 64.24 40.23 23.40 25.15
15.76 58.57 80.27 107.13 118.17 102.59 72.38 48.75 47.67 49.56 54.59 52.43 59.73 157.79 73.27 51.24 44.71 66.23 139.27 171.48 113.66 71.19 41.40 44.50
8.32 23.71 10.58 11.01 11.70 14.40 17.47 51.62 12.19 8.40 8.08 12.18 18.38 27.42 28.48 29.71 31.04 46.91 52.11 31.15 22.86 16.39 11.54 11.17
90.69 114.71 111.40 108.82 106.79 89.30 73.99 45.00 18.19 19.50 22.13 17.07 12.91 9.49 6.91 8.16 7.61 4.39 6.10 8.45 16.96 36.74 45.17 69.00
8.81 25.25 11.22 11.67 12.41 15.26 18.52 54.72 12.92 8.91 8.57 12.95 19.49 29.07 30.19 31.50 32.90 49.72 55.24 33.02 24.23 17.38 12.23 11.84
14.00 41.27 17.82 18.54 19.71 24.25 29.40 86.96 20.53 14.23 13.67 21.09 30.96 46.18 47.96 50.04 52.27 78.99 87.78 52.46 38.50 27.61 19.44 18.80
127.68 164.28 216.64 251.54 301.21 218.95 86.96 85.38 69.79 57.71 48.43 147.84 245.66 299.52 297.50 295.83 295.53 395.54 388.15 186.90 135.80 82.99 88.90 165.75
142.71 169.38 126.83 92.38 64.46 54.13 45.66 39.25 11.06 2.49 0.00 2.47 10.38 30.11 40.25 51.00 51.00 95.49 170.00 170.00 170.00 109.54 58.93 47.92
167.90 199.27 149.21 108.68 75.83 63.68 53.72 46.18 13.00 2.93 0.00 2.90 12.21 35.42 47.35 60.00 60.00 112.31 200.00 200.00 200.00 128.87 69.32 56.38
14.50 9.83 6.61 4.22 2.55 2.62 2.76 2.97 5.08 9.22 16.17 14.47 14.10 15.01 26.07 41.40 41.40 41.40 41.40 41.40 41.40 41.40 41.40 40.26
4.64 8.20 6.53 5.13 3.96 3.28 2.69 2.16 2.54 5.96 13.69 21.20 32.16 34.00 19.16 34.00 32.02 16.59 8.70 11.21 6.12 3.88 2.31 2.32
60.95 60.69 40.42 25.22 14.32 9.40 6.24 4.66 4.71 5.39 10.95 12.80 17.05 15.56 15.55 16.09 10.46 15.27 16.16 25.25 32.76 41.55 51.96 63.63
34.42 102.54 92.46 82.75 73.78 59.00 46.89 37.33 22.71 9.34 11.38 25.81 51.32 60.00 60.00 55.52 46.86 44.82 45.87 50.16 49.04 66.42 48.92 51.78
26.02 77.52 69.90 62.56 55.78 44.60 35.45 28.22 17.14 7.06 8.61 19.51 38.79 45.36 45.36 41.98 35.42 33.88 34.68 37.92 37.23 50.31 36.99 39.15
15.06 44.86 40.45 36.20 32.28 25.81 20.51 16.33 9.89 4.09 4.98 11.29 22.45 26.25 26.25 24.29 20.50 19.61 20.07 21.94 21.67 29.19 21.40 22.65
24.35 72.55 65.42 58.55 52.20 41.74 33.17 26.41 16.04 6.61 8.05 18.26 36.31 42.45 42.45 39.28 33.15 31.71 32.45 35.49 34.87 47.10 34.61 36.64
31.84 94.85 85.53 76.54 68.24 54.57 43.37 34.53 21.00 8.64 10.53 23.88 47.47 55.50 55.50 51.36 43.34 41.46 42.43 46.39 45.42 61.48 45.26 47.90
22.46 66.91 60.33 53.99 48.14 38.50 30.59 24.36 14.79 6.09 7.43 16.84 33.48 39.15 39.15 36.23 30.57 29.24 29.93 32.73 32.19 43.46 31.92 33.79
50.08 149.20 134.53 120.40 107.35 85.84 68.22 54.31 33.08 13.59 16.56 37.56 74.66 87.30 87.30 80.79 68.17 65.21 66.74 72.98 70.81 96.30 71.19 75.34
0.00 0.00 0.00 0.00 0.00 0.00 0.00 0.00 0.00 0.00 0.00 0.00 0.00 0.00 0.00 0.00 0.00 0.00 0.00 0.00 0.00 0.00 0.00 0.00
21.78 63.70 56.44 49.78 43.59 31.98 23.87 19.19 4.59 0.00 3.73 7.20 22.90 51.18 44.23 39.35 40.05 38.34 40.09 45.24 61.79 78.10 54.31 57.18
20.93 61.24 54.26 47.86 41.90 30.75 22.94 18.45 4.43 0.00 3.57 6.92 22.01 49.20 42.52 37.83 38.50 36.85 38.54 43.49 59.40 75.08 52.21 54.97
28.11 82.22 72.85 64.25 56.26 41.28 30.80 24.77 5.78 0.00 4.95 9.30 29.55 66.06 57.08 50.79 51.70 49.48 51.74 58.39 79.69 100.81 70.10 73.80
100.26 293.30 259.87 229.21 200.71 147.26 109.89 88.38 18.12 0.00 18.35 33.16 105.42 235.65 203.63 181.19 184.41 176.52 184.58 208.29 283.75 359.60 250.07 263.26
36.06 105.48 93.46 82.43 72.18 52.96 39.52 31.78 7.25 0.00 6.50 11.93 37.91 84.75 73.24 65.16 66.32 63.48 66.38 74.91 102.19 129.33 89.94 94.68
25.06 31.24 9.19 6.52 10.51 3.53 2.71 2.06 1.97 1.90 4.49 0.00 0.00 0.00 0.00 9.39 24.82 34.47 49.91 73.09 51.91 35.87 24.36 15.06
0.86 2.05 2.96 4.11 5.47 3.64 2.43 1.69 0.00 0.00 1.03 1.10 4.92 17.14 14.72 12.21 11.68 11.88 13.11 15.47 11.77 7.66 5.03 5.46
5.32 12.62 18.19 25.26 33.67 22.39 14.92 10.37 0.00 0.00 6.33 8.06 30.28 105.38 98.69 75.08 71.85 73.07 80.63 95.13 85.00 47.13 30.92 33.56
11.77 11.71 7.80 4.87 2.76 1.81 1.20 0.90 0.91 1.04 2.25 2.75 3.29 3.00 3.00 3.11 2.29 3.11 3.12 4.87 6.32 8.02 10.03 12.28
10.98 19.42 15.47 12.15 9.39 7.77 6.38 5.12 6.02 14.10 32.41 50.20 76.15 80.50 45.25 80.50 75.81 39.23 20.61 32.08 14.48 9.19 5.48 5.49
9.55 16.89 13.45 10.57 8.16 6.75 5.55 4.45 5.23 12.26 28.18 43.65 66.22 70.00 39.36 70.00 65.92 34.11 17.92 26.92 12.59 7.99 4.76 4.78
1.77 3.14 2.50 1.96 1.52 1.25 1.03 0.83 0.97 2.29 5.23 8.10 12.30 13.00 7.37 13.00 12.24 6.36 3.33 3.84 2.34 1.48 0.88 0.89
80.54 94.87 104.71 124.34 145.63 131.48 118.72 107.80 128.48 144.52 161.80 45.12 16.26 6.70 4.20 3.45 4.17 10.14 20.40 36.35 38.76 58.17 129.97 160.01
74.32 61.20 48.04 39.64 35.56 21.48 17.86 23.45 9.24 0.00 0.00 0.00 20.62 81.29 73.13 75.51 88.45 89.85 117.97 181.90 141.97 111.35 86.44 87.34
38.23 33.86 31.88 23.05 11.06 19.42 19.94 9.92 4.66 0.00 2.96 7.98 15.50 39.79 34.89 35.63 42.31 40.25 42.06 45.00 32.25 38.90 42.61 40.99
38.23 33.86 31.88 23.05 11.06 19.42 19.94 9.92 4.66 0.00 2.96 7.98 15.50 39.79 34.89 35.63 42.31 40.25 42.06 45.00 32.25 38.90 42.61 40.99
2.55 2.31 1.70 1.18 0.74 0.93 0.79 0.41 0.24 0.00 0.20 0.54 1.03 2.65 2.33 2.38 2.82 2.68 2.80 3.00 2.15 2.62 2.84 2.73
167.90 199.27 149.21 108.68 75.83 63.68 53.72 46.18 13.00 2.93 0.00 2.90 12.21 35.42 47.35 60.00 60.00 112.31 200.00 200.00 200.00 128.87 69.32 56.38
98.72 117.17 87.73 63.90 44.59 37.44 31.58 27.15 7.67 1.72 0.00 1.71 7.18 20.83 27.84 35.28 35.28 66.10 117.60 117.60 117.60 75.78 40.76 33.15
14.26 53.00 72.64 96.94 108.43 92.83 65.50 44.12 43.14 44.84 49.40 47.45 54.66 143.27 66.79 46.37 40.46 59.86 125.95 155.18 102.85 64.42 37.46 40.27
20.42 75.91 104.04 138.85 147.25 132.96 93.82 63.19 61.79 64.23 70.75 67.95 74.92 202.25 92.70 66.41 57.95 86.16 180.86 222.26 147.31 92.26 53.66 57.67
9.14 21.22 19.57 18.08 16.69 13.04 10.02 7.46 8.29 9.75 16.01 20.42 30.00 30.00 30.00 73.62 25.50 24.22 24.28 25.68 17.49 11.32 6.93 7.14
13.44 31.19 28.77 26.58 24.54 19.17 14.73 10.96 12.18 14.34 25.83 30.01 44.10 44.10 44.10 108.35 37.49 35.60 35.69 37.75 25.71 16.65 10.18 10.50
120.51 90.94 74.73 34.43 38.86 14.05 9.26 7.29 6.62 6.11 5.73 8.11 12.18 18.35 30.95 41.94 50.50 111.85 139.80 135.62 103.80 91.59 139.80 139.80
0.00 0.00 0.00 0.00 0.00 0.00 0.00 0.00 0.00 0.00 0.00 0.00 0.00 0.00 0.00 0.00 0.00 0.00 0.00 0.00 0.00 0.00 0.00 0.00
161.48 121.85 100.14 46.07 53.60 20.03 12.41 9.77 8.87 8.19 7.68 10.87 16.32 24.59 41.47 56.20 64.20 146.43 187.33 183.78 138.32 119.08 187.33 187.33
19.92 15.03 10.28 6.62 3.95 4.28 4.67 5.11 7.78 11.73 17.20 15.72 16.10 18.34 29.29 44.09 45.90 45.90 45.90 45.90 45.90 45.90 45.90 45.90
117.11 148.13 143.86 140.53 137.91 115.32 95.55 58.12 23.49 25.18 28.57 22.05 16.67 12.26 8.92 10.61 9.91 5.66 7.88 10.91 22.71 48.39 58.34 89.11
55.00 45.30 35.55 29.34 26.32 15.90 13.22 17.36 6.84 0.00 0.00 0.00 15.26 60.16 54.13 55.88 65.47 66.50 87.31 134.63 105.07 82.41 63.97 64.64
119.09 169.58 157.74 147.53 137.79 104.42 77.14 55.13 60.48 70.25 85.41 121.47 179.91 230.00 222.72 184.35 150.30 149.81 154.33 164.38 115.42 78.37 50.90 54.27
43.10 68.70 38.84 21.24 22.99 45.42 84.37 66.04 21.64 33.22 49.71 50.64 52.39 54.77 50.74 46.89 43.10 72.15 85.33 52.61 35.12 22.19 13.27 14.66
4.39 5.81 5.50 5.42 5.65 6.13 6.77 7.51 9.92 15.65 48.90 27.09 3.85 6.23 0.00 0.00 0.87 1.98 4.66 9.68 9.28 8.94 21.14 10.12
57.73 56.22 47.30 44.43 46.46 34.86 32.46 38.67 18.58 7.73 0.00 0.00 0.00 20.19 20.54 21.75 23.86 21.42 23.49 30.07 36.96 44.85 53.87 55.34
9.12 0.00 5.88 11.50 21.21 21.18 26.91 39.37 25.10 16.90 13.27 5.55 0.00 0.00 0.00 0.00 5.12 6.35 7.89 9.64 10.67 11.83 13.36 22.45
0.00 0.00 0.00 0.00 0.00 0.00 0.00 0.00 0.00 0.00 0.00 0.00 0.00 0.00 0.00 0.00 0.00 0.00 0.00 0.00 0.00 0.00 0.00 0.00
28.26 23.16 17.68 13.22 9.58 6.92 4.79 3.20 4.43 6.07 15.32 12.29 4.24 0.00 6.15 20.22 47.23 72.92 112.84 162.50 104.59 58.92 17.48 6.40
179.78 185.40 156.26 125.64 98.97 76.06 57.47 42.23 36.93 34.68 19.76 64.77 138.89 104.55 130.61 142.89 146.36 185.40 185.40 185.40 163.41 103.97 61.23 55.75
0.00 0.00 0.00 0.00 0.00 0.00 0.00 0.00 0.00 0.00 0.00 0.00 0.00 0.00 0.00 0.00 0.00 0.00 0.00 0.00 0.00 0.00 0.00 0.00
184.54 152.45 115.09 85.02 61.44 53.07 45.54 38.64 35.26 34.63 36.73 71.46 126.97 209.01 261.78 332.60 332.60 332.60 332.60 332.60 279.92 153.71 73.31 66.91
28.60 56.10 55.45 54.80 53.72 45.77 43.37 46.91 21.91 10.07 5.11 0.00 0.00 12.96 16.98 28.53 50.81 52.95 98.98 176.50 176.50 165.37 133.31 104.70
23.95 69.13 18.60 11.48 6.47 4.19 2.77 1.98 1.64 1.88 2.80 4.68 10.75 7.96 3.39 0.00 8.52 27.31 63.23 121.54 92.79 69.02 49.86 24.24
468.50 601.23 626.53 670.89 728.68 615.25 516.91 432.77 518.66 355.44 234.68 139.55 75.01 34.83 24.34 22.45 28.61 61.93 115.30 194.40 358.26 666.47 701.15 730.10
426.07 501.86 514.02 657.74 770.38 695.53 628.02 570.24 679.68 813.95 955.55 295.02 86.01 35.44 22.20 18.27 22.08 53.65 107.93 192.28 205.02 269.96 646.59 846.46
15.62 37.09 53.46 74.21 98.92 65.80 43.83 30.46 0.00 0.00 18.60 30.79 88.96 309.65 349.35 220.62 211.12 214.72 236.92 279.54 321.97 138.49 90.86 98.63
149.83 112.14 71.78 42.36 22.35 15.21 10.58 7.77 8.51 10.86 15.18 11.55 9.07 15.16 9.28 13.54 16.02 30.56 52.14 82.58 121.77 159.03 159.03 159.03
146.22 145.58 96.97 60.49 34.36 22.54 14.97 11.17 11.30 12.92 25.60 28.53 40.89 37.33 37.31 38.59 23.92 37.73 38.76 60.58 78.58 99.68 124.64 152.64
162.56 56.59 44.71 34.61 26.18 20.48 16.21 13.16 15.12 18.05 21.81 28.95 40.13 56.16 78.00 78.00 78.00 78.00 78.00 78.00 145.89 260.00 260.00 260.00
118.28 76.28 53.74 36.19 23.13 17.38 13.68 11.38 16.41 24.77 37.32 41.78 49.82 62.66 108.57 171.72 171.72 171.72 171.72 171.72 171.72 171.72 171.72 171.72
14.68 14.61 9.73 6.07 3.45 2.26 1.50 1.12 1.13 1.30 2.79 3.40 4.10 3.75 3.75 3.87 2.82 3.84 3.89 6.08 7.89 10.01 12.51 15.32
304.54 108.82 85.98 66.55 50.35 39.38 31.18 25.31 29.08 34.71 41.94 55.68 77.18 107.99 150.00 150.00 150.00 150.00 150.00 150.00 280.44 500.00 500.00 500.00
184.49 125.26 73.74 39.46 18.81 18.91 19.95 22.33 39.91 83.00 163.95 127.33 101.05 83.62 152.20 252.18 326.40 326.40 326.40 326.40 326.40 326.40 678.68 326.40
93.56 63.40 42.67 27.23 16.42 16.87 17.81 19.17 32.79 59.49 104.30 93.36 90.93 96.85 168.17 267.06 267.06 267.06 267.06 267.06 267.06 267.06 267.06 259.69
75.83 95.92 93.15 91.00 89.30 74.67 61.87 37.63 15.21 16.31 18.50 14.28 10.79 7.94 5.77 6.78 6.32 3.67 5.10 7.07 13.84 30.31 37.77 57.70
93.19 117.87 114.47 111.82 109.74 91.76 76.03 46.25 18.69 20.04 22.74 17.54 13.26 9.76 7.10 8.39 7.83 4.51 6.27 8.68 17.50 37.84 46.42 70.91
561.44 579.00 488.00 392.36 309.09 237.52 179.48 131.89 115.34 108.31 61.68 219.11 433.74 325.32 454.05 466.38 395.58 578.99 579.00 579.00 510.32 324.69 191.23 174.10
127.77 112.91 137.51 94.14 36.97 66.75 70.36 35.31 16.12 0.00 9.90 26.66 51.79 132.97 116.61 119.08 141.40 134.52 140.58 150.39 107.79 129.91 142.41 137.00
723.77 746.40 629.09 505.80 398.46 306.19 231.37 170.03 148.69 139.63 79.50 286.14 559.15 419.18 605.65 614.30 493.67 746.39 746.40 746.40 657.86 418.56 246.52 224.43
1007.50 1039.00 875.70 704.09 554.66 426.23 322.07 236.68 206.97 194.37 110.66 403.73 778.34 583.24 880.86 881.73 661.83 1038.99 1039.00 1039.00 915.75 582.65 343.16 312.41
122.01 193.58 148.42 111.59 80.88 58.23 41.55 29.62 18.47 16.36 22.14 59.53 135.25 378.16 238.52 239.20 604.22 247.45 247.55 264.60 447.37 291.71 73.20 70.23
3.73 9.79 4.75 4.94 5.25 6.46 7.86 23.15 5.47 3.74 3.60 5.31 8.25 12.31 12.78 13.34 13.93 21.05 23.37 13.98 10.26 7.36 5.18 5.01
