0.00 40.33 52.12 68.96 92.45 145.11 219.60 319.33 282.13 209.32 147.38 75.92 71.43 67.35 73.01 79.62 150.43 85.55 62.32 66.54 56.69 45.75 36.27 28.70
0.00 48.91 63.21 83.64 112.13 175.99 266.33 387.29 351.13 259.92 182.61 92.07 86.63 81.68 88.55 96.56 189.85 103.02 75.89 80.88 68.75 55.49 43.99 34.80
8.55 10.53 7.92 6.91 6.58 13.35 23.15 37.48 30.74 24.90 19.80 13.73 12.66 29.96 9.95 5.15 3.29 3.16 4.94 5.79 12.61 24.82 44.28 44.25
15.12 18.63 14.01 12.23 10.87 23.62 40.96 66.31 54.38 44.06 35.04 24.28 21.20 52.33 17.11 9.11 5.81 5.62 8.77 10.25 22.32 43.91 78.35 78.29
0.00 0.00 0.00 0.00 0.00 0.89 1.98 9.32 3.07 3.28 5.63 6.56 7.02 7.20 7.01 6.76 6.54 2.53 0.00 0.00 0.00 0.00 1.04 1.18
5.03 8.99 3.98 0.00 0.00 0.00 0.00 4.24 1.07 0.00 0.00 1.27 3.34 6.87 5.04 6.78 8.71 2.32 1.60 1.40 3.28 8.48 12.52 13.11
0.00 0.00 0.00 0.00 0.00 0.95 2.10 9.88 3.26 3.48 5.97 6.98 7.44 7.63 7.43 7.17 6.93 2.68 0.00 0.00 0.00 0.00 1.10 1.25
0.00 0.00 0.00 0.00 0.00 1.50 3.33 15.70 5.17 5.56 9.52 11.36 11.82 12.12 11.80 11.39 11.02 4.26 0.00 0.00 0.00 0.00 1.74 1.98
37.26 25.36 25.35 23.14 22.89 36.32 27.55 46.52 32.07 21.00 12.83 46.57 89.18 122.10 109.85 98.44 88.66 54.82 26.83 8.72 12.67 17.77 46.05 94.31
16.11 14.05 10.05 7.37 5.78 6.93 10.38 17.06 6.10 2.51 2.70 3.51 4.46 5.60 7.47 9.86 12.77 20.33 30.97 26.79 36.67 49.79 66.71 64.01
18.96 16.53 11.82 8.67 6.80 8.16 12.21 20.07 7.17 2.95 3.18 4.13 5.25 6.59 8.79 11.60 15.03 23.91 36.43 31.52 43.14 58.58 78.48 75.30
0.00 1.29 1.43 1.60 1.78 2.41 3.75 6.07 5.33 4.64 4.02 5.71 8.25 11.85 12.42 13.21 14.13 7.98 4.29 2.35 0.00 0.00 0.00 0.00
0.79 0.81 0.58 0.50 0.54 0.98 1.67 2.67 2.20 3.35 4.76 4.77 4.79 4.76 1.82 2.24 1.69 0.83 0.48 0.76 0.99 1.87 3.48 3.39
0.00 1.58 0.00 0.00 0.00 0.00 0.00 0.00 0.00 0.00 0.00 0.00 0.00 0.00 0.00 5.77 6.44 0.00 0.00 0.00 0.00 0.00 2.06 0.00
24.18 29.80 20.82 17.40 18.94 28.30 42.78 63.75 40.13 13.95 11.75 12.07 12.40 12.75 7.77 4.44 2.46 2.24 2.86 4.54 11.23 43.35 91.50 88.41
18.28 22.53 15.74 13.16 14.32 21.39 32.34 48.19 30.30 10.54 8.89 9.12 9.37 9.64 5.87 3.36 1.86 1.69 2.16 3.43 8.53 32.83 69.18 66.84
10.58 13.04 9.11 7.61 8.29 12.38 18.72 27.89 17.48 6.10 5.14 5.28 5.42 5.58 3.40 1.94 1.08 0.98 1.25 1.99 4.96 19.05 40.03 38.68
17.10 21.08 14.73 12.31 13.40 20.02 30.27 45.10 28.35 9.87 8.32 8.54 8.77 9.02 5.50 3.14 1.74 1.58 2.02 3.21 7.99 30.74 64.74 62.55
22.36 27.56 19.26 16.10 17.52 26.17 39.57 58.97 37.11 12.90 10.87 11.16 11.47 11.79 7.18 4.11 2.28 2.07 2.65 4.20 10.40 40.12 84.64 81.78
15.77 19.44 13.58 11.36 12.36 18.46 27.92 41.60 26.13 9.10 7.67 7.87 8.09 8.32 5.07 2.90 1.61 1.46 1.87 2.96 7.37 28.36 59.71 57.69
35.18 43.36 30.29 25.32 27.56 41.17 62.25 92.75 58.46 20.29 17.10 17.56 18.03 18.55 11.30 6.46 3.58 3.25 4.16 6.61 16.21 62.84 133.14 128.64
0.00 0.00 0.00 0.00 0.00 0.00 0.00 0.00 0.00 0.00 0.00 0.00 0.00 0.00 0.00 0.00 0.00 0.00 0.00 0.00 0.00 0.00 0.00 0.00
20.95 23.87 16.13 12.97 13.55 21.39 34.45 54.46 31.61 31.51 16.15 7.95 7.87 7.75 4.66 2.73 1.65 2.06 3.02 4.76 14.67 45.52 78.23 76.29
20.14 22.94 15.51 12.47 13.03 20.56 33.12 52.36 30.50 30.10 15.45 7.64 7.56 7.45 4.48 2.62 1.59 1.98 2.90 4.58 14.11 43.76 75.21 73.34
27.04 30.81 20.82 16.74 17.49 27.61 44.47 70.30 39.80 42.25 21.46 10.26 10.16 10.00 6.01 3.52 2.14 2.66 3.90 6.14 18.93 58.76 100.98 98.47
96.46 109.90 74.27 59.73 62.40 98.49 158.63 250.77 124.77 158.77 79.50 36.58 36.23 35.68 21.45 12.56 7.62 9.47 13.90 21.91 67.39 209.59 360.22 351.26
34.69 39.52 26.71 21.48 22.44 35.42 57.05 90.19 49.93 55.86 28.17 13.16 13.03 12.83 7.71 4.52 2.74 3.41 5.00 7.88 24.27 75.38 129.55 126.33
1.57 3.10 1.75 2.55 8.69 3.61 3.63 3.83 2.09 1.23 2.39 0.00 0.00 0.00 0.00 0.00 0.00 0.00 0.00 0.00 0.00 0.00 0.00 0.00
1.52 2.26 1.47 1.18 1.29 2.52 4.58 7.69 6.11 4.77 3.67 4.20 4.18 4.47 2.72 1.33 0.00 0.00 0.61 1.39 2.95 5.49 10.13 9.63
9.36 13.92 9.04 7.24 7.92 15.52 28.19 47.29 37.55 29.35 22.59 30.83 25.73 27.48 18.26 8.16 0.00 0.00 3.73 8.55 21.28 33.76 62.31 59.24
0.00 0.30 0.00 0.00 0.00 0.00 0.00 0.00 0.00 0.00 0.00 0.00 0.00 0.00 0.00 1.11 1.41 0.00 0.00 0.00 0.00 0.00 0.40 0.00
1.87 1.91 1.38 1.18 1.28 2.32 3.95 6.32 5.22 7.92 11.28 11.30 11.34 11.27 4.31 5.30 4.00 1.96 1.13 2.18 2.34 4.43 8.24 8.03
1.63 1.66 1.20 1.03 1.12 2.02 3.43 5.50 4.54 6.89 9.81 9.82 9.86 9.80 3.74 4.61 3.48 1.70 0.98 1.83 2.03 3.85 7.16 6.98
0.30 0.31 0.22 0.19 0.21 0.37 0.64 1.02 0.84 1.28 1.82 1.82 1.83 1.82 0.70 0.86 0.65 0.32 0.18 0.26 0.38 0.71 1.33 1.30
7.96 0.00 0.00 0.00 0.00 11.53 26.81 51.89 29.74 14.15 5.83 4.09 4.48 6.77 2.76 1.32 1.46 0.00 0.00 1.42 2.53 10.66 56.85 55.22
130.31 143.03 130.74 120.16 110.92 111.19 112.95 116.86 97.07 80.67 65.91 78.16 92.15 109.15 165.93 260.00 338.60 249.17 163.53 128.33 134.68 142.91 151.86 155.87
18.55 9.98 7.26 4.38 2.09 7.54 16.19 14.58 20.87 9.51 12.81 7.18 3.85 3.84 2.72 2.13 1.97 2.59 3.66 5.31 7.26 20.64 56.86 55.42
18.55 9.98 7.26 4.38 2.09 7.54 16.19 14.58 20.87 9.51 12.81 7.18 3.85 3.84 2.72 2.13 1.97 2.59 3.66 5.31 7.26 20.64 56.86 55.42
1.24 0.68 0.39 0.22 0.14 0.36 0.64 0.60 1.08 0.65 0.85 0.48 0.26 0.26 0.18 0.14 0.13 0.17 0.24 0.35 0.48 1.39 3.79 3.69
18.96 16.53 11.82 8.67 6.80 8.16 12.21 20.07 7.17 2.95 3.18 4.13 5.25 6.59 8.79 11.60 15.03 23.91 36.43 31.52 43.14 58.58 78.48 75.30
11.15 9.72 6.95 5.10 4.00 4.80 7.18 11.80 4.23 1.73 1.87 2.43 3.09 3.88 5.17 6.82 8.84 14.07 21.42 18.53 25.37 34.44 46.14 44.28
13.68 16.86 12.67 11.06 9.97 21.38 37.07 60.01 49.21 39.87 31.71 21.97 19.40 47.51 15.60 8.24 5.26 5.08 7.93 9.28 20.20 39.73 70.90 70.84
19.60 24.15 18.15 15.85 13.54 30.62 53.09 85.95 70.48 57.11 45.41 31.46 26.59 67.07 21.65 11.81 7.54 7.31 11.39 13.29 28.93 56.91 101.55 101.47
2.63 3.29 2.53 2.34 2.73 4.52 7.18 10.97 9.33 7.82 8.77 6.75 6.97 7.21 4.54 6.71 1.56 1.11 1.11 1.55 3.25 7.30 14.86 14.51
3.87 4.83 3.72 3.44 4.01 6.65 10.56 16.13 13.71 11.50 14.15 9.93 10.25 10.60 6.68 9.87 2.29 1.64 1.64 2.28 4.78 10.73 21.85 21.33
0.00 5.51 6.91 5.29 10.57 6.99 8.31 11.67 11.87 12.48 13.51 11.23 9.37 7.93 10.85 14.56 23.16 32.11 23.35 11.68 7.69 5.74 7.43 5.88
0.00 0.00 0.00 0.00 0.00 0.00 0.00 0.00 0.00 0.00 0.00 0.00 0.00 0.00 0.00 0.00 0.00 0.00 0.00 0.00 0.00 0.00 0.00 0.00
0.00 7.38 9.26 7.08 14.58 9.96 11.13 15.64 15.91 16.73 18.10 15.05 12.56 10.63 14.53 19.51 29.44 42.04 31.29 15.82 10.24 7.46 9.96 7.88
0.00 1.64 2.14 2.73 3.44 5.78 9.47 14.92 11.93 9.37 7.21 11.02 16.69 24.61 22.29 20.25 18.63 11.51 6.89 4.14 1.29 0.00 0.00 0.00
6.50 11.61 5.14 0.00 0.00 0.00 0.00 5.48 1.38 0.00 0.00 1.64 4.31 8.87 6.50 8.82 11.34 2.99 2.07 1.81 4.39 11.17 16.17 16.93
96.44 105.85 96.76 88.93 82.09 82.29 83.60 86.49 71.84 59.71 48.78 57.85 68.20 80.78 122.81 192.43 250.60 184.41 121.03 94.98 99.68 105.77 112.39 115.36
41.07 41.03 28.49 21.47 18.82 33.08 55.66 88.40 59.31 37.57 21.81 30.95 42.36 56.41 46.21 37.87 31.38 21.46 17.13 17.25 31.87 62.43 114.95 112.02
5.01 5.62 0.00 0.00 0.00 3.41 9.52 10.65 4.11 7.37 12.71 11.16 9.85 8.74 9.68 10.86 12.07 5.65 0.00 0.00 0.00 1.74 2.32 2.27
0.73 0.00 0.00 0.00 0.00 0.76 1.99 4.14 2.77 1.75 1.89 4.95 3.93 9.49 2.25 0.00 0.00 0.00 0.00 0.84 1.79 4.07 20.69 7.43
110.22 127.27 113.01 109.19 115.35 114.39 114.69 117.82 89.84 66.99 48.40 47.70 47.90 48.39 30.45 55.21 145.85 76.38 70.42 122.12 130.25 139.81 148.89 154.13
42.66 41.34 37.58 35.85 35.84 39.32 43.19 47.11 39.04 31.66 25.48 25.50 25.50 25.57 29.94 35.45 42.64 37.83 39.10 46.77 45.69 49.70 60.04 66.06
0.00 0.00 0.00 0.00 0.00 0.00 0.00 0.00 0.00 0.00 0.00 0.00 0.00 0.00 0.00 0.00 0.00 0.00 0.00 0.00 0.00 0.00 0.00 0.00
0.00 0.00 0.00 0.00 1.95 1.77 1.70 1.73 0.00 0.00 0.00 0.00 0.00 0.00 0.00 0.00 4.24 0.00 0.00 0.00 0.00 0.00 0.00 0.00
19.68 16.50 13.16 10.88 9.30 13.71 22.65 37.39 31.89 27.75 13.87 20.64 23.25 12.81 18.85 26.45 36.41 42.29 39.96 38.77 43.49 51.89 64.15 64.45
0.00 0.00 0.00 0.00 0.00 0.00 0.00 0.00 0.00 0.00 0.00 0.00 0.00 0.00 0.00 0.00 0.00 0.00 0.00 0.00 0.00 0.00 0.00 0.00
21.85 21.86 13.67 8.17 0.00 0.00 0.00 0.00 0.00 0.00 8.79 13.37 19.59 27.88 45.39 70.48 105.01 89.44 76.24 65.97 68.13 70.94 73.31 71.53
20.40 16.73 9.70 6.29 5.53 9.35 17.94 33.38 20.65 9.20 2.31 2.55 2.84 3.22 2.80 2.71 2.98 3.60 8.35 18.60 29.18 47.61 76.69 74.42
2.20 6.69 1.86 1.60 1.87 1.75 1.77 1.93 1.28 0.98 0.94 0.00 0.00 0.00 0.00 0.00 0.00 0.00 0.00 3.82 0.00 0.00 0.00 0.00
28.76 0.00 0.00 0.00 0.00 41.78 92.19 174.17 97.48 27.77 6.82 8.63 12.85 20.17 7.78 0.00 0.00 0.00 0.00 6.07 22.06 116.66 299.27 247.76
42.11 0.00 0.00 0.00 0.00 60.97 141.81 274.51 157.31 79.67 34.40 26.71 23.69 35.79 14.60 7.00 7.74 0.00 0.00 7.52 13.39 49.50 282.84 292.12
27.50 40.91 26.57 21.27 23.28 45.60 82.83 138.96 110.35 86.26 66.37 117.85 75.59 80.74 64.62 23.98 0.00 0.00 10.95 25.12 80.61 99.19 183.11 174.06
0.00 0.00 0.00 0.00 0.00 0.00 0.00 0.00 0.00 0.00 0.00 0.00 0.00 0.00 3.67 8.70 15.50 4.69 0.00 0.00 0.00 0.00 0.00 0.00
0.00 3.78 0.00 0.00 0.00 0.00 0.00 0.00 0.00 0.00 0.00 0.00 0.00 0.00 0.00 13.85 14.74 0.00 0.00 0.00 0.00 0.00 4.94 0.00
0.00 0.00 2.45 4.56 7.76 10.51 15.09 21.81 19.95 19.17 19.47 16.06 13.43 11.35 16.00 22.48 31.19 18.37 9.76 4.38 5.87 7.20 0.00 0.00
0.00 0.00 0.00 4.27 6.73 7.97 11.10 16.60 14.14 13.10 13.04 12.27 11.80 11.47 18.95 30.17 45.77 22.50 9.06 0.00 0.00 0.00 0.00 0.00
0.00 0.38 0.00 0.00 0.00 0.00 0.00 0.00 0.00 0.00 0.00 0.00 0.00 0.00 0.00 1.39 1.74 0.00 0.00 0.00 0.00 0.00 0.50 0.00
0.00 0.00 4.71 8.76 14.93 20.22 29.01 41.93 38.37 36.86 37.44 30.88 25.82 21.82 30.78 43.22 59.99 35.33 18.77 8.43 11.28 13.85 0.00 0.00
12.28 18.60 18.23 18.18 17.94 20.89 31.75 53.34 42.31 33.00 25.19 28.31 35.21 46.26 58.92 74.91 94.10 50.50 26.30 15.26 0.00 0.00 0.00 0.00
0.00 8.32 9.24 10.33 11.47 15.56 24.18 39.18 34.38 29.91 25.94 36.81 53.20 76.42 80.09 85.20 91.15 51.51 27.69 15.13 0.00 0.00 0.00 0.00
4.21 7.52 3.33 0.00 0.00 0.00 0.00 3.55 0.90 0.00 0.00 1.06 2.79 5.74 4.21 5.64 7.23 1.94 1.34 1.17 2.68 6.99 10.47 10.96
5.17 9.24 4.09 0.00 0.00 0.00 0.00 4.36 1.10 0.00 0.00 1.31 3.43 7.06 5.17 6.97 8.96 2.38 1.65 1.44 3.38 8.73 12.86 13.47
61.47 51.53 41.09 33.98 29.05 42.80 70.75 116.78 99.59 86.67 43.28 69.81 72.60 39.85 65.55 86.34 98.40 132.08 124.79 121.08 135.82 162.06 200.35 201.29
62.00 33.27 31.33 17.89 6.97 25.93 57.14 51.86 72.25 31.72 42.83 23.99 12.87 12.82 9.10 7.12 6.58 8.66 12.25 17.76 24.27 68.95 190.02 185.23
79.25 66.43 52.97 43.81 37.45 55.18 91.21 150.55 128.38 111.72 55.79 91.17 93.60 51.35 87.43 113.72 122.80 170.26 160.87 156.09 175.09 208.91 258.27 259.48
110.31 92.48 73.74 60.98 52.14 76.81 126.96 209.56 178.71 155.52 77.66 128.64 130.29 71.45 127.16 163.23 164.63 237.01 223.93 217.28 243.73 290.81 359.52 361.20
22.19 19.91 13.92 11.08 10.82 20.69 38.02 64.88 51.02 39.76 30.59 28.88 27.50 37.38 18.38 14.03 28.13 13.23 16.13 21.50 74.65 121.66 83.28 82.56
0.00 0.00 0.00 0.00 0.00 0.40 0.89 4.18 1.38 1.46 2.51 2.86 3.15 3.23 3.14 3.03 2.94 1.14 0.00 0.00 0.00 0.00 0.46 0.53
