643.30 643.30 643.30 643.30 643.30 643.30 643.30 558.65 605.38 475.02 349.46 192.99 192.99 192.99 192.99 192.99 332.00 284.63 332.94 615.51 643.30 643.30 643.30 643.30
780.20 780.20 780.20 780.20 780.20 780.20 780.20 677.54 753.44 589.85 433.01 234.06 234.06 234.06 234.06 234.06 419.03 342.76 405.43 748.14 780.20 780.20 780.20 780.20
23.27 24.64 22.01 19.74 15.98 16.19 15.80 16.59 26.73 49.12 88.70 46.92 33.54 62.35 29.34 22.36 22.32 32.28 66.55 80.33 57.78 39.91 26.14 18.62
41.17 43.59 38.94 34.93 26.41 28.65 27.96 29.35 47.29 86.92 156.93 82.97 56.15 108.89 50.46 39.56 39.49 57.42 118.10 142.12 102.24 70.62 46.25 32.94
9.91 25.66 10.51 9.67 8.88 8.04 7.33 16.51 7.02 10.84 28.84 36.35 41.32 44.94 41.92 39.34 37.29 43.33 38.10 18.66 14.24 10.65 7.83 8.06
116.00 116.00 116.00 116.00 116.00 116.00 116.00 85.72 34.80 34.80 34.80 34.80 34.80 34.80 34.80 58.96 82.36 34.80 34.80 34.80 60.50 111.37 116.00 116.00
10.51 27.32 11.15 10.25 9.41 8.52 7.77 17.50 7.44 11.50 30.59 38.65 43.80 47.64 44.44 41.70 39.52 45.93 40.39 19.77 15.10 11.29 8.30 8.55
16.69 44.66 17.71 16.29 14.95 13.53 12.34 27.81 11.82 18.37 48.78 62.94 69.58 75.69 70.59 66.25 62.79 72.98 64.18 31.42 23.99 17.94 13.18 13.58
147.87 140.54 154.78 141.99 131.13 86.50 32.50 31.46 38.57 54.17 81.43 203.48 279.59 282.32 273.02 262.93 255.29 277.72 229.96 106.61 78.07 55.19 71.16 105.24
43.51 42.51 39.38 36.41 33.47 32.43 33.89 37.74 40.26 42.61 51.00 51.00 50.26 39.28 38.00 36.92 35.95 73.59 148.17 170.00 109.83 66.41 37.80 39.75
51.18 50.01 46.33 42.84 39.38 38.15 39.87 44.40 47.32 50.13 60.00 60.00 59.13 46.22 44.70 43.43 42.29 86.55 174.32 200.00 129.21 78.14 44.47 46.76
39.76 33.95 27.26 21.55 16.71 13.16 10.20 7.75 22.48 41.40 41.40 41.40 41.40 41.40 41.40 41.40 41.40 41.40 41.40 41.40 41.40 41.40 41.40 41.40
2.27 2.49 1.88 1.39 0.99 0.82 0.75 0.78 1.25 4.70 16.47 17.53 18.68 19.86 11.17 19.77 19.75 11.14 6.24 8.34 4.74 3.21 2.10 1.27
65.28 65.28 65.28 49.08 35.60 27.20 21.04 16.89 24.36 38.57 100.26 144.48 217.60 217.60 217.60 217.60 134.72 104.24 65.28 65.28 65.28 65.28 65.28 65.28
47.91 49.64 41.61 36.63 34.18 34.81 38.30 45.11 55.27 38.54 60.00 57.12 51.12 45.41 42.83 40.34 38.07 35.63 35.15 36.33 38.16 56.29 46.14 35.32
36.22 37.53 31.45 27.69 25.84 26.32 28.95 34.10 41.73 29.14 45.36 43.18 38.65 34.33 32.38 30.50 28.78 26.93 26.58 27.46 28.97 42.64 34.88 26.70
20.96 21.72 18.20 16.02 14.96 15.23 16.76 19.74 24.07 16.86 26.25 24.99 22.36 19.87 18.74 17.65 16.66 15.59 15.38 15.89 16.86 24.73 20.19 15.45
33.90 35.12 29.44 25.91 24.19 24.63 27.10 31.92 39.04 27.27 42.45 40.41 36.17 32.13 30.30 28.54 26.94 25.20 24.87 25.70 27.13 39.91 32.64 24.99
44.32 45.92 38.49 33.88 31.62 32.20 35.43 41.73 51.11 35.65 55.50 52.83 47.29 42.01 39.61 37.31 35.22 32.95 32.52 33.60 35.34 52.10 42.68 32.67
31.26 32.39 27.15 23.90 22.31 22.71 24.99 29.43 35.99 25.15 39.15 37.27 33.36 29.63 27.94 26.32 24.84 23.25 22.94 23.70 25.05 36.83 30.11 23.05
69.72 72.23 60.54 53.29 49.74 50.65 55.72 65.63 80.52 56.07 87.30 83.11 74.38 66.08 62.31 58.69 55.40 51.83 51.15 52.86 55.09 81.60 67.13 51.39
0.00 0.00 0.00 0.00 0.00 0.00 0.00 0.00 0.00 0.00 0.00 0.00 0.00 0.00 0.00 0.00 0.00 0.00 0.00 0.00 0.00 0.00 0.00 0.00
44.68 45.76 36.38 32.52 33.66 34.71 37.83 42.97 55.65 119.92 103.48 51.18 47.50 40.66 37.39 34.20 31.33 28.80 28.10 29.13 41.58 54.99 40.01 36.05
42.95 43.99 34.97 31.26 32.36 33.37 36.37 41.31 53.71 114.54 99.00 49.20 45.66 39.08 35.94 32.87 30.12 27.68 27.02 28.01 39.98 52.86 38.46 34.66
57.67 59.07 46.96 41.98 43.45 44.81 48.83 55.47 70.08 160.78 137.47 66.06 61.31 52.48 48.26 44.14 40.44 37.17 36.27 37.60 53.64 70.98 51.64 46.53
205.72 210.71 167.52 149.74 154.99 159.84 174.19 197.87 219.69 604.15 509.29 235.65 218.69 187.20 172.15 157.46 144.27 132.59 129.39 134.14 190.96 253.19 184.21 166.00
73.98 75.78 60.25 53.85 55.74 57.48 62.65 71.16 87.91 212.57 180.45 84.75 78.65 67.33 61.91 56.63 51.89 47.69 46.54 48.24 68.77 91.06 66.25 59.70
19.99 24.80 13.20 17.32 52.75 22.62 22.76 23.00 29.10 36.00 88.65 96.29 120.00 120.00 120.00 120.00 120.00 120.00 120.00 120.00 120.00 120.00 120.00 120.00
5.65 5.64 4.84 4.71 5.26 5.21 5.36 5.77 11.04 19.54 29.88 31.88 28.70 27.16 25.31 21.43 19.16 16.06 14.17 13.27 11.71 9.05 7.42 6.33
34.75 34.71 29.79 28.99 32.36 32.07 32.97 35.47 67.92 120.17 183.75 234.28 176.46 167.04 169.73 131.80 117.82 98.79 87.11 81.62 84.56 55.68 45.62 38.90
12.60 12.60 12.60 9.47 6.87 5.25 4.06 3.26 4.70 7.44 20.61 31.00 42.00 42.00 42.00 42.00 29.54 21.20 12.60 12.60 12.60 12.60 12.60 12.60
5.38 5.90 4.45 3.28 2.34 1.95 1.79 1.84 2.95 11.11 39.01 41.51 44.23 47.01 26.39 46.82 46.75 26.34 14.77 23.88 11.21 7.61 4.96 3.00
4.68 5.13 3.87 2.85 2.04 1.70 1.55 1.60 2.56 9.66 33.92 36.10 38.46 40.88 22.95 40.71 40.65 22.91 12.85 20.03 9.75 6.62 4.31 2.61
0.87 0.95 0.72 0.53 0.38 0.32 0.29 0.30 0.48 1.80 6.30 6.70 7.14 7.59 4.30 7.56 7.55 4.27 2.39 2.86 1.81 1.23 0.80 0.48
196.68 200.00 195.26 200.00 200.00 200.00 200.00 198.50 200.00 186.24 171.07 83.48 60.00 60.00 60.00 60.00 60.00 60.00 60.00 60.00 60.00 83.60 171.41 200.00
147.97 135.49 129.53 124.52 120.43 115.36 109.82 105.40 174.99 269.96 338.60 338.60 338.60 338.60 338.60 338.60 338.60 338.60 338.60 338.60 338.60 271.70 156.25 137.40
38.38 21.32 18.62 13.38 7.16 17.12 23.86 14.87 49.97 52.35 150.00 74.40 33.76 28.45 26.44 24.55 22.76 21.78 22.44 24.57 18.38 25.51 33.47 31.24
38.38 21.32 18.62 13.38 7.16 17.12 23.86 14.87 49.97 52.35 150.00 74.40 33.76 28.45 26.44 24.55 22.76 21.78 22.44 24.57 18.38 25.51 33.47 31.24
2.56 1.46 0.99 0.69 0.48 0.82 0.95 0.61 2.59 3.56 10.00 5.00 2.25 1.90 1.76 1.64 1.52 1.45 1.50 1.64 1.23 1.72 2.23 2.08
51.18 50.01 46.33 42.84 39.38 38.15 39.87 44.40 47.32 50.13 60.00 60.00 59.13 46.22 44.70 43.43 42.29 86.55 174.32 200.00 129.21 78.14 44.47 46.76
30.10 29.41 27.24 25.19 23.16 22.43 23.45 26.10 27.92 29.47 35.28 35.28 34.77 27.18 26.29 25.54 24.87 50.94 102.50 117.60 75.98 45.94 26.15 27.49
37.25 39.45 35.24 31.61 24.24 25.93 25.30 26.56 42.79 78.65 142.01 75.09 51.38 98.86 46.00 35.80 35.74 51.90 106.81 128.61 92.52 63.91 41.86 29.81
53.36 56.50 50.47 45.27 32.92 37.14 36.24 38.05 61.29 112.65 203.40 107.53 70.43 139.57 63.84 51.27 51.19 74.70 153.37 184.21 132.51 91.53 59.95 42.70
6.49 7.08 6.14 5.34 4.69 4.27 4.33 4.90 7.30 13.07 31.87 22.21 20.71 19.39 19.01 45.92 18.37 17.97 18.27 19.21 13.84 9.60 6.43 3.87
9.54 10.40 9.03 7.86 6.89 6.28 6.37 7.21 10.73 19.22 51.42 32.64 30.44 28.51 27.94 67.58 27.00 26.42 26.86 28.24 20.34 14.11 9.45 5.69
139.80 139.80 139.80 78.86 111.26 40.17 26.12 20.05 33.68 41.94 41.94 41.94 41.94 41.94 41.94 41.94 50.50 111.85 139.80 135.62 103.80 91.59 139.80 139.80
0.00 0.00 0.00 0.00 0.00 0.00 0.00 0.00 0.00 0.00 0.00 0.00 0.00 0.00 0.00 0.00 0.00 0.00 0.00 0.00 0.00 0.00 0.00 0.00
187.33 187.32 187.33 105.53 153.48 57.24 35.00 26.86 45.13 56.20 56.20 56.20 56.20 56.20 56.20 56.20 64.20 146.43 187.33 183.78 138.32 119.08 187.33 187.33
45.90 45.90 43.64 37.93 32.92 27.82 23.30 19.30 39.82 45.90 45.90 45.90 45.90 45.90 45.90 45.90 45.90 45.90 45.90 45.90 45.90 45.90 45.90 45.90
149.80 149.80 149.80 149.80 149.80 149.80 149.80 110.71 44.94 44.94 44.94 44.94 44.94 44.94 44.94 76.67 107.25 44.94 44.94 44.94 80.98 146.70 149.80 149.80
109.51 100.28 95.87 92.16 89.13 85.38 81.28 78.00 129.51 199.80 250.60 250.60 250.60 250.60 250.60 250.60 250.60 250.60 250.60 250.60 250.60 201.09 115.64 101.69
55.83 55.30 51.96 49.16 47.34 46.73 47.22 48.44 46.60 58.99 88.71 109.74 133.86 161.33 166.58 172.28 178.50 185.54 192.88 201.12 144.12 98.74 64.14 51.86
46.52 67.16 34.86 16.92 15.43 26.42 42.44 28.75 11.19 20.40 36.38 44.39 54.11 64.66 66.49 68.40 70.91 85.75 76.35 37.26 27.49 19.65 13.41 13.81
6.58 6.66 7.14 8.41 10.59 10.20 9.76 9.37 16.14 25.87 56.19 100.00 49.78 72.19 35.95 17.03 15.01 14.94 16.13 18.72 14.48 10.93 19.77 8.57
245.27 268.00 260.07 226.63 197.35 186.77 177.09 170.18 268.00 268.00 268.00 268.00 268.00 268.00 268.00 268.00 268.00 268.00 264.62 242.99 173.14 122.33 87.98 94.01
156.57 213.87 186.81 162.99 140.73 130.42 121.92 115.07 153.65 202.08 250.00 250.00 247.02 241.96 124.63 54.64 19.84 14.44 10.13 6.84 5.55 6.18 8.92 13.85
0.00 0.00 0.00 0.00 0.00 0.00 0.00 0.00 0.00 0.00 0.00 0.00 0.00 0.00 0.00 0.00 0.00 0.00 0.00 0.00 0.00 0.00 0.00 0.00
10.20 9.60 12.26 15.66 19.86 21.87 24.42 27.71 36.29 48.75 91.77 162.50 162.50 162.50 162.50 162.50 162.50 162.50 162.50 162.50 162.50 133.76 51.59 35.88
41.03 41.48 35.65 30.69 26.23 25.37 24.69 24.48 25.48 43.61 48.83 81.82 105.42 67.57 81.35 85.47 84.27 116.18 130.65 150.64 98.31 61.25 35.77 29.99
0.00 0.00 0.00 0.00 0.00 0.00 0.00 0.00 0.00 0.00 0.00 0.00 0.00 0.00 0.00 0.00 0.00 0.00 0.00 0.00 0.00 0.00 0.00 0.00
68.67 65.20 56.41 51.44 49.66 46.73 43.79 41.44 36.07 46.46 75.87 90.40 116.85 159.09 159.23 159.60 160.64 183.93 213.75 251.14 170.02 112.26 72.95 62.03
47.77 46.55 42.80 46.41 57.79 73.88 95.34 123.76 171.41 130.37 52.95 52.95 52.95 39.75 37.27 35.18 33.21 34.30 70.65 145.86 103.52 70.53 45.82 56.05
39.00 95.96 39.00 39.00 39.00 38.77 28.79 20.72 28.06 38.28 39.00 56.82 113.69 66.78 130.00 130.00 130.00 130.00 130.00 130.00 130.00 130.00 130.00 95.85
857.00 857.00 857.00 857.00 857.00 857.00 857.00 857.00 856.99 480.72 257.10 257.10 257.10 257.10 257.10 257.10 257.10 257.10 257.10 257.10 465.33 841.64 857.00 857.00
1040.45 1058.00 958.56 1058.00 1058.00 1058.00 1058.00 1050.08 1058.00 1048.92 1010.31 545.80 317.40 317.40 317.40 317.40 317.40 317.40 317.40 317.40 317.40 387.97 852.76 1058.00
102.10 102.00 87.53 85.20 95.09 94.23 96.89 104.24 199.58 353.12 539.94 895.48 518.50 490.83 600.84 387.29 346.20 290.29 255.96 239.82 320.33 163.62 134.06 114.32
153.99 120.04 93.01 70.31 51.61 38.42 28.38 21.05 43.44 87.30 159.03 159.03 159.03 319.85 159.05 179.56 159.03 159.03 159.03 159.03 159.03 159.03 159.03 159.03
156.60 156.60 156.60 117.75 85.40 65.25 50.47 40.51 58.45 92.52 234.28 322.11 522.00 522.00 522.00 522.00 308.11 257.58 156.60 156.60 156.60 156.60 156.60 156.60
164.49 78.00 78.01 77.06 64.25 49.64 37.81 28.32 59.60 78.00 78.00 78.00 78.00 78.00 78.00 78.00 0.00 0.00 78.00 78.00 145.89 260.00 260.00 260.00
168.87 158.48 126.15 99.00 75.71 52.81 35.88 23.79 71.34 166.64 171.72 171.72 171.72 171.72 171.72 171.72 171.72 171.72 171.72 171.72 171.72 171.72 171.72 171.72
15.72 15.72 15.72 11.82 8.57 6.55 5.07 4.07 5.87 9.29 25.57 38.35 52.40 52.40 52.40 52.40 36.28 26.21 15.72 15.72 15.72 15.72 15.72 15.72
308.16 150.01 150.01 148.18 123.56 95.47 72.70 54.45 114.61 150.00 150.00 150.00 150.00 150.00 150.00 150.00 0.00 0.00 150.00 150.00 280.44 500.00 500.00 500.00
326.40 326.40 257.05 194.81 144.25 113.11 87.29 66.69 186.21 326.40 326.40 326.40 326.40 326.40 326.40 326.40 0.00 326.40 326.40 326.40 326.40 326.40 678.68 326.40
256.46 218.97 175.85 138.98 107.77 84.88 65.77 50.02 145.04 267.06 267.06 267.06 267.06 267.06 267.06 267.06 267.06 267.06 267.06 267.06 267.06 267.06 267.06 267.06
97.00 97.00 97.00 97.00 97.00 97.00 97.00 71.67 29.10 29.10 29.10 29.10 29.10 29.10 29.10 49.03 68.38 29.10 29.10 29.10 49.35 91.87 97.00 97.00
119.20 119.20 119.20 119.20 119.20 119.20 119.20 88.09 35.76 35.76 35.76 35.76 35.76 35.76 35.76 60.63 84.71 35.76 35.76 35.76 62.41 114.69 119.20 119.20
128.13 129.54 111.34 95.83 81.91 79.22 77.09 76.47 79.58 136.20 152.43 276.77 329.22 210.24 282.79 278.97 227.75 362.83 408.02 470.45 307.01 191.29 111.70 93.66
128.27 71.10 80.31 54.65 23.93 58.86 84.19 52.92 172.98 174.68 501.30 248.46 112.83 95.09 88.35 82.05 76.06 72.78 74.99 82.11 61.42 85.21 111.87 104.39
165.17 166.99 143.52 123.54 105.59 102.12 99.38 98.57 102.59 175.57 196.49 361.44 424.40 270.91 377.21 367.45 284.23 467.73 525.99 606.47 395.78 246.59 143.99 120.74
229.92 232.46 199.79 171.96 146.98 142.15 138.34 137.22 142.80 244.40 273.49 509.97 590.77 376.93 548.61 527.41 381.04 651.09 732.18 844.21 550.93 343.26 200.44 168.08
61.90 63.36 43.32 28.63 18.87 17.98 18.81 21.42 44.39 92.61 177.11 169.43 161.65 220.47 148.96 144.00 316.40 134.47 138.37 150.54 261.54 179.49 48.77 37.55
4.45 10.60 4.72 4.34 3.98 3.61 3.30 7.40 3.15 4.83 12.86 15.85 18.54 20.17 18.81 17.66 16.73 19.45 17.08 8.37 6.39 4.78 3.51 3.62
