504.71 498.26 432.56 375.29 323.48 231.53 164.54 118.04 198.21 253.34 281.86 143.36 134.37 129.34 125.19 125.01 222.13 246.74 332.94 615.51 643.30 635.78 532.34 504.52
612.12 604.30 524.61 455.16 392.32 280.80 199.56 143.16 246.68 314.58 349.25 173.87 162.97 156.87 151.83 151.62 280.35 297.13 405.43 748.14 780.20 771.07 645.62 611.89
108.80 108.80 108.80 108.80 98.16 108.80 108.80 108.80 108.80 108.80 108.80 61.07 46.17 76.85 42.61 32.64 32.64 47.20 94.93 108.80 108.80 108.80 108.80 108.80
192.50 192.50 192.50 192.50 162.22 192.50 192.50 192.50 192.50 192.50 192.50 108.00 77.30 134.21 73.27 57.75 57.75 83.96 168.46 192.50 192.50 192.50 192.50 192.50
37.50 84.11 37.50 33.01 24.86 20.43 17.15 36.40 15.72 21.88 48.84 33.07 19.06 10.33 27.90 63.14 123.02 125.00 92.34 37.50 37.50 37.50 37.50 37.50
116.00 116.00 116.00 116.00 116.00 116.00 116.00 85.72 32.64 23.55 17.72 32.34 34.80 34.80 34.80 58.96 82.36 34.80 34.80 34.80 60.50 111.37 116.00 116.00
39.75 89.55 39.75 34.99 26.36 21.65 18.18 38.59 16.66 23.21 51.81 35.16 20.20 10.95 29.57 66.93 130.41 132.50 97.89 39.75 39.75 39.75 39.75 39.75
63.15 146.38 63.15 55.59 41.87 34.40 28.87 61.32 26.47 37.07 82.60 57.26 32.09 17.40 46.98 106.33 207.17 210.50 155.55 63.15 63.15 63.15 63.15 63.15
622.97 524.08 623.00 623.00 623.00 460.36 181.24 123.66 136.36 149.87 164.47 277.56 243.81 149.74 281.52 502.46 623.00 623.00 460.54 186.90 186.90 186.90 356.65 623.00
170.00 170.00 170.00 170.00 170.00 170.00 170.00 149.35 79.53 40.30 38.83 38.37 37.92 37.46 43.59 51.00 51.00 95.49 170.00 170.00 170.00 170.00 150.05 157.61
200.00 200.00 200.00 200.00 200.00 200.00 200.00 175.71 93.49 47.42 45.68 45.14 44.61 44.08 51.28 60.00 60.00 112.31 200.00 200.00 200.00 200.00 176.53 185.42
9.92 7.88 6.34 5.14 4.19 4.87 5.75 6.91 14.61 26.75 41.40 41.40 41.40 41.40 41.40 41.40 41.40 41.40 41.40 41.40 41.40 33.66 20.45 13.04
10.20 10.20 10.20 10.20 10.20 10.20 10.20 8.59 9.24 18.71 34.00 33.62 32.09 31.19 19.16 34.00 34.00 19.11 10.20 12.55 10.20 10.20 10.20 9.11
44.75 34.60 20.87 12.33 7.49 12.19 19.13 28.48 19.68 13.74 16.38 12.72 17.19 26.25 50.65 99.85 114.63 104.24 65.28 65.28 65.28 43.55 24.05 24.59
200.00 200.00 200.00 200.00 200.00 200.00 200.00 200.00 147.17 60.00 60.00 60.00 60.00 60.00 60.00 60.00 60.00 60.00 60.00 60.00 84.70 172.48 200.00 200.00
151.20 151.20 151.20 151.20 151.20 151.20 151.20 151.20 111.12 45.36 45.36 45.36 45.36 45.36 45.36 45.36 45.36 45.36 45.36 45.36 64.30 130.65 151.20 151.20
87.50 87.50 87.50 87.50 87.50 87.50 87.50 87.50 64.10 26.25 26.25 26.25 26.25 26.25 26.25 26.25 26.25 26.25 26.25 26.25 37.43 75.79 87.50 87.50
141.50 141.50 141.50 141.50 141.50 141.50 141.50 141.50 103.96 42.45 42.45 42.45 42.45 42.45 42.45 42.45 42.45 42.45 42.45 42.45 60.23 122.31 141.50 141.50
185.00 185.00 185.00 185.00 185.00 185.00 185.00 185.00 136.09 55.50 55.50 55.50 55.50 55.50 55.50 55.50 55.50 55.50 55.50 55.50 78.45 159.64 185.00 185.00
130.50 130.50 130.50 130.50 130.50 130.50 130.50 130.50 95.84 39.15 39.15 39.15 39.15 39.15 39.15 39.15 39.15 39.15 39.15 39.15 55.60 112.85 130.50 130.50
291.00 291.00 291.00 291.00 291.00 291.00 291.00 291.00 214.40 87.30 87.30 87.30 87.30 87.30 87.30 87.30 87.30 87.30 87.30 87.30 122.29 250.05 291.00 291.00
0.00 0.00 0.00 0.00 0.00 0.00 0.00 0.00 0.00 0.00 0.00 0.00 0.00 0.00 0.00 0.00 0.00 0.00 0.00 0.00 0.00 0.00 0.00 0.00
170.60 170.60 170.60 170.60 170.60 170.60 170.60 170.60 123.33 155.83 103.48 51.18 51.18 51.18 51.18 51.18 51.18 51.18 51.18 51.18 95.98 170.60 170.60 170.60
164.00 164.00 164.00 164.00 164.00 164.00 164.00 164.00 119.02 148.85 99.00 49.20 49.20 49.20 49.20 49.20 49.20 49.20 49.20 49.20 92.28 164.00 164.00 164.00
220.20 220.20 220.20 220.20 220.20 220.20 220.20 220.20 155.30 208.93 137.47 66.06 66.06 66.06 66.06 66.06 66.06 66.06 66.06 66.06 123.80 220.20 220.20 220.20
785.50 785.50 785.50 785.50 785.50 785.50 785.50 785.50 486.84 785.09 509.29 235.65 235.65 235.65 235.65 235.65 235.65 235.65 235.65 235.65 440.78 785.50 785.50 785.50
282.50 282.50 282.50 282.50 282.50 282.50 282.50 282.50 194.81 276.23 180.45 84.75 84.75 84.75 84.75 84.75 84.75 84.75 84.75 84.75 158.74 282.50 282.50 282.50
34.03 50.59 22.06 24.39 65.01 19.68 13.39 8.60 8.37 8.31 21.01 27.65 45.00 61.10 61.08 63.96 69.07 68.30 71.84 80.33 70.51 61.78 54.11 52.86
29.88 29.88 29.88 29.88 29.88 29.88 29.88 25.10 29.88 29.88 29.88 31.88 29.88 29.88 31.39 29.88 29.88 29.88 29.88 29.88 31.77 29.88 22.90 20.55
183.75 183.75 183.75 183.75 183.75 183.75 183.75 154.38 183.75 183.75 183.75 234.28 183.76 183.75 210.51 183.75 183.75 183.75 183.75 183.75 229.39 183.75 140.81 126.34
8.64 6.68 4.03 2.38 1.45 2.35 3.69 5.50 3.80 2.65 3.37 2.73 3.32 5.07 9.78 19.27 25.14 21.20 12.60 12.60 12.60 8.41 4.64 4.75
24.15 24.15 24.15 24.15 24.15 24.15 24.15 20.33 21.87 44.24 80.50 79.61 75.98 73.84 45.25 80.50 80.50 45.19 24.15 35.91 24.15 24.15 24.15 21.57
21.00 21.00 21.00 21.00 21.00 21.00 21.00 17.68 19.02 38.48 70.00 69.22 66.07 64.21 39.36 70.00 70.00 39.30 21.00 30.13 21.00 21.00 21.00 18.76
3.90 3.90 3.90 3.90 3.90 3.90 3.90 3.28 3.53 7.18 13.00 12.85 12.27 11.92 7.37 13.00 13.00 7.33 3.90 4.30 3.90 3.90 3.90 3.48
200.00 200.00 195.26 200.00 200.00 200.00 183.63 156.79 148.85 131.14 114.32 83.48 60.00 60.00 60.00 60.00 60.00 60.00 60.00 60.00 60.00 69.96 79.56 114.52
149.81 101.10 85.58 72.02 60.61 61.80 65.26 70.23 98.45 146.02 220.75 263.77 313.63 338.60 338.60 338.60 338.60 338.60 338.60 338.60 338.60 338.60 338.60 338.60
150.00 84.36 92.76 78.82 45.00 106.15 137.43 57.60 127.86 84.30 150.00 84.20 45.00 45.00 45.00 45.00 45.00 45.00 45.00 45.00 45.00 84.18 149.99 150.00
150.00 84.36 92.76 78.82 45.00 106.15 137.43 57.60 127.86 84.30 150.00 84.20 45.00 45.00 45.00 45.00 45.00 45.00 45.00 45.00 45.00 84.18 149.99 150.00
10.00 5.76 4.96 4.05 3.00 5.11 5.45 2.36 6.62 5.73 10.00 5.66 3.00 3.00 3.00 3.00 3.00 3.00 3.00 3.00 3.00 5.66 10.00 10.00
200.00 200.00 200.00 200.00 200.00 200.00 200.00 175.71 93.49 47.42 45.68 45.14 44.61 44.08 51.28 60.00 60.00 112.31 200.00 200.00 200.00 200.00 176.53 185.42
117.60 117.60 117.60 117.60 117.60 117.60 117.60 103.32 55.16 27.88 26.86 26.54 26.23 25.92 30.15 35.28 35.28 66.10 117.60 117.60 117.60 117.60 103.80 109.03
174.20 174.20 174.20 174.20 148.85 174.20 174.20 174.20 174.20 174.20 174.20 97.74 70.73 121.86 66.79 52.26 52.26 75.89 152.35 174.20 174.20 174.20 174.20 174.20
249.50 249.50 249.50 249.50 202.15 249.50 249.50 249.50 249.50 249.50 249.50 139.96 96.96 172.03 92.70 74.85 74.85 109.23 218.77 249.50 249.50 249.50 249.50 249.50
30.00 30.00 30.00 30.00 30.00 30.00 30.00 30.00 30.00 30.00 40.31 30.00 30.00 30.00 30.00 73.62 30.00 30.00 30.00 30.00 30.00 30.00 29.41 26.03
44.10 44.10 44.10 44.10 44.10 44.10 44.10 44.10 44.10 44.10 65.03 44.10 44.10 44.10 44.10 108.35 44.10 44.10 44.10 44.10 44.10 44.10 43.23 38.27
50.32 52.37 49.50 26.42 35.35 13.12 9.17 7.96 14.11 23.02 35.04 32.86 32.13 32.87 24.74 18.45 16.66 56.18 102.62 135.62 81.30 52.97 57.74 59.48
0.00 0.00 0.00 0.00 0.00 0.00 0.00 0.00 0.00 0.00 0.00 0.00 0.00 0.00 0.00 0.00 0.00 0.00 0.00 0.00 0.00 0.00 0.00 0.00
67.42 70.17 66.33 35.36 48.77 18.70 12.28 10.66 18.91 30.84 46.95 44.04 43.06 44.04 33.16 24.73 21.18 73.55 137.51 183.78 108.34 68.87 77.36 79.71
18.63 14.08 11.53 9.38 7.52 9.46 11.74 14.44 25.65 41.95 45.90 45.90 45.90 45.90 45.90 45.90 45.90 45.90 45.90 45.90 45.90 45.90 32.96 21.24
149.80 149.80 149.80 149.80 149.80 149.80 149.80 110.71 42.16 30.41 22.88 41.76 44.94 44.94 44.94 76.67 107.25 44.94 44.94 44.94 80.98 146.70 149.80 149.80
110.88 74.83 63.34 53.30 44.86 45.74 48.30 51.98 72.86 108.07 163.38 195.22 232.12 250.60 250.60 250.60 250.60 250.60 250.60 250.60 250.60 250.60 250.60 250.60
230.00 230.00 230.00 230.00 230.00 230.00 230.00 176.64 197.14 219.62 230.00 197.39 161.63 135.50 207.14 230.00 230.00 230.00 230.00 230.00 230.00 230.00 230.00 230.00
147.93 235.66 114.23 51.44 43.57 65.27 91.52 53.78 21.54 39.67 70.01 29.28 9.41 0.00 14.47 52.44 133.27 225.96 176.17 71.55 71.55 71.55 71.55 71.55
30.00 30.00 30.00 30.00 30.00 30.00 24.19 11.33 15.40 20.34 49.21 100.00 56.25 100.00 56.12 30.00 30.00 30.00 30.00 30.00 30.00 26.48 34.00 12.44
142.02 157.05 116.56 88.75 71.43 61.17 55.43 53.79 88.53 149.11 244.50 211.71 189.63 177.14 265.70 268.00 268.00 268.00 268.00 268.00 268.00 268.00 268.00 268.00
75.17 84.27 58.47 43.39 36.36 23.39 14.04 7.63 10.29 13.45 17.22 21.05 26.02 31.73 75.02 146.52 250.00 250.00 250.00 250.00 250.00 250.00 193.77 208.15
0.00 0.00 0.00 0.00 0.00 0.00 0.00 0.00 0.00 0.00 0.00 0.00 0.00 0.00 0.00 0.00 0.00 0.00 0.00 0.00 0.00 0.00 0.00 0.00
28.70 35.22 34.52 34.72 35.78 24.22 15.64 9.51 10.36 11.51 24.13 53.95 70.88 94.72 96.46 100.69 108.79 109.65 116.46 129.84 102.03 78.74 35.09 16.44
185.40 185.40 185.40 185.40 185.40 185.40 185.40 126.18 136.93 151.05 94.07 135.55 148.41 81.11 127.65 142.89 146.36 185.40 185.40 185.40 185.40 185.40 185.40 185.40
0.00 0.00 0.00 0.00 0.00 0.00 0.00 0.00 0.00 0.00 0.00 0.00 0.00 0.00 0.00 0.00 0.00 0.00 0.00 0.00 0.00 0.00 0.00 0.00
247.95 313.56 266.26 225.56 192.81 133.71 89.11 57.86 85.15 119.60 163.01 177.01 192.87 210.08 260.87 329.55 332.60 332.60 332.60 332.60 332.60 332.60 234.04 202.30
176.50 176.50 176.50 176.50 176.50 176.50 176.50 176.50 176.50 130.37 52.95 52.95 52.95 52.95 52.95 52.95 52.95 52.95 98.98 176.50 176.50 176.50 176.50 176.50
22.49 64.89 20.90 16.38 12.75 10.92 9.87 9.55 9.81 10.16 10.49 27.86 98.01 73.53 130.00 130.00 130.00 119.06 96.81 86.42 69.80 55.98 44.02 32.31
857.00 857.00 857.00 857.00 857.00 797.97 730.96 683.52 636.46 331.22 164.02 257.10 257.10 257.10 257.10 257.10 257.10 257.10 257.10 257.10 465.33 739.52 436.92 531.33
1058.00 1058.00 958.56 1058.00 1058.00 1058.00 971.42 829.44 787.43 738.57 675.12 545.80 317.40 317.40 317.40 317.40 317.40 317.40 317.40 317.40 317.40 324.70 395.83 605.81
539.94 539.94 539.94 539.94 539.94 539.94 539.94 453.64 539.94 539.94 539.94 895.48 539.95 539.94 745.19 539.94 539.94 539.94 539.94 539.94 868.95 539.94 413.75 371.26
47.08 47.01 28.95 18.03 12.64 4.95 0.00 3.42 3.93 10.22 26.77 6.03 0.00 0.00 7.90 47.52 128.25 138.01 152.69 159.03 108.53 62.75 32.52 34.23
107.35 83.01 50.06 29.59 17.97 29.25 45.90 68.32 47.21 32.96 38.28 28.37 41.24 62.97 121.50 239.52 262.16 257.58 156.60 156.60 156.60 104.47 57.69 58.99
52.38 27.59 25.06 22.78 20.66 15.02 11.10 8.57 17.21 31.96 54.94 56.60 64.87 78.00 56.98 43.19 37.26 54.19 75.94 78.00 128.10 143.98 84.30 81.12
31.43 31.37 28.57 26.48 25.05 16.77 12.37 11.07 16.61 32.68 64.22 65.91 79.51 108.24 86.13 84.36 101.53 133.85 171.72 171.72 128.76 69.21 32.89 30.03
10.78 8.33 5.03 2.97 1.80 2.94 4.61 6.86 4.74 3.31 4.18 3.38 4.14 6.32 12.20 24.04 30.87 26.21 15.72 15.72 15.72 10.49 5.79 5.92
98.12 53.07 48.18 43.80 39.73 28.88 21.35 16.47 33.10 61.46 105.66 108.85 124.75 150.00 109.58 83.05 71.65 104.22 146.04 150.00 246.26 276.88 162.12 156.01
100.62 80.86 63.03 49.26 39.44 43.33 49.42 58.26 130.19 246.38 326.40 326.40 326.40 326.40 326.40 326.40 326.40 326.40 326.40 326.40 326.40 281.51 387.53 120.75
63.99 50.85 40.91 33.13 27.04 31.39 37.12 44.60 94.24 172.54 267.06 267.06 267.06 267.06 267.06 267.06 267.06 267.06 267.06 267.06 267.06 217.14 131.90 84.14
97.00 97.00 97.00 97.00 97.00 97.00 97.00 71.67 27.30 19.69 14.82 27.04 29.10 29.10 29.10 49.03 68.38 29.10 29.10 29.10 49.35 91.87 97.00 97.00
119.20 119.20 119.20 119.20 119.20 119.20 119.20 88.09 33.54 24.20 18.21 33.23 35.76 35.76 35.76 60.63 84.71 35.76 35.76 35.76 62.41 114.69 119.20 119.20
579.00 579.00 579.00 579.00 579.00 579.00 579.00 394.05 427.63 471.74 293.63 458.56 463.49 252.39 443.76 466.38 395.58 578.99 579.00 579.00 579.00 579.00 579.00 579.00
501.30 281.35 400.13 321.97 150.39 364.92 484.95 204.93 442.67 281.31 501.30 281.17 150.39 150.39 150.39 150.39 150.39 150.39 150.39 150.39 150.39 281.15 501.30 501.30
746.40 746.40 746.39 746.40 746.40 746.40 746.40 507.98 551.27 608.13 378.50 598.84 597.49 325.21 591.93 614.30 493.67 746.39 746.40 746.40 746.40 746.40 746.40 746.40
1039.00 1039.00 1038.99 1039.00 1039.00 1039.00 1039.00 707.11 767.37 846.52 526.85 844.92 831.72 452.50 860.90 881.73 661.83 1038.99 1039.00 1039.00 1039.00 1039.00 1039.00 1039.00
264.60 264.60 264.60 264.60 264.60 264.60 264.60 210.59 228.35 249.56 264.60 264.60 264.60 378.16 264.60 264.60 604.22 264.60 264.60 264.60 651.99 651.69 211.96 194.60
16.83 34.73 16.83 14.82 11.16 9.17 7.71 16.32 7.06 9.75 21.77 14.42 8.55 4.64 12.52 28.34 55.21 56.10 41.41 16.83 16.83 16.83 16.83 16.83
