643.30 643.30 643.30 643.30 432.30 257.23 142.50 74.50 80.38 72.04 60.35 73.22 139.67 192.99 192.99 192.99 332.00 284.63 332.94 615.51 643.30 623.35 557.31 535.56
780.20 780.20 780.20 780.20 524.30 311.97 172.83 90.35 100.03 89.45 74.77 88.80 169.39 234.06 234.06 234.06 419.03 342.76 405.43 748.14 780.20 756.00 675.91 649.53
21.81 18.40 9.06 4.31 2.39 4.98 10.07 19.16 14.73 12.32 11.81 18.52 35.93 90.35 42.61 32.64 32.64 47.20 94.93 108.80 108.80 108.80 97.47 108.80
38.60 32.55 16.03 7.63 3.95 8.81 17.82 33.90 26.06 21.80 20.90 32.75 60.15 157.79 73.27 57.75 57.75 83.96 168.46 192.50 192.50 192.50 172.45 192.50
17.51 30.00 11.24 9.65 8.49 7.80 7.55 18.60 4.94 4.06 5.22 23.39 63.19 125.00 125.00 125.00 125.00 125.00 92.34 37.50 37.50 37.50 24.82 20.70
75.96 102.42 101.68 101.35 101.45 64.46 40.57 19.62 5.72 4.76 4.83 1.87 0.00 0.00 1.83 9.67 30.92 14.89 17.00 19.30 29.02 46.67 43.29 25.47
18.56 31.94 11.91 10.23 9.00 8.27 8.01 19.72 5.24 4.31 5.53 24.87 66.98 132.50 132.50 132.50 132.50 132.50 97.89 39.75 39.75 39.75 26.31 21.95
29.49 52.21 18.93 16.25 14.30 13.14 12.71 31.34 8.32 6.88 8.82 40.50 106.41 210.50 210.50 210.50 210.50 210.50 155.55 63.15 63.15 63.15 41.80 34.87
204.64 164.54 153.93 127.51 114.16 84.94 40.26 52.76 36.12 24.94 17.99 130.87 419.79 623.00 623.00 623.00 623.00 623.00 460.54 186.90 186.90 130.32 123.64 299.26
56.79 50.73 40.37 32.57 26.96 12.03 4.05 0.00 0.00 4.94 23.36 38.50 51.00 51.00 51.00 51.00 51.00 95.49 170.00 170.00 170.00 170.00 170.00 170.00
66.82 59.69 47.50 38.32 31.72 14.15 4.77 0.00 0.00 5.81 27.49 45.30 60.00 60.00 60.00 60.00 60.00 112.31 200.00 200.00 200.00 200.00 200.00 200.00
35.12 27.54 19.44 13.16 8.49 6.77 5.80 5.48 11.74 23.20 41.40 41.40 41.40 41.40 41.40 41.40 41.40 41.40 41.40 41.40 41.40 33.14 20.03 15.35
0.80 0.30 0.00 0.00 0.00 0.00 0.36 0.65 1.04 3.50 11.09 22.92 34.00 34.00 19.16 34.00 34.00 19.11 10.20 12.55 10.20 10.20 10.20 10.20
65.28 65.28 49.37 31.41 18.72 15.40 15.57 19.12 14.88 13.43 23.48 25.53 30.84 24.50 28.47 37.32 32.20 31.85 26.14 34.73 43.46 58.86 65.28 65.28
23.67 13.19 8.15 4.95 0.00 4.42 6.21 8.42 0.00 1.34 4.88 16.85 49.07 60.00 60.00 60.00 60.00 60.00 60.00 60.00 84.70 172.48 200.00 200.00
17.90 9.97 6.16 3.74 0.00 3.34 4.70 6.37 0.00 1.01 3.69 12.74 37.10 45.36 45.36 45.36 45.36 45.36 45.36 45.36 64.30 130.65 151.20 151.20
10.36 5.77 3.56 2.16 0.00 1.94 2.72 3.68 0.00 0.59 2.14 7.37 21.47 26.25 26.25 26.25 26.25 26.25 26.25 26.25 37.43 75.79 87.50 87.50
16.75 9.33 5.76 3.50 0.00 3.13 4.40 5.96 0.00 0.95 3.45 11.92 34.72 42.45 42.45 42.45 42.45 42.45 42.45 42.45 60.23 122.31 141.50 141.50
21.90 12.20 7.53 4.57 0.00 4.09 5.75 7.79 0.00 1.24 4.52 15.58 45.39 55.50 55.50 55.50 55.50 55.50 55.50 55.50 78.45 159.64 185.00 185.00
15.45 8.61 5.32 3.23 0.00 2.89 4.05 5.50 0.00 0.87 3.19 10.99 32.02 39.15 39.15 39.15 39.15 39.15 39.15 39.15 55.60 112.85 130.50 130.50
34.44 19.20 11.85 7.20 0.00 6.44 9.04 12.25 0.00 1.95 7.10 24.51 71.40 87.30 87.30 87.30 87.30 87.30 87.30 87.30 122.29 250.05 291.00 291.00
0.00 0.00 0.00 0.00 0.00 0.00 0.00 0.00 0.00 0.00 0.00 0.00 0.00 0.00 0.00 0.00 0.00 0.00 0.00 0.00 0.00 0.00 0.00 0.00
33.71 24.82 17.50 11.91 7.63 8.38 9.15 10.11 0.00 0.00 5.58 9.73 34.48 51.18 51.18 51.18 51.18 51.18 51.18 51.18 95.98 170.60 170.60 170.60
32.40 23.86 16.83 11.45 7.33 8.05 8.80 9.72 0.00 0.00 5.34 9.35 33.15 49.20 49.20 49.20 49.20 49.20 49.20 49.20 92.28 164.00 164.00 164.00
43.51 32.03 22.59 15.38 9.84 10.81 11.81 13.06 0.00 0.00 7.41 12.56 44.51 66.06 66.06 66.06 66.06 66.06 66.06 66.06 123.80 220.20 220.20 220.20
155.20 114.26 80.59 54.85 35.11 38.57 42.13 46.57 0.00 0.00 27.45 44.80 158.76 235.65 235.65 235.65 235.65 235.65 235.65 235.65 440.78 785.50 785.50 785.50
55.82 41.09 28.98 19.73 12.63 13.87 15.15 16.75 0.00 0.00 9.73 16.11 57.10 84.75 84.75 84.75 84.75 84.75 84.75 84.75 158.74 282.50 282.50 282.50
22.14 26.31 9.11 8.35 19.59 6.93 5.73 4.76 4.07 6.27 30.59 22.48 47.57 115.20 120.00 120.00 120.00 120.00 120.00 120.00 120.00 120.00 81.59 74.81
1.90 0.00 0.00 0.00 0.00 0.00 0.86 1.48 0.00 0.00 0.00 1.33 9.69 29.88 31.39 29.88 29.88 29.88 29.88 29.88 31.77 29.88 23.08 27.21
11.70 0.00 0.00 0.00 0.00 0.00 5.32 9.09 0.00 0.00 0.00 9.80 59.59 183.75 210.51 183.75 183.75 183.75 183.75 183.75 229.39 183.75 141.92 167.33
12.60 12.60 9.53 6.06 3.61 2.97 3.00 3.69 2.87 2.59 4.83 5.48 5.95 4.73 5.49 7.20 7.06 6.48 5.05 6.70 8.39 11.36 12.60 12.60
1.89 0.70 0.00 0.00 0.00 0.00 0.86 1.54 2.46 8.28 26.25 54.27 80.50 80.50 45.25 80.50 80.50 45.19 24.15 35.91 24.15 24.15 24.15 24.15
1.64 0.61 0.00 0.00 0.00 0.00 0.75 1.34 2.14 7.20 22.83 47.19 70.00 70.00 39.36 70.00 70.00 39.30 21.00 30.13 21.00 21.00 21.00 21.00
0.30 0.11 0.00 0.00 0.00 0.00 0.14 0.25 0.40 1.34 4.24 8.76 13.00 13.00 7.37 13.00 13.00 7.33 3.90 4.30 3.90 3.90 3.90 3.90
129.57 178.61 153.78 139.92 126.28 81.46 48.91 27.15 14.03 14.03 26.61 0.00 0.00 7.59 15.04 28.92 51.30 56.77 60.00 60.00 48.53 44.56 56.73 73.30
13.44 51.27 125.51 250.25 338.60 338.60 293.70 244.30 338.60 338.60 338.60 338.60 338.60 338.60 338.60 338.60 338.60 338.60 338.60 338.60 338.60 289.71 127.14 112.03
33.99 14.40 12.05 7.66 3.23 6.67 7.51 3.61 0.00 0.00 13.21 21.77 34.11 45.00 45.00 45.00 45.00 45.00 45.00 45.00 45.00 84.18 149.99 150.00
33.99 14.40 12.05 7.66 3.23 6.67 7.51 3.61 0.00 0.00 13.21 21.77 34.11 45.00 45.00 45.00 45.00 45.00 45.00 45.00 45.00 84.18 149.99 150.00
2.27 0.98 0.64 0.39 0.22 0.32 0.30 0.15 0.00 0.00 0.88 1.46 2.27 3.00 3.00 3.00 3.00 3.00 3.00 3.00 3.00 5.66 10.00 10.00
66.82 59.69 47.50 38.32 31.72 14.15 4.77 0.00 0.00 5.81 27.49 45.30 60.00 60.00 60.00 60.00 60.00 112.31 200.00 200.00 200.00 200.00 200.00 200.00
39.29 35.10 27.93 22.53 18.65 8.32 2.80 0.00 0.00 3.42 16.16 26.64 35.28 35.28 35.28 35.28 35.28 66.10 117.60 117.60 117.60 117.60 117.60 117.60
34.93 29.45 14.50 6.90 3.62 7.97 16.13 30.67 23.59 19.72 18.91 29.64 55.04 143.27 66.79 52.26 52.26 75.89 152.35 174.20 174.20 174.20 156.05 174.20
50.02 42.19 20.77 9.89 4.92 11.42 23.10 43.93 33.78 28.25 27.08 42.44 75.45 202.25 92.70 74.85 74.85 109.23 218.77 249.50 249.50 249.50 223.51 249.50
2.06 0.75 0.00 0.00 0.60 0.95 1.40 2.01 2.03 2.92 6.61 13.45 30.00 30.00 30.00 73.62 30.00 30.00 30.00 30.00 30.00 30.00 30.00 30.00
3.03 1.10 0.00 0.00 0.88 1.40 2.06 2.95 2.99 4.29 10.67 19.78 44.10 44.10 44.10 108.35 44.10 44.10 44.10 44.10 44.10 44.10 44.10 44.10
139.80 139.80 139.80 51.12 42.12 11.64 5.93 4.04 4.54 5.26 6.27 15.37 30.93 41.94 41.94 41.94 50.50 111.85 139.80 135.62 103.80 91.59 115.93 104.94
0.00 0.00 0.00 0.00 0.00 0.00 0.00 0.00 0.00 0.00 0.00 0.00 0.00 0.00 0.00 0.00 0.00 0.00 0.00 0.00 0.00 0.00 0.00 0.00
187.33 187.32 187.33 68.41 58.11 16.58 7.95 5.42 6.09 7.05 8.40 20.60 41.45 56.20 56.20 56.20 64.20 146.43 187.33 183.78 138.32 119.08 155.35 140.62
45.90 40.43 29.36 20.50 13.59 11.47 10.22 9.68 17.33 28.52 43.83 45.90 45.90 45.90 45.90 45.90 45.90 45.90 45.90 45.90 45.90 41.79 27.58 22.30
98.09 132.27 131.30 130.88 131.00 83.25 52.39 25.34 7.39 6.14 6.24 2.41 0.00 0.00 2.37 12.58 40.27 19.23 21.95 24.92 38.84 61.48 55.90 32.89
9.95 37.94 92.89 185.21 250.60 250.60 217.37 180.81 250.60 250.60 250.60 250.60 250.60 250.60 250.60 250.60 250.60 250.60 250.60 250.60 250.60 214.42 94.10 82.91
72.50 69.73 32.84 13.57 5.67 8.50 19.70 44.68 76.75 122.98 185.11 230.00 230.00 230.00 230.00 230.00 230.00 230.00 230.00 230.00 230.00 230.00 230.00 230.00
120.89 119.43 52.87 21.72 17.04 27.66 45.16 33.54 10.31 15.12 22.53 59.91 130.25 238.50 238.50 238.50 238.50 238.50 176.17 71.55 71.55 71.55 67.34 53.44
5.79 4.67 5.13 5.80 6.72 5.80 4.97 4.27 1.23 0.84 4.77 0.00 5.25 55.25 43.07 30.00 30.00 30.00 30.00 30.00 30.00 30.00 44.17 22.42
100.12 169.29 260.90 268.00 268.00 268.00 255.99 163.61 226.96 268.00 268.00 268.00 268.00 268.00 268.00 268.00 268.00 268.00 268.00 268.00 268.00 212.06 122.87 103.95
115.91 198.74 250.00 250.00 250.00 250.00 250.00 244.68 250.00 250.00 250.00 250.00 242.62 209.67 176.24 149.65 129.79 130.43 132.00 134.27 122.65 111.87 101.58 114.47
0.00 0.00 0.00 0.00 0.00 0.00 0.00 0.00 0.00 0.00 0.00 0.00 0.00 0.00 0.00 0.00 0.00 0.00 0.00 0.00 0.00 0.00 0.00 0.00
14.05 12.16 10.44 9.52 9.24 7.28 5.88 4.91 2.61 4.20 21.15 33.93 73.30 162.50 162.50 162.50 162.50 162.50 162.50 162.50 162.50 162.50 59.04 23.29
42.79 35.29 24.24 15.74 9.79 7.62 11.72 24.55 64.07 138.11 104.02 160.49 185.40 104.55 130.61 142.89 146.36 185.40 185.40 185.40 185.40 185.40 185.40 185.40
0.00 0.00 0.00 0.00 0.00 0.00 0.00 0.00 0.00 0.00 0.00 0.00 0.00 0.00 0.00 0.00 0.00 0.00 0.00 0.00 0.00 0.00 0.00 0.00
53.24 35.88 22.06 14.21 10.58 12.94 24.96 51.64 131.55 269.09 332.60 332.60 332.60 332.60 332.60 332.60 332.60 332.60 332.60 332.60 332.60 332.60 179.23 133.49
67.21 63.46 55.57 51.98 53.14 49.03 45.17 41.74 8.17 2.80 5.72 7.41 26.52 52.95 52.95 52.95 52.95 52.95 98.98 176.50 176.50 176.50 176.50 176.50
28.63 77.67 22.27 15.88 11.82 8.59 6.03 4.04 3.52 5.59 11.34 4.83 5.16 8.76 32.49 65.61 121.22 130.00 130.00 130.00 130.00 130.00 130.00 95.85
682.81 857.00 827.23 705.16 604.11 386.97 231.43 125.82 64.65 37.22 40.42 0.00 0.00 30.82 62.36 121.22 216.48 235.67 257.10 257.10 358.88 435.16 279.13 280.00
685.42 944.85 754.96 740.19 668.01 430.93 258.74 143.63 74.22 78.99 157.15 0.00 0.00 40.12 79.58 152.98 271.39 300.33 317.40 317.40 256.74 206.81 282.25 387.75
34.37 0.00 0.00 0.00 0.00 0.00 15.63 26.70 0.00 0.00 0.00 37.45 175.10 539.94 745.19 539.94 539.94 539.94 539.94 539.94 868.95 539.94 417.03 491.69
158.03 106.39 65.64 37.18 18.57 13.56 13.37 18.20 12.79 12.62 17.85 19.40 21.19 46.69 27.19 40.11 49.77 68.88 104.36 159.03 159.03 159.03 159.03 159.03
156.60 156.60 118.44 75.34 44.90 36.95 37.35 45.87 35.70 32.22 54.88 56.92 73.99 58.77 68.29 89.53 73.65 78.69 62.71 83.31 104.25 141.19 156.60 156.60
164.49 78.00 78.01 50.42 29.82 19.68 13.46 10.15 14.61 21.43 31.11 59.35 78.00 78.00 78.00 78.00 78.00 78.00 78.00 78.00 145.89 260.00 241.22 206.01
171.72 139.09 87.88 51.70 27.22 19.52 16.02 16.02 25.36 45.06 79.68 118.37 169.84 171.72 171.72 171.72 171.72 171.72 171.72 171.72 171.72 140.71 92.07 68.90
15.72 15.72 11.89 7.56 4.51 3.71 3.75 4.60 3.58 3.23 5.99 6.78 7.43 5.90 6.86 8.99 8.67 8.01 6.30 8.36 10.47 14.17 15.72 15.72
308.16 150.01 150.01 96.97 57.35 37.85 25.88 19.51 28.10 41.21 59.83 114.14 150.00 150.00 150.00 150.00 150.00 150.00 150.00 150.00 280.44 500.00 463.89 396.18
326.40 290.58 213.43 154.14 109.16 85.95 71.24 64.31 126.42 243.65 326.40 326.40 326.40 326.40 326.40 326.40 326.40 326.40 326.40 326.40 326.40 326.40 532.57 190.72
226.53 177.68 125.39 84.87 54.74 43.65 37.40 35.33 75.74 149.69 267.06 267.06 267.06 267.06 267.06 267.06 267.06 267.06 267.06 267.06 267.06 213.79 129.18 99.01
63.52 85.65 85.02 84.75 84.83 53.91 33.93 16.41 4.79 3.98 4.04 1.56 0.00 0.00 1.53 8.04 25.67 12.45 14.22 16.13 23.67 38.50 36.20 21.30
78.06 105.25 104.48 104.15 104.24 66.24 41.69 20.16 5.88 4.89 4.97 1.92 0.00 0.00 1.88 9.95 31.81 15.30 17.47 19.83 29.94 48.06 44.48 26.17
133.64 110.22 75.71 49.14 30.59 23.79 36.59 76.68 200.08 431.33 324.69 542.91 579.00 325.32 454.05 466.38 395.58 578.99 579.00 579.00 579.00 579.00 579.00 579.00
113.60 48.03 51.97 31.27 10.78 22.93 26.50 12.84 0.00 0.00 44.13 72.70 113.98 150.39 150.39 150.39 150.39 150.39 150.39 150.39 150.39 281.15 501.30 501.30
172.28 142.08 97.60 63.35 39.43 30.67 47.17 98.86 257.93 556.03 418.54 708.99 746.40 419.18 605.65 614.30 493.67 746.39 746.40 746.40 746.40 746.40 746.40 746.40
239.81 197.78 135.86 88.19 54.89 42.69 65.66 137.61 359.05 774.00 582.57 1000.33 1039.00 583.24 880.86 881.73 661.83 1038.99 1039.00 1039.00 1039.00 1039.00 1039.00 1039.00
36.97 20.20 11.57 5.87 0.00 0.00 0.00 0.00 0.00 12.64 42.71 112.37 264.60 378.16 264.60 264.60 604.22 264.60 264.60 264.60 651.99 651.69 264.61 264.60
7.86 12.39 5.04 4.33 3.81 3.50 3.40 8.34 2.22 1.81 2.33 10.20 28.36 56.10 56.10 56.10 56.10 56.10 41.41 16.83 16.83 16.83 11.14 9.29
