0.00 0.00 0.00 0.00 0.00 0.00 0.00 0.00 0.82 1.71 2.73 3.74 4.48 4.78 4.81 4.61 2.90 2.31 1.57 0.79 0.19 0.00 0.00 0.00
0.00 0.00 0.00 0.00 0.00 0.00 0.00 0.75 15.27 28.85 43.01 57.29 68.68 75.16 75.08 70.30 58.83 45.77 29.25 9.49 0.00 0.00 0.00 0.00
0.00 0.00 0.00 0.00 0.00 0.00 0.00 0.00 18.71 39.21 62.49 85.45 102.52 109.33 109.94 105.39 66.40 52.82 35.99 17.95 4.40 0.00 0.00 0.00
0.00 0.00 0.00 0.00 0.00 0.00 0.00 0.00 66.51 139.35 222.08 303.70 364.34 388.57 390.72 374.53 235.98 187.71 127.91 63.80 15.63 0.00 0.00 0.00
0.00 0.00 0.00 0.00 0.00 0.00 0.00 0.64 3.18 5.53 8.13 10.60 12.06 12.31 12.16 11.45 9.32 7.08 4.37 1.42 0.00 0.00 0.00 0.00
0.00 0.00 0.00 0.00 0.00 0.00 0.00 0.00 137.64 303.76 513.36 704.01 843.71 839.01 854.54 811.16 609.11 486.87 341.78 79.77 21.22 0.00 0.00 0.00
0.00 0.00 0.00 0.00 0.00 0.00 0.00 0.24 1.48 2.66 3.39 4.52 5.16 6.18 6.09 5.72 4.62 3.47 2.22 0.83 0.04 0.00 0.00 0.00
0.00 0.00 0.00 0.00 0.00 0.00 0.00 0.07 0.90 1.67 2.45 3.29 3.86 4.13 4.22 3.97 3.43 2.71 1.74 0.66 0.00 0.00 0.00 0.00
0.00 0.00 0.00 0.00 0.00 0.00 0.00 0.11 1.43 2.66 3.92 5.27 6.17 6.61 6.75 6.35 5.48 4.33 2.78 1.06 0.00 0.00 0.00 0.00
0.00 0.00 0.00 0.00 0.00 0.00 0.00 0.11 1.43 2.66 3.92 5.27 6.17 6.61 6.75 6.35 5.48 4.33 2.78 1.06 0.00 0.00 0.00 0.00
0.00 0.00 0.00 0.00 0.00 0.00 0.00 0.12 3.29 6.27 10.07 13.64 16.35 17.46 17.45 16.73 14.60 11.32 7.48 2.53 0.15 0.00 0.00 0.00
0.00 0.00 0.00 0.00 0.00 0.00 0.00 0.06 1.58 3.00 4.83 6.43 7.64 8.07 8.08 7.79 6.82 5.31 3.41 1.27 0.07 0.00 0.00 0.00
0.00 0.00 0.00 0.00 0.00 0.00 0.00 0.08 2.03 3.86 6.21 8.27 9.83 10.37 10.39 10.02 8.77 6.83 4.39 1.64 0.09 0.00 0.00 0.00
0.00 0.00 0.00 0.00 0.00 0.00 0.00 0.05 1.35 2.57 4.14 5.51 6.55 6.92 6.93 6.68 5.85 4.55 2.92 1.09 0.06 0.00 0.00 0.00
0.00 0.00 0.00 0.00 0.00 0.00 0.00 0.05 1.35 2.57 4.14 5.51 6.55 6.92 6.93 6.68 5.85 4.55 2.92 1.09 0.06 0.00 0.00 0.00
0.00 0.00 0.00 0.00 0.00 0.00 0.00 0.00 15.67 31.91 54.02 73.93 89.90 100.87 104.08 99.50 83.93 65.47 41.83 15.27 0.72 0.00 0.00 0.00
0.00 0.00 0.00 0.00 0.00 0.00 0.00 0.63 10.37 19.52 30.51 41.87 50.13 53.41 52.28 49.51 43.63 33.77 22.34 8.45 0.40 0.00 0.00 0.00
0.00 0.00 0.00 0.00 0.00 0.00 0.00 0.49 9.12 17.23 27.00 35.52 42.40 44.82 44.71 42.69 37.19 28.90 19.03 5.31 0.42 0.00 0.00 0.00
0.00 0.00 0.00 0.00 0.00 0.00 0.00 0.00 40.60 89.60 151.42 207.66 248.86 247.48 252.06 239.26 179.67 143.61 100.81 23.53 6.26 0.00 0.00 0.00
0.00 0.00 0.00 0.00 0.00 0.00 0.00 0.00 38.62 85.23 144.04 197.53 236.72 235.40 239.76 227.59 170.90 136.60 95.90 22.38 5.95 0.00 0.00 0.00
0.00 0.00 0.00 0.00 0.00 0.00 0.00 0.00 74.26 163.90 276.99 379.86 455.24 452.70 461.08 437.68 328.66 262.70 184.42 43.04 11.45 0.00 0.00 0.00
0.00 0.00 0.00 0.00 0.00 0.00 0.00 0.00 73.03 161.17 272.38 373.53 447.65 445.16 453.40 430.38 323.18 258.32 181.34 42.33 11.26 0.00 0.00 0.00
0.00 0.00 0.00 0.00 0.00 0.00 0.00 0.00 93.33 194.93 306.99 412.22 486.06 473.09 474.65 450.67 284.61 225.40 155.32 78.37 20.83 0.00 0.00 0.00
0.00 0.00 0.00 0.00 0.00 0.00 0.00 0.07 0.90 1.67 2.45 3.29 3.86 4.13 4.22 3.97 3.43 2.71 1.74 0.66 0.00 0.00 0.00 0.00
0.00 0.00 0.00 0.00 0.00 0.00 0.00 0.33 4.54 8.44 12.40 16.68 19.54 20.93 21.38 20.11 17.36 13.72 8.81 3.35 0.00 0.00 0.00 0.00
0.00 0.00 0.00 0.00 0.00 0.00 0.00 1.71 23.17 43.08 63.31 85.17 99.78 106.86 109.15 102.68 88.63 70.06 44.99 17.11 0.00 0.00 0.00 0.00
0.00 0.00 0.00 0.00 0.00 0.00 0.00 0.00 2.77 6.12 10.34 14.18 17.00 16.90 17.21 16.34 12.27 9.81 6.88 1.61 0.43 0.00 0.00 0.00
0.00 0.00 0.00 0.00 0.00 0.00 0.00 0.00 65.48 137.18 218.62 298.97 358.66 382.51 384.63 368.70 232.30 184.78 125.92 62.80 15.39 0.00 0.00 0.00
0.00 0.00 0.00 0.00 0.00 0.00 0.00 0.00 4.07 8.34 14.91 20.62 25.75 28.74 29.38 27.99 22.00 17.45 12.11 2.69 0.41 0.00 0.00 0.00
0.00 0.00 0.00 0.00 0.00 0.00 0.00 0.32 26.38 51.46 107.50 145.92 168.67 184.41 183.67 173.66 116.59 91.11 61.06 24.72 5.02 0.00 0.00 0.00
0.00 0.00 0.00 0.00 0.00 0.00 0.00 0.00 1.09 2.29 3.64 4.98 5.98 6.38 6.41 6.14 3.87 3.08 2.10 1.05 0.26 0.00 0.00 0.00
0.00 0.00 0.00 0.00 0.00 0.00 0.00 0.00 49.11 102.88 163.96 224.23 268.99 286.88 288.48 276.52 174.22 138.59 94.44 47.10 11.54 0.00 0.00 0.00
0.00 0.00 0.00 0.00 0.00 0.00 0.00 0.00 63.02 132.03 210.42 287.76 345.21 368.17 370.21 354.87 223.59 177.85 121.19 60.45 14.81 0.00 0.00 0.00
0.00 0.00 0.00 0.00 0.00 0.00 0.00 0.00 123.09 257.07 404.84 543.61 640.99 623.89 625.94 594.32 375.34 297.24 204.83 103.35 27.47 0.00 0.00 0.00
0.00 0.00 0.00 0.00 0.00 0.00 0.00 0.01 2.37 4.58 7.37 9.95 11.78 12.59 12.84 12.20 10.56 8.21 5.38 2.01 0.13 0.00 0.00 0.00
0.00 0.00 0.00 0.00 0.00 0.00 0.00 0.04 3.00 5.77 9.26 12.53 14.86 15.80 15.96 15.27 13.23 10.24 6.73 2.51 0.16 0.00 0.00 0.00
0.00 0.00 0.00 0.00 0.00 0.00 0.00 0.00 16.80 34.40 61.49 85.07 106.23 118.57 121.19 115.44 90.74 71.98 49.97 11.08 1.69 0.00 0.00 0.00
0.00 0.00 0.00 0.00 0.00 0.00 0.00 0.00 52.23 111.24 96.62 128.07 156.70 269.60 271.13 257.46 301.11 245.05 173.91 114.62 38.37 0.00 0.00 0.00
0.00 0.00 0.00 0.00 0.00 0.00 0.00 0.07 0.85 1.57 2.44 3.31 3.94 4.20 4.12 3.81 3.30 2.59 1.70 0.68 0.02 0.00 0.00 0.00
0.00 0.00 0.00 0.00 0.00 0.00 0.00 0.00 17.16 34.87 55.26 74.09 88.76 95.56 96.47 90.55 54.06 43.18 29.05 12.02 2.76 0.00 0.00 0.00
0.00 0.00 0.00 0.00 0.00 0.00 0.00 0.00 4.97 11.73 19.37 26.74 32.14 29.58 29.20 27.75 16.80 13.67 9.60 3.51 1.03 0.00 0.00 0.00
0.00 0.00 0.00 0.00 0.00 0.00 0.00 0.34 1.86 3.31 3.97 5.29 6.13 7.86 7.77 7.19 5.59 4.19 2.66 0.96 0.03 0.00 0.00 0.00
0.00 0.00 0.00 0.00 0.00 0.00 0.00 0.17 0.93 1.65 1.99 2.65 3.06 3.93 3.88 3.60 2.80 2.10 1.33 0.48 0.01 0.00 0.00 0.00
0.00 0.00 0.00 0.00 0.00 0.00 0.00 0.37 2.04 3.62 4.35 5.79 6.70 8.60 8.49 7.87 6.12 4.58 2.91 1.05 0.03 0.00 0.00 0.00
0.00 0.00 0.00 0.00 0.00 0.00 0.00 0.36 2.12 3.77 5.70 7.64 8.90 13.02 12.78 11.88 9.71 7.20 4.61 1.49 0.03 0.00 0.00 0.00
0.00 0.00 0.00 0.00 0.00 0.00 0.00 0.55 3.23 5.75 8.68 11.64 13.57 19.84 19.47 18.11 14.79 10.97 7.03 2.27 0.05 0.00 0.00 0.00
0.00 0.00 0.00 0.00 0.00 0.00 0.00 0.44 2.81 5.06 6.93 9.21 10.66 13.22 13.10 12.13 10.65 8.07 5.20 1.72 0.08 0.00 0.00 0.00
0.00 0.00 0.00 0.00 0.00 0.00 0.00 0.13 1.67 3.16 6.28 8.35 9.96 14.36 14.00 13.11 11.19 8.74 5.72 2.06 0.35 0.00 0.00 0.00
0.00 0.00 0.00 0.00 0.00 0.00 0.00 0.34 4.32 8.17 16.23 21.57 25.72 37.11 36.18 33.86 28.90 22.57 14.79 5.33 0.92 0.00 0.00 0.00
0.00 0.00 0.00 0.00 0.00 0.00 0.00 0.04 0.96 1.84 4.05 5.49 6.52 9.87 9.68 9.11 7.10 5.45 3.58 1.10 0.19 0.00 0.00 0.00
0.00 0.00 0.00 0.00 0.00 0.00 0.00 0.47 4.01 7.32 10.95 14.53 17.22 18.19 17.90 16.63 13.78 10.82 7.01 2.84 0.00 0.00 0.00 0.00
0.00 0.00 0.00 0.00 0.00 0.00 0.00 0.97 7.23 13.10 19.71 25.98 30.30 31.97 31.66 29.80 25.80 19.85 12.48 4.21 0.11 0.00 0.00 0.00
0.00 0.00 0.00 0.00 0.00 0.00 0.00 0.19 0.97 1.68 2.47 3.23 3.71 3.75 3.69 3.54 3.00 2.27 1.43 0.55 0.00 0.00 0.00 0.00
0.00 0.00 0.00 0.00 0.00 0.00 0.00 0.77 5.18 9.25 13.54 17.66 20.70 21.41 21.26 20.06 16.88 12.93 8.27 3.07 0.00 0.00 0.00 0.00
0.00 0.00 0.00 0.00 0.00 0.00 0.00 0.63 3.61 6.35 9.22 12.03 13.74 14.07 14.19 13.54 11.25 8.58 5.40 1.98 0.00 0.00 0.00 0.00
0.00 0.00 0.00 0.00 0.00 0.00 0.00 0.87 4.98 8.77 12.73 16.60 18.97 19.42 19.58 18.68 15.53 11.84 7.45 2.74 0.00 0.00 0.00 0.00
0.00 0.00 0.00 0.00 0.00 0.00 0.00 0.59 3.39 5.97 8.67 11.31 12.92 13.23 13.34 12.72 10.58 8.07 5.07 1.87 0.00 0.00 0.00 0.00
0.00 0.00 0.00 0.00 0.00 0.00 0.00 0.41 2.76 4.93 7.22 9.42 11.04 11.42 11.34 10.70 9.00 6.90 4.41 1.64 0.00 0.00 0.00 0.00
0.00 0.00 0.00 0.00 0.00 0.00 0.00 0.54 2.82 4.94 7.27 9.47 10.69 11.11 10.89 10.22 8.45 6.44 4.01 1.33 0.00 0.00 0.00 0.00
0.00 0.00 0.00 0.00 0.00 0.00 0.00 0.19 2.57 4.77 7.02 9.44 11.06 11.84 12.10 11.38 9.82 7.76 4.99 1.90 0.00 0.00 0.00 0.00
0.00 0.00 0.00 0.00 0.00 0.00 0.00 0.00 20.40 41.53 70.32 96.22 117.01 131.29 135.46 129.51 109.24 85.21 54.44 19.88 0.93 0.00 0.00 0.00
0.00 0.00 0.00 0.00 0.00 0.00 0.00 0.14 3.73 7.11 11.42 15.46 18.53 19.79 19.78 18.96 16.55 12.83 8.48 2.86 0.17 0.00 0.00 0.00
0.00 0.00 0.00 0.00 0.00 0.00 0.00 0.48 6.04 11.20 16.53 22.02 26.32 26.75 26.35 24.87 22.06 17.36 11.45 5.12 0.08 0.00 0.00 0.00
0.00 0.00 0.00 0.00 0.00 0.00 0.00 0.22 2.77 5.13 7.58 10.09 12.06 12.26 12.08 11.40 10.11 7.96 5.25 2.34 0.04 0.00 0.00 0.00
0.00 0.00 0.00 0.00 0.00 0.00 0.00 0.18 4.60 8.75 14.05 19.21 23.06 24.62 24.51 23.39 20.45 15.85 10.59 3.55 0.21 0.00 0.00 0.00
0.00 0.00 0.00 0.00 0.00 0.00 0.00 0.17 2.05 3.82 5.92 8.05 9.57 10.20 10.02 9.26 8.02 6.29 4.13 1.64 0.05 0.00 0.00 0.00
0.00 0.00 0.00 0.00 0.00 0.00 0.00 0.00 17.40 35.62 63.67 88.08 109.99 122.76 125.48 119.52 93.95 74.52 51.73 11.47 1.75 0.00 0.00 0.00
0.00 0.00 0.00 0.00 0.00 0.00 0.00 0.08 6.31 12.31 25.71 34.89 40.33 44.10 43.92 41.53 27.88 21.79 14.60 5.91 1.20 0.00 0.00 0.00
0.00 0.00 0.00 0.00 0.00 0.00 0.00 0.00 1.18 2.31 5.18 7.07 8.28 10.08 10.25 9.63 6.41 5.05 3.40 1.26 0.25 0.00 0.00 0.00
0.00 0.00 0.00 0.00 0.00 0.00 0.00 0.00 1.06 2.09 4.74 6.41 7.67 10.70 10.72 10.09 6.86 5.33 3.56 1.70 0.31 0.00 0.00 0.00
0.00 0.00 0.00 0.00 0.00 0.00 0.00 0.00 1.69 3.34 7.59 10.26 12.27 17.11 17.15 16.15 10.97 8.53 5.70 2.72 0.50 0.00 0.00 0.00
0.00 0.00 0.00 0.00 0.00 0.00 0.00 0.00 75.50 166.63 281.61 386.19 462.83 460.25 468.77 444.97 334.13 267.08 187.49 43.76 11.64 0.00 0.00 0.00
