0.00 0.00 0.00 0.00 0.00 0.00 0.00 0.00 0.54 1.12 1.85 2.52 3.03 3.05 3.07 2.94 1.90 1.52 1.04 0.57 0.15 0.00 0.00 0.00
0.00 0.00 0.00 0.00 0.00 0.00 0.00 0.50 6.83 12.95 21.80 29.08 34.94 36.91 36.83 34.45 38.99 30.08 19.08 9.29 0.00 0.00 0.00 0.00
0.00 0.00 0.00 0.00 0.00 0.00 0.00 0.00 12.41 25.59 42.28 57.73 69.23 69.70 70.16 67.34 43.53 34.67 23.69 13.14 3.36 0.00 0.00 0.00
0.00 0.00 0.00 0.00 0.00 0.00 0.00 0.00 44.11 90.96 150.25 205.16 246.05 247.72 249.36 239.32 154.71 123.21 84.18 46.69 11.93 0.00 0.00 0.00
0.00 0.00 0.00 0.00 0.00 0.00 0.00 0.27 1.24 2.15 3.46 4.51 5.14 6.47 6.37 5.99 6.51 4.92 3.03 1.15 0.00 0.00 0.00 0.00
0.00 0.00 0.00 0.00 0.00 0.00 0.00 0.00 144.72 312.36 364.79 500.79 601.70 664.70 673.92 637.05 414.16 329.71 230.67 168.92 46.57 0.00 0.00 0.00
0.00 0.00 0.00 0.00 0.00 0.00 0.00 0.11 0.59 1.05 2.49 3.33 3.82 3.66 3.63 3.42 4.51 3.38 2.16 0.86 0.06 0.00 0.00 0.00
0.00 0.00 0.00 0.00 0.00 0.00 0.00 0.04 0.38 0.71 1.46 1.97 2.32 2.15 2.19 2.07 2.20 1.72 1.10 0.54 0.00 0.00 0.00 0.00
0.00 0.00 0.00 0.00 0.00 0.00 0.00 0.06 0.61 1.13 2.34 3.16 3.71 3.44 3.51 3.31 3.52 2.75 1.75 0.86 0.00 0.00 0.00 0.00
0.00 0.00 0.00 0.00 0.00 0.00 0.00 0.06 0.61 1.13 2.34 3.16 3.71 3.44 3.51 3.31 3.52 2.75 1.75 0.86 0.00 0.00 0.00 0.00
0.00 0.00 0.00 0.00 0.00 0.00 0.00 0.22 3.40 6.41 9.02 12.24 14.73 10.99 11.07 10.69 9.82 7.59 5.01 1.67 0.13 0.00 0.00 0.00
0.00 0.00 0.00 0.00 0.00 0.00 0.00 0.11 1.62 3.05 4.20 5.62 6.73 5.24 5.28 5.12 4.58 3.56 2.28 0.77 0.05 0.00 0.00 0.00
0.00 0.00 0.00 0.00 0.00 0.00 0.00 0.14 2.08 3.92 5.40 7.23 8.65 6.73 6.78 6.58 5.89 4.57 2.93 0.99 0.07 0.00 0.00 0.00
0.00 0.00 0.00 0.00 0.00 0.00 0.00 0.09 1.39 2.61 3.60 4.82 5.77 4.49 4.52 4.39 3.93 3.05 1.96 0.66 0.05 0.00 0.00 0.00
0.00 0.00 0.00 0.00 0.00 0.00 0.00 0.09 1.39 2.61 3.60 4.82 5.77 4.49 4.52 4.39 3.93 3.05 1.96 0.66 0.05 0.00 0.00 0.00
0.00 0.00 0.00 0.00 0.00 0.00 0.00 0.00 5.77 11.71 19.63 27.05 33.16 53.29 55.09 52.79 41.49 32.37 20.72 9.20 0.57 0.00 0.00 0.00
0.00 0.00 0.00 0.00 0.00 0.00 0.00 0.89 10.20 19.03 26.99 37.13 44.60 29.71 29.31 27.99 33.27 25.67 16.95 5.41 0.36 0.00 0.00 0.00
0.00 0.00 0.00 0.00 0.00 0.00 0.00 0.68 8.46 15.86 22.67 29.86 35.72 33.50 33.62 32.31 25.85 20.06 13.22 5.51 0.53 0.00 0.00 0.00
0.00 0.00 0.00 0.00 0.00 0.00 0.00 0.00 42.69 92.13 107.60 147.71 177.48 196.06 198.78 187.91 122.16 97.25 68.04 49.82 13.74 0.00 0.00 0.00
0.00 0.00 0.00 0.00 0.00 0.00 0.00 0.00 40.60 87.64 102.35 140.51 168.82 186.50 189.08 178.74 116.20 92.51 64.72 47.39 13.07 0.00 0.00 0.00
0.00 0.00 0.00 0.00 0.00 0.00 0.00 0.00 78.09 168.54 196.83 270.21 324.66 358.65 363.62 343.73 223.47 177.90 124.46 91.14 25.13 0.00 0.00 0.00
0.00 0.00 0.00 0.00 0.00 0.00 0.00 0.00 76.78 165.73 193.55 265.70 319.25 352.67 357.56 338.00 219.74 174.94 122.39 89.62 24.71 0.00 0.00 0.00
0.00 0.00 0.00 0.00 0.00 0.00 0.00 0.00 42.31 87.28 145.43 195.05 230.02 244.79 245.40 232.92 181.62 143.85 99.28 59.40 16.37 0.00 0.00 0.00
0.00 0.00 0.00 0.00 0.00 0.00 0.00 0.04 0.38 0.71 1.46 1.97 2.32 2.15 2.19 2.07 2.20 1.72 1.10 0.54 0.00 0.00 0.00 0.00
0.00 0.00 0.00 0.00 0.00 0.00 0.00 0.19 1.92 3.58 7.41 10.00 11.76 10.88 11.12 10.47 11.14 8.72 5.56 2.73 0.00 0.00 0.00 0.00
0.00 0.00 0.00 0.00 0.00 0.00 0.00 0.96 9.80 18.28 37.82 51.04 60.04 55.57 56.76 53.44 56.85 44.51 28.36 13.93 0.00 0.00 0.00 0.00
0.00 0.00 0.00 0.00 0.00 0.00 0.00 0.00 2.92 6.29 7.35 10.09 12.12 13.39 13.58 12.83 8.34 6.64 4.65 3.40 0.94 0.00 0.00 0.00
0.00 0.00 0.00 0.00 0.00 0.00 0.00 0.00 43.43 89.54 147.91 201.96 242.22 243.86 245.48 235.59 152.29 121.29 82.87 45.96 11.75 0.00 0.00 0.00
0.00 0.00 0.00 0.00 0.00 0.00 0.00 0.00 3.56 7.19 9.75 13.55 17.03 19.05 19.52 18.64 14.87 11.71 8.08 3.06 0.51 0.00 0.00 0.00
0.00 0.00 0.00 0.00 0.00 0.00 0.00 0.76 16.78 32.23 52.53 71.13 82.12 79.05 78.86 74.70 59.75 46.67 31.31 22.67 4.92 0.00 0.00 0.00
0.00 0.00 0.00 0.00 0.00 0.00 0.00 0.00 0.72 1.49 2.47 3.37 4.04 4.06 4.09 3.93 2.54 2.02 1.38 0.77 0.20 0.00 0.00 0.00
0.00 0.00 0.00 0.00 0.00 0.00 0.00 0.00 32.57 67.16 110.93 151.47 181.66 182.89 184.11 176.69 114.22 90.97 62.15 34.47 8.81 0.00 0.00 0.00
0.00 0.00 0.00 0.00 0.00 0.00 0.00 0.00 41.80 86.18 142.36 194.39 233.13 234.71 236.27 226.75 146.58 116.74 79.76 44.24 11.31 0.00 0.00 0.00
0.00 0.00 0.00 0.00 0.00 0.00 0.00 0.00 55.80 115.09 191.78 257.22 303.34 322.81 323.62 307.16 239.51 189.70 130.93 78.33 21.59 0.00 0.00 0.00
0.00 0.00 0.00 0.00 0.00 0.00 0.00 0.09 2.43 4.66 6.11 8.30 9.89 9.23 9.50 9.12 7.01 5.44 3.56 1.16 0.09 0.00 0.00 0.00
0.00 0.00 0.00 0.00 0.00 0.00 0.00 0.13 3.09 5.90 7.68 10.46 12.49 11.93 12.13 11.71 8.47 6.53 4.29 1.35 0.11 0.00 0.00 0.00
0.00 0.00 0.00 0.00 0.00 0.00 0.00 0.00 14.67 29.64 40.23 55.91 70.23 78.59 80.51 76.88 61.32 48.31 33.35 12.61 2.11 0.00 0.00 0.00
0.00 0.00 0.00 0.00 0.00 0.00 0.00 0.00 98.84 204.59 312.57 409.97 497.05 532.47 534.14 506.18 459.04 374.46 266.81 167.97 58.08 0.00 0.00 0.00
0.00 0.00 0.00 0.00 0.00 0.00 0.00 0.09 0.79 1.46 1.90 2.60 3.11 2.35 2.32 2.16 2.48 1.94 1.27 0.55 0.03 0.00 0.00 0.00
0.00 0.00 0.00 0.00 0.00 0.00 0.00 0.00 9.79 19.61 31.31 41.89 50.12 47.64 48.28 45.51 32.22 25.77 17.39 9.96 2.40 0.00 0.00 0.00
0.00 0.00 0.00 0.00 0.00 0.00 0.00 0.00 3.43 7.93 12.42 17.13 20.60 22.36 21.97 20.79 17.45 14.15 9.91 6.57 1.99 0.00 0.00 0.00
0.00 0.00 0.00 0.00 0.00 0.00 0.00 0.12 0.57 1.00 2.74 3.66 4.26 4.44 4.41 4.10 5.56 4.15 2.63 0.99 0.05 0.00 0.00 0.00
0.00 0.00 0.00 0.00 0.00 0.00 0.00 0.06 0.28 0.50 1.37 1.83 2.13 2.22 2.20 2.05 2.78 2.08 1.32 0.50 0.02 0.00 0.00 0.00
0.00 0.00 0.00 0.00 0.00 0.00 0.00 0.13 0.62 1.10 3.00 4.01 4.66 4.85 4.82 4.49 6.08 4.54 2.88 1.08 0.05 0.00 0.00 0.00
0.00 0.00 0.00 0.00 0.00 0.00 0.00 0.20 1.06 1.88 4.09 5.52 6.47 7.77 7.65 7.14 8.11 5.99 3.83 1.75 0.08 0.00 0.00 0.00
0.00 0.00 0.00 0.00 0.00 0.00 0.00 0.31 1.61 2.86 6.23 8.41 9.87 11.85 11.66 10.87 12.35 9.13 5.83 2.67 0.12 0.00 0.00 0.00
0.00 0.00 0.00 0.00 0.00 0.00 0.00 0.25 1.38 2.46 6.05 8.06 9.37 8.43 8.40 7.83 9.57 7.22 4.63 1.87 0.13 0.00 0.00 0.00
0.00 0.00 0.00 0.00 0.00 0.00 0.00 0.20 1.85 3.43 4.68 6.19 7.36 8.46 8.27 7.76 8.22 6.42 4.22 2.28 0.43 0.00 0.00 0.00
0.00 0.00 0.00 0.00 0.00 0.00 0.00 0.51 4.77 8.85 12.08 15.98 19.01 21.86 21.37 20.06 21.23 16.60 10.90 5.89 1.11 0.00 0.00 0.00
0.00 0.00 0.00 0.00 0.00 0.00 0.00 0.07 0.94 1.78 3.01 4.07 4.83 4.28 4.23 4.00 3.25 2.49 1.64 0.99 0.19 0.00 0.00 0.00
0.00 0.00 0.00 0.00 0.00 0.00 0.00 0.45 3.21 5.81 6.33 8.46 10.10 11.32 11.15 10.39 10.03 7.83 5.06 3.00 0.06 0.00 0.00 0.00
0.00 0.00 0.00 0.00 0.00 0.00 0.00 1.02 6.47 11.66 17.26 22.89 26.90 20.09 20.00 18.93 18.67 14.29 8.96 5.23 0.24 0.00 0.00 0.00
0.00 0.00 0.00 0.00 0.00 0.00 0.00 0.08 0.38 0.65 0.97 1.27 1.46 2.06 2.02 1.93 2.27 1.71 1.07 0.58 0.00 0.00 0.00 0.00
0.00 0.00 0.00 0.00 0.00 0.00 0.00 0.43 2.56 4.58 5.84 7.63 8.97 13.19 13.08 12.33 9.92 7.57 4.82 2.86 0.00 0.00 0.00 0.00
0.00 0.00 0.00 0.00 0.00 0.00 0.00 0.29 1.49 2.63 3.84 5.03 5.76 8.88 8.92 8.49 7.20 5.47 3.43 1.89 0.00 0.00 0.00 0.00
0.00 0.00 0.00 0.00 0.00 0.00 0.00 0.40 2.05 3.63 5.30 6.93 7.95 12.25 12.31 11.72 9.94 7.55 4.73 2.61 0.00 0.00 0.00 0.00
0.00 0.00 0.00 0.00 0.00 0.00 0.00 0.27 1.40 2.47 3.61 4.72 5.42 8.34 8.39 7.98 6.77 5.14 3.22 1.78 0.00 0.00 0.00 0.00
0.00 0.00 0.00 0.00 0.00 0.00 0.00 0.23 1.36 2.44 3.12 4.07 4.78 7.04 6.98 6.58 5.29 4.04 2.57 1.53 0.00 0.00 0.00 0.00
0.00 0.00 0.00 0.00 0.00 0.00 0.00 0.25 1.18 2.05 3.26 4.25 4.81 6.29 6.14 5.76 5.50 4.17 2.59 1.20 0.00 0.00 0.00 0.00
0.00 0.00 0.00 0.00 0.00 0.00 0.00 0.11 1.09 2.03 4.19 5.66 6.65 6.16 6.29 5.92 6.30 4.93 3.14 1.54 0.00 0.00 0.00 0.00
0.00 0.00 0.00 0.00 0.00 0.00 0.00 0.00 7.51 15.24 25.55 35.21 43.17 69.36 71.70 68.72 54.00 42.13 26.97 11.97 0.74 0.00 0.00 0.00
0.00 0.00 0.00 0.00 0.00 0.00 0.00 0.25 3.85 7.27 10.22 13.88 16.69 12.45 12.54 12.12 11.12 8.60 5.68 1.89 0.14 0.00 0.00 0.00
0.00 0.00 0.00 0.00 0.00 0.00 0.00 0.55 5.30 9.80 9.64 12.95 15.62 15.07 14.86 14.06 15.74 12.33 8.11 3.37 0.13 0.00 0.00 0.00
0.00 0.00 0.00 0.00 0.00 0.00 0.00 0.25 2.43 4.49 4.42 5.93 7.16 6.91 6.81 6.44 7.22 5.65 3.72 1.54 0.06 0.00 0.00 0.00
0.00 0.00 0.00 0.00 0.00 0.00 0.00 0.32 4.77 8.99 12.53 17.16 20.66 14.87 14.92 14.36 14.12 10.91 7.28 2.33 0.18 0.00 0.00 0.00
0.00 0.00 0.00 0.00 0.00 0.00 0.00 0.21 1.93 3.55 4.62 6.31 7.54 5.70 5.63 5.24 6.03 4.70 3.08 1.33 0.07 0.00 0.00 0.00
0.00 0.00 0.00 0.00 0.00 0.00 0.00 0.00 15.18 30.69 41.65 57.88 72.71 81.37 83.36 79.60 63.49 50.02 34.53 13.06 2.18 0.00 0.00 0.00
0.00 0.00 0.00 0.00 0.00 0.00 0.00 0.18 4.01 7.71 12.56 17.01 19.64 18.90 18.86 17.86 14.29 11.16 7.49 5.42 1.18 0.00 0.00 0.00
0.00 0.00 0.00 0.00 0.00 0.00 0.00 0.03 0.90 1.74 2.98 4.06 4.76 4.14 4.22 3.98 2.95 2.33 1.57 0.97 0.21 0.00 0.00 0.00
0.00 0.00 0.00 0.00 0.00 0.00 0.00 0.04 1.69 3.28 5.39 7.29 8.72 7.11 7.17 6.80 5.07 3.96 2.66 0.88 0.17 0.00 0.00 0.00
0.00 0.00 0.00 0.00 0.00 0.00 0.00 0.06 2.71 5.26 8.63 11.66 13.95 11.38 11.47 10.88 8.11 6.33 4.26 1.41 0.28 0.00 0.00 0.00
0.00 0.00 0.00 0.00 0.00 0.00 0.00 0.00 79.39 171.35 200.11 274.71 330.07 364.63 369.68 349.46 227.19 180.87 126.54 92.66 25.54 0.00 0.00 0.00
