0.00 0.00 0.00 0.00 0.00 0.00 0.00 0.19 1.02 1.83 2.36 3.14 3.83 4.00 4.13 3.90 3.98 3.24 2.35 1.43 0.66 0.00 0.00 0.00
0.00 0.00 0.00 0.00 0.00 0.00 0.00 4.06 16.49 28.31 37.39 48.68 57.12 67.75 67.78 63.18 46.86 37.23 25.03 13.09 3.86 0.00 0.00 0.00
0.00 0.00 0.00 0.00 0.00 0.00 0.00 4.30 23.30 41.79 53.88 71.80 87.67 91.42 94.35 89.13 91.07 74.13 53.75 32.78 15.12 0.00 0.00 0.00
0.00 0.00 0.00 0.00 0.00 0.00 0.00 15.28 82.80 148.51 191.48 255.18 311.58 324.91 335.31 316.77 323.65 263.44 191.01 116.50 53.73 0.00 0.00 0.00
0.00 0.00 0.00 0.00 0.00 0.00 0.00 0.95 2.67 4.51 7.61 9.65 11.01 8.96 8.95 8.11 8.94 7.03 4.72 1.17 0.29 0.00 0.00 0.00
0.00 0.00 0.00 0.00 0.00 0.00 0.00 15.29 131.15 244.96 275.13 370.11 451.95 641.73 657.84 625.38 828.75 674.88 479.95 323.10 151.17 0.00 0.00 0.00
0.00 0.00 0.00 0.00 0.00 0.00 0.00 0.79 2.23 3.74 5.08 6.57 7.61 7.64 7.72 7.22 6.51 5.21 3.61 2.06 0.77 0.00 0.00 0.00
0.00 0.00 0.00 0.00 0.00 0.00 0.00 0.33 1.21 2.05 2.26 2.91 3.37 3.15 3.23 3.05 2.52 1.97 1.34 0.88 0.28 0.00 0.00 0.00
0.00 0.00 0.00 0.00 0.00 0.00 0.00 0.53 1.94 3.28 3.62 4.66 5.39 5.04 5.17 4.88 4.03 3.15 2.15 1.41 0.44 0.00 0.00 0.00
0.00 0.00 0.00 0.00 0.00 0.00 0.00 0.53 1.94 3.28 3.62 4.66 5.39 5.04 5.17 4.88 4.03 3.15 2.15 1.41 0.44 0.00 0.00 0.00
0.00 0.00 0.00 0.00 0.00 0.00 0.00 1.08 4.20 7.18 10.52 14.27 17.06 16.31 16.40 15.62 10.76 8.74 6.13 3.55 1.27 0.00 0.00 0.00
0.00 0.00 0.00 0.00 0.00 0.00 0.00 0.51 1.98 3.39 4.81 6.51 7.78 7.76 7.88 7.46 4.75 3.83 2.67 1.61 0.57 0.00 0.00 0.00
0.00 0.00 0.00 0.00 0.00 0.00 0.00 0.66 2.55 4.36 6.18 8.37 10.00 9.98 10.13 9.59 6.10 4.92 3.43 2.06 0.73 0.00 0.00 0.00
0.00 0.00 0.00 0.00 0.00 0.00 0.00 0.44 1.70 2.91 4.12 5.58 6.67 6.66 6.76 6.40 4.07 3.28 2.29 1.38 0.49 0.00 0.00 0.00
0.00 0.00 0.00 0.00 0.00 0.00 0.00 0.44 1.70 2.91 4.12 5.58 6.67 6.66 6.76 6.40 4.07 3.28 2.29 1.38 0.49 0.00 0.00 0.00
0.00 0.00 0.00 0.00 0.00 0.00 0.00 2.29 15.92 29.09 42.08 55.62 64.09 70.81 72.39 69.29 66.79 52.77 36.03 19.92 6.58 0.00 0.00 0.00
0.00 0.00 0.00 0.00 0.00 0.00 0.00 3.76 13.71 23.18 35.25 46.99 56.33 48.63 49.36 46.55 34.57 27.94 19.85 10.17 3.61 0.00 0.00 0.00
0.00 0.00 0.00 0.00 0.00 0.00 0.00 3.19 11.58 19.57 29.32 37.68 44.57 41.10 41.73 39.97 33.00 26.36 18.36 9.11 3.40 0.00 0.00 0.00
0.00 0.00 0.00 0.00 0.00 0.00 0.00 4.51 38.69 72.25 81.15 109.17 133.31 189.29 194.04 184.46 244.45 199.06 141.57 95.30 44.59 0.00 0.00 0.00
0.00 0.00 0.00 0.00 0.00 0.00 0.00 4.29 36.80 68.73 77.20 103.84 126.81 180.05 184.57 175.46 232.53 189.35 134.66 90.65 42.41 0.00 0.00 0.00
0.00 0.00 0.00 0.00 0.00 0.00 0.00 8.25 70.77 132.17 148.45 199.70 243.86 346.26 354.95 337.43 447.17 364.14 258.97 174.34 81.57 0.00 0.00 0.00
0.00 0.00 0.00 0.00 0.00 0.00 0.00 8.11 69.59 129.97 145.98 196.37 239.80 340.49 349.03 331.81 439.72 358.07 254.65 171.43 80.21 0.00 0.00 0.00
0.00 0.00 0.00 0.00 0.00 0.00 0.00 20.06 102.45 182.81 292.76 390.97 477.30 495.43 508.27 501.18 334.69 271.52 198.22 144.27 68.62 0.00 0.00 0.00
0.00 0.00 0.00 0.00 0.00 0.00 0.00 0.33 1.21 2.05 2.26 2.91 3.37 3.15 3.23 3.05 2.52 1.97 1.34 0.88 0.28 0.00 0.00 0.00
0.00 0.00 0.00 0.00 0.00 0.00 0.00 1.66 6.14 10.37 11.47 14.76 17.08 15.96 16.37 15.45 12.76 9.97 6.80 4.48 1.40 0.00 0.00 0.00
0.00 0.00 0.00 0.00 0.00 0.00 0.00 8.49 31.33 52.95 58.57 75.37 87.18 81.49 83.57 78.88 65.15 50.90 34.73 22.85 7.13 0.00 0.00 0.00
0.00 0.00 0.00 0.00 0.00 0.00 0.00 0.31 2.64 4.93 5.54 7.46 9.10 12.93 13.25 12.60 16.69 13.59 9.67 6.51 3.05 0.00 0.00 0.00
0.00 0.00 0.00 0.00 0.00 0.00 0.00 15.04 81.51 146.20 188.49 251.20 306.72 319.85 330.09 311.84 318.61 259.34 188.03 114.68 52.90 0.00 0.00 0.00
0.00 0.00 0.00 0.00 0.00 0.00 0.00 0.89 5.02 9.01 13.64 19.10 24.35 23.61 24.34 23.63 19.42 15.75 11.09 7.02 2.83 0.00 0.00 0.00
0.00 0.00 0.00 0.00 0.00 0.00 0.00 7.86 28.51 48.45 91.27 117.59 138.13 167.07 175.09 166.98 146.88 120.36 86.83 51.74 23.12 0.00 0.00 0.00
0.00 0.00 0.00 0.00 0.00 0.00 0.00 0.25 1.36 2.44 3.14 4.19 5.11 5.33 5.50 5.20 5.31 4.32 3.13 1.91 0.88 0.00 0.00 0.00
0.00 0.00 0.00 0.00 0.00 0.00 0.00 11.28 61.13 109.65 141.37 188.40 230.04 239.89 247.57 233.88 238.95 194.50 141.03 86.01 39.67 0.00 0.00 0.00
0.00 0.00 0.00 0.00 0.00 0.00 0.00 14.48 78.45 140.71 181.42 241.78 295.22 307.85 317.71 300.14 306.66 249.61 180.98 110.38 50.91 0.00 0.00 0.00
0.00 0.00 0.00 0.00 0.00 0.00 0.00 26.46 135.11 241.08 386.07 515.60 629.44 653.35 670.28 660.93 441.37 358.07 261.40 190.25 90.49 0.00 0.00 0.00
0.00 0.00 0.00 0.00 0.00 0.00 0.00 0.70 3.00 5.20 6.52 8.68 10.40 9.15 9.27 8.84 9.12 7.19 5.03 3.64 1.30 0.00 0.00 0.00
0.00 0.00 0.00 0.00 0.00 0.00 0.00 0.91 3.82 6.60 8.89 11.75 14.16 12.29 12.50 11.98 10.61 8.33 5.91 3.99 1.42 0.00 0.00 0.00
0.00 0.00 0.00 0.00 0.00 0.00 0.00 3.68 20.72 37.17 56.26 78.77 100.46 97.39 100.39 97.46 80.12 64.97 45.75 28.96 11.68 0.00 0.00 0.00
0.00 0.00 0.00 0.00 0.00 0.00 0.00 15.76 74.49 132.16 254.36 332.07 397.36 358.77 368.08 346.84 279.34 227.79 168.59 104.34 54.49 4.35 0.00 0.00
0.00 0.00 0.00 0.00 0.00 0.00 0.00 0.32 1.12 1.88 2.50 3.29 3.88 3.52 3.54 3.37 2.61 2.10 1.48 0.91 0.32 0.00 0.00 0.00
0.00 0.00 0.00 0.00 0.00 0.00 0.00 4.17 18.67 32.78 57.17 74.34 89.14 93.84 95.20 90.14 76.53 62.46 46.19 26.03 11.87 0.00 0.00 0.00
0.00 0.00 0.00 0.00 0.00 0.00 0.00 0.12 3.94 7.71 8.77 11.87 14.46 18.80 19.09 17.56 21.71 17.38 12.51 9.23 4.43 0.00 0.00 0.00
0.00 0.00 0.00 0.00 0.00 0.00 0.00 0.89 2.42 4.05 5.50 7.05 8.16 8.34 8.34 7.85 7.90 6.25 4.29 2.33 0.85 0.00 0.00 0.00
0.00 0.00 0.00 0.00 0.00 0.00 0.00 0.45 1.21 2.03 2.75 3.53 4.08 4.17 4.17 3.93 3.95 3.12 2.15 1.16 0.43 0.00 0.00 0.00
0.00 0.00 0.00 0.00 0.00 0.00 0.00 0.97 2.65 4.43 6.01 7.72 8.93 9.12 9.12 8.59 8.64 6.83 4.69 2.54 0.93 0.00 0.00 0.00
0.00 0.00 0.00 0.00 0.00 0.00 0.00 1.24 3.42 5.74 8.06 10.19 11.83 11.19 11.24 10.56 9.66 7.59 5.28 2.87 1.04 0.00 0.00 0.00
0.00 0.00 0.00 0.00 0.00 0.00 0.00 1.88 5.22 8.74 12.28 15.53 18.03 17.06 17.13 16.10 14.71 11.56 8.05 4.38 1.58 0.00 0.00 0.00
0.00 0.00 0.00 0.00 0.00 0.00 0.00 1.63 4.63 7.74 10.38 13.54 15.51 15.23 15.30 14.38 12.71 10.22 7.02 3.98 1.48 0.00 0.00 0.00
0.00 0.00 0.00 0.00 0.00 0.00 0.00 0.70 2.23 3.70 6.12 7.75 9.03 12.18 12.71 12.43 11.95 9.55 6.80 4.09 1.78 0.00 0.00 0.00
0.00 0.00 0.00 0.00 0.00 0.00 0.00 1.82 5.76 9.55 15.80 20.03 23.33 31.45 32.83 32.12 30.88 24.68 17.56 10.57 4.60 0.00 0.00 0.00
0.00 0.00 0.00 0.00 0.00 0.00 0.00 0.52 1.79 3.01 5.37 6.91 8.13 8.57 8.78 8.48 7.66 6.20 4.37 2.56 1.11 0.00 0.00 0.00
0.00 0.00 0.00 0.00 0.00 0.00 0.00 1.60 5.13 8.53 12.02 16.07 18.80 16.95 17.26 16.05 12.77 10.19 7.15 3.38 1.13 0.00 0.00 0.00
0.00 0.00 0.00 0.00 0.00 0.00 0.00 3.02 9.15 15.15 19.94 25.84 30.91 28.42 29.06 27.37 21.39 16.95 11.62 5.46 1.94 0.00 0.00 0.00
0.00 0.00 0.00 0.00 0.00 0.00 0.00 0.42 1.16 1.89 2.63 3.33 3.75 2.90 2.86 2.66 3.13 2.47 1.64 0.51 0.14 0.00 0.00 0.00
0.00 0.00 0.00 0.00 0.00 0.00 0.00 2.16 6.68 11.14 15.98 19.94 22.53 17.52 17.74 16.50 11.66 9.02 6.00 3.48 0.99 0.00 0.00 0.00
0.00 0.00 0.00 0.00 0.00 0.00 0.00 1.45 4.25 7.07 9.47 11.94 13.15 12.98 12.71 11.98 6.99 5.44 3.67 2.29 0.62 0.00 0.00 0.00
0.00 0.00 0.00 0.00 0.00 0.00 0.00 1.99 5.87 9.76 13.07 16.47 18.15 17.91 17.55 16.54 9.65 7.51 5.07 3.16 0.86 0.00 0.00 0.00
0.00 0.00 0.00 0.00 0.00 0.00 0.00 1.36 4.00 6.65 8.90 11.22 12.36 12.20 11.95 11.27 6.57 5.11 3.45 2.15 0.58 0.00 0.00 0.00
0.00 0.00 0.00 0.00 0.00 0.00 0.00 1.15 3.56 5.94 8.52 10.64 12.02 9.34 9.46 8.80 6.22 4.81 3.20 1.86 0.53 0.00 0.00 0.00
0.00 0.00 0.00 0.00 0.00 0.00 0.00 1.01 2.90 4.83 7.11 8.93 10.05 9.53 9.57 8.87 6.95 5.48 3.79 1.47 0.37 0.00 0.00 0.00
0.00 0.00 0.00 0.00 0.00 0.00 0.00 0.94 3.47 5.87 6.49 8.35 9.66 9.03 9.26 8.74 7.22 5.64 3.85 2.53 0.79 0.00 0.00 0.00
0.00 0.00 0.00 0.00 0.00 0.00 0.00 2.98 20.73 37.86 54.77 72.40 83.42 92.16 94.23 90.19 86.93 68.68 46.90 25.92 8.57 0.00 0.00 0.00
0.00 0.00 0.00 0.00 0.00 0.00 0.00 1.23 4.76 8.14 11.93 16.17 19.33 18.49 18.58 17.71 12.19 9.91 6.94 4.02 1.44 0.00 0.00 0.00
0.00 0.00 0.00 0.00 0.00 0.00 0.00 2.14 7.55 12.67 16.72 22.21 26.72 24.75 25.27 23.66 17.99 14.47 10.16 5.19 1.76 0.00 0.00 0.00
0.00 0.00 0.00 0.00 0.00 0.00 0.00 0.98 3.46 5.81 7.66 10.18 12.25 11.34 11.58 10.84 8.25 6.63 4.66 2.38 0.81 0.00 0.00 0.00
0.00 0.00 0.00 0.00 0.00 0.00 0.00 1.56 6.01 10.25 15.17 20.48 24.53 22.74 22.72 21.64 15.77 12.76 9.05 5.09 1.83 0.00 0.00 0.00
0.00 0.00 0.00 0.00 0.00 0.00 0.00 0.79 2.73 4.56 6.06 7.98 9.43 8.55 8.61 8.18 6.33 5.09 3.60 2.21 0.77 0.00 0.00 0.00
0.00 0.00 0.00 0.00 0.00 0.00 0.00 3.81 21.46 38.48 58.25 81.56 104.01 100.83 103.94 100.90 82.95 67.26 47.37 29.98 12.10 0.00 0.00 0.00
0.00 0.00 0.00 0.00 0.00 0.00 0.00 1.88 6.82 11.59 21.83 28.12 33.03 39.95 41.87 39.93 35.12 28.78 20.76 12.37 5.53 0.00 0.00 0.00
0.00 0.00 0.00 0.00 0.00 0.00 0.00 0.52 1.97 3.36 5.76 7.41 8.80 9.03 9.21 8.81 7.46 6.07 4.33 2.27 1.01 0.00 0.00 0.00
0.00 0.00 0.00 0.00 0.00 0.00 0.00 0.70 2.78 4.77 6.98 9.02 10.66 11.37 11.75 11.45 8.85 7.03 5.03 2.82 1.22 0.00 0.00 0.00
0.00 0.00 0.00 0.00 0.00 0.00 0.00 1.13 4.44 7.63 11.17 14.43 17.06 18.19 18.80 18.33 14.15 11.24 8.04 4.52 1.96 0.00 0.00 0.00
0.00 0.00 0.00 0.00 0.00 0.00 0.00 8.39 71.95 134.37 150.93 203.03 247.92 352.03 360.87 343.06 454.62 370.21 263.28 177.24 82.93 0.00 0.00 0.00
