0.00 0.00 0.00 0.00 0.00 0.00 0.00 0.21 1.05 1.87 2.82 3.72 4.50 5.01 5.17 4.87 4.14 3.39 2.46 0.88 0.41 0.00 0.00 0.00
0.00 0.00 0.00 0.00 0.00 0.00 0.00 4.81 18.67 31.85 55.65 72.26 84.59 92.82 92.96 86.72 72.58 57.67 38.77 17.35 5.08 0.00 0.00 0.00
0.00 0.00 0.00 0.00 0.00 0.00 0.00 4.81 24.12 42.85 64.45 85.05 102.89 114.63 118.16 111.45 94.75 77.43 56.34 20.04 9.26 0.00 0.00 0.00
0.00 0.00 0.00 0.00 0.00 0.00 0.00 17.09 85.72 152.28 229.04 302.27 365.65 407.39 419.93 396.10 336.72 275.17 200.23 71.23 32.92 0.00 0.00 0.00
0.00 0.00 0.00 0.00 0.00 0.00 0.00 1.37 3.73 6.27 7.25 9.20 10.49 15.52 15.43 13.92 11.09 8.73 5.87 2.26 0.56 0.00 0.00 0.00
0.00 0.00 0.00 0.00 0.00 0.00 0.00 24.51 183.04 337.11 516.41 685.25 825.88 896.21 919.55 875.06 698.13 571.12 407.95 193.07 90.41 0.00 0.00 0.00
0.00 0.00 0.00 0.00 0.00 0.00 0.00 0.91 2.48 4.14 5.96 7.67 8.85 9.35 9.44 8.82 7.31 5.86 4.06 1.75 0.65 0.00 0.00 0.00
0.00 0.00 0.00 0.00 0.00 0.00 0.00 0.36 1.28 2.15 3.33 4.27 4.91 5.53 5.66 5.34 4.76 3.73 2.55 1.17 0.36 0.00 0.00 0.00
0.00 0.00 0.00 0.00 0.00 0.00 0.00 0.58 2.05 3.44 5.33 6.83 7.86 8.84 9.06 8.55 7.62 5.97 4.08 1.87 0.58 0.00 0.00 0.00
0.00 0.00 0.00 0.00 0.00 0.00 0.00 0.58 2.05 3.44 5.33 6.83 7.86 8.84 9.06 8.55 7.62 5.97 4.08 1.87 0.58 0.00 0.00 0.00
0.00 0.00 0.00 0.00 0.00 0.00 0.00 1.21 4.48 7.58 11.72 15.83 18.84 20.16 20.23 19.23 17.83 14.50 10.16 5.52 1.96 0.00 0.00 0.00
0.00 0.00 0.00 0.00 0.00 0.00 0.00 0.58 2.15 3.63 5.56 7.50 8.93 9.53 9.66 9.12 8.63 6.96 4.85 2.58 0.91 0.00 0.00 0.00
0.00 0.00 0.00 0.00 0.00 0.00 0.00 0.74 2.76 4.67 7.15 9.65 11.48 12.26 12.42 11.73 11.09 8.94 6.23 3.32 1.17 0.00 0.00 0.00
0.00 0.00 0.00 0.00 0.00 0.00 0.00 0.50 1.84 3.11 4.77 6.43 7.65 8.17 8.28 7.82 7.39 5.96 4.16 2.21 0.78 0.00 0.00 0.00
0.00 0.00 0.00 0.00 0.00 0.00 0.00 0.50 1.84 3.11 4.77 6.43 7.65 8.17 8.28 7.82 7.39 5.96 4.16 2.21 0.78 0.00 0.00 0.00
0.00 0.00 0.00 0.00 0.00 0.00 0.00 3.85 24.15 43.49 67.95 89.14 101.97 113.99 116.42 111.37 102.26 81.07 55.55 27.49 9.01 0.00 0.00 0.00
0.00 0.00 0.00 0.00 0.00 0.00 0.00 4.07 14.23 23.84 36.10 47.92 57.24 58.59 59.38 55.92 50.82 41.08 29.19 16.37 5.76 0.00 0.00 0.00
0.00 0.00 0.00 0.00 0.00 0.00 0.00 3.66 12.73 21.33 31.04 39.73 46.85 51.74 52.48 50.21 41.89 33.49 23.34 12.60 4.67 0.00 0.00 0.00
0.00 0.00 0.00 0.00 0.00 0.00 0.00 7.23 53.99 99.43 152.32 202.12 243.60 264.35 271.23 258.11 205.92 168.46 120.33 56.95 26.67 0.00 0.00 0.00
0.00 0.00 0.00 0.00 0.00 0.00 0.00 6.88 51.36 94.58 144.89 192.27 231.72 251.46 258.00 245.52 195.88 160.24 114.46 54.17 25.37 0.00 0.00 0.00
0.00 0.00 0.00 0.00 0.00 0.00 0.00 13.22 98.76 181.89 278.64 369.74 445.62 483.57 496.16 472.15 376.69 308.16 220.12 104.17 48.78 0.00 0.00 0.00
0.00 0.00 0.00 0.00 0.00 0.00 0.00 13.00 97.11 178.86 273.99 363.58 438.19 475.51 487.89 464.28 370.41 303.02 216.45 102.44 47.97 0.00 0.00 0.00
0.00 0.00 0.00 0.00 0.00 0.00 0.00 24.14 114.73 202.68 297.39 394.23 477.94 517.32 529.55 520.95 467.84 379.71 277.30 93.04 44.33 0.00 0.00 0.00
0.00 0.00 0.00 0.00 0.00 0.00 0.00 0.36 1.28 2.15 3.33 4.27 4.91 5.53 5.66 5.34 4.76 3.73 2.55 1.17 0.36 0.00 0.00 0.00
0.00 0.00 0.00 0.00 0.00 0.00 0.00 1.83 6.49 10.89 16.89 21.62 24.89 28.00 28.69 27.06 24.14 18.89 12.91 5.93 1.84 0.00 0.00 0.00
0.00 0.00 0.00 0.00 0.00 0.00 0.00 9.35 33.11 55.59 86.25 110.40 127.05 142.95 146.49 138.17 123.23 96.45 65.89 30.28 9.40 0.00 0.00 0.00
0.00 0.00 0.00 0.00 0.00 0.00 0.00 0.49 3.69 6.79 10.40 13.80 16.64 18.05 18.52 17.63 14.06 11.50 8.22 3.89 1.82 0.00 0.00 0.00
0.00 0.00 0.00 0.00 0.00 0.00 0.00 16.82 84.39 149.90 225.47 297.56 359.95 401.04 413.39 389.93 331.47 270.88 197.11 70.12 32.41 0.00 0.00 0.00
0.00 0.00 0.00 0.00 0.00 0.00 0.00 1.07 5.58 9.89 15.11 21.02 26.64 30.45 31.35 30.39 27.81 22.56 15.88 9.26 3.71 0.00 0.00 0.00
0.00 0.00 0.00 0.00 0.00 0.00 0.00 11.40 39.62 66.80 117.06 149.86 175.03 194.67 203.81 194.19 169.71 139.07 100.29 55.22 24.70 0.00 0.00 0.00
0.00 0.00 0.00 0.00 0.00 0.00 0.00 0.28 1.41 2.50 3.76 4.96 6.00 6.68 6.89 6.50 5.52 4.51 3.29 1.17 0.54 0.00 0.00 0.00
0.00 0.00 0.00 0.00 0.00 0.00 0.00 12.61 63.29 112.43 169.11 223.17 269.97 300.78 310.04 292.45 248.60 203.16 147.83 52.59 24.31 0.00 0.00 0.00
0.00 0.00 0.00 0.00 0.00 0.00 0.00 16.19 81.22 144.28 217.02 286.40 346.46 386.00 397.88 375.30 319.04 260.73 189.72 67.49 31.19 0.00 0.00 0.00
0.00 0.00 0.00 0.00 0.00 0.00 0.00 31.83 151.30 267.28 392.19 519.89 630.29 682.22 698.34 687.00 616.96 500.74 365.69 122.70 58.46 0.00 0.00 0.00
0.00 0.00 0.00 0.00 0.00 0.00 0.00 0.82 3.30 5.64 8.74 11.56 13.75 15.80 15.95 15.17 14.23 11.26 7.91 4.11 1.46 0.00 0.00 0.00
0.00 0.00 0.00 0.00 0.00 0.00 0.00 1.06 4.19 7.15 10.95 14.39 17.24 19.38 19.65 18.78 17.55 13.82 9.84 5.13 1.82 0.00 0.00 0.00
0.00 0.00 0.00 0.00 0.00 0.00 0.00 4.43 23.01 40.81 62.34 86.69 109.88 125.62 129.30 125.34 114.74 93.04 65.51 38.20 15.31 0.00 0.00 0.00
0.00 0.00 0.00 0.00 0.00 0.00 0.00 25.74 114.21 201.31 324.48 422.56 504.66 542.84 555.78 522.79 438.30 358.36 265.86 115.18 60.23 4.70 0.00 0.00
0.00 0.00 0.00 0.00 0.00 0.00 0.00 0.35 1.16 1.94 2.95 3.87 4.55 4.61 4.65 4.41 3.94 3.17 2.24 1.24 0.43 0.00 0.00 0.00
0.00 0.00 0.00 0.00 0.00 0.00 0.00 5.39 22.73 39.50 58.58 75.67 90.16 99.02 100.24 94.71 84.29 68.88 50.99 24.26 11.08 0.00 0.00 0.00
0.00 0.00 0.00 0.00 0.00 0.00 0.00 0.32 6.35 12.22 18.56 24.86 29.98 32.51 33.08 30.50 18.97 15.27 11.05 6.02 2.89 0.00 0.00 0.00
0.00 0.00 0.00 0.00 0.00 0.00 0.00 1.13 2.97 4.93 6.81 8.69 10.01 10.53 10.53 9.91 7.73 6.12 4.20 2.03 0.74 0.00 0.00 0.00
0.00 0.00 0.00 0.00 0.00 0.00 0.00 0.56 1.49 2.47 3.41 4.35 5.01 5.27 5.27 4.96 3.86 3.06 2.10 1.01 0.37 0.00 0.00 0.00
0.00 0.00 0.00 0.00 0.00 0.00 0.00 1.23 3.25 5.39 7.45 9.51 10.95 11.52 11.52 10.84 8.45 6.69 4.60 2.22 0.80 0.00 0.00 0.00
0.00 0.00 0.00 0.00 0.00 0.00 0.00 1.45 3.91 6.49 8.90 11.21 12.96 13.19 13.23 12.43 10.24 8.06 5.61 2.63 0.94 0.00 0.00 0.00
0.00 0.00 0.00 0.00 0.00 0.00 0.00 2.21 5.96 9.89 13.56 17.07 19.74 20.10 20.17 18.93 15.61 12.28 8.55 4.01 1.44 0.00 0.00 0.00
0.00 0.00 0.00 0.00 0.00 0.00 0.00 1.83 5.03 8.35 12.04 15.63 17.83 19.09 19.15 17.99 15.16 12.20 8.39 3.64 1.35 0.00 0.00 0.00
0.00 0.00 0.00 0.00 0.00 0.00 0.00 0.89 2.72 4.49 8.18 10.27 11.87 14.12 14.74 14.43 12.62 10.09 7.18 3.51 1.53 0.00 0.00 0.00
0.00 0.00 0.00 0.00 0.00 0.00 0.00 2.30 7.04 11.59 21.12 26.54 30.67 36.49 38.09 37.27 32.61 26.08 18.55 9.07 3.94 0.00 0.00 0.00
0.00 0.00 0.00 0.00 0.00 0.00 0.00 0.74 2.43 4.06 6.39 8.17 9.55 10.49 10.72 10.34 9.34 7.56 5.33 3.15 1.36 0.00 0.00 0.00
0.00 0.00 0.00 0.00 0.00 0.00 0.00 1.71 5.29 8.74 12.41 16.55 19.31 19.28 19.63 18.27 17.95 14.33 10.05 4.99 1.67 0.00 0.00 0.00
0.00 0.00 0.00 0.00 0.00 0.00 0.00 3.23 9.48 15.58 20.85 26.92 32.09 34.00 34.71 32.64 26.50 21.04 14.43 7.13 2.50 0.00 0.00 0.00
0.00 0.00 0.00 0.00 0.00 0.00 0.00 0.49 1.33 2.16 2.51 3.18 3.58 3.75 3.69 3.43 3.10 2.44 1.63 0.72 0.19 0.00 0.00 0.00
0.00 0.00 0.00 0.00 0.00 0.00 0.00 2.48 7.45 12.34 17.38 21.66 24.44 27.30 27.58 25.59 20.97 16.22 10.78 4.71 1.33 0.00 0.00 0.00
0.00 0.00 0.00 0.00 0.00 0.00 0.00 1.80 5.15 8.50 11.50 14.48 15.94 13.47 13.19 12.44 11.79 9.15 6.16 2.71 0.73 0.00 0.00 0.00
0.00 0.00 0.00 0.00 0.00 0.00 0.00 2.49 7.10 11.73 15.87 19.99 22.00 18.59 18.21 17.17 16.28 12.63 8.51 3.73 1.01 0.00 0.00 0.00
0.00 0.00 0.00 0.00 0.00 0.00 0.00 1.69 4.84 7.99 10.81 13.61 14.99 12.66 12.40 11.69 11.09 8.60 5.79 2.54 0.69 0.00 0.00 0.00
0.00 0.00 0.00 0.00 0.00 0.00 0.00 1.32 3.97 6.58 9.27 11.55 13.03 14.56 14.71 13.65 11.18 8.65 5.75 2.51 0.71 0.00 0.00 0.00
0.00 0.00 0.00 0.00 0.00 0.00 0.00 1.30 3.60 5.97 7.22 9.06 10.21 11.50 11.51 10.63 9.75 7.69 5.31 2.35 0.59 0.00 0.00 0.00
0.00 0.00 0.00 0.00 0.00 0.00 0.00 1.04 3.67 6.16 9.56 12.23 14.08 15.84 16.23 15.31 13.66 10.69 7.30 3.36 1.04 0.00 0.00 0.00
0.00 0.00 0.00 0.00 0.00 0.00 0.00 5.01 31.43 56.61 88.44 116.02 132.72 148.37 151.53 144.95 133.10 105.52 72.30 35.77 11.72 0.00 0.00 0.00
0.00 0.00 0.00 0.00 0.00 0.00 0.00 1.37 5.07 8.59 13.29 17.94 21.36 22.85 22.92 21.80 20.20 16.43 11.51 6.25 2.22 0.00 0.00 0.00
0.00 0.00 0.00 0.00 0.00 0.00 0.00 2.34 7.91 13.16 19.99 26.43 31.68 32.70 33.41 31.28 30.02 24.10 16.90 8.53 2.87 0.00 0.00 0.00
0.00 0.00 0.00 0.00 0.00 0.00 0.00 1.07 3.63 6.03 9.16 12.11 14.52 14.99 15.31 14.34 13.76 11.05 7.75 3.91 1.32 0.00 0.00 0.00
0.00 0.00 0.00 0.00 0.00 0.00 0.00 1.72 6.30 10.66 16.43 22.09 26.35 28.22 28.12 26.73 24.47 19.81 14.05 7.67 2.74 0.00 0.00 0.00
0.00 0.00 0.00 0.00 0.00 0.00 0.00 0.85 2.83 4.70 7.17 9.41 11.06 11.21 11.28 10.71 9.57 7.70 5.45 3.02 1.04 0.00 0.00 0.00
0.00 0.00 0.00 0.00 0.00 0.00 0.00 4.58 23.83 42.25 64.54 89.76 113.76 130.06 133.87 129.77 118.79 96.33 67.83 39.55 15.85 0.00 0.00 0.00
0.00 0.00 0.00 0.00 0.00 0.00 0.00 2.73 9.48 15.97 27.99 35.84 41.86 46.55 48.74 46.44 40.58 33.25 23.98 13.20 5.91 0.00 0.00 0.00
0.00 0.00 0.00 0.00 0.00 0.00 0.00 0.67 2.41 4.08 6.36 8.13 9.60 10.40 10.59 10.11 9.11 7.41 5.29 3.27 1.45 0.00 0.00 0.00
0.00 0.00 0.00 0.00 0.00 0.00 0.00 0.81 3.05 5.20 7.68 9.85 11.57 12.84 13.25 12.90 11.82 9.39 6.72 4.11 1.78 0.00 0.00 0.00
0.00 0.00 0.00 0.00 0.00 0.00 0.00 1.30 4.88 8.32 12.29 15.77 18.52 20.54 21.20 20.64 18.91 15.03 10.76 6.58 2.85 0.00 0.00 0.00
0.00 0.00 0.00 0.00 0.00 0.00 0.00 13.44 100.41 184.92 283.28 375.90 453.04 491.63 504.43 480.02 382.97 313.30 223.79 105.91 49.60 0.00 0.00 0.00
