0.00 0.00 0.00 0.00 0.00 0.00 0.00 0.00 0.00 0.11 1.13 1.93 2.76 3.33 3.46 3.25 2.66 1.79 0.88 0.00 0.00 0.00 0.00 0.00
0.00 0.00 0.00 0.00 0.00 0.00 0.00 0.00 0.00 8.39 26.15 39.52 51.49 56.54 56.79 53.82 43.58 29.47 13.44 0.00 0.00 0.00 0.00 0.00
0.00 0.00 0.00 0.00 0.00 0.00 0.00 0.00 0.00 2.61 25.77 44.18 63.00 76.04 79.22 74.38 60.86 40.94 20.21 0.00 0.00 0.00 0.00 0.00
0.00 0.00 0.00 0.00 0.00 0.00 0.00 0.00 0.00 9.27 91.59 157.01 223.91 270.22 281.55 264.33 216.31 145.50 71.81 0.00 0.00 0.00 0.00 0.00
0.00 0.00 0.00 0.00 0.00 0.00 0.00 0.00 0.00 1.22 3.56 5.28 6.83 8.64 8.73 7.86 5.68 3.73 1.35 0.00 0.00 0.00 0.00 0.00
0.00 0.00 0.00 0.00 0.00 0.00 0.00 0.00 0.00 18.39 213.72 370.60 534.94 661.05 690.85 644.52 529.00 362.02 188.97 0.00 0.00 0.00 0.00 0.00
0.00 0.00 0.00 0.00 0.00 0.00 0.00 0.00 0.00 0.37 1.62 2.52 3.41 4.31 4.38 3.97 3.17 2.09 0.77 0.00 0.00 0.00 0.00 0.00
0.00 0.00 0.00 0.00 0.00 0.00 0.00 0.00 0.00 0.43 1.40 2.11 2.75 3.24 3.37 3.13 2.53 1.71 0.75 0.00 0.00 0.00 0.00 0.00
0.00 0.00 0.00 0.00 0.00 0.00 0.00 0.00 0.00 0.69 2.24 3.38 4.40 5.18 5.39 5.01 4.04 2.73 1.21 0.00 0.00 0.00 0.00 0.00
0.00 0.00 0.00 0.00 0.00 0.00 0.00 0.00 0.00 0.69 2.24 3.38 4.40 5.18 5.39 5.01 4.04 2.73 1.21 0.00 0.00 0.00 0.00 0.00
0.00 0.00 0.00 0.00 0.00 0.00 0.00 0.00 0.00 1.30 4.96 7.67 10.44 12.35 12.84 12.10 9.90 6.84 3.09 0.00 0.00 0.00 0.00 0.00
0.00 0.00 0.00 0.00 0.00 0.00 0.00 0.00 0.00 0.62 2.32 3.57 4.94 5.90 6.07 5.71 4.71 3.20 1.45 0.00 0.00 0.00 0.00 0.00
0.00 0.00 0.00 0.00 0.00 0.00 0.00 0.00 0.00 0.80 2.98 4.60 6.35 7.58 7.81 7.34 6.06 4.12 1.86 0.00 0.00 0.00 0.00 0.00
0.00 0.00 0.00 0.00 0.00 0.00 0.00 0.00 0.00 0.53 1.99 3.06 4.23 5.06 5.20 4.89 4.04 2.75 1.24 0.00 0.00 0.00 0.00 0.00
0.00 0.00 0.00 0.00 0.00 0.00 0.00 0.00 0.00 0.53 1.99 3.06 4.23 5.06 5.20 4.89 4.04 2.75 1.24 0.00 0.00 0.00 0.00 0.00
0.00 0.00 0.00 0.00 0.00 0.00 0.00 0.00 0.00 8.80 30.05 45.92 63.95 75.39 78.60 74.81 62.88 42.89 21.73 0.00 0.00 0.00 0.00 0.00
0.00 0.00 0.00 0.00 0.00 0.00 0.00 0.00 0.00 4.10 15.48 23.86 31.91 37.27 38.80 36.25 30.03 20.19 8.88 0.00 0.00 0.00 0.00 0.00
0.00 0.00 0.00 0.00 0.00 0.00 0.00 0.00 0.00 3.28 13.37 20.88 27.91 32.98 33.75 31.46 25.22 17.33 7.62 0.00 0.00 0.00 0.00 0.00
0.00 0.00 0.00 0.00 0.00 0.00 0.00 0.00 0.00 5.42 63.04 109.31 157.79 194.99 203.78 190.11 156.03 106.78 55.74 0.00 0.00 0.00 0.00 0.00
0.00 0.00 0.00 0.00 0.00 0.00 0.00 0.00 0.00 5.16 59.96 103.98 150.09 185.47 193.84 180.84 148.42 101.57 53.02 0.00 0.00 0.00 0.00 0.00
0.00 0.00 0.00 0.00 0.00 0.00 0.00 0.00 0.00 9.92 115.31 199.97 288.64 356.68 372.76 347.76 285.43 195.34 101.96 0.00 0.00 0.00 0.00 0.00
0.00 0.00 0.00 0.00 0.00 0.00 0.00 0.00 0.00 9.76 113.39 196.63 283.82 350.74 366.55 341.97 280.67 192.08 100.26 0.00 0.00 0.00 0.00 0.00
0.00 0.00 0.00 0.00 0.00 0.00 0.00 0.00 0.00 7.88 114.73 200.50 284.42 347.27 359.29 335.11 273.51 184.70 90.34 0.00 0.00 0.00 0.00 0.00
0.00 0.00 0.00 0.00 0.00 0.00 0.00 0.00 0.00 0.43 1.40 2.11 2.75 3.24 3.37 3.13 2.53 1.71 0.75 0.00 0.00 0.00 0.00 0.00
0.00 0.00 0.00 0.00 0.00 0.00 0.00 0.00 0.00 2.18 7.09 10.69 13.95 16.40 17.06 15.87 12.81 8.65 3.82 0.00 0.00 0.00 0.00 0.00
0.00 0.00 0.00 0.00 0.00 0.00 0.00 0.00 0.00 11.12 36.20 54.57 71.20 83.74 87.09 81.03 65.39 44.14 19.48 0.00 0.00 0.00 0.00 0.00
0.00 0.00 0.00 0.00 0.00 0.00 0.00 0.00 0.00 0.37 4.31 7.47 10.78 13.32 13.92 12.98 10.66 7.29 3.81 0.00 0.00 0.00 0.00 0.00
0.00 0.00 0.00 0.00 0.00 0.00 0.00 0.00 0.00 9.12 90.16 154.57 220.42 266.01 277.16 260.21 212.94 143.23 70.69 0.00 0.00 0.00 0.00 0.00
0.00 0.00 0.00 0.00 0.00 0.00 0.00 0.00 0.00 1.59 7.66 12.27 16.65 20.20 21.70 20.75 17.17 12.55 6.21 0.00 0.00 0.00 0.00 0.00
0.00 0.00 0.00 0.00 0.00 0.00 0.00 0.00 0.00 6.09 46.48 77.81 108.31 126.56 128.74 118.99 95.21 65.59 28.93 0.00 0.00 0.00 0.00 0.00
0.00 0.00 0.00 0.00 0.00 0.00 0.00 0.00 0.00 0.15 1.50 2.58 3.67 4.43 4.62 4.34 3.55 2.39 1.18 0.00 0.00 0.00 0.00 0.00
0.00 0.00 0.00 0.00 0.00 0.00 0.00 0.00 0.00 6.84 67.62 115.93 165.32 199.51 207.87 195.16 159.70 107.42 53.02 0.00 0.00 0.00 0.00 0.00
0.00 0.00 0.00 0.00 0.00 0.00 0.00 0.00 0.00 8.78 86.78 148.77 212.15 256.04 266.76 250.45 204.95 137.86 68.04 0.00 0.00 0.00 0.00 0.00
0.00 0.00 0.00 0.00 0.00 0.00 0.00 0.00 0.00 10.39 151.30 264.41 375.08 457.96 473.81 441.92 360.69 243.58 119.13 0.00 0.00 0.00 0.00 0.00
0.00 0.00 0.00 0.00 0.00 0.00 0.00 0.00 0.00 0.93 3.50 5.40 7.54 9.28 9.89 9.19 7.57 5.15 2.40 0.00 0.00 0.00 0.00 0.00
0.00 0.00 0.00 0.00 0.00 0.00 0.00 0.00 0.00 1.18 4.41 6.81 9.53 11.60 12.24 11.45 9.40 6.38 2.95 0.00 0.00 0.00 0.00 0.00
0.00 0.00 0.00 0.00 0.00 0.00 0.00 0.00 0.00 6.56 31.61 50.62 68.67 83.32 89.52 85.59 70.81 51.76 25.62 0.00 0.00 0.00 0.00 0.00
0.00 0.00 0.00 0.00 0.00 0.00 0.00 0.00 0.00 0.00 94.26 179.99 254.76 315.48 335.94 315.60 255.08 174.11 84.30 0.00 0.00 0.00 0.00 0.00
0.00 0.00 0.00 0.00 0.00 0.00 0.00 0.00 0.00 0.33 1.21 1.86 2.50 2.90 3.00 2.81 2.31 1.57 0.67 0.00 0.00 0.00 0.00 0.00
0.00 0.00 0.00 0.00 0.00 0.00 0.00 0.00 0.00 2.57 23.15 39.38 55.60 66.91 68.36 63.13 51.62 35.16 16.63 0.00 0.00 0.00 0.00 0.00
0.00 0.00 0.00 0.00 0.00 0.00 0.00 0.00 0.00 0.48 7.95 14.03 20.14 24.63 26.44 24.68 20.09 14.18 7.83 0.17 0.00 0.00 0.00 0.00
0.00 0.00 0.00 0.00 0.00 0.00 0.00 0.00 0.00 0.37 1.62 2.51 3.37 4.37 4.35 3.95 3.25 2.13 0.75 0.00 0.00 0.00 0.00 0.00
0.00 0.00 0.00 0.00 0.00 0.00 0.00 0.00 0.00 0.18 0.81 1.26 1.69 2.18 2.17 1.97 1.62 1.07 0.37 0.00 0.00 0.00 0.00 0.00
0.00 0.00 0.00 0.00 0.00 0.00 0.00 0.00 0.00 0.40 1.77 2.75 3.69 4.78 4.75 4.32 3.55 2.33 0.82 0.00 0.00 0.00 0.00 0.00
0.00 0.00 0.00 0.00 0.00 0.00 0.00 0.00 0.00 0.55 2.31 3.58 4.75 6.03 6.08 5.61 4.70 3.10 1.12 0.00 0.00 0.00 0.00 0.00
0.00 0.00 0.00 0.00 0.00 0.00 0.00 0.00 0.00 0.84 3.52 5.45 7.25 9.18 9.27 8.55 7.16 4.72 1.70 0.00 0.00 0.00 0.00 0.00
0.00 0.00 0.00 0.00 0.00 0.00 0.00 0.00 0.00 0.83 3.70 5.77 7.91 9.86 9.85 8.91 7.00 4.63 1.71 0.00 0.00 0.00 0.00 0.00
0.00 0.00 0.00 0.00 0.00 0.00 0.00 0.00 0.00 0.56 3.66 6.03 8.32 9.68 9.76 9.15 7.30 4.94 2.01 0.00 0.00 0.00 0.00 0.00
0.00 0.00 0.00 0.00 0.00 0.00 0.00 0.00 0.00 1.44 9.44 15.58 21.49 25.00 25.20 23.63 18.87 12.76 5.20 0.00 0.00 0.00 0.00 0.00
0.00 0.00 0.00 0.00 0.00 0.00 0.00 0.00 0.00 0.41 2.62 4.30 5.88 6.74 6.80 6.35 5.01 3.43 1.47 0.00 0.00 0.00 0.00 0.00
0.00 0.00 0.00 0.00 0.00 0.00 0.00 0.00 0.00 1.56 5.45 8.29 10.93 12.80 13.10 12.23 9.88 6.66 2.73 0.00 0.00 0.00 0.00 0.00
0.00 0.00 0.00 0.00 0.00 0.00 0.00 0.00 0.00 2.22 8.49 13.09 17.78 21.35 21.78 19.83 16.06 10.80 4.25 0.00 0.00 0.00 0.00 0.00
0.00 0.00 0.00 0.00 0.00 0.00 0.00 0.00 0.00 0.34 1.08 1.60 2.06 2.62 2.63 2.41 1.95 1.28 0.46 0.00 0.00 0.00 0.00 0.00
0.00 0.00 0.00 0.00 0.00 0.00 0.00 0.00 0.00 2.33 7.10 10.59 13.97 16.59 16.61 15.11 11.99 8.03 3.21 0.00 0.00 0.00 0.00 0.00
0.00 0.00 0.00 0.00 0.00 0.00 0.00 0.00 0.00 1.62 4.87 7.30 9.48 11.06 11.11 10.10 8.01 5.28 2.02 0.00 0.00 0.00 0.00 0.00
0.00 0.00 0.00 0.00 0.00 0.00 0.00 0.00 0.00 2.24 6.72 10.07 13.08 15.27 15.33 13.93 11.05 7.29 2.79 0.00 0.00 0.00 0.00 0.00
0.00 0.00 0.00 0.00 0.00 0.00 0.00 0.00 0.00 1.53 4.58 6.86 8.91 10.40 10.44 9.49 7.53 4.96 1.90 0.00 0.00 0.00 0.00 0.00
0.00 0.00 0.00 0.00 0.00 0.00 0.00 0.00 0.00 1.24 3.79 5.65 7.45 8.85 8.86 8.06 6.40 4.28 1.71 0.00 0.00 0.00 0.00 0.00
0.00 0.00 0.00 0.00 0.00 0.00 0.00 0.00 0.00 1.23 3.61 5.38 6.81 8.18 8.33 7.52 5.78 3.81 1.41 0.00 0.00 0.00 0.00 0.00
0.00 0.00 0.00 0.00 0.00 0.00 0.00 0.00 0.00 1.23 4.01 6.05 7.89 9.28 9.65 8.98 7.25 4.89 2.16 0.00 0.00 0.00 0.00 0.00
0.00 0.00 0.00 0.00 0.00 0.00 0.00 0.00 0.00 11.46 39.12 59.77 83.24 98.13 102.30 97.37 81.85 55.83 28.29 0.00 0.00 0.00 0.00 0.00
0.00 0.00 0.00 0.00 0.00 0.00 0.00 0.00 0.00 1.48 5.62 8.69 11.83 13.99 14.55 13.71 11.23 7.75 3.50 0.00 0.00 0.00 0.00 0.00
0.00 0.00 0.00 0.00 0.00 0.00 0.00 0.00 0.00 2.41 8.44 12.89 17.62 20.94 21.32 20.01 16.21 11.02 4.77 0.00 0.00 0.00 0.00 0.00
0.00 0.00 0.00 0.00 0.00 0.00 0.00 0.00 0.00 1.10 3.87 5.91 8.08 9.60 9.77 9.17 7.43 5.05 2.19 0.00 0.00 0.00 0.00 0.00
0.00 0.00 0.00 0.00 0.00 0.00 0.00 0.00 0.00 1.83 7.01 10.84 14.65 17.23 17.85 16.83 13.76 9.56 4.30 0.00 0.00 0.00 0.00 0.00
0.00 0.00 0.00 0.00 0.00 0.00 0.00 0.00 0.00 0.80 2.94 4.52 6.08 7.05 7.27 6.82 5.61 3.81 1.63 0.00 0.00 0.00 0.00 0.00
0.00 0.00 0.00 0.00 0.00 0.00 0.00 0.00 0.00 6.79 32.73 52.41 71.10 86.27 92.68 88.61 73.31 53.59 26.52 0.00 0.00 0.00 0.00 0.00
0.00 0.00 0.00 0.00 0.00 0.00 0.00 0.00 0.00 1.46 11.11 18.61 25.90 30.26 30.78 28.45 22.77 15.68 6.92 0.00 0.00 0.00 0.00 0.00
0.00 0.00 0.00 0.00 0.00 0.00 0.00 0.00 0.00 0.36 2.56 4.27 5.91 7.03 7.12 6.57 5.26 3.61 1.61 0.00 0.00 0.00 0.00 0.00
0.00 0.00 0.00 0.00 0.00 0.00 0.00 0.00 0.00 0.51 3.20 5.27 7.29 8.78 9.07 8.41 6.74 4.60 2.09 0.00 0.00 0.00 0.00 0.00
0.00 0.00 0.00 0.00 0.00 0.00 0.00 0.00 0.00 0.81 5.12 8.44 11.66 14.05 14.51 13.46 10.79 7.36 3.35 0.00 0.00 0.00 0.00 0.00
0.00 0.00 0.00 0.00 0.00 0.00 0.00 0.00 0.00 10.09 117.24 203.30 293.45 362.63 378.98 353.56 290.19 198.59 103.66 0.00 0.00 0.00 0.00 0.00
