0.00 0.00 0.00 0.00 0.00 0.00 0.00 0.00 0.73 1.64 2.61 3.50 4.14 3.14 3.17 3.08 2.17 1.78 1.24 0.56 0.18 0.00 0.00 0.00
0.00 0.00 0.00 0.00 0.00 0.00 0.00 0.00 16.64 33.34 43.33 55.23 64.46 72.76 72.20 67.38 61.88 47.73 31.96 11.80 0.97 0.00 0.00 0.00
0.00 0.00 0.00 0.00 0.00 0.00 0.00 0.00 16.76 37.49 59.66 80.08 94.70 71.73 72.57 70.51 49.56 40.65 28.40 12.86 4.07 0.00 0.00 0.00
0.00 0.00 0.00 0.00 0.00 0.00 0.00 0.00 59.57 133.24 212.02 284.62 336.55 254.93 257.90 250.59 176.13 144.47 100.92 45.71 14.47 0.00 0.00 0.00
0.00 0.00 0.00 0.00 0.00 0.00 0.00 0.34 2.62 4.77 6.48 8.18 9.25 10.30 10.03 9.22 6.97 5.38 3.42 1.32 0.00 0.00 0.00 0.00
0.00 0.00 0.00 0.00 0.00 0.00 0.00 0.00 114.20 272.83 463.48 628.12 761.06 612.47 638.40 638.76 544.84 444.56 306.46 164.10 54.61 0.00 0.00 0.00
0.00 0.00 0.00 0.00 0.00 0.00 0.00 0.17 1.87 3.47 3.97 5.19 6.07 4.69 4.64 4.37 5.26 4.04 2.64 1.42 0.22 0.00 0.00 0.00
0.00 0.00 0.00 0.00 0.00 0.00 0.00 0.00 1.00 1.97 3.05 3.97 4.62 4.33 4.22 4.01 3.22 2.50 1.66 0.73 0.07 0.00 0.00 0.00
0.00 0.00 0.00 0.00 0.00 0.00 0.00 0.00 1.60 3.15 4.88 6.35 7.39 6.93 6.75 6.42 5.14 4.00 2.66 1.17 0.11 0.00 0.00 0.00
0.00 0.00 0.00 0.00 0.00 0.00 0.00 0.00 1.60 3.15 4.88 6.35 7.39 6.93 6.75 6.42 5.14 4.00 2.66 1.17 0.11 0.00 0.00 0.00
0.00 0.00 0.00 0.00 0.00 0.00 0.00 0.00 3.70 7.44 12.05 16.10 18.73 17.79 17.81 16.84 13.54 10.60 6.79 2.67 0.43 0.00 0.00 0.00
0.00 0.00 0.00 0.00 0.00 0.00 0.00 0.00 1.73 3.48 5.63 7.52 8.73 7.94 7.93 7.45 6.08 4.78 3.05 1.25 0.20 0.00 0.00 0.00
0.00 0.00 0.00 0.00 0.00 0.00 0.00 0.00 2.22 4.47 7.23 9.67 11.22 10.20 10.20 9.58 7.81 6.14 3.93 1.61 0.25 0.00 0.00 0.00
0.00 0.00 0.00 0.00 0.00 0.00 0.00 0.00 1.48 2.98 4.82 6.45 7.48 6.80 6.80 6.39 5.21 4.10 2.62 1.07 0.17 0.00 0.00 0.00
0.00 0.00 0.00 0.00 0.00 0.00 0.00 0.00 1.48 2.98 4.82 6.45 7.48 6.80 6.80 6.39 5.21 4.10 2.62 1.07 0.17 0.00 0.00 0.00
0.00 0.00 0.00 0.00 0.00 0.00 0.00 0.00 18.18 39.75 62.51 83.07 97.16 88.44 88.20 83.14 75.90 58.72 38.84 15.18 2.31 0.00 0.00 0.00
0.00 0.00 0.00 0.00 0.00 0.00 0.00 0.00 11.42 22.65 35.93 48.05 56.00 55.10 55.11 51.28 38.15 29.85 19.41 7.21 1.11 0.00 0.00 0.00
0.00 0.00 0.00 0.00 0.00 0.00 0.00 0.00 9.71 19.33 30.84 41.24 47.53 46.55 46.41 43.65 30.21 23.77 15.47 6.42 1.15 0.00 0.00 0.00
0.00 0.00 0.00 0.00 0.00 0.00 0.00 0.00 33.69 80.47 136.71 185.27 224.48 180.66 188.31 188.41 160.71 131.13 90.40 48.40 16.11 0.00 0.00 0.00
0.00 0.00 0.00 0.00 0.00 0.00 0.00 0.00 32.04 76.55 130.04 176.24 213.53 171.84 179.12 179.22 152.87 124.73 85.99 46.04 15.32 0.00 0.00 0.00
0.00 0.00 0.00 0.00 0.00 0.00 0.00 0.00 61.62 147.21 250.08 338.91 410.64 330.47 344.46 344.65 293.98 239.87 165.36 88.54 29.47 0.00 0.00 0.00
0.00 0.00 0.00 0.00 0.00 0.00 0.00 0.00 60.59 144.76 245.91 333.27 403.80 324.96 338.72 338.91 289.08 235.87 162.60 87.07 28.98 0.00 0.00 0.00
0.00 0.00 0.00 0.00 0.00 0.00 0.00 0.00 51.73 115.99 191.03 260.68 316.22 396.30 408.70 393.23 298.05 236.81 164.27 98.31 32.86 0.00 0.00 0.00
0.00 0.00 0.00 0.00 0.00 0.00 0.00 0.00 1.00 1.97 3.05 3.97 4.62 4.33 4.22 4.01 3.22 2.50 1.66 0.73 0.07 0.00 0.00 0.00
0.00 0.00 0.00 0.00 0.00 0.00 0.00 0.00 5.07 9.98 15.44 20.12 23.41 21.95 21.37 20.33 16.29 12.66 8.41 3.71 0.36 0.00 0.00 0.00
0.00 0.00 0.00 0.00 0.00 0.00 0.00 0.00 25.88 50.96 78.83 102.73 119.53 112.06 109.08 103.81 83.17 64.64 42.93 18.96 1.85 0.00 0.00 0.00
0.00 0.00 0.00 0.00 0.00 0.00 0.00 0.00 2.30 5.50 9.34 12.65 15.33 12.34 12.86 12.87 10.98 8.96 6.17 3.31 1.10 0.00 0.00 0.00
0.00 0.00 0.00 0.00 0.00 0.00 0.00 0.00 58.64 131.17 208.72 280.18 331.31 250.95 253.88 246.68 173.39 142.22 99.34 45.00 14.24 0.00 0.00 0.00
0.00 0.00 0.00 0.00 0.00 0.00 0.00 0.00 4.95 10.82 17.85 24.44 29.20 30.50 30.28 28.55 24.10 19.12 12.81 6.16 1.47 0.00 0.00 0.00
0.00 0.00 0.00 0.00 0.00 0.00 0.00 0.00 23.29 47.89 73.91 100.49 119.56 144.73 146.12 138.73 124.28 99.75 68.80 36.53 10.20 0.00 0.00 0.00
0.00 0.00 0.00 0.00 0.00 0.00 0.00 0.00 0.98 2.19 3.48 4.67 5.52 4.18 4.23 4.11 2.89 2.37 1.66 0.75 0.24 0.00 0.00 0.00
0.00 0.00 0.00 0.00 0.00 0.00 0.00 0.00 43.98 98.37 156.54 210.13 248.48 188.22 190.41 185.01 130.04 106.66 74.51 33.75 10.68 0.00 0.00 0.00
0.00 0.00 0.00 0.00 0.00 0.00 0.00 0.00 56.45 126.25 200.89 269.67 318.88 241.54 244.36 237.43 166.88 136.89 95.62 43.31 13.71 0.00 0.00 0.00
0.00 0.00 0.00 0.00 0.00 0.00 0.00 0.00 68.22 152.96 251.92 343.77 417.01 522.62 538.98 518.58 393.05 312.29 216.63 129.65 43.33 0.00 0.00 0.00
0.00 0.00 0.00 0.00 0.00 0.00 0.00 0.00 2.55 5.24 8.66 11.63 13.54 12.59 12.57 11.74 9.85 7.46 5.01 2.20 0.37 0.00 0.00 0.00
0.00 0.00 0.00 0.00 0.00 0.00 0.00 0.00 3.25 6.64 10.96 14.70 17.12 15.81 15.81 14.78 12.16 9.26 6.12 2.54 0.42 0.00 0.00 0.00
0.00 0.00 0.00 0.00 0.00 0.00 0.00 0.00 20.42 44.62 73.65 100.83 120.44 125.80 124.90 117.79 99.42 78.88 52.84 25.41 6.06 0.00 0.00 0.00
0.00 0.00 0.00 0.00 0.00 0.00 0.00 0.00 75.55 171.34 280.91 387.38 472.45 516.32 524.33 492.81 444.96 359.56 252.26 141.97 55.81 0.00 0.00 0.00
0.00 0.00 0.00 0.00 0.00 0.00 0.00 0.00 0.92 1.80 2.85 3.78 4.36 4.29 4.31 4.04 3.01 2.29 1.53 0.50 0.07 0.00 0.00 0.00
0.00 0.00 0.00 0.00 0.00 0.00 0.00 0.00 13.69 29.58 47.51 64.36 77.68 74.27 75.46 72.52 53.00 42.10 29.43 14.91 4.50 0.00 0.00 0.00
0.00 0.00 0.00 0.00 0.00 0.00 0.00 0.00 3.46 9.00 15.14 21.11 25.49 20.01 20.53 20.02 21.37 16.78 11.98 7.14 2.56 0.00 0.00 0.00
0.00 0.00 0.00 0.00 0.00 0.00 0.00 0.25 2.25 4.13 5.13 6.72 7.79 4.50 4.51 4.26 5.22 4.04 2.60 1.56 0.21 0.00 0.00 0.00
0.00 0.00 0.00 0.00 0.00 0.00 0.00 0.13 1.12 2.06 2.57 3.36 3.90 2.25 2.25 2.13 2.61 2.02 1.30 0.78 0.11 0.00 0.00 0.00
0.00 0.00 0.00 0.00 0.00 0.00 0.00 0.28 2.46 4.51 5.62 7.35 8.52 4.93 4.93 4.66 5.71 4.42 2.84 1.70 0.23 0.00 0.00 0.00
0.00 0.00 0.00 0.00 0.00 0.00 0.00 0.30 2.98 5.50 7.62 9.89 11.59 5.92 5.85 5.56 6.90 5.29 3.40 1.67 0.22 0.00 0.00 0.00
0.00 0.00 0.00 0.00 0.00 0.00 0.00 0.46 4.54 8.38 11.61 15.07 17.66 9.02 8.92 8.47 10.52 8.06 5.18 2.55 0.34 0.00 0.00 0.00
0.00 0.00 0.00 0.00 0.00 0.00 0.00 0.32 3.81 7.10 8.16 10.57 12.40 10.16 10.00 9.46 10.84 8.40 5.54 2.72 0.42 0.00 0.00 0.00
0.00 0.00 0.00 0.00 0.00 0.00 0.00 0.00 1.75 3.46 4.12 5.61 6.66 12.19 12.32 11.78 11.19 8.80 5.91 3.00 0.76 0.00 0.00 0.00
0.00 0.00 0.00 0.00 0.00 0.00 0.00 0.00 4.52 8.95 10.64 14.49 17.19 31.48 31.83 30.42 28.91 22.73 15.27 7.75 1.97 0.00 0.00 0.00
0.00 0.00 0.00 0.00 0.00 0.00 0.00 0.00 1.26 2.55 3.83 5.21 6.22 7.44 7.42 6.97 5.51 4.33 2.98 1.80 0.46 0.00 0.00 0.00
0.00 0.00 0.00 0.00 0.00 0.00 0.00 0.15 4.31 8.23 12.68 16.63 19.10 18.61 18.57 17.09 12.26 9.39 6.05 2.14 0.25 0.00 0.00 0.00
0.00 0.00 0.00 0.00 0.00 0.00 0.00 0.39 7.12 13.46 21.24 27.99 32.37 29.90 30.28 28.46 17.54 13.52 8.75 4.21 0.57 0.00 0.00 0.00
0.00 0.00 0.00 0.00 0.00 0.00 0.00 0.14 1.04 1.88 2.82 3.56 4.01 3.57 3.44 3.20 2.13 1.64 1.05 0.51 0.00 0.00 0.00 0.00
0.00 0.00 0.00 0.00 0.00 0.00 0.00 0.39 5.75 10.79 16.90 21.36 23.93 22.78 21.99 20.63 13.82 10.63 6.91 2.95 0.12 0.00 0.00 0.00
0.00 0.00 0.00 0.00 0.00 0.00 0.00 0.38 3.85 7.11 11.09 13.95 15.57 14.04 13.38 12.72 9.93 7.60 4.96 1.61 0.02 0.00 0.00 0.00
0.00 0.00 0.00 0.00 0.00 0.00 0.00 0.53 5.31 9.81 15.30 19.25 21.48 19.38 18.46 17.55 13.70 10.49 6.84 2.22 0.03 0.00 0.00 0.00
0.00 0.00 0.00 0.00 0.00 0.00 0.00 0.36 3.62 6.68 10.42 13.12 14.63 13.20 12.58 11.96 9.33 7.15 4.66 1.51 0.02 0.00 0.00 0.00
0.00 0.00 0.00 0.00 0.00 0.00 0.00 0.21 3.06 5.76 9.01 11.39 12.76 12.15 11.73 11.00 7.37 5.67 3.68 1.57 0.06 0.00 0.00 0.00
0.00 0.00 0.00 0.00 0.00 0.00 0.00 0.32 2.71 4.95 6.90 8.68 9.80 10.15 10.01 9.33 6.65 5.14 3.27 1.18 0.00 0.00 0.00 0.00
0.00 0.00 0.00 0.00 0.00 0.00 0.00 0.00 2.87 5.65 8.74 11.39 13.25 12.42 12.09 11.51 9.22 7.16 4.76 2.10 0.21 0.00 0.00 0.00
0.00 0.00 0.00 0.00 0.00 0.00 0.00 0.00 23.66 51.74 81.37 108.12 126.46 115.12 114.80 108.22 98.80 76.43 50.56 19.76 3.01 0.00 0.00 0.00
0.00 0.00 0.00 0.00 0.00 0.00 0.00 0.00 4.19 8.44 13.66 18.24 21.23 20.17 20.18 19.08 15.35 12.02 7.69 3.03 0.49 0.00 0.00 0.00
0.00 0.00 0.00 0.00 0.00 0.00 0.00 0.00 6.28 12.30 19.11 25.40 29.77 26.15 26.14 24.27 19.87 15.17 9.90 4.20 0.55 0.00 0.00 0.00
0.00 0.00 0.00 0.00 0.00 0.00 0.00 0.00 2.88 5.64 8.76 11.64 13.64 11.98 11.98 11.13 9.11 6.95 4.54 1.92 0.25 0.00 0.00 0.00
0.00 0.00 0.00 0.00 0.00 0.00 0.00 0.00 5.21 10.48 16.90 22.51 26.24 25.56 25.55 24.15 19.39 15.15 9.74 3.69 0.60 0.00 0.00 0.00
0.00 0.00 0.00 0.00 0.00 0.00 0.00 0.00 2.23 4.36 6.92 9.18 10.59 10.43 10.47 9.82 7.32 5.56 3.71 1.22 0.17 0.00 0.00 0.00
0.00 0.00 0.00 0.00 0.00 0.00 0.00 0.00 21.14 46.20 76.26 104.40 124.70 130.25 129.31 121.95 102.94 81.67 54.71 26.31 6.28 0.00 0.00 0.00
0.00 0.00 0.00 0.00 0.00 0.00 0.00 0.00 5.57 11.45 17.67 24.03 28.59 34.61 34.94 33.17 29.72 23.85 16.45 8.74 2.44 0.00 0.00 0.00
0.00 0.00 0.00 0.00 0.00 0.00 0.00 0.00 1.48 3.06 4.53 6.11 7.42 7.34 7.28 6.90 5.63 4.51 3.12 1.68 0.46 0.00 0.00 0.00
0.00 0.00 0.00 0.00 0.00 0.00 0.00 0.00 2.13 4.42 6.87 9.14 10.65 9.25 9.38 9.04 7.08 5.68 3.90 1.77 0.47 0.00 0.00 0.00
0.00 0.00 0.00 0.00 0.00 0.00 0.00 0.00 3.41 7.08 11.00 14.63 17.04 14.80 15.01 14.46 11.32 9.09 6.25 2.83 0.75 0.00 0.00 0.00
0.00 0.00 0.00 0.00 0.00 0.00 0.00 0.00 62.65 149.66 254.25 344.56 417.49 335.98 350.20 350.40 298.88 243.87 168.11 90.02 29.96 0.00 0.00 0.00
