0.00 0.00 0.00 0.00 0.00 0.00 0.00 0.00 0.00 0.59 1.84 2.82 3.83 4.47 4.69 4.51 3.79 2.82 1.82 0.40 0.00 0.00 0.00 0.00
0.00 0.00 0.00 0.00 0.00 0.00 0.00 0.00 0.00 14.53 33.52 51.12 64.53 69.71 72.06 69.10 56.95 42.64 25.80 2.87 0.00 0.00 0.00 0.00
0.00 0.00 0.00 0.00 0.00 0.00 0.00 0.00 0.00 13.55 41.98 64.45 87.61 102.31 107.17 103.09 86.73 64.51 41.53 9.24 0.00 0.00 0.00 0.00
0.00 0.00 0.00 0.00 0.00 0.00 0.00 0.00 0.00 48.16 149.18 229.05 311.35 363.59 380.86 366.38 308.25 229.26 147.59 32.86 0.00 0.00 0.00 0.00
0.00 0.00 0.00 0.00 0.00 0.00 0.00 0.00 0.00 2.70 5.68 8.41 10.53 11.38 11.27 10.69 8.53 6.16 3.47 0.18 0.00 0.00 0.00 0.00
0.00 0.00 0.00 0.00 0.00 0.00 0.00 0.00 0.00 96.12 326.75 507.46 690.51 822.17 877.19 842.49 727.86 537.06 347.61 78.06 0.00 0.00 0.00 0.00
0.00 0.00 0.00 0.00 0.00 0.00 0.00 0.00 0.00 1.49 3.60 5.54 7.24 8.07 8.09 7.79 6.38 4.45 2.59 0.20 0.00 0.00 0.00 0.00
0.00 0.00 0.00 0.00 0.00 0.00 0.00 0.00 0.00 0.76 1.76 2.71 3.61 4.19 4.26 4.15 3.50 2.58 1.55 0.19 0.00 0.00 0.00 0.00
0.00 0.00 0.00 0.00 0.00 0.00 0.00 0.00 0.00 1.21 2.81 4.34 5.77 6.70 6.82 6.64 5.59 4.13 2.48 0.30 0.00 0.00 0.00 0.00
0.00 0.00 0.00 0.00 0.00 0.00 0.00 0.00 0.00 1.21 2.81 4.34 5.77 6.70 6.82 6.64 5.59 4.13 2.48 0.30 0.00 0.00 0.00 0.00
0.00 0.00 0.00 0.00 0.00 0.00 0.00 0.00 0.00 2.67 6.47 9.92 13.56 16.20 16.64 16.22 14.23 10.37 6.33 0.84 0.00 0.00 0.00 0.00
0.00 0.00 0.00 0.00 0.00 0.00 0.00 0.00 0.00 1.28 3.06 4.77 6.47 7.74 7.93 7.70 6.79 4.99 3.04 0.40 0.00 0.00 0.00 0.00
0.00 0.00 0.00 0.00 0.00 0.00 0.00 0.00 0.00 1.65 3.93 6.13 8.32 9.95 10.19 9.90 8.73 6.42 3.91 0.52 0.00 0.00 0.00 0.00
0.00 0.00 0.00 0.00 0.00 0.00 0.00 0.00 0.00 1.10 2.62 4.09 5.55 6.63 6.80 6.60 5.82 4.28 2.61 0.34 0.00 0.00 0.00 0.00
0.00 0.00 0.00 0.00 0.00 0.00 0.00 0.00 0.00 1.10 2.62 4.09 5.55 6.63 6.80 6.60 5.82 4.28 2.61 0.34 0.00 0.00 0.00 0.00
0.00 0.00 0.00 0.00 0.00 0.00 0.00 0.00 0.00 17.10 42.07 64.97 83.85 95.49 100.44 96.92 84.18 62.07 39.08 7.01 0.00 0.00 0.00 0.00
0.00 0.00 0.00 0.00 0.00 0.00 0.00 0.00 0.00 8.23 20.21 31.40 43.32 48.32 48.82 47.69 41.78 30.53 18.50 2.32 0.00 0.00 0.00 0.00
0.00 0.00 0.00 0.00 0.00 0.00 0.00 0.00 0.00 6.86 17.73 27.50 36.48 41.36 42.36 40.94 35.33 25.86 15.74 1.98 0.00 0.00 0.00 0.00
0.00 0.00 0.00 0.00 0.00 0.00 0.00 0.00 0.00 28.35 96.38 149.68 203.68 242.51 258.74 248.51 214.69 158.41 102.53 23.02 0.00 0.00 0.00 0.00
0.00 0.00 0.00 0.00 0.00 0.00 0.00 0.00 0.00 26.97 91.68 142.38 193.74 230.68 246.12 236.38 204.22 150.69 97.53 21.90 0.00 0.00 0.00 0.00
0.00 0.00 0.00 0.00 0.00 0.00 0.00 0.00 0.00 51.86 176.30 273.81 372.58 443.62 473.31 454.58 392.73 289.78 187.56 42.12 0.00 0.00 0.00 0.00
0.00 0.00 0.00 0.00 0.00 0.00 0.00 0.00 0.00 51.00 173.36 269.25 366.37 436.22 465.42 447.01 386.18 284.95 184.43 41.41 0.00 0.00 0.00 0.00
0.00 0.00 0.00 0.00 0.00 0.00 0.00 0.00 0.00 57.09 189.46 293.32 399.00 470.34 486.71 469.81 395.90 293.49 189.35 37.25 0.00 0.00 0.00 0.00
0.00 0.00 0.00 0.00 0.00 0.00 0.00 0.00 0.00 0.76 1.76 2.71 3.61 4.19 4.26 4.15 3.50 2.58 1.55 0.19 0.00 0.00 0.00 0.00
0.00 0.00 0.00 0.00 0.00 0.00 0.00 0.00 0.00 3.84 8.91 13.75 18.27 21.23 21.59 21.03 17.72 13.08 7.86 0.96 0.00 0.00 0.00 0.00
0.00 0.00 0.00 0.00 0.00 0.00 0.00 0.00 0.00 19.63 45.50 70.20 93.28 108.37 110.23 107.39 90.45 66.76 40.11 4.89 0.00 0.00 0.00 0.00
0.00 0.00 0.00 0.00 0.00 0.00 0.00 0.00 0.00 1.94 6.58 10.22 13.91 16.56 17.67 16.97 14.66 10.82 7.00 1.57 0.00 0.00 0.00 0.00
0.00 0.00 0.00 0.00 0.00 0.00 0.00 0.00 0.00 47.41 146.86 225.48 306.50 357.92 374.92 360.67 303.44 225.69 145.29 32.34 0.00 0.00 0.00 0.00
0.00 0.00 0.00 0.00 0.00 0.00 0.00 0.00 0.00 4.04 11.11 16.84 22.91 26.81 28.66 27.59 23.67 18.22 11.58 2.15 0.00 0.00 0.00 0.00
0.00 0.00 0.00 0.00 0.00 0.00 0.00 0.00 0.00 28.05 77.65 116.95 153.03 173.34 176.19 168.98 140.48 103.71 64.37 9.20 0.00 0.00 0.00 0.00
0.00 0.00 0.00 0.00 0.00 0.00 0.00 0.00 0.00 0.79 2.45 3.76 5.11 5.97 6.25 6.01 5.06 3.76 2.42 0.54 0.00 0.00 0.00 0.00
0.00 0.00 0.00 0.00 0.00 0.00 0.00 0.00 0.00 35.56 110.14 169.11 229.87 268.44 281.19 270.50 227.58 169.27 108.97 24.26 0.00 0.00 0.00 0.00
0.00 0.00 0.00 0.00 0.00 0.00 0.00 0.00 0.00 45.63 141.35 217.02 295.00 344.50 360.86 347.15 292.06 217.23 139.85 31.13 0.00 0.00 0.00 0.00
0.00 0.00 0.00 0.00 0.00 0.00 0.00 0.00 0.00 75.29 249.85 386.82 526.18 620.26 641.85 619.57 522.09 387.04 249.71 49.12 0.00 0.00 0.00 0.00
0.00 0.00 0.00 0.00 0.00 0.00 0.00 0.00 0.00 1.97 4.90 7.76 10.63 12.46 13.05 12.58 10.86 8.01 4.93 0.69 0.00 0.00 0.00 0.00
0.00 0.00 0.00 0.00 0.00 0.00 0.00 0.00 0.00 2.47 6.10 9.74 13.30 15.46 16.25 15.70 13.43 9.87 6.07 0.84 0.00 0.00 0.00 0.00
0.00 0.00 0.00 0.00 0.00 0.00 0.00 0.00 0.00 16.67 45.82 69.48 94.51 110.60 118.21 113.81 97.62 75.17 47.77 8.87 0.00 0.00 0.00 0.00
0.00 0.00 0.00 0.00 0.00 0.00 0.00 0.00 0.00 42.22 161.60 260.44 363.87 447.09 476.47 457.45 397.55 301.33 196.50 57.18 0.00 0.00 0.00 0.00
0.00 0.00 0.00 0.00 0.00 0.00 0.00 0.00 0.00 0.65 1.59 2.48 3.39 3.89 3.93 3.75 3.26 2.41 1.45 0.16 0.00 0.00 0.00 0.00
0.00 0.00 0.00 0.00 0.00 0.00 0.00 0.00 0.00 12.26 37.50 57.07 77.69 89.36 92.58 88.63 74.62 54.71 34.74 6.56 0.00 0.00 0.00 0.00
0.00 0.00 0.00 0.00 0.00 0.00 0.00 0.00 0.00 3.23 11.79 18.56 25.82 30.72 32.81 30.96 26.38 19.68 12.56 3.36 0.00 0.00 0.00 0.00
0.00 0.00 0.00 0.00 0.00 0.00 0.00 0.00 0.00 1.72 4.11 6.17 7.96 8.96 9.16 8.66 7.36 5.19 2.99 0.20 0.00 0.00 0.00 0.00
0.00 0.00 0.00 0.00 0.00 0.00 0.00 0.00 0.00 0.86 2.05 3.08 3.98 4.48 4.58 4.33 3.68 2.60 1.49 0.10 0.00 0.00 0.00 0.00
0.00 0.00 0.00 0.00 0.00 0.00 0.00 0.00 0.00 1.88 4.49 6.74 8.70 9.80 10.02 9.48 8.05 5.68 3.27 0.22 0.00 0.00 0.00 0.00
0.00 0.00 0.00 0.00 0.00 0.00 0.00 0.00 0.00 2.28 5.40 8.16 10.62 11.87 12.07 11.54 9.57 6.75 3.90 0.27 0.00 0.00 0.00 0.00
0.00 0.00 0.00 0.00 0.00 0.00 0.00 0.00 0.00 3.47 8.23 12.43 16.19 18.08 18.39 17.59 14.59 10.29 5.95 0.41 0.00 0.00 0.00 0.00
0.00 0.00 0.00 0.00 0.00 0.00 0.00 0.00 0.00 3.02 7.34 11.21 14.63 16.35 16.39 15.86 12.88 8.91 5.20 0.44 0.00 0.00 0.00 0.00
0.00 0.00 0.00 0.00 0.00 0.00 0.00 0.00 0.00 2.53 6.50 9.77 12.84 14.61 14.72 13.88 11.43 8.23 4.98 0.94 0.00 0.00 0.00 0.00
0.00 0.00 0.00 0.00 0.00 0.00 0.00 0.00 0.00 6.54 16.80 25.23 33.17 37.74 38.02 35.85 29.53 21.26 12.88 2.44 0.00 0.00 0.00 0.00
0.00 0.00 0.00 0.00 0.00 0.00 0.00 0.00 0.00 1.48 4.14 6.26 8.28 9.28 9.37 8.89 7.59 5.60 3.44 0.48 0.00 0.00 0.00 0.00
0.00 0.00 0.00 0.00 0.00 0.00 0.00 0.00 0.00 2.97 7.03 11.00 14.35 16.59 17.13 16.51 13.80 9.99 5.91 0.58 0.00 0.00 0.00 0.00
0.00 0.00 0.00 0.00 0.00 0.00 0.00 0.00 0.00 4.59 12.15 18.79 24.56 29.54 29.98 28.92 23.83 17.15 10.08 0.88 0.00 0.00 0.00 0.00
0.00 0.00 0.00 0.00 0.00 0.00 0.00 0.00 0.00 0.83 1.76 2.56 3.15 3.43 3.41 3.28 2.79 2.03 1.15 0.06 0.00 0.00 0.00 0.00
0.00 0.00 0.00 0.00 0.00 0.00 0.00 0.00 0.00 4.44 9.78 14.92 18.80 20.89 20.88 20.33 16.43 11.79 6.85 0.66 0.00 0.00 0.00 0.00
0.00 0.00 0.00 0.00 0.00 0.00 0.00 0.00 0.00 3.07 6.62 10.02 12.35 13.39 13.56 13.05 10.63 7.57 4.34 0.34 0.00 0.00 0.00 0.00
0.00 0.00 0.00 0.00 0.00 0.00 0.00 0.00 0.00 4.23 9.14 13.83 17.05 18.48 18.72 18.01 14.67 10.44 5.99 0.47 0.00 0.00 0.00 0.00
0.00 0.00 0.00 0.00 0.00 0.00 0.00 0.00 0.00 2.88 6.22 9.42 11.61 12.59 12.75 12.27 9.99 7.11 4.08 0.32 0.00 0.00 0.00 0.00
0.00 0.00 0.00 0.00 0.00 0.00 0.00 0.00 0.00 2.37 5.21 7.96 10.02 11.14 11.13 10.84 8.76 6.29 3.65 0.35 0.00 0.00 0.00 0.00
0.00 0.00 0.00 0.00 0.00 0.00 0.00 0.00 0.00 2.41 5.11 7.67 9.30 10.15 10.21 9.58 7.64 5.56 3.15 0.19 0.00 0.00 0.00 0.00
0.00 0.00 0.00 0.00 0.00 0.00 0.00 0.00 0.00 2.18 5.04 7.78 10.34 12.01 12.22 11.90 10.02 7.40 4.44 0.54 0.00 0.00 0.00 0.00
0.00 0.00 0.00 0.00 0.00 0.00 0.00 0.00 0.00 22.26 54.75 84.56 109.14 124.29 130.73 126.14 109.57 80.79 50.87 9.12 0.00 0.00 0.00 0.00
0.00 0.00 0.00 0.00 0.00 0.00 0.00 0.00 0.00 3.03 7.33 11.24 15.37 18.36 18.86 18.38 16.13 11.75 7.18 0.96 0.00 0.00 0.00 0.00
0.00 0.00 0.00 0.00 0.00 0.00 0.00 0.00 0.00 4.64 10.98 17.52 23.43 26.95 27.16 26.88 22.90 16.53 9.92 1.06 0.00 0.00 0.00 0.00
0.00 0.00 0.00 0.00 0.00 0.00 0.00 0.00 0.00 2.13 5.03 8.03 10.74 12.35 12.45 12.32 10.49 7.58 4.55 0.49 0.00 0.00 0.00 0.00
0.00 0.00 0.00 0.00 0.00 0.00 0.00 0.00 0.00 3.73 9.12 13.92 19.13 22.67 23.22 22.50 19.70 14.41 8.79 1.15 0.00 0.00 0.00 0.00
0.00 0.00 0.00 0.00 0.00 0.00 0.00 0.00 0.00 1.58 3.87 6.03 8.23 9.46 9.55 9.11 7.92 5.84 3.52 0.38 0.00 0.00 0.00 0.00
0.00 0.00 0.00 0.00 0.00 0.00 0.00 0.00 0.00 17.26 47.44 71.94 97.85 114.51 122.39 117.83 101.07 77.83 49.46 9.19 0.00 0.00 0.00 0.00
0.00 0.00 0.00 0.00 0.00 0.00 0.00 0.00 0.00 6.71 18.57 27.97 36.59 41.45 42.13 40.41 33.59 24.80 15.39 2.20 0.00 0.00 0.00 0.00
0.00 0.00 0.00 0.00 0.00 0.00 0.00 0.00 0.00 1.44 4.13 6.25 8.27 9.16 9.39 9.05 7.71 5.65 3.52 0.52 0.00 0.00 0.00 0.00
0.00 0.00 0.00 0.00 0.00 0.00 0.00 0.00 0.00 1.82 5.09 7.74 10.07 11.48 11.77 11.22 9.57 7.14 4.45 0.67 0.00 0.00 0.00 0.00
0.00 0.00 0.00 0.00 0.00 0.00 0.00 0.00 0.00 2.90 8.15 12.39 16.11 18.37 18.83 17.94 15.32 11.42 7.12 1.06 0.00 0.00 0.00 0.00
0.00 0.00 0.00 0.00 0.00 0.00 0.00 0.00 0.00 52.73 179.24 278.37 378.79 451.01 481.19 462.16 399.28 294.61 190.68 42.82 0.00 0.00 0.00 0.00
