0.00 0.00 0.00 0.00 0.00 0.00 0.00 0.00 0.16 1.03 1.96 2.76 3.41 3.63 3.71 3.53 3.07 2.19 1.28 0.15 0.00 0.00 0.00 0.00
0.00 0.00 0.00 0.00 0.00 0.00 0.00 0.00 8.32 24.48 40.29 55.36 64.17 71.84 70.13 63.75 51.54 35.24 18.66 0.00 0.00 0.00 0.00 0.00
0.00 0.00 0.00 0.00 0.00 0.00 0.00 0.00 3.59 23.51 44.82 63.19 77.89 83.08 84.82 80.71 70.31 50.05 29.19 3.44 0.00 0.00 0.00 0.00
0.00 0.00 0.00 0.00 0.00 0.00 0.00 0.00 12.75 83.57 159.30 224.58 276.81 295.28 301.44 286.83 249.86 177.88 103.74 12.21 0.00 0.00 0.00 0.00
0.00 0.00 0.00 0.00 0.00 0.00 0.00 0.00 1.79 4.46 6.26 8.25 9.34 11.28 10.82 9.50 7.80 5.15 2.46 0.00 0.00 0.00 0.00 0.00
0.00 0.00 0.00 0.00 0.00 0.00 0.00 0.00 20.81 181.34 351.01 496.56 616.55 682.77 709.50 681.38 590.80 423.35 253.23 24.53 0.00 0.00 0.00 0.00
0.00 0.00 0.00 0.00 0.00 0.00 0.00 0.00 0.56 1.72 3.23 4.42 5.20 6.58 6.57 5.99 5.01 3.31 1.67 0.00 0.00 0.00 0.00 0.00
0.00 0.00 0.00 0.00 0.00 0.00 0.00 0.00 0.37 1.10 1.94 2.64 2.98 3.13 3.07 2.82 2.89 1.97 1.04 0.00 0.00 0.00 0.00 0.00
0.00 0.00 0.00 0.00 0.00 0.00 0.00 0.00 0.59 1.75 3.11 4.22 4.77 5.01 4.91 4.52 4.62 3.15 1.66 0.00 0.00 0.00 0.00 0.00
0.00 0.00 0.00 0.00 0.00 0.00 0.00 0.00 0.59 1.75 3.11 4.22 4.77 5.01 4.91 4.52 4.62 3.15 1.66 0.00 0.00 0.00 0.00 0.00
0.00 0.00 0.00 0.00 0.00 0.00 0.00 0.00 0.91 3.03 6.37 9.03 10.64 12.96 12.73 11.91 9.10 6.27 3.38 0.00 0.00 0.00 0.00 0.00
0.00 0.00 0.00 0.00 0.00 0.00 0.00 0.00 0.41 1.35 2.91 4.13 4.80 5.96 5.87 5.54 3.99 2.74 1.47 0.00 0.00 0.00 0.00 0.00
0.00 0.00 0.00 0.00 0.00 0.00 0.00 0.00 0.52 1.73 3.74 5.31 6.18 7.66 7.55 7.12 5.13 3.52 1.90 0.00 0.00 0.00 0.00 0.00
0.00 0.00 0.00 0.00 0.00 0.00 0.00 0.00 0.35 1.15 2.49 3.54 4.12 5.11 5.03 4.75 3.42 2.35 1.26 0.00 0.00 0.00 0.00 0.00
0.00 0.00 0.00 0.00 0.00 0.00 0.00 0.00 0.35 1.15 2.49 3.54 4.12 5.11 5.03 4.75 3.42 2.35 1.26 0.00 0.00 0.00 0.00 0.00
0.00 0.00 0.00 0.00 0.00 0.00 0.00 0.00 7.79 27.10 49.92 71.06 83.57 89.75 89.56 83.08 68.95 47.83 26.84 0.89 0.00 0.00 0.00 0.00
0.00 0.00 0.00 0.00 0.00 0.00 0.00 0.00 2.86 9.28 19.22 26.94 31.33 35.29 35.08 32.43 29.40 20.31 10.83 0.00 0.00 0.00 0.00 0.00
0.00 0.00 0.00 0.00 0.00 0.00 0.00 0.00 2.56 8.71 12.43 17.35 20.86 26.89 26.79 25.06 26.89 18.58 9.96 0.00 0.00 0.00 0.00 0.00
0.00 0.00 0.00 0.00 0.00 0.00 0.00 0.00 6.14 53.49 103.54 146.47 181.86 201.39 209.28 200.98 174.27 124.87 74.69 7.24 0.00 0.00 0.00 0.00
0.00 0.00 0.00 0.00 0.00 0.00 0.00 0.00 5.84 50.88 98.49 139.32 172.99 191.57 199.07 191.18 165.76 118.78 71.05 6.88 0.00 0.00 0.00 0.00
0.00 0.00 0.00 0.00 0.00 0.00 0.00 0.00 11.23 97.84 189.40 267.93 332.67 368.40 382.82 367.65 318.78 228.43 136.63 13.24 0.00 0.00 0.00 0.00
0.00 0.00 0.00 0.00 0.00 0.00 0.00 0.00 11.04 96.21 186.24 263.46 327.13 362.26 376.44 361.52 313.47 224.62 134.36 13.02 0.00 0.00 0.00 0.00
0.00 0.00 0.00 0.00 0.00 0.00 0.00 0.00 13.88 105.06 205.47 286.20 357.49 408.03 419.33 395.04 332.59 236.40 138.30 7.78 0.00 0.00 0.00 0.00
0.00 0.00 0.00 0.00 0.00 0.00 0.00 0.00 0.37 1.10 1.94 2.64 2.98 3.13 3.07 2.82 2.89 1.97 1.04 0.00 0.00 0.00 0.00 0.00
0.00 0.00 0.00 0.00 0.00 0.00 0.00 0.00 1.87 5.55 9.84 13.38 15.10 15.86 15.54 14.30 14.63 9.99 5.26 0.00 0.00 0.00 0.00 0.00
0.00 0.00 0.00 0.00 0.00 0.00 0.00 0.00 9.56 28.33 50.24 68.29 77.09 80.99 79.32 73.02 74.68 51.00 26.83 0.00 0.00 0.00 0.00 0.00
0.00 0.00 0.00 0.00 0.00 0.00 0.00 0.00 0.42 3.65 7.07 10.00 12.42 13.75 14.29 13.73 11.90 8.53 5.10 0.49 0.00 0.00 0.00 0.00
0.00 0.00 0.00 0.00 0.00 0.00 0.00 0.00 12.55 82.26 156.82 221.08 272.49 290.68 296.74 282.36 245.97 175.11 102.12 12.02 0.00 0.00 0.00 0.00
0.00 0.00 0.00 0.00 0.00 0.00 0.00 0.00 0.86 3.73 9.30 13.65 17.27 18.25 19.21 18.57 15.03 10.88 6.19 0.35 0.00 0.00 0.00 0.00
0.00 0.00 0.00 0.00 0.00 0.00 0.00 0.00 7.48 35.03 76.44 106.39 126.03 144.21 148.17 136.35 113.24 77.30 42.95 1.14 0.00 0.00 0.00 0.00
0.00 0.00 0.00 0.00 0.00 0.00 0.00 0.00 0.21 1.37 2.61 3.68 4.54 4.84 4.95 4.71 4.10 2.92 1.70 0.20 0.00 0.00 0.00 0.00
0.00 0.00 0.00 0.00 0.00 0.00 0.00 0.00 9.41 61.70 117.61 165.81 204.37 218.01 222.56 211.77 184.48 131.33 76.59 9.01 0.00 0.00 0.00 0.00
0.00 0.00 0.00 0.00 0.00 0.00 0.00 0.00 12.08 79.18 150.94 212.79 262.27 279.77 285.61 271.78 236.74 168.54 98.29 11.57 0.00 0.00 0.00 0.00
0.00 0.00 0.00 0.00 0.00 0.00 0.00 0.00 18.30 138.55 270.96 377.42 471.44 538.09 553.00 520.96 438.61 311.75 182.38 10.26 0.00 0.00 0.00 0.00
0.00 0.00 0.00 0.00 0.00 0.00 0.00 0.00 0.58 1.99 4.43 6.29 7.42 8.85 8.69 7.96 5.85 4.09 2.23 0.02 0.00 0.00 0.00 0.00
0.00 0.00 0.00 0.00 0.00 0.00 0.00 0.00 0.76 2.56 5.02 7.08 8.41 11.31 11.07 10.38 6.99 4.88 2.66 0.02 0.00 0.00 0.00 0.00
0.00 0.00 0.00 0.00 0.00 0.00 0.00 0.00 3.54 15.40 38.37 56.30 71.24 75.28 79.25 76.61 62.02 44.89 25.53 1.45 0.00 0.00 0.00 0.00
0.00 0.00 0.00 0.00 0.00 0.00 0.00 0.00 3.67 96.93 208.83 297.84 371.32 414.53 428.39 401.55 316.44 228.25 136.19 10.96 0.00 0.00 0.00 0.00
0.00 0.00 0.00 0.00 0.00 0.00 0.00 0.00 0.26 0.83 1.37 1.85 2.17 2.51 2.47 2.26 2.15 1.47 0.77 0.00 0.00 0.00 0.00 0.00
0.00 0.00 0.00 0.00 0.00 0.00 0.00 0.00 3.68 20.89 39.26 55.00 66.92 73.48 75.42 70.14 60.47 42.61 24.41 1.85 0.00 0.00 0.00 0.00
0.00 0.00 0.00 0.00 0.00 0.00 0.00 0.00 0.41 6.86 13.60 19.80 24.29 26.92 27.89 26.39 22.64 16.38 10.08 1.17 0.00 0.00 0.00 0.00
0.00 0.00 0.00 0.00 0.00 0.00 0.00 0.00 0.65 1.93 3.91 5.38 6.39 7.32 7.10 6.50 5.63 3.73 1.86 0.00 0.00 0.00 0.00 0.00
0.00 0.00 0.00 0.00 0.00 0.00 0.00 0.00 0.33 0.96 1.95 2.69 3.20 3.66 3.55 3.25 2.81 1.87 0.93 0.00 0.00 0.00 0.00 0.00
0.00 0.00 0.00 0.00 0.00 0.00 0.00 0.00 0.71 2.11 4.27 5.88 6.99 8.00 7.77 7.11 6.16 4.08 2.03 0.00 0.00 0.00 0.00 0.00
0.00 0.00 0.00 0.00 0.00 0.00 0.00 0.00 1.03 3.05 5.23 7.09 8.37 9.89 9.76 8.95 7.36 4.86 2.43 0.00 0.00 0.00 0.00 0.00
0.00 0.00 0.00 0.00 0.00 0.00 0.00 0.00 1.57 4.65 7.97 10.80 12.75 15.08 14.87 13.64 11.22 7.40 3.70 0.00 0.00 0.00 0.00 0.00
0.00 0.00 0.00 0.00 0.00 0.00 0.00 0.00 1.16 3.58 6.70 9.05 10.73 13.62 13.64 12.45 10.06 6.75 3.43 0.00 0.00 0.00 0.00 0.00
0.00 0.00 0.00 0.00 0.00 0.00 0.00 0.00 0.65 2.62 5.60 7.65 8.99 11.49 11.57 10.63 8.89 6.07 3.27 0.00 0.00 0.00 0.00 0.00
0.00 0.00 0.00 0.00 0.00 0.00 0.00 0.00 1.67 6.76 14.46 19.75 23.23 29.67 29.89 27.45 22.96 15.68 8.45 0.00 0.00 0.00 0.00 0.00
0.00 0.00 0.00 0.00 0.00 0.00 0.00 0.00 0.50 2.07 4.32 5.87 7.02 7.71 7.85 7.14 5.77 3.89 2.13 0.04 0.00 0.00 0.00 0.00
0.00 0.00 0.00 0.00 0.00 0.00 0.00 0.00 1.60 4.75 7.93 10.76 12.30 11.33 11.29 10.27 7.88 5.31 2.74 0.00 0.00 0.00 0.00 0.00
0.00 0.00 0.00 0.00 0.00 0.00 0.00 0.00 2.17 6.58 11.08 15.00 17.59 20.24 20.61 18.86 18.37 12.14 6.21 0.00 0.00 0.00 0.00 0.00
0.00 0.00 0.00 0.00 0.00 0.00 0.00 0.00 0.52 1.32 2.09 2.78 3.09 3.47 3.39 3.02 2.49 1.67 0.80 0.00 0.00 0.00 0.00 0.00
0.00 0.00 0.00 0.00 0.00 0.00 0.00 0.00 2.76 7.43 12.54 16.73 18.91 20.01 19.26 17.37 13.67 9.27 4.65 0.00 0.00 0.00 0.00 0.00
0.00 0.00 0.00 0.00 0.00 0.00 0.00 0.00 1.96 5.10 8.04 10.64 11.81 13.96 13.65 12.20 9.62 6.34 3.11 0.00 0.00 0.00 0.00 0.00
0.00 0.00 0.00 0.00 0.00 0.00 0.00 0.00 2.70 7.04 11.10 14.69 16.30 19.27 18.84 16.83 13.28 8.75 4.30 0.00 0.00 0.00 0.00 0.00
0.00 0.00 0.00 0.00 0.00 0.00 0.00 0.00 1.84 4.79 7.56 10.01 11.10 13.13 12.83 11.46 9.05 5.96 2.93 0.00 0.00 0.00 0.00 0.00
0.00 0.00 0.00 0.00 0.00 0.00 0.00 0.00 1.47 3.96 6.69 8.92 10.09 10.67 10.27 9.26 7.29 4.94 2.48 0.00 0.00 0.00 0.00 0.00
0.00 0.00 0.00 0.00 0.00 0.00 0.00 0.00 1.50 3.80 5.78 7.70 8.71 10.19 9.94 8.86 7.15 4.67 2.25 0.00 0.00 0.00 0.00 0.00
0.00 0.00 0.00 0.00 0.00 0.00 0.00 0.00 1.06 3.14 5.57 7.57 8.54 8.98 8.79 8.09 8.28 5.65 2.97 0.00 0.00 0.00 0.00 0.00
0.00 0.00 0.00 0.00 0.00 0.00 0.00 0.00 10.14 35.28 64.98 92.49 108.77 116.81 116.57 108.14 89.74 62.26 34.93 1.15 0.00 0.00 0.00 0.00
0.00 0.00 0.00 0.00 0.00 0.00 0.00 0.00 1.03 3.43 7.22 10.23 12.05 14.68 14.42 13.50 10.31 7.10 3.83 0.00 0.00 0.00 0.00 0.00
0.00 0.00 0.00 0.00 0.00 0.00 0.00 0.00 2.21 6.81 12.10 16.43 19.07 19.14 19.11 17.79 10.76 7.45 3.93 0.00 0.00 0.00 0.00 0.00
0.00 0.00 0.00 0.00 0.00 0.00 0.00 0.00 1.01 3.12 5.55 7.53 8.74 8.77 8.76 8.15 4.93 3.41 1.80 0.00 0.00 0.00 0.00 0.00
0.00 0.00 0.00 0.00 0.00 0.00 0.00 0.00 1.32 4.38 8.96 12.66 14.92 17.96 17.68 16.47 13.00 9.04 4.87 0.00 0.00 0.00 0.00 0.00
0.00 0.00 0.00 0.00 0.00 0.00 0.00 0.00 0.64 2.02 3.34 4.50 5.26 6.09 6.00 5.49 5.21 3.56 1.88 0.00 0.00 0.00 0.00 0.00
0.00 0.00 0.00 0.00 0.00 0.00 0.00 0.00 3.66 15.95 39.73 58.30 73.76 77.95 82.06 79.32 64.21 46.48 26.43 1.50 0.00 0.00 0.00 0.00
0.00 0.00 0.00 0.00 0.00 0.00 0.00 0.00 1.79 8.38 18.28 25.44 30.14 34.48 35.43 32.61 27.08 18.49 10.27 0.27 0.00 0.00 0.00 0.00
0.00 0.00 0.00 0.00 0.00 0.00 0.00 0.00 0.47 2.21 4.28 5.98 7.13 7.77 7.88 7.24 6.00 4.20 2.35 0.09 0.00 0.00 0.00 0.00
0.00 0.00 0.00 0.00 0.00 0.00 0.00 0.00 0.64 2.86 5.30 7.32 8.83 9.49 9.57 8.82 7.49 5.27 2.94 0.15 0.00 0.00 0.00 0.00
0.00 0.00 0.00 0.00 0.00 0.00 0.00 0.00 1.02 4.57 8.47 11.71 14.12 15.18 15.31 14.11 11.98 8.43 4.71 0.23 0.00 0.00 0.00 0.00
0.00 0.00 0.00 0.00 0.00 0.00 0.00 0.00 11.42 99.47 192.55 272.39 338.22 374.54 389.20 373.78 324.09 232.23 138.91 13.46 0.00 0.00 0.00 0.00
