0.00 0.00 0.00 0.00 0.00 0.00 0.00 0.00 0.54 1.40 2.38 3.27 4.03 4.54 4.69 4.50 3.94 3.05 1.98 0.85 0.08 0.00 0.00 0.00
0.00 0.00 0.00 0.00 0.00 0.00 0.00 0.00 15.72 34.21 47.44 60.94 73.94 81.41 79.83 74.81 69.31 51.98 33.98 8.46 0.00 0.00 0.00 0.00
0.00 0.00 0.00 0.00 0.00 0.00 0.00 0.00 12.26 32.02 54.43 74.72 92.26 103.86 107.19 102.87 89.99 69.66 45.38 19.37 1.86 0.00 0.00 0.00
0.00 0.00 0.00 0.00 0.00 0.00 0.00 0.00 43.58 113.81 193.46 265.55 327.88 369.11 380.93 365.59 319.80 247.58 161.27 68.83 6.60 0.00 0.00 0.00
0.00 0.00 0.00 0.00 0.00 0.00 0.00 0.00 3.07 5.96 7.32 9.30 10.73 8.04 7.88 7.29 8.56 6.32 4.10 1.01 0.00 0.00 0.00 0.00
0.00 0.00 0.00 0.00 0.00 0.00 0.00 0.00 85.66 243.09 429.41 594.09 733.37 821.51 846.54 831.25 700.31 542.77 355.31 144.81 19.20 0.00 0.00 0.00
0.00 0.00 0.00 0.00 0.00 0.00 0.00 0.00 1.57 3.20 5.02 6.56 7.84 8.34 8.47 7.94 6.50 4.90 3.21 0.98 0.00 0.00 0.00 0.00
0.00 0.00 0.00 0.00 0.00 0.00 0.00 0.00 0.92 1.97 2.96 3.90 4.57 4.00 3.98 3.77 3.28 2.49 1.58 0.57 0.00 0.00 0.00 0.00
0.00 0.00 0.00 0.00 0.00 0.00 0.00 0.00 1.47 3.15 4.74 6.25 7.32 6.40 6.37 6.03 5.25 3.98 2.53 0.92 0.00 0.00 0.00 0.00
0.00 0.00 0.00 0.00 0.00 0.00 0.00 0.00 1.47 3.15 4.74 6.25 7.32 6.40 6.37 6.03 5.25 3.98 2.53 0.92 0.00 0.00 0.00 0.00
0.00 0.00 0.00 0.00 0.00 0.00 0.00 0.00 3.12 6.94 11.18 14.94 18.09 19.03 19.33 18.21 12.81 9.55 6.05 1.90 0.00 0.00 0.00 0.00
0.00 0.00 0.00 0.00 0.00 0.00 0.00 0.00 1.47 3.26 5.27 7.10 8.61 8.78 8.80 8.27 5.66 4.23 2.65 0.88 0.00 0.00 0.00 0.00
0.00 0.00 0.00 0.00 0.00 0.00 0.00 0.00 1.89 4.19 6.77 9.13 11.06 11.29 11.31 10.63 7.28 5.43 3.41 1.13 0.00 0.00 0.00 0.00
0.00 0.00 0.00 0.00 0.00 0.00 0.00 0.00 1.26 2.79 4.52 6.09 7.38 7.52 7.54 7.09 4.85 3.62 2.27 0.75 0.00 0.00 0.00 0.00
0.00 0.00 0.00 0.00 0.00 0.00 0.00 0.00 1.26 2.79 4.52 6.09 7.38 7.52 7.54 7.09 4.85 3.62 2.27 0.75 0.00 0.00 0.00 0.00
0.00 0.00 0.00 0.00 0.00 0.00 0.00 0.00 15.86 38.27 63.82 85.11 101.52 111.89 112.82 106.63 83.86 63.69 39.35 13.43 0.00 0.00 0.00 0.00
0.00 0.00 0.00 0.00 0.00 0.00 0.00 0.00 9.50 20.76 33.24 44.08 53.14 56.09 56.89 53.33 37.16 27.75 17.68 5.55 0.00 0.00 0.00 0.00
0.00 0.00 0.00 0.00 0.00 0.00 0.00 0.00 7.76 17.12 27.50 36.37 43.47 47.82 47.62 45.23 32.94 25.12 16.27 4.72 0.00 0.00 0.00 0.00
0.00 0.00 0.00 0.00 0.00 0.00 0.00 0.00 25.27 71.70 126.66 175.24 216.32 242.32 249.70 245.19 206.57 160.10 104.80 42.71 5.66 0.00 0.00 0.00
0.00 0.00 0.00 0.00 0.00 0.00 0.00 0.00 24.03 68.21 120.48 166.69 205.77 230.50 237.52 233.23 196.49 152.29 99.69 40.63 5.39 0.00 0.00 0.00
0.00 0.00 0.00 0.00 0.00 0.00 0.00 0.00 46.22 131.16 231.69 320.55 395.71 443.26 456.76 448.52 377.87 292.86 191.72 78.13 10.36 0.00 0.00 0.00
0.00 0.00 0.00 0.00 0.00 0.00 0.00 0.00 45.45 128.98 227.83 315.21 389.11 435.87 449.15 441.04 371.57 287.98 188.52 76.83 10.19 0.00 0.00 0.00
0.00 0.00 0.00 0.00 0.00 0.00 0.00 0.00 55.80 146.51 251.09 343.38 427.24 477.48 493.46 472.03 414.36 323.41 212.05 94.30 11.18 0.00 0.00 0.00
0.00 0.00 0.00 0.00 0.00 0.00 0.00 0.00 0.92 1.97 2.96 3.90 4.57 4.00 3.98 3.77 3.28 2.49 1.58 0.57 0.00 0.00 0.00 0.00
0.00 0.00 0.00 0.00 0.00 0.00 0.00 0.00 4.65 9.98 15.01 19.78 23.18 20.26 20.18 19.11 16.63 12.61 8.02 2.91 0.00 0.00 0.00 0.00
0.00 0.00 0.00 0.00 0.00 0.00 0.00 0.00 23.75 50.94 76.61 100.99 118.34 103.43 103.04 97.54 84.90 64.38 40.95 14.84 0.00 0.00 0.00 0.00
0.00 0.00 0.00 0.00 0.00 0.00 0.00 0.00 1.73 4.90 8.65 11.97 14.77 16.55 17.05 16.74 14.11 10.93 7.16 2.92 0.39 0.00 0.00 0.00
0.00 0.00 0.00 0.00 0.00 0.00 0.00 0.00 42.90 112.04 190.44 261.41 322.77 363.36 374.99 359.89 314.82 243.72 158.76 67.76 6.50 0.00 0.00 0.00
0.00 0.00 0.00 0.00 0.00 0.00 0.00 0.00 4.07 10.09 16.53 22.58 27.80 31.34 31.49 29.56 23.43 17.71 11.89 4.58 0.00 0.00 0.00 0.00
0.00 0.00 0.00 0.00 0.00 0.00 0.00 0.00 25.50 59.40 97.52 131.96 159.82 168.55 174.12 164.40 132.79 103.68 66.78 23.92 0.52 0.00 0.00 0.00
0.00 0.00 0.00 0.00 0.00 0.00 0.00 0.00 0.72 1.87 3.17 4.36 5.38 6.06 6.25 6.00 5.25 4.06 2.65 1.13 0.11 0.00 0.00 0.00
0.00 0.00 0.00 0.00 0.00 0.00 0.00 0.00 32.18 84.03 142.83 196.06 242.08 272.52 281.25 269.92 236.11 182.79 119.07 50.82 4.87 0.00 0.00 0.00
0.00 0.00 0.00 0.00 0.00 0.00 0.00 0.00 41.29 107.84 183.30 251.61 310.66 349.74 360.93 346.40 303.01 234.58 152.81 65.22 6.25 0.00 0.00 0.00
0.00 0.00 0.00 0.00 0.00 0.00 0.00 0.00 73.59 193.22 331.12 452.84 563.42 629.68 650.75 622.50 546.43 426.50 279.65 124.35 14.75 0.00 0.00 0.00
0.00 0.00 0.00 0.00 0.00 0.00 0.00 0.00 2.22 5.05 8.25 11.12 13.53 13.44 13.54 12.69 8.74 6.59 4.16 1.43 0.00 0.00 0.00 0.00
0.00 0.00 0.00 0.00 0.00 0.00 0.00 0.00 2.81 6.34 10.37 13.99 17.01 16.92 17.00 15.89 11.30 8.52 5.35 1.79 0.00 0.00 0.00 0.00
0.00 0.00 0.00 0.00 0.00 0.00 0.00 0.00 16.78 41.62 68.17 93.16 114.69 129.28 129.91 121.94 96.66 73.04 49.03 18.90 0.00 0.00 0.00 0.00
0.00 0.00 0.00 0.00 0.00 0.00 0.00 0.00 48.24 133.30 222.04 301.21 373.68 419.42 436.18 417.21 361.28 285.76 192.09 96.43 19.25 0.00 0.00 0.00
0.00 0.00 0.00 0.00 0.00 0.00 0.00 0.00 0.75 1.62 2.57 3.45 4.16 4.19 4.23 3.92 2.71 2.04 1.31 0.42 0.00 0.00 0.00 0.00
0.00 0.00 0.00 0.00 0.00 0.00 0.00 0.00 11.53 28.71 47.81 65.01 79.39 89.14 91.02 87.22 77.26 59.41 38.03 17.44 1.20 0.00 0.00 0.00
0.00 0.00 0.00 0.00 0.00 0.00 0.00 0.00 2.67 8.52 15.32 21.53 26.74 25.94 26.55 25.17 22.77 17.74 12.03 4.90 0.87 0.00 0.00 0.00
0.00 0.00 0.00 0.00 0.00 0.00 0.00 0.00 1.87 3.76 5.78 7.44 8.84 9.49 9.68 9.12 7.63 5.68 3.73 1.06 0.00 0.00 0.00 0.00
0.00 0.00 0.00 0.00 0.00 0.00 0.00 0.00 0.94 1.88 2.89 3.72 4.42 4.75 4.84 4.56 3.81 2.84 1.86 0.53 0.00 0.00 0.00 0.00
0.00 0.00 0.00 0.00 0.00 0.00 0.00 0.00 2.05 4.11 6.32 8.14 9.67 10.38 10.59 9.97 8.34 6.21 4.08 1.16 0.00 0.00 0.00 0.00
0.00 0.00 0.00 0.00 0.00 0.00 0.00 0.00 2.43 4.91 7.67 9.92 11.71 12.28 12.33 11.78 9.59 7.20 4.72 1.38 0.00 0.00 0.00 0.00
0.00 0.00 0.00 0.00 0.00 0.00 0.00 0.00 3.71 7.48 11.69 15.12 17.84 18.72 18.79 17.95 14.61 10.97 7.19 2.11 0.00 0.00 0.00 0.00
0.00 0.00 0.00 0.00 0.00 0.00 0.00 0.00 3.15 6.44 10.09 13.25 15.71 16.44 16.62 15.69 12.56 9.47 6.20 2.00 0.00 0.00 0.00 0.00
0.00 0.00 0.00 0.00 0.00 0.00 0.00 0.00 2.27 5.02 8.11 10.78 13.09 14.14 14.48 13.93 11.32 8.54 5.47 1.77 0.00 0.00 0.00 0.00
0.00 0.00 0.00 0.00 0.00 0.00 0.00 0.00 5.87 12.98 20.94 27.86 33.81 36.52 37.40 35.97 29.24 22.07 14.12 4.58 0.00 0.00 0.00 0.00
0.00 0.00 0.00 0.00 0.00 0.00 0.00 0.00 1.48 3.35 5.36 7.27 8.83 8.82 8.92 8.41 6.45 4.93 3.17 1.25 0.00 0.00 0.00 0.00
0.00 0.00 0.00 0.00 0.00 0.00 0.00 0.00 3.58 7.47 11.49 15.36 18.20 17.13 17.33 15.88 12.17 9.05 5.79 1.71 0.00 0.00 0.00 0.00
0.00 0.00 0.00 0.00 0.00 0.00 0.00 0.00 5.08 10.56 16.87 22.24 26.81 31.01 31.07 29.00 22.41 16.89 10.83 2.86 0.00 0.00 0.00 0.00
0.00 0.00 0.00 0.00 0.00 0.00 0.00 0.00 0.95 1.85 2.62 3.28 3.78 2.84 2.83 2.65 2.32 1.69 1.10 0.40 0.00 0.00 0.00 0.00
0.00 0.00 0.00 0.00 0.00 0.00 0.00 0.00 5.18 10.50 15.41 19.88 23.61 15.82 15.70 14.67 15.82 11.56 7.45 2.29 0.00 0.00 0.00 0.00
0.00 0.00 0.00 0.00 0.00 0.00 0.00 0.00 3.56 7.07 10.33 13.16 15.20 9.51 9.44 8.95 10.66 7.93 5.12 1.69 0.00 0.00 0.00 0.00
0.00 0.00 0.00 0.00 0.00 0.00 0.00 0.00 4.92 9.76 14.25 18.16 20.97 13.12 13.03 12.35 14.71 10.94 7.06 2.33 0.00 0.00 0.00 0.00
0.00 0.00 0.00 0.00 0.00 0.00 0.00 0.00 3.35 6.65 9.71 12.37 14.29 8.94 8.87 8.41 10.02 7.45 4.81 1.59 0.00 0.00 0.00 0.00
0.00 0.00 0.00 0.00 0.00 0.00 0.00 0.00 2.76 5.60 8.22 10.60 12.59 8.44 8.37 7.83 8.44 6.16 3.97 1.22 0.00 0.00 0.00 0.00
0.00 0.00 0.00 0.00 0.00 0.00 0.00 0.00 2.67 5.23 6.64 8.59 9.97 6.89 6.81 6.32 8.65 6.40 4.14 1.07 0.00 0.00 0.00 0.00
0.00 0.00 0.00 0.00 0.00 0.00 0.00 0.00 2.63 5.65 8.49 11.19 13.11 11.46 11.42 10.81 9.41 7.13 4.54 1.64 0.00 0.00 0.00 0.00
0.00 0.00 0.00 0.00 0.00 0.00 0.00 0.00 20.64 49.81 83.07 110.78 132.13 145.64 146.85 138.78 109.15 82.90 51.22 17.48 0.00 0.00 0.00 0.00
0.00 0.00 0.00 0.00 0.00 0.00 0.00 0.00 3.53 7.86 12.67 16.93 20.50 21.57 21.91 20.64 14.52 10.83 6.85 2.15 0.00 0.00 0.00 0.00
0.00 0.00 0.00 0.00 0.00 0.00 0.00 0.00 5.53 11.87 18.13 24.28 28.89 27.28 27.26 25.55 16.59 12.27 7.91 2.81 0.00 0.00 0.00 0.00
0.00 0.00 0.00 0.00 0.00 0.00 0.00 0.00 2.53 5.44 8.31 11.13 13.24 12.50 12.49 11.71 7.60 5.62 3.63 1.29 0.00 0.00 0.00 0.00
0.00 0.00 0.00 0.00 0.00 0.00 0.00 0.00 4.36 9.69 15.60 20.76 25.11 26.76 27.28 25.67 18.33 13.72 8.73 2.67 0.00 0.00 0.00 0.00
0.00 0.00 0.00 0.00 0.00 0.00 0.00 0.00 1.83 3.93 6.23 8.38 10.11 10.17 10.26 9.52 6.57 4.96 3.17 1.01 0.00 0.00 0.00 0.00
0.00 0.00 0.00 0.00 0.00 0.00 0.00 0.00 17.37 43.10 70.58 96.45 118.75 133.85 134.50 126.25 100.08 75.62 50.76 19.57 0.00 0.00 0.00 0.00
0.00 0.00 0.00 0.00 0.00 0.00 0.00 0.00 6.10 14.20 23.32 31.56 38.22 40.30 41.64 39.31 31.75 24.79 15.97 5.72 0.12 0.00 0.00 0.00
0.00 0.00 0.00 0.00 0.00 0.00 0.00 0.00 1.37 3.22 5.26 7.06 8.56 9.17 9.46 9.06 6.99 5.34 3.49 1.29 0.03 0.00 0.00 0.00
0.00 0.00 0.00 0.00 0.00 0.00 0.00 0.00 1.72 4.06 6.64 9.06 11.13 12.41 12.40 11.64 9.75 7.36 4.78 2.05 0.01 0.00 0.00 0.00
0.00 0.00 0.00 0.00 0.00 0.00 0.00 0.00 2.75 6.49 10.63 14.50 17.81 19.86 19.84 18.62 15.60 11.78 7.65 3.27 0.02 0.00 0.00 0.00
0.00 0.00 0.00 0.00 0.00 0.00 0.00 0.00 46.99 133.35 235.56 325.90 402.30 450.65 464.38 455.99 384.16 297.74 194.91 79.43 10.53 0.00 0.00 0.00
