0.00 0.00 0.00 0.00 0.00 0.00 0.00 0.00 0.66 1.60 2.65 3.58 4.24 4.70 4.73 4.56 4.09 3.32 2.26 0.94 0.19 0.00 0.00 0.00
0.00 0.00 0.00 0.00 0.00 0.00 0.00 0.00 11.68 24.62 37.27 47.83 55.99 52.03 51.55 47.93 52.53 39.97 26.01 9.54 0.00 0.00 0.00 0.00
0.00 0.00 0.00 0.00 0.00 0.00 0.00 0.00 15.00 36.67 60.68 81.95 96.97 107.55 108.17 104.25 93.57 75.85 51.74 21.49 4.37 0.00 0.00 0.00
0.00 0.00 0.00 0.00 0.00 0.00 0.00 0.00 53.32 130.32 215.66 291.24 344.64 382.22 384.42 370.49 332.54 269.55 183.89 76.39 15.52 0.00 0.00 0.00
0.00 0.00 0.00 0.00 0.00 0.00 0.00 0.14 3.09 5.85 8.56 10.84 12.28 10.10 9.82 9.00 7.81 5.93 3.65 0.87 0.00 0.00 0.00 0.00
0.00 0.00 0.00 0.00 0.00 0.00 0.00 0.00 101.52 267.62 461.23 628.45 761.51 835.04 866.41 861.12 791.60 639.33 431.34 192.37 44.14 0.00 0.00 0.00
0.00 0.00 0.00 0.00 0.00 0.00 0.00 0.00 1.77 3.48 5.60 7.32 8.51 9.10 8.97 8.38 7.25 5.49 3.48 1.09 0.00 0.00 0.00 0.00
0.00 0.00 0.00 0.00 0.00 0.00 0.00 0.00 0.91 1.90 2.64 3.47 4.05 3.65 3.54 3.36 3.47 2.66 1.72 0.62 0.00 0.00 0.00 0.00
0.00 0.00 0.00 0.00 0.00 0.00 0.00 0.00 1.46 3.03 4.23 5.56 6.49 5.84 5.67 5.37 5.55 4.25 2.75 0.99 0.00 0.00 0.00 0.00
0.00 0.00 0.00 0.00 0.00 0.00 0.00 0.00 1.46 3.03 4.23 5.56 6.49 5.84 5.67 5.37 5.55 4.25 2.75 0.99 0.00 0.00 0.00 0.00
0.00 0.00 0.00 0.00 0.00 0.00 0.00 0.00 3.36 7.17 11.58 15.55 18.13 17.50 17.47 16.45 13.57 10.50 6.55 2.48 0.01 0.00 0.00 0.00
0.00 0.00 0.00 0.00 0.00 0.00 0.00 0.00 1.57 3.34 5.29 7.11 8.27 7.29 7.27 6.80 6.05 4.70 2.92 1.14 0.00 0.00 0.00 0.00
0.00 0.00 0.00 0.00 0.00 0.00 0.00 0.00 2.02 4.30 6.80 9.15 10.64 9.37 9.35 8.74 7.77 6.04 3.76 1.47 0.00 0.00 0.00 0.00
0.00 0.00 0.00 0.00 0.00 0.00 0.00 0.00 1.34 2.87 4.53 6.10 7.09 6.25 6.23 5.83 5.18 4.02 2.51 0.98 0.00 0.00 0.00 0.00
0.00 0.00 0.00 0.00 0.00 0.00 0.00 0.00 1.34 2.87 4.53 6.10 7.09 6.25 6.23 5.83 5.18 4.02 2.51 0.98 0.00 0.00 0.00 0.00
0.00 0.00 0.00 0.00 0.00 0.00 0.00 0.00 16.73 38.80 62.68 83.72 98.03 84.84 84.50 79.38 61.40 46.99 30.37 11.73 0.08 0.00 0.00 0.00
0.00 0.00 0.00 0.00 0.00 0.00 0.00 0.00 10.41 21.86 35.05 47.14 55.03 57.92 57.76 53.48 40.49 31.29 19.80 7.14 0.00 0.00 0.00 0.00
0.00 0.00 0.00 0.00 0.00 0.00 0.00 0.00 8.86 18.74 30.34 40.80 47.07 50.71 50.41 47.17 40.20 31.21 19.76 6.59 0.13 0.00 0.00 0.00
0.00 0.00 0.00 0.00 0.00 0.00 0.00 0.00 29.95 78.94 136.05 185.37 224.62 246.31 255.56 254.00 233.49 188.58 127.23 56.74 13.02 0.00 0.00 0.00
0.00 0.00 0.00 0.00 0.00 0.00 0.00 0.00 28.49 75.09 129.41 176.33 213.66 234.29 243.09 241.61 222.10 179.38 121.02 53.98 12.38 0.00 0.00 0.00
0.00 0.00 0.00 0.00 0.00 0.00 0.00 0.00 54.78 144.40 248.87 339.09 410.89 450.56 467.49 464.63 427.12 344.96 232.74 103.80 23.81 0.00 0.00 0.00
0.00 0.00 0.00 0.00 0.00 0.00 0.00 0.00 53.87 141.99 244.72 333.44 404.04 443.05 459.70 456.89 420.01 339.21 228.86 102.07 23.42 0.00 0.00 0.00
0.00 0.00 0.00 0.00 0.00 0.00 0.00 0.00 68.92 168.66 276.16 378.63 458.96 511.03 525.39 502.71 454.23 356.71 241.74 104.03 23.26 0.00 0.00 0.00
0.00 0.00 0.00 0.00 0.00 0.00 0.00 0.00 0.91 1.90 2.64 3.47 4.05 3.65 3.54 3.36 3.47 2.66 1.72 0.62 0.00 0.00 0.00 0.00
0.00 0.00 0.00 0.00 0.00 0.00 0.00 0.00 4.63 9.60 13.40 17.59 20.54 18.49 17.95 17.00 17.57 13.47 8.70 3.14 0.00 0.00 0.00 0.00
0.00 0.00 0.00 0.00 0.00 0.00 0.00 0.00 23.65 49.02 68.40 89.81 104.87 94.39 91.64 86.79 89.69 68.76 44.41 16.01 0.00 0.00 0.00 0.00
0.00 0.00 0.00 0.00 0.00 0.00 0.00 0.00 2.05 5.39 9.29 12.66 15.34 16.82 17.45 17.35 15.95 12.88 8.69 3.88 0.89 0.00 0.00 0.00
0.00 0.00 0.00 0.00 0.00 0.00 0.00 0.00 52.49 128.29 212.30 286.70 339.27 376.26 378.43 364.72 327.36 265.35 181.02 75.20 15.28 0.00 0.00 0.00
0.00 0.00 0.00 0.00 0.00 0.00 0.00 0.00 4.39 10.34 17.46 24.07 28.82 31.10 30.81 28.92 23.21 18.21 11.92 4.59 0.50 0.00 0.00 0.00
0.00 0.00 0.00 0.00 0.00 0.00 0.00 0.00 29.20 64.34 107.75 147.09 174.79 190.68 191.91 181.20 159.03 126.05 84.74 32.50 4.81 0.00 0.00 0.00
0.00 0.00 0.00 0.00 0.00 0.00 0.00 0.00 0.87 2.14 3.54 4.78 5.65 6.27 6.31 6.08 5.46 4.42 3.02 1.25 0.25 0.00 0.00 0.00
0.00 0.00 0.00 0.00 0.00 0.00 0.00 0.00 39.37 96.22 159.23 215.03 254.45 282.20 283.82 273.54 245.52 199.01 135.77 56.40 11.46 0.00 0.00 0.00
0.00 0.00 0.00 0.00 0.00 0.00 0.00 0.00 50.52 123.48 204.34 275.95 326.55 362.15 364.24 351.04 315.08 255.40 174.23 72.38 14.71 0.00 0.00 0.00
0.00 0.00 0.00 0.00 0.00 0.00 0.00 0.00 90.89 222.42 364.18 499.32 605.25 673.93 692.85 662.95 599.01 470.41 318.79 137.19 30.67 0.00 0.00 0.00
0.00 0.00 0.00 0.00 0.00 0.00 0.00 0.00 2.31 5.04 8.31 11.23 13.10 10.85 10.83 10.08 9.07 6.79 4.45 1.79 0.02 0.00 0.00 0.00
0.00 0.00 0.00 0.00 0.00 0.00 0.00 0.00 2.94 6.39 10.43 14.07 16.43 13.51 13.50 12.58 11.53 8.67 5.59 2.23 0.02 0.00 0.00 0.00
0.00 0.00 0.00 0.00 0.00 0.00 0.00 0.00 18.11 42.64 72.02 99.28 118.86 128.30 127.08 119.29 95.75 75.13 49.16 18.94 2.06 0.00 0.00 0.00
0.00 0.00 0.00 0.00 0.00 0.00 0.00 0.00 62.35 157.70 266.34 369.85 451.35 499.81 506.61 474.09 438.73 350.64 240.60 116.92 34.38 0.00 0.00 0.00
0.00 0.00 0.00 0.00 0.00 0.00 0.00 0.00 0.84 1.73 2.79 3.72 4.29 4.59 4.59 4.29 3.33 2.50 1.62 0.54 0.00 0.00 0.00 0.00
0.00 0.00 0.00 0.00 0.00 0.00 0.00 0.00 13.87 32.48 53.12 72.36 87.35 95.94 97.08 92.67 81.53 63.94 43.58 17.73 3.23 0.00 0.00 0.00
0.00 0.00 0.00 0.00 0.00 0.00 0.00 0.00 3.16 9.22 16.30 22.88 27.65 31.06 31.72 30.74 28.60 22.26 15.59 7.54 2.00 0.00 0.00 0.00
0.00 0.00 0.00 0.00 0.00 0.00 0.00 0.01 2.12 4.10 6.40 8.37 9.66 10.24 10.17 9.51 8.14 6.23 3.89 1.17 0.00 0.00 0.00 0.00
0.00 0.00 0.00 0.00 0.00 0.00 0.00 0.00 1.06 2.05 3.20 4.18 4.83 5.12 5.08 4.76 4.07 3.11 1.95 0.59 0.00 0.00 0.00 0.00
0.00 0.00 0.00 0.00 0.00 0.00 0.00 0.01 2.32 4.49 7.00 9.15 10.57 11.20 11.12 10.41 8.91 6.81 4.26 1.28 0.00 0.00 0.00 0.00
0.00 0.00 0.00 0.00 0.00 0.00 0.00 0.00 2.77 5.40 8.50 11.05 12.91 13.77 13.49 12.67 10.98 8.30 5.19 1.54 0.00 0.00 0.00 0.00
0.00 0.00 0.00 0.00 0.00 0.00 0.00 0.00 4.23 8.23 12.95 16.84 19.67 20.98 20.56 19.31 16.74 12.65 7.90 2.35 0.00 0.00 0.00 0.00
0.00 0.00 0.00 0.00 0.00 0.00 0.00 0.00 3.62 7.13 11.42 14.77 17.23 18.34 17.98 16.89 14.73 11.25 7.20 2.30 0.00 0.00 0.00 0.00
0.00 0.00 0.00 0.00 0.00 0.00 0.00 0.00 2.60 5.46 8.76 11.96 14.14 15.06 15.20 14.47 12.77 9.92 6.49 2.38 0.26 0.00 0.00 0.00
0.00 0.00 0.00 0.00 0.00 0.00 0.00 0.00 6.71 14.10 22.64 30.89 36.52 38.90 39.27 37.38 32.99 25.62 16.76 6.15 0.67 0.00 0.00 0.00
0.00 0.00 0.00 0.00 0.00 0.00 0.00 0.00 1.69 3.64 5.85 7.99 9.52 10.25 10.17 9.50 8.29 6.43 4.32 1.64 0.19 0.00 0.00 0.00
0.00 0.00 0.00 0.00 0.00 0.00 0.00 0.00 3.93 7.92 12.36 16.30 18.76 20.06 19.95 18.26 13.96 10.54 6.59 2.10 0.00 0.00 0.00 0.00
0.00 0.00 0.00 0.00 0.00 0.00 0.00 0.00 6.57 13.12 20.96 27.78 32.17 34.00 34.26 31.96 27.58 20.91 13.11 3.94 0.00 0.00 0.00 0.00
0.00 0.00 0.00 0.00 0.00 0.00 0.00 0.04 0.97 1.84 2.80 3.55 4.00 3.58 3.43 3.18 2.45 1.86 1.14 0.37 0.00 0.00 0.00 0.00
0.00 0.00 0.00 0.00 0.00 0.00 0.00 0.00 5.27 10.36 15.66 19.91 22.36 20.13 19.37 18.07 12.10 9.18 5.79 2.08 0.00 0.00 0.00 0.00
0.00 0.00 0.00 0.00 0.00 0.00 0.00 0.03 3.54 6.83 10.66 13.48 15.07 13.50 12.82 12.13 8.61 6.50 4.11 1.33 0.00 0.00 0.00 0.00
0.00 0.00 0.00 0.00 0.00 0.00 0.00 0.04 4.89 9.43 14.71 18.61 20.80 18.63 17.70 16.74 11.88 8.97 5.67 1.83 0.00 0.00 0.00 0.00
0.00 0.00 0.00 0.00 0.00 0.00 0.00 0.02 3.33 6.42 10.02 12.67 14.17 12.69 12.05 11.40 8.09 6.11 3.86 1.25 0.00 0.00 0.00 0.00
0.00 0.00 0.00 0.00 0.00 0.00 0.00 0.00 2.81 5.53 8.35 10.62 11.93 10.74 10.33 9.64 6.45 4.89 3.09 1.11 0.00 0.00 0.00 0.00
0.00 0.00 0.00 0.00 0.00 0.00 0.00 0.09 2.74 5.22 7.70 9.73 11.00 9.15 9.01 8.36 7.14 5.43 3.34 0.90 0.00 0.00 0.00 0.00
0.00 0.00 0.00 0.00 0.00 0.00 0.00 0.00 2.62 5.43 7.58 9.95 11.62 10.46 10.16 9.62 9.94 7.62 4.92 1.77 0.00 0.00 0.00 0.00
0.00 0.00 0.00 0.00 0.00 0.00 0.00 0.00 21.77 50.50 81.59 108.96 127.60 110.42 109.98 103.32 79.92 61.16 39.52 15.26 0.11 0.00 0.00 0.00
0.00 0.00 0.00 0.00 0.00 0.00 0.00 0.00 3.81 8.13 13.12 17.62 20.55 19.83 19.80 18.64 15.38 11.89 7.42 2.82 0.01 0.00 0.00 0.00
0.00 0.00 0.00 0.00 0.00 0.00 0.00 0.00 5.71 11.81 18.11 24.23 28.46 25.88 25.79 23.83 20.52 15.46 9.81 3.63 0.00 0.00 0.00 0.00
0.00 0.00 0.00 0.00 0.00 0.00 0.00 0.00 2.62 5.41 8.30 11.10 13.04 11.86 11.82 10.92 9.41 7.08 4.50 1.66 0.00 0.00 0.00 0.00
0.00 0.00 0.00 0.00 0.00 0.00 0.00 0.00 4.74 10.10 16.40 21.96 25.65 26.05 25.98 24.43 19.45 15.02 9.40 3.50 0.01 0.00 0.00 0.00
0.00 0.00 0.00 0.00 0.00 0.00 0.00 0.00 2.04 4.21 6.77 9.03 10.43 11.14 11.16 10.41 8.09 6.06 3.94 1.32 0.00 0.00 0.00 0.00
0.00 0.00 0.00 0.00 0.00 0.00 0.00 0.00 18.75 44.15 74.57 102.79 123.07 132.84 131.57 123.51 99.13 77.79 50.90 19.61 2.13 0.00 0.00 0.00
0.00 0.00 0.00 0.00 0.00 0.00 0.00 0.00 6.98 15.39 25.77 35.17 41.80 45.60 45.89 43.33 38.03 30.14 20.26 7.77 1.15 0.00 0.00 0.00
0.00 0.00 0.00 0.00 0.00 0.00 0.00 0.00 1.59 3.54 5.76 7.81 9.48 10.35 10.22 9.62 8.50 6.72 4.53 1.73 0.25 0.00 0.00 0.00
0.00 0.00 0.00 0.00 0.00 0.00 0.00 0.00 2.03 4.53 7.48 10.01 11.67 12.60 12.72 12.17 10.65 8.43 5.64 2.12 0.28 0.00 0.00 0.00
0.00 0.00 0.00 0.00 0.00 0.00 0.00 0.00 3.24 7.24 11.97 16.02 18.67 20.16 20.35 19.47 17.03 13.49 9.03 3.40 0.45 0.00 0.00 0.00
0.00 0.00 0.00 0.00 0.00 0.00 0.00 0.00 55.69 146.80 253.01 344.74 417.74 458.07 475.28 472.38 434.24 350.71 236.62 105.53 24.21 0.00 0.00 0.00
