0.00 0.00 0.00 0.00 0.00 0.00 0.00 0.00 0.00 0.16 1.28 2.10 2.82 3.04 3.15 2.84 1.87 1.29 0.55 0.00 0.00 0.00 0.00 0.00
0.00 0.00 0.00 0.00 0.00 0.00 0.00 0.00 0.00 4.41 9.90 14.94 18.87 24.69 25.51 22.69 19.73 13.11 5.00 0.00 0.00 0.00 0.00 0.00
0.00 0.00 0.00 0.00 0.00 0.00 0.00 0.00 0.00 3.62 29.20 48.06 64.38 69.58 71.99 64.94 42.82 29.45 12.52 0.00 0.00 0.00 0.00 0.00
0.00 0.00 0.00 0.00 0.00 0.00 0.00 0.00 0.00 12.85 103.77 170.79 228.80 247.30 255.83 230.80 152.19 104.67 44.49 0.00 0.00 0.00 0.00 0.00
0.00 0.00 0.00 0.00 0.00 0.00 0.00 0.00 0.00 0.77 3.32 4.90 6.01 9.09 8.98 7.73 6.04 3.76 1.00 0.00 0.00 0.00 0.00 0.00
0.00 0.00 0.00 0.00 0.00 0.00 0.00 0.00 0.00 29.71 227.04 377.81 507.92 500.06 525.67 485.51 351.64 242.62 111.86 0.00 0.00 0.00 0.00 0.00
0.00 0.00 0.00 0.00 0.00 0.00 0.00 0.00 0.00 0.57 2.42 3.65 4.66 5.51 5.49 4.87 3.71 2.32 0.61 0.00 0.00 0.00 0.00 0.00
0.00 0.00 0.00 0.00 0.00 0.00 0.00 0.00 0.00 0.25 1.02 1.54 1.94 1.61 1.64 1.46 0.72 0.48 0.17 0.00 0.00 0.00 0.00 0.00
0.00 0.00 0.00 0.00 0.00 0.00 0.00 0.00 0.00 0.40 1.64 2.47 3.11 2.58 2.63 2.34 1.16 0.76 0.28 0.00 0.00 0.00 0.00 0.00
0.00 0.00 0.00 0.00 0.00 0.00 0.00 0.00 0.00 0.40 1.64 2.47 3.11 2.58 2.63 2.34 1.16 0.76 0.28 0.00 0.00 0.00 0.00 0.00
0.00 0.00 0.00 0.00 0.00 0.00 0.00 0.00 0.00 0.98 3.76 5.64 7.31 6.53 6.59 5.89 3.58 2.37 0.88 0.00 0.00 0.00 0.00 0.00
0.00 0.00 0.00 0.00 0.00 0.00 0.00 0.00 0.00 0.49 1.70 2.55 3.30 2.75 2.79 2.50 1.46 0.97 0.36 0.00 0.00 0.00 0.00 0.00
0.00 0.00 0.00 0.00 0.00 0.00 0.00 0.00 0.00 0.63 2.19 3.28 4.25 3.54 3.59 3.21 1.88 1.25 0.46 0.00 0.00 0.00 0.00 0.00
0.00 0.00 0.00 0.00 0.00 0.00 0.00 0.00 0.00 0.42 1.46 2.19 2.83 2.36 2.39 2.14 1.26 0.83 0.31 0.00 0.00 0.00 0.00 0.00
0.00 0.00 0.00 0.00 0.00 0.00 0.00 0.00 0.00 0.42 1.46 2.19 2.83 2.36 2.39 2.14 1.26 0.83 0.31 0.00 0.00 0.00 0.00 0.00
0.00 0.00 0.00 0.00 0.00 0.00 0.00 0.00 0.00 4.71 13.50 20.97 27.41 27.91 29.78 27.10 28.94 19.05 8.45 0.00 0.00 0.00 0.00 0.00
0.00 0.00 0.00 0.00 0.00 0.00 0.00 0.00 0.00 3.17 12.67 18.97 24.89 25.91 25.89 22.74 14.27 9.37 3.35 0.00 0.00 0.00 0.00 0.00
0.00 0.00 0.00 0.00 0.00 0.00 0.00 0.00 0.00 2.31 10.19 15.43 19.60 21.92 22.34 19.51 13.44 8.83 3.16 0.00 0.00 0.00 0.00 0.00
0.00 0.00 0.00 0.00 0.00 0.00 0.00 0.00 0.00 8.76 66.97 111.44 149.82 147.50 155.05 143.21 103.72 71.56 32.99 0.00 0.00 0.00 0.00 0.00
0.00 0.00 0.00 0.00 0.00 0.00 0.00 0.00 0.00 8.33 63.70 106.00 142.51 140.30 147.49 136.22 98.66 68.07 31.38 0.00 0.00 0.00 0.00 0.00
0.00 0.00 0.00 0.00 0.00 0.00 0.00 0.00 0.00 16.03 122.50 203.86 274.06 269.81 283.63 261.97 189.73 130.91 60.36 0.00 0.00 0.00 0.00 0.00
0.00 0.00 0.00 0.00 0.00 0.00 0.00 0.00 0.00 15.76 120.46 200.46 269.49 265.32 278.91 257.60 186.57 128.73 59.35 0.00 0.00 0.00 0.00 0.00
0.00 0.00 0.00 0.00 0.00 0.00 0.00 0.00 0.00 14.82 126.52 212.08 286.72 336.95 352.27 316.31 226.17 155.12 64.91 0.00 0.00 0.00 0.00 0.00
0.00 0.00 0.00 0.00 0.00 0.00 0.00 0.00 0.00 0.25 1.02 1.54 1.94 1.61 1.64 1.46 0.72 0.48 0.17 0.00 0.00 0.00 0.00 0.00
0.00 0.00 0.00 0.00 0.00 0.00 0.00 0.00 0.00 1.26 5.18 7.81 9.84 8.17 8.32 7.40 3.66 2.42 0.88 0.00 0.00 0.00 0.00 0.00
0.00 0.00 0.00 0.00 0.00 0.00 0.00 0.00 0.00 6.44 26.45 39.90 50.26 41.70 42.48 37.79 18.68 12.36 4.49 0.00 0.00 0.00 0.00 0.00
0.00 0.00 0.00 0.00 0.00 0.00 0.00 0.00 0.00 0.60 4.57 7.61 10.23 10.07 10.59 9.78 7.08 4.89 2.25 0.00 0.00 0.00 0.00 0.00
0.00 0.00 0.00 0.00 0.00 0.00 0.00 0.00 0.00 12.65 102.15 168.12 225.23 243.44 251.84 227.20 149.82 103.04 43.80 0.00 0.00 0.00 0.00 0.00
0.00 0.00 0.00 0.00 0.00 0.00 0.00 0.00 0.00 0.65 3.68 5.72 7.41 6.33 6.64 6.00 5.23 3.58 1.53 0.00 0.00 0.00 0.00 0.00
0.00 0.00 0.00 0.00 0.00 0.00 0.00 0.00 0.00 9.67 47.02 75.81 100.17 127.04 128.90 116.02 88.57 58.65 20.97 0.00 0.00 0.00 0.00 0.00
0.00 0.00 0.00 0.00 0.00 0.00 0.00 0.00 0.00 0.21 1.70 2.80 3.75 4.06 4.20 3.79 2.50 1.72 0.73 0.00 0.00 0.00 0.00 0.00
0.00 0.00 0.00 0.00 0.00 0.00 0.00 0.00 0.00 9.49 76.61 126.09 168.92 182.58 188.88 170.40 112.36 77.28 32.85 0.00 0.00 0.00 0.00 0.00
0.00 0.00 0.00 0.00 0.00 0.00 0.00 0.00 0.00 12.18 98.32 161.82 216.78 234.31 242.40 218.68 144.20 99.17 42.16 0.00 0.00 0.00 0.00 0.00
0.00 0.00 0.00 0.00 0.00 0.00 0.00 0.00 0.00 19.54 166.84 279.68 378.11 444.35 464.56 417.14 298.26 204.57 85.60 0.00 0.00 0.00 0.00 0.00
0.00 0.00 0.00 0.00 0.00 0.00 0.00 0.00 0.00 0.69 2.16 3.24 4.19 3.21 3.31 3.01 1.98 1.32 0.52 0.00 0.00 0.00 0.00 0.00
0.00 0.00 0.00 0.00 0.00 0.00 0.00 0.00 0.00 0.86 2.85 4.29 5.55 4.21 4.37 3.94 2.48 1.66 0.64 0.00 0.00 0.00 0.00 0.00
0.00 0.00 0.00 0.00 0.00 0.00 0.00 0.00 0.00 2.68 15.16 23.61 30.57 26.12 27.40 24.76 21.57 14.75 6.30 0.00 0.00 0.00 0.00 0.00
0.00 0.00 0.00 0.00 0.00 0.00 0.00 0.00 0.00 0.67 111.14 201.21 277.58 328.36 337.51 301.60 240.49 165.29 67.85 0.00 0.00 0.00 0.00 0.00
0.00 0.00 0.00 0.00 0.00 0.00 0.00 0.00 0.00 0.27 1.08 1.61 2.08 2.27 2.30 2.02 1.25 0.81 0.28 0.00 0.00 0.00 0.00 0.00
0.00 0.00 0.00 0.00 0.00 0.00 0.00 0.00 0.00 3.11 23.53 38.47 51.78 64.65 66.39 59.48 42.80 28.99 11.58 0.00 0.00 0.00 0.00 0.00
0.00 0.00 0.00 0.00 0.00 0.00 0.00 0.00 0.00 0.71 6.93 11.76 16.11 17.19 18.15 16.93 12.17 8.31 4.12 0.00 0.00 0.00 0.00 0.00
0.00 0.00 0.00 0.00 0.00 0.00 0.00 0.00 0.00 0.68 2.96 4.44 5.58 6.18 6.22 5.37 4.45 2.75 0.67 0.00 0.00 0.00 0.00 0.00
0.00 0.00 0.00 0.00 0.00 0.00 0.00 0.00 0.00 0.34 1.48 2.22 2.79 3.09 3.11 2.68 2.22 1.37 0.34 0.00 0.00 0.00 0.00 0.00
0.00 0.00 0.00 0.00 0.00 0.00 0.00 0.00 0.00 0.75 3.24 4.86 6.11 6.76 6.80 5.87 4.86 3.00 0.73 0.00 0.00 0.00 0.00 0.00
0.00 0.00 0.00 0.00 0.00 0.00 0.00 0.00 0.00 0.91 3.17 4.75 6.00 8.55 8.63 7.53 5.66 3.52 0.91 0.00 0.00 0.00 0.00 0.00
0.00 0.00 0.00 0.00 0.00 0.00 0.00 0.00 0.00 1.39 4.83 7.23 9.14 13.03 13.15 11.48 8.62 5.36 1.38 0.00 0.00 0.00 0.00 0.00
0.00 0.00 0.00 0.00 0.00 0.00 0.00 0.00 0.00 1.26 4.55 6.88 8.79 11.54 11.48 10.25 7.49 4.69 1.26 0.00 0.00 0.00 0.00 0.00
0.00 0.00 0.00 0.00 0.00 0.00 0.00 0.00 0.00 0.90 4.26 6.77 8.82 10.36 10.36 9.19 6.86 4.43 1.40 0.00 0.00 0.00 0.00 0.00
0.00 0.00 0.00 0.00 0.00 0.00 0.00 0.00 0.00 2.32 11.01 17.48 22.79 26.75 26.75 23.73 17.72 11.44 3.61 0.00 0.00 0.00 0.00 0.00
0.00 0.00 0.00 0.00 0.00 0.00 0.00 0.00 0.00 0.54 2.12 3.36 4.51 6.93 7.04 6.15 4.82 3.15 1.08 0.00 0.00 0.00 0.00 0.00
0.00 0.00 0.00 0.00 0.00 0.00 0.00 0.00 0.00 1.07 5.51 8.15 10.29 12.10 12.43 10.72 7.69 4.94 1.59 0.00 0.00 0.00 0.00 0.00
0.00 0.00 0.00 0.00 0.00 0.00 0.00 0.00 0.00 1.42 8.77 13.08 16.58 20.58 20.69 18.35 14.78 9.41 2.82 0.00 0.00 0.00 0.00 0.00
0.00 0.00 0.00 0.00 0.00 0.00 0.00 0.00 0.00 0.25 1.23 1.79 2.18 2.81 2.85 2.48 2.01 1.25 0.33 0.00 0.00 0.00 0.00 0.00
0.00 0.00 0.00 0.00 0.00 0.00 0.00 0.00 0.00 1.06 7.18 10.70 13.10 16.05 16.37 14.49 9.97 6.36 1.96 0.00 0.00 0.00 0.00 0.00
0.00 0.00 0.00 0.00 0.00 0.00 0.00 0.00 0.00 0.69 4.54 6.81 8.41 10.85 10.94 9.62 7.56 4.76 1.37 0.00 0.00 0.00 0.00 0.00
0.00 0.00 0.00 0.00 0.00 0.00 0.00 0.00 0.00 0.95 6.27 9.40 11.61 14.97 15.10 13.28 10.43 6.57 1.89 0.00 0.00 0.00 0.00 0.00
0.00 0.00 0.00 0.00 0.00 0.00 0.00 0.00 0.00 0.65 4.27 6.40 7.91 10.20 10.28 9.05 7.10 4.48 1.29 0.00 0.00 0.00 0.00 0.00
0.00 0.00 0.00 0.00 0.00 0.00 0.00 0.00 0.00 0.57 3.83 5.71 6.99 8.56 8.73 7.73 5.32 3.39 1.05 0.00 0.00 0.00 0.00 0.00
0.00 0.00 0.00 0.00 0.00 0.00 0.00 0.00 0.00 0.65 3.03 4.44 5.54 8.29 8.22 7.10 5.58 3.49 0.96 0.00 0.00 0.00 0.00 0.00
0.00 0.00 0.00 0.00 0.00 0.00 0.00 0.00 0.00 0.71 2.93 4.42 5.57 4.62 4.71 4.19 2.07 1.37 0.50 0.00 0.00 0.00 0.00 0.00
0.00 0.00 0.00 0.00 0.00 0.00 0.00 0.00 0.00 6.13 17.57 27.29 35.68 36.32 38.76 35.28 37.66 24.79 11.00 0.00 0.00 0.00 0.00 0.00
0.00 0.00 0.00 0.00 0.00 0.00 0.00 0.00 0.00 1.11 4.26 6.40 8.29 7.40 7.47 6.67 4.06 2.68 1.00 0.00 0.00 0.00 0.00 0.00
0.00 0.00 0.00 0.00 0.00 0.00 0.00 0.00 0.00 1.93 7.55 11.23 14.66 13.28 13.24 11.70 5.93 3.88 1.36 0.00 0.00 0.00 0.00 0.00
0.00 0.00 0.00 0.00 0.00 0.00 0.00 0.00 0.00 0.88 3.46 5.15 6.72 6.09 6.07 5.36 2.72 1.78 0.62 0.00 0.00 0.00 0.00 0.00
0.00 0.00 0.00 0.00 0.00 0.00 0.00 0.00 0.00 1.34 5.51 8.27 10.68 10.03 10.14 8.97 5.65 3.74 1.38 0.00 0.00 0.00 0.00 0.00
0.00 0.00 0.00 0.00 0.00 0.00 0.00 0.00 0.00 0.65 2.63 3.92 5.05 5.52 5.59 4.91 3.03 1.98 0.68 0.00 0.00 0.00 0.00 0.00
0.00 0.00 0.00 0.00 0.00 0.00 0.00 0.00 0.00 2.77 15.70 24.45 31.66 27.04 28.36 25.64 22.33 15.27 6.52 0.00 0.00 0.00 0.00 0.00
0.00 0.00 0.00 0.00 0.00 0.00 0.00 0.00 0.00 2.31 11.24 18.13 23.95 30.38 30.82 27.74 21.18 14.02 5.01 0.00 0.00 0.00 0.00 0.00
0.00 0.00 0.00 0.00 0.00 0.00 0.00 0.00 0.00 0.41 2.24 3.61 4.83 6.94 6.92 6.29 4.83 3.21 1.18 0.00 0.00 0.00 0.00 0.00
0.00 0.00 0.00 0.00 0.00 0.00 0.00 0.00 0.00 0.40 2.81 4.47 5.84 8.15 8.29 7.49 5.04 3.36 1.26 0.00 0.00 0.00 0.00 0.00
0.00 0.00 0.00 0.00 0.00 0.00 0.00 0.00 0.00 0.64 4.50 7.16 9.35 13.04 13.27 11.99 8.06 5.38 2.02 0.00 0.00 0.00 0.00 0.00
0.00 0.00 0.00 0.00 0.00 0.00 0.00 0.00 0.00 16.30 124.55 207.25 278.63 274.31 288.36 266.33 192.89 133.09 61.36 0.00 0.00 0.00 0.00 0.00
