0.00 0.00 0.00 0.00 0.00 0.00 0.00 0.02 0.96 1.86 2.55 3.36 3.93 3.80 3.92 3.78 4.36 3.59 2.56 1.49 0.64 0.00 0.00 0.00
0.00 0.00 0.00 0.00 0.00 0.00 0.00 2.55 19.73 36.11 54.68 71.02 82.38 92.64 94.23 89.65 75.10 59.29 40.04 17.43 4.44 0.00 0.00 0.00
0.00 0.00 0.00 0.00 0.00 0.00 0.00 0.56 21.88 42.59 58.36 76.84 89.85 87.00 89.67 86.39 99.69 81.98 58.52 33.97 14.69 0.00 0.00 0.00
0.00 0.00 0.00 0.00 0.00 0.00 0.00 2.00 77.77 151.35 207.42 273.09 319.31 309.18 318.69 307.03 354.28 291.34 207.99 120.71 52.20 0.00 0.00 0.00
0.00 0.00 0.00 0.00 0.00 0.00 0.00 1.06 3.94 6.64 9.69 12.17 13.82 15.83 15.87 14.94 13.00 10.14 6.64 2.70 0.53 0.00 0.00 0.00
0.00 0.00 0.00 0.00 0.00 0.00 0.00 0.00 140.89 288.03 460.45 607.93 711.39 859.45 887.17 874.51 735.97 607.90 443.53 294.95 130.04 0.00 0.00 0.00
0.00 0.00 0.00 0.00 0.00 0.00 0.00 0.64 2.47 4.21 6.22 7.86 9.02 8.59 8.58 8.22 7.31 5.87 4.04 2.21 0.73 0.00 0.00 0.00
0.00 0.00 0.00 0.00 0.00 0.00 0.00 0.18 1.15 2.07 3.18 4.16 4.83 5.77 5.81 5.50 4.84 3.89 2.62 1.17 0.32 0.00 0.00 0.00
0.00 0.00 0.00 0.00 0.00 0.00 0.00 0.29 1.84 3.31 5.08 6.65 7.72 9.23 9.30 8.81 7.74 6.22 4.20 1.86 0.51 0.00 0.00 0.00
0.00 0.00 0.00 0.00 0.00 0.00 0.00 0.29 1.84 3.31 5.08 6.65 7.72 9.23 9.30 8.81 7.74 6.22 4.20 1.86 0.51 0.00 0.00 0.00
0.00 0.00 0.00 0.00 0.00 0.00 0.00 0.59 4.34 7.93 12.37 16.49 19.21 21.14 21.36 20.27 18.05 14.29 9.75 5.02 1.61 0.00 0.00 0.00
0.00 0.00 0.00 0.00 0.00 0.00 0.00 0.28 2.04 3.72 5.90 7.80 9.09 9.93 10.10 9.59 8.56 6.79 4.60 2.35 0.74 0.00 0.00 0.00
0.00 0.00 0.00 0.00 0.00 0.00 0.00 0.36 2.62 4.78 7.58 10.03 11.68 12.77 12.99 12.33 11.00 8.72 5.91 3.02 0.95 0.00 0.00 0.00
0.00 0.00 0.00 0.00 0.00 0.00 0.00 0.24 1.75 3.19 5.05 6.69 7.79 8.51 8.66 8.22 7.34 5.82 3.94 2.01 0.64 0.00 0.00 0.00
0.00 0.00 0.00 0.00 0.00 0.00 0.00 0.24 1.75 3.19 5.05 6.69 7.79 8.51 8.66 8.22 7.34 5.82 3.94 2.01 0.64 0.00 0.00 0.00
0.00 0.00 0.00 0.00 0.00 0.00 0.00 0.00 21.31 41.78 66.62 86.75 101.06 114.25 116.03 110.59 102.73 80.01 55.25 26.81 7.99 0.00 0.00 0.00
0.00 0.00 0.00 0.00 0.00 0.00 0.00 2.14 13.58 24.46 37.36 49.39 58.08 64.44 63.94 59.80 53.97 42.85 29.33 14.73 4.65 0.00 0.00 0.00
0.00 0.00 0.00 0.00 0.00 0.00 0.00 1.88 11.98 21.61 32.34 42.27 49.67 53.72 53.36 49.61 45.73 36.52 24.92 12.82 4.30 0.00 0.00 0.00
0.00 0.00 0.00 0.00 0.00 0.00 0.00 0.00 41.56 84.96 135.82 179.32 209.84 253.51 261.68 257.95 217.09 179.31 130.83 87.00 38.36 0.00 0.00 0.00
0.00 0.00 0.00 0.00 0.00 0.00 0.00 0.00 39.53 80.81 129.19 170.57 199.60 241.14 248.92 245.37 206.50 170.56 124.44 82.76 36.48 0.00 0.00 0.00
0.00 0.00 0.00 0.00 0.00 0.00 0.00 0.00 76.02 155.41 248.44 328.02 383.85 463.73 478.69 471.86 397.11 328.00 239.32 159.14 70.16 0.00 0.00 0.00
0.00 0.00 0.00 0.00 0.00 0.00 0.00 0.00 74.75 152.82 244.30 322.55 377.45 456.00 470.71 463.99 390.49 322.54 235.33 156.49 68.99 0.00 0.00 0.00
0.00 0.00 0.00 0.00 0.00 0.00 0.00 3.74 99.91 193.48 241.16 321.02 380.30 324.46 334.40 324.41 433.75 355.16 256.08 163.53 73.09 0.00 0.00 0.00
0.00 0.00 0.00 0.00 0.00 0.00 0.00 0.18 1.15 2.07 3.18 4.16 4.83 5.77 5.81 5.50 4.84 3.89 2.62 1.17 0.32 0.00 0.00 0.00
0.00 0.00 0.00 0.00 0.00 0.00 0.00 0.92 5.83 10.48 16.09 21.06 24.45 29.22 29.46 27.89 24.51 19.70 13.29 5.91 1.60 0.00 0.00 0.00
0.00 0.00 0.00 0.00 0.00 0.00 0.00 4.70 29.75 53.52 82.14 107.53 124.82 149.20 150.40 142.38 125.11 100.60 67.84 30.15 8.18 0.00 0.00 0.00
0.00 0.00 0.00 0.00 0.00 0.00 0.00 0.00 2.84 5.80 9.28 12.25 14.33 17.31 17.87 17.62 14.83 12.25 8.93 5.94 2.62 0.00 0.00 0.00
0.00 0.00 0.00 0.00 0.00 0.00 0.00 1.96 76.55 148.99 204.19 268.83 314.34 304.36 313.72 302.24 348.76 286.80 204.75 118.83 51.39 0.00 0.00 0.00
0.00 0.00 0.00 0.00 0.00 0.00 0.00 0.14 4.95 9.58 12.77 17.56 21.21 25.49 25.53 24.31 26.87 21.72 15.02 9.38 3.48 0.00 0.00 0.00
0.00 0.00 0.00 0.00 0.00 0.00 0.00 6.51 44.08 80.33 126.15 164.55 191.89 202.48 205.45 193.74 176.10 144.52 103.26 56.35 23.26 0.00 0.00 0.00
0.00 0.00 0.00 0.00 0.00 0.00 0.00 0.03 1.28 2.48 3.40 4.48 5.24 5.07 5.23 5.04 5.81 4.78 3.41 1.98 0.86 0.00 0.00 0.00
0.00 0.00 0.00 0.00 0.00 0.00 0.00 1.47 57.42 111.74 153.14 201.62 235.75 228.27 235.29 226.68 261.57 215.10 153.56 89.12 38.54 0.00 0.00 0.00
0.00 0.00 0.00 0.00 0.00 0.00 0.00 1.89 73.68 143.40 196.53 258.75 302.55 292.95 301.96 290.91 335.68 276.05 197.07 114.37 49.46 0.00 0.00 0.00
0.00 0.00 0.00 0.00 0.00 0.00 0.00 4.93 131.75 255.15 318.03 423.34 501.52 427.88 440.98 427.81 572.00 468.37 337.70 215.66 96.39 0.00 0.00 0.00
0.00 0.00 0.00 0.00 0.00 0.00 0.00 0.33 3.08 5.72 9.23 12.16 14.39 15.67 15.79 14.72 13.57 10.84 7.40 3.77 1.21 0.00 0.00 0.00
0.00 0.00 0.00 0.00 0.00 0.00 0.00 0.44 3.88 7.16 11.62 15.34 17.95 19.54 19.69 18.50 16.98 13.53 9.29 4.72 1.51 0.00 0.00 0.00
0.00 0.00 0.00 0.00 0.00 0.00 0.00 0.57 20.40 39.51 52.67 72.44 87.48 105.15 105.33 100.27 110.84 89.59 61.98 38.67 14.34 0.00 0.00 0.00
0.00 0.00 0.00 0.00 0.00 0.00 0.00 4.83 102.61 198.14 306.79 415.69 501.86 555.39 568.44 543.91 495.05 409.55 295.84 173.92 85.97 0.00 0.00 0.00
0.00 0.00 0.00 0.00 0.00 0.00 0.00 0.19 1.10 1.96 2.93 3.86 4.52 5.12 5.10 4.72 4.27 3.39 2.32 1.13 0.35 0.00 0.00 0.00
0.00 0.00 0.00 0.00 0.00 0.00 0.00 1.62 20.85 39.50 60.31 79.75 92.67 76.36 77.91 74.50 78.40 64.45 45.65 29.58 12.58 0.00 0.00 0.00
0.00 0.00 0.00 0.00 0.00 0.00 0.00 0.00 5.18 11.23 18.20 24.71 29.32 31.61 32.37 31.29 26.46 21.90 15.99 8.93 4.07 0.00 0.00 0.00
0.00 0.00 0.00 0.00 0.00 0.00 0.00 0.79 2.86 4.82 7.06 8.98 10.19 9.60 9.49 9.04 7.81 6.17 4.29 2.43 0.78 0.00 0.00 0.00
0.00 0.00 0.00 0.00 0.00 0.00 0.00 0.39 1.43 2.41 3.53 4.49 5.09 4.80 4.74 4.52 3.91 3.09 2.14 1.21 0.39 0.00 0.00 0.00
0.00 0.00 0.00 0.00 0.00 0.00 0.00 0.86 3.12 5.27 7.72 9.82 11.14 10.50 10.38 9.89 8.54 6.75 4.69 2.65 0.85 0.00 0.00 0.00
0.00 0.00 0.00 0.00 0.00 0.00 0.00 1.01 3.81 6.45 9.39 11.95 13.65 12.91 12.70 12.10 10.98 8.80 6.05 3.17 1.00 0.00 0.00 0.00
0.00 0.00 0.00 0.00 0.00 0.00 0.00 1.54 5.80 9.82 14.31 18.21 20.80 19.67 19.35 18.44 16.73 13.41 9.21 4.83 1.52 0.00 0.00 0.00
0.00 0.00 0.00 0.00 0.00 0.00 0.00 1.29 5.07 8.65 12.75 15.97 18.40 17.83 17.88 16.97 14.97 11.86 8.27 4.55 1.50 0.00 0.00 0.00
0.00 0.00 0.00 0.00 0.00 0.00 0.00 0.75 3.72 6.58 10.08 13.29 15.51 16.32 16.31 15.57 13.82 11.13 7.85 4.38 1.74 0.00 0.00 0.00
0.00 0.00 0.00 0.00 0.00 0.00 0.00 1.94 9.62 17.00 26.03 34.34 40.07 42.16 42.13 40.23 35.71 28.74 20.27 11.31 4.51 0.00 0.00 0.00
0.00 0.00 0.00 0.00 0.00 0.00 0.00 0.42 2.50 4.49 6.99 9.12 10.63 11.15 11.07 10.44 9.38 7.54 5.34 3.00 1.19 0.00 0.00 0.00
0.00 0.00 0.00 0.00 0.00 0.00 0.00 0.99 4.78 8.37 12.55 16.33 18.82 22.22 22.12 20.70 19.02 15.31 10.51 4.82 1.41 0.00 0.00 0.00
0.00 0.00 0.00 0.00 0.00 0.00 0.00 2.05 9.02 15.62 22.85 29.38 33.82 33.51 33.87 31.72 30.93 24.36 16.57 8.00 2.49 0.00 0.00 0.00
0.00 0.00 0.00 0.00 0.00 0.00 0.00 0.34 1.25 2.10 3.08 3.84 4.29 4.45 4.41 4.09 4.07 3.20 2.17 0.92 0.20 0.00 0.00 0.00
0.00 0.00 0.00 0.00 0.00 0.00 0.00 1.25 5.59 9.67 14.85 18.94 21.43 28.49 28.14 26.52 23.83 19.16 13.06 4.94 1.18 0.00 0.00 0.00
0.00 0.00 0.00 0.00 0.00 0.00 0.00 1.14 4.61 7.88 11.65 14.70 16.51 19.12 18.72 18.00 15.87 12.66 8.58 3.67 0.82 0.00 0.00 0.00
0.00 0.00 0.00 0.00 0.00 0.00 0.00 1.57 6.37 10.87 16.08 20.29 22.78 26.39 25.84 24.84 21.90 17.47 11.84 5.06 1.13 0.00 0.00 0.00
0.00 0.00 0.00 0.00 0.00 0.00 0.00 1.07 4.34 7.40 10.96 13.82 15.52 17.97 17.60 16.92 14.92 11.90 8.06 3.45 0.77 0.00 0.00 0.00
0.00 0.00 0.00 0.00 0.00 0.00 0.00 0.67 2.98 5.16 7.92 10.10 11.43 15.19 15.01 14.14 12.71 10.22 6.96 2.64 0.63 0.00 0.00 0.00
0.00 0.00 0.00 0.00 0.00 0.00 0.00 0.89 3.43 5.81 8.66 10.89 12.32 14.40 14.49 13.78 11.93 9.38 6.16 2.54 0.51 0.00 0.00 0.00
0.00 0.00 0.00 0.00 0.00 0.00 0.00 0.52 3.30 5.93 9.10 11.92 13.83 16.53 16.67 15.78 13.87 11.15 7.52 3.34 0.91 0.00 0.00 0.00
0.00 0.00 0.00 0.00 0.00 0.00 0.00 0.01 27.73 54.39 86.71 112.91 131.54 148.70 151.02 143.94 133.71 104.15 71.92 34.89 10.40 0.00 0.00 0.00
0.00 0.00 0.00 0.00 0.00 0.00 0.00 0.67 4.92 8.98 14.02 18.69 21.77 23.96 24.21 22.98 20.45 16.20 11.05 5.69 1.82 0.00 0.00 0.00
0.00 0.00 0.00 0.00 0.00 0.00 0.00 1.31 7.70 13.75 20.38 26.67 31.25 36.14 35.92 33.69 30.38 23.80 16.20 7.69 2.30 0.00 0.00 0.00
0.00 0.00 0.00 0.00 0.00 0.00 0.00 0.60 3.53 6.30 9.34 12.23 14.32 16.57 16.46 15.44 13.92 10.91 7.43 3.52 1.05 0.00 0.00 0.00
0.00 0.00 0.00 0.00 0.00 0.00 0.00 0.86 6.18 11.26 17.26 22.98 26.82 29.63 29.89 28.28 25.24 20.03 13.65 7.00 2.24 0.00 0.00 0.00
0.00 0.00 0.00 0.00 0.00 0.00 0.00 0.47 2.68 4.77 7.11 9.37 10.97 12.44 12.38 11.46 10.38 8.24 5.65 2.73 0.84 0.00 0.00 0.00
0.00 0.00 0.00 0.00 0.00 0.00 0.00 0.59 21.12 40.91 54.53 75.00 90.57 108.87 109.05 103.81 114.76 92.76 64.17 40.04 14.84 0.00 0.00 0.00
0.00 0.00 0.00 0.00 0.00 0.00 0.00 1.56 10.54 19.21 30.17 39.35 45.89 48.42 49.13 46.33 42.11 34.56 24.69 13.47 5.56 0.00 0.00 0.00
0.00 0.00 0.00 0.00 0.00 0.00 0.00 0.32 2.38 4.36 6.82 8.87 10.36 10.92 11.01 10.37 9.21 7.45 5.32 3.10 1.27 0.00 0.00 0.00
0.00 0.00 0.00 0.00 0.00 0.00 0.00 0.37 3.07 5.66 8.58 11.16 12.91 13.59 13.60 12.96 11.74 9.64 6.92 4.08 1.63 0.00 0.00 0.00
0.00 0.00 0.00 0.00 0.00 0.00 0.00 0.60 4.91 9.06 13.73 17.86 20.66 21.75 21.75 20.73 18.78 15.43 11.07 6.52 2.61 0.00 0.00 0.00
0.00 0.00 0.00 0.00 0.00 0.00 0.00 0.00 77.29 158.00 252.58 333.48 390.24 471.46 486.67 479.72 403.73 333.47 243.30 161.80 71.33 0.00 0.00 0.00
