0.00 0.00 0.00 0.00 0.00 0.00 0.00 0.00 0.45 1.36 2.38 3.29 4.07 4.56 4.69 4.46 3.89 2.95 1.84 0.51 0.00 0.00 0.00 0.00
0.00 0.00 0.00 0.00 0.00 0.00 0.00 0.00 5.17 12.08 25.25 32.61 39.60 60.23 58.58 54.29 42.21 30.90 19.18 2.11 0.00 0.00 0.00 0.00
0.00 0.00 0.00 0.00 0.00 0.00 0.00 0.00 10.31 31.01 54.41 75.29 93.10 104.36 107.14 101.95 88.85 67.36 42.03 11.69 0.00 0.00 0.00 0.00
0.00 0.00 0.00 0.00 0.00 0.00 0.00 0.00 36.64 110.22 193.39 267.58 330.88 370.90 380.76 362.32 315.78 239.39 149.36 41.56 0.00 0.00 0.00 0.00
0.00 0.00 0.00 0.00 0.00 0.00 0.00 0.00 1.67 3.44 4.55 5.82 6.73 6.05 5.88 5.37 6.09 4.38 2.67 0.51 0.00 0.00 0.00 0.00
0.00 0.00 0.00 0.00 0.00 0.00 0.00 0.00 71.27 237.06 431.07 600.72 742.18 826.90 847.89 825.93 718.66 546.27 343.59 107.16 0.00 0.00 0.00 0.00
0.00 0.00 0.00 0.00 0.00 0.00 0.00 0.00 1.45 3.20 5.07 6.66 7.94 7.10 7.20 6.71 5.05 3.72 2.30 0.56 0.00 0.00 0.00 0.00
0.00 0.00 0.00 0.00 0.00 0.00 0.00 0.00 0.52 1.21 1.24 1.65 1.94 3.05 3.00 2.80 2.69 1.99 1.20 0.20 0.00 0.00 0.00 0.00
0.00 0.00 0.00 0.00 0.00 0.00 0.00 0.00 0.84 1.94 1.99 2.64 3.10 4.89 4.81 4.48 4.31 3.19 1.92 0.32 0.00 0.00 0.00 0.00
0.00 0.00 0.00 0.00 0.00 0.00 0.00 0.00 0.84 1.94 1.99 2.64 3.10 4.89 4.81 4.48 4.31 3.19 1.92 0.32 0.00 0.00 0.00 0.00
0.00 0.00 0.00 0.00 0.00 0.00 0.00 0.00 2.30 5.55 7.18 9.68 11.77 13.51 13.63 12.71 9.95 7.25 4.36 1.29 0.00 0.00 0.00 0.00
0.00 0.00 0.00 0.00 0.00 0.00 0.00 0.00 1.00 2.40 3.32 4.51 5.48 6.84 6.80 6.33 4.25 3.10 1.85 0.43 0.00 0.00 0.00 0.00
0.00 0.00 0.00 0.00 0.00 0.00 0.00 0.00 1.28 3.08 4.27 5.80 7.05 8.79 8.75 8.14 5.46 3.98 2.38 0.56 0.00 0.00 0.00 0.00
0.00 0.00 0.00 0.00 0.00 0.00 0.00 0.00 0.85 2.06 2.84 3.87 4.70 5.86 5.83 5.42 3.64 2.65 1.58 0.37 0.00 0.00 0.00 0.00
0.00 0.00 0.00 0.00 0.00 0.00 0.00 0.00 0.85 2.06 2.84 3.87 4.70 5.86 5.83 5.42 3.64 2.65 1.58 0.37 0.00 0.00 0.00 0.00
0.00 0.00 0.00 0.00 0.00 0.00 0.00 0.00 5.91 15.57 19.62 26.51 31.92 46.15 46.17 43.20 71.84 53.05 31.13 6.77 0.00 0.00 0.00 0.00
0.00 0.00 0.00 0.00 0.00 0.00 0.00 0.00 6.83 16.16 22.40 29.93 36.18 40.80 41.11 38.17 28.75 20.98 12.71 4.32 0.00 0.00 0.00 0.00
0.00 0.00 0.00 0.00 0.00 0.00 0.00 0.00 6.90 16.56 27.35 36.39 43.55 38.72 38.43 36.27 26.27 19.60 12.08 2.48 0.00 0.00 0.00 0.00
0.00 0.00 0.00 0.00 0.00 0.00 0.00 0.00 21.02 69.92 127.15 177.19 218.92 243.91 250.10 243.62 211.98 161.13 101.35 31.61 0.00 0.00 0.00 0.00
0.00 0.00 0.00 0.00 0.00 0.00 0.00 0.00 20.00 66.51 120.95 168.55 208.24 232.01 237.90 231.74 201.64 153.27 96.40 30.07 0.00 0.00 0.00 0.00
0.00 0.00 0.00 0.00 0.00 0.00 0.00 0.00 38.45 127.91 232.59 324.13 400.46 446.17 457.49 445.65 387.77 294.75 185.39 57.82 0.00 0.00 0.00 0.00
0.00 0.00 0.00 0.00 0.00 0.00 0.00 0.00 37.81 125.78 228.72 318.73 393.78 438.73 449.87 438.22 381.31 289.84 182.30 56.86 0.00 0.00 0.00 0.00
0.00 0.00 0.00 0.00 0.00 0.00 0.00 0.00 46.69 142.65 251.93 347.60 433.38 482.22 495.36 469.45 410.58 313.76 197.03 57.26 0.00 0.00 0.00 0.00
0.00 0.00 0.00 0.00 0.00 0.00 0.00 0.00 0.52 1.21 1.24 1.65 1.94 3.05 3.00 2.80 2.69 1.99 1.20 0.20 0.00 0.00 0.00 0.00
0.00 0.00 0.00 0.00 0.00 0.00 0.00 0.00 2.65 6.13 6.29 8.35 9.81 15.47 15.22 14.18 13.63 10.10 6.10 1.02 0.00 0.00 0.00 0.00
0.00 0.00 0.00 0.00 0.00 0.00 0.00 0.00 13.52 31.30 32.10 42.61 50.07 78.99 77.71 72.40 69.60 51.54 31.12 5.20 0.00 0.00 0.00 0.00
0.00 0.00 0.00 0.00 0.00 0.00 0.00 0.00 1.44 4.78 8.68 12.10 14.95 16.66 17.08 16.64 14.48 11.00 6.92 2.16 0.00 0.00 0.00 0.00
0.00 0.00 0.00 0.00 0.00 0.00 0.00 0.00 36.07 108.50 190.37 263.41 325.73 365.12 374.82 356.68 310.86 235.66 147.03 40.91 0.00 0.00 0.00 0.00
0.00 0.00 0.00 0.00 0.00 0.00 0.00 0.00 3.56 9.76 15.82 21.78 26.87 23.69 23.77 22.20 17.47 12.92 8.29 1.44 0.00 0.00 0.00 0.00
0.00 0.00 0.00 0.00 0.00 0.00 0.00 0.00 22.10 57.77 97.34 132.68 160.86 176.19 180.98 169.31 143.51 109.61 67.33 15.95 0.00 0.00 0.00 0.00
0.00 0.00 0.00 0.00 0.00 0.00 0.00 0.00 0.60 1.81 3.17 4.39 5.43 6.09 6.25 5.94 5.18 3.93 2.45 0.68 0.00 0.00 0.00 0.00
0.00 0.00 0.00 0.00 0.00 0.00 0.00 0.00 27.05 81.37 142.78 197.56 244.29 273.84 281.12 267.51 233.14 176.74 110.27 30.69 0.00 0.00 0.00 0.00
0.00 0.00 0.00 0.00 0.00 0.00 0.00 0.00 34.72 104.43 183.23 253.53 313.51 351.43 360.77 343.30 299.20 226.82 141.52 39.38 0.00 0.00 0.00 0.00
0.00 0.00 0.00 0.00 0.00 0.00 0.00 0.00 61.57 188.12 332.24 458.39 571.52 635.93 653.26 619.08 541.45 413.78 259.84 75.52 0.00 0.00 0.00 0.00
0.00 0.00 0.00 0.00 0.00 0.00 0.00 0.00 1.45 3.56 6.43 8.75 10.70 9.10 9.10 8.45 6.79 5.00 3.00 0.64 0.00 0.00 0.00 0.00
0.00 0.00 0.00 0.00 0.00 0.00 0.00 0.00 1.84 4.51 7.66 10.43 12.73 12.36 12.33 11.41 8.91 6.56 3.92 0.81 0.00 0.00 0.00 0.00
0.00 0.00 0.00 0.00 0.00 0.00 0.00 0.00 14.68 40.26 65.25 89.83 110.84 97.71 98.03 91.59 72.06 53.28 34.18 5.96 0.00 0.00 0.00 0.00
0.00 0.00 0.00 0.00 0.00 0.00 0.00 0.00 38.82 131.13 239.69 328.22 407.73 464.39 479.85 454.44 398.41 308.70 199.02 64.04 0.00 0.00 0.00 0.00
0.00 0.00 0.00 0.00 0.00 0.00 0.00 0.00 0.63 1.46 2.35 3.18 3.83 3.71 3.73 3.43 2.10 1.55 0.94 0.23 0.00 0.00 0.00 0.00
0.00 0.00 0.00 0.00 0.00 0.00 0.00 0.00 9.81 27.83 47.67 65.38 80.02 89.47 90.87 86.32 76.33 57.45 35.16 9.49 0.00 0.00 0.00 0.00
0.00 0.00 0.00 0.00 0.00 0.00 0.00 0.00 2.15 8.32 15.39 21.81 27.15 30.18 30.71 28.87 25.21 19.31 12.63 4.04 0.00 0.00 0.00 0.00
0.00 0.00 0.00 0.00 0.00 0.00 0.00 0.00 1.75 3.78 5.82 7.53 8.93 8.26 8.41 7.87 6.16 4.47 2.78 0.60 0.00 0.00 0.00 0.00
0.00 0.00 0.00 0.00 0.00 0.00 0.00 0.00 0.87 1.89 2.91 3.76 4.47 4.13 4.20 3.93 3.08 2.24 1.39 0.30 0.00 0.00 0.00 0.00
0.00 0.00 0.00 0.00 0.00 0.00 0.00 0.00 1.91 4.13 6.37 8.23 9.77 9.04 9.20 8.61 6.73 4.89 3.04 0.66 0.00 0.00 0.00 0.00
0.00 0.00 0.00 0.00 0.00 0.00 0.00 0.00 2.25 4.90 7.54 9.80 11.55 9.55 9.56 9.07 7.72 5.66 3.50 0.74 0.00 0.00 0.00 0.00
0.00 0.00 0.00 0.00 0.00 0.00 0.00 0.00 3.43 7.46 11.49 14.93 17.60 14.55 14.57 13.83 11.77 8.62 5.34 1.13 0.00 0.00 0.00 0.00
0.00 0.00 0.00 0.00 0.00 0.00 0.00 0.00 2.91 6.44 10.21 13.45 15.93 13.98 14.10 13.24 9.87 7.26 4.50 1.13 0.00 0.00 0.00 0.00
0.00 0.00 0.00 0.00 0.00 0.00 0.00 0.00 2.00 4.89 8.10 10.84 13.16 14.22 14.49 13.82 11.45 8.44 5.13 1.15 0.00 0.00 0.00 0.00
0.00 0.00 0.00 0.00 0.00 0.00 0.00 0.00 5.16 12.64 20.92 28.01 34.00 36.74 37.44 35.69 29.58 21.80 13.26 2.96 0.00 0.00 0.00 0.00
0.00 0.00 0.00 0.00 0.00 0.00 0.00 0.00 1.30 3.26 5.36 7.32 8.90 9.39 9.44 8.82 7.63 5.71 3.49 0.82 0.00 0.00 0.00 0.00
0.00 0.00 0.00 0.00 0.00 0.00 0.00 0.00 3.14 7.04 11.36 15.26 18.09 17.40 17.54 15.97 10.07 7.32 4.45 0.71 0.00 0.00 0.00 0.00
0.00 0.00 0.00 0.00 0.00 0.00 0.00 0.00 5.22 11.67 18.70 24.78 29.85 25.39 25.37 23.54 19.40 14.29 8.69 1.85 0.00 0.00 0.00 0.00
0.00 0.00 0.00 0.00 0.00 0.00 0.00 0.00 0.59 1.22 1.72 2.17 2.51 2.20 2.17 2.01 2.23 1.59 0.97 0.11 0.00 0.00 0.00 0.00
0.00 0.00 0.00 0.00 0.00 0.00 0.00 0.00 3.16 6.83 8.40 10.94 13.04 12.45 12.24 11.29 12.69 9.04 5.50 0.97 0.00 0.00 0.00 0.00
0.00 0.00 0.00 0.00 0.00 0.00 0.00 0.00 2.05 4.35 5.45 7.01 8.13 6.57 6.45 6.04 9.13 6.62 4.03 0.61 0.00 0.00 0.00 0.00
0.00 0.00 0.00 0.00 0.00 0.00 0.00 0.00 2.83 6.00 7.52 9.67 11.22 9.06 8.91 8.33 12.60 9.13 5.56 0.85 0.00 0.00 0.00 0.00
0.00 0.00 0.00 0.00 0.00 0.00 0.00 0.00 1.93 4.09 5.12 6.59 7.65 6.17 6.07 5.68 8.59 6.22 3.79 0.58 0.00 0.00 0.00 0.00
0.00 0.00 0.00 0.00 0.00 0.00 0.00 0.00 1.68 3.64 4.48 5.83 6.96 6.64 6.53 6.02 6.77 4.82 2.93 0.52 0.00 0.00 0.00 0.00
0.00 0.00 0.00 0.00 0.00 0.00 0.00 0.00 1.39 2.89 4.00 5.21 6.07 5.49 5.38 4.94 5.81 4.18 2.55 0.44 0.00 0.00 0.00 0.00
0.00 0.00 0.00 0.00 0.00 0.00 0.00 0.00 1.50 3.47 3.56 4.72 5.55 8.75 8.61 8.02 7.71 5.71 3.45 0.58 0.00 0.00 0.00 0.00
0.00 0.00 0.00 0.00 0.00 0.00 0.00 0.00 7.69 20.26 25.53 34.51 41.55 60.07 60.10 56.22 93.51 69.05 40.52 8.82 0.00 0.00 0.00 0.00
0.00 0.00 0.00 0.00 0.00 0.00 0.00 0.00 2.61 6.29 8.14 10.97 13.34 15.31 15.45 14.41 11.27 8.22 4.95 1.46 0.00 0.00 0.00 0.00
0.00 0.00 0.00 0.00 0.00 0.00 0.00 0.00 3.58 8.29 16.61 22.31 26.51 19.95 19.86 18.48 16.90 12.21 7.48 1.22 0.00 0.00 0.00 0.00
0.00 0.00 0.00 0.00 0.00 0.00 0.00 0.00 1.64 3.80 7.61 10.23 12.15 9.14 9.10 8.47 7.75 5.60 3.43 0.56 0.00 0.00 0.00 0.00
0.00 0.00 0.00 0.00 0.00 0.00 0.00 0.00 3.38 8.13 10.21 13.71 16.65 18.26 18.50 17.24 14.76 10.80 6.54 2.08 0.00 0.00 0.00 0.00
0.00 0.00 0.00 0.00 0.00 0.00 0.00 0.00 1.53 3.55 5.71 7.72 9.31 9.01 9.05 8.33 5.09 3.76 2.29 0.57 0.00 0.00 0.00 0.00
0.00 0.00 0.00 0.00 0.00 0.00 0.00 0.00 15.20 41.68 67.56 93.01 114.76 101.16 101.50 94.82 74.61 55.16 35.39 6.17 0.00 0.00 0.00 0.00
0.00 0.00 0.00 0.00 0.00 0.00 0.00 0.00 5.28 13.81 23.28 31.73 38.47 42.13 43.28 40.49 34.32 26.21 16.10 3.81 0.00 0.00 0.00 0.00
0.00 0.00 0.00 0.00 0.00 0.00 0.00 0.00 1.18 3.12 5.25 7.10 8.62 9.36 9.60 9.12 7.76 5.80 3.62 0.88 0.00 0.00 0.00 0.00
0.00 0.00 0.00 0.00 0.00 0.00 0.00 0.00 1.49 3.92 6.63 9.12 11.21 12.24 12.18 11.34 9.77 7.22 4.48 1.16 0.00 0.00 0.00 0.00
0.00 0.00 0.00 0.00 0.00 0.00 0.00 0.00 2.39 6.28 10.61 14.59 17.93 19.58 19.48 18.15 15.64 11.55 7.16 1.86 0.00 0.00 0.00 0.00
0.00 0.00 0.00 0.00 0.00 0.00 0.00 0.00 39.09 130.04 236.47 329.53 407.13 453.61 465.12 453.07 394.23 299.66 188.48 58.79 0.00 0.00 0.00 0.00
