0.00 0.00 0.00 0.00 0.00 0.00 0.00 0.00 0.93 1.86 2.97 3.92 4.59 5.06 5.23 5.05 4.56 3.75 2.68 1.50 0.63 0.00 0.00 0.00
0.00 0.00 0.00 0.00 0.00 0.00 0.00 1.95 19.33 35.91 53.34 69.20 80.08 87.48 88.92 84.51 72.93 57.42 38.60 16.40 3.87 0.00 0.00 0.00
0.00 0.00 0.00 0.00 0.00 0.00 0.00 0.00 21.35 42.46 67.83 89.56 104.85 115.62 119.50 115.37 104.29 85.85 61.25 34.35 14.37 0.00 0.00 0.00
0.00 0.00 0.00 0.00 0.00 0.00 0.00 0.00 75.89 150.92 241.07 318.30 372.65 410.91 424.68 410.03 370.64 305.10 217.68 122.06 51.08 0.00 0.00 0.00
0.00 0.00 0.00 0.00 0.00 0.00 0.00 0.87 3.54 6.05 9.36 11.76 13.35 14.32 14.35 13.50 11.88 9.23 6.01 1.83 0.32 0.00 0.00 0.00
0.00 0.00 0.00 0.00 0.00 0.00 0.00 0.00 155.02 323.22 517.08 687.00 807.70 898.15 929.74 918.80 855.67 706.07 513.85 292.81 125.41 0.00 0.00 0.00
0.00 0.00 0.00 0.00 0.00 0.00 0.00 0.56 2.38 4.08 6.05 7.65 8.78 8.64 8.65 8.29 6.21 4.99 3.43 1.62 0.50 0.00 0.00 0.00
0.00 0.00 0.00 0.00 0.00 0.00 0.00 0.15 1.17 2.13 3.10 4.05 4.69 4.91 4.94 4.67 4.30 3.45 2.31 1.12 0.28 0.00 0.00 0.00
0.00 0.00 0.00 0.00 0.00 0.00 0.00 0.24 1.87 3.40 4.95 6.48 7.50 7.85 7.90 7.47 6.89 5.52 3.70 1.79 0.45 0.00 0.00 0.00
0.00 0.00 0.00 0.00 0.00 0.00 0.00 0.24 1.87 3.40 4.95 6.48 7.50 7.85 7.90 7.47 6.89 5.52 3.70 1.79 0.45 0.00 0.00 0.00
0.00 0.00 0.00 0.00 0.00 0.00 0.00 0.46 4.31 7.97 12.21 16.31 19.00 19.69 19.90 18.87 16.58 13.09 8.88 4.84 1.47 0.00 0.00 0.00
0.00 0.00 0.00 0.00 0.00 0.00 0.00 0.22 2.03 3.75 5.79 7.67 8.93 9.24 9.40 8.92 7.89 6.24 4.20 2.27 0.68 0.00 0.00 0.00
0.00 0.00 0.00 0.00 0.00 0.00 0.00 0.28 2.61 4.82 7.44 9.86 11.48 11.88 12.08 11.46 10.15 8.02 5.40 2.92 0.88 0.00 0.00 0.00
0.00 0.00 0.00 0.00 0.00 0.00 0.00 0.18 1.74 3.21 4.96 6.57 7.66 7.92 8.06 7.64 6.77 5.34 3.60 1.95 0.58 0.00 0.00 0.00
0.00 0.00 0.00 0.00 0.00 0.00 0.00 0.18 1.74 3.21 4.96 6.57 7.66 7.92 8.06 7.64 6.77 5.34 3.60 1.95 0.58 0.00 0.00 0.00
0.00 0.00 0.00 0.00 0.00 0.00 0.00 0.00 21.23 42.36 67.32 87.78 102.28 114.51 116.22 110.64 101.59 78.91 54.25 26.42 7.45 0.00 0.00 0.00
0.00 0.00 0.00 0.00 0.00 0.00 0.00 1.73 13.36 24.37 37.12 49.15 57.82 58.09 57.65 53.91 49.66 39.26 26.72 13.96 4.17 0.00 0.00 0.00
0.00 0.00 0.00 0.00 0.00 0.00 0.00 1.49 11.66 21.30 31.37 41.07 48.28 50.91 50.59 47.05 42.16 33.57 22.79 12.19 3.88 0.00 0.00 0.00
0.00 0.00 0.00 0.00 0.00 0.00 0.00 0.00 45.73 95.34 152.52 202.64 238.24 264.92 274.24 271.01 252.39 208.26 151.57 86.37 36.99 0.00 0.00 0.00
0.00 0.00 0.00 0.00 0.00 0.00 0.00 0.00 43.50 90.69 145.08 192.75 226.62 252.00 260.86 257.79 240.08 198.11 144.17 82.16 35.19 0.00 0.00 0.00
0.00 0.00 0.00 0.00 0.00 0.00 0.00 0.00 83.65 174.40 279.00 370.68 435.81 484.61 501.66 495.75 461.69 380.97 277.26 157.99 67.67 0.00 0.00 0.00
0.00 0.00 0.00 0.00 0.00 0.00 0.00 0.00 82.25 171.49 274.35 364.50 428.55 476.54 493.30 487.49 454.00 374.62 272.63 155.36 66.54 0.00 0.00 0.00
0.00 0.00 0.00 0.00 0.00 0.00 0.00 0.00 98.03 193.99 309.62 412.88 489.23 530.16 547.30 531.61 480.99 395.14 285.34 160.32 69.54 0.00 0.00 0.00
0.00 0.00 0.00 0.00 0.00 0.00 0.00 0.15 1.17 2.13 3.10 4.05 4.69 4.91 4.94 4.67 4.30 3.45 2.31 1.12 0.28 0.00 0.00 0.00
0.00 0.00 0.00 0.00 0.00 0.00 0.00 0.77 5.91 10.78 15.68 20.51 23.76 24.85 25.03 23.66 21.81 17.47 11.71 5.67 1.43 0.00 0.00 0.00
0.00 0.00 0.00 0.00 0.00 0.00 0.00 3.93 30.15 55.05 80.06 104.73 121.31 126.88 127.76 120.77 111.33 89.18 59.78 28.92 7.31 0.00 0.00 0.00
0.00 0.00 0.00 0.00 0.00 0.00 0.00 0.00 3.12 6.51 10.42 13.84 16.27 18.09 18.73 18.51 17.24 14.22 10.35 5.90 2.53 0.00 0.00 0.00
0.00 0.00 0.00 0.00 0.00 0.00 0.00 0.00 74.71 148.56 237.31 313.34 366.84 404.51 418.06 403.64 364.86 300.34 214.29 120.16 50.29 0.00 0.00 0.00
0.00 0.00 0.00 0.00 0.00 0.00 0.00 0.00 5.81 11.43 18.08 24.86 29.98 32.81 32.89 31.32 27.56 22.29 15.40 9.17 3.27 0.00 0.00 0.00
0.00 0.00 0.00 0.00 0.00 0.00 0.00 4.80 41.99 77.57 122.15 159.78 186.60 197.27 200.72 189.71 170.30 139.76 99.68 44.08 17.51 0.00 0.00 0.00
0.00 0.00 0.00 0.00 0.00 0.00 0.00 0.00 1.25 2.48 3.96 5.22 6.11 6.74 6.97 6.73 6.08 5.01 3.57 2.00 0.84 0.00 0.00 0.00
0.00 0.00 0.00 0.00 0.00 0.00 0.00 0.00 56.03 111.42 177.98 235.01 275.13 303.38 313.55 302.73 273.64 225.26 160.72 90.12 37.72 0.00 0.00 0.00
0.00 0.00 0.00 0.00 0.00 0.00 0.00 0.00 71.91 142.99 228.41 301.59 353.08 389.34 402.39 388.51 351.18 289.08 206.25 115.65 48.40 0.00 0.00 0.00
0.00 0.00 0.00 0.00 0.00 0.00 0.00 0.00 129.27 255.83 408.32 544.49 645.17 699.14 721.75 701.06 634.31 521.09 376.29 211.42 91.70 0.00 0.00 0.00
0.00 0.00 0.00 0.00 0.00 0.00 0.00 0.23 3.09 5.82 9.16 12.09 14.30 15.05 15.16 14.12 12.39 9.86 6.70 3.75 1.14 0.00 0.00 0.00
0.00 0.00 0.00 0.00 0.00 0.00 0.00 0.32 3.88 7.27 11.48 15.17 17.75 18.58 18.72 17.57 15.47 12.28 8.39 4.65 1.41 0.00 0.00 0.00
0.00 0.00 0.00 0.00 0.00 0.00 0.00 0.00 23.95 47.17 74.57 102.56 123.65 135.36 135.68 129.19 113.68 91.95 63.54 37.84 13.48 0.00 0.00 0.00
0.00 0.00 0.00 0.00 0.00 0.00 0.00 0.18 98.14 193.77 282.50 384.08 464.51 505.74 518.49 496.71 460.19 380.65 274.47 183.98 88.69 0.00 0.00 0.00
0.00 0.00 0.00 0.00 0.00 0.00 0.00 0.16 1.09 1.97 2.90 3.83 4.48 4.52 4.50 4.17 3.97 3.14 2.14 1.07 0.31 0.00 0.00 0.00
0.00 0.00 0.00 0.00 0.00 0.00 0.00 0.78 19.81 38.31 60.42 80.24 93.50 100.65 102.78 98.32 90.11 74.23 52.57 26.12 10.73 0.00 0.00 0.00
0.00 0.00 0.00 0.00 0.00 0.00 0.00 0.00 5.01 11.13 18.05 24.64 29.36 32.24 33.02 31.93 29.26 24.17 17.60 10.43 4.64 0.00 0.00 0.00
0.00 0.00 0.00 0.00 0.00 0.00 0.00 0.69 2.75 4.67 6.90 8.79 9.98 9.81 9.71 9.27 7.06 5.58 3.87 1.75 0.52 0.00 0.00 0.00
0.00 0.00 0.00 0.00 0.00 0.00 0.00 0.35 1.37 2.33 3.45 4.40 4.99 4.90 4.85 4.63 3.53 2.79 1.93 0.87 0.26 0.00 0.00 0.00
0.00 0.00 0.00 0.00 0.00 0.00 0.00 0.76 3.00 5.11 7.55 9.62 10.91 10.73 10.62 10.13 7.72 6.10 4.23 1.91 0.57 0.00 0.00 0.00
0.00 0.00 0.00 0.00 0.00 0.00 0.00 0.89 3.67 6.27 9.11 11.61 13.26 12.97 12.78 12.19 9.61 7.70 5.27 2.61 0.77 0.00 0.00 0.00
0.00 0.00 0.00 0.00 0.00 0.00 0.00 1.35 5.59 9.55 13.88 17.69 20.21 19.76 19.47 18.58 14.64 11.73 8.04 3.98 1.18 0.00 0.00 0.00
0.00 0.00 0.00 0.00 0.00 0.00 0.00 1.12 4.87 8.39 12.39 15.54 17.89 17.88 17.95 17.06 12.60 9.98 6.95 3.30 1.02 0.00 0.00 0.00
0.00 0.00 0.00 0.00 0.00 0.00 0.00 0.61 3.55 6.36 9.58 12.65 14.75 14.36 14.39 13.77 12.91 10.38 7.30 4.21 1.61 0.00 0.00 0.00
0.00 0.00 0.00 0.00 0.00 0.00 0.00 1.58 9.18 16.43 24.74 32.67 38.11 37.11 37.18 35.58 33.35 26.82 18.86 10.89 4.16 0.00 0.00 0.00
0.00 0.00 0.00 0.00 0.00 0.00 0.00 0.33 2.38 4.33 6.76 8.84 10.33 10.91 10.86 10.27 9.31 7.48 5.28 2.81 1.07 0.00 0.00 0.00
0.00 0.00 0.00 0.00 0.00 0.00 0.00 0.89 4.93 8.73 12.57 16.37 18.88 19.60 19.52 18.26 18.43 14.78 10.08 4.54 1.24 0.00 0.00 0.00
0.00 0.00 0.00 0.00 0.00 0.00 0.00 1.76 8.70 15.23 22.36 28.77 33.12 34.13 34.54 32.38 30.26 23.80 16.12 7.37 2.15 0.00 0.00 0.00
0.00 0.00 0.00 0.00 0.00 0.00 0.00 0.29 1.16 1.98 2.93 3.66 4.08 4.85 4.80 4.44 3.50 2.76 1.86 0.51 0.10 0.00 0.00 0.00
0.00 0.00 0.00 0.00 0.00 0.00 0.00 1.25 6.24 10.95 15.93 20.32 22.97 28.57 28.17 26.49 22.73 18.20 12.34 5.24 1.14 0.00 0.00 0.00
0.00 0.00 0.00 0.00 0.00 0.00 0.00 0.96 4.27 7.39 11.17 14.09 15.79 18.86 18.44 17.69 14.64 11.63 7.84 3.28 0.66 0.00 0.00 0.00
0.00 0.00 0.00 0.00 0.00 0.00 0.00 1.32 5.90 10.20 15.42 19.44 21.79 26.03 25.45 24.41 20.20 16.05 10.81 4.53 0.91 0.00 0.00 0.00
0.00 0.00 0.00 0.00 0.00 0.00 0.00 0.90 4.02 6.95 10.50 13.24 14.85 17.73 17.34 16.63 13.76 10.93 7.37 3.08 0.62 0.00 0.00 0.00
0.00 0.00 0.00 0.00 0.00 0.00 0.00 0.67 3.33 5.84 8.50 10.84 12.25 15.24 15.02 14.13 12.12 9.71 6.58 2.80 0.61 0.00 0.00 0.00
0.00 0.00 0.00 0.00 0.00 0.00 0.00 0.74 3.10 5.32 8.36 10.51 11.88 13.45 13.52 12.85 10.79 8.44 5.52 2.02 0.36 0.00 0.00 0.00
0.00 0.00 0.00 0.00 0.00 0.00 0.00 0.44 3.34 6.10 8.87 11.61 13.44 14.06 14.16 13.38 12.34 9.88 6.63 3.21 0.81 0.00 0.00 0.00
0.00 0.00 0.00 0.00 0.00 0.00 0.00 0.00 27.64 55.14 87.62 114.25 133.13 149.04 151.27 144.01 132.22 102.71 70.61 34.39 9.69 0.00 0.00 0.00
0.00 0.00 0.00 0.00 0.00 0.00 0.00 0.52 4.89 9.03 13.84 18.49 21.54 22.32 22.55 21.39 18.80 14.83 10.06 5.49 1.67 0.00 0.00 0.00
0.00 0.00 0.00 0.00 0.00 0.00 0.00 1.10 7.65 13.81 20.25 26.52 31.04 31.38 31.19 29.24 28.22 22.01 14.89 7.30 2.06 0.00 0.00 0.00
0.00 0.00 0.00 0.00 0.00 0.00 0.00 0.50 3.51 6.33 9.28 12.15 14.23 14.38 14.29 13.40 12.93 10.09 6.82 3.35 0.94 0.00 0.00 0.00
0.00 0.00 0.00 0.00 0.00 0.00 0.00 0.67 6.12 11.28 17.12 22.83 26.65 27.39 27.62 26.13 23.05 18.22 12.34 6.71 2.04 0.00 0.00 0.00
0.00 0.00 0.00 0.00 0.00 0.00 0.00 0.39 2.65 4.78 7.03 9.29 10.88 10.97 10.92 10.12 9.63 7.62 5.19 2.60 0.75 0.00 0.00 0.00
0.00 0.00 0.00 0.00 0.00 0.00 0.00 0.00 24.80 48.84 77.21 106.18 128.03 140.14 140.48 133.75 117.70 95.20 65.78 39.18 13.95 0.00 0.00 0.00
0.00 0.00 0.00 0.00 0.00 0.00 0.00 1.15 10.04 18.55 29.21 38.21 44.62 47.17 48.00 45.36 40.72 33.42 23.84 10.54 4.19 0.00 0.00 0.00
0.00 0.00 0.00 0.00 0.00 0.00 0.00 0.23 2.27 4.22 6.61 8.64 10.11 10.74 10.86 10.25 9.06 7.33 5.23 2.66 1.05 0.00 0.00 0.00
0.00 0.00 0.00 0.00 0.00 0.00 0.00 0.25 2.91 5.47 8.33 10.90 12.65 13.42 13.45 12.85 11.20 9.20 6.59 3.66 1.41 0.00 0.00 0.00
0.00 0.00 0.00 0.00 0.00 0.00 0.00 0.40 4.66 8.76 13.33 17.44 20.25 21.46 21.52 20.56 17.92 14.72 10.54 5.86 2.25 0.00 0.00 0.00
0.00 0.00 0.00 0.00 0.00 0.00 0.00 0.00 85.04 177.31 283.65 376.86 443.07 492.69 510.02 504.02 469.38 387.32 281.88 160.63 68.79 0.00 0.00 0.00
