0.00 0.00 0.00 0.00 0.00 0.00 0.00 0.00 0.19 1.04 2.03 2.85 3.52 3.88 3.96 3.77 3.20 2.31 1.39 0.13 0.00 0.00 0.00 0.00
0.00 0.00 0.00 0.00 0.00 0.00 0.00 0.00 9.62 27.00 46.25 63.14 72.86 77.89 76.06 69.26 55.34 38.30 20.99 0.25 0.00 0.00 0.00 0.00
0.00 0.00 0.00 0.00 0.00 0.00 0.00 0.00 4.41 23.73 46.44 65.22 80.38 88.63 90.44 86.16 73.17 52.77 31.72 3.07 0.00 0.00 0.00 0.00
0.00 0.00 0.00 0.00 0.00 0.00 0.00 0.00 15.69 84.34 165.03 231.79 285.67 314.99 321.43 306.19 260.03 187.54 112.75 10.91 0.00 0.00 0.00 0.00
0.00 0.00 0.00 0.00 0.00 0.00 0.00 0.00 2.06 4.94 7.86 10.27 11.53 12.46 11.95 10.52 8.36 5.62 2.82 0.00 0.00 0.00 0.00 0.00
0.00 0.00 0.00 0.00 0.00 0.00 0.00 0.00 26.92 180.21 363.37 511.39 633.84 725.98 753.73 724.31 614.61 444.93 273.01 30.39 0.00 0.00 0.00 0.00
0.00 0.00 0.00 0.00 0.00 0.00 0.00 0.00 0.82 2.34 4.09 5.58 6.56 7.18 7.20 6.61 5.41 3.64 1.94 0.00 0.00 0.00 0.00 0.00
0.00 0.00 0.00 0.00 0.00 0.00 0.00 0.00 0.55 1.54 2.64 3.57 4.01 4.36 4.26 3.93 3.26 2.26 1.23 0.01 0.00 0.00 0.00 0.00
0.00 0.00 0.00 0.00 0.00 0.00 0.00 0.00 0.88 2.47 4.23 5.71 6.41 6.97 6.82 6.28 5.22 3.61 1.97 0.01 0.00 0.00 0.00 0.00
0.00 0.00 0.00 0.00 0.00 0.00 0.00 0.00 0.88 2.47 4.23 5.71 6.41 6.97 6.82 6.28 5.22 3.61 1.97 0.01 0.00 0.00 0.00 0.00
0.00 0.00 0.00 0.00 0.00 0.00 0.00 0.00 1.57 4.88 8.73 12.29 14.41 16.28 16.03 15.07 12.84 8.98 5.02 0.12 0.00 0.00 0.00 0.00
0.00 0.00 0.00 0.00 0.00 0.00 0.00 0.00 0.76 2.36 4.22 5.95 6.89 7.72 7.62 7.22 6.10 4.25 2.37 0.05 0.00 0.00 0.00 0.00
0.00 0.00 0.00 0.00 0.00 0.00 0.00 0.00 0.98 3.04 5.42 7.64 8.86 9.93 9.80 9.28 7.84 5.46 3.05 0.07 0.00 0.00 0.00 0.00
0.00 0.00 0.00 0.00 0.00 0.00 0.00 0.00 0.66 2.03 3.61 5.10 5.91 6.62 6.53 6.19 5.23 3.64 2.03 0.05 0.00 0.00 0.00 0.00
0.00 0.00 0.00 0.00 0.00 0.00 0.00 0.00 0.66 2.03 3.61 5.10 5.91 6.62 6.53 6.19 5.23 3.64 2.03 0.05 0.00 0.00 0.00 0.00
0.00 0.00 0.00 0.00 0.00 0.00 0.00 0.00 9.24 30.26 54.51 77.22 90.57 97.22 97.16 90.39 76.23 53.41 30.79 1.85 0.00 0.00 0.00 0.00
0.00 0.00 0.00 0.00 0.00 0.00 0.00 0.00 4.99 15.13 26.91 37.51 43.49 48.15 47.98 44.53 37.87 26.56 14.71 0.35 0.00 0.00 0.00 0.00
0.00 0.00 0.00 0.00 0.00 0.00 0.00 0.00 3.77 11.93 21.32 29.56 35.40 39.90 39.87 37.47 31.81 22.36 12.48 0.33 0.00 0.00 0.00 0.00
0.00 0.00 0.00 0.00 0.00 0.00 0.00 0.00 7.94 53.15 107.18 150.84 186.96 214.14 222.32 213.64 181.29 131.24 80.53 8.96 0.00 0.00 0.00 0.00
0.00 0.00 0.00 0.00 0.00 0.00 0.00 0.00 7.55 50.56 101.95 143.48 177.84 203.69 211.48 203.22 172.44 124.84 76.60 8.53 0.00 0.00 0.00 0.00
0.00 0.00 0.00 0.00 0.00 0.00 0.00 0.00 14.53 97.23 196.06 275.93 342.00 391.72 406.69 390.81 331.62 240.07 147.31 16.40 0.00 0.00 0.00 0.00
0.00 0.00 0.00 0.00 0.00 0.00 0.00 0.00 14.28 95.61 192.80 271.33 336.30 385.19 399.91 384.30 326.10 236.07 144.85 16.13 0.00 0.00 0.00 0.00
0.00 0.00 0.00 0.00 0.00 0.00 0.00 0.00 18.15 107.53 212.17 294.47 367.86 409.35 420.67 396.92 337.41 243.05 146.68 15.14 0.00 0.00 0.00 0.00
0.00 0.00 0.00 0.00 0.00 0.00 0.00 0.00 0.55 1.54 2.64 3.57 4.01 4.36 4.26 3.93 3.26 2.26 1.23 0.01 0.00 0.00 0.00 0.00
0.00 0.00 0.00 0.00 0.00 0.00 0.00 0.00 2.78 7.81 13.39 18.08 20.30 22.08 21.61 19.90 16.53 11.44 6.24 0.04 0.00 0.00 0.00 0.00
0.00 0.00 0.00 0.00 0.00 0.00 0.00 0.00 14.17 39.87 68.38 92.28 103.65 112.70 110.32 101.58 84.36 58.38 31.86 0.21 0.00 0.00 0.00 0.00
0.00 0.00 0.00 0.00 0.00 0.00 0.00 0.00 0.54 3.63 7.32 10.30 12.77 14.62 15.18 14.59 12.38 8.96 5.50 0.61 0.00 0.00 0.00 0.00
0.00 0.00 0.00 0.00 0.00 0.00 0.00 0.00 15.44 83.02 162.46 228.18 281.21 310.08 316.42 301.42 255.98 184.62 110.99 10.74 0.00 0.00 0.00 0.00
0.00 0.00 0.00 0.00 0.00 0.00 0.00 0.00 1.64 6.41 12.01 17.56 22.19 24.66 26.02 25.24 20.78 15.25 8.95 0.59 0.00 0.00 0.00 0.00
0.00 0.00 0.00 0.00 0.00 0.00 0.00 0.00 10.96 44.81 84.38 116.86 138.23 152.85 157.90 146.36 122.24 84.76 48.90 2.53 0.00 0.00 0.00 0.00
0.00 0.00 0.00 0.00 0.00 0.00 0.00 0.00 0.26 1.38 2.71 3.80 4.69 5.17 5.27 5.02 4.27 3.08 1.85 0.18 0.00 0.00 0.00 0.00
0.00 0.00 0.00 0.00 0.00 0.00 0.00 0.00 11.58 62.27 121.84 171.14 210.91 232.56 237.31 226.06 191.99 138.46 83.24 8.06 0.00 0.00 0.00 0.00
0.00 0.00 0.00 0.00 0.00 0.00 0.00 0.00 14.86 79.91 156.37 219.62 270.67 298.45 304.55 290.12 246.38 177.69 106.83 10.34 0.00 0.00 0.00 0.00
0.00 0.00 0.00 0.00 0.00 0.00 0.00 0.00 23.93 141.81 279.80 388.33 485.12 539.83 554.76 523.44 444.96 320.52 193.43 19.97 0.00 0.00 0.00 0.00
0.00 0.00 0.00 0.00 0.00 0.00 0.00 0.00 1.15 3.67 6.58 9.26 10.88 12.46 12.25 11.26 9.73 6.90 3.89 0.11 0.00 0.00 0.00 0.00
0.00 0.00 0.00 0.00 0.00 0.00 0.00 0.00 1.46 4.64 8.30 11.62 13.75 15.43 15.12 14.23 12.11 8.57 4.83 0.12 0.00 0.00 0.00 0.00
0.00 0.00 0.00 0.00 0.00 0.00 0.00 0.00 6.74 26.44 49.54 72.42 91.51 101.71 107.32 104.12 85.72 62.91 36.92 2.42 0.00 0.00 0.00 0.00
0.00 0.00 0.00 0.00 0.00 0.00 0.00 0.00 8.81 99.71 205.10 290.91 362.37 406.31 419.83 394.12 337.73 246.77 151.78 20.08 0.00 0.00 0.00 0.00
0.00 0.00 0.00 0.00 0.00 0.00 0.00 0.00 0.42 1.25 2.20 2.95 3.43 3.79 3.74 3.44 2.90 2.01 1.10 0.02 0.00 0.00 0.00 0.00
0.00 0.00 0.00 0.00 0.00 0.00 0.00 0.00 4.47 21.39 41.36 57.82 70.44 78.26 80.44 75.04 62.60 44.73 26.48 2.17 0.00 0.00 0.00 0.00
0.00 0.00 0.00 0.00 0.00 0.00 0.00 0.00 0.66 6.86 14.18 20.46 24.98 28.36 29.39 27.88 23.45 17.11 10.76 1.48 0.00 0.00 0.00 0.00
0.00 0.00 0.00 0.00 0.00 0.00 0.00 0.00 0.99 2.75 4.79 6.57 7.81 8.42 8.22 7.57 6.07 4.10 2.14 0.00 0.00 0.00 0.00 0.00
0.00 0.00 0.00 0.00 0.00 0.00 0.00 0.00 0.50 1.38 2.40 3.28 3.90 4.21 4.11 3.79 3.03 2.05 1.07 0.00 0.00 0.00 0.00 0.00
0.00 0.00 0.00 0.00 0.00 0.00 0.00 0.00 1.09 3.01 5.24 7.18 8.54 9.21 8.99 8.29 6.64 4.48 2.34 0.00 0.00 0.00 0.00 0.00
0.00 0.00 0.00 0.00 0.00 0.00 0.00 0.00 1.33 3.68 6.37 8.60 10.16 10.98 10.86 10.02 8.07 5.43 2.86 0.00 0.00 0.00 0.00 0.00
0.00 0.00 0.00 0.00 0.00 0.00 0.00 0.00 2.02 5.61 9.71 13.10 15.48 16.73 16.55 15.27 12.30 8.28 4.36 0.00 0.00 0.00 0.00 0.00
0.00 0.00 0.00 0.00 0.00 0.00 0.00 0.00 1.66 4.76 8.36 11.26 13.37 14.65 14.74 13.55 10.90 7.46 3.98 0.00 0.00 0.00 0.00 0.00
0.00 0.00 0.00 0.00 0.00 0.00 0.00 0.00 1.04 3.76 6.92 9.41 11.06 11.90 12.08 11.20 9.18 6.38 3.59 0.09 0.00 0.00 0.00 0.00
0.00 0.00 0.00 0.00 0.00 0.00 0.00 0.00 2.69 9.73 17.88 24.31 28.56 30.74 31.20 28.93 23.72 16.49 9.28 0.23 0.00 0.00 0.00 0.00
0.00 0.00 0.00 0.00 0.00 0.00 0.00 0.00 0.67 2.49 4.62 6.26 7.48 8.21 8.40 7.69 6.40 4.39 2.49 0.11 0.00 0.00 0.00 0.00
0.00 0.00 0.00 0.00 0.00 0.00 0.00 0.00 2.04 5.70 9.86 13.33 15.21 16.62 16.58 15.12 12.40 8.50 4.57 0.00 0.00 0.00 0.00 0.00
0.00 0.00 0.00 0.00 0.00 0.00 0.00 0.00 3.16 8.97 15.58 21.01 24.64 27.67 28.27 26.01 21.29 14.35 7.70 0.00 0.00 0.00 0.00 0.00
0.00 0.00 0.00 0.00 0.00 0.00 0.00 0.00 0.61 1.48 2.39 3.16 3.49 3.73 3.64 3.25 2.67 1.82 0.92 0.00 0.00 0.00 0.00 0.00
0.00 0.00 0.00 0.00 0.00 0.00 0.00 0.00 3.30 8.51 14.00 18.55 20.85 22.80 21.95 19.80 15.87 10.93 5.72 0.00 0.00 0.00 0.00 0.00
0.00 0.00 0.00 0.00 0.00 0.00 0.00 0.00 2.26 5.64 9.27 12.17 13.42 14.83 14.50 12.97 10.38 6.95 3.57 0.00 0.00 0.00 0.00 0.00
0.00 0.00 0.00 0.00 0.00 0.00 0.00 0.00 3.12 7.78 12.79 16.79 18.53 20.47 20.01 17.90 14.33 9.59 4.93 0.00 0.00 0.00 0.00 0.00
0.00 0.00 0.00 0.00 0.00 0.00 0.00 0.00 2.12 5.30 8.71 11.44 12.62 13.94 13.63 12.20 9.76 6.53 3.36 0.00 0.00 0.00 0.00 0.00
0.00 0.00 0.00 0.00 0.00 0.00 0.00 0.00 1.76 4.54 7.47 9.89 11.12 12.16 11.70 10.56 8.46 5.83 3.05 0.00 0.00 0.00 0.00 0.00
0.00 0.00 0.00 0.00 0.00 0.00 0.00 0.00 1.75 4.25 6.88 9.08 10.20 11.06 10.79 9.63 7.62 5.06 2.56 0.00 0.00 0.00 0.00 0.00
0.00 0.00 0.00 0.00 0.00 0.00 0.00 0.00 1.57 4.42 7.58 10.23 11.49 12.49 12.23 11.26 9.35 6.47 3.53 0.02 0.00 0.00 0.00 0.00
0.00 0.00 0.00 0.00 0.00 0.00 0.00 0.00 12.02 39.38 70.94 100.51 117.89 126.53 126.46 117.65 99.22 69.52 40.08 2.41 0.00 0.00 0.00 0.00
0.00 0.00 0.00 0.00 0.00 0.00 0.00 0.00 1.78 5.53 9.89 13.93 16.34 18.45 18.17 17.08 14.55 10.18 5.69 0.14 0.00 0.00 0.00 0.00
0.00 0.00 0.00 0.00 0.00 0.00 0.00 0.00 3.06 8.93 15.61 21.06 24.34 26.68 26.64 24.83 20.65 14.50 7.94 0.08 0.00 0.00 0.00 0.00
0.00 0.00 0.00 0.00 0.00 0.00 0.00 0.00 1.40 4.09 7.15 9.65 11.16 12.23 12.21 11.38 9.47 6.64 3.64 0.04 0.00 0.00 0.00 0.00
0.00 0.00 0.00 0.00 0.00 0.00 0.00 0.00 2.18 6.77 12.09 16.98 19.94 22.59 22.30 20.87 17.75 12.53 7.00 0.17 0.00 0.00 0.00 0.00
0.00 0.00 0.00 0.00 0.00 0.00 0.00 0.00 1.03 3.03 5.34 7.16 8.34 9.21 9.09 8.35 7.04 4.89 2.68 0.04 0.00 0.00 0.00 0.00
0.00 0.00 0.00 0.00 0.00 0.00 0.00 0.00 6.98 27.37 51.29 74.98 94.75 105.31 111.11 107.80 88.75 65.13 38.22 2.51 0.00 0.00 0.00 0.00
0.00 0.00 0.00 0.00 0.00 0.00 0.00 0.00 2.62 10.71 20.18 27.95 33.05 36.55 37.76 35.00 29.23 20.27 11.69 0.60 0.00 0.00 0.00 0.00
0.00 0.00 0.00 0.00 0.00 0.00 0.00 0.00 0.58 2.39 4.50 6.28 7.48 8.31 8.46 7.82 6.48 4.61 2.67 0.16 0.00 0.00 0.00 0.00
0.00 0.00 0.00 0.00 0.00 0.00 0.00 0.00 0.74 2.96 5.52 7.62 9.21 10.36 10.48 9.70 8.23 5.88 3.40 0.20 0.00 0.00 0.00 0.00
0.00 0.00 0.00 0.00 0.00 0.00 0.00 0.00 1.19 4.73 8.83 12.20 14.73 16.58 16.77 15.52 13.17 9.41 5.44 0.33 0.00 0.00 0.00 0.00
0.00 0.00 0.00 0.00 0.00 0.00 0.00 0.00 14.77 98.85 199.33 280.53 347.70 398.25 413.47 397.33 337.15 244.07 149.76 16.67 0.00 0.00 0.00 0.00
