0.00 0.00 0.00 0.00 0.00 0.00 0.00 0.04 0.99 1.92 2.97 3.92 4.59 4.56 4.72 4.56 3.21 2.65 1.90 1.33 0.58 0.00 0.00 0.00
0.00 0.00 0.00 0.00 0.00 0.00 0.00 1.85 13.61 24.88 49.14 63.74 73.85 80.91 82.35 78.40 57.74 45.52 30.72 16.17 4.18 0.00 0.00 0.00
0.00 0.00 0.00 0.00 0.00 0.00 0.00 0.80 22.64 43.81 67.88 89.57 105.02 104.35 107.86 104.21 73.47 60.58 43.37 30.46 13.20 0.00 0.00 0.00
0.00 0.00 0.00 0.00 0.00 0.00 0.00 2.86 80.46 155.69 241.23 318.34 373.22 370.84 383.32 370.37 261.10 215.31 154.14 108.24 46.93 0.00 0.00 0.00
0.00 0.00 0.00 0.00 0.00 0.00 0.00 1.06 3.86 6.50 8.90 11.18 12.70 13.31 13.33 12.55 10.60 8.26 5.40 2.52 0.51 0.00 0.00 0.00
0.00 0.00 0.00 0.00 0.00 0.00 0.00 0.00 163.30 331.35 528.38 701.18 825.03 918.53 950.55 939.66 876.18 723.22 527.51 304.34 134.72 0.00 0.00 0.00
0.00 0.00 0.00 0.00 0.00 0.00 0.00 0.67 2.53 4.30 6.33 8.00 9.19 9.51 9.50 9.09 7.13 5.73 3.96 1.79 0.59 0.00 0.00 0.00
0.00 0.00 0.00 0.00 0.00 0.00 0.00 0.19 1.18 2.13 3.11 4.07 4.72 4.91 4.96 4.70 2.63 2.11 1.43 0.57 0.16 0.00 0.00 0.00
0.00 0.00 0.00 0.00 0.00 0.00 0.00 0.31 1.90 3.40 4.98 6.51 7.56 7.86 7.93 7.51 4.20 3.38 2.28 0.91 0.25 0.00 0.00 0.00
0.00 0.00 0.00 0.00 0.00 0.00 0.00 0.31 1.90 3.40 4.98 6.51 7.56 7.86 7.93 7.51 4.20 3.38 2.28 0.91 0.25 0.00 0.00 0.00
0.00 0.00 0.00 0.00 0.00 0.00 0.00 0.62 4.32 7.86 12.60 16.82 19.60 17.02 17.24 16.41 10.10 8.01 5.48 2.36 0.76 0.00 0.00 0.00
0.00 0.00 0.00 0.00 0.00 0.00 0.00 0.29 2.00 3.64 5.92 7.84 9.14 7.35 7.51 7.15 4.08 3.24 2.20 0.99 0.32 0.00 0.00 0.00
0.00 0.00 0.00 0.00 0.00 0.00 0.00 0.37 2.57 4.68 7.61 10.07 11.75 9.45 9.65 9.19 5.25 4.17 2.83 1.27 0.41 0.00 0.00 0.00
0.00 0.00 0.00 0.00 0.00 0.00 0.00 0.25 1.71 3.12 5.07 6.72 7.83 6.30 6.43 6.13 3.50 2.78 1.88 0.85 0.27 0.00 0.00 0.00
0.00 0.00 0.00 0.00 0.00 0.00 0.00 0.25 1.71 3.12 5.07 6.72 7.83 6.30 6.43 6.13 3.50 2.78 1.88 0.85 0.27 0.00 0.00 0.00
0.00 0.00 0.00 0.00 0.00 0.00 0.00 0.10 17.78 34.82 53.25 69.47 81.13 77.03 78.37 74.84 85.66 66.57 45.88 25.73 7.73 0.00 0.00 0.00
0.00 0.00 0.00 0.00 0.00 0.00 0.00 2.28 13.83 24.85 38.79 51.29 60.35 52.94 52.64 49.34 36.55 29.06 19.93 8.10 2.58 0.00 0.00 0.00
0.00 0.00 0.00 0.00 0.00 0.00 0.00 1.99 12.17 21.92 32.73 42.81 50.38 45.19 44.93 41.83 31.96 25.54 17.45 8.74 2.96 0.00 0.00 0.00
0.00 0.00 0.00 0.00 0.00 0.00 0.00 0.00 48.17 97.74 155.85 206.82 243.35 270.93 280.38 277.17 258.44 213.32 155.60 89.77 39.74 0.00 0.00 0.00
0.00 0.00 0.00 0.00 0.00 0.00 0.00 0.00 45.82 92.97 148.25 196.74 231.48 257.72 266.70 263.65 245.83 202.92 148.01 85.39 37.80 0.00 0.00 0.00
0.00 0.00 0.00 0.00 0.00 0.00 0.00 0.00 88.11 178.79 285.10 378.34 445.16 495.61 512.89 507.01 472.76 390.23 284.63 164.21 72.69 0.00 0.00 0.00
0.00 0.00 0.00 0.00 0.00 0.00 0.00 0.00 86.64 175.81 280.35 372.03 437.74 487.35 504.34 498.56 464.88 383.72 279.89 161.47 71.48 0.00 0.00 0.00
0.00 0.00 0.00 0.00 0.00 0.00 0.00 4.98 105.68 203.78 321.68 428.10 507.24 510.11 526.41 511.44 345.41 284.25 206.04 108.86 48.76 0.00 0.00 0.00
0.00 0.00 0.00 0.00 0.00 0.00 0.00 0.19 1.18 2.13 3.11 4.07 4.72 4.91 4.96 4.70 2.63 2.11 1.43 0.57 0.16 0.00 0.00 0.00
0.00 0.00 0.00 0.00 0.00 0.00 0.00 0.99 6.00 10.77 15.76 20.62 23.93 24.90 25.12 23.80 13.31 10.71 7.23 2.87 0.79 0.00 0.00 0.00
0.00 0.00 0.00 0.00 0.00 0.00 0.00 5.04 30.64 54.97 80.45 105.26 122.15 127.12 128.23 121.49 67.94 54.67 36.92 14.67 4.02 0.00 0.00 0.00
0.00 0.00 0.00 0.00 0.00 0.00 0.00 0.00 3.29 6.67 10.64 14.12 16.62 18.50 19.15 18.93 17.65 14.57 10.63 6.13 2.71 0.00 0.00 0.00
0.00 0.00 0.00 0.00 0.00 0.00 0.00 2.81 79.20 153.27 237.47 313.38 367.40 365.06 377.34 364.59 257.03 211.95 151.74 106.55 46.20 0.00 0.00 0.00
0.00 0.00 0.00 0.00 0.00 0.00 0.00 0.22 5.97 11.52 18.40 25.28 30.50 27.41 27.58 26.38 21.08 17.05 11.81 8.62 3.22 0.00 0.00 0.00
0.00 0.00 0.00 0.00 0.00 0.00 0.00 6.99 44.93 81.53 127.67 166.83 194.97 197.98 201.30 190.24 150.79 123.94 88.73 40.41 16.74 0.00 0.00 0.00
0.00 0.00 0.00 0.00 0.00 0.00 0.00 0.05 1.32 2.55 3.96 5.22 6.12 6.08 6.29 6.08 4.28 3.53 2.53 1.78 0.77 0.00 0.00 0.00
0.00 0.00 0.00 0.00 0.00 0.00 0.00 2.11 59.40 114.95 178.10 235.03 275.55 273.80 283.01 273.44 192.77 158.96 113.80 79.91 34.65 0.00 0.00 0.00
0.00 0.00 0.00 0.00 0.00 0.00 0.00 2.71 76.23 147.52 228.56 301.63 353.63 351.37 363.19 350.92 247.39 204.00 146.05 102.56 44.46 0.00 0.00 0.00
0.00 0.00 0.00 0.00 0.00 0.00 0.00 6.57 139.37 268.74 424.21 564.55 668.93 672.71 694.20 674.46 455.51 374.86 271.71 143.56 64.30 0.00 0.00 0.00
0.00 0.00 0.00 0.00 0.00 0.00 0.00 0.34 2.99 5.53 9.07 11.96 14.16 9.94 10.07 9.44 5.93 4.75 3.25 1.54 0.49 0.00 0.00 0.00
0.00 0.00 0.00 0.00 0.00 0.00 0.00 0.44 3.69 6.79 11.35 14.99 17.55 13.01 13.18 12.45 7.49 5.97 4.11 1.92 0.62 0.00 0.00 0.00
0.00 0.00 0.00 0.00 0.00 0.00 0.00 0.91 24.64 47.54 75.90 104.27 125.80 113.06 113.78 108.82 86.94 70.32 48.70 35.54 13.27 0.00 0.00 0.00
0.00 0.00 0.00 0.00 0.00 0.00 0.00 6.06 105.25 202.02 311.86 422.40 509.99 565.18 578.31 553.29 504.58 418.02 302.49 180.04 89.44 0.00 0.00 0.00
0.00 0.00 0.00 0.00 0.00 0.00 0.00 0.21 1.14 2.02 3.04 4.01 4.69 3.99 3.97 3.69 2.86 2.27 1.56 0.76 0.24 0.00 0.00 0.00
0.00 0.00 0.00 0.00 0.00 0.00 0.00 1.84 21.22 40.06 62.61 83.01 96.76 92.70 94.66 90.60 60.89 50.24 35.72 21.54 9.18 0.00 0.00 0.00
0.00 0.00 0.00 0.00 0.00 0.00 0.00 0.00 5.31 11.44 18.47 25.10 29.82 32.58 33.35 32.24 28.96 23.94 17.47 10.71 4.91 0.00 0.00 0.00
0.00 0.00 0.00 0.00 0.00 0.00 0.00 0.82 2.91 4.90 7.25 9.21 10.46 10.84 10.71 10.20 8.02 6.35 4.42 1.96 0.63 0.00 0.00 0.00
0.00 0.00 0.00 0.00 0.00 0.00 0.00 0.41 1.46 2.45 3.62 4.61 5.23 5.42 5.35 5.10 4.01 3.17 2.21 0.98 0.32 0.00 0.00 0.00
0.00 0.00 0.00 0.00 0.00 0.00 0.00 0.89 3.19 5.36 7.92 10.08 11.44 11.86 11.71 11.16 8.77 6.94 4.83 2.14 0.69 0.00 0.00 0.00
0.00 0.00 0.00 0.00 0.00 0.00 0.00 1.04 3.84 6.48 9.62 12.25 13.99 14.04 13.81 13.17 10.71 8.59 5.91 2.61 0.83 0.00 0.00 0.00
0.00 0.00 0.00 0.00 0.00 0.00 0.00 1.58 5.85 9.88 14.66 18.66 21.33 21.40 21.05 20.06 16.32 13.10 9.01 3.98 1.27 0.00 0.00 0.00
0.00 0.00 0.00 0.00 0.00 0.00 0.00 1.35 5.19 8.83 12.98 16.26 18.74 19.24 19.29 18.31 14.36 11.38 7.95 3.68 1.22 0.00 0.00 0.00
0.00 0.00 0.00 0.00 0.00 0.00 0.00 0.80 3.81 6.70 10.23 13.49 15.75 16.33 16.35 15.64 13.02 10.49 7.41 3.78 1.51 0.00 0.00 0.00
0.00 0.00 0.00 0.00 0.00 0.00 0.00 2.05 9.85 17.32 26.42 34.86 40.68 42.20 42.23 40.39 33.64 27.10 19.14 9.76 3.91 0.00 0.00 0.00
0.00 0.00 0.00 0.00 0.00 0.00 0.00 0.45 2.55 4.56 7.07 9.24 10.80 11.08 11.01 10.40 7.86 6.33 4.49 2.03 0.81 0.00 0.00 0.00
0.00 0.00 0.00 0.00 0.00 0.00 0.00 1.09 5.14 8.97 13.52 17.59 20.28 18.24 18.18 17.03 13.07 10.54 7.24 2.66 0.79 0.00 0.00 0.00
0.00 0.00 0.00 0.00 0.00 0.00 0.00 2.14 9.19 15.88 23.55 30.30 34.91 33.21 33.59 31.48 23.50 18.53 12.61 5.71 1.79 0.00 0.00 0.00
0.00 0.00 0.00 0.00 0.00 0.00 0.00 0.35 1.26 2.12 3.00 3.74 4.17 4.00 3.97 3.69 2.52 1.98 1.34 0.75 0.16 0.00 0.00 0.00
0.00 0.00 0.00 0.00 0.00 0.00 0.00 1.54 6.73 11.63 16.53 21.09 23.87 24.14 23.85 22.49 18.01 14.45 9.84 4.47 1.08 0.00 0.00 0.00
0.00 0.00 0.00 0.00 0.00 0.00 0.00 1.18 4.68 7.97 11.52 14.52 16.30 14.39 14.10 13.57 12.19 9.71 6.57 3.09 0.70 0.00 0.00 0.00
0.00 0.00 0.00 0.00 0.00 0.00 0.00 1.63 6.46 11.00 15.90 20.04 22.49 19.86 19.45 18.72 16.83 13.39 9.06 4.27 0.97 0.00 0.00 0.00
0.00 0.00 0.00 0.00 0.00 0.00 0.00 1.11 4.40 7.50 10.83 13.65 15.32 13.52 13.25 12.75 11.46 9.12 6.17 2.91 0.66 0.00 0.00 0.00
0.00 0.00 0.00 0.00 0.00 0.00 0.00 0.82 3.59 6.20 8.82 11.25 12.73 12.87 12.72 11.99 9.60 7.71 5.25 2.38 0.58 0.00 0.00 0.00
0.00 0.00 0.00 0.00 0.00 0.00 0.00 0.89 3.37 5.71 7.98 10.03 11.35 12.45 12.52 11.89 10.31 8.09 5.32 2.35 0.49 0.00 0.00 0.00
0.00 0.00 0.00 0.00 0.00 0.00 0.00 0.56 3.40 6.09 8.92 11.67 13.54 14.09 14.21 13.46 7.53 6.06 4.09 1.63 0.45 0.00 0.00 0.00
0.00 0.00 0.00 0.00 0.00 0.00 0.00 0.13 23.14 45.32 69.30 90.43 105.60 100.26 102.00 97.41 111.50 86.65 59.71 33.49 10.07 0.00 0.00 0.00
0.00 0.00 0.00 0.00 0.00 0.00 0.00 0.70 4.90 8.91 14.28 19.06 22.22 19.29 19.54 18.60 11.44 9.08 6.21 2.67 0.86 0.00 0.00 0.00
0.00 0.00 0.00 0.00 0.00 0.00 0.00 1.39 7.84 13.97 20.73 27.13 31.79 27.30 27.21 25.58 15.45 12.13 8.29 3.38 1.02 0.00 0.00 0.00
0.00 0.00 0.00 0.00 0.00 0.00 0.00 0.64 3.60 6.40 9.50 12.43 14.57 12.51 12.47 11.72 7.08 5.56 3.80 1.55 0.47 0.00 0.00 0.00
0.00 0.00 0.00 0.00 0.00 0.00 0.00 0.91 6.23 11.31 17.73 23.62 27.59 24.92 25.19 23.89 15.44 12.28 8.38 3.44 1.11 0.00 0.00 0.00
0.00 0.00 0.00 0.00 0.00 0.00 0.00 0.50 2.76 4.91 7.38 9.74 11.40 9.68 9.65 8.95 6.94 5.52 3.79 1.85 0.58 0.00 0.00 0.00
0.00 0.00 0.00 0.00 0.00 0.00 0.00 0.95 25.51 49.22 78.59 107.96 130.25 117.06 117.80 112.66 90.02 72.81 50.42 36.79 13.74 0.00 0.00 0.00
0.00 0.00 0.00 0.00 0.00 0.00 0.00 1.67 10.74 19.50 30.53 39.89 46.62 47.34 48.14 45.49 36.06 29.64 21.22 9.66 4.00 0.00 0.00 0.00
0.00 0.00 0.00 0.00 0.00 0.00 0.00 0.34 2.42 4.42 6.89 8.99 10.53 10.53 10.64 10.04 7.22 5.85 4.19 2.02 0.83 0.00 0.00 0.00
0.00 0.00 0.00 0.00 0.00 0.00 0.00 0.40 3.13 5.74 8.66 11.30 13.13 12.50 12.52 11.96 7.96 6.55 4.71 2.59 1.04 0.00 0.00 0.00
0.00 0.00 0.00 0.00 0.00 0.00 0.00 0.65 5.00 9.18 13.85 18.09 21.00 19.99 20.04 19.13 12.73 10.48 7.53 4.14 1.66 0.00 0.00 0.00
0.00 0.00 0.00 0.00 0.00 0.00 0.00 0.00 89.58 181.77 289.85 384.64 452.58 503.87 521.44 515.46 480.64 396.73 289.37 166.95 73.90 0.00 0.00 0.00
