0.00 0.00 0.00 0.00 0.00 0.00 0.00 0.00 0.45 1.36 2.39 3.31 4.09 4.59 4.70 4.47 3.88 2.93 1.82 0.50 0.00 0.00 0.00 0.00
0.00 0.00 0.00 0.00 0.00 0.00 0.00 0.00 8.54 20.02 35.66 45.86 55.45 81.59 78.90 72.65 58.00 42.27 26.04 3.93 0.00 0.00 0.00 0.00
0.00 0.00 0.00 0.00 0.00 0.00 0.00 0.00 10.18 31.10 54.74 75.68 93.46 104.94 107.55 102.15 88.62 67.07 41.69 11.47 0.00 0.00 0.00 0.00
0.00 0.00 0.00 0.00 0.00 0.00 0.00 0.00 36.19 110.52 194.54 268.97 332.14 372.96 382.24 363.02 314.94 238.36 148.15 40.75 0.00 0.00 0.00 0.00
0.00 0.00 0.00 0.00 0.00 0.00 0.00 0.00 0.72 1.50 3.04 3.92 4.56 3.28 3.18 2.90 5.13 3.69 2.25 0.26 0.00 0.00 0.00 0.00
0.00 0.00 0.00 0.00 0.00 0.00 0.00 0.00 70.30 237.54 432.94 603.01 744.23 830.04 849.56 825.80 725.96 550.82 345.15 104.84 0.00 0.00 0.00 0.00
0.00 0.00 0.00 0.00 0.00 0.00 0.00 0.00 0.80 1.79 2.08 2.76 3.31 4.91 4.96 4.60 4.61 3.36 2.06 0.52 0.00 0.00 0.00 0.00
0.00 0.00 0.00 0.00 0.00 0.00 0.00 0.00 0.53 1.22 2.10 2.78 3.24 4.03 3.96 3.68 3.66 2.70 1.62 0.32 0.00 0.00 0.00 0.00
0.00 0.00 0.00 0.00 0.00 0.00 0.00 0.00 0.84 1.96 3.37 4.44 5.19 6.46 6.34 5.89 5.85 4.31 2.59 0.51 0.00 0.00 0.00 0.00
0.00 0.00 0.00 0.00 0.00 0.00 0.00 0.00 0.84 1.96 3.37 4.44 5.19 6.46 6.34 5.89 5.85 4.31 2.59 0.51 0.00 0.00 0.00 0.00
0.00 0.00 0.00 0.00 0.00 0.00 0.00 0.00 2.01 4.91 9.34 12.53 15.15 18.14 18.31 17.07 16.63 12.08 7.22 1.44 0.00 0.00 0.00 0.00
0.00 0.00 0.00 0.00 0.00 0.00 0.00 0.00 0.92 2.23 4.62 6.25 7.56 9.03 8.99 8.36 7.88 5.72 3.39 0.67 0.00 0.00 0.00 0.00
0.00 0.00 0.00 0.00 0.00 0.00 0.00 0.00 1.18 2.87 5.94 8.04 9.72 11.61 11.55 10.75 10.13 7.36 4.36 0.86 0.00 0.00 0.00 0.00
0.00 0.00 0.00 0.00 0.00 0.00 0.00 0.00 0.79 1.92 3.96 5.36 6.48 7.74 7.70 7.16 6.75 4.91 2.91 0.58 0.00 0.00 0.00 0.00
0.00 0.00 0.00 0.00 0.00 0.00 0.00 0.00 0.79 1.92 3.96 5.36 6.48 7.74 7.70 7.16 6.75 4.91 2.91 0.58 0.00 0.00 0.00 0.00
0.00 0.00 0.00 0.00 0.00 0.00 0.00 0.00 14.14 37.00 63.05 84.52 100.88 113.82 113.93 106.56 92.45 68.52 40.25 8.27 0.00 0.00 0.00 0.00
0.00 0.00 0.00 0.00 0.00 0.00 0.00 0.00 5.31 12.71 21.26 28.38 34.26 39.56 39.88 37.03 45.00 32.61 19.56 4.46 0.00 0.00 0.00 0.00
0.00 0.00 0.00 0.00 0.00 0.00 0.00 0.00 4.09 9.97 16.73 22.31 26.75 31.43 31.14 29.31 38.16 28.28 17.27 3.67 0.00 0.00 0.00 0.00
0.00 0.00 0.00 0.00 0.00 0.00 0.00 0.00 20.74 70.07 127.70 177.87 219.52 244.83 250.59 243.58 214.13 162.47 101.81 30.92 0.00 0.00 0.00 0.00
0.00 0.00 0.00 0.00 0.00 0.00 0.00 0.00 19.72 66.65 121.47 169.19 208.81 232.89 238.37 231.70 203.69 154.55 96.84 29.42 0.00 0.00 0.00 0.00
0.00 0.00 0.00 0.00 0.00 0.00 0.00 0.00 37.93 128.17 233.60 325.37 401.56 447.86 458.40 445.58 391.70 297.21 186.23 56.57 0.00 0.00 0.00 0.00
0.00 0.00 0.00 0.00 0.00 0.00 0.00 0.00 37.30 126.03 229.71 319.94 394.87 440.40 450.76 438.15 385.18 292.25 183.13 55.63 0.00 0.00 0.00 0.00
0.00 0.00 0.00 0.00 0.00 0.00 0.00 0.00 45.58 141.51 251.26 346.62 431.84 481.24 493.82 467.33 407.31 310.68 194.31 54.02 0.00 0.00 0.00 0.00
0.00 0.00 0.00 0.00 0.00 0.00 0.00 0.00 0.53 1.22 2.10 2.78 3.24 4.03 3.96 3.68 3.66 2.70 1.62 0.32 0.00 0.00 0.00 0.00
0.00 0.00 0.00 0.00 0.00 0.00 0.00 0.00 2.67 6.20 10.66 14.07 16.43 20.44 20.06 18.64 18.53 13.66 8.19 1.63 0.00 0.00 0.00 0.00
0.00 0.00 0.00 0.00 0.00 0.00 0.00 0.00 13.64 31.66 54.42 71.83 83.86 104.36 102.43 95.18 94.60 69.75 41.81 8.32 0.00 0.00 0.00 0.00
0.00 0.00 0.00 0.00 0.00 0.00 0.00 0.00 1.42 4.79 8.72 12.15 14.99 16.72 17.11 16.63 14.62 11.10 6.95 2.11 0.00 0.00 0.00 0.00
0.00 0.00 0.00 0.00 0.00 0.00 0.00 0.00 35.63 108.80 191.51 264.77 326.96 367.14 376.29 357.36 310.03 234.65 145.84 40.11 0.00 0.00 0.00 0.00
0.00 0.00 0.00 0.00 0.00 0.00 0.00 0.00 3.52 9.76 16.59 22.77 27.98 31.46 31.39 29.14 25.21 18.61 11.90 2.93 0.00 0.00 0.00 0.00
0.00 0.00 0.00 0.00 0.00 0.00 0.00 0.00 21.67 57.50 97.71 133.15 161.27 178.23 182.88 170.85 143.18 109.19 66.80 15.47 0.00 0.00 0.00 0.00
0.00 0.00 0.00 0.00 0.00 0.00 0.00 0.00 0.59 1.81 3.19 4.41 5.45 6.12 6.27 5.96 5.17 3.91 2.43 0.67 0.00 0.00 0.00 0.00
0.00 0.00 0.00 0.00 0.00 0.00 0.00 0.00 26.72 81.60 143.63 198.58 245.22 275.36 282.21 268.02 232.53 175.99 109.38 30.08 0.00 0.00 0.00 0.00
0.00 0.00 0.00 0.00 0.00 0.00 0.00 0.00 34.29 104.72 184.33 254.84 314.70 353.37 362.17 343.96 298.41 225.85 140.37 38.61 0.00 0.00 0.00 0.00
0.00 0.00 0.00 0.00 0.00 0.00 0.00 0.00 60.11 186.62 331.36 457.10 569.48 634.64 651.23 616.29 537.14 409.71 256.25 71.24 0.00 0.00 0.00 0.00
0.00 0.00 0.00 0.00 0.00 0.00 0.00 0.00 1.54 3.83 8.28 11.19 13.58 15.52 15.49 14.35 12.41 9.13 5.46 1.06 0.00 0.00 0.00 0.00
0.00 0.00 0.00 0.00 0.00 0.00 0.00 0.00 1.91 4.74 10.26 13.87 16.82 19.46 19.41 17.92 15.67 11.52 6.85 1.32 0.00 0.00 0.00 0.00
0.00 0.00 0.00 0.00 0.00 0.00 0.00 0.00 14.54 40.26 68.45 93.91 115.41 129.79 129.46 120.22 103.99 76.78 49.09 12.09 0.00 0.00 0.00 0.00
0.00 0.00 0.00 0.00 0.00 0.00 0.00 0.00 36.57 126.32 232.69 318.73 395.76 450.70 466.01 441.48 385.41 297.82 191.06 58.28 0.00 0.00 0.00 0.00
0.00 0.00 0.00 0.00 0.00 0.00 0.00 0.00 0.36 0.84 1.38 1.87 2.26 2.30 2.31 2.12 3.19 2.32 1.40 0.34 0.00 0.00 0.00 0.00
0.00 0.00 0.00 0.00 0.00 0.00 0.00 0.00 9.67 27.83 47.88 65.60 80.16 89.83 91.11 86.40 75.94 57.05 34.78 9.33 0.00 0.00 0.00 0.00
0.00 0.00 0.00 0.00 0.00 0.00 0.00 0.00 2.09 8.26 15.39 21.76 27.00 29.99 30.54 28.71 25.08 19.17 12.50 4.02 0.00 0.00 0.00 0.00
0.00 0.00 0.00 0.00 0.00 0.00 0.00 0.00 0.94 2.07 2.51 3.28 3.92 5.93 6.01 5.61 5.25 3.79 2.33 0.56 0.00 0.00 0.00 0.00
0.00 0.00 0.00 0.00 0.00 0.00 0.00 0.00 0.47 1.03 1.26 1.64 1.96 2.97 3.01 2.80 2.63 1.89 1.16 0.28 0.00 0.00 0.00 0.00
0.00 0.00 0.00 0.00 0.00 0.00 0.00 0.00 1.03 2.26 2.75 3.58 4.28 6.49 6.58 6.13 5.75 4.14 2.54 0.62 0.00 0.00 0.00 0.00
0.00 0.00 0.00 0.00 0.00 0.00 0.00 0.00 1.12 2.47 3.07 4.02 4.78 7.65 7.63 7.21 7.03 5.12 3.14 0.73 0.00 0.00 0.00 0.00
0.00 0.00 0.00 0.00 0.00 0.00 0.00 0.00 1.71 3.77 4.68 6.13 7.28 11.66 11.63 10.98 10.71 7.80 4.78 1.12 0.00 0.00 0.00 0.00
0.00 0.00 0.00 0.00 0.00 0.00 0.00 0.00 1.63 3.65 4.21 5.59 6.68 8.99 9.03 8.44 8.92 6.51 4.00 1.10 0.00 0.00 0.00 0.00
0.00 0.00 0.00 0.00 0.00 0.00 0.00 0.00 1.94 4.82 8.05 10.81 13.14 14.25 14.53 13.85 11.27 8.29 5.02 1.08 0.00 0.00 0.00 0.00
0.00 0.00 0.00 0.00 0.00 0.00 0.00 0.00 5.01 12.45 20.80 27.91 33.95 36.82 37.52 35.77 29.12 21.42 12.97 2.80 0.00 0.00 0.00 0.00
0.00 0.00 0.00 0.00 0.00 0.00 0.00 0.00 1.28 3.26 5.38 7.35 8.93 9.63 9.68 9.03 7.61 5.69 3.47 0.80 0.00 0.00 0.00 0.00
0.00 0.00 0.00 0.00 0.00 0.00 0.00 0.00 1.45 3.29 4.57 6.16 7.33 8.30 8.32 7.54 10.66 7.67 4.61 0.98 0.00 0.00 0.00 0.00
0.00 0.00 0.00 0.00 0.00 0.00 0.00 0.00 2.69 6.11 7.83 10.43 12.64 18.79 18.70 17.28 16.94 12.40 7.46 1.34 0.00 0.00 0.00 0.00
0.00 0.00 0.00 0.00 0.00 0.00 0.00 0.00 0.26 0.54 0.85 1.09 1.26 1.04 1.03 0.95 1.81 1.29 0.78 0.09 0.00 0.00 0.00 0.00
0.00 0.00 0.00 0.00 0.00 0.00 0.00 0.00 1.59 3.48 6.88 8.91 10.57 11.55 11.31 10.38 12.29 8.69 5.23 0.93 0.00 0.00 0.00 0.00
0.00 0.00 0.00 0.00 0.00 0.00 0.00 0.00 0.96 2.06 3.74 4.80 5.56 6.23 6.11 5.69 7.41 5.34 3.22 0.61 0.00 0.00 0.00 0.00
0.00 0.00 0.00 0.00 0.00 0.00 0.00 0.00 1.33 2.85 5.17 6.63 7.67 8.60 8.43 7.85 10.23 7.37 4.45 0.85 0.00 0.00 0.00 0.00
0.00 0.00 0.00 0.00 0.00 0.00 0.00 0.00 0.91 1.94 3.52 4.52 5.23 5.86 5.74 5.35 6.97 5.02 3.03 0.58 0.00 0.00 0.00 0.00
0.00 0.00 0.00 0.00 0.00 0.00 0.00 0.00 0.85 1.85 3.67 4.75 5.64 6.16 6.03 5.54 6.56 4.63 2.79 0.50 0.00 0.00 0.00 0.00
0.00 0.00 0.00 0.00 0.00 0.00 0.00 0.00 0.76 1.60 2.51 3.27 3.81 4.14 4.05 3.72 4.93 3.55 2.15 0.33 0.00 0.00 0.00 0.00
0.00 0.00 0.00 0.00 0.00 0.00 0.00 0.00 1.51 3.51 6.03 7.96 9.29 11.57 11.35 10.55 10.48 7.73 4.63 0.92 0.00 0.00 0.00 0.00
0.00 0.00 0.00 0.00 0.00 0.00 0.00 0.00 18.40 48.16 82.06 110.01 131.31 148.15 148.29 138.70 120.33 89.19 52.39 10.76 0.00 0.00 0.00 0.00
0.00 0.00 0.00 0.00 0.00 0.00 0.00 0.00 2.28 5.56 10.58 14.20 17.17 20.56 20.75 19.35 18.85 13.69 8.19 1.63 0.00 0.00 0.00 0.00
0.00 0.00 0.00 0.00 0.00 0.00 0.00 0.00 2.56 5.99 10.56 14.22 16.93 17.21 17.08 15.85 20.71 14.81 8.95 2.29 0.00 0.00 0.00 0.00
0.00 0.00 0.00 0.00 0.00 0.00 0.00 0.00 1.17 2.75 4.84 6.52 7.76 7.89 7.83 7.26 9.49 6.79 4.10 1.05 0.00 0.00 0.00 0.00
0.00 0.00 0.00 0.00 0.00 0.00 0.00 0.00 2.73 6.65 12.13 16.22 19.61 23.48 23.79 22.17 23.03 16.77 10.08 2.01 0.00 0.00 0.00 0.00
0.00 0.00 0.00 0.00 0.00 0.00 0.00 0.00 0.87 2.04 3.35 4.54 5.49 5.59 5.61 5.15 7.74 5.64 3.39 0.83 0.00 0.00 0.00 0.00
0.00 0.00 0.00 0.00 0.00 0.00 0.00 0.00 15.05 41.69 70.87 97.23 119.49 134.37 134.04 124.47 107.66 79.50 50.82 12.51 0.00 0.00 0.00 0.00
0.00 0.00 0.00 0.00 0.00 0.00 0.00 0.00 5.18 13.75 23.37 31.84 38.56 42.62 43.73 40.85 34.24 26.11 15.97 3.70 0.00 0.00 0.00 0.00
0.00 0.00 0.00 0.00 0.00 0.00 0.00 0.00 1.17 3.12 5.28 7.14 8.65 9.57 9.81 9.30 7.74 5.78 3.59 0.86 0.00 0.00 0.00 0.00
0.00 0.00 0.00 0.00 0.00 0.00 0.00 0.00 1.48 3.94 6.68 9.18 11.26 12.52 12.43 11.56 9.92 7.32 4.52 1.08 0.00 0.00 0.00 0.00
0.00 0.00 0.00 0.00 0.00 0.00 0.00 0.00 2.36 6.30 10.69 14.68 18.02 20.03 19.89 18.49 15.87 11.71 7.24 1.73 0.00 0.00 0.00 0.00
0.00 0.00 0.00 0.00 0.00 0.00 0.00 0.00 38.56 130.31 237.50 330.79 408.26 455.33 466.04 453.00 398.23 302.16 189.33 57.51 0.00 0.00 0.00 0.00
