0.00 0.00 0.00 0.00 0.00 0.00 0.00 0.00 0.48 1.37 2.38 3.28 4.05 4.54 4.66 4.45 3.93 3.00 1.90 0.60 0.00 0.00 0.00 0.00
0.00 0.00 0.00 0.00 0.00 0.00 0.00 0.00 15.36 34.81 54.06 69.30 83.67 92.33 89.86 83.39 67.33 49.73 31.47 6.10 0.00 0.00 0.00 0.00
0.00 0.00 0.00 0.00 0.00 0.00 0.00 0.00 10.98 31.33 54.43 75.03 92.64 103.78 106.65 101.71 89.88 68.63 43.49 13.61 0.00 0.00 0.00 0.00
0.00 0.00 0.00 0.00 0.00 0.00 0.00 0.00 39.01 111.34 193.44 266.65 329.22 368.83 379.02 361.47 319.42 243.91 154.57 48.37 0.00 0.00 0.00 0.00
0.00 0.00 0.00 0.00 0.00 0.00 0.00 0.00 2.98 6.00 8.88 11.28 12.95 14.24 13.85 12.69 10.59 7.72 4.83 0.73 0.00 0.00 0.00 0.00
0.00 0.00 0.00 0.00 0.00 0.00 0.00 0.00 75.95 238.12 429.34 596.86 737.30 828.17 850.75 831.09 740.97 567.23 362.03 121.13 0.00 0.00 0.00 0.00
0.00 0.00 0.00 0.00 0.00 0.00 0.00 0.00 1.57 3.35 5.28 6.91 8.23 8.80 8.90 8.28 7.09 5.26 3.33 0.70 0.00 0.00 0.00 0.00
0.00 0.00 0.00 0.00 0.00 0.00 0.00 0.00 0.89 1.99 3.16 4.17 4.87 5.53 5.46 5.11 4.41 3.29 2.03 0.43 0.00 0.00 0.00 0.00
0.00 0.00 0.00 0.00 0.00 0.00 0.00 0.00 1.43 3.19 5.06 6.67 7.79 8.85 8.74 8.18 7.05 5.27 3.24 0.69 0.00 0.00 0.00 0.00
0.00 0.00 0.00 0.00 0.00 0.00 0.00 0.00 1.43 3.19 5.06 6.67 7.79 8.85 8.74 8.18 7.05 5.27 3.24 0.69 0.00 0.00 0.00 0.00
0.00 0.00 0.00 0.00 0.00 0.00 0.00 0.00 2.99 7.01 11.48 15.39 18.63 21.23 21.44 20.06 17.51 12.86 7.88 1.94 0.00 0.00 0.00 0.00
0.00 0.00 0.00 0.00 0.00 0.00 0.00 0.00 1.41 3.28 5.42 7.33 8.87 10.16 10.13 9.45 8.33 6.11 3.71 0.91 0.00 0.00 0.00 0.00
0.00 0.00 0.00 0.00 0.00 0.00 0.00 0.00 1.81 4.22 6.96 9.42 11.41 13.06 13.02 12.15 10.71 7.86 4.77 1.17 0.00 0.00 0.00 0.00
0.00 0.00 0.00 0.00 0.00 0.00 0.00 0.00 1.21 2.81 4.64 6.28 7.61 8.71 8.68 8.10 7.14 5.24 3.18 0.78 0.00 0.00 0.00 0.00
0.00 0.00 0.00 0.00 0.00 0.00 0.00 0.00 1.21 2.81 4.64 6.28 7.61 8.71 8.68 8.10 7.14 5.24 3.18 0.78 0.00 0.00 0.00 0.00
0.00 0.00 0.00 0.00 0.00 0.00 0.00 0.00 15.32 38.78 65.12 87.10 103.90 116.97 117.53 110.48 97.04 72.60 43.53 10.73 0.00 0.00 0.00 0.00
0.00 0.00 0.00 0.00 0.00 0.00 0.00 0.00 9.15 21.03 34.30 45.60 54.94 62.44 62.97 58.59 51.66 37.97 23.40 5.63 0.00 0.00 0.00 0.00
0.00 0.00 0.00 0.00 0.00 0.00 0.00 0.00 7.47 17.41 28.60 37.94 45.33 50.90 50.45 47.58 41.94 31.52 19.77 4.72 0.00 0.00 0.00 0.00
0.00 0.00 0.00 0.00 0.00 0.00 0.00 0.00 22.40 70.24 126.64 176.05 217.48 244.28 250.94 245.14 218.56 167.31 106.79 35.73 0.00 0.00 0.00 0.00
0.00 0.00 0.00 0.00 0.00 0.00 0.00 0.00 21.31 66.81 120.46 167.47 206.87 232.36 238.70 233.18 207.90 159.15 101.58 33.99 0.00 0.00 0.00 0.00
0.00 0.00 0.00 0.00 0.00 0.00 0.00 0.00 40.98 128.48 231.66 322.05 397.82 446.85 459.04 448.43 399.81 306.06 195.34 65.36 0.00 0.00 0.00 0.00
0.00 0.00 0.00 0.00 0.00 0.00 0.00 0.00 40.30 126.34 227.80 316.68 391.19 439.41 451.39 440.96 393.14 300.96 192.08 64.27 0.00 0.00 0.00 0.00
0.00 0.00 0.00 0.00 0.00 0.00 0.00 0.00 49.48 142.83 249.98 343.19 426.75 474.50 488.00 463.59 411.50 316.72 201.97 64.56 0.00 0.00 0.00 0.00
0.00 0.00 0.00 0.00 0.00 0.00 0.00 0.00 0.89 1.99 3.16 4.17 4.87 5.53 5.46 5.11 4.41 3.29 2.03 0.43 0.00 0.00 0.00 0.00
0.00 0.00 0.00 0.00 0.00 0.00 0.00 0.00 4.52 10.10 16.03 21.12 24.67 28.02 27.66 25.90 22.33 16.68 10.27 2.19 0.00 0.00 0.00 0.00
0.00 0.00 0.00 0.00 0.00 0.00 0.00 0.00 23.06 51.58 81.83 107.84 125.95 143.03 141.22 132.22 114.00 85.15 52.42 11.19 0.00 0.00 0.00 0.00
0.00 0.00 0.00 0.00 0.00 0.00 0.00 0.00 1.53 4.80 8.65 12.02 14.85 16.68 17.14 16.74 14.93 11.43 7.29 2.44 0.00 0.00 0.00 0.00
0.00 0.00 0.00 0.00 0.00 0.00 0.00 0.00 38.40 109.61 190.43 262.49 324.09 363.08 373.11 355.83 314.44 240.11 152.16 47.62 0.00 0.00 0.00 0.00
0.00 0.00 0.00 0.00 0.00 0.00 0.00 0.00 3.78 10.00 16.70 22.93 28.28 31.88 31.95 29.85 26.18 19.52 12.75 3.61 0.00 0.00 0.00 0.00
0.00 0.00 0.00 0.00 0.00 0.00 0.00 0.00 24.17 60.49 99.12 134.37 162.37 179.46 184.08 172.17 146.23 112.43 70.19 18.90 0.00 0.00 0.00 0.00
0.00 0.00 0.00 0.00 0.00 0.00 0.00 0.00 0.64 1.83 3.17 4.37 5.40 6.05 6.22 5.93 5.24 4.00 2.54 0.79 0.00 0.00 0.00 0.00
0.00 0.00 0.00 0.00 0.00 0.00 0.00 0.00 28.80 82.20 142.82 196.87 243.07 272.31 279.84 266.87 235.83 180.08 114.12 35.72 0.00 0.00 0.00 0.00
0.00 0.00 0.00 0.00 0.00 0.00 0.00 0.00 36.96 105.49 183.29 252.65 311.93 349.46 359.12 342.49 302.65 231.11 146.45 45.84 0.00 0.00 0.00 0.00
0.00 0.00 0.00 0.00 0.00 0.00 0.00 0.00 65.25 188.36 329.66 452.58 562.77 625.74 643.55 611.36 542.67 417.67 266.35 85.13 0.00 0.00 0.00 0.00
0.00 0.00 0.00 0.00 0.00 0.00 0.00 0.00 2.12 5.05 8.47 11.46 13.95 15.90 15.92 14.82 13.00 9.65 5.90 1.44 0.00 0.00 0.00 0.00
0.00 0.00 0.00 0.00 0.00 0.00 0.00 0.00 2.67 6.35 10.68 14.45 17.57 20.12 20.12 18.66 16.39 12.17 7.40 1.78 0.00 0.00 0.00 0.00
0.00 0.00 0.00 0.00 0.00 0.00 0.00 0.00 15.61 41.24 68.88 94.60 116.66 131.50 131.78 123.11 107.98 80.54 52.58 14.87 0.00 0.00 0.00 0.00
0.00 0.00 0.00 0.00 0.00 0.00 0.00 0.00 41.59 130.19 235.57 320.67 397.09 453.33 468.49 444.24 394.62 307.83 201.38 69.87 3.74 0.00 0.00 0.00
0.00 0.00 0.00 0.00 0.00 0.00 0.00 0.00 0.73 1.65 2.68 3.61 4.34 4.85 4.87 4.48 3.90 2.90 1.79 0.41 0.00 0.00 0.00 0.00
0.00 0.00 0.00 0.00 0.00 0.00 0.00 0.00 10.48 28.33 47.71 65.12 79.49 88.89 90.32 85.93 76.85 58.24 36.21 11.24 0.00 0.00 0.00 0.00
0.00 0.00 0.00 0.00 0.00 0.00 0.00 0.00 2.30 8.28 15.25 21.59 26.92 30.26 30.82 29.03 25.67 19.79 13.12 4.54 0.21 0.00 0.00 0.00
0.00 0.00 0.00 0.00 0.00 0.00 0.00 0.00 1.88 3.94 6.06 7.82 9.27 9.94 10.09 9.44 8.02 5.88 3.73 0.75 0.00 0.00 0.00 0.00
0.00 0.00 0.00 0.00 0.00 0.00 0.00 0.00 0.94 1.97 3.03 3.91 4.63 4.97 5.05 4.72 4.01 2.94 1.86 0.38 0.00 0.00 0.00 0.00
0.00 0.00 0.00 0.00 0.00 0.00 0.00 0.00 2.05 4.31 6.63 8.55 10.14 10.88 11.04 10.33 8.77 6.43 4.08 0.82 0.00 0.00 0.00 0.00
0.00 0.00 0.00 0.00 0.00 0.00 0.00 0.00 2.44 5.14 8.07 10.45 12.31 13.15 13.14 12.46 10.66 7.89 4.99 1.01 0.00 0.00 0.00 0.00
0.00 0.00 0.00 0.00 0.00 0.00 0.00 0.00 3.71 7.83 12.30 15.93 18.76 20.04 20.02 18.98 16.25 12.02 7.60 1.54 0.00 0.00 0.00 0.00
0.00 0.00 0.00 0.00 0.00 0.00 0.00 0.00 3.15 6.76 10.64 13.98 16.54 17.82 17.92 16.78 14.44 10.72 6.78 1.47 0.00 0.00 0.00 0.00
0.00 0.00 0.00 0.00 0.00 0.00 0.00 0.00 2.20 5.18 8.37 11.17 13.54 14.63 14.88 14.18 11.82 8.77 5.43 1.40 0.00 0.00 0.00 0.00
0.00 0.00 0.00 0.00 0.00 0.00 0.00 0.00 5.68 13.39 21.63 28.85 34.97 37.79 38.45 36.64 30.54 22.67 14.02 3.61 0.00 0.00 0.00 0.00
0.00 0.00 0.00 0.00 0.00 0.00 0.00 0.00 1.43 3.45 5.51 7.48 9.07 9.77 9.80 9.15 7.83 5.91 3.67 0.98 0.00 0.00 0.00 0.00
0.00 0.00 0.00 0.00 0.00 0.00 0.00 0.00 3.52 7.67 12.02 16.08 19.03 21.19 21.31 19.37 16.70 12.21 7.55 1.53 0.00 0.00 0.00 0.00
0.00 0.00 0.00 0.00 0.00 0.00 0.00 0.00 5.71 12.38 19.66 25.96 31.23 33.73 33.66 31.22 27.47 20.40 12.65 2.60 0.00 0.00 0.00 0.00
0.00 0.00 0.00 0.00 0.00 0.00 0.00 0.00 0.93 1.88 2.87 3.60 4.14 4.50 4.45 4.11 3.54 2.55 1.60 0.25 0.00 0.00 0.00 0.00
0.00 0.00 0.00 0.00 0.00 0.00 0.00 0.00 5.08 10.71 16.53 21.32 25.22 28.10 27.59 25.47 21.87 15.76 9.83 1.77 0.00 0.00 0.00 0.00
0.00 0.00 0.00 0.00 0.00 0.00 0.00 0.00 3.48 7.18 10.99 14.00 16.12 17.93 17.62 16.49 14.05 10.31 6.43 1.08 0.00 0.00 0.00 0.00
0.00 0.00 0.00 0.00 0.00 0.00 0.00 0.00 4.80 9.91 15.17 19.33 22.25 24.74 24.31 22.76 19.39 14.22 8.88 1.49 0.00 0.00 0.00 0.00
0.00 0.00 0.00 0.00 0.00 0.00 0.00 0.00 3.27 6.75 10.33 13.16 15.15 16.85 16.56 15.50 13.21 9.69 6.05 1.01 0.00 0.00 0.00 0.00
0.00 0.00 0.00 0.00 0.00 0.00 0.00 0.00 2.71 5.71 8.82 11.37 13.45 14.99 14.72 13.59 11.66 8.41 5.24 0.94 0.00 0.00 0.00 0.00
0.00 0.00 0.00 0.00 0.00 0.00 0.00 0.00 2.65 5.37 8.01 10.34 11.95 13.25 12.98 11.93 9.87 7.20 4.50 0.71 0.00 0.00 0.00 0.00
0.00 0.00 0.00 0.00 0.00 0.00 0.00 0.00 2.56 5.72 9.07 11.95 13.96 15.85 15.65 14.65 12.63 9.44 5.81 1.24 0.00 0.00 0.00 0.00
0.00 0.00 0.00 0.00 0.00 0.00 0.00 0.00 19.94 50.48 84.76 113.37 135.24 152.24 152.97 143.79 126.31 94.50 56.65 13.96 0.00 0.00 0.00 0.00
0.00 0.00 0.00 0.00 0.00 0.00 0.00 0.00 3.39 7.94 13.01 17.44 21.11 24.06 24.30 22.73 19.84 14.57 8.93 2.20 0.00 0.00 0.00 0.00
0.00 0.00 0.00 0.00 0.00 0.00 0.00 0.00 5.36 12.04 19.57 26.26 31.21 35.88 35.62 33.12 28.29 20.56 12.81 2.79 0.00 0.00 0.00 0.00
0.00 0.00 0.00 0.00 0.00 0.00 0.00 0.00 2.46 5.52 8.97 12.03 14.30 16.44 16.33 15.18 12.97 9.42 5.87 1.28 0.00 0.00 0.00 0.00
0.00 0.00 0.00 0.00 0.00 0.00 0.00 0.00 4.19 9.80 16.06 21.43 25.91 29.47 29.89 27.92 24.29 17.91 11.03 2.71 0.00 0.00 0.00 0.00
0.00 0.00 0.00 0.00 0.00 0.00 0.00 0.00 1.78 4.01 6.50 8.76 10.55 11.78 11.82 10.88 9.48 7.03 4.35 0.99 0.00 0.00 0.00 0.00
0.00 0.00 0.00 0.00 0.00 0.00 0.00 0.00 16.16 42.70 71.31 97.95 120.78 136.14 136.43 127.47 111.80 83.39 54.44 15.40 0.00 0.00 0.00 0.00
0.00 0.00 0.00 0.00 0.00 0.00 0.00 0.00 5.78 14.47 23.70 32.13 38.83 42.91 44.02 41.17 34.97 26.89 16.78 4.52 0.00 0.00 0.00 0.00
0.00 0.00 0.00 0.00 0.00 0.00 0.00 0.00 1.29 3.26 5.33 7.17 8.68 9.58 9.82 9.33 7.89 5.94 3.76 1.02 0.00 0.00 0.00 0.00
0.00 0.00 0.00 0.00 0.00 0.00 0.00 0.00 1.61 4.07 6.72 9.20 11.29 12.57 12.49 11.65 10.13 7.53 4.74 1.29 0.00 0.00 0.00 0.00
0.00 0.00 0.00 0.00 0.00 0.00 0.00 0.00 2.58 6.51 10.76 14.73 18.07 20.11 19.99 18.63 16.20 12.05 7.59 2.06 0.00 0.00 0.00 0.00
0.00 0.00 0.00 0.00 0.00 0.00 0.00 0.00 41.66 130.63 235.52 327.42 404.46 454.30 466.69 455.90 406.47 311.16 198.60 66.45 0.00 0.00 0.00 0.00
