0.00 0.00 0.00 0.00 0.00 0.00 0.00 0.00 0.12 1.00 2.05 2.92 3.64 4.06 4.15 3.96 3.33 2.36 1.35 0.05 0.00 0.00 0.00 0.00
0.00 0.00 0.00 0.00 0.00 0.00 0.00 0.00 6.80 20.86 39.45 54.24 62.79 64.25 62.62 56.79 40.24 27.24 14.03 0.00 0.00 0.00 0.00 0.00
0.00 0.00 0.00 0.00 0.00 0.00 0.00 0.00 2.84 22.91 46.86 66.86 83.20 92.79 95.00 90.56 76.08 53.93 30.86 1.20 0.00 0.00 0.00 0.00
0.00 0.00 0.00 0.00 0.00 0.00 0.00 0.00 10.10 81.41 166.53 237.62 295.70 329.76 337.63 321.86 270.40 191.65 109.69 4.26 0.00 0.00 0.00 0.00
0.00 0.00 0.00 0.00 0.00 0.00 0.00 0.00 1.72 4.43 7.23 9.53 10.76 11.34 10.85 9.51 5.53 3.61 1.66 0.00 0.00 0.00 0.00 0.00
0.00 0.00 0.00 0.00 0.00 0.00 0.00 0.00 14.85 173.97 364.87 521.59 652.74 755.31 785.83 754.82 635.01 452.61 265.98 17.20 0.00 0.00 0.00 0.00
0.00 0.00 0.00 0.00 0.00 0.00 0.00 0.00 0.66 2.14 3.89 5.39 6.40 7.10 7.16 6.59 5.33 3.50 1.72 0.00 0.00 0.00 0.00 0.00
0.00 0.00 0.00 0.00 0.00 0.00 0.00 0.00 0.45 1.38 1.99 2.71 3.06 3.09 3.02 2.76 2.33 1.57 0.80 0.00 0.00 0.00 0.00 0.00
0.00 0.00 0.00 0.00 0.00 0.00 0.00 0.00 0.71 2.21 3.18 4.34 4.90 4.94 4.82 4.42 3.73 2.51 1.28 0.00 0.00 0.00 0.00 0.00
0.00 0.00 0.00 0.00 0.00 0.00 0.00 0.00 0.71 2.21 3.18 4.34 4.90 4.94 4.82 4.42 3.73 2.51 1.28 0.00 0.00 0.00 0.00 0.00
0.00 0.00 0.00 0.00 0.00 0.00 0.00 0.00 1.23 4.34 7.64 10.85 12.78 12.33 12.14 11.38 8.47 5.79 3.04 0.00 0.00 0.00 0.00 0.00
0.00 0.00 0.00 0.00 0.00 0.00 0.00 0.00 0.60 2.10 3.56 5.06 5.89 5.61 5.54 5.23 4.05 2.76 1.44 0.00 0.00 0.00 0.00 0.00
0.00 0.00 0.00 0.00 0.00 0.00 0.00 0.00 0.77 2.69 4.57 6.50 7.57 7.21 7.12 6.72 5.21 3.54 1.86 0.00 0.00 0.00 0.00 0.00
0.00 0.00 0.00 0.00 0.00 0.00 0.00 0.00 0.51 1.80 3.05 4.34 5.05 4.81 4.74 4.48 3.47 2.36 1.24 0.00 0.00 0.00 0.00 0.00
0.00 0.00 0.00 0.00 0.00 0.00 0.00 0.00 0.51 1.80 3.05 4.34 5.05 4.81 4.74 4.48 3.47 2.36 1.24 0.00 0.00 0.00 0.00 0.00
0.00 0.00 0.00 0.00 0.00 0.00 0.00 0.00 5.75 21.12 20.52 29.45 34.88 35.51 35.43 32.84 51.07 35.03 19.17 0.63 0.00 0.00 0.00 0.00
0.00 0.00 0.00 0.00 0.00 0.00 0.00 0.00 3.95 13.58 24.71 34.73 40.43 39.89 39.74 36.77 24.67 16.92 8.78 0.00 0.00 0.00 0.00 0.00
0.00 0.00 0.00 0.00 0.00 0.00 0.00 0.00 2.94 10.68 19.77 27.67 33.29 37.38 37.43 35.14 29.01 19.99 10.49 0.00 0.00 0.00 0.00 0.00
0.00 0.00 0.00 0.00 0.00 0.00 0.00 0.00 4.38 51.32 107.62 153.85 192.53 222.79 231.79 222.64 187.30 133.50 78.45 5.07 0.00 0.00 0.00 0.00
0.00 0.00 0.00 0.00 0.00 0.00 0.00 0.00 4.17 48.81 102.37 146.35 183.14 211.92 220.49 211.78 178.17 126.99 74.63 4.83 0.00 0.00 0.00 0.00
0.00 0.00 0.00 0.00 0.00 0.00 0.00 0.00 8.01 93.87 196.87 281.43 352.20 407.54 424.01 407.27 342.63 244.22 143.51 9.28 0.00 0.00 0.00 0.00
0.00 0.00 0.00 0.00 0.00 0.00 0.00 0.00 7.88 92.31 193.59 276.74 346.33 400.75 416.94 400.49 336.92 240.15 141.12 9.12 0.00 0.00 0.00 0.00
0.00 0.00 0.00 0.00 0.00 0.00 0.00 0.00 10.48 103.82 215.75 305.58 387.08 436.99 450.53 425.29 356.98 252.30 144.66 6.15 0.00 0.00 0.00 0.00
0.00 0.00 0.00 0.00 0.00 0.00 0.00 0.00 0.45 1.38 1.99 2.71 3.06 3.09 3.02 2.76 2.33 1.57 0.80 0.00 0.00 0.00 0.00 0.00
0.00 0.00 0.00 0.00 0.00 0.00 0.00 0.00 2.26 7.00 10.07 13.73 15.52 15.65 15.28 13.99 11.80 7.96 4.06 0.00 0.00 0.00 0.00 0.00
0.00 0.00 0.00 0.00 0.00 0.00 0.00 0.00 11.55 35.75 51.40 70.09 79.21 79.88 78.00 71.43 60.23 40.65 20.74 0.00 0.00 0.00 0.00 0.00
0.00 0.00 0.00 0.00 0.00 0.00 0.00 0.00 0.30 3.50 7.35 10.51 13.15 15.21 15.83 15.20 12.79 9.12 5.36 0.35 0.00 0.00 0.00 0.00
0.00 0.00 0.00 0.00 0.00 0.00 0.00 0.00 9.95 80.14 163.93 233.91 291.09 324.62 332.37 316.84 266.18 188.66 107.98 4.19 0.00 0.00 0.00 0.00
0.00 0.00 0.00 0.00 0.00 0.00 0.00 0.00 1.21 5.76 10.32 15.24 19.34 17.60 18.58 18.00 19.46 14.03 7.84 0.22 0.00 0.00 0.00 0.00
0.00 0.00 0.00 0.00 0.00 0.00 0.00 0.00 8.06 43.39 84.83 119.87 143.80 162.22 168.21 156.02 128.85 87.43 47.43 0.06 0.00 0.00 0.00 0.00
0.00 0.00 0.00 0.00 0.00 0.00 0.00 0.00 0.17 1.34 2.73 3.90 4.85 5.41 5.54 5.28 4.44 3.14 1.80 0.07 0.00 0.00 0.00 0.00
0.00 0.00 0.00 0.00 0.00 0.00 0.00 0.00 7.46 60.11 122.95 175.44 218.32 243.46 249.28 237.63 199.64 141.50 80.99 3.15 0.00 0.00 0.00 0.00
0.00 0.00 0.00 0.00 0.00 0.00 0.00 0.00 9.57 77.14 157.78 225.14 280.18 312.44 319.91 304.96 256.20 181.59 103.93 4.04 0.00 0.00 0.00 0.00
0.00 0.00 0.00 0.00 0.00 0.00 0.00 0.00 13.82 136.91 284.52 402.98 510.46 576.29 594.14 560.85 470.77 332.72 190.76 8.12 0.00 0.00 0.00 0.00
0.00 0.00 0.00 0.00 0.00 0.00 0.00 0.00 0.78 2.81 4.92 6.99 8.26 9.63 9.46 8.66 5.57 3.86 2.05 0.00 0.00 0.00 0.00 0.00
0.00 0.00 0.00 0.00 0.00 0.00 0.00 0.00 1.04 3.76 6.44 9.09 10.81 11.65 11.40 10.70 7.02 4.85 2.57 0.00 0.00 0.00 0.00 0.00
0.00 0.00 0.00 0.00 0.00 0.00 0.00 0.00 4.98 23.75 42.59 62.85 79.79 72.58 76.66 74.26 80.27 57.89 32.33 0.92 0.00 0.00 0.00 0.00
0.00 0.00 0.00 0.00 0.00 0.00 0.00 0.00 0.04 96.19 213.95 309.41 389.74 442.53 457.67 428.78 358.89 256.68 149.67 8.97 0.00 0.00 0.00 0.00
0.00 0.00 0.00 0.00 0.00 0.00 0.00 0.00 0.34 1.12 2.04 2.75 3.22 3.30 3.25 2.98 2.03 1.38 0.71 0.00 0.00 0.00 0.00 0.00
0.00 0.00 0.00 0.00 0.00 0.00 0.00 0.00 3.06 20.63 41.65 59.33 73.20 82.44 85.07 79.45 65.65 46.00 25.80 0.74 0.00 0.00 0.00 0.00
0.00 0.00 0.00 0.00 0.00 0.00 0.00 0.00 0.18 6.69 14.34 20.97 25.76 29.35 30.37 28.70 23.82 17.13 10.36 1.05 0.00 0.00 0.00 0.00
0.00 0.00 0.00 0.00 0.00 0.00 0.00 0.00 0.80 2.52 4.56 6.33 7.59 8.28 8.12 7.50 5.94 3.92 1.89 0.00 0.00 0.00 0.00 0.00
0.00 0.00 0.00 0.00 0.00 0.00 0.00 0.00 0.40 1.26 2.28 3.16 3.79 4.14 4.06 3.75 2.97 1.96 0.94 0.00 0.00 0.00 0.00 0.00
0.00 0.00 0.00 0.00 0.00 0.00 0.00 0.00 0.88 2.76 4.98 6.92 8.30 9.06 8.88 8.20 6.49 4.29 2.07 0.00 0.00 0.00 0.00 0.00
0.00 0.00 0.00 0.00 0.00 0.00 0.00 0.00 1.06 3.34 6.00 8.20 9.75 10.69 10.62 9.81 7.80 5.12 2.48 0.00 0.00 0.00 0.00 0.00
0.00 0.00 0.00 0.00 0.00 0.00 0.00 0.00 1.62 5.08 9.14 12.49 14.86 16.28 16.19 14.95 11.89 7.80 3.79 0.00 0.00 0.00 0.00 0.00
0.00 0.00 0.00 0.00 0.00 0.00 0.00 0.00 1.33 4.35 7.94 10.85 13.00 14.49 14.66 13.50 10.74 7.17 3.53 0.00 0.00 0.00 0.00 0.00
0.00 0.00 0.00 0.00 0.00 0.00 0.00 0.00 0.80 3.61 6.93 9.62 11.46 12.62 12.85 11.92 9.72 6.60 3.47 0.00 0.00 0.00 0.00 0.00
0.00 0.00 0.00 0.00 0.00 0.00 0.00 0.00 2.06 9.34 17.91 24.85 29.61 32.60 33.20 30.79 25.11 17.06 8.95 0.00 0.00 0.00 0.00 0.00
0.00 0.00 0.00 0.00 0.00 0.00 0.00 0.00 0.51 2.39 4.60 6.36 7.70 8.60 8.84 8.09 6.71 4.49 2.40 0.00 0.00 0.00 0.00 0.00
0.00 0.00 0.00 0.00 0.00 0.00 0.00 0.00 1.64 5.13 9.15 12.48 14.30 13.90 13.85 12.58 8.72 5.83 2.92 0.00 0.00 0.00 0.00 0.00
0.00 0.00 0.00 0.00 0.00 0.00 0.00 0.00 2.51 8.06 14.51 19.76 23.29 26.05 26.69 24.54 19.64 12.96 6.47 0.00 0.00 0.00 0.00 0.00
0.00 0.00 0.00 0.00 0.00 0.00 0.00 0.00 0.51 1.33 2.20 2.94 3.26 3.11 3.03 2.70 1.70 1.12 0.52 0.00 0.00 0.00 0.00 0.00
0.00 0.00 0.00 0.00 0.00 0.00 0.00 0.00 2.75 7.70 12.36 16.52 18.68 15.36 14.76 13.26 9.22 6.17 2.99 0.00 0.00 0.00 0.00 0.00
0.00 0.00 0.00 0.00 0.00 0.00 0.00 0.00 1.89 5.10 8.28 10.98 12.18 11.30 11.03 9.83 6.49 4.22 2.00 0.00 0.00 0.00 0.00 0.00
0.00 0.00 0.00 0.00 0.00 0.00 0.00 0.00 2.61 7.04 11.43 15.15 16.81 15.59 15.22 13.57 8.96 5.83 2.76 0.00 0.00 0.00 0.00 0.00
0.00 0.00 0.00 0.00 0.00 0.00 0.00 0.00 1.78 4.79 7.79 10.32 11.45 10.62 10.37 9.24 6.10 3.97 1.88 0.00 0.00 0.00 0.00 0.00
0.00 0.00 0.00 0.00 0.00 0.00 0.00 0.00 1.47 4.11 6.59 8.81 9.96 8.19 7.87 7.07 4.92 3.29 1.59 0.00 0.00 0.00 0.00 0.00
0.00 0.00 0.00 0.00 0.00 0.00 0.00 0.00 1.47 3.82 6.29 8.39 9.47 9.79 9.53 8.47 4.79 3.09 1.44 0.00 0.00 0.00 0.00 0.00
0.00 0.00 0.00 0.00 0.00 0.00 0.00 0.00 1.28 3.96 5.70 7.77 8.78 8.85 8.64 7.92 6.67 4.51 2.30 0.00 0.00 0.00 0.00 0.00
0.00 0.00 0.00 0.00 0.00 0.00 0.00 0.00 7.49 27.50 26.70 38.33 45.39 46.21 46.12 42.74 66.47 45.59 24.95 0.82 0.00 0.00 0.00 0.00
0.00 0.00 0.00 0.00 0.00 0.00 0.00 0.00 1.39 4.92 8.66 12.30 14.48 13.97 13.76 12.90 9.60 6.56 3.45 0.00 0.00 0.00 0.00 0.00
0.00 0.00 0.00 0.00 0.00 0.00 0.00 0.00 2.46 8.03 14.44 19.66 22.83 23.52 23.44 21.75 14.37 9.83 5.02 0.00 0.00 0.00 0.00 0.00
0.00 0.00 0.00 0.00 0.00 0.00 0.00 0.00 1.13 3.68 6.62 9.01 10.46 10.78 10.74 9.97 6.59 4.50 2.30 0.00 0.00 0.00 0.00 0.00
0.00 0.00 0.00 0.00 0.00 0.00 0.00 0.00 1.71 6.05 10.89 15.42 18.17 17.74 17.51 16.34 11.60 8.00 4.20 0.00 0.00 0.00 0.00 0.00
0.00 0.00 0.00 0.00 0.00 0.00 0.00 0.00 0.82 2.72 4.94 6.69 7.82 8.01 7.90 7.23 4.94 3.35 1.72 0.00 0.00 0.00 0.00 0.00
0.00 0.00 0.00 0.00 0.00 0.00 0.00 0.00 5.15 24.59 44.09 65.07 82.61 75.15 79.37 76.89 83.11 59.94 33.47 0.95 0.00 0.00 0.00 0.00
0.00 0.00 0.00 0.00 0.00 0.00 0.00 0.00 1.93 10.37 20.29 28.66 34.39 38.79 40.22 37.31 30.81 20.91 11.34 0.01 0.00 0.00 0.00 0.00
0.00 0.00 0.00 0.00 0.00 0.00 0.00 0.00 0.43 2.31 4.50 6.39 7.72 8.72 8.91 8.24 6.77 4.71 2.57 0.01 0.00 0.00 0.00 0.00
0.00 0.00 0.00 0.00 0.00 0.00 0.00 0.00 0.56 2.81 5.45 7.65 9.35 10.68 10.84 10.04 8.43 5.90 3.22 0.01 0.00 0.00 0.00 0.00
0.00 0.00 0.00 0.00 0.00 0.00 0.00 0.00 0.89 4.49 8.72 12.24 14.97 17.08 17.35 16.07 13.48 9.44 5.16 0.01 0.00 0.00 0.00 0.00
0.00 0.00 0.00 0.00 0.00 0.00 0.00 0.00 8.15 95.43 200.15 286.12 358.07 414.33 431.08 414.06 348.34 248.29 145.90 9.43 0.00 0.00 0.00 0.00
