0.00 0.00 0.00 0.00 0.00 0.00 0.00 0.00 0.00 0.14 0.88 1.47 2.08 2.46 2.58 2.45 2.58 1.83 1.06 0.11 0.00 0.00 0.00 0.00
0.00 0.00 0.00 0.00 0.00 0.00 0.00 0.00 0.00 9.04 26.25 39.43 51.50 55.78 56.66 54.62 43.14 30.69 16.67 0.27 0.00 0.00 0.00 0.00
0.00 0.00 0.00 0.00 0.00 0.00 0.00 0.00 0.00 3.18 20.19 33.55 47.47 56.34 59.01 56.07 59.09 41.86 24.29 2.57 0.00 0.00 0.00 0.00
0.00 0.00 0.00 0.00 0.00 0.00 0.00 0.00 0.00 11.29 71.76 119.24 168.71 200.23 209.73 199.28 209.99 148.76 86.33 9.13 0.00 0.00 0.00 0.00
0.00 0.00 0.00 0.00 0.00 0.00 0.00 0.00 0.00 1.69 4.46 6.52 8.37 9.60 9.80 8.97 7.38 5.20 2.51 0.00 0.00 0.00 0.00 0.00
0.00 0.00 0.00 0.00 0.00 0.00 0.00 0.00 0.00 25.42 174.14 293.13 419.95 520.83 546.98 515.97 498.39 357.71 214.57 30.59 0.00 0.00 0.00 0.00
0.00 0.00 0.00 0.00 0.00 0.00 0.00 0.00 0.00 0.74 2.49 3.77 5.03 5.62 5.76 5.29 3.76 2.68 1.32 0.00 0.00 0.00 0.00 0.00
0.00 0.00 0.00 0.00 0.00 0.00 0.00 0.00 0.00 0.49 1.45 2.15 2.80 3.20 3.36 3.18 2.39 1.70 0.91 0.00 0.00 0.00 0.00 0.00
0.00 0.00 0.00 0.00 0.00 0.00 0.00 0.00 0.00 0.78 2.31 3.44 4.48 5.12 5.38 5.08 3.83 2.73 1.46 0.01 0.00 0.00 0.00 0.00
0.00 0.00 0.00 0.00 0.00 0.00 0.00 0.00 0.00 0.78 2.31 3.44 4.48 5.12 5.38 5.08 3.83 2.73 1.46 0.01 0.00 0.00 0.00 0.00
0.00 0.00 0.00 0.00 0.00 0.00 0.00 0.00 0.00 1.53 5.20 7.90 10.73 12.24 12.84 12.28 9.16 6.66 3.62 0.12 0.00 0.00 0.00 0.00
0.00 0.00 0.00 0.00 0.00 0.00 0.00 0.00 0.00 0.73 2.43 3.69 5.08 5.83 6.05 5.77 4.06 2.91 1.58 0.05 0.00 0.00 0.00 0.00
0.00 0.00 0.00 0.00 0.00 0.00 0.00 0.00 0.00 0.94 3.13 4.75 6.54 7.50 7.78 7.42 5.23 3.74 2.03 0.07 0.00 0.00 0.00 0.00
0.00 0.00 0.00 0.00 0.00 0.00 0.00 0.00 0.00 0.63 2.09 3.17 4.36 5.00 5.19 4.94 3.48 2.49 1.35 0.04 0.00 0.00 0.00 0.00
0.00 0.00 0.00 0.00 0.00 0.00 0.00 0.00 0.00 0.63 2.09 3.17 4.36 5.00 5.19 4.94 3.48 2.49 1.35 0.04 0.00 0.00 0.00 0.00
0.00 0.00 0.00 0.00 0.00 0.00 0.00 0.00 0.00 6.41 17.57 26.88 37.80 45.50 47.84 46.18 44.49 31.63 18.28 2.03 0.00 0.00 0.00 0.00
0.00 0.00 0.00 0.00 0.00 0.00 0.00 0.00 0.00 4.86 16.23 24.60 32.79 37.75 39.62 37.57 31.03 22.03 11.80 0.11 0.00 0.00 0.00 0.00
0.00 0.00 0.00 0.00 0.00 0.00 0.00 0.00 0.00 4.02 14.13 21.62 28.74 33.29 34.36 32.51 26.09 18.95 10.18 0.11 0.00 0.00 0.00 0.00
0.00 0.00 0.00 0.00 0.00 0.00 0.00 0.00 0.00 7.50 51.36 86.46 123.87 153.63 161.34 152.19 147.01 105.51 63.29 9.02 0.00 0.00 0.00 0.00
0.00 0.00 0.00 0.00 0.00 0.00 0.00 0.00 0.00 7.13 48.86 82.24 117.83 146.13 153.47 144.77 139.84 100.36 60.20 8.58 0.00 0.00 0.00 0.00
0.00 0.00 0.00 0.00 0.00 0.00 0.00 0.00 0.00 13.72 93.96 158.16 226.59 281.03 295.13 278.40 268.92 193.01 115.78 16.50 0.00 0.00 0.00 0.00
0.00 0.00 0.00 0.00 0.00 0.00 0.00 0.00 0.00 13.49 92.39 155.53 222.82 276.34 290.21 273.76 264.43 189.79 113.85 16.23 0.00 0.00 0.00 0.00
0.00 0.00 0.00 0.00 0.00 0.00 0.00 0.00 0.00 15.11 90.93 153.18 215.18 286.82 298.21 281.46 240.74 171.33 99.12 11.51 0.00 0.00 0.00 0.00
0.00 0.00 0.00 0.00 0.00 0.00 0.00 0.00 0.00 0.49 1.45 2.15 2.80 3.20 3.36 3.18 2.39 1.70 0.91 0.00 0.00 0.00 0.00 0.00
0.00 0.00 0.00 0.00 0.00 0.00 0.00 0.00 0.00 2.46 7.32 10.91 14.20 16.22 17.03 16.09 12.13 8.64 4.62 0.02 0.00 0.00 0.00 0.00
0.00 0.00 0.00 0.00 0.00 0.00 0.00 0.00 0.00 12.55 37.39 55.68 72.48 82.83 86.95 82.16 61.93 44.09 23.56 0.11 0.00 0.00 0.00 0.00
0.00 0.00 0.00 0.00 0.00 0.00 0.00 0.00 0.00 0.51 3.51 5.90 8.46 10.49 11.02 10.39 10.04 7.21 4.32 0.62 0.00 0.00 0.00 0.00
0.00 0.00 0.00 0.00 0.00 0.00 0.00 0.00 0.00 11.11 70.64 117.38 166.08 197.11 206.46 196.17 206.71 146.44 84.98 8.99 0.00 0.00 0.00 0.00
0.00 0.00 0.00 0.00 0.00 0.00 0.00 0.00 0.00 1.95 7.97 12.59 17.08 19.89 21.58 20.95 18.11 13.90 8.01 0.70 0.00 0.00 0.00 0.00
0.00 0.00 0.00 0.00 0.00 0.00 0.00 0.00 0.00 10.05 42.24 68.43 94.43 94.78 97.00 90.89 90.05 65.73 35.80 1.08 0.00 0.00 0.00 0.00
0.00 0.00 0.00 0.00 0.00 0.00 0.00 0.00 0.00 0.19 1.18 1.96 2.77 3.29 3.44 3.27 3.45 2.44 1.42 0.15 0.00 0.00 0.00 0.00
0.00 0.00 0.00 0.00 0.00 0.00 0.00 0.00 0.00 8.33 52.98 88.04 124.56 147.83 154.85 147.13 155.04 109.83 63.74 6.74 0.00 0.00 0.00 0.00
0.00 0.00 0.00 0.00 0.00 0.00 0.00 0.00 0.00 10.70 67.99 112.98 159.86 189.72 198.72 188.81 198.96 140.95 81.80 8.65 0.00 0.00 0.00 0.00
0.00 0.00 0.00 0.00 0.00 0.00 0.00 0.00 0.00 19.92 119.91 202.01 283.76 378.24 393.26 371.18 317.48 225.94 130.71 15.18 0.00 0.00 0.00 0.00
0.00 0.00 0.00 0.00 0.00 0.00 0.00 0.00 0.00 1.09 3.63 5.52 7.68 7.98 8.57 8.09 5.66 4.05 2.23 0.13 0.00 0.00 0.00 0.00
0.00 0.00 0.00 0.00 0.00 0.00 0.00 0.00 0.00 1.38 4.60 7.00 9.75 10.63 11.31 10.73 7.38 5.26 2.89 0.14 0.00 0.00 0.00 0.00
0.00 0.00 0.00 0.00 0.00 0.00 0.00 0.00 0.00 8.05 32.90 51.93 70.44 82.06 89.00 86.40 74.71 57.33 33.03 2.87 0.00 0.00 0.00 0.00
0.00 0.00 0.00 0.00 0.00 0.00 0.00 0.00 0.00 3.26 81.09 146.17 204.03 249.77 267.06 253.96 234.40 169.11 98.17 14.57 0.00 0.00 0.00 0.00
0.00 0.00 0.00 0.00 0.00 0.00 0.00 0.00 0.00 0.39 1.28 1.93 2.58 2.96 3.08 2.93 2.48 1.78 0.94 0.00 0.00 0.00 0.00 0.00
0.00 0.00 0.00 0.00 0.00 0.00 0.00 0.00 0.00 3.78 18.94 31.17 43.62 54.11 55.57 51.94 48.81 35.15 19.91 1.78 0.00 0.00 0.00 0.00
0.00 0.00 0.00 0.00 0.00 0.00 0.00 0.00 0.00 0.85 7.32 12.57 17.96 20.79 22.43 21.18 18.30 13.47 8.37 1.63 0.00 0.00 0.00 0.00
0.00 0.00 0.00 0.00 0.00 0.00 0.00 0.00 0.00 0.90 2.94 4.43 5.87 6.57 6.58 6.07 4.21 2.99 1.44 0.00 0.00 0.00 0.00 0.00
0.00 0.00 0.00 0.00 0.00 0.00 0.00 0.00 0.00 0.45 1.47 2.22 2.93 3.29 3.29 3.03 2.11 1.49 0.72 0.00 0.00 0.00 0.00 0.00
0.00 0.00 0.00 0.00 0.00 0.00 0.00 0.00 0.00 0.98 3.22 4.85 6.42 7.19 7.20 6.64 4.61 3.27 1.58 0.00 0.00 0.00 0.00 0.00
0.00 0.00 0.00 0.00 0.00 0.00 0.00 0.00 0.00 1.18 3.83 5.77 7.56 8.81 8.94 8.37 6.34 4.51 2.21 0.00 0.00 0.00 0.00 0.00
0.00 0.00 0.00 0.00 0.00 0.00 0.00 0.00 0.00 1.81 5.84 8.79 11.52 13.42 13.63 12.75 9.66 6.87 3.36 0.00 0.00 0.00 0.00 0.00
0.00 0.00 0.00 0.00 0.00 0.00 0.00 0.00 0.00 1.50 5.06 7.66 10.36 11.62 11.68 10.71 7.82 5.58 2.77 0.00 0.00 0.00 0.00 0.00
0.00 0.00 0.00 0.00 0.00 0.00 0.00 0.00 0.00 0.91 3.77 6.01 8.20 7.71 7.83 7.46 6.56 4.73 2.48 0.00 0.00 0.00 0.00 0.00
0.00 0.00 0.00 0.00 0.00 0.00 0.00 0.00 0.00 2.34 9.73 15.52 21.19 19.92 20.23 19.26 16.94 12.22 6.40 0.00 0.00 0.00 0.00 0.00
0.00 0.00 0.00 0.00 0.00 0.00 0.00 0.00 0.00 0.62 2.56 4.07 5.53 4.66 4.73 4.49 4.99 3.64 1.95 0.01 0.00 0.00 0.00 0.00
0.00 0.00 0.00 0.00 0.00 0.00 0.00 0.00 0.00 1.88 5.83 8.70 11.41 13.22 13.63 12.92 10.77 7.72 3.99 0.00 0.00 0.00 0.00 0.00
0.00 0.00 0.00 0.00 0.00 0.00 0.00 0.00 0.00 2.92 9.39 14.13 19.03 22.49 23.10 21.33 17.36 12.47 6.34 0.00 0.00 0.00 0.00 0.00
0.00 0.00 0.00 0.00 0.00 0.00 0.00 0.00 0.00 0.49 1.32 1.92 2.44 2.89 2.92 2.72 2.29 1.62 0.78 0.00 0.00 0.00 0.00 0.00
0.00 0.00 0.00 0.00 0.00 0.00 0.00 0.00 0.00 2.72 7.58 11.12 14.58 16.60 16.77 15.50 13.17 9.39 4.75 0.00 0.00 0.00 0.00 0.00
0.00 0.00 0.00 0.00 0.00 0.00 0.00 0.00 0.00 1.93 5.26 7.75 10.00 11.19 11.34 10.47 8.80 6.19 3.07 0.00 0.00 0.00 0.00 0.00
0.00 0.00 0.00 0.00 0.00 0.00 0.00 0.00 0.00 2.67 7.26 10.69 13.79 15.44 15.65 14.45 12.14 8.55 4.23 0.00 0.00 0.00 0.00 0.00
0.00 0.00 0.00 0.00 0.00 0.00 0.00 0.00 0.00 1.82 4.95 7.28 9.40 10.52 10.66 9.85 8.27 5.82 2.88 0.00 0.00 0.00 0.00 0.00
0.00 0.00 0.00 0.00 0.00 0.00 0.00 0.00 0.00 1.45 4.04 5.93 7.77 8.85 8.95 8.27 7.03 5.01 2.54 0.00 0.00 0.00 0.00 0.00
0.00 0.00 0.00 0.00 0.00 0.00 0.00 0.00 0.00 1.55 4.10 6.02 7.59 8.60 8.85 8.13 6.66 4.70 2.29 0.00 0.00 0.00 0.00 0.00
0.00 0.00 0.00 0.00 0.00 0.00 0.00 0.00 0.00 1.39 4.14 6.17 8.03 9.18 9.64 9.11 6.86 4.89 2.61 0.01 0.00 0.00 0.00 0.00
0.00 0.00 0.00 0.00 0.00 0.00 0.00 0.00 0.00 8.35 22.87 34.99 49.19 59.22 62.27 60.10 57.90 41.17 23.79 2.64 0.00 0.00 0.00 0.00
0.00 0.00 0.00 0.00 0.00 0.00 0.00 0.00 0.00 1.74 5.89 8.96 12.16 13.88 14.55 13.92 10.38 7.55 4.10 0.13 0.00 0.00 0.00 0.00
0.00 0.00 0.00 0.00 0.00 0.00 0.00 0.00 0.00 2.86 8.98 13.45 18.26 21.49 22.06 21.00 17.20 12.36 6.56 0.00 0.00 0.00 0.00 0.00
0.00 0.00 0.00 0.00 0.00 0.00 0.00 0.00 0.00 1.31 4.12 6.17 8.37 9.85 10.11 9.62 7.88 5.67 3.01 0.00 0.00 0.00 0.00 0.00
0.00 0.00 0.00 0.00 0.00 0.00 0.00 0.00 0.00 2.16 7.33 11.15 15.03 17.27 18.05 17.27 13.55 9.91 5.37 0.15 0.00 0.00 0.00 0.00
0.00 0.00 0.00 0.00 0.00 0.00 0.00 0.00 0.00 0.95 3.10 4.68 6.27 7.19 7.48 7.12 6.03 4.33 2.29 0.00 0.00 0.00 0.00 0.00
0.00 0.00 0.00 0.00 0.00 0.00 0.00 0.00 0.00 8.34 34.06 53.76 72.93 84.96 92.15 89.46 77.36 59.36 34.20 2.98 0.00 0.00 0.00 0.00
0.00 0.00 0.00 0.00 0.00 0.00 0.00 0.00 0.00 2.40 10.10 16.36 22.58 22.66 23.19 21.73 21.53 15.72 8.56 0.26 0.00 0.00 0.00 0.00
0.00 0.00 0.00 0.00 0.00 0.00 0.00 0.00 0.00 0.56 2.26 3.65 5.02 5.14 5.24 4.90 5.16 3.75 2.06 0.10 0.00 0.00 0.00 0.00
0.00 0.00 0.00 0.00 0.00 0.00 0.00 0.00 0.00 0.71 2.89 4.63 6.36 6.61 6.87 6.47 7.00 5.05 2.79 0.13 0.00 0.00 0.00 0.00
0.00 0.00 0.00 0.00 0.00 0.00 0.00 0.00 0.00 1.13 4.63 7.41 10.17 10.58 11.00 10.35 11.20 8.08 4.47 0.21 0.00 0.00 0.00 0.00
0.00 0.00 0.00 0.00 0.00 0.00 0.00 0.00 0.00 13.95 95.52 160.80 230.37 285.71 300.05 283.04 273.40 196.22 117.70 16.78 0.00 0.00 0.00 0.00
