0.00 0.00 0.00 0.00 0.00 0.00 0.00 0.00 0.00 0.12 1.10 1.89 2.69 3.19 3.33 3.14 2.29 1.54 0.77 0.00 0.00 0.00 0.00 0.00
0.00 0.00 0.00 0.00 0.00 0.00 0.00 0.00 0.00 8.15 24.64 37.40 48.92 35.65 35.95 34.22 23.30 15.74 7.27 0.00 0.00 0.00 0.00 0.00
0.00 0.00 0.00 0.00 0.00 0.00 0.00 0.00 0.00 2.69 25.14 43.14 61.57 72.90 76.24 71.88 52.28 35.29 17.68 0.00 0.00 0.00 0.00 0.00
0.00 0.00 0.00 0.00 0.00 0.00 0.00 0.00 0.00 9.55 89.35 153.33 218.83 259.08 270.95 255.46 185.80 125.41 62.84 0.00 0.00 0.00 0.00 0.00
0.00 0.00 0.00 0.00 0.00 0.00 0.00 0.00 0.00 1.48 4.26 6.32 8.17 9.47 9.57 8.63 6.97 4.61 1.73 0.00 0.00 0.00 0.00 0.00
0.00 0.00 0.00 0.00 0.00 0.00 0.00 0.00 0.00 18.87 208.81 361.86 521.86 593.66 622.95 583.81 318.09 218.22 115.30 0.00 0.00 0.00 0.00 0.00
0.00 0.00 0.00 0.00 0.00 0.00 0.00 0.00 0.00 0.56 2.28 3.55 4.78 5.37 5.48 4.98 4.16 2.78 1.05 0.00 0.00 0.00 0.00 0.00
0.00 0.00 0.00 0.00 0.00 0.00 0.00 0.00 0.00 0.42 1.39 2.11 2.76 3.23 3.37 3.14 2.04 1.37 0.62 0.00 0.00 0.00 0.00 0.00
0.00 0.00 0.00 0.00 0.00 0.00 0.00 0.00 0.00 0.68 2.23 3.37 4.42 5.17 5.39 5.03 3.26 2.20 0.99 0.00 0.00 0.00 0.00 0.00
0.00 0.00 0.00 0.00 0.00 0.00 0.00 0.00 0.00 0.68 2.23 3.37 4.42 5.17 5.39 5.03 3.26 2.20 0.99 0.00 0.00 0.00 0.00 0.00
0.00 0.00 0.00 0.00 0.00 0.00 0.00 0.00 0.00 1.29 4.98 7.70 10.49 12.39 12.91 12.20 10.06 6.96 3.19 0.00 0.00 0.00 0.00 0.00
0.00 0.00 0.00 0.00 0.00 0.00 0.00 0.00 0.00 0.61 2.32 3.59 4.96 5.93 6.11 5.76 4.73 3.22 1.48 0.00 0.00 0.00 0.00 0.00
0.00 0.00 0.00 0.00 0.00 0.00 0.00 0.00 0.00 0.79 2.99 4.61 6.38 7.62 7.86 7.40 6.09 4.14 1.90 0.00 0.00 0.00 0.00 0.00
0.00 0.00 0.00 0.00 0.00 0.00 0.00 0.00 0.00 0.52 1.99 3.07 4.25 5.08 5.24 4.94 4.06 2.76 1.26 0.00 0.00 0.00 0.00 0.00
0.00 0.00 0.00 0.00 0.00 0.00 0.00 0.00 0.00 0.52 1.99 3.07 4.25 5.08 5.24 4.94 4.06 2.76 1.26 0.00 0.00 0.00 0.00 0.00
0.00 0.00 0.00 0.00 0.00 0.00 0.00 0.00 0.00 4.44 13.04 20.17 28.42 27.12 28.51 27.38 23.30 15.88 8.12 0.00 0.00 0.00 0.00 0.00
0.00 0.00 0.00 0.00 0.00 0.00 0.00 0.00 0.00 4.09 15.53 23.97 32.09 37.34 38.98 36.53 31.30 21.11 9.46 0.00 0.00 0.00 0.00 0.00
0.00 0.00 0.00 0.00 0.00 0.00 0.00 0.00 0.00 3.27 13.37 20.91 27.97 32.92 33.79 31.59 26.25 18.11 8.11 0.00 0.00 0.00 0.00 0.00
0.00 0.00 0.00 0.00 0.00 0.00 0.00 0.00 0.00 5.57 61.59 106.74 153.93 175.11 183.75 172.20 93.82 64.37 34.01 0.00 0.00 0.00 0.00 0.00
0.00 0.00 0.00 0.00 0.00 0.00 0.00 0.00 0.00 5.29 58.59 101.53 146.42 166.57 174.79 163.80 89.25 61.23 32.35 0.00 0.00 0.00 0.00 0.00
0.00 0.00 0.00 0.00 0.00 0.00 0.00 0.00 0.00 10.18 112.67 195.25 281.58 320.32 336.13 315.01 171.63 117.74 62.21 0.00 0.00 0.00 0.00 0.00
0.00 0.00 0.00 0.00 0.00 0.00 0.00 0.00 0.00 10.01 110.79 192.00 276.89 314.98 330.52 309.76 168.77 115.78 61.17 0.00 0.00 0.00 0.00 0.00
0.00 0.00 0.00 0.00 0.00 0.00 0.00 0.00 0.00 8.45 109.38 191.69 272.71 312.12 324.43 304.15 248.37 168.24 83.56 0.00 0.00 0.00 0.00 0.00
0.00 0.00 0.00 0.00 0.00 0.00 0.00 0.00 0.00 0.42 1.39 2.11 2.76 3.23 3.37 3.14 2.04 1.37 0.62 0.00 0.00 0.00 0.00 0.00
0.00 0.00 0.00 0.00 0.00 0.00 0.00 0.00 0.00 2.15 7.06 10.69 14.00 16.39 17.08 15.93 10.32 6.97 3.12 0.00 0.00 0.00 0.00 0.00
0.00 0.00 0.00 0.00 0.00 0.00 0.00 0.00 0.00 10.97 36.04 54.56 71.47 83.65 87.18 81.32 52.71 35.56 15.93 0.00 0.00 0.00 0.00 0.00
0.00 0.00 0.00 0.00 0.00 0.00 0.00 0.00 0.00 0.38 4.21 7.29 10.51 11.96 12.55 11.76 6.41 4.40 2.32 0.00 0.00 0.00 0.00 0.00
0.00 0.00 0.00 0.00 0.00 0.00 0.00 0.00 0.00 9.40 87.96 150.94 215.42 255.05 266.72 251.47 182.90 123.45 61.86 0.00 0.00 0.00 0.00 0.00
0.00 0.00 0.00 0.00 0.00 0.00 0.00 0.00 0.00 1.55 7.62 12.24 16.64 15.35 16.56 15.91 9.90 7.26 3.64 0.00 0.00 0.00 0.00 0.00
0.00 0.00 0.00 0.00 0.00 0.00 0.00 0.00 0.00 6.21 45.46 76.22 106.28 121.70 124.32 115.45 91.00 62.86 28.28 0.00 0.00 0.00 0.00 0.00
0.00 0.00 0.00 0.00 0.00 0.00 0.00 0.00 0.00 0.16 1.47 2.52 3.59 4.25 4.45 4.19 3.05 2.06 1.03 0.00 0.00 0.00 0.00 0.00
0.00 0.00 0.00 0.00 0.00 0.00 0.00 0.00 0.00 7.05 65.97 113.20 161.57 191.28 200.04 188.61 137.18 92.59 46.40 0.00 0.00 0.00 0.00 0.00
0.00 0.00 0.00 0.00 0.00 0.00 0.00 0.00 0.00 9.05 84.66 145.28 207.34 245.48 256.72 242.04 176.04 118.83 59.54 0.00 0.00 0.00 0.00 0.00
0.00 0.00 0.00 0.00 0.00 0.00 0.00 0.00 0.00 11.14 144.25 252.80 359.63 411.60 427.84 401.10 327.54 221.86 110.19 0.00 0.00 0.00 0.00 0.00
0.00 0.00 0.00 0.00 0.00 0.00 0.00 0.00 0.00 0.92 3.51 5.43 7.59 8.92 9.52 8.87 5.61 3.82 1.80 0.00 0.00 0.00 0.00 0.00
0.00 0.00 0.00 0.00 0.00 0.00 0.00 0.00 0.00 1.17 4.42 6.84 9.58 11.47 12.13 11.37 7.82 5.31 2.49 0.00 0.00 0.00 0.00 0.00
0.00 0.00 0.00 0.00 0.00 0.00 0.00 0.00 0.00 6.41 31.43 50.47 68.62 63.31 68.31 65.62 40.85 29.94 15.01 0.00 0.00 0.00 0.00 0.00
0.00 0.00 0.00 0.00 0.00 0.00 0.00 0.00 0.00 0.00 85.35 163.82 233.24 284.97 305.20 288.53 231.48 158.34 77.88 0.00 0.00 0.00 0.00 0.00
0.00 0.00 0.00 0.00 0.00 0.00 0.00 0.00 0.00 0.33 1.22 1.87 2.52 2.91 3.01 2.83 2.41 1.64 0.72 0.00 0.00 0.00 0.00 0.00
0.00 0.00 0.00 0.00 0.00 0.00 0.00 0.00 0.00 2.62 22.37 38.13 53.93 63.43 65.06 60.35 47.04 32.19 15.50 0.00 0.00 0.00 0.00 0.00
0.00 0.00 0.00 0.00 0.00 0.00 0.00 0.00 0.00 0.48 7.72 13.71 19.82 23.85 25.65 24.01 19.70 13.93 7.77 0.25 0.00 0.00 0.00 0.00
0.00 0.00 0.00 0.00 0.00 0.00 0.00 0.00 0.00 0.68 2.69 4.16 5.56 6.42 6.40 5.82 4.65 3.08 1.12 0.00 0.00 0.00 0.00 0.00
0.00 0.00 0.00 0.00 0.00 0.00 0.00 0.00 0.00 0.34 1.34 2.08 2.78 3.21 3.20 2.91 2.32 1.54 0.56 0.00 0.00 0.00 0.00 0.00
0.00 0.00 0.00 0.00 0.00 0.00 0.00 0.00 0.00 0.74 2.94 4.55 6.08 7.02 7.00 6.37 5.09 3.37 1.23 0.00 0.00 0.00 0.00 0.00
0.00 0.00 0.00 0.00 0.00 0.00 0.00 0.00 0.00 0.92 3.53 5.45 7.20 8.44 8.53 7.88 6.41 4.27 1.60 0.00 0.00 0.00 0.00 0.00
0.00 0.00 0.00 0.00 0.00 0.00 0.00 0.00 0.00 1.40 5.38 8.30 10.97 12.86 12.99 12.01 9.76 6.50 2.43 0.00 0.00 0.00 0.00 0.00
0.00 0.00 0.00 0.00 0.00 0.00 0.00 0.00 0.00 1.13 4.66 7.25 9.89 11.23 11.24 10.18 8.53 5.70 2.18 0.00 0.00 0.00 0.00 0.00
0.00 0.00 0.00 0.00 0.00 0.00 0.00 0.00 0.00 0.58 3.63 6.00 8.29 9.52 9.63 9.07 7.43 5.05 2.11 0.00 0.00 0.00 0.00 0.00
0.00 0.00 0.00 0.00 0.00 0.00 0.00 0.00 0.00 1.49 9.38 15.49 21.41 24.59 24.88 23.42 19.18 13.03 5.45 0.00 0.00 0.00 0.00 0.00
0.00 0.00 0.00 0.00 0.00 0.00 0.00 0.00 0.00 0.42 2.58 4.24 5.81 6.55 6.62 6.22 4.96 3.41 1.49 0.00 0.00 0.00 0.00 0.00
0.00 0.00 0.00 0.00 0.00 0.00 0.00 0.00 0.00 1.58 5.53 8.42 11.10 12.91 13.23 12.39 10.28 6.96 2.92 0.00 0.00 0.00 0.00 0.00
0.00 0.00 0.00 0.00 0.00 0.00 0.00 0.00 0.00 2.35 8.80 13.52 18.32 21.61 22.09 20.16 16.90 11.43 4.62 0.00 0.00 0.00 0.00 0.00
0.00 0.00 0.00 0.00 0.00 0.00 0.00 0.00 0.00 0.42 1.25 1.85 2.37 2.82 2.83 2.59 2.15 1.42 0.53 0.00 0.00 0.00 0.00 0.00
0.00 0.00 0.00 0.00 0.00 0.00 0.00 0.00 0.00 2.31 7.17 10.72 14.18 16.88 16.93 15.44 12.25 8.24 3.37 0.00 0.00 0.00 0.00 0.00
0.00 0.00 0.00 0.00 0.00 0.00 0.00 0.00 0.00 1.66 4.99 7.48 9.73 11.34 11.40 10.38 8.26 5.47 2.15 0.00 0.00 0.00 0.00 0.00
0.00 0.00 0.00 0.00 0.00 0.00 0.00 0.00 0.00 2.30 6.88 10.32 13.42 15.64 15.73 14.33 11.39 7.55 2.97 0.00 0.00 0.00 0.00 0.00
0.00 0.00 0.00 0.00 0.00 0.00 0.00 0.00 0.00 1.56 4.69 7.03 9.14 10.66 10.72 9.76 7.76 5.14 2.02 0.00 0.00 0.00 0.00 0.00
0.00 0.00 0.00 0.00 0.00 0.00 0.00 0.00 0.00 1.23 3.82 5.72 7.57 9.01 9.03 8.23 6.53 4.39 1.80 0.00 0.00 0.00 0.00 0.00
0.00 0.00 0.00 0.00 0.00 0.00 0.00 0.00 0.00 1.36 3.93 5.86 7.43 8.58 8.75 7.92 6.33 4.20 1.61 0.00 0.00 0.00 0.00 0.00
0.00 0.00 0.00 0.00 0.00 0.00 0.00 0.00 0.00 1.22 3.99 6.05 7.92 9.27 9.66 9.01 5.84 3.94 1.76 0.00 0.00 0.00 0.00 0.00
0.00 0.00 0.00 0.00 0.00 0.00 0.00 0.00 0.00 5.79 16.97 26.25 36.99 35.30 37.11 35.63 30.33 20.67 10.57 0.00 0.00 0.00 0.00 0.00
0.00 0.00 0.00 0.00 0.00 0.00 0.00 0.00 0.00 1.47 5.64 8.73 11.89 14.04 14.63 13.83 11.41 7.88 3.61 0.00 0.00 0.00 0.00 0.00
0.00 0.00 0.00 0.00 0.00 0.00 0.00 0.00 0.00 2.31 8.44 12.92 17.70 21.06 21.51 20.25 16.85 11.49 5.07 0.00 0.00 0.00 0.00 0.00
0.00 0.00 0.00 0.00 0.00 0.00 0.00 0.00 0.00 1.06 3.87 5.92 8.11 9.65 9.86 9.28 7.72 5.26 2.32 0.00 0.00 0.00 0.00 0.00
0.00 0.00 0.00 0.00 0.00 0.00 0.00 0.00 0.00 1.82 7.03 10.88 14.72 17.26 17.93 16.95 14.17 9.86 4.51 0.00 0.00 0.00 0.00 0.00
0.00 0.00 0.00 0.00 0.00 0.00 0.00 0.00 0.00 0.80 2.96 4.55 6.12 7.07 7.31 6.88 5.84 3.98 1.74 0.00 0.00 0.00 0.00 0.00
0.00 0.00 0.00 0.00 0.00 0.00 0.00 0.00 0.00 6.64 32.54 52.26 71.05 65.55 70.73 67.94 42.29 30.99 15.54 0.00 0.00 0.00 0.00 0.00
0.00 0.00 0.00 0.00 0.00 0.00 0.00 0.00 0.00 1.48 10.87 18.23 25.41 29.10 29.73 27.61 21.76 15.03 6.76 0.00 0.00 0.00 0.00 0.00
0.00 0.00 0.00 0.00 0.00 0.00 0.00 0.00 0.00 0.36 2.50 4.18 5.80 6.77 6.88 6.38 5.05 3.48 1.59 0.00 0.00 0.00 0.00 0.00
0.00 0.00 0.00 0.00 0.00 0.00 0.00 0.00 0.00 0.50 3.13 5.17 7.16 8.50 8.80 8.19 6.02 4.12 1.91 0.00 0.00 0.00 0.00 0.00
0.00 0.00 0.00 0.00 0.00 0.00 0.00 0.00 0.00 0.80 5.01 8.27 11.45 13.60 14.08 13.11 9.63 6.59 3.05 0.00 0.00 0.00 0.00 0.00
0.00 0.00 0.00 0.00 0.00 0.00 0.00 0.00 0.00 10.35 114.55 198.50 286.27 325.66 341.73 320.26 174.49 119.71 63.25 0.00 0.00 0.00 0.00 0.00
