0.00 0.00 0.00 0.00 0.00 0.00 0.00 0.00 0.68 1.60 2.68 3.61 4.26 4.72 4.76 4.59 4.11 3.35 2.31 1.01 0.25 0.00 0.00 0.00
0.00 0.00 0.00 0.00 0.00 0.00 0.00 0.00 12.42 25.69 34.87 44.66 52.24 71.31 70.69 65.81 66.96 51.26 33.76 11.08 0.00 0.00 0.00 0.00
0.00 0.00 0.00 0.00 0.00 0.00 0.00 0.00 15.49 36.66 61.30 82.49 97.46 107.97 108.73 105.02 94.10 76.64 52.78 23.11 5.80 0.00 0.00 0.00
0.00 0.00 0.00 0.00 0.00 0.00 0.00 0.00 55.05 130.27 217.87 293.17 346.36 383.70 386.43 373.25 334.41 272.37 187.59 82.12 20.60 0.00 0.00 0.00
0.00 0.00 0.00 0.00 0.00 0.00 0.00 0.25 3.22 6.01 9.24 11.70 13.25 15.05 14.65 13.45 11.47 8.77 5.48 1.48 0.00 0.00 0.00 0.00
0.00 0.00 0.00 0.00 0.00 0.00 0.00 0.00 105.22 267.57 452.18 614.11 743.11 839.29 871.35 867.23 798.68 647.68 440.74 203.18 55.43 0.00 0.00 0.00
0.00 0.00 0.00 0.00 0.00 0.00 0.00 0.04 1.81 3.50 5.63 7.32 8.50 9.11 9.00 8.43 7.35 5.60 3.59 1.19 0.06 0.00 0.00 0.00
0.00 0.00 0.00 0.00 0.00 0.00 0.00 0.00 0.94 1.92 2.86 3.74 4.36 4.28 4.16 3.96 4.03 3.11 2.03 0.73 0.00 0.00 0.00 0.00
0.00 0.00 0.00 0.00 0.00 0.00 0.00 0.00 1.51 3.07 4.57 5.98 6.98 6.84 6.66 6.33 6.46 4.98 3.25 1.17 0.00 0.00 0.00 0.00
0.00 0.00 0.00 0.00 0.00 0.00 0.00 0.00 1.51 3.07 4.57 5.98 6.98 6.84 6.66 6.33 6.46 4.98 3.25 1.17 0.00 0.00 0.00 0.00
0.00 0.00 0.00 0.00 0.00 0.00 0.00 0.00 3.48 7.27 11.88 15.91 18.51 18.32 18.33 17.30 13.09 10.20 6.44 2.71 0.19 0.00 0.00 0.00
0.00 0.00 0.00 0.00 0.00 0.00 0.00 0.00 1.63 3.39 5.55 7.44 8.63 8.14 8.13 7.63 6.00 4.69 2.96 1.21 0.08 0.00 0.00 0.00
0.00 0.00 0.00 0.00 0.00 0.00 0.00 0.00 2.09 4.36 7.13 9.56 11.09 10.46 10.46 9.81 7.71 6.03 3.80 1.55 0.10 0.00 0.00 0.00
0.00 0.00 0.00 0.00 0.00 0.00 0.00 0.00 1.39 2.91 4.75 6.37 7.40 6.98 6.97 6.54 5.14 4.02 2.53 1.03 0.07 0.00 0.00 0.00
0.00 0.00 0.00 0.00 0.00 0.00 0.00 0.00 1.39 2.91 4.75 6.37 7.40 6.98 6.97 6.54 5.14 4.02 2.53 1.03 0.07 0.00 0.00 0.00
0.00 0.00 0.00 0.00 0.00 0.00 0.00 0.00 16.27 36.95 58.25 77.69 90.99 72.81 72.76 68.63 51.59 39.66 25.87 12.16 0.83 0.00 0.00 0.00
0.00 0.00 0.00 0.00 0.00 0.00 0.00 0.00 10.75 22.12 35.42 47.50 55.36 56.38 56.36 52.35 37.76 29.38 18.84 7.85 0.46 0.00 0.00 0.00
0.00 0.00 0.00 0.00 0.00 0.00 0.00 0.00 9.14 18.90 30.43 40.81 47.05 50.65 50.44 47.31 36.17 28.27 18.12 5.89 0.51 0.00 0.00 0.00
0.00 0.00 0.00 0.00 0.00 0.00 0.00 0.00 31.03 78.92 133.38 181.14 219.19 247.56 257.02 255.80 235.58 191.04 130.00 59.93 16.35 0.00 0.00 0.00
0.00 0.00 0.00 0.00 0.00 0.00 0.00 0.00 29.52 75.07 126.87 172.30 208.50 235.48 244.48 243.32 224.09 181.72 123.66 57.01 15.55 0.00 0.00 0.00
0.00 0.00 0.00 0.00 0.00 0.00 0.00 0.00 56.77 144.37 243.98 331.35 400.96 452.85 470.15 467.93 430.94 349.47 237.81 109.63 29.91 0.00 0.00 0.00
0.00 0.00 0.00 0.00 0.00 0.00 0.00 0.00 55.82 141.97 239.92 325.83 394.27 445.30 462.32 460.13 423.76 343.65 233.85 107.80 29.41 0.00 0.00 0.00
0.00 0.00 0.00 0.00 0.00 0.00 0.00 0.00 70.18 165.97 275.11 375.78 454.73 506.61 521.51 500.15 454.13 358.37 245.20 110.70 29.90 0.00 0.00 0.00
0.00 0.00 0.00 0.00 0.00 0.00 0.00 0.00 0.94 1.92 2.86 3.74 4.36 4.28 4.16 3.96 4.03 3.11 2.03 0.73 0.00 0.00 0.00 0.00
0.00 0.00 0.00 0.00 0.00 0.00 0.00 0.00 4.79 9.73 14.47 18.95 22.09 21.67 21.09 20.04 20.44 15.77 10.30 3.70 0.00 0.00 0.00 0.00
0.00 0.00 0.00 0.00 0.00 0.00 0.00 0.00 24.44 49.68 73.86 96.72 112.80 110.62 107.67 102.32 104.36 80.49 52.61 18.91 0.00 0.00 0.00 0.00
0.00 0.00 0.00 0.00 0.00 0.00 0.00 0.00 2.12 5.39 9.11 12.37 14.97 16.91 17.55 17.47 16.09 13.05 8.88 4.09 1.12 0.00 0.00 0.00
0.00 0.00 0.00 0.00 0.00 0.00 0.00 0.00 54.19 128.24 214.47 288.60 340.96 377.72 380.40 367.43 329.20 268.12 184.66 80.84 20.28 0.00 0.00 0.00
0.00 0.00 0.00 0.00 0.00 0.00 0.00 0.00 4.61 10.55 17.63 24.22 28.95 30.92 30.66 28.85 23.06 18.19 12.02 4.80 0.78 0.00 0.00 0.00
0.00 0.00 0.00 0.00 0.00 0.00 0.00 0.00 30.12 64.59 108.25 147.14 174.44 190.50 192.03 181.76 160.64 128.03 87.01 35.34 7.20 0.00 0.00 0.00
0.00 0.00 0.00 0.00 0.00 0.00 0.00 0.00 0.90 2.14 3.57 4.81 5.68 6.30 6.34 6.12 5.49 4.47 3.08 1.35 0.34 0.00 0.00 0.00
0.00 0.00 0.00 0.00 0.00 0.00 0.00 0.00 40.64 96.18 160.85 216.45 255.72 283.29 285.30 275.57 246.90 201.09 138.50 60.63 15.21 0.00 0.00 0.00
0.00 0.00 0.00 0.00 0.00 0.00 0.00 0.00 52.16 123.43 206.43 277.78 328.17 363.56 366.14 353.65 316.85 258.07 177.74 77.81 19.52 0.00 0.00 0.00
0.00 0.00 0.00 0.00 0.00 0.00 0.00 0.00 92.55 218.87 362.80 495.56 599.68 668.09 687.74 659.58 598.89 472.60 323.36 145.99 39.42 0.00 0.00 0.00
0.00 0.00 0.00 0.00 0.00 0.00 0.00 0.00 2.40 5.11 8.66 11.65 13.56 12.60 12.59 11.75 8.66 6.53 4.33 2.16 0.17 0.00 0.00 0.00
0.00 0.00 0.00 0.00 0.00 0.00 0.00 0.00 3.05 6.48 10.91 14.67 17.09 16.02 16.04 14.98 10.95 8.30 5.41 2.72 0.20 0.00 0.00 0.00
0.00 0.00 0.00 0.00 0.00 0.00 0.00 0.00 19.01 43.52 72.72 99.91 119.42 127.55 126.48 118.99 95.12 75.02 49.60 19.81 3.23 0.00 0.00 0.00
0.00 0.00 0.00 0.00 0.00 0.00 0.00 0.00 67.08 162.72 270.76 375.91 459.79 508.87 516.01 483.53 434.15 348.44 241.18 116.88 39.08 0.00 0.00 0.00
0.00 0.00 0.00 0.00 0.00 0.00 0.00 0.00 0.86 1.75 2.80 3.73 4.30 4.29 4.31 4.03 2.97 2.24 1.47 0.55 0.02 0.00 0.00 0.00
0.00 0.00 0.00 0.00 0.00 0.00 0.00 0.00 14.27 32.43 53.44 72.47 87.28 96.07 97.36 93.18 82.13 64.75 44.58 19.11 4.45 0.00 0.00 0.00
0.00 0.00 0.00 0.00 0.00 0.00 0.00 0.00 3.28 9.15 16.16 22.61 27.31 30.61 31.28 30.36 28.46 22.24 15.71 7.33 2.23 0.00 0.00 0.00
0.00 0.00 0.00 0.00 0.00 0.00 0.00 0.10 2.17 4.13 6.43 8.39 9.66 10.25 10.20 9.57 8.27 6.36 4.02 1.31 0.04 0.00 0.00 0.00
0.00 0.00 0.00 0.00 0.00 0.00 0.00 0.05 1.09 2.07 3.22 4.19 4.83 5.13 5.10 4.79 4.13 3.18 2.01 0.66 0.02 0.00 0.00 0.00
0.00 0.00 0.00 0.00 0.00 0.00 0.00 0.11 2.38 4.52 7.04 9.17 10.57 11.22 11.16 10.47 9.04 6.96 4.40 1.43 0.04 0.00 0.00 0.00
0.00 0.00 0.00 0.00 0.00 0.00 0.00 0.10 2.85 5.45 8.57 11.10 12.94 13.83 13.58 12.78 11.16 8.49 5.37 1.74 0.04 0.00 0.00 0.00
0.00 0.00 0.00 0.00 0.00 0.00 0.00 0.15 4.35 8.30 13.05 16.91 19.72 21.07 20.69 19.48 17.01 12.93 8.18 2.65 0.07 0.00 0.00 0.00
0.00 0.00 0.00 0.00 0.00 0.00 0.00 0.05 3.71 7.17 11.47 14.78 17.22 18.38 18.04 16.99 14.92 11.46 7.43 2.50 0.13 0.00 0.00 0.00
0.00 0.00 0.00 0.00 0.00 0.00 0.00 0.00 2.66 5.46 8.76 11.92 14.09 15.03 15.20 14.50 12.89 10.06 6.66 2.58 0.44 0.00 0.00 0.00
0.00 0.00 0.00 0.00 0.00 0.00 0.00 0.00 6.88 14.11 22.64 30.80 36.40 38.83 39.26 37.46 33.29 25.99 17.19 6.66 1.14 0.00 0.00 0.00
0.00 0.00 0.00 0.00 0.00 0.00 0.00 0.00 1.75 3.67 5.88 8.01 9.51 10.26 10.20 9.55 8.39 6.55 4.44 1.77 0.31 0.00 0.00 0.00
0.00 0.00 0.00 0.00 0.00 0.00 0.00 0.00 4.05 8.00 12.45 16.39 18.84 19.19 19.15 17.58 14.13 10.74 6.81 2.51 0.02 0.00 0.00 0.00
0.00 0.00 0.00 0.00 0.00 0.00 0.00 0.00 6.76 13.26 21.08 27.86 32.23 34.10 34.42 32.18 27.15 20.72 13.15 4.38 0.14 0.00 0.00 0.00
0.00 0.00 0.00 0.00 0.00 0.00 0.00 0.08 1.02 1.90 2.90 3.68 4.14 4.54 4.37 4.05 3.42 2.61 1.63 0.49 0.00 0.00 0.00 0.00
0.00 0.00 0.00 0.00 0.00 0.00 0.00 0.05 5.44 10.52 16.58 21.05 23.63 22.93 22.12 20.72 19.74 15.06 9.61 3.18 0.00 0.00 0.00 0.00
0.00 0.00 0.00 0.00 0.00 0.00 0.00 0.15 3.67 6.96 11.10 14.02 15.67 17.06 16.23 15.39 13.06 9.93 6.36 2.17 0.00 0.00 0.00 0.00
0.00 0.00 0.00 0.00 0.00 0.00 0.00 0.21 5.06 9.61 15.32 19.35 21.63 23.55 22.40 21.24 18.02 13.70 8.77 3.00 0.00 0.00 0.00 0.00
0.00 0.00 0.00 0.00 0.00 0.00 0.00 0.15 3.45 6.55 10.43 13.18 14.73 16.04 15.26 14.47 12.28 9.33 5.97 2.04 0.00 0.00 0.00 0.00
0.00 0.00 0.00 0.00 0.00 0.00 0.00 0.02 2.90 5.61 8.84 11.22 12.60 12.23 11.80 11.05 10.53 8.03 5.12 1.70 0.00 0.00 0.00 0.00
0.00 0.00 0.00 0.00 0.00 0.00 0.00 0.19 2.85 5.35 8.25 10.41 11.78 13.59 13.38 12.44 10.66 8.17 5.09 1.41 0.00 0.00 0.00 0.00
0.00 0.00 0.00 0.00 0.00 0.00 0.00 0.00 2.71 5.51 8.19 10.72 12.50 12.26 11.93 11.34 11.57 8.92 5.83 2.10 0.00 0.00 0.00 0.00
0.00 0.00 0.00 0.00 0.00 0.00 0.00 0.00 21.17 48.09 75.82 101.12 118.43 94.77 94.70 89.33 67.15 51.62 33.68 15.83 1.08 0.00 0.00 0.00
0.00 0.00 0.00 0.00 0.00 0.00 0.00 0.00 3.94 8.23 13.47 18.03 20.98 20.76 20.77 19.61 14.84 11.55 7.30 3.07 0.22 0.00 0.00 0.00
0.00 0.00 0.00 0.00 0.00 0.00 0.00 0.00 5.89 11.94 18.58 24.78 29.06 24.95 24.95 23.14 19.61 14.87 9.56 4.07 0.12 0.00 0.00 0.00
0.00 0.00 0.00 0.00 0.00 0.00 0.00 0.00 2.70 5.47 8.51 11.36 13.32 11.44 11.43 10.61 8.99 6.82 4.38 1.87 0.06 0.00 0.00 0.00
0.00 0.00 0.00 0.00 0.00 0.00 0.00 0.00 4.90 10.23 16.67 22.26 25.95 26.40 26.38 24.89 18.44 14.34 9.09 3.99 0.28 0.00 0.00 0.00
0.00 0.00 0.00 0.00 0.00 0.00 0.00 0.00 2.10 4.25 6.81 9.06 10.45 10.42 10.46 9.79 7.21 5.44 3.58 1.33 0.06 0.00 0.00 0.00
0.00 0.00 0.00 0.00 0.00 0.00 0.00 0.00 19.68 45.06 75.29 103.44 123.64 132.06 130.96 123.20 98.48 77.67 51.35 20.51 3.35 0.00 0.00 0.00
0.00 0.00 0.00 0.00 0.00 0.00 0.00 0.00 7.20 15.45 25.89 35.19 41.71 45.55 45.92 43.47 38.41 30.62 20.81 8.45 1.72 0.00 0.00 0.00
0.00 0.00 0.00 0.00 0.00 0.00 0.00 0.00 1.65 3.56 5.81 7.84 9.49 10.38 10.27 9.69 8.61 6.84 4.66 1.88 0.38 0.00 0.00 0.00
0.00 0.00 0.00 0.00 0.00 0.00 0.00 0.00 2.11 4.59 7.58 10.10 11.74 12.68 12.82 12.30 10.77 8.57 5.79 2.31 0.43 0.00 0.00 0.00
0.00 0.00 0.00 0.00 0.00 0.00 0.00 0.00 3.38 7.34 12.13 16.16 18.79 20.29 20.52 19.67 17.23 13.71 9.27 3.69 0.69 0.00 0.00 0.00
0.00 0.00 0.00 0.00 0.00 0.00 0.00 0.00 57.72 146.78 248.05 336.88 407.64 460.40 477.99 475.73 438.12 355.29 241.77 111.46 30.40 0.00 0.00 0.00
