0.00 0.00 0.00 0.00 0.00 0.00 0.00 0.00 0.01 0.84 1.84 2.65 3.29 3.62 3.68 3.47 2.82 1.95 1.03 0.00 0.00 0.00 0.00 0.00
0.00 0.00 0.00 0.00 0.00 0.00 0.00 0.00 6.10 22.50 40.73 56.33 65.17 69.15 67.24 60.60 47.04 31.08 14.61 0.00 0.00 0.00 0.00 0.00
0.00 0.00 0.00 0.00 0.00 0.00 0.00 0.00 0.12 19.15 42.11 60.59 75.21 82.87 84.20 79.33 64.41 44.55 23.58 0.00 0.00 0.00 0.00 0.00
0.00 0.00 0.00 0.00 0.00 0.00 0.00 0.00 0.41 68.08 149.65 215.33 267.29 294.52 299.25 281.94 228.90 158.32 83.80 0.00 0.00 0.00 0.00 0.00
0.00 0.00 0.00 0.00 0.00 0.00 0.00 0.00 1.37 4.06 5.64 7.49 8.47 8.05 7.69 6.68 6.17 3.89 1.56 0.00 0.00 0.00 0.00 0.00
0.00 0.00 0.00 0.00 0.00 0.00 0.00 0.00 0.00 145.70 328.29 474.04 592.73 679.80 703.19 668.92 544.06 379.29 208.17 0.06 0.00 0.00 0.00 0.00
0.00 0.00 0.00 0.00 0.00 0.00 0.00 0.00 0.45 1.97 3.73 5.20 6.17 6.73 6.71 6.08 4.70 2.98 1.28 0.00 0.00 0.00 0.00 0.00
0.00 0.00 0.00 0.00 0.00 0.00 0.00 0.00 0.33 1.26 2.30 3.16 3.57 3.85 3.75 3.42 2.78 1.83 0.85 0.00 0.00 0.00 0.00 0.00
0.00 0.00 0.00 0.00 0.00 0.00 0.00 0.00 0.53 2.02 3.68 5.05 5.71 6.17 6.01 5.47 4.45 2.93 1.35 0.00 0.00 0.00 0.00 0.00
0.00 0.00 0.00 0.00 0.00 0.00 0.00 0.00 0.53 2.02 3.68 5.05 5.71 6.17 6.01 5.47 4.45 2.93 1.35 0.00 0.00 0.00 0.00 0.00
0.00 0.00 0.00 0.00 0.00 0.00 0.00 0.00 0.84 3.93 7.56 10.86 12.84 14.48 14.19 13.19 10.77 7.16 3.41 0.00 0.00 0.00 0.00 0.00
0.00 0.00 0.00 0.00 0.00 0.00 0.00 0.00 0.41 1.90 3.65 5.24 6.12 6.86 6.74 6.31 5.12 3.38 1.61 0.00 0.00 0.00 0.00 0.00
0.00 0.00 0.00 0.00 0.00 0.00 0.00 0.00 0.53 2.45 4.69 6.74 7.87 8.82 8.67 8.12 6.58 4.35 2.07 0.00 0.00 0.00 0.00 0.00
0.00 0.00 0.00 0.00 0.00 0.00 0.00 0.00 0.35 1.63 3.13 4.49 5.25 5.88 5.78 5.41 4.39 2.90 1.38 0.00 0.00 0.00 0.00 0.00
0.00 0.00 0.00 0.00 0.00 0.00 0.00 0.00 0.35 1.63 3.13 4.49 5.25 5.88 5.78 5.41 4.39 2.90 1.38 0.00 0.00 0.00 0.00 0.00
0.00 0.00 0.00 0.00 0.00 0.00 0.00 0.00 5.43 25.49 48.14 69.15 81.38 86.83 86.38 79.55 65.41 44.04 22.51 0.00 0.00 0.00 0.00 0.00
0.00 0.00 0.00 0.00 0.00 0.00 0.00 0.00 2.70 12.17 23.32 33.17 38.77 42.87 42.52 39.02 31.82 21.18 9.93 0.00 0.00 0.00 0.00 0.00
0.00 0.00 0.00 0.00 0.00 0.00 0.00 0.00 1.92 9.61 18.60 26.34 31.80 35.86 35.68 33.15 26.72 17.83 8.43 0.00 0.00 0.00 0.00 0.00
0.00 0.00 0.00 0.00 0.00 0.00 0.00 0.00 0.00 42.98 96.83 139.82 174.83 200.52 207.42 197.31 160.48 111.88 61.40 0.02 0.00 0.00 0.00 0.00
0.00 0.00 0.00 0.00 0.00 0.00 0.00 0.00 0.00 40.88 92.11 133.00 166.31 190.73 197.30 187.68 152.65 106.42 58.41 0.02 0.00 0.00 0.00 0.00
0.00 0.00 0.00 0.00 0.00 0.00 0.00 0.00 0.00 78.62 177.13 255.78 319.82 366.80 379.42 360.93 293.56 204.65 112.32 0.03 0.00 0.00 0.00 0.00
0.00 0.00 0.00 0.00 0.00 0.00 0.00 0.00 0.00 77.31 174.18 251.51 314.49 360.68 373.09 354.91 288.66 201.24 110.45 0.03 0.00 0.00 0.00 0.00
0.00 0.00 0.00 0.00 0.00 0.00 0.00 0.00 0.00 85.41 191.62 273.66 345.49 385.89 394.58 367.84 298.67 206.11 109.20 0.00 0.00 0.00 0.00 0.00
0.00 0.00 0.00 0.00 0.00 0.00 0.00 0.00 0.33 1.26 2.30 3.16 3.57 3.85 3.75 3.42 2.78 1.83 0.85 0.00 0.00 0.00 0.00 0.00
0.00 0.00 0.00 0.00 0.00 0.00 0.00 0.00 1.68 6.39 11.67 16.00 18.07 19.53 19.02 17.32 14.08 9.27 4.29 0.00 0.00 0.00 0.00 0.00
0.00 0.00 0.00 0.00 0.00 0.00 0.00 0.00 8.59 32.60 59.56 81.69 92.23 99.71 97.12 88.41 71.87 47.30 21.88 0.00 0.00 0.00 0.00 0.00
0.00 0.00 0.00 0.00 0.00 0.00 0.00 0.00 0.00 2.94 6.61 9.55 11.94 13.69 14.16 13.47 10.96 7.64 4.19 0.00 0.00 0.00 0.00 0.00
0.00 0.00 0.00 0.00 0.00 0.00 0.00 0.00 0.41 67.01 147.32 211.97 263.12 289.93 294.59 277.54 225.33 155.85 82.49 0.00 0.00 0.00 0.00 0.00
0.00 0.00 0.00 0.00 0.00 0.00 0.00 0.00 0.65 5.16 10.57 15.75 20.02 22.23 23.36 22.43 17.71 12.47 6.45 0.00 0.00 0.00 0.00 0.00
0.00 0.00 0.00 0.00 0.00 0.00 0.00 0.00 2.81 36.47 76.78 109.23 130.52 145.22 149.04 136.22 107.99 71.21 34.99 0.00 0.00 0.00 0.00 0.00
0.00 0.00 0.00 0.00 0.00 0.00 0.00 0.00 0.01 1.12 2.46 3.53 4.39 4.83 4.91 4.63 3.76 2.60 1.37 0.00 0.00 0.00 0.00 0.00
0.00 0.00 0.00 0.00 0.00 0.00 0.00 0.00 0.30 50.26 110.49 158.98 197.34 217.45 220.94 208.16 169.00 116.89 61.87 0.00 0.00 0.00 0.00 0.00
0.00 0.00 0.00 0.00 0.00 0.00 0.00 0.00 0.39 64.50 141.79 204.02 253.25 279.06 283.54 267.14 216.88 150.01 79.40 0.00 0.00 0.00 0.00 0.00
0.00 0.00 0.00 0.00 0.00 0.00 0.00 0.00 0.00 112.63 252.70 360.89 455.61 508.89 520.35 485.09 393.87 271.80 144.01 0.00 0.00 0.00 0.00 0.00
0.00 0.00 0.00 0.00 0.00 0.00 0.00 0.00 0.61 2.95 5.70 8.17 9.67 11.07 10.83 9.85 8.24 5.57 2.71 0.00 0.00 0.00 0.00 0.00
0.00 0.00 0.00 0.00 0.00 0.00 0.00 0.00 0.78 3.73 7.18 10.25 12.22 13.71 13.37 12.45 10.24 6.90 3.34 0.00 0.00 0.00 0.00 0.00
0.00 0.00 0.00 0.00 0.00 0.00 0.00 0.00 2.68 21.28 43.62 64.99 82.58 91.69 96.36 92.53 73.05 51.45 26.59 0.00 0.00 0.00 0.00 0.00
0.00 0.00 0.00 0.00 0.00 0.00 0.00 0.00 0.00 74.60 185.46 271.90 342.16 385.45 395.68 366.23 294.20 205.40 110.54 0.00 0.00 0.00 0.00 0.00
0.00 0.00 0.00 0.00 0.00 0.00 0.00 0.00 0.23 1.00 1.90 2.60 3.06 3.38 3.32 3.02 2.43 1.60 0.74 0.00 0.00 0.00 0.00 0.00
0.00 0.00 0.00 0.00 0.00 0.00 0.00 0.00 0.58 17.20 37.39 53.71 66.11 73.67 75.28 69.33 55.15 37.67 19.40 0.00 0.00 0.00 0.00 0.00
0.00 0.00 0.00 0.00 0.00 0.00 0.00 0.00 0.00 5.60 12.88 19.08 23.48 26.70 27.55 25.87 20.94 14.77 8.43 0.24 0.00 0.00 0.00 0.00
0.00 0.00 0.00 0.00 0.00 0.00 0.00 0.00 0.57 2.34 4.40 6.17 7.39 7.94 7.70 7.00 5.30 3.37 1.41 0.00 0.00 0.00 0.00 0.00
0.00 0.00 0.00 0.00 0.00 0.00 0.00 0.00 0.28 1.17 2.20 3.08 3.70 3.97 3.85 3.50 2.65 1.69 0.70 0.00 0.00 0.00 0.00 0.00
0.00 0.00 0.00 0.00 0.00 0.00 0.00 0.00 0.62 2.56 4.81 6.74 8.09 8.68 8.42 7.65 5.80 3.69 1.54 0.00 0.00 0.00 0.00 0.00
0.00 0.00 0.00 0.00 0.00 0.00 0.00 0.00 0.75 3.06 5.75 7.94 9.46 10.22 10.05 9.14 6.96 4.40 1.86 0.00 0.00 0.00 0.00 0.00
0.00 0.00 0.00 0.00 0.00 0.00 0.00 0.00 1.14 4.67 8.77 12.10 14.41 15.57 15.32 13.93 10.61 6.71 2.83 0.00 0.00 0.00 0.00 0.00
0.00 0.00 0.00 0.00 0.00 0.00 0.00 0.00 0.90 3.97 7.58 10.43 12.49 13.68 13.68 12.40 9.44 6.08 2.62 0.00 0.00 0.00 0.00 0.00
0.00 0.00 0.00 0.00 0.00 0.00 0.00 0.00 0.37 3.13 6.38 8.91 10.58 11.41 11.50 10.52 8.20 5.39 2.53 0.00 0.00 0.00 0.00 0.00
0.00 0.00 0.00 0.00 0.00 0.00 0.00 0.00 0.96 8.08 16.49 23.02 27.32 29.47 29.72 27.17 21.18 13.93 6.53 0.00 0.00 0.00 0.00 0.00
0.00 0.00 0.00 0.00 0.00 0.00 0.00 0.00 0.23 2.04 4.20 5.84 7.04 7.75 7.88 7.11 5.64 3.67 1.76 0.00 0.00 0.00 0.00 0.00
0.00 0.00 0.00 0.00 0.00 0.00 0.00 0.00 1.17 4.58 8.53 11.77 13.55 14.85 14.74 13.28 10.32 6.68 2.97 0.00 0.00 0.00 0.00 0.00
0.00 0.00 0.00 0.00 0.00 0.00 0.00 0.00 1.76 7.30 13.74 18.92 22.36 25.18 25.58 23.24 18.01 11.46 5.04 0.00 0.00 0.00 0.00 0.00
0.00 0.00 0.00 0.00 0.00 0.00 0.00 0.00 0.35 1.07 1.31 1.76 1.96 2.60 2.52 2.22 2.09 1.34 0.54 0.00 0.00 0.00 0.00 0.00
0.00 0.00 0.00 0.00 0.00 0.00 0.00 0.00 2.10 6.95 12.14 16.35 18.48 20.03 19.16 17.08 12.91 8.39 3.60 0.00 0.00 0.00 0.00 0.00
0.00 0.00 0.00 0.00 0.00 0.00 0.00 0.00 1.45 4.59 7.76 10.36 11.49 12.83 12.47 11.02 8.41 5.30 2.20 0.00 0.00 0.00 0.00 0.00
0.00 0.00 0.00 0.00 0.00 0.00 0.00 0.00 2.01 6.34 10.72 14.30 15.86 17.70 17.21 15.20 11.61 7.32 3.04 0.00 0.00 0.00 0.00 0.00
0.00 0.00 0.00 0.00 0.00 0.00 0.00 0.00 1.37 4.32 7.30 9.74 10.80 12.06 11.72 10.35 7.91 4.98 2.07 0.00 0.00 0.00 0.00 0.00
0.00 0.00 0.00 0.00 0.00 0.00 0.00 0.00 1.12 3.71 6.48 8.72 9.86 10.68 10.22 9.11 6.89 4.47 1.92 0.00 0.00 0.00 0.00 0.00
0.00 0.00 0.00 0.00 0.00 0.00 0.00 0.00 1.16 3.49 5.55 7.45 8.41 8.59 8.33 7.35 6.10 3.81 1.55 0.00 0.00 0.00 0.00 0.00
0.00 0.00 0.00 0.00 0.00 0.00 0.00 0.00 0.95 3.61 6.60 9.05 10.22 11.05 10.76 9.80 7.97 5.24 2.42 0.00 0.00 0.00 0.00 0.00
0.00 0.00 0.00 0.00 0.00 0.00 0.00 0.00 7.06 33.17 62.66 90.00 105.92 113.02 112.43 103.54 85.13 57.32 29.30 0.00 0.00 0.00 0.00 0.00
0.00 0.00 0.00 0.00 0.00 0.00 0.00 0.00 0.95 4.45 8.57 12.31 14.55 16.41 16.08 14.95 12.21 8.11 3.87 0.00 0.00 0.00 0.00 0.00
0.00 0.00 0.00 0.00 0.00 0.00 0.00 0.00 1.74 7.20 13.50 18.58 21.64 23.72 23.57 21.72 16.84 11.19 5.16 0.00 0.00 0.00 0.00 0.00
0.00 0.00 0.00 0.00 0.00 0.00 0.00 0.00 0.80 3.30 6.19 8.51 9.92 10.87 10.80 9.95 7.72 5.13 2.37 0.00 0.00 0.00 0.00 0.00
0.00 0.00 0.00 0.00 0.00 0.00 0.00 0.00 1.16 5.45 10.49 15.03 17.78 20.10 19.75 18.28 14.90 10.00 4.76 0.00 0.00 0.00 0.00 0.00
0.00 0.00 0.00 0.00 0.00 0.00 0.00 0.00 0.57 2.43 4.62 6.33 7.43 8.21 8.06 7.33 5.91 3.89 1.79 0.00 0.00 0.00 0.00 0.00
0.00 0.00 0.00 0.00 0.00 0.00 0.00 0.00 2.78 22.03 45.16 67.28 85.50 94.93 99.76 95.80 75.63 53.27 27.53 0.00 0.00 0.00 0.00 0.00
0.00 0.00 0.00 0.00 0.00 0.00 0.00 0.00 0.67 8.72 18.36 26.12 31.21 34.73 35.64 32.57 25.82 17.03 8.37 0.00 0.00 0.00 0.00 0.00
0.00 0.00 0.00 0.00 0.00 0.00 0.00 0.00 0.16 1.96 4.11 5.87 7.05 7.85 7.94 7.23 5.70 3.86 1.91 0.00 0.00 0.00 0.00 0.00
0.00 0.00 0.00 0.00 0.00 0.00 0.00 0.00 0.23 2.40 4.97 7.02 8.55 9.63 9.69 8.85 7.15 4.87 2.42 0.00 0.00 0.00 0.00 0.00
0.00 0.00 0.00 0.00 0.00 0.00 0.00 0.00 0.38 3.84 7.95 11.23 13.68 15.42 15.51 14.17 11.44 7.79 3.87 0.00 0.00 0.00 0.00 0.00
0.00 0.00 0.00 0.00 0.00 0.00 0.00 0.00 0.00 79.93 180.09 260.04 325.15 372.91 385.74 366.94 298.45 208.06 114.19 0.04 0.00 0.00 0.00 0.00
