0.00 0.00 0.00 0.00 0.00 0.00 0.00 0.00 0.30 1.27 2.14 3.10 3.89 4.08 4.20 4.01 3.55 2.76 1.74 0.75 0.00 0.00 0.00 0.00
0.00 0.00 0.00 0.00 0.00 0.00 0.00 0.00 7.53 20.66 35.91 50.24 61.53 67.57 68.68 66.42 56.85 42.66 26.81 7.10 0.00 0.00 0.00 0.00
0.00 0.00 0.00 0.00 0.00 0.00 0.00 0.00 6.95 29.14 48.87 70.93 88.87 93.37 96.11 91.73 81.08 63.01 39.81 17.24 0.00 0.00 0.00 0.00
0.00 0.00 0.00 0.00 0.00 0.00 0.00 0.00 24.69 103.58 173.68 252.09 315.83 331.84 341.57 326.00 288.14 223.94 141.50 61.26 0.00 0.00 0.00 0.00
0.00 0.00 0.00 0.00 0.00 0.00 0.00 0.00 1.65 3.83 5.57 8.04 9.70 10.21 10.18 9.32 8.99 6.60 4.18 0.85 0.00 0.00 0.00 0.00
0.00 0.00 0.00 0.00 0.00 0.00 0.00 0.00 45.20 227.29 382.33 562.73 698.90 747.24 791.33 765.32 664.44 518.93 338.70 144.42 7.02 0.00 0.00 0.00
0.00 0.00 0.00 0.00 0.00 0.00 0.00 0.00 0.93 2.40 3.73 5.24 6.24 7.45 7.35 6.88 4.93 3.74 2.39 0.62 0.00 0.00 0.00 0.00
0.00 0.00 0.00 0.00 0.00 0.00 0.00 0.00 0.34 0.92 1.80 2.53 3.20 3.86 3.90 3.83 3.36 2.52 1.59 0.44 0.00 0.00 0.00 0.00
0.00 0.00 0.00 0.00 0.00 0.00 0.00 0.00 0.55 1.48 2.88 4.04 5.12 6.17 6.24 6.12 5.37 4.03 2.55 0.70 0.00 0.00 0.00 0.00
0.00 0.00 0.00 0.00 0.00 0.00 0.00 0.00 0.55 1.48 2.88 4.04 5.12 6.17 6.24 6.12 5.37 4.03 2.55 0.70 0.00 0.00 0.00 0.00
0.00 0.00 0.00 0.00 0.00 0.00 0.00 0.00 1.51 4.39 7.22 10.37 13.24 15.90 16.31 15.64 13.70 10.56 6.74 2.06 0.00 0.00 0.00 0.00
0.00 0.00 0.00 0.00 0.00 0.00 0.00 0.00 0.66 1.92 3.11 4.49 5.75 7.63 7.64 7.35 6.47 4.98 3.10 0.96 0.00 0.00 0.00 0.00
0.00 0.00 0.00 0.00 0.00 0.00 0.00 0.00 0.85 2.46 4.00 5.77 7.39 9.81 9.82 9.45 8.32 6.41 3.98 1.23 0.00 0.00 0.00 0.00
0.00 0.00 0.00 0.00 0.00 0.00 0.00 0.00 0.57 1.64 2.67 3.85 4.93 6.54 6.54 6.30 5.55 4.27 2.65 0.82 0.00 0.00 0.00 0.00
0.00 0.00 0.00 0.00 0.00 0.00 0.00 0.00 0.57 1.64 2.67 3.85 4.93 6.54 6.54 6.30 5.55 4.27 2.65 0.82 0.00 0.00 0.00 0.00
0.00 0.00 0.00 0.00 0.00 0.00 0.00 0.00 7.02 22.92 40.69 61.37 79.84 90.39 92.68 88.66 79.62 60.39 36.12 11.49 0.00 0.00 0.00 0.00
0.00 0.00 0.00 0.00 0.00 0.00 0.00 0.00 4.80 13.61 22.22 31.78 40.22 48.99 49.65 46.59 41.06 31.86 19.80 5.91 0.00 0.00 0.00 0.00
0.00 0.00 0.00 0.00 0.00 0.00 0.00 0.00 4.42 12.84 21.36 30.02 37.46 41.91 42.11 40.20 34.57 26.57 17.06 5.07 0.00 0.00 0.00 0.00
0.00 0.00 0.00 0.00 0.00 0.00 0.00 0.00 13.33 67.04 112.77 165.99 206.15 220.41 233.41 225.74 195.99 153.06 99.90 42.60 2.07 0.00 0.00 0.00
0.00 0.00 0.00 0.00 0.00 0.00 0.00 0.00 12.68 63.77 107.27 157.89 196.09 209.66 222.03 214.73 186.43 145.60 95.03 40.52 1.97 0.00 0.00 0.00
0.00 0.00 0.00 0.00 0.00 0.00 0.00 0.00 24.39 122.64 206.30 303.63 377.10 403.19 426.98 412.94 358.51 280.00 182.75 77.92 3.79 0.00 0.00 0.00
0.00 0.00 0.00 0.00 0.00 0.00 0.00 0.00 23.98 120.59 202.86 298.57 370.82 396.47 419.86 406.06 352.54 275.33 179.70 76.63 3.72 0.00 0.00 0.00
0.00 0.00 0.00 0.00 0.00 0.00 0.00 0.00 31.05 134.23 234.46 344.56 435.42 407.68 412.80 390.89 353.98 272.31 176.08 79.05 1.30 0.00 0.00 0.00
0.00 0.00 0.00 0.00 0.00 0.00 0.00 0.00 0.34 0.92 1.80 2.53 3.20 3.86 3.90 3.83 3.36 2.52 1.59 0.44 0.00 0.00 0.00 0.00
0.00 0.00 0.00 0.00 0.00 0.00 0.00 0.00 1.73 4.68 9.12 12.80 16.21 19.55 19.76 19.38 17.01 12.77 8.06 2.21 0.00 0.00 0.00 0.00
0.00 0.00 0.00 0.00 0.00 0.00 0.00 0.00 8.82 23.90 46.55 65.37 82.78 99.82 100.87 98.95 86.83 65.21 41.16 11.26 0.00 0.00 0.00 0.00
0.00 0.00 0.00 0.00 0.00 0.00 0.00 0.00 0.91 4.58 7.70 11.34 14.08 15.05 15.94 15.42 13.38 10.45 6.82 2.91 0.14 0.00 0.00 0.00
0.00 0.00 0.00 0.00 0.00 0.00 0.00 0.00 24.30 101.96 170.98 248.16 310.91 326.66 336.25 320.92 283.64 220.45 139.29 60.30 0.00 0.00 0.00 0.00
0.00 0.00 0.00 0.00 0.00 0.00 0.00 0.00 1.87 6.67 11.11 16.17 21.44 24.97 25.78 24.98 22.25 17.47 11.65 4.86 0.00 0.00 0.00 0.00
0.00 0.00 0.00 0.00 0.00 0.00 0.00 0.00 15.95 53.19 90.99 131.27 164.33 169.86 176.27 169.09 134.74 103.55 66.22 27.43 0.00 0.00 0.00 0.00
0.00 0.00 0.00 0.00 0.00 0.00 0.00 0.00 0.41 1.70 2.85 4.14 5.18 5.44 5.60 5.35 4.73 3.67 2.32 1.01 0.00 0.00 0.00 0.00
0.00 0.00 0.00 0.00 0.00 0.00 0.00 0.00 18.23 76.47 128.23 186.12 233.18 245.00 252.19 240.69 212.73 165.34 104.47 45.23 0.00 0.00 0.00 0.00
0.00 0.00 0.00 0.00 0.00 0.00 0.00 0.00 23.39 98.14 164.57 238.85 299.25 314.41 323.64 308.88 273.01 212.18 134.07 58.04 0.00 0.00 0.00 0.00
0.00 0.00 0.00 0.00 0.00 0.00 0.00 0.00 40.95 177.02 309.19 454.39 574.21 537.63 544.39 515.48 466.82 359.11 232.21 104.25 1.71 0.00 0.00 0.00
0.00 0.00 0.00 0.00 0.00 0.00 0.00 0.00 0.88 2.65 4.38 6.35 8.11 10.61 10.80 10.43 9.41 7.18 4.51 1.51 0.00 0.00 0.00 0.00
0.00 0.00 0.00 0.00 0.00 0.00 0.00 0.00 1.19 3.54 5.62 7.97 10.24 14.07 14.24 13.70 12.04 9.21 5.78 1.87 0.00 0.00 0.00 0.00
0.00 0.00 0.00 0.00 0.00 0.00 0.00 0.00 7.72 27.53 45.81 66.70 88.43 103.01 106.35 103.05 91.77 72.06 48.05 20.06 0.00 0.00 0.00 0.00
0.00 0.00 0.00 0.00 0.00 0.00 0.00 0.00 23.87 127.71 245.99 366.38 474.60 547.75 561.80 538.80 472.27 381.89 251.44 101.81 10.58 0.00 0.00 0.00
0.00 0.00 0.00 0.00 0.00 0.00 0.00 0.00 0.37 1.01 1.72 2.50 3.14 3.76 3.85 3.65 3.09 2.37 1.50 0.44 0.00 0.00 0.00 0.00
0.00 0.00 0.00 0.00 0.00 0.00 0.00 0.00 6.81 25.86 44.85 65.68 82.12 84.70 86.46 82.47 70.22 53.96 34.77 14.04 0.00 0.00 0.00 0.00
0.00 0.00 0.00 0.00 0.00 0.00 0.00 0.00 1.12 7.76 13.81 20.30 26.31 28.88 29.12 28.35 25.04 19.48 12.96 6.02 0.65 0.00 0.00 0.00
0.00 0.00 0.00 0.00 0.00 0.00 0.00 0.00 1.07 2.69 4.01 5.67 6.89 9.36 9.16 8.39 5.88 4.51 2.92 0.68 0.00 0.00 0.00 0.00
0.00 0.00 0.00 0.00 0.00 0.00 0.00 0.00 0.53 1.35 2.00 2.83 3.45 4.68 4.58 4.19 2.94 2.25 1.46 0.34 0.00 0.00 0.00 0.00
0.00 0.00 0.00 0.00 0.00 0.00 0.00 0.00 1.17 2.94 4.38 6.20 7.54 10.24 10.02 9.17 6.43 4.93 3.19 0.74 0.00 0.00 0.00 0.00
0.00 0.00 0.00 0.00 0.00 0.00 0.00 0.00 1.28 3.24 5.67 8.12 9.68 12.16 11.95 11.13 8.57 6.59 4.21 1.00 0.00 0.00 0.00 0.00
0.00 0.00 0.00 0.00 0.00 0.00 0.00 0.00 1.95 4.94 8.65 12.37 14.75 18.53 18.22 16.96 13.05 10.04 6.42 1.52 0.00 0.00 0.00 0.00
0.00 0.00 0.00 0.00 0.00 0.00 0.00 0.00 1.88 4.89 7.87 11.09 13.15 14.46 14.41 13.57 10.14 7.83 5.01 1.38 0.00 0.00 0.00 0.00
0.00 0.00 0.00 0.00 0.00 0.00 0.00 0.00 1.46 4.41 7.50 10.60 12.91 13.38 13.92 13.41 10.22 7.87 4.95 1.75 0.00 0.00 0.00 0.00
0.00 0.00 0.00 0.00 0.00 0.00 0.00 0.00 3.77 11.39 19.37 27.37 33.36 34.57 35.97 34.64 26.39 20.34 12.78 4.52 0.00 0.00 0.00 0.00
0.00 0.00 0.00 0.00 0.00 0.00 0.00 0.00 0.92 2.87 4.92 7.05 8.94 9.43 9.67 9.13 7.47 5.74 3.67 1.30 0.00 0.00 0.00 0.00
0.00 0.00 0.00 0.00 0.00 0.00 0.00 0.00 1.45 3.81 7.34 10.46 12.84 16.15 16.51 15.78 12.89 9.91 6.38 1.72 0.00 0.00 0.00 0.00
0.00 0.00 0.00 0.00 0.00 0.00 0.00 0.00 2.79 7.34 14.19 19.66 23.72 28.99 29.15 27.57 22.62 17.27 10.86 2.88 0.00 0.00 0.00 0.00
0.00 0.00 0.00 0.00 0.00 0.00 0.00 0.00 0.45 1.04 1.47 2.07 2.51 2.73 2.70 2.56 2.87 2.16 1.37 0.30 0.00 0.00 0.00 0.00
0.00 0.00 0.00 0.00 0.00 0.00 0.00 0.00 2.10 5.20 6.63 9.47 11.99 19.76 19.86 18.76 16.50 12.52 8.00 1.89 0.00 0.00 0.00 0.00
0.00 0.00 0.00 0.00 0.00 0.00 0.00 0.00 1.66 3.99 4.43 6.22 7.70 12.57 12.33 11.59 10.58 7.94 5.02 1.12 0.00 0.00 0.00 0.00
0.00 0.00 0.00 0.00 0.00 0.00 0.00 0.00 2.29 5.51 6.11 8.58 10.62 17.35 17.01 15.99 14.60 10.96 6.93 1.55 0.00 0.00 0.00 0.00
0.00 0.00 0.00 0.00 0.00 0.00 0.00 0.00 1.56 3.75 4.16 5.85 7.24 11.82 11.59 10.89 9.95 7.46 4.72 1.05 0.00 0.00 0.00 0.00
0.00 0.00 0.00 0.00 0.00 0.00 0.00 0.00 1.12 2.77 3.54 5.05 6.39 10.54 10.59 10.01 8.80 6.68 4.27 1.01 0.00 0.00 0.00 0.00
0.00 0.00 0.00 0.00 0.00 0.00 0.00 0.00 1.46 3.42 4.61 6.51 7.93 9.35 9.42 8.69 8.04 5.99 3.80 0.81 0.00 0.00 0.00 0.00
0.00 0.00 0.00 0.00 0.00 0.00 0.00 0.00 0.98 2.65 5.16 7.24 9.17 11.06 11.18 10.97 9.62 7.23 4.56 1.25 0.00 0.00 0.00 0.00
0.00 0.00 0.00 0.00 0.00 0.00 0.00 0.00 9.14 29.83 52.96 79.88 103.92 117.65 120.63 115.40 103.63 78.60 47.02 14.96 0.00 0.00 0.00 0.00
0.00 0.00 0.00 0.00 0.00 0.00 0.00 0.00 1.71 4.98 8.18 11.75 15.00 18.01 18.48 17.72 15.52 11.97 7.64 2.34 0.00 0.00 0.00 0.00
0.00 0.00 0.00 0.00 0.00 0.00 0.00 0.00 2.04 5.61 10.88 15.73 20.29 25.70 25.52 24.40 21.92 16.83 10.91 3.11 0.00 0.00 0.00 0.00
0.00 0.00 0.00 0.00 0.00 0.00 0.00 0.00 0.94 2.57 4.99 7.21 9.30 11.78 11.70 11.18 10.05 7.71 5.00 1.42 0.00 0.00 0.00 0.00
0.00 0.00 0.00 0.00 0.00 0.00 0.00 0.00 2.19 6.38 10.54 15.11 19.12 22.10 22.78 21.72 18.98 14.69 9.51 2.87 0.00 0.00 0.00 0.00
0.00 0.00 0.00 0.00 0.00 0.00 0.00 0.00 0.89 2.45 4.19 6.06 7.62 9.12 9.34 8.87 7.49 5.75 3.64 1.07 0.00 0.00 0.00 0.00
0.00 0.00 0.00 0.00 0.00 0.00 0.00 0.00 8.00 28.50 47.43 69.06 91.56 106.65 110.11 106.69 95.01 74.61 49.75 20.77 0.00 0.00 0.00 0.00
0.00 0.00 0.00 0.00 0.00 0.00 0.00 0.00 3.81 12.72 21.76 31.39 39.30 40.62 42.15 40.43 32.22 24.76 15.84 6.56 0.00 0.00 0.00 0.00
0.00 0.00 0.00 0.00 0.00 0.00 0.00 0.00 0.83 2.80 4.79 7.00 8.79 9.19 9.41 9.10 7.54 5.71 3.66 1.41 0.00 0.00 0.00 0.00
0.00 0.00 0.00 0.00 0.00 0.00 0.00 0.00 1.04 3.49 5.96 8.60 10.73 11.50 11.74 11.23 9.19 7.03 4.52 1.69 0.00 0.00 0.00 0.00
0.00 0.00 0.00 0.00 0.00 0.00 0.00 0.00 1.66 5.59 9.54 13.76 17.16 18.39 18.78 17.97 14.70 11.25 7.23 2.71 0.00 0.00 0.00 0.00
0.00 0.00 0.00 0.00 0.00 0.00 0.00 0.00 24.79 124.68 209.73 308.69 383.39 409.91 434.09 419.82 364.49 284.66 185.80 79.22 3.85 0.00 0.00 0.00
