0.00 0.00 0.00 0.00 0.00 0.00 0.00 0.00 0.00 0.36 1.56 2.49 3.41 4.05 4.22 4.02 3.32 2.42 1.49 0.20 0.00 0.00 0.00 0.00
0.00 0.00 0.00 0.00 0.00 0.00 0.00 0.00 0.00 10.39 27.38 42.80 54.53 59.41 61.64 59.11 48.57 35.91 20.82 1.27 0.00 0.00 0.00 0.00
0.00 0.00 0.00 0.00 0.00 0.00 0.00 0.00 0.00 8.26 35.67 56.87 78.06 92.52 96.45 91.93 75.87 55.41 34.05 4.63 0.00 0.00 0.00 0.00
0.00 0.00 0.00 0.00 0.00 0.00 0.00 0.00 0.00 29.35 126.77 202.12 277.41 328.82 342.77 326.71 269.63 196.92 121.02 16.46 0.00 0.00 0.00 0.00
0.00 0.00 0.00 0.00 0.00 0.00 0.00 0.00 0.00 1.95 4.69 7.11 8.97 9.90 9.81 9.29 7.38 5.23 2.77 0.00 0.00 0.00 0.00 0.00
0.00 0.00 0.00 0.00 0.00 0.00 0.00 0.00 0.00 59.00 275.20 443.54 608.61 726.36 776.27 743.82 635.07 462.76 288.64 48.15 0.00 0.00 0.00 0.00
0.00 0.00 0.00 0.00 0.00 0.00 0.00 0.00 0.00 0.84 2.57 4.10 5.42 6.83 6.86 6.59 5.30 3.60 1.95 0.06 0.00 0.00 0.00 0.00
0.00 0.00 0.00 0.00 0.00 0.00 0.00 0.00 0.00 0.53 1.40 2.21 2.96 3.48 3.56 3.47 2.90 2.11 1.21 0.07 0.00 0.00 0.00 0.00
0.00 0.00 0.00 0.00 0.00 0.00 0.00 0.00 0.00 0.84 2.24 3.54 4.74 5.57 5.69 5.55 4.65 3.38 1.94 0.11 0.00 0.00 0.00 0.00
0.00 0.00 0.00 0.00 0.00 0.00 0.00 0.00 0.00 0.84 2.24 3.54 4.74 5.57 5.69 5.55 4.65 3.38 1.94 0.11 0.00 0.00 0.00 0.00
0.00 0.00 0.00 0.00 0.00 0.00 0.00 0.00 0.00 1.83 5.28 8.31 11.46 13.69 14.11 13.75 11.68 8.38 4.88 0.34 0.00 0.00 0.00 0.00
0.00 0.00 0.00 0.00 0.00 0.00 0.00 0.00 0.00 0.88 2.51 4.02 5.50 6.54 6.73 6.53 5.55 4.02 2.34 0.17 0.00 0.00 0.00 0.00
0.00 0.00 0.00 0.00 0.00 0.00 0.00 0.00 0.00 1.13 3.23 5.17 7.07 8.40 8.65 8.40 7.14 5.17 3.01 0.21 0.00 0.00 0.00 0.00
0.00 0.00 0.00 0.00 0.00 0.00 0.00 0.00 0.00 0.75 2.15 3.45 4.71 5.60 5.76 5.60 4.76 3.45 2.01 0.14 0.00 0.00 0.00 0.00
0.00 0.00 0.00 0.00 0.00 0.00 0.00 0.00 0.00 0.75 2.15 3.45 4.71 5.60 5.76 5.60 4.76 3.45 2.01 0.14 0.00 0.00 0.00 0.00
0.00 0.00 0.00 0.00 0.00 0.00 0.00 0.00 0.00 11.88 34.01 54.02 70.56 81.23 85.65 82.59 70.82 51.56 31.31 3.62 0.00 0.00 0.00 0.00
0.00 0.00 0.00 0.00 0.00 0.00 0.00 0.00 0.00 5.67 16.18 25.84 35.96 41.07 41.59 40.56 34.65 24.90 14.33 0.92 0.00 0.00 0.00 0.00
0.00 0.00 0.00 0.00 0.00 0.00 0.00 0.00 0.00 4.81 14.25 22.77 30.51 34.81 35.71 34.44 29.26 21.02 12.14 0.74 0.00 0.00 0.00 0.00
0.00 0.00 0.00 0.00 0.00 0.00 0.00 0.00 0.00 17.40 81.17 130.83 179.52 214.25 228.97 219.40 187.32 136.50 85.14 14.20 0.00 0.00 0.00 0.00
0.00 0.00 0.00 0.00 0.00 0.00 0.00 0.00 0.00 16.55 77.22 124.45 170.76 203.80 217.80 208.70 178.18 129.84 80.99 13.51 0.00 0.00 0.00 0.00
0.00 0.00 0.00 0.00 0.00 0.00 0.00 0.00 0.00 31.84 148.49 239.32 328.38 391.92 418.85 401.34 342.66 249.69 155.74 25.98 0.00 0.00 0.00 0.00
0.00 0.00 0.00 0.00 0.00 0.00 0.00 0.00 0.00 31.31 146.02 235.33 322.91 385.39 411.87 394.65 336.95 245.53 153.15 25.55 0.00 0.00 0.00 0.00
0.00 0.00 0.00 0.00 0.00 0.00 0.00 0.00 0.00 34.60 163.16 263.64 363.09 434.55 448.69 430.23 357.58 259.77 159.51 21.99 0.00 0.00 0.00 0.00
0.00 0.00 0.00 0.00 0.00 0.00 0.00 0.00 0.00 0.53 1.40 2.21 2.96 3.48 3.56 3.47 2.90 2.11 1.21 0.07 0.00 0.00 0.00 0.00
0.00 0.00 0.00 0.00 0.00 0.00 0.00 0.00 0.00 2.66 7.08 11.20 15.02 17.63 18.02 17.58 14.71 10.71 6.14 0.36 0.00 0.00 0.00 0.00
0.00 0.00 0.00 0.00 0.00 0.00 0.00 0.00 0.00 13.58 36.13 57.18 76.68 90.02 92.01 89.74 75.11 54.68 31.35 1.85 0.00 0.00 0.00 0.00
0.00 0.00 0.00 0.00 0.00 0.00 0.00 0.00 0.00 1.19 5.54 8.93 12.26 14.63 15.64 14.98 12.79 9.32 5.81 0.97 0.00 0.00 0.00 0.00
0.00 0.00 0.00 0.00 0.00 0.00 0.00 0.00 0.00 28.89 124.80 198.97 273.09 323.70 337.43 321.62 265.43 193.85 119.14 16.21 0.00 0.00 0.00 0.00
0.00 0.00 0.00 0.00 0.00 0.00 0.00 0.00 0.00 2.70 9.06 14.16 19.43 22.89 24.52 23.56 19.92 15.14 9.24 1.18 0.00 0.00 0.00 0.00
0.00 0.00 0.00 0.00 0.00 0.00 0.00 0.00 0.00 17.31 66.07 103.70 137.70 159.76 162.51 155.27 126.95 91.68 53.71 4.42 0.00 0.00 0.00 0.00
0.00 0.00 0.00 0.00 0.00 0.00 0.00 0.00 0.00 0.48 2.08 3.32 4.55 5.39 5.62 5.36 4.42 3.23 1.99 0.27 0.00 0.00 0.00 0.00
0.00 0.00 0.00 0.00 0.00 0.00 0.00 0.00 0.00 21.67 93.60 149.23 204.82 242.77 253.07 241.21 199.07 145.39 89.35 12.15 0.00 0.00 0.00 0.00
0.00 0.00 0.00 0.00 0.00 0.00 0.00 0.00 0.00 27.81 120.12 191.51 262.85 311.56 324.77 309.56 255.47 186.58 114.67 15.60 0.00 0.00 0.00 0.00
0.00 0.00 0.00 0.00 0.00 0.00 0.00 0.00 0.00 45.63 215.17 347.68 478.82 573.06 591.72 567.37 471.55 342.58 210.36 29.00 0.00 0.00 0.00 0.00
0.00 0.00 0.00 0.00 0.00 0.00 0.00 0.00 0.00 1.33 3.88 6.31 8.71 10.25 10.78 10.39 8.82 6.42 3.78 0.32 0.00 0.00 0.00 0.00
0.00 0.00 0.00 0.00 0.00 0.00 0.00 0.00 0.00 1.67 4.84 7.93 10.90 12.74 13.44 12.99 10.92 7.92 4.65 0.37 0.00 0.00 0.00 0.00
0.00 0.00 0.00 0.00 0.00 0.00 0.00 0.00 0.00 11.15 37.38 58.42 80.17 94.44 101.13 97.19 82.17 62.43 38.11 4.86 0.00 0.00 0.00 0.00
0.00 0.00 0.00 0.00 0.00 0.00 0.00 0.00 0.00 18.01 135.93 230.87 326.45 404.97 429.17 407.61 347.76 258.53 160.29 24.29 0.00 0.00 0.00 0.00
0.00 0.00 0.00 0.00 0.00 0.00 0.00 0.00 0.00 0.45 1.27 2.03 2.81 3.25 3.29 3.13 2.68 1.94 1.11 0.06 0.00 0.00 0.00 0.00
0.00 0.00 0.00 0.00 0.00 0.00 0.00 0.00 0.00 7.76 32.15 50.99 70.38 82.69 85.51 81.35 67.60 48.57 29.30 3.35 0.00 0.00 0.00 0.00
0.00 0.00 0.00 0.00 0.00 0.00 0.00 0.00 0.00 1.93 10.16 16.75 23.69 28.47 30.59 28.92 24.47 18.03 11.13 2.26 0.00 0.00 0.00 0.00
0.00 0.00 0.00 0.00 0.00 0.00 0.00 0.00 0.00 0.96 2.60 4.04 5.27 7.16 7.33 6.91 6.04 4.15 2.21 0.03 0.00 0.00 0.00 0.00
0.00 0.00 0.00 0.00 0.00 0.00 0.00 0.00 0.00 0.48 1.30 2.02 2.64 3.58 3.66 3.46 3.02 2.07 1.11 0.01 0.00 0.00 0.00 0.00
0.00 0.00 0.00 0.00 0.00 0.00 0.00 0.00 0.00 1.05 2.85 4.41 5.77 7.83 8.01 7.56 6.60 4.53 2.42 0.03 0.00 0.00 0.00 0.00
0.00 0.00 0.00 0.00 0.00 0.00 0.00 0.00 0.00 1.23 3.88 6.05 7.96 10.09 10.29 9.82 7.92 5.45 2.93 0.06 0.00 0.00 0.00 0.00
0.00 0.00 0.00 0.00 0.00 0.00 0.00 0.00 0.00 1.87 5.92 9.21 12.14 15.38 15.68 14.97 12.07 8.31 4.47 0.10 0.00 0.00 0.00 0.00
0.00 0.00 0.00 0.00 0.00 0.00 0.00 0.00 0.00 1.78 5.60 8.85 11.70 13.86 13.94 13.46 10.67 7.21 3.91 0.15 0.00 0.00 0.00 0.00
0.00 0.00 0.00 0.00 0.00 0.00 0.00 0.00 0.00 1.51 5.27 8.22 10.96 12.85 12.93 12.13 10.09 7.11 4.05 0.23 0.00 0.00 0.00 0.00
0.00 0.00 0.00 0.00 0.00 0.00 0.00 0.00 0.00 3.90 13.60 21.24 28.30 33.19 33.41 31.33 26.07 18.37 10.46 0.61 0.00 0.00 0.00 0.00
0.00 0.00 0.00 0.00 0.00 0.00 0.00 0.00 0.00 0.97 3.49 5.50 7.38 8.47 8.56 8.10 6.86 4.95 2.86 0.21 0.00 0.00 0.00 0.00
0.00 0.00 0.00 0.00 0.00 0.00 0.00 0.00 0.00 2.07 5.61 9.01 11.85 13.80 14.29 13.75 11.35 8.07 4.51 0.18 0.00 0.00 0.00 0.00
0.00 0.00 0.00 0.00 0.00 0.00 0.00 0.00 0.00 3.70 10.35 16.46 21.70 24.65 25.08 24.15 19.49 13.76 7.61 0.32 0.00 0.00 0.00 0.00
0.00 0.00 0.00 0.00 0.00 0.00 0.00 0.00 0.00 0.59 1.43 2.13 2.65 2.92 2.91 2.79 2.33 1.66 0.88 0.00 0.00 0.00 0.00 0.00
0.00 0.00 0.00 0.00 0.00 0.00 0.00 0.00 0.00 3.13 7.86 12.31 15.66 17.68 17.70 17.20 13.76 9.71 5.34 0.15 0.00 0.00 0.00 0.00
0.00 0.00 0.00 0.00 0.00 0.00 0.00 0.00 0.00 2.16 5.35 8.31 10.35 11.41 11.58 11.11 9.03 6.32 3.41 0.03 0.00 0.00 0.00 0.00
0.00 0.00 0.00 0.00 0.00 0.00 0.00 0.00 0.00 2.98 7.39 11.47 14.28 15.75 15.97 15.33 12.46 8.72 4.71 0.04 0.00 0.00 0.00 0.00
0.00 0.00 0.00 0.00 0.00 0.00 0.00 0.00 0.00 2.03 5.03 7.81 9.73 10.73 10.88 10.44 8.48 5.94 3.21 0.03 0.00 0.00 0.00 0.00
0.00 0.00 0.00 0.00 0.00 0.00 0.00 0.00 0.00 1.67 4.19 6.56 8.35 9.43 9.44 9.18 7.34 5.18 2.85 0.08 0.00 0.00 0.00 0.00
0.00 0.00 0.00 0.00 0.00 0.00 0.00 0.00 0.00 1.73 4.18 6.42 7.86 8.75 8.82 8.26 6.64 4.74 2.53 0.00 0.00 0.00 0.00 0.00
0.00 0.00 0.00 0.00 0.00 0.00 0.00 0.00 0.00 1.51 4.00 6.34 8.50 9.98 10.20 9.95 8.32 6.06 3.47 0.20 0.00 0.00 0.00 0.00
0.00 0.00 0.00 0.00 0.00 0.00 0.00 0.00 0.00 15.46 44.27 70.31 91.84 105.72 111.48 107.50 92.18 67.11 40.75 4.72 0.00 0.00 0.00 0.00
0.00 0.00 0.00 0.00 0.00 0.00 0.00 0.00 0.00 2.07 5.98 9.42 12.98 15.51 15.99 15.58 13.24 9.50 5.53 0.39 0.00 0.00 0.00 0.00
0.00 0.00 0.00 0.00 0.00 0.00 0.00 0.00 0.00 3.19 8.71 14.26 19.22 22.36 22.61 22.35 18.78 13.35 7.63 0.46 0.00 0.00 0.00 0.00
0.00 0.00 0.00 0.00 0.00 0.00 0.00 0.00 0.00 1.46 3.99 6.53 8.81 10.25 10.36 10.25 8.61 6.12 3.50 0.21 0.00 0.00 0.00 0.00
0.00 0.00 0.00 0.00 0.00 0.00 0.00 0.00 0.00 2.56 7.38 11.57 16.03 19.12 19.64 19.02 16.22 11.68 6.79 0.46 0.00 0.00 0.00 0.00
0.00 0.00 0.00 0.00 0.00 0.00 0.00 0.00 0.00 1.10 3.08 4.94 6.81 7.89 7.98 7.59 6.51 4.71 2.68 0.15 0.00 0.00 0.00 0.00
0.00 0.00 0.00 0.00 0.00 0.00 0.00 0.00 0.00 11.54 38.70 60.49 83.00 97.78 104.70 100.62 85.08 64.64 39.46 5.03 0.00 0.00 0.00 0.00
0.00 0.00 0.00 0.00 0.00 0.00 0.00 0.00 0.00 4.14 15.80 24.80 32.93 38.20 38.86 37.13 30.36 21.92 12.84 1.06 0.00 0.00 0.00 0.00
0.00 0.00 0.00 0.00 0.00 0.00 0.00 0.00 0.00 0.94 3.52 5.54 7.45 8.42 8.64 8.29 7.02 5.03 2.96 0.27 0.00 0.00 0.00 0.00
0.00 0.00 0.00 0.00 0.00 0.00 0.00 0.00 0.00 1.20 4.31 6.81 8.97 10.42 10.68 10.14 8.57 6.26 3.70 0.34 0.00 0.00 0.00 0.00
0.00 0.00 0.00 0.00 0.00 0.00 0.00 0.00 0.00 1.92 6.90 10.89 14.34 16.67 17.09 16.22 13.72 10.02 5.92 0.55 0.00 0.00 0.00 0.00
0.00 0.00 0.00 0.00 0.00 0.00 0.00 0.00 0.00 32.37 150.97 243.31 333.86 398.45 425.83 408.03 348.37 253.85 158.34 26.41 0.00 0.00 0.00 0.00
