0.00 0.00 0.00 0.00 0.00 0.00 0.00 0.00 0.10 1.00 1.97 2.81 3.49 4.05 4.13 3.91 3.23 2.27 1.28 0.03 0.00 0.00 0.00 0.00
0.00 0.00 0.00 0.00 0.00 0.00 0.00 0.00 8.50 26.80 44.50 61.19 70.77 73.46 71.47 64.65 53.17 35.77 18.08 0.00 0.00 0.00 0.00 0.00
0.00 0.00 0.00 0.00 0.00 0.00 0.00 0.00 2.36 22.79 45.05 64.28 79.82 92.72 94.41 89.44 73.81 51.96 29.25 0.70 0.00 0.00 0.00 0.00
0.00 0.00 0.00 0.00 0.00 0.00 0.00 0.00 8.39 81.01 160.11 228.44 283.67 329.51 335.54 317.87 262.33 184.67 103.95 2.48 0.00 0.00 0.00 0.00
0.00 0.00 0.00 0.00 0.00 0.00 0.00 0.00 1.91 5.03 7.80 10.26 11.55 11.50 11.00 9.62 7.71 5.00 2.24 0.00 0.00 0.00 0.00 0.00
0.00 0.00 0.00 0.00 0.00 0.00 0.00 0.00 11.11 173.18 359.04 513.44 641.50 745.04 771.52 736.98 608.03 430.18 248.76 11.76 0.00 0.00 0.00 0.00
0.00 0.00 0.00 0.00 0.00 0.00 0.00 0.00 0.69 2.36 4.18 5.77 6.81 7.11 7.13 6.51 5.32 3.46 1.65 0.00 0.00 0.00 0.00 0.00
0.00 0.00 0.00 0.00 0.00 0.00 0.00 0.00 0.49 1.55 2.50 3.41 3.84 4.13 4.03 3.69 3.28 2.21 1.11 0.00 0.00 0.00 0.00 0.00
0.00 0.00 0.00 0.00 0.00 0.00 0.00 0.00 0.78 2.48 4.01 5.45 6.14 6.61 6.45 5.91 5.25 3.53 1.77 0.00 0.00 0.00 0.00 0.00
0.00 0.00 0.00 0.00 0.00 0.00 0.00 0.00 0.78 2.48 4.01 5.45 6.14 6.61 6.45 5.91 5.25 3.53 1.77 0.00 0.00 0.00 0.00 0.00
0.00 0.00 0.00 0.00 0.00 0.00 0.00 0.00 1.30 4.79 8.12 11.57 13.66 15.40 15.15 14.17 13.10 8.90 4.59 0.00 0.00 0.00 0.00 0.00
0.00 0.00 0.00 0.00 0.00 0.00 0.00 0.00 0.64 2.32 3.92 5.59 6.52 7.27 7.17 6.76 6.25 4.23 2.18 0.00 0.00 0.00 0.00 0.00
0.00 0.00 0.00 0.00 0.00 0.00 0.00 0.00 0.82 2.98 5.03 7.18 8.38 9.35 9.22 8.69 8.03 5.44 2.80 0.00 0.00 0.00 0.00 0.00
0.00 0.00 0.00 0.00 0.00 0.00 0.00 0.00 0.54 1.99 3.36 4.79 5.59 6.23 6.15 5.80 5.35 3.63 1.87 0.00 0.00 0.00 0.00 0.00
0.00 0.00 0.00 0.00 0.00 0.00 0.00 0.00 0.54 1.99 3.36 4.79 5.59 6.23 6.15 5.80 5.35 3.63 1.87 0.00 0.00 0.00 0.00 0.00
0.00 0.00 0.00 0.00 0.00 0.00 0.00 0.00 7.36 28.13 50.48 72.42 85.59 90.75 90.45 83.67 73.40 50.24 27.17 0.13 0.00 0.00 0.00 0.00
0.00 0.00 0.00 0.00 0.00 0.00 0.00 0.00 4.15 14.87 25.09 35.40 41.29 45.55 45.33 41.86 37.70 25.69 13.08 0.00 0.00 0.00 0.00 0.00
0.00 0.00 0.00 0.00 0.00 0.00 0.00 0.00 3.04 11.65 19.83 27.86 33.62 38.10 38.02 35.55 30.64 20.91 10.72 0.00 0.00 0.00 0.00 0.00
0.00 0.00 0.00 0.00 0.00 0.00 0.00 0.00 3.28 51.08 105.91 151.45 189.22 219.76 227.57 217.38 179.35 126.89 73.38 3.47 0.00 0.00 0.00 0.00
0.00 0.00 0.00 0.00 0.00 0.00 0.00 0.00 3.12 48.59 100.74 144.06 179.99 209.04 216.47 206.78 170.60 120.70 69.80 3.30 0.00 0.00 0.00 0.00
0.00 0.00 0.00 0.00 0.00 0.00 0.00 0.00 5.99 93.44 193.73 277.04 346.13 402.00 416.29 397.65 328.08 232.11 134.23 6.35 0.00 0.00 0.00 0.00
0.00 0.00 0.00 0.00 0.00 0.00 0.00 0.00 5.89 91.89 190.50 272.42 340.36 395.30 409.35 391.02 322.61 228.24 131.99 6.24 0.00 0.00 0.00 0.00
0.00 0.00 0.00 0.00 0.00 0.00 0.00 0.00 8.23 104.69 202.11 285.50 359.89 421.10 431.75 405.00 341.10 239.71 135.29 3.35 0.00 0.00 0.00 0.00
0.00 0.00 0.00 0.00 0.00 0.00 0.00 0.00 0.49 1.55 2.50 3.41 3.84 4.13 4.03 3.69 3.28 2.21 1.11 0.00 0.00 0.00 0.00 0.00
0.00 0.00 0.00 0.00 0.00 0.00 0.00 0.00 2.46 7.85 12.68 17.27 19.46 20.94 20.44 18.70 16.64 11.18 5.61 0.00 0.00 0.00 0.00 0.00
0.00 0.00 0.00 0.00 0.00 0.00 0.00 0.00 12.55 40.05 64.75 88.15 99.34 106.89 104.34 95.49 84.94 57.10 28.62 0.00 0.00 0.00 0.00 0.00
0.00 0.00 0.00 0.00 0.00 0.00 0.00 0.00 0.22 3.49 7.23 10.34 12.92 15.01 15.54 14.85 12.25 8.67 5.01 0.24 0.00 0.00 0.00 0.00
0.00 0.00 0.00 0.00 0.00 0.00 0.00 0.00 8.26 79.75 157.62 224.88 279.25 324.37 330.31 312.92 258.24 181.79 102.33 2.44 0.00 0.00 0.00 0.00
0.00 0.00 0.00 0.00 0.00 0.00 0.00 0.00 1.20 6.12 11.30 16.72 21.25 24.91 26.24 25.33 20.40 14.62 8.03 0.12 0.00 0.00 0.00 0.00
0.00 0.00 0.00 0.00 0.00 0.00 0.00 0.00 7.57 45.16 83.69 117.62 140.04 148.80 153.62 141.75 121.30 81.89 43.63 0.00 0.00 0.00 0.00 0.00
0.00 0.00 0.00 0.00 0.00 0.00 0.00 0.00 0.14 1.33 2.63 3.75 4.65 5.41 5.51 5.22 4.30 3.03 1.71 0.04 0.00 0.00 0.00 0.00
0.00 0.00 0.00 0.00 0.00 0.00 0.00 0.00 6.19 59.81 118.21 168.66 209.44 243.28 247.74 234.69 193.68 136.35 76.75 1.83 0.00 0.00 0.00 0.00
0.00 0.00 0.00 0.00 0.00 0.00 0.00 0.00 7.95 76.76 151.71 216.45 268.78 312.21 317.93 301.18 248.56 174.98 98.49 2.35 0.00 0.00 0.00 0.00
0.00 0.00 0.00 0.00 0.00 0.00 0.00 0.00 10.86 138.06 266.53 376.51 474.61 555.32 569.38 534.09 449.82 316.12 178.41 4.41 0.00 0.00 0.00 0.00
0.00 0.00 0.00 0.00 0.00 0.00 0.00 0.00 0.95 3.58 6.07 8.65 10.23 11.90 11.69 10.70 9.93 6.86 3.59 0.00 0.00 0.00 0.00 0.00
0.00 0.00 0.00 0.00 0.00 0.00 0.00 0.00 1.21 4.53 7.68 10.88 12.96 14.66 14.35 13.45 12.38 8.53 4.45 0.00 0.00 0.00 0.00 0.00
0.00 0.00 0.00 0.00 0.00 0.00 0.00 0.00 4.93 25.26 46.60 68.96 87.67 102.76 108.23 104.47 84.17 60.32 33.14 0.50 0.00 0.00 0.00 0.00
0.00 0.00 0.00 0.00 0.00 0.00 0.00 0.00 0.00 94.00 207.74 299.92 376.14 419.66 432.26 402.95 334.39 238.40 137.17 6.03 0.00 0.00 0.00 0.00
0.00 0.00 0.00 0.00 0.00 0.00 0.00 0.00 0.35 1.22 2.05 2.78 3.26 3.59 3.54 3.24 2.88 1.94 0.97 0.00 0.00 0.00 0.00 0.00
0.00 0.00 0.00 0.00 0.00 0.00 0.00 0.00 2.73 21.15 39.36 55.91 68.67 80.37 82.47 76.52 64.26 44.77 24.69 0.34 0.00 0.00 0.00 0.00
0.00 0.00 0.00 0.00 0.00 0.00 0.00 0.00 0.03 6.44 13.91 20.32 24.90 28.28 29.17 27.45 22.52 16.11 9.62 0.71 0.00 0.00 0.00 0.00
0.00 0.00 0.00 0.00 0.00 0.00 0.00 0.00 0.85 2.79 4.92 6.82 8.14 8.45 8.24 7.56 6.02 3.93 1.84 0.00 0.00 0.00 0.00 0.00
0.00 0.00 0.00 0.00 0.00 0.00 0.00 0.00 0.43 1.39 2.46 3.41 4.07 4.23 4.12 3.78 3.01 1.97 0.92 0.00 0.00 0.00 0.00 0.00
0.00 0.00 0.00 0.00 0.00 0.00 0.00 0.00 0.93 3.05 5.38 7.46 8.91 9.25 9.02 8.27 6.59 4.30 2.01 0.00 0.00 0.00 0.00 0.00
0.00 0.00 0.00 0.00 0.00 0.00 0.00 0.00 1.14 3.72 6.50 8.88 10.53 10.87 10.74 9.86 7.89 5.12 2.41 0.00 0.00 0.00 0.00 0.00
0.00 0.00 0.00 0.00 0.00 0.00 0.00 0.00 1.74 5.67 9.91 13.53 16.05 16.56 16.37 15.02 12.02 7.80 3.67 0.00 0.00 0.00 0.00 0.00
0.00 0.00 0.00 0.00 0.00 0.00 0.00 0.00 1.40 4.80 8.51 11.58 13.82 14.40 14.47 13.23 10.61 7.02 3.36 0.00 0.00 0.00 0.00 0.00
0.00 0.00 0.00 0.00 0.00 0.00 0.00 0.00 0.77 3.77 7.08 9.76 11.54 12.11 12.28 11.33 9.31 6.29 3.23 0.00 0.00 0.00 0.00 0.00
0.00 0.00 0.00 0.00 0.00 0.00 0.00 0.00 1.99 9.75 18.28 25.21 29.81 31.29 31.73 29.27 24.06 16.24 8.35 0.00 0.00 0.00 0.00 0.00
0.00 0.00 0.00 0.00 0.00 0.00 0.00 0.00 0.50 2.50 4.58 6.29 7.56 7.94 8.13 7.40 6.32 4.21 2.20 0.00 0.00 0.00 0.00 0.00
0.00 0.00 0.00 0.00 0.00 0.00 0.00 0.00 1.75 5.67 9.35 12.78 14.64 15.76 15.70 14.24 12.29 8.14 3.97 0.00 0.00 0.00 0.00 0.00
0.00 0.00 0.00 0.00 0.00 0.00 0.00 0.00 2.69 8.99 15.36 20.96 24.69 26.40 26.94 24.66 20.54 13.39 6.49 0.00 0.00 0.00 0.00 0.00
0.00 0.00 0.00 0.00 0.00 0.00 0.00 0.00 0.57 1.51 2.39 3.18 3.53 3.55 3.46 3.07 2.59 1.70 0.76 0.00 0.00 0.00 0.00 0.00
0.00 0.00 0.00 0.00 0.00 0.00 0.00 0.00 3.02 8.67 13.16 17.57 19.80 21.35 20.48 18.36 15.42 10.25 4.84 0.00 0.00 0.00 0.00 0.00
0.00 0.00 0.00 0.00 0.00 0.00 0.00 0.00 2.09 5.76 8.97 11.86 13.11 13.88 13.53 12.02 10.10 6.52 3.01 0.00 0.00 0.00 0.00 0.00
0.00 0.00 0.00 0.00 0.00 0.00 0.00 0.00 2.88 7.95 12.37 16.37 18.10 19.15 18.67 16.59 13.93 9.00 4.15 0.00 0.00 0.00 0.00 0.00
0.00 0.00 0.00 0.00 0.00 0.00 0.00 0.00 1.96 5.41 8.43 11.15 12.33 13.05 12.71 11.30 9.49 6.13 2.83 0.00 0.00 0.00 0.00 0.00
0.00 0.00 0.00 0.00 0.00 0.00 0.00 0.00 1.61 4.62 7.02 9.37 10.56 11.39 10.92 9.79 8.22 5.47 2.58 0.00 0.00 0.00 0.00 0.00
0.00 0.00 0.00 0.00 0.00 0.00 0.00 0.00 1.63 4.33 6.76 9.00 10.13 10.22 9.94 8.81 7.19 4.61 2.09 0.00 0.00 0.00 0.00 0.00
0.00 0.00 0.00 0.00 0.00 0.00 0.00 0.00 1.39 4.44 7.18 9.77 11.01 11.85 11.56 10.58 9.41 6.33 3.17 0.00 0.00 0.00 0.00 0.00
0.00 0.00 0.00 0.00 0.00 0.00 0.00 0.00 9.58 36.61 65.70 94.26 111.41 118.12 117.73 108.90 95.54 65.39 35.37 0.17 0.00 0.00 0.00 0.00
0.00 0.00 0.00 0.00 0.00 0.00 0.00 0.00 1.47 5.43 9.20 13.11 15.48 17.45 17.17 16.06 14.84 10.09 5.21 0.00 0.00 0.00 0.00 0.00
0.00 0.00 0.00 0.00 0.00 0.00 0.00 0.00 2.61 8.82 14.55 19.86 23.08 25.20 25.12 23.30 20.54 14.00 7.03 0.00 0.00 0.00 0.00 0.00
0.00 0.00 0.00 0.00 0.00 0.00 0.00 0.00 1.20 4.04 6.67 9.10 10.58 11.55 11.51 10.68 9.42 6.42 3.22 0.00 0.00 0.00 0.00 0.00
0.00 0.00 0.00 0.00 0.00 0.00 0.00 0.00 1.80 6.66 11.27 16.01 18.91 21.39 21.08 19.63 18.03 12.37 6.38 0.00 0.00 0.00 0.00 0.00
0.00 0.00 0.00 0.00 0.00 0.00 0.00 0.00 0.86 2.97 4.97 6.75 7.92 8.72 8.59 7.86 7.00 4.71 2.37 0.00 0.00 0.00 0.00 0.00
0.00 0.00 0.00 0.00 0.00 0.00 0.00 0.00 5.11 26.15 48.24 71.40 90.77 106.39 112.06 108.17 87.14 62.45 34.31 0.52 0.00 0.00 0.00 0.00
0.00 0.00 0.00 0.00 0.00 0.00 0.00 0.00 1.81 10.80 20.01 28.13 33.49 35.58 36.74 33.90 29.01 19.58 10.43 0.00 0.00 0.00 0.00 0.00
0.00 0.00 0.00 0.00 0.00 0.00 0.00 0.00 0.41 2.40 4.36 6.16 7.39 8.03 8.16 7.51 6.45 4.47 2.39 0.00 0.00 0.00 0.00 0.00
0.00 0.00 0.00 0.00 0.00 0.00 0.00 0.00 0.53 2.92 5.15 7.22 8.79 9.94 10.04 9.24 8.17 5.68 3.04 0.00 0.00 0.00 0.00 0.00
0.00 0.00 0.00 0.00 0.00 0.00 0.00 0.00 0.84 4.68 8.25 11.55 14.06 15.90 16.06 14.79 13.07 9.09 4.87 0.00 0.00 0.00 0.00 0.00
0.00 0.00 0.00 0.00 0.00 0.00 0.00 0.00 6.09 95.00 196.96 281.65 351.90 408.70 423.22 404.28 333.54 235.98 136.46 6.45 0.00 0.00 0.00 0.00
