0.00 0.00 0.00 0.00 0.00 0.00 0.00 0.00 0.00 0.46 1.48 2.15 2.76 3.58 3.66 3.33 2.23 1.54 0.75 0.00 0.00 0.00 0.00 0.00
0.00 0.00 0.00 0.00 0.00 0.00 0.00 0.00 3.13 15.23 23.71 33.29 40.33 43.93 42.68 38.43 37.80 25.51 10.90 0.00 0.00 0.00 0.00 0.00
0.00 0.00 0.00 0.00 0.00 0.00 0.00 0.00 0.00 10.56 33.90 49.13 63.06 81.95 83.59 76.12 51.07 35.26 17.16 0.00 0.00 0.00 0.00 0.00
0.00 0.00 0.00 0.00 0.00 0.00 0.00 0.00 0.00 37.54 120.48 174.62 224.10 291.24 297.06 270.53 181.52 125.32 60.99 0.00 0.00 0.00 0.00 0.00
0.00 0.00 0.00 0.00 0.00 0.00 0.00 0.00 0.62 2.24 3.85 5.30 6.11 6.26 6.09 5.46 3.21 2.07 0.71 0.00 0.00 0.00 0.00 0.00
0.00 0.00 0.00 0.00 0.00 0.00 0.00 0.00 0.00 85.33 206.00 301.20 396.22 414.47 425.47 392.49 378.43 252.17 128.49 0.00 0.00 0.00 0.00 0.00
0.00 0.00 0.00 0.00 0.00 0.00 0.00 0.00 0.08 0.57 1.18 1.75 2.12 2.32 2.31 2.05 2.03 1.32 0.48 0.00 0.00 0.00 0.00 0.00
0.00 0.00 0.00 0.00 0.00 0.00 0.00 0.00 0.15 0.77 1.27 1.80 2.15 2.36 2.35 2.10 1.42 0.96 0.40 0.00 0.00 0.00 0.00 0.00
0.00 0.00 0.00 0.00 0.00 0.00 0.00 0.00 0.24 1.24 2.03 2.88 3.44 3.77 3.76 3.36 2.28 1.54 0.64 0.00 0.00 0.00 0.00 0.00
0.00 0.00 0.00 0.00 0.00 0.00 0.00 0.00 0.24 1.24 2.03 2.88 3.44 3.77 3.76 3.36 2.28 1.54 0.64 0.00 0.00 0.00 0.00 0.00
0.00 0.00 0.00 0.00 0.00 0.00 0.00 0.00 0.29 2.26 3.45 5.01 6.36 8.56 8.69 7.98 6.26 4.25 1.83 0.00 0.00 0.00 0.00 0.00
0.00 0.00 0.00 0.00 0.00 0.00 0.00 0.00 0.17 1.28 1.70 2.50 3.19 3.94 3.98 3.66 3.16 2.14 0.93 0.00 0.00 0.00 0.00 0.00
0.00 0.00 0.00 0.00 0.00 0.00 0.00 0.00 0.22 1.64 2.19 3.21 4.11 5.07 5.12 4.70 4.07 2.75 1.19 0.00 0.00 0.00 0.00 0.00
0.00 0.00 0.00 0.00 0.00 0.00 0.00 0.00 0.15 1.10 1.46 2.14 2.74 3.38 3.41 3.14 2.71 1.84 0.79 0.00 0.00 0.00 0.00 0.00
0.00 0.00 0.00 0.00 0.00 0.00 0.00 0.00 0.15 1.10 1.46 2.14 2.74 3.38 3.41 3.14 2.71 1.84 0.79 0.00 0.00 0.00 0.00 0.00
0.00 0.00 0.00 0.00 0.00 0.00 0.00 0.00 2.54 18.02 35.10 52.49 66.07 60.50 62.74 57.32 39.83 26.01 12.40 0.00 0.00 0.00 0.00 0.00
0.00 0.00 0.00 0.00 0.00 0.00 0.00 0.00 0.70 5.12 11.61 16.51 21.18 23.37 24.10 22.02 13.33 8.98 3.78 0.00 0.00 0.00 0.00 0.00
0.00 0.00 0.00 0.00 0.00 0.00 0.00 0.00 0.37 3.44 9.70 13.82 17.80 19.02 18.81 17.12 14.35 9.70 4.11 0.00 0.00 0.00 0.00 0.00
0.00 0.00 0.00 0.00 0.00 0.00 0.00 0.00 0.00 25.17 60.76 88.84 116.87 122.25 125.50 115.77 111.62 74.38 37.90 0.00 0.00 0.00 0.00 0.00
0.00 0.00 0.00 0.00 0.00 0.00 0.00 0.00 0.00 23.94 57.80 84.51 111.17 116.29 119.38 110.12 106.18 70.75 36.05 0.00 0.00 0.00 0.00 0.00
0.00 0.00 0.00 0.00 0.00 0.00 0.00 0.00 0.00 46.04 111.15 162.52 213.79 223.63 229.57 211.78 204.19 136.06 69.33 0.00 0.00 0.00 0.00 0.00
0.00 0.00 0.00 0.00 0.00 0.00 0.00 0.00 0.00 45.27 109.30 159.81 210.23 219.91 225.75 208.25 200.79 133.80 68.17 0.00 0.00 0.00 0.00 0.00
0.00 0.00 0.00 0.00 0.00 0.00 0.00 0.00 0.00 60.45 148.44 212.53 276.93 302.10 306.85 279.54 212.89 146.99 71.35 0.00 0.00 0.00 0.00 0.00
0.00 0.00 0.00 0.00 0.00 0.00 0.00 0.00 0.15 0.77 1.27 1.80 2.15 2.36 2.35 2.10 1.42 0.96 0.40 0.00 0.00 0.00 0.00 0.00
0.00 0.00 0.00 0.00 0.00 0.00 0.00 0.00 0.75 3.91 6.42 9.14 10.90 11.95 11.91 10.65 7.21 4.86 2.04 0.00 0.00 0.00 0.00 0.00
0.00 0.00 0.00 0.00 0.00 0.00 0.00 0.00 3.85 19.98 32.78 46.64 55.63 61.00 60.82 54.38 36.79 24.83 10.39 0.00 0.00 0.00 0.00 0.00
0.00 0.00 0.00 0.00 0.00 0.00 0.00 0.00 0.00 1.72 4.15 6.07 7.98 8.35 8.57 7.91 7.62 5.08 2.59 0.00 0.00 0.00 0.00 0.00
0.00 0.00 0.00 0.00 0.00 0.00 0.00 0.00 0.00 36.95 118.60 171.90 220.61 286.70 292.43 266.32 178.69 123.37 60.04 0.00 0.00 0.00 0.00 0.00
0.00 0.00 0.00 0.00 0.00 0.00 0.00 0.00 0.05 2.19 7.45 10.77 13.86 14.83 15.06 14.10 11.43 8.06 3.85 0.00 0.00 0.00 0.00 0.00
0.00 0.00 0.00 0.00 0.00 0.00 0.00 0.00 0.00 8.63 24.80 35.55 44.85 76.63 75.95 67.59 61.92 42.44 18.68 0.00 0.00 0.00 0.00 0.00
0.00 0.00 0.00 0.00 0.00 0.00 0.00 0.00 0.00 0.62 1.98 2.86 3.68 4.78 4.87 4.44 2.98 2.06 1.00 0.00 0.00 0.00 0.00 0.00
0.00 0.00 0.00 0.00 0.00 0.00 0.00 0.00 0.00 27.71 88.95 128.92 165.46 215.03 219.32 199.74 134.02 92.53 45.03 0.00 0.00 0.00 0.00 0.00
0.00 0.00 0.00 0.00 0.00 0.00 0.00 0.00 0.00 35.57 114.16 165.45 212.34 275.95 281.46 256.33 171.99 118.74 57.79 0.00 0.00 0.00 0.00 0.00
0.00 0.00 0.00 0.00 0.00 0.00 0.00 0.00 0.00 79.72 195.76 280.28 365.20 398.40 404.66 368.64 280.75 193.84 94.09 0.00 0.00 0.00 0.00 0.00
0.00 0.00 0.00 0.00 0.00 0.00 0.00 0.00 0.30 2.42 3.76 5.59 7.08 4.89 5.00 4.57 4.75 3.22 1.44 0.00 0.00 0.00 0.00 0.00
0.00 0.00 0.00 0.00 0.00 0.00 0.00 0.00 0.38 3.00 3.78 5.62 7.20 6.47 6.58 6.03 6.36 4.32 1.91 0.00 0.00 0.00 0.00 0.00
0.00 0.00 0.00 0.00 0.00 0.00 0.00 0.00 0.21 9.05 30.75 44.41 57.16 61.19 62.12 58.18 47.17 33.23 15.88 0.00 0.00 0.00 0.00 0.00
0.00 0.00 0.00 0.00 0.00 0.00 0.00 0.00 0.00 59.05 151.49 219.77 289.81 369.00 381.67 347.39 272.66 193.03 95.18 0.00 0.00 0.00 0.00 0.00
0.00 0.00 0.00 0.00 0.00 0.00 0.00 0.00 0.05 0.33 0.95 1.36 1.69 1.73 1.77 1.62 1.07 0.72 0.30 0.00 0.00 0.00 0.00 0.00
0.00 0.00 0.00 0.00 0.00 0.00 0.00 0.00 0.00 9.32 25.33 36.55 46.98 49.56 50.53 45.39 37.07 25.52 11.96 0.00 0.00 0.00 0.00 0.00
0.00 0.00 0.00 0.00 0.00 0.00 0.00 0.00 0.00 2.96 5.63 8.28 10.69 13.20 13.73 12.60 18.80 12.62 6.77 0.00 0.00 0.00 0.00 0.00
0.00 0.00 0.00 0.00 0.00 0.00 0.00 0.00 0.11 0.70 1.38 1.96 2.38 2.53 2.49 2.25 2.05 1.33 0.47 0.00 0.00 0.00 0.00 0.00
0.00 0.00 0.00 0.00 0.00 0.00 0.00 0.00 0.05 0.35 0.69 0.98 1.19 1.26 1.24 1.12 1.02 0.66 0.23 0.00 0.00 0.00 0.00 0.00
0.00 0.00 0.00 0.00 0.00 0.00 0.00 0.00 0.12 0.77 1.51 2.14 2.60 2.76 2.72 2.46 2.24 1.45 0.51 0.00 0.00 0.00 0.00 0.00
0.00 0.00 0.00 0.00 0.00 0.00 0.00 0.00 0.14 0.91 1.70 2.41 2.96 3.32 3.32 2.99 3.20 2.08 0.75 0.00 0.00 0.00 0.00 0.00
0.00 0.00 0.00 0.00 0.00 0.00 0.00 0.00 0.21 1.38 2.59 3.68 4.51 5.06 5.06 4.56 4.88 3.17 1.14 0.00 0.00 0.00 0.00 0.00
0.00 0.00 0.00 0.00 0.00 0.00 0.00 0.00 0.16 1.19 2.41 3.53 4.34 4.73 4.70 4.13 4.41 2.88 1.06 0.00 0.00 0.00 0.00 0.00
0.00 0.00 0.00 0.00 0.00 0.00 0.00 0.00 0.00 0.72 1.84 2.62 3.29 4.60 4.58 4.05 3.63 2.44 1.00 0.00 0.00 0.00 0.00 0.00
0.00 0.00 0.00 0.00 0.00 0.00 0.00 0.00 0.00 1.85 4.76 6.78 8.49 11.88 11.84 10.46 9.37 6.30 2.59 0.00 0.00 0.00 0.00 0.00
0.00 0.00 0.00 0.00 0.00 0.00 0.00 0.00 0.00 0.67 1.50 2.14 2.69 4.16 4.16 3.68 3.29 2.24 0.96 0.00 0.00 0.00 0.00 0.00
0.00 0.00 0.00 0.00 0.00 0.00 0.00 0.00 0.29 1.68 3.69 5.28 6.66 7.94 8.00 7.23 5.52 3.67 1.44 0.00 0.00 0.00 0.00 0.00
0.00 0.00 0.00 0.00 0.00 0.00 0.00 0.00 0.59 3.81 6.40 9.12 11.14 8.17 8.38 7.76 7.58 4.99 1.91 0.00 0.00 0.00 0.00 0.00
0.00 0.00 0.00 0.00 0.00 0.00 0.00 0.00 0.18 0.68 1.04 1.42 1.67 1.56 1.56 1.38 0.91 0.59 0.20 0.00 0.00 0.00 0.00 0.00
0.00 0.00 0.00 0.00 0.00 0.00 0.00 0.00 0.86 3.64 6.53 9.09 10.60 9.90 9.76 8.66 5.79 3.82 1.45 0.00 0.00 0.00 0.00 0.00
0.00 0.00 0.00 0.00 0.00 0.00 0.00 0.00 0.62 2.46 4.29 6.03 6.96 6.94 6.72 5.95 3.52 2.30 0.84 0.00 0.00 0.00 0.00 0.00
0.00 0.00 0.00 0.00 0.00 0.00 0.00 0.00 0.85 3.39 5.93 8.33 9.61 9.57 9.27 8.21 4.85 3.17 1.15 0.00 0.00 0.00 0.00 0.00
0.00 0.00 0.00 0.00 0.00 0.00 0.00 0.00 0.58 2.31 4.04 5.67 6.55 6.52 6.31 5.59 3.30 2.16 0.79 0.00 0.00 0.00 0.00 0.00
0.00 0.00 0.00 0.00 0.00 0.00 0.00 0.00 0.46 1.94 3.48 4.85 5.65 5.28 5.21 4.62 3.09 2.04 0.77 0.00 0.00 0.00 0.00 0.00
0.00 0.00 0.00 0.00 0.00 0.00 0.00 0.00 0.54 2.00 3.51 4.77 5.57 5.77 5.69 5.11 2.87 1.86 0.65 0.00 0.00 0.00 0.00 0.00
0.00 0.00 0.00 0.00 0.00 0.00 0.00 0.00 0.43 2.21 3.63 5.17 6.17 6.76 6.74 6.03 4.08 2.75 1.15 0.00 0.00 0.00 0.00 0.00
0.00 0.00 0.00 0.00 0.00 0.00 0.00 0.00 3.31 23.46 45.68 68.33 85.99 78.74 81.67 74.61 51.84 33.85 16.14 0.00 0.00 0.00 0.00 0.00
0.00 0.00 0.00 0.00 0.00 0.00 0.00 0.00 0.33 2.56 3.91 5.68 7.21 9.70 9.85 9.04 7.10 4.81 2.08 0.00 0.00 0.00 0.00 0.00
0.00 0.00 0.00 0.00 0.00 0.00 0.00 0.00 0.72 4.42 5.60 7.99 9.92 11.23 11.27 10.47 10.63 7.14 2.95 0.00 0.00 0.00 0.00 0.00
0.00 0.00 0.00 0.00 0.00 0.00 0.00 0.00 0.33 2.03 2.57 3.66 4.55 5.14 5.16 4.80 4.87 3.27 1.35 0.00 0.00 0.00 0.00 0.00
0.00 0.00 0.00 0.00 0.00 0.00 0.00 0.00 0.36 2.80 4.89 7.05 8.92 11.80 12.04 11.01 8.07 5.47 2.36 0.00 0.00 0.00 0.00 0.00
0.00 0.00 0.00 0.00 0.00 0.00 0.00 0.00 0.12 0.80 2.31 3.29 4.10 4.20 4.30 3.93 2.61 1.75 0.72 0.00 0.00 0.00 0.00 0.00
0.00 0.00 0.00 0.00 0.00 0.00 0.00 0.00 0.21 9.37 31.84 45.98 59.18 63.35 64.32 60.24 48.83 34.41 16.44 0.00 0.00 0.00 0.00 0.00
0.00 0.00 0.00 0.00 0.00 0.00 0.00 0.00 0.00 2.06 5.93 8.50 10.72 18.32 18.16 16.16 14.81 10.15 4.47 0.00 0.00 0.00 0.00 0.00
0.00 0.00 0.00 0.00 0.00 0.00 0.00 0.00 0.00 0.75 1.54 2.19 2.81 4.06 4.10 3.64 3.30 2.26 1.01 0.00 0.00 0.00 0.00 0.00
0.00 0.00 0.00 0.00 0.00 0.00 0.00 0.00 0.00 1.31 2.27 3.29 4.15 3.81 3.82 3.46 3.74 2.57 1.15 0.00 0.00 0.00 0.00 0.00
0.00 0.00 0.00 0.00 0.00 0.00 0.00 0.00 0.00 2.10 3.62 5.26 6.64 6.09 6.11 5.54 5.98 4.11 1.84 0.00 0.00 0.00 0.00 0.00
0.00 0.00 0.00 0.00 0.00 0.00 0.00 0.00 0.00 46.81 113.00 165.23 217.35 227.36 233.40 215.31 207.59 138.33 70.48 0.00 0.00 0.00 0.00 0.00
