0.00 0.00 0.00 0.00 0.00 0.00 0.00 0.00 0.00 0.81 1.68 2.62 3.41 3.72 3.87 3.70 3.31 2.53 1.54 0.60 0.00 0.00 0.00 0.00
0.00 0.00 0.00 0.00 0.00 0.00 0.00 0.00 2.52 16.86 31.24 45.71 57.25 64.10 65.76 63.87 51.79 38.42 23.29 5.82 0.00 0.00 0.00 0.00
0.00 0.00 0.00 0.00 0.00 0.00 0.00 0.00 0.00 18.44 38.52 59.96 77.94 85.16 88.44 84.64 75.60 57.95 35.29 13.81 0.00 0.00 0.00 0.00
0.00 0.00 0.00 0.00 0.00 0.00 0.00 0.00 0.00 65.54 136.89 213.09 276.99 302.65 314.30 300.80 268.67 205.94 125.41 49.10 0.00 0.00 0.00 0.00
0.00 0.00 0.00 0.00 0.00 0.00 0.00 0.00 0.70 2.83 5.37 8.10 9.99 11.01 11.07 10.15 8.54 6.16 3.72 0.54 0.00 0.00 0.00 0.00
0.00 0.00 0.00 0.00 0.00 0.00 0.00 0.00 0.00 138.35 294.31 465.48 600.33 682.66 728.16 705.13 625.55 483.23 305.57 126.94 0.00 0.00 0.00 0.00
0.00 0.00 0.00 0.00 0.00 0.00 0.00 0.00 0.26 1.85 3.57 5.30 6.50 7.08 7.04 6.61 5.28 3.93 2.39 0.52 0.00 0.00 0.00 0.00
0.00 0.00 0.00 0.00 0.00 0.00 0.00 0.00 0.14 0.93 1.70 2.51 3.25 3.68 3.75 3.70 3.07 2.28 1.38 0.39 0.00 0.00 0.00 0.00
0.00 0.00 0.00 0.00 0.00 0.00 0.00 0.00 0.22 1.48 2.73 4.01 5.20 5.89 6.01 5.92 4.92 3.65 2.21 0.63 0.00 0.00 0.00 0.00
0.00 0.00 0.00 0.00 0.00 0.00 0.00 0.00 0.22 1.48 2.73 4.01 5.20 5.89 6.01 5.92 4.92 3.65 2.21 0.63 0.00 0.00 0.00 0.00
0.00 0.00 0.00 0.00 0.00 0.00 0.00 0.00 0.31 3.34 6.49 9.80 12.83 13.67 14.17 13.65 12.75 9.70 5.96 1.79 0.00 0.00 0.00 0.00
0.00 0.00 0.00 0.00 0.00 0.00 0.00 0.00 0.15 1.61 3.10 4.71 6.17 6.82 6.89 6.67 6.06 4.61 2.76 0.83 0.00 0.00 0.00 0.00
0.00 0.00 0.00 0.00 0.00 0.00 0.00 0.00 0.20 2.07 3.99 6.05 7.94 8.77 8.86 8.58 7.79 5.93 3.54 1.07 0.00 0.00 0.00 0.00
0.00 0.00 0.00 0.00 0.00 0.00 0.00 0.00 0.13 1.38 2.66 4.04 5.29 5.85 5.91 5.72 5.20 3.95 2.36 0.72 0.00 0.00 0.00 0.00
0.00 0.00 0.00 0.00 0.00 0.00 0.00 0.00 0.13 1.38 2.66 4.04 5.29 5.85 5.91 5.72 5.20 3.95 2.36 0.72 0.00 0.00 0.00 0.00
0.00 0.00 0.00 0.00 0.00 0.00 0.00 0.00 1.13 18.67 36.11 57.13 76.10 87.40 90.43 86.87 77.67 58.48 34.06 10.86 0.00 0.00 0.00 0.00
0.00 0.00 0.00 0.00 0.00 0.00 0.00 0.00 1.08 10.18 19.68 29.61 38.44 41.71 42.73 40.29 36.86 28.21 16.83 4.90 0.00 0.00 0.00 0.00
0.00 0.00 0.00 0.00 0.00 0.00 0.00 0.00 0.75 8.90 16.90 25.07 32.16 34.36 34.87 33.42 29.15 22.10 13.63 3.76 0.00 0.00 0.00 0.00
0.00 0.00 0.00 0.00 0.00 0.00 0.00 0.00 0.00 40.81 86.81 137.30 177.08 201.36 214.78 207.99 184.52 142.53 90.13 37.44 0.00 0.00 0.00 0.00
0.00 0.00 0.00 0.00 0.00 0.00 0.00 0.00 0.00 38.82 82.58 130.60 168.44 191.54 204.31 197.84 175.51 135.58 85.74 35.62 0.00 0.00 0.00 0.00
0.00 0.00 0.00 0.00 0.00 0.00 0.00 0.00 0.00 74.65 158.80 251.16 323.92 368.34 392.89 380.47 337.53 260.73 164.88 68.49 0.00 0.00 0.00 0.00
0.00 0.00 0.00 0.00 0.00 0.00 0.00 0.00 0.00 73.40 156.15 246.97 318.52 362.20 386.35 374.13 331.90 256.39 162.13 67.35 0.00 0.00 0.00 0.00
0.00 0.00 0.00 0.00 0.00 0.00 0.00 0.00 0.00 84.23 188.30 297.12 389.37 411.75 419.87 397.83 353.52 267.64 166.33 66.21 0.00 0.00 0.00 0.00
0.00 0.00 0.00 0.00 0.00 0.00 0.00 0.00 0.14 0.93 1.70 2.51 3.25 3.68 3.75 3.70 3.07 2.28 1.38 0.39 0.00 0.00 0.00 0.00
0.00 0.00 0.00 0.00 0.00 0.00 0.00 0.00 0.69 4.69 8.63 12.71 16.48 18.66 19.02 18.73 15.58 11.55 7.01 1.99 0.00 0.00 0.00 0.00
0.00 0.00 0.00 0.00 0.00 0.00 0.00 0.00 3.55 23.94 44.08 64.88 84.15 95.26 97.12 95.64 79.52 58.96 35.80 10.17 0.00 0.00 0.00 0.00
0.00 0.00 0.00 0.00 0.00 0.00 0.00 0.00 0.00 2.79 5.93 9.38 12.09 13.75 14.67 14.20 12.60 9.73 6.16 2.56 0.00 0.00 0.00 0.00
0.00 0.00 0.00 0.00 0.00 0.00 0.00 0.00 0.00 64.52 134.76 209.77 272.67 297.93 309.40 296.11 264.48 202.73 123.45 48.33 0.00 0.00 0.00 0.00
0.00 0.00 0.00 0.00 0.00 0.00 0.00 0.00 0.00 3.74 9.09 14.01 19.10 23.47 24.48 23.83 20.64 16.05 10.36 3.43 0.00 0.00 0.00 0.00
0.00 0.00 0.00 0.00 0.00 0.00 0.00 0.00 0.00 33.74 73.48 112.86 145.78 153.02 159.32 152.37 129.62 97.43 59.28 20.50 0.00 0.00 0.00 0.00
0.00 0.00 0.00 0.00 0.00 0.00 0.00 0.00 0.00 1.08 2.25 3.50 4.54 4.97 5.16 4.94 4.41 3.38 2.06 0.81 0.00 0.00 0.00 0.00
0.00 0.00 0.00 0.00 0.00 0.00 0.00 0.00 0.00 48.39 101.07 157.33 204.50 223.45 232.05 222.08 198.36 152.05 92.59 36.25 0.00 0.00 0.00 0.00
0.00 0.00 0.00 0.00 0.00 0.00 0.00 0.00 0.00 62.10 129.70 201.91 262.45 286.76 297.80 285.01 254.56 195.13 118.82 46.52 0.00 0.00 0.00 0.00
0.00 0.00 0.00 0.00 0.00 0.00 0.00 0.00 0.00 111.08 248.32 391.83 513.49 543.00 553.70 524.64 466.20 352.95 219.35 87.31 0.00 0.00 0.00 0.00
0.00 0.00 0.00 0.00 0.00 0.00 0.00 0.00 0.20 2.50 4.85 7.39 9.67 10.78 11.09 10.76 9.51 7.17 4.36 1.37 0.00 0.00 0.00 0.00
0.00 0.00 0.00 0.00 0.00 0.00 0.00 0.00 0.26 3.18 6.19 9.22 12.13 13.77 14.09 13.62 11.86 8.97 5.43 1.69 0.00 0.00 0.00 0.00
0.00 0.00 0.00 0.00 0.00 0.00 0.00 0.00 0.00 15.42 37.50 57.78 78.81 96.81 100.96 98.30 85.13 66.19 42.74 14.14 0.00 0.00 0.00 0.00
0.00 0.00 0.00 0.00 0.00 0.00 0.00 0.00 0.00 75.55 190.39 305.55 409.45 476.09 492.87 473.79 402.69 320.59 202.74 67.68 0.00 0.00 0.00 0.00
0.00 0.00 0.00 0.00 0.00 0.00 0.00 0.00 0.10 0.82 1.55 2.35 3.04 3.28 3.39 3.23 2.66 2.01 1.22 0.35 0.00 0.00 0.00 0.00
0.00 0.00 0.00 0.00 0.00 0.00 0.00 0.00 0.00 16.40 35.91 56.23 72.77 77.01 79.18 75.59 63.52 47.90 29.55 11.23 0.00 0.00 0.00 0.00
0.00 0.00 0.00 0.00 0.00 0.00 0.00 0.00 0.00 4.71 11.01 17.34 23.20 19.32 19.75 19.38 18.05 13.88 8.97 5.09 0.00 0.00 0.00 0.00
0.00 0.00 0.00 0.00 0.00 0.00 0.00 0.00 0.34 2.12 4.09 6.09 7.62 8.46 8.35 7.66 5.94 4.48 2.74 0.55 0.00 0.00 0.00 0.00
0.00 0.00 0.00 0.00 0.00 0.00 0.00 0.00 0.17 1.06 2.04 3.05 3.81 4.23 4.18 3.83 2.97 2.24 1.37 0.28 0.00 0.00 0.00 0.00
0.00 0.00 0.00 0.00 0.00 0.00 0.00 0.00 0.37 2.32 4.47 6.67 8.33 9.25 9.14 8.38 6.50 4.89 3.00 0.61 0.00 0.00 0.00 0.00
0.00 0.00 0.00 0.00 0.00 0.00 0.00 0.00 0.45 2.83 5.38 8.12 9.96 10.89 10.80 10.08 7.89 5.96 3.62 0.73 0.00 0.00 0.00 0.00
0.00 0.00 0.00 0.00 0.00 0.00 0.00 0.00 0.69 4.31 8.20 12.38 15.18 16.59 16.45 15.36 12.02 9.08 5.51 1.11 0.00 0.00 0.00 0.00
0.00 0.00 0.00 0.00 0.00 0.00 0.00 0.00 0.52 3.75 7.26 10.81 13.19 14.15 14.21 13.41 10.66 8.09 4.92 1.14 0.00 0.00 0.00 0.00
0.00 0.00 0.00 0.00 0.00 0.00 0.00 0.00 0.06 2.88 5.99 9.00 11.32 12.20 12.73 12.22 10.10 7.60 4.52 1.45 0.00 0.00 0.00 0.00
0.00 0.00 0.00 0.00 0.00 0.00 0.00 0.00 0.16 7.43 15.48 23.25 29.23 31.52 32.89 31.56 26.08 19.63 11.69 3.73 0.00 0.00 0.00 0.00
0.00 0.00 0.00 0.00 0.00 0.00 0.00 0.00 0.01 1.87 3.94 6.02 7.87 8.30 8.56 8.07 6.69 5.03 3.06 1.02 0.00 0.00 0.00 0.00
0.00 0.00 0.00 0.00 0.00 0.00 0.00 0.00 0.57 3.78 6.95 10.41 13.12 14.51 14.97 14.35 11.02 8.34 5.14 1.50 0.00 0.00 0.00 0.00
0.00 0.00 0.00 0.00 0.00 0.00 0.00 0.00 0.98 6.83 12.62 18.42 22.85 25.42 25.80 24.48 20.73 15.59 9.35 1.99 0.00 0.00 0.00 0.00
0.00 0.00 0.00 0.00 0.00 0.00 0.00 0.00 0.22 0.94 1.66 2.43 3.02 3.26 3.25 3.09 2.71 2.00 1.21 0.22 0.00 0.00 0.00 0.00
0.00 0.00 0.00 0.00 0.00 0.00 0.00 0.00 1.00 4.97 8.75 13.05 16.88 19.18 19.47 18.49 15.71 11.73 7.16 1.67 0.00 0.00 0.00 0.00
0.00 0.00 0.00 0.00 0.00 0.00 0.00 0.00 0.77 3.48 6.16 9.03 11.40 12.78 12.67 11.97 10.43 7.70 4.64 0.87 0.00 0.00 0.00 0.00
0.00 0.00 0.00 0.00 0.00 0.00 0.00 0.00 1.07 4.80 8.50 12.46 15.73 17.64 17.48 16.52 14.39 10.62 6.40 1.19 0.00 0.00 0.00 0.00
0.00 0.00 0.00 0.00 0.00 0.00 0.00 0.00 0.73 3.27 5.79 8.49 10.72 12.01 11.91 11.25 9.80 7.23 4.36 0.81 0.00 0.00 0.00 0.00
0.00 0.00 0.00 0.00 0.00 0.00 0.00 0.00 0.54 2.65 4.67 6.96 9.00 10.23 10.38 9.86 8.38 6.26 3.82 0.89 0.00 0.00 0.00 0.00
0.00 0.00 0.00 0.00 0.00 0.00 0.00 0.00 0.64 2.65 4.75 6.99 8.71 9.75 9.91 9.17 7.74 5.67 3.43 0.56 0.00 0.00 0.00 0.00
0.00 0.00 0.00 0.00 0.00 0.00 0.00 0.00 0.39 2.65 4.88 7.19 9.33 10.56 10.76 10.60 8.81 6.53 3.97 1.13 0.00 0.00 0.00 0.00
0.00 0.00 0.00 0.00 0.00 0.00 0.00 0.00 1.47 24.30 47.01 74.36 99.06 113.76 117.70 113.07 101.10 76.12 44.33 14.13 0.00 0.00 0.00 0.00
0.00 0.00 0.00 0.00 0.00 0.00 0.00 0.00 0.35 3.79 7.35 11.10 14.54 15.49 16.06 15.47 14.45 11.00 6.75 2.03 0.00 0.00 0.00 0.00
0.00 0.00 0.00 0.00 0.00 0.00 0.00 0.00 0.75 5.76 10.27 15.61 20.65 23.61 23.68 22.73 18.88 14.30 8.90 2.75 0.00 0.00 0.00 0.00
0.00 0.00 0.00 0.00 0.00 0.00 0.00 0.00 0.34 2.64 4.71 7.15 9.47 10.82 10.85 10.42 8.65 6.55 4.08 1.26 0.00 0.00 0.00 0.00
0.00 0.00 0.00 0.00 0.00 0.00 0.00 0.00 0.43 4.66 9.09 13.71 17.79 18.64 19.41 18.60 17.59 13.43 8.36 2.48 0.00 0.00 0.00 0.00
0.00 0.00 0.00 0.00 0.00 0.00 0.00 0.00 0.24 2.00 3.75 5.72 7.37 7.96 8.23 7.85 6.46 4.89 2.97 0.85 0.00 0.00 0.00 0.00
0.00 0.00 0.00 0.00 0.00 0.00 0.00 0.00 0.00 15.97 38.83 59.82 81.59 100.23 104.53 101.77 88.14 68.53 44.25 14.64 0.00 0.00 0.00 0.00
0.00 0.00 0.00 0.00 0.00 0.00 0.00 0.00 0.00 8.07 17.57 26.99 34.86 36.59 38.10 36.44 31.00 23.30 14.18 4.90 0.00 0.00 0.00 0.00
0.00 0.00 0.00 0.00 0.00 0.00 0.00 0.00 0.00 1.79 3.84 5.98 7.76 8.24 8.49 8.20 6.80 5.05 3.08 1.08 0.00 0.00 0.00 0.00
0.00 0.00 0.00 0.00 0.00 0.00 0.00 0.00 0.00 2.27 4.65 7.15 9.22 9.69 9.98 9.58 8.28 6.22 3.82 1.30 0.00 0.00 0.00 0.00
0.00 0.00 0.00 0.00 0.00 0.00 0.00 0.00 0.00 3.63 7.44 11.44 14.76 15.50 15.97 15.33 13.25 9.95 6.11 2.09 0.00 0.00 0.00 0.00
0.00 0.00 0.00 0.00 0.00 0.00 0.00 0.00 0.00 75.89 161.45 255.35 329.32 374.48 399.44 386.81 343.15 265.08 167.62 69.64 0.00 0.00 0.00 0.00
