0.00 0.00 0.00 0.00 0.00 0.00 0.00 0.00 0.91 1.83 2.96 3.93 4.62 5.12 5.29 5.10 4.24 3.49 2.48 1.49 0.61 0.00 0.00 0.00
0.00 0.00 0.00 0.00 0.00 0.00 0.00 1.62 18.74 35.04 47.38 61.75 71.77 75.28 76.52 72.71 64.44 50.68 33.99 16.43 3.69 0.00 0.00 0.00
0.00 0.00 0.00 0.00 0.00 0.00 0.00 0.00 20.85 41.92 67.77 89.87 105.61 117.15 120.93 116.58 97.00 79.73 56.76 34.10 13.98 0.00 0.00 0.00
0.00 0.00 0.00 0.00 0.00 0.00 0.00 0.00 74.08 148.98 240.84 319.40 375.34 416.35 429.77 414.31 344.75 283.34 201.71 121.18 49.68 0.00 0.00 0.00
0.00 0.00 0.00 0.00 0.00 0.00 0.00 0.74 3.15 5.42 7.61 9.60 10.92 11.10 11.13 10.49 10.14 7.87 5.12 1.99 0.32 0.00 0.00 0.00
0.00 0.00 0.00 0.00 0.00 0.00 0.00 0.00 149.34 316.83 515.46 687.94 811.85 907.76 938.66 926.35 862.64 710.35 515.39 286.79 120.43 0.00 0.00 0.00
0.00 0.00 0.00 0.00 0.00 0.00 0.00 0.51 2.33 4.04 6.04 7.66 8.82 8.27 8.26 7.91 6.13 4.92 3.37 1.67 0.50 0.00 0.00 0.00
0.00 0.00 0.00 0.00 0.00 0.00 0.00 0.13 1.12 2.06 3.12 4.10 4.76 4.28 4.31 4.08 3.49 2.79 1.87 1.08 0.26 0.00 0.00 0.00
0.00 0.00 0.00 0.00 0.00 0.00 0.00 0.21 1.79 3.30 4.99 6.55 7.62 6.84 6.90 6.53 5.58 4.47 2.99 1.73 0.42 0.00 0.00 0.00
0.00 0.00 0.00 0.00 0.00 0.00 0.00 0.21 1.79 3.30 4.99 6.55 7.62 6.84 6.90 6.53 5.58 4.47 2.99 1.73 0.42 0.00 0.00 0.00
0.00 0.00 0.00 0.00 0.00 0.00 0.00 0.37 4.13 7.70 12.23 16.39 19.14 17.44 17.64 16.75 10.79 8.54 5.80 2.90 0.85 0.00 0.00 0.00
0.00 0.00 0.00 0.00 0.00 0.00 0.00 0.17 1.94 3.61 5.78 7.68 8.97 8.27 8.42 8.00 4.92 3.90 2.63 1.26 0.36 0.00 0.00 0.00
0.00 0.00 0.00 0.00 0.00 0.00 0.00 0.22 2.49 4.64 7.43 9.87 11.53 10.63 10.83 10.28 6.32 5.01 3.38 1.61 0.46 0.00 0.00 0.00
0.00 0.00 0.00 0.00 0.00 0.00 0.00 0.15 1.66 3.10 4.95 6.58 7.69 7.09 7.22 6.86 4.22 3.34 2.26 1.08 0.31 0.00 0.00 0.00
0.00 0.00 0.00 0.00 0.00 0.00 0.00 0.15 1.66 3.10 4.95 6.58 7.69 7.09 7.22 6.86 4.22 3.34 2.26 1.08 0.31 0.00 0.00 0.00
0.00 0.00 0.00 0.00 0.00 0.00 0.00 0.00 20.56 41.44 66.01 86.35 100.88 107.20 108.88 103.71 77.47 60.17 41.31 21.62 5.87 0.00 0.00 0.00
0.00 0.00 0.00 0.00 0.00 0.00 0.00 1.45 12.82 23.64 35.41 47.06 55.54 46.76 46.45 43.47 31.00 24.56 16.73 9.70 2.77 0.00 0.00 0.00
0.00 0.00 0.00 0.00 0.00 0.00 0.00 1.24 11.15 20.61 30.16 39.66 46.80 43.23 42.98 39.97 33.63 26.78 18.17 9.88 3.03 0.00 0.00 0.00
0.00 0.00 0.00 0.00 0.00 0.00 0.00 0.00 44.05 93.45 152.04 202.92 239.47 267.76 276.87 273.24 254.45 209.53 152.02 84.59 35.52 0.00 0.00 0.00
0.00 0.00 0.00 0.00 0.00 0.00 0.00 0.00 41.90 88.89 144.62 193.02 227.78 254.69 263.36 259.91 242.04 199.31 144.61 80.46 33.79 0.00 0.00 0.00
0.00 0.00 0.00 0.00 0.00 0.00 0.00 0.00 80.58 170.95 278.12 371.19 438.05 489.80 506.47 499.83 465.45 383.28 278.09 154.74 64.98 0.00 0.00 0.00
0.00 0.00 0.00 0.00 0.00 0.00 0.00 0.00 79.23 168.10 273.49 365.00 430.75 481.63 498.03 491.50 457.70 376.89 273.46 152.16 63.90 0.00 0.00 0.00
0.00 0.00 0.00 0.00 0.00 0.00 0.00 0.00 96.08 192.27 309.06 414.00 492.39 536.50 553.33 536.78 487.85 399.99 288.02 157.81 67.11 0.00 0.00 0.00
0.00 0.00 0.00 0.00 0.00 0.00 0.00 0.13 1.12 2.06 3.12 4.10 4.76 4.28 4.31 4.08 3.49 2.79 1.87 1.08 0.26 0.00 0.00 0.00
0.00 0.00 0.00 0.00 0.00 0.00 0.00 0.66 5.68 10.44 15.81 20.75 24.12 21.67 21.86 20.69 17.67 14.15 9.48 5.47 1.31 0.00 0.00 0.00
0.00 0.00 0.00 0.00 0.00 0.00 0.00 3.36 28.98 53.28 80.69 105.95 123.13 110.66 111.59 105.60 90.20 72.24 48.38 27.91 6.71 0.00 0.00 0.00
0.00 0.00 0.00 0.00 0.00 0.00 0.00 0.00 3.01 6.38 10.38 13.86 16.35 18.29 18.91 18.66 17.38 14.31 10.38 5.78 2.43 0.00 0.00 0.00
0.00 0.00 0.00 0.00 0.00 0.00 0.00 0.00 72.93 146.66 237.08 314.42 369.49 409.87 423.07 407.85 339.37 278.93 198.57 119.29 48.90 0.00 0.00 0.00
0.00 0.00 0.00 0.00 0.00 0.00 0.00 0.00 5.60 11.16 17.97 24.79 29.94 32.78 32.86 31.28 22.79 18.43 12.72 6.39 2.22 0.00 0.00 0.00
0.00 0.00 0.00 0.00 0.00 0.00 0.00 3.93 41.00 76.65 122.13 160.45 188.06 199.97 203.29 191.91 173.21 141.85 100.85 54.00 20.95 0.00 0.00 0.00
0.00 0.00 0.00 0.00 0.00 0.00 0.00 0.00 1.22 2.44 3.95 5.24 6.16 6.83 7.05 6.80 5.66 4.65 3.31 1.99 0.82 0.00 0.00 0.00
0.00 0.00 0.00 0.00 0.00 0.00 0.00 0.00 54.70 109.99 177.81 235.82 277.12 307.40 317.31 305.89 254.53 209.20 148.92 89.47 36.68 0.00 0.00 0.00
0.00 0.00 0.00 0.00 0.00 0.00 0.00 0.00 70.19 141.16 228.19 302.63 355.63 394.50 407.21 392.55 326.65 268.47 191.12 114.82 47.07 0.00 0.00 0.00
0.00 0.00 0.00 0.00 0.00 0.00 0.00 0.00 126.71 253.56 407.58 545.96 649.34 707.51 729.70 707.89 643.35 527.49 379.83 208.11 88.50 0.00 0.00 0.00
0.00 0.00 0.00 0.00 0.00 0.00 0.00 0.17 2.94 5.58 9.08 12.02 14.25 14.82 14.93 13.92 9.81 7.83 5.32 2.65 0.77 0.00 0.00 0.00
0.00 0.00 0.00 0.00 0.00 0.00 0.00 0.24 3.68 6.98 11.41 15.14 17.76 17.72 17.87 16.78 11.24 8.95 6.12 2.89 0.84 0.00 0.00 0.00
0.00 0.00 0.00 0.00 0.00 0.00 0.00 0.00 23.11 46.03 74.14 102.24 123.52 135.21 135.54 129.03 94.01 76.03 52.47 26.37 9.14 0.00 0.00 0.00
0.00 0.00 0.00 0.00 0.00 0.00 0.00 0.00 95.27 190.83 299.27 408.24 494.98 549.12 562.55 538.38 489.18 403.61 290.05 166.35 78.96 0.00 0.00 0.00
0.00 0.00 0.00 0.00 0.00 0.00 0.00 0.12 0.92 1.67 2.33 3.09 3.63 3.55 3.54 3.28 2.58 2.04 1.39 0.78 0.22 0.00 0.00 0.00
0.00 0.00 0.00 0.00 0.00 0.00 0.00 0.36 19.49 38.05 60.48 80.63 94.25 102.01 104.08 99.44 90.81 74.65 52.72 28.19 11.33 0.00 0.00 0.00
0.00 0.00 0.00 0.00 0.00 0.00 0.00 0.00 4.85 10.95 17.95 24.55 29.30 31.94 32.74 31.66 19.72 16.34 11.91 9.60 4.19 0.00 0.00 0.00
0.00 0.00 0.00 0.00 0.00 0.00 0.00 0.64 2.70 4.64 6.87 8.77 9.98 9.32 9.21 8.78 6.92 5.46 3.78 1.95 0.56 0.00 0.00 0.00
0.00 0.00 0.00 0.00 0.00 0.00 0.00 0.32 1.35 2.32 3.43 4.39 4.99 4.66 4.61 4.39 3.46 2.73 1.89 0.98 0.28 0.00 0.00 0.00
0.00 0.00 0.00 0.00 0.00 0.00 0.00 0.70 2.96 5.07 7.51 9.59 10.91 10.20 10.08 9.60 7.57 5.97 4.13 2.14 0.61 0.00 0.00 0.00
0.00 0.00 0.00 0.00 0.00 0.00 0.00 0.82 3.58 6.18 8.92 11.40 13.07 11.61 11.43 10.89 8.88 7.11 4.86 2.38 0.67 0.00 0.00 0.00
0.00 0.00 0.00 0.00 0.00 0.00 0.00 1.25 5.46 9.42 13.59 17.38 19.92 17.69 17.42 16.59 13.54 10.84 7.41 3.62 1.03 0.00 0.00 0.00
0.00 0.00 0.00 0.00 0.00 0.00 0.00 1.03 4.77 8.29 12.32 15.51 17.92 16.97 17.02 16.15 12.19 9.64 6.69 3.36 1.00 0.00 0.00 0.00
0.00 0.00 0.00 0.00 0.00 0.00 0.00 0.54 3.48 6.30 9.77 12.96 15.18 16.12 16.13 15.41 13.65 10.96 7.69 4.04 1.50 0.00 0.00 0.00
0.00 0.00 0.00 0.00 0.00 0.00 0.00 1.39 9.00 16.27 25.25 33.49 39.20 41.64 41.66 39.80 35.25 28.31 19.86 10.44 3.88 0.00 0.00 0.00
0.00 0.00 0.00 0.00 0.00 0.00 0.00 0.28 2.32 4.28 6.75 8.87 10.39 10.89 10.82 10.21 8.88 7.13 5.02 2.86 1.06 0.00 0.00 0.00
0.00 0.00 0.00 0.00 0.00 0.00 0.00 0.50 2.99 5.37 8.57 11.23 13.00 15.30 15.23 14.23 12.76 10.24 6.98 3.60 0.94 0.00 0.00 0.00
0.00 0.00 0.00 0.00 0.00 0.00 0.00 1.16 6.20 10.99 17.55 22.70 26.25 28.72 29.04 27.18 28.06 22.05 14.91 7.08 1.98 0.00 0.00 0.00
0.00 0.00 0.00 0.00 0.00 0.00 0.00 0.21 0.89 1.53 2.27 2.84 3.18 3.17 3.15 2.92 2.57 2.02 1.36 0.65 0.11 0.00 0.00 0.00
0.00 0.00 0.00 0.00 0.00 0.00 0.00 1.18 6.31 11.15 16.07 20.58 23.34 19.76 19.54 18.43 14.43 11.55 7.81 4.64 0.94 0.00 0.00 0.00
0.00 0.00 0.00 0.00 0.00 0.00 0.00 0.91 4.28 7.46 9.49 12.02 13.52 12.38 12.13 11.67 11.53 9.15 6.15 3.05 0.57 0.00 0.00 0.00
0.00 0.00 0.00 0.00 0.00 0.00 0.00 1.25 5.91 10.29 13.10 16.59 18.66 17.08 16.75 16.10 15.91 12.63 8.49 4.21 0.78 0.00 0.00 0.00
0.00 0.00 0.00 0.00 0.00 0.00 0.00 0.85 4.03 7.01 8.92 11.30 12.71 11.64 11.41 10.97 10.84 8.61 5.79 2.87 0.53 0.00 0.00 0.00
0.00 0.00 0.00 0.00 0.00 0.00 0.00 0.63 3.37 5.95 8.57 10.97 12.45 10.54 10.42 9.83 7.69 6.16 4.16 2.48 0.50 0.00 0.00 0.00
0.00 0.00 0.00 0.00 0.00 0.00 0.00 0.65 2.87 4.96 6.99 8.81 9.99 9.76 9.84 9.36 9.61 7.51 4.90 2.19 0.36 0.00 0.00 0.00
0.00 0.00 0.00 0.00 0.00 0.00 0.00 0.37 3.21 5.90 8.94 11.74 13.65 12.26 12.37 11.70 10.00 8.01 5.36 3.09 0.74 0.00 0.00 0.00
0.00 0.00 0.00 0.00 0.00 0.00 0.00 0.00 26.76 53.94 85.91 112.39 131.30 139.54 141.72 134.99 100.84 78.31 53.77 28.14 7.64 0.00 0.00 0.00
0.00 0.00 0.00 0.00 0.00 0.00 0.00 0.42 4.68 8.73 13.86 18.57 21.69 19.77 19.99 18.98 12.23 9.68 6.58 3.29 0.96 0.00 0.00 0.00
0.00 0.00 0.00 0.00 0.00 0.00 0.00 0.93 7.25 13.22 19.01 25.02 29.42 22.24 22.22 20.92 14.17 11.05 7.47 6.09 1.63 0.00 0.00 0.00
0.00 0.00 0.00 0.00 0.00 0.00 0.00 0.42 3.32 6.06 8.71 11.47 13.48 10.19 10.18 9.59 6.50 5.07 3.42 2.79 0.75 0.00 0.00 0.00
0.00 0.00 0.00 0.00 0.00 0.00 0.00 0.55 5.87 10.94 17.17 22.97 26.88 23.67 23.90 22.62 15.17 12.02 8.15 4.28 1.25 0.00 0.00 0.00
0.00 0.00 0.00 0.00 0.00 0.00 0.00 0.30 2.22 4.06 5.65 7.50 8.81 8.62 8.59 7.96 6.26 4.95 3.37 1.89 0.53 0.00 0.00 0.00
0.00 0.00 0.00 0.00 0.00 0.00 0.00 0.00 23.93 47.65 76.76 105.85 127.89 139.99 140.33 133.59 97.34 78.71 54.33 27.30 9.46 0.00 0.00 0.00
0.00 0.00 0.00 0.00 0.00 0.00 0.00 0.94 9.81 18.33 29.20 38.37 44.97 47.82 48.61 45.89 41.42 33.92 24.12 12.91 5.01 0.00 0.00 0.00
0.00 0.00 0.00 0.00 0.00 0.00 0.00 0.18 2.21 4.16 6.61 8.66 10.18 10.70 10.81 10.19 8.95 7.22 5.13 2.94 1.13 0.00 0.00 0.00
0.00 0.00 0.00 0.00 0.00 0.00 0.00 0.19 2.86 5.42 8.33 10.94 12.73 13.42 13.44 12.82 11.01 9.03 6.45 3.62 1.35 0.00 0.00 0.00
0.00 0.00 0.00 0.00 0.00 0.00 0.00 0.31 4.58 8.68 13.33 17.50 20.37 21.47 21.50 20.51 17.62 14.45 10.31 5.79 2.16 0.00 0.00 0.00
0.00 0.00 0.00 0.00 0.00 0.00 0.00 0.00 81.92 173.80 282.76 377.38 445.35 497.96 514.91 508.16 473.21 389.67 282.73 157.32 66.06 0.00 0.00 0.00
