0.00 0.00 0.00 0.00 0.00 0.00 0.00 0.15 1.11 2.04 3.17 4.13 4.80 5.28 5.43 5.23 4.75 3.93 2.83 1.64 0.75 0.00 0.00 0.00
0.00 0.00 0.00 0.00 0.00 0.00 0.00 2.92 14.24 25.07 42.94 55.45 64.16 80.31 81.56 77.55 63.92 50.52 34.29 15.27 4.43 0.00 0.00 0.00
0.00 0.00 0.00 0.00 0.00 0.00 0.00 3.34 25.28 46.57 72.41 94.38 109.68 120.74 124.27 119.69 108.73 89.80 64.61 37.39 17.13 0.00 0.00 0.00
0.00 0.00 0.00 0.00 0.00 0.00 0.00 11.87 89.84 165.49 257.35 335.41 389.79 429.09 441.65 425.37 386.41 319.15 229.62 132.90 60.88 0.00 0.00 0.00
0.00 0.00 0.00 0.00 0.00 0.00 0.00 1.30 3.99 6.51 8.31 10.38 11.76 14.98 15.00 14.13 13.11 10.25 6.76 2.84 0.69 0.00 0.00 0.00
0.00 0.00 0.00 0.00 0.00 0.00 0.00 10.26 182.54 351.10 550.60 721.66 841.87 932.76 961.68 948.08 888.76 735.61 539.54 317.56 147.78 0.00 0.00 0.00
0.00 0.00 0.00 0.00 0.00 0.00 0.00 0.81 2.52 4.13 5.83 7.33 8.39 9.67 9.66 9.26 8.56 6.90 4.79 2.39 0.88 0.00 0.00 0.00
0.00 0.00 0.00 0.00 0.00 0.00 0.00 0.22 0.94 1.63 2.78 3.62 4.19 3.55 3.58 3.40 3.94 3.17 2.15 1.06 0.32 0.00 0.00 0.00
0.00 0.00 0.00 0.00 0.00 0.00 0.00 0.35 1.50 2.60 4.44 5.79 6.70 5.69 5.73 5.44 6.31 5.08 3.44 1.69 0.52 0.00 0.00 0.00
0.00 0.00 0.00 0.00 0.00 0.00 0.00 0.35 1.50 2.60 4.44 5.79 6.70 5.69 5.73 5.44 6.31 5.08 3.44 1.69 0.52 0.00 0.00 0.00
0.00 0.00 0.00 0.00 0.00 0.00 0.00 0.83 3.83 6.70 9.92 13.13 15.23 14.10 14.26 13.55 14.12 11.20 7.68 4.43 1.56 0.00 0.00 0.00
0.00 0.00 0.00 0.00 0.00 0.00 0.00 0.39 1.83 3.20 4.74 6.23 7.23 6.39 6.51 6.19 6.58 5.22 3.55 1.86 0.65 0.00 0.00 0.00
0.00 0.00 0.00 0.00 0.00 0.00 0.00 0.51 2.35 4.11 6.09 8.01 9.30 8.21 8.36 7.96 8.45 6.71 4.57 2.40 0.84 0.00 0.00 0.00
0.00 0.00 0.00 0.00 0.00 0.00 0.00 0.34 1.57 2.74 4.06 5.34 6.20 5.48 5.58 5.30 5.64 4.47 3.05 1.60 0.56 0.00 0.00 0.00
0.00 0.00 0.00 0.00 0.00 0.00 0.00 0.34 1.57 2.74 4.06 5.34 6.20 5.48 5.58 5.30 5.64 4.47 3.05 1.60 0.56 0.00 0.00 0.00
0.00 0.00 0.00 0.00 0.00 0.00 0.00 1.67 17.99 33.69 57.07 73.84 85.77 87.70 89.03 84.90 63.76 49.70 34.46 18.44 6.04 0.00 0.00 0.00
0.00 0.00 0.00 0.00 0.00 0.00 0.00 2.36 10.13 17.59 28.00 36.72 42.99 51.29 50.84 47.56 41.08 32.66 22.49 15.36 5.36 0.00 0.00 0.00
0.00 0.00 0.00 0.00 0.00 0.00 0.00 2.21 9.51 16.63 27.56 35.55 41.38 48.68 48.24 44.82 41.76 33.43 22.96 13.41 4.93 0.00 0.00 0.00
0.00 0.00 0.00 0.00 0.00 0.00 0.00 3.03 53.84 103.56 162.41 212.86 248.32 275.13 283.66 279.65 262.15 216.98 159.15 93.67 43.59 0.00 0.00 0.00
0.00 0.00 0.00 0.00 0.00 0.00 0.00 2.88 51.22 98.51 154.49 202.48 236.21 261.71 269.82 266.01 249.36 206.40 151.38 89.10 41.46 0.00 0.00 0.00
0.00 0.00 0.00 0.00 0.00 0.00 0.00 5.53 98.50 189.44 297.09 389.38 454.24 503.29 518.89 511.56 479.55 396.91 291.12 171.35 79.74 0.00 0.00 0.00
0.00 0.00 0.00 0.00 0.00 0.00 0.00 5.44 96.85 186.28 292.14 382.90 446.67 494.90 510.24 503.03 471.55 390.30 286.27 168.49 78.41 0.00 0.00 0.00
0.00 0.00 0.00 0.00 0.00 0.00 0.00 16.85 117.11 214.56 331.02 435.42 511.85 552.16 567.52 549.71 501.57 413.10 300.59 174.85 82.68 0.00 0.00 0.00
0.00 0.00 0.00 0.00 0.00 0.00 0.00 0.22 0.94 1.63 2.78 3.62 4.19 3.55 3.58 3.40 3.94 3.17 2.15 1.06 0.32 0.00 0.00 0.00
0.00 0.00 0.00 0.00 0.00 0.00 0.00 1.10 4.76 8.24 14.07 18.33 21.23 18.00 18.16 17.21 19.97 16.07 10.89 5.35 1.64 0.00 0.00 0.00
0.00 0.00 0.00 0.00 0.00 0.00 0.00 5.63 24.30 42.07 71.85 93.57 108.40 91.91 92.70 87.88 101.97 82.05 55.57 27.30 8.38 0.00 0.00 0.00
0.00 0.00 0.00 0.00 0.00 0.00 0.00 0.21 3.68 7.07 11.09 14.54 16.96 18.79 19.37 19.10 17.90 14.82 10.87 6.40 2.98 0.00 0.00 0.00
0.00 0.00 0.00 0.00 0.00 0.00 0.00 11.69 88.44 162.91 253.33 330.19 383.71 422.40 434.76 418.74 380.38 314.17 226.04 130.82 59.93 0.00 0.00 0.00
0.00 0.00 0.00 0.00 0.00 0.00 0.00 0.50 3.99 7.37 9.43 12.88 15.49 27.95 27.96 26.61 26.35 21.34 14.84 8.90 3.55 0.00 0.00 0.00
0.00 0.00 0.00 0.00 0.00 0.00 0.00 11.52 49.25 85.53 131.10 169.42 196.47 206.89 209.72 197.80 181.04 149.08 107.29 59.73 26.43 0.00 0.00 0.00
0.00 0.00 0.00 0.00 0.00 0.00 0.00 0.19 1.47 2.72 4.22 5.50 6.40 7.04 7.25 6.98 6.34 5.24 3.77 2.18 1.00 0.00 0.00 0.00
0.00 0.00 0.00 0.00 0.00 0.00 0.00 8.77 66.33 122.18 190.00 247.64 287.78 316.80 326.07 314.06 285.29 235.63 169.53 98.12 44.94 0.00 0.00 0.00
0.00 0.00 0.00 0.00 0.00 0.00 0.00 11.25 85.12 156.80 243.83 317.80 369.32 406.56 418.46 403.04 366.12 302.39 217.56 125.92 57.68 0.00 0.00 0.00
0.00 0.00 0.00 0.00 0.00 0.00 0.00 22.22 154.44 282.95 436.53 574.21 675.01 728.17 748.41 724.93 661.44 544.78 396.41 230.58 109.03 0.00 0.00 0.00
0.00 0.00 0.00 0.00 0.00 0.00 0.00 0.59 3.08 5.47 8.00 10.47 12.35 9.82 9.91 9.27 8.77 7.01 4.81 3.23 1.14 0.00 0.00 0.00
0.00 0.00 0.00 0.00 0.00 0.00 0.00 0.74 3.77 6.68 10.25 13.45 15.70 12.64 12.75 12.01 11.06 8.82 6.09 3.82 1.34 0.00 0.00 0.00
0.00 0.00 0.00 0.00 0.00 0.00 0.00 2.08 16.44 30.41 38.91 53.12 63.90 115.29 115.34 109.75 108.69 88.02 61.22 36.73 14.63 0.00 0.00 0.00
0.00 0.00 0.00 0.00 0.00 0.00 0.00 18.35 115.30 209.79 313.04 419.14 502.25 551.19 564.03 540.30 493.97 410.14 298.33 180.55 93.79 5.49 0.00 0.00
0.00 0.00 0.00 0.00 0.00 0.00 0.00 0.19 0.77 1.32 2.37 3.09 3.60 4.17 4.14 3.84 3.28 2.61 1.80 1.19 0.41 0.00 0.00 0.00
0.00 0.00 0.00 0.00 0.00 0.00 0.00 4.13 23.56 42.40 64.77 84.89 98.15 105.41 107.19 102.26 94.07 77.74 55.54 31.63 14.32 0.00 0.00 0.00
0.00 0.00 0.00 0.00 0.00 0.00 0.00 0.00 5.90 11.94 18.86 25.39 30.01 32.79 33.53 32.40 29.92 24.82 18.22 11.07 5.30 0.00 0.00 0.00
0.00 0.00 0.00 0.00 0.00 0.00 0.00 0.95 2.83 4.61 6.52 8.23 9.32 10.93 10.79 10.29 9.63 7.64 5.36 2.64 0.95 0.00 0.00 0.00
0.00 0.00 0.00 0.00 0.00 0.00 0.00 0.48 1.41 2.30 3.26 4.12 4.66 5.47 5.40 5.15 4.82 3.82 2.68 1.32 0.47 0.00 0.00 0.00
0.00 0.00 0.00 0.00 0.00 0.00 0.00 1.04 3.09 5.04 7.13 9.01 10.19 11.96 11.80 11.26 10.54 8.36 5.86 2.88 1.03 0.00 0.00 0.00
0.00 0.00 0.00 0.00 0.00 0.00 0.00 1.04 3.18 5.20 6.46 8.19 9.35 12.62 12.38 11.78 12.66 10.19 7.06 3.44 1.22 0.00 0.00 0.00
0.00 0.00 0.00 0.00 0.00 0.00 0.00 1.59 4.84 7.92 9.85 12.48 14.24 19.22 18.86 17.95 19.29 15.52 10.76 5.24 1.85 0.00 0.00 0.00
0.00 0.00 0.00 0.00 0.00 0.00 0.00 1.60 5.02 8.25 11.54 14.39 16.54 19.56 19.60 18.62 17.36 13.80 9.70 4.90 1.80 0.00 0.00 0.00
0.00 0.00 0.00 0.00 0.00 0.00 0.00 1.15 4.14 6.99 10.45 13.65 15.83 16.67 16.66 15.92 14.41 11.64 8.27 4.66 2.01 0.00 0.00 0.00
0.00 0.00 0.00 0.00 0.00 0.00 0.00 2.98 10.69 18.06 26.99 35.27 40.91 43.08 43.03 41.13 37.22 30.06 21.36 12.04 5.19 0.00 0.00 0.00
0.00 0.00 0.00 0.00 0.00 0.00 0.00 0.70 2.77 4.76 7.24 9.37 10.87 11.45 11.36 10.72 9.85 7.94 5.67 3.19 1.36 0.00 0.00 0.00
0.00 0.00 0.00 0.00 0.00 0.00 0.00 1.08 3.93 6.65 11.10 14.34 16.48 17.54 17.48 16.38 14.76 11.91 8.22 4.93 1.62 0.00 0.00 0.00
0.00 0.00 0.00 0.00 0.00 0.00 0.00 1.58 5.40 9.04 16.20 20.69 23.74 29.26 29.55 27.68 30.86 24.37 16.67 7.88 2.74 0.00 0.00 0.00
0.00 0.00 0.00 0.00 0.00 0.00 0.00 0.43 1.29 2.10 2.97 3.68 4.09 4.64 4.59 4.27 3.93 3.11 2.12 0.98 0.25 0.00 0.00 0.00
0.00 0.00 0.00 0.00 0.00 0.00 0.00 1.79 6.20 10.35 15.30 19.39 21.88 25.56 25.24 23.80 23.62 19.03 13.06 5.62 1.57 0.00 0.00 0.00
0.00 0.00 0.00 0.00 0.00 0.00 0.00 1.45 4.70 7.76 9.93 12.44 13.93 16.65 16.29 15.66 15.97 12.76 8.71 3.71 0.98 0.00 0.00 0.00
0.00 0.00 0.00 0.00 0.00 0.00 0.00 2.00 6.49 10.71 13.70 17.17 19.22 22.97 22.48 21.61 22.03 17.61 12.01 5.12 1.36 0.00 0.00 0.00
0.00 0.00 0.00 0.00 0.00 0.00 0.00 1.36 4.42 7.30 9.33 11.69 13.09 15.65 15.31 14.72 15.01 12.00 8.18 3.49 0.93 0.00 0.00 0.00
0.00 0.00 0.00 0.00 0.00 0.00 0.00 0.95 3.30 5.52 8.16 10.34 11.67 13.63 13.46 12.69 12.60 10.15 6.96 3.00 0.84 0.00 0.00 0.00
0.00 0.00 0.00 0.00 0.00 0.00 0.00 1.12 3.52 5.78 7.66 9.58 10.80 12.60 12.67 12.06 12.07 9.51 6.29 2.48 0.61 0.00 0.00 0.00
0.00 0.00 0.00 0.00 0.00 0.00 0.00 0.62 2.69 4.66 7.96 10.37 12.01 10.19 10.27 9.74 11.30 9.09 6.16 3.03 0.93 0.00 0.00 0.00
0.00 0.00 0.00 0.00 0.00 0.00 0.00 2.18 23.42 43.85 74.28 96.11 111.63 114.15 115.88 110.51 82.99 64.68 44.85 24.01 7.86 0.00 0.00 0.00
0.00 0.00 0.00 0.00 0.00 0.00 0.00 0.94 4.34 7.59 11.24 14.88 17.26 15.98 16.16 15.36 16.00 12.69 8.71 5.02 1.77 0.00 0.00 0.00
0.00 0.00 0.00 0.00 0.00 0.00 0.00 1.71 6.99 12.04 19.28 25.06 29.25 25.24 25.14 23.66 25.72 20.16 13.78 7.88 2.64 0.00 0.00 0.00
0.00 0.00 0.00 0.00 0.00 0.00 0.00 0.78 3.21 5.52 8.84 11.48 13.41 11.57 11.52 10.84 11.79 9.24 6.32 3.61 1.21 0.00 0.00 0.00
0.00 0.00 0.00 0.00 0.00 0.00 0.00 1.17 5.38 9.41 13.58 17.94 20.85 20.73 20.91 19.81 19.95 15.85 10.85 6.69 2.36 0.00 0.00 0.00
0.00 0.00 0.00 0.00 0.00 0.00 0.00 0.46 1.86 3.21 5.75 7.51 8.74 10.12 10.06 9.33 7.96 6.33 4.36 2.89 0.99 0.00 0.00 0.00
0.00 0.00 0.00 0.00 0.00 0.00 0.00 2.15 17.02 31.49 40.29 55.00 66.16 119.37 119.41 113.63 112.53 91.13 63.38 38.03 15.14 0.00 0.00 0.00
0.00 0.00 0.00 0.00 0.00 0.00 0.00 2.75 11.78 20.45 31.35 40.51 46.98 49.47 50.15 47.30 43.29 35.65 25.66 14.28 6.32 0.00 0.00 0.00
0.00 0.00 0.00 0.00 0.00 0.00 0.00 0.59 2.66 4.66 7.10 9.16 10.64 11.27 11.36 10.70 9.62 7.81 5.61 3.30 1.45 0.00 0.00 0.00
0.00 0.00 0.00 0.00 0.00 0.00 0.00 0.72 3.42 6.02 8.91 11.53 13.32 14.13 14.11 13.45 12.33 10.16 7.34 4.35 1.87 0.00 0.00 0.00
0.00 0.00 0.00 0.00 0.00 0.00 0.00 1.15 5.47 9.63 14.26 18.45 21.30 22.61 22.58 21.52 19.73 16.26 11.75 6.97 2.99 0.00 0.00 0.00
0.00 0.00 0.00 0.00 0.00 0.00 0.00 5.63 100.14 192.60 302.04 395.87 461.82 511.68 527.54 520.08 487.54 403.53 295.97 174.20 81.07 0.00 0.00 0.00
