0.00 0.00 0.00 0.00 0.00 0.00 0.00 0.00 0.41 1.39 2.41 3.45 4.24 4.84 4.90 4.69 4.09 3.20 2.10 0.78 0.04 0.00 0.00 0.00
0.00 0.00 0.00 0.00 0.00 0.00 0.00 0.00 7.01 17.44 24.60 34.07 41.81 64.54 64.73 60.57 54.79 41.91 25.77 4.98 0.00 0.00 0.00 0.00
0.00 0.00 0.00 0.00 0.00 0.00 0.00 0.00 9.46 31.71 55.21 78.95 96.94 110.76 111.98 107.34 93.45 73.07 48.00 17.85 0.90 0.00 0.00 0.00
0.00 0.00 0.00 0.00 0.00 0.00 0.00 0.00 33.62 112.69 196.20 280.60 344.54 393.64 397.97 381.48 332.11 259.67 170.60 63.44 3.20 0.00 0.00 0.00
0.00 0.00 0.00 0.00 0.00 0.00 0.00 0.00 1.35 2.91 4.50 6.07 7.04 8.77 8.68 8.15 7.86 5.85 3.44 0.52 0.00 0.00 0.00 0.00
0.00 0.00 0.00 0.00 0.00 0.00 0.00 0.00 64.37 245.46 464.62 667.62 819.77 904.50 922.28 871.77 749.69 590.69 401.54 157.60 14.84 0.00 0.00 0.00
0.00 0.00 0.00 0.00 0.00 0.00 0.00 0.00 0.62 1.46 2.22 3.07 3.60 4.32 4.29 4.04 4.49 3.30 2.02 0.87 0.00 0.00 0.00 0.00
0.00 0.00 0.00 0.00 0.00 0.00 0.00 0.00 0.44 1.09 1.47 2.05 2.45 2.86 2.93 2.76 2.43 1.88 1.16 0.40 0.00 0.00 0.00 0.00
0.00 0.00 0.00 0.00 0.00 0.00 0.00 0.00 0.71 1.74 2.35 3.28 3.92 4.57 4.69 4.41 3.88 3.01 1.86 0.65 0.00 0.00 0.00 0.00
0.00 0.00 0.00 0.00 0.00 0.00 0.00 0.00 0.71 1.74 2.35 3.28 3.92 4.57 4.69 4.41 3.88 3.01 1.86 0.65 0.00 0.00 0.00 0.00
0.00 0.00 0.00 0.00 0.00 0.00 0.00 0.00 0.66 1.72 2.59 3.67 4.53 9.70 9.73 9.31 9.91 7.53 4.78 1.58 0.00 0.00 0.00 0.00
0.00 0.00 0.00 0.00 0.00 0.00 0.00 0.00 0.36 0.93 1.27 1.77 2.16 4.75 4.77 4.59 4.18 3.20 1.97 0.68 0.00 0.00 0.00 0.00
0.00 0.00 0.00 0.00 0.00 0.00 0.00 0.00 0.46 1.20 1.64 2.28 2.78 6.10 6.13 5.90 5.38 4.11 2.53 0.88 0.00 0.00 0.00 0.00
0.00 0.00 0.00 0.00 0.00 0.00 0.00 0.00 0.31 0.80 1.09 1.52 1.85 4.07 4.09 3.93 3.58 2.74 1.69 0.58 0.00 0.00 0.00 0.00
0.00 0.00 0.00 0.00 0.00 0.00 0.00 0.00 0.31 0.80 1.09 1.52 1.85 4.07 4.09 3.93 3.58 2.74 1.69 0.58 0.00 0.00 0.00 0.00
0.00 0.00 0.00 0.00 0.00 0.00 0.00 0.00 9.56 27.27 39.93 57.06 71.24 75.20 78.33 75.28 59.71 46.05 28.58 9.39 0.00 0.00 0.00 0.00
0.00 0.00 0.00 0.00 0.00 0.00 0.00 0.00 2.34 5.95 8.82 12.66 15.58 20.47 20.13 19.06 31.49 23.87 15.12 4.90 0.00 0.00 0.00 0.00
0.00 0.00 0.00 0.00 0.00 0.00 0.00 0.00 2.04 5.29 6.81 9.40 11.56 15.31 15.36 14.68 26.38 20.05 12.62 5.09 0.00 0.00 0.00 0.00
0.00 0.00 0.00 0.00 0.00 0.00 0.00 0.00 18.99 72.40 137.05 196.92 241.80 266.80 272.04 257.14 221.13 174.23 118.44 46.49 4.38 0.00 0.00 0.00
0.00 0.00 0.00 0.00 0.00 0.00 0.00 0.00 18.06 68.87 130.36 187.32 230.01 253.78 258.77 244.60 210.34 165.73 112.66 44.22 4.16 0.00 0.00 0.00
0.00 0.00 0.00 0.00 0.00 0.00 0.00 0.00 34.73 132.44 250.70 360.23 442.32 488.04 497.63 470.38 404.51 318.72 216.66 85.03 8.01 0.00 0.00 0.00
0.00 0.00 0.00 0.00 0.00 0.00 0.00 0.00 34.16 130.24 246.52 354.22 434.95 479.91 489.34 462.54 397.77 313.41 213.05 83.62 7.87 0.00 0.00 0.00
0.00 0.00 0.00 0.00 0.00 0.00 0.00 0.00 46.04 156.94 278.36 390.87 471.37 517.67 520.62 492.73 428.46 334.02 222.17 85.06 6.17 0.00 0.00 0.00
0.00 0.00 0.00 0.00 0.00 0.00 0.00 0.00 0.44 1.09 1.47 2.05 2.45 2.86 2.93 2.76 2.43 1.88 1.16 0.40 0.00 0.00 0.00 0.00
0.00 0.00 0.00 0.00 0.00 0.00 0.00 0.00 2.25 5.51 7.44 10.38 12.42 14.47 14.86 13.98 12.29 9.53 5.88 2.05 0.00 0.00 0.00 0.00
0.00 0.00 0.00 0.00 0.00 0.00 0.00 0.00 11.49 28.13 37.98 53.00 63.42 73.90 75.85 71.36 62.73 48.68 30.01 10.46 0.00 0.00 0.00 0.00
0.00 0.00 0.00 0.00 0.00 0.00 0.00 0.00 1.30 4.94 9.36 13.45 16.51 18.22 18.58 17.56 15.10 11.90 8.09 3.17 0.30 0.00 0.00 0.00
0.00 0.00 0.00 0.00 0.00 0.00 0.00 0.00 33.10 110.94 193.14 276.23 339.17 387.51 391.77 375.53 326.93 255.62 167.94 62.46 3.15 0.00 0.00 0.00
0.00 0.00 0.00 0.00 0.00 0.00 0.00 0.00 1.54 4.67 8.39 12.19 15.66 24.56 25.28 24.13 15.84 12.35 8.26 4.17 0.00 0.00 0.00 0.00
0.00 0.00 0.00 0.00 0.00 0.00 0.00 0.00 19.11 54.13 82.12 116.40 137.66 180.76 180.89 170.88 153.60 118.06 76.10 26.05 0.00 0.00 0.00 0.00
0.00 0.00 0.00 0.00 0.00 0.00 0.00 0.00 0.55 1.85 3.22 4.60 5.65 6.46 6.53 6.26 5.45 4.26 2.80 1.04 0.05 0.00 0.00 0.00
0.00 0.00 0.00 0.00 0.00 0.00 0.00 0.00 24.82 83.20 144.86 207.17 254.37 290.63 293.82 281.65 245.20 191.72 125.95 46.84 2.36 0.00 0.00 0.00
0.00 0.00 0.00 0.00 0.00 0.00 0.00 0.00 31.85 106.78 185.90 265.87 326.45 372.97 377.08 361.45 314.67 246.04 161.64 60.11 3.03 0.00 0.00 0.00
0.00 0.00 0.00 0.00 0.00 0.00 0.00 0.00 60.72 206.96 367.09 515.47 621.61 682.68 686.57 649.79 565.03 440.48 292.98 112.17 8.14 0.00 0.00 0.00
0.00 0.00 0.00 0.00 0.00 0.00 0.00 0.00 0.89 2.37 3.63 5.11 6.21 9.36 9.61 9.14 6.63 5.07 3.20 1.18 0.00 0.00 0.00 0.00
0.00 0.00 0.00 0.00 0.00 0.00 0.00 0.00 0.97 2.56 3.88 5.47 6.66 11.95 12.13 11.62 8.34 6.34 4.01 1.44 0.00 0.00 0.00 0.00
0.00 0.00 0.00 0.00 0.00 0.00 0.00 0.00 6.35 19.27 34.62 50.27 64.61 101.30 104.27 99.54 65.36 50.93 34.08 17.22 0.00 0.00 0.00 0.00
0.00 0.00 0.00 0.00 0.00 0.00 0.00 0.00 39.19 149.46 262.95 362.47 449.84 486.54 490.93 464.95 415.96 334.32 229.74 96.68 14.99 0.00 0.00 0.00
0.00 0.00 0.00 0.00 0.00 0.00 0.00 0.00 0.26 0.65 0.87 1.24 1.51 1.15 1.14 1.05 1.78 1.36 0.85 0.40 0.00 0.00 0.00 0.00
0.00 0.00 0.00 0.00 0.00 0.00 0.00 0.00 9.09 28.37 46.43 65.00 79.62 95.85 97.31 91.36 79.96 62.84 40.76 14.70 0.24 0.00 0.00 0.00
0.00 0.00 0.00 0.00 0.00 0.00 0.00 0.00 1.99 9.27 17.41 25.14 30.86 33.55 33.11 31.29 27.61 22.22 15.18 6.28 0.92 0.00 0.00 0.00
0.00 0.00 0.00 0.00 0.00 0.00 0.00 0.00 0.77 1.75 2.52 3.49 4.14 4.82 4.80 4.46 4.72 3.46 2.09 0.89 0.00 0.00 0.00 0.00
0.00 0.00 0.00 0.00 0.00 0.00 0.00 0.00 0.38 0.88 1.26 1.75 2.07 2.41 2.40 2.23 2.36 1.73 1.05 0.44 0.00 0.00 0.00 0.00
0.00 0.00 0.00 0.00 0.00 0.00 0.00 0.00 0.84 1.92 2.76 3.82 4.53 5.27 5.25 4.88 5.16 3.79 2.29 0.97 0.00 0.00 0.00 0.00
0.00 0.00 0.00 0.00 0.00 0.00 0.00 0.00 0.92 2.12 3.07 4.30 5.14 6.22 6.15 5.73 6.16 4.47 2.73 1.08 0.00 0.00 0.00 0.00
0.00 0.00 0.00 0.00 0.00 0.00 0.00 0.00 1.40 3.23 4.68 6.55 7.84 9.48 9.38 8.73 9.39 6.82 4.15 1.64 0.00 0.00 0.00 0.00
0.00 0.00 0.00 0.00 0.00 0.00 0.00 0.00 1.25 2.93 4.44 6.15 7.30 8.85 8.84 8.21 9.57 7.11 4.36 1.81 0.00 0.00 0.00 0.00
0.00 0.00 0.00 0.00 0.00 0.00 0.00 0.00 1.76 4.61 6.82 9.42 11.46 13.73 13.49 12.65 11.86 9.11 5.73 1.85 0.00 0.00 0.00 0.00
0.00 0.00 0.00 0.00 0.00 0.00 0.00 0.00 4.54 11.91 17.61 24.34 29.62 35.48 34.86 32.68 30.65 23.54 14.80 4.78 0.00 0.00 0.00 0.00
0.00 0.00 0.00 0.00 0.00 0.00 0.00 0.00 0.90 2.45 3.71 5.25 6.38 8.61 8.52 8.03 8.26 6.23 3.93 1.29 0.00 0.00 0.00 0.00
0.00 0.00 0.00 0.00 0.00 0.00 0.00 0.00 1.52 3.64 4.96 6.85 8.31 8.20 8.11 7.54 7.26 5.57 3.45 1.65 0.00 0.00 0.00 0.00
0.00 0.00 0.00 0.00 0.00 0.00 0.00 0.00 2.03 4.82 6.43 8.86 10.62 16.41 16.31 15.32 19.67 14.81 8.88 3.05 0.00 0.00 0.00 0.00
0.00 0.00 0.00 0.00 0.00 0.00 0.00 0.00 0.41 0.89 1.35 1.83 2.14 2.65 2.61 2.50 2.17 1.61 0.96 0.20 0.00 0.00 0.00 0.00
0.00 0.00 0.00 0.00 0.00 0.00 0.00 0.00 3.37 7.65 11.45 15.46 18.46 12.12 12.10 11.43 10.76 8.09 4.95 1.14 0.00 0.00 0.00 0.00
0.00 0.00 0.00 0.00 0.00 0.00 0.00 0.00 2.02 4.48 6.54 8.84 10.30 9.77 9.89 9.43 6.49 4.85 2.91 0.66 0.00 0.00 0.00 0.00
0.00 0.00 0.00 0.00 0.00 0.00 0.00 0.00 2.79 6.18 9.03 12.20 14.22 13.49 13.65 13.01 8.95 6.70 4.02 0.92 0.00 0.00 0.00 0.00
0.00 0.00 0.00 0.00 0.00 0.00 0.00 0.00 1.90 4.21 6.15 8.31 9.68 9.19 9.30 8.86 6.10 4.56 2.74 0.62 0.00 0.00 0.00 0.00
0.00 0.00 0.00 0.00 0.00 0.00 0.00 0.00 1.80 4.08 6.11 8.25 9.85 6.47 6.46 6.10 5.74 4.31 2.64 0.61 0.00 0.00 0.00 0.00
0.00 0.00 0.00 0.00 0.00 0.00 0.00 0.00 1.36 2.96 4.17 5.63 6.47 7.65 7.51 7.04 6.23 4.65 2.76 0.48 0.00 0.00 0.00 0.00
0.00 0.00 0.00 0.00 0.00 0.00 0.00 0.00 1.27 3.12 4.21 5.87 7.03 8.19 8.41 7.91 6.95 5.39 3.33 1.16 0.00 0.00 0.00 0.00
0.00 0.00 0.00 0.00 0.00 0.00 0.00 0.00 12.45 35.50 51.97 74.27 92.72 97.88 101.96 97.98 77.72 59.94 37.20 12.22 0.00 0.00 0.00 0.00
0.00 0.00 0.00 0.00 0.00 0.00 0.00 0.00 0.75 1.95 2.94 4.16 5.13 11.00 11.03 10.56 11.23 8.54 5.41 1.79 0.00 0.00 0.00 0.00
0.00 0.00 0.00 0.00 0.00 0.00 0.00 0.00 2.16 5.35 5.82 8.08 9.89 9.90 9.76 9.18 14.89 11.48 7.25 2.07 0.00 0.00 0.00 0.00
0.00 0.00 0.00 0.00 0.00 0.00 0.00 0.00 0.99 2.45 2.67 3.70 4.53 4.54 4.47 4.21 6.83 5.26 3.32 0.95 0.00 0.00 0.00 0.00
0.00 0.00 0.00 0.00 0.00 0.00 0.00 0.00 0.87 2.27 3.54 5.07 6.26 12.79 12.78 12.18 15.05 11.44 7.33 2.27 0.00 0.00 0.00 0.00
0.00 0.00 0.00 0.00 0.00 0.00 0.00 0.00 0.63 1.57 2.12 3.01 3.67 2.79 2.76 2.56 4.32 3.31 2.08 0.98 0.00 0.00 0.00 0.00
0.00 0.00 0.00 0.00 0.00 0.00 0.00 0.00 6.57 19.95 35.85 52.04 66.90 104.88 107.96 103.06 67.67 52.73 35.28 17.83 0.00 0.00 0.00 0.00
0.00 0.00 0.00 0.00 0.00 0.00 0.00 0.00 4.57 12.94 19.64 27.83 32.92 43.23 43.26 40.86 36.73 28.23 18.20 6.23 0.00 0.00 0.00 0.00
0.00 0.00 0.00 0.00 0.00 0.00 0.00 0.00 0.88 2.52 3.81 5.44 6.53 9.43 9.64 9.05 8.33 6.46 4.19 1.43 0.00 0.00 0.00 0.00
0.00 0.00 0.00 0.00 0.00 0.00 0.00 0.00 0.97 2.79 3.95 5.59 6.86 10.38 10.47 9.87 10.72 8.21 5.29 1.77 0.00 0.00 0.00 0.00
0.00 0.00 0.00 0.00 0.00 0.00 0.00 0.00 1.56 4.47 6.31 8.94 10.98 16.61 16.75 15.79 17.15 13.14 8.46 2.83 0.00 0.00 0.00 0.00
0.00 0.00 0.00 0.00 0.00 0.00 0.00 0.00 35.31 134.65 254.87 366.23 449.70 496.18 505.93 478.22 411.25 324.03 220.27 86.45 8.14 0.00 0.00 0.00
