0.00 0.00 0.00 0.00 0.00 0.00 0.00 0.00 0.39 1.27 2.28 3.16 3.92 4.40 4.52 4.29 3.70 2.78 1.70 0.41 0.00 0.00 0.00 0.00
0.00 0.00 0.00 0.00 0.00 0.00 0.00 0.00 11.48 27.49 28.04 36.26 44.01 46.51 45.19 41.75 54.23 39.29 23.78 3.09 0.00 0.00 0.00 0.00
0.00 0.00 0.00 0.00 0.00 0.00 0.00 0.00 9.01 29.14 52.08 72.34 89.53 100.72 103.33 98.11 84.61 63.55 38.83 9.36 0.00 0.00 0.00 0.00
0.00 0.00 0.00 0.00 0.00 0.00 0.00 0.00 32.02 103.55 185.10 257.08 318.20 357.94 367.22 348.69 300.71 225.87 138.02 33.26 0.00 0.00 0.00 0.00
0.00 0.00 0.00 0.00 0.00 0.00 0.00 0.00 1.00 2.12 3.77 4.83 5.57 10.67 10.32 9.38 6.62 4.71 2.79 0.21 0.00 0.00 0.00 0.00
0.00 0.00 0.00 0.00 0.00 0.00 0.00 0.00 61.87 223.71 413.99 578.35 714.26 781.99 802.14 780.52 499.91 377.00 232.73 74.66 0.00 0.00 0.00 0.00
0.00 0.00 0.00 0.00 0.00 0.00 0.00 0.00 1.31 3.00 4.88 6.43 7.68 7.69 7.76 7.17 5.24 3.80 2.28 0.40 0.00 0.00 0.00 0.00
0.00 0.00 0.00 0.00 0.00 0.00 0.00 0.00 0.47 1.12 1.73 2.30 2.69 3.91 3.85 3.58 2.24 1.64 0.97 0.20 0.00 0.00 0.00 0.00
0.00 0.00 0.00 0.00 0.00 0.00 0.00 0.00 0.75 1.79 2.77 3.68 4.30 6.26 6.16 5.73 3.59 2.63 1.55 0.33 0.00 0.00 0.00 0.00
0.00 0.00 0.00 0.00 0.00 0.00 0.00 0.00 0.75 1.79 2.77 3.68 4.30 6.26 6.16 5.73 3.59 2.63 1.55 0.33 0.00 0.00 0.00 0.00
0.00 0.00 0.00 0.00 0.00 0.00 0.00 0.00 2.58 6.44 10.77 14.49 17.53 15.81 15.97 14.88 8.40 6.05 3.55 0.78 0.00 0.00 0.00 0.00
0.00 0.00 0.00 0.00 0.00 0.00 0.00 0.00 1.21 3.02 5.08 6.90 8.36 7.21 7.19 6.68 3.75 2.70 1.57 0.36 0.00 0.00 0.00 0.00
0.00 0.00 0.00 0.00 0.00 0.00 0.00 0.00 1.56 3.89 6.53 8.87 10.74 9.28 9.24 8.59 4.82 3.48 2.02 0.46 0.00 0.00 0.00 0.00
0.00 0.00 0.00 0.00 0.00 0.00 0.00 0.00 1.04 2.59 4.36 5.91 7.16 6.18 6.16 5.73 3.22 2.32 1.35 0.31 0.00 0.00 0.00 0.00
0.00 0.00 0.00 0.00 0.00 0.00 0.00 0.00 1.04 2.59 4.36 5.91 7.16 6.18 6.16 5.73 3.22 2.32 1.35 0.31 0.00 0.00 0.00 0.00
0.00 0.00 0.00 0.00 0.00 0.00 0.00 0.00 13.51 36.35 62.61 83.99 100.16 111.71 111.84 104.51 84.92 62.51 36.12 6.65 0.00 0.00 0.00 0.00
0.00 0.00 0.00 0.00 0.00 0.00 0.00 0.00 7.88 19.32 32.12 42.87 51.65 47.80 48.17 44.66 25.72 18.53 10.92 2.35 0.00 0.00 0.00 0.00
0.00 0.00 0.00 0.00 0.00 0.00 0.00 0.00 6.40 15.98 26.76 35.64 42.58 43.85 43.38 40.74 27.88 20.55 12.33 2.45 0.00 0.00 0.00 0.00
0.00 0.00 0.00 0.00 0.00 0.00 0.00 0.00 18.25 65.99 122.11 170.59 210.68 230.66 236.60 230.22 147.45 111.20 68.65 22.02 0.00 0.00 0.00 0.00
0.00 0.00 0.00 0.00 0.00 0.00 0.00 0.00 17.36 62.77 116.16 162.27 200.40 219.41 225.06 218.99 140.26 105.78 65.30 20.95 0.00 0.00 0.00 0.00
0.00 0.00 0.00 0.00 0.00 0.00 0.00 0.00 33.38 120.71 223.38 312.06 385.39 421.94 432.81 421.14 269.73 203.42 125.58 40.28 0.00 0.00 0.00 0.00
0.00 0.00 0.00 0.00 0.00 0.00 0.00 0.00 32.83 118.70 219.65 306.86 378.97 414.90 425.59 414.12 265.24 200.02 123.48 39.61 0.00 0.00 0.00 0.00
0.00 0.00 0.00 0.00 0.00 0.00 0.00 0.00 30.06 99.76 241.07 333.37 415.33 454.24 466.18 440.72 388.54 294.14 180.87 44.62 0.00 0.00 0.00 0.00
0.00 0.00 0.00 0.00 0.00 0.00 0.00 0.00 0.47 1.12 1.73 2.30 2.69 3.91 3.85 3.58 2.24 1.64 0.97 0.20 0.00 0.00 0.00 0.00
0.00 0.00 0.00 0.00 0.00 0.00 0.00 0.00 2.38 5.65 8.78 11.64 13.63 19.81 19.49 18.14 11.37 8.33 4.90 1.03 0.00 0.00 0.00 0.00
0.00 0.00 0.00 0.00 0.00 0.00 0.00 0.00 12.14 28.86 44.82 59.42 69.56 101.13 99.52 92.62 58.04 42.53 25.03 5.28 0.00 0.00 0.00 0.00
0.00 0.00 0.00 0.00 0.00 0.00 0.00 0.00 1.25 4.51 8.34 11.65 14.39 15.75 16.16 15.72 10.07 7.59 4.69 1.50 0.00 0.00 0.00 0.00
0.00 0.00 0.00 0.00 0.00 0.00 0.00 0.00 31.52 101.94 182.21 253.07 313.24 352.36 361.49 343.25 296.03 222.35 135.87 32.74 0.00 0.00 0.00 0.00
0.00 0.00 0.00 0.00 0.00 0.00 0.00 0.00 3.24 9.34 15.89 21.92 27.05 19.04 19.12 17.86 16.38 11.98 7.51 1.92 0.00 0.00 0.00 0.00
0.00 0.00 0.00 0.00 0.00 0.00 0.00 0.00 19.68 54.76 94.18 128.83 156.30 172.72 176.97 164.89 136.83 103.30 61.88 12.16 0.00 0.00 0.00 0.00
0.00 0.00 0.00 0.00 0.00 0.00 0.00 0.00 0.53 1.70 3.04 4.22 5.22 5.87 6.02 5.72 4.93 3.71 2.26 0.55 0.00 0.00 0.00 0.00
0.00 0.00 0.00 0.00 0.00 0.00 0.00 0.00 23.64 76.45 136.66 189.80 234.93 264.27 271.12 257.44 222.02 166.76 101.90 24.55 0.00 0.00 0.00 0.00
0.00 0.00 0.00 0.00 0.00 0.00 0.00 0.00 30.34 98.12 175.38 243.58 301.49 339.15 347.94 330.38 284.92 214.01 130.77 31.51 0.00 0.00 0.00 0.00
0.00 0.00 0.00 0.00 0.00 0.00 0.00 0.00 39.64 131.56 317.91 439.63 547.72 599.02 614.78 581.20 512.38 387.89 238.52 58.84 0.00 0.00 0.00 0.00
0.00 0.00 0.00 0.00 0.00 0.00 0.00 0.00 1.84 4.70 8.02 10.88 13.24 12.04 12.04 11.16 8.06 5.87 3.44 0.56 0.00 0.00 0.00 0.00
0.00 0.00 0.00 0.00 0.00 0.00 0.00 0.00 2.32 5.90 10.08 13.69 16.65 14.81 14.79 13.66 8.50 6.20 3.61 0.68 0.00 0.00 0.00 0.00
0.00 0.00 0.00 0.00 0.00 0.00 0.00 0.00 13.39 38.55 65.53 90.42 111.57 78.55 78.87 73.66 67.57 49.40 30.96 7.92 0.00 0.00 0.00 0.00
0.00 0.00 0.00 0.00 0.00 0.00 0.00 0.00 31.56 119.71 226.57 312.21 388.87 444.49 458.53 432.82 375.27 287.66 181.43 49.75 0.00 0.00 0.00 0.00
0.00 0.00 0.00 0.00 0.00 0.00 0.00 0.00 0.63 1.51 2.48 3.36 4.05 3.74 3.75 3.44 2.23 1.62 0.96 0.20 0.00 0.00 0.00 0.00
0.00 0.00 0.00 0.00 0.00 0.00 0.00 0.00 8.38 25.47 45.87 63.14 77.33 86.68 87.93 83.30 72.76 54.21 32.44 7.63 0.00 0.00 0.00 0.00
0.00 0.00 0.00 0.00 0.00 0.00 0.00 0.00 1.80 7.73 14.64 20.83 25.96 29.05 29.56 27.75 24.11 18.31 11.77 3.38 0.00 0.00 0.00 0.00
0.00 0.00 0.00 0.00 0.00 0.00 0.00 0.00 1.57 3.53 5.60 7.27 8.64 8.54 8.65 8.04 5.84 4.18 2.51 0.41 0.00 0.00 0.00 0.00
0.00 0.00 0.00 0.00 0.00 0.00 0.00 0.00 0.79 1.76 2.80 3.64 4.32 4.27 4.32 4.02 2.92 2.09 1.26 0.21 0.00 0.00 0.00 0.00
0.00 0.00 0.00 0.00 0.00 0.00 0.00 0.00 1.72 3.86 6.13 7.96 9.45 9.34 9.46 8.79 6.39 4.57 2.75 0.45 0.00 0.00 0.00 0.00
0.00 0.00 0.00 0.00 0.00 0.00 0.00 0.00 2.04 4.61 7.47 9.74 11.49 11.10 11.06 10.43 7.67 5.54 3.32 0.53 0.00 0.00 0.00 0.00
0.00 0.00 0.00 0.00 0.00 0.00 0.00 0.00 3.11 7.02 11.39 14.84 17.50 16.91 16.86 15.89 11.69 8.44 5.06 0.80 0.00 0.00 0.00 0.00
0.00 0.00 0.00 0.00 0.00 0.00 0.00 0.00 2.63 6.05 9.84 13.02 15.43 15.47 15.52 14.46 10.64 7.71 4.64 0.86 0.00 0.00 0.00 0.00
0.00 0.00 0.00 0.00 0.00 0.00 0.00 0.00 1.77 4.59 7.76 10.45 12.72 13.74 13.96 13.25 10.44 7.60 4.50 0.88 0.00 0.00 0.00 0.00
0.00 0.00 0.00 0.00 0.00 0.00 0.00 0.00 4.58 11.87 20.05 27.00 32.87 35.50 36.07 34.23 26.98 19.63 11.62 2.26 0.00 0.00 0.00 0.00
0.00 0.00 0.00 0.00 0.00 0.00 0.00 0.00 1.17 3.10 5.18 7.10 8.64 9.30 9.32 8.66 7.02 5.20 3.09 0.63 0.00 0.00 0.00 0.00
0.00 0.00 0.00 0.00 0.00 0.00 0.00 0.00 2.93 6.80 10.87 14.62 17.32 15.09 15.15 13.73 10.80 7.73 4.55 0.77 0.00 0.00 0.00 0.00
0.00 0.00 0.00 0.00 0.00 0.00 0.00 0.00 4.82 11.15 18.28 24.24 29.18 28.31 28.19 26.01 20.38 14.80 8.72 1.45 0.00 0.00 0.00 0.00
0.00 0.00 0.00 0.00 0.00 0.00 0.00 0.00 0.36 0.76 1.40 1.77 2.04 2.73 2.69 2.47 1.95 1.37 0.81 0.10 0.00 0.00 0.00 0.00
0.00 0.00 0.00 0.00 0.00 0.00 0.00 0.00 1.85 4.13 8.42 10.92 12.96 21.09 20.63 18.91 14.03 9.89 5.85 0.53 0.00 0.00 0.00 0.00
0.00 0.00 0.00 0.00 0.00 0.00 0.00 0.00 1.26 2.75 4.57 5.87 6.79 12.63 12.35 11.47 8.75 6.27 3.71 0.36 0.00 0.00 0.00 0.00
0.00 0.00 0.00 0.00 0.00 0.00 0.00 0.00 1.74 3.79 6.31 8.10 9.37 17.43 17.04 15.83 12.08 8.65 5.12 0.49 0.00 0.00 0.00 0.00
0.00 0.00 0.00 0.00 0.00 0.00 0.00 0.00 1.19 2.58 4.30 5.52 6.38 11.87 11.61 10.78 8.23 5.89 3.49 0.34 0.00 0.00 0.00 0.00
0.00 0.00 0.00 0.00 0.00 0.00 0.00 0.00 0.99 2.20 4.49 5.83 6.91 11.25 11.00 10.09 7.48 5.27 3.12 0.28 0.00 0.00 0.00 0.00
0.00 0.00 0.00 0.00 0.00 0.00 0.00 0.00 0.91 1.94 3.32 4.32 5.01 9.28 9.04 8.25 6.77 4.82 2.85 0.22 0.00 0.00 0.00 0.00
0.00 0.00 0.00 0.00 0.00 0.00 0.00 0.00 1.34 3.20 4.97 6.58 7.71 11.21 11.03 10.26 6.43 4.71 2.77 0.59 0.00 0.00 0.00 0.00
0.00 0.00 0.00 0.00 0.00 0.00 0.00 0.00 17.58 47.31 81.49 109.32 130.37 145.40 145.57 136.03 110.53 81.36 47.01 8.66 0.00 0.00 0.00 0.00
0.00 0.00 0.00 0.00 0.00 0.00 0.00 0.00 2.92 7.30 12.20 16.42 19.87 17.92 18.09 16.87 9.52 6.86 4.02 0.89 0.00 0.00 0.00 0.00
0.00 0.00 0.00 0.00 0.00 0.00 0.00 0.00 4.57 10.95 17.65 23.79 28.31 19.43 19.29 17.89 12.74 9.07 5.39 1.08 0.00 0.00 0.00 0.00
0.00 0.00 0.00 0.00 0.00 0.00 0.00 0.00 2.09 5.02 8.09 10.90 12.97 8.91 8.84 8.20 5.84 4.16 2.47 0.50 0.00 0.00 0.00 0.00
0.00 0.00 0.00 0.00 0.00 0.00 0.00 0.00 3.60 9.00 15.05 20.16 24.37 22.45 22.76 21.18 11.87 8.58 5.06 1.08 0.00 0.00 0.00 0.00
0.00 0.00 0.00 0.00 0.00 0.00 0.00 0.00 1.53 3.67 6.03 8.16 9.84 9.09 9.11 8.35 5.42 3.94 2.33 0.48 0.00 0.00 0.00 0.00
0.00 0.00 0.00 0.00 0.00 0.00 0.00 0.00 13.86 39.91 67.85 93.62 115.51 81.32 81.66 76.26 69.96 51.15 32.06 8.20 0.00 0.00 0.00 0.00
0.00 0.00 0.00 0.00 0.00 0.00 0.00 0.00 4.71 13.10 22.52 30.81 37.38 41.30 42.32 39.43 32.72 24.70 14.80 2.91 0.00 0.00 0.00 0.00
0.00 0.00 0.00 0.00 0.00 0.00 0.00 0.00 1.06 2.97 5.08 6.89 8.37 9.26 9.48 8.96 7.35 5.43 3.31 0.67 0.00 0.00 0.00 0.00
0.00 0.00 0.00 0.00 0.00 0.00 0.00 0.00 1.34 3.73 6.39 8.81 10.83 12.06 11.97 11.11 9.31 6.80 4.12 0.85 0.00 0.00 0.00 0.00
0.00 0.00 0.00 0.00 0.00 0.00 0.00 0.00 2.14 5.96 10.22 14.09 17.33 19.30 19.15 17.77 14.89 10.88 6.59 1.36 0.00 0.00 0.00 0.00
0.00 0.00 0.00 0.00 0.00 0.00 0.00 0.00 33.94 122.72 227.10 317.26 391.81 428.97 440.02 428.16 274.23 206.81 127.67 40.95 0.00 0.00 0.00 0.00
