0.00 0.00 0.00 0.00 0.00 0.00 0.00 0.00 0.52 1.39 2.36 3.24 4.00 4.40 4.53 4.34 3.41 2.64 1.72 0.66 0.05 0.00 0.00 0.00
0.00 0.00 0.00 0.00 0.00 0.00 0.00 0.00 13.91 30.45 46.48 59.68 72.34 83.40 81.71 76.49 65.92 49.35 32.15 8.10 0.00 0.00 0.00 0.00
0.00 0.00 0.00 0.00 0.00 0.00 0.00 0.00 11.99 31.76 53.97 74.10 91.48 100.55 103.65 99.33 78.07 60.36 39.22 15.04 1.17 0.00 0.00 0.00
0.00 0.00 0.00 0.00 0.00 0.00 0.00 0.00 42.61 112.87 191.80 263.36 325.11 357.35 368.35 353.02 277.45 214.53 139.37 53.45 4.16 0.00 0.00 0.00
0.00 0.00 0.00 0.00 0.00 0.00 0.00 0.00 3.02 5.91 7.75 9.84 11.35 9.06 8.87 8.20 7.47 5.51 3.56 1.36 0.00 0.00 0.00 0.00
0.00 0.00 0.00 0.00 0.00 0.00 0.00 0.00 84.02 241.92 427.37 591.33 729.68 801.72 825.58 809.95 537.35 416.33 272.05 100.78 11.70 0.00 0.00 0.00
0.00 0.00 0.00 0.00 0.00 0.00 0.00 0.00 1.61 3.32 5.06 6.63 7.92 8.54 8.67 8.12 7.00 5.27 3.43 0.93 0.00 0.00 0.00 0.00
0.00 0.00 0.00 0.00 0.00 0.00 0.00 0.00 0.87 1.87 2.61 3.45 4.04 3.94 3.92 3.70 3.34 2.53 1.60 0.55 0.00 0.00 0.00 0.00
0.00 0.00 0.00 0.00 0.00 0.00 0.00 0.00 1.39 2.99 4.18 5.52 6.46 6.30 6.27 5.93 5.35 4.04 2.56 0.88 0.00 0.00 0.00 0.00
0.00 0.00 0.00 0.00 0.00 0.00 0.00 0.00 1.39 2.99 4.18 5.52 6.46 6.30 6.27 5.93 5.35 4.04 2.56 0.88 0.00 0.00 0.00 0.00
0.00 0.00 0.00 0.00 0.00 0.00 0.00 0.00 3.10 6.93 10.97 14.66 17.75 16.74 17.01 16.03 13.05 9.71 6.12 2.13 0.00 0.00 0.00 0.00
0.00 0.00 0.00 0.00 0.00 0.00 0.00 0.00 1.46 3.26 5.06 6.83 8.27 7.52 7.54 7.08 5.76 4.29 2.68 1.03 0.00 0.00 0.00 0.00
0.00 0.00 0.00 0.00 0.00 0.00 0.00 0.00 1.87 4.19 6.51 8.78 10.63 9.67 9.69 9.11 7.40 5.51 3.44 1.32 0.00 0.00 0.00 0.00
0.00 0.00 0.00 0.00 0.00 0.00 0.00 0.00 1.25 2.79 4.34 5.85 7.09 6.45 6.46 6.07 4.94 3.68 2.30 0.88 0.00 0.00 0.00 0.00
0.00 0.00 0.00 0.00 0.00 0.00 0.00 0.00 1.25 2.79 4.34 5.85 7.09 6.45 6.46 6.07 4.94 3.68 2.30 0.88 0.00 0.00 0.00 0.00
0.00 0.00 0.00 0.00 0.00 0.00 0.00 0.00 15.87 38.47 64.06 85.46 101.92 113.49 114.40 108.06 86.93 65.95 40.63 12.74 0.00 0.00 0.00 0.00
0.00 0.00 0.00 0.00 0.00 0.00 0.00 0.00 9.42 20.72 32.66 43.32 52.20 51.85 52.59 49.29 38.82 28.91 18.34 6.09 0.00 0.00 0.00 0.00
0.00 0.00 0.00 0.00 0.00 0.00 0.00 0.00 7.73 17.17 27.49 36.36 43.45 46.12 45.93 43.62 34.16 26.00 16.77 4.68 0.00 0.00 0.00 0.00
0.00 0.00 0.00 0.00 0.00 0.00 0.00 0.00 24.78 71.36 126.06 174.42 215.23 236.48 243.52 238.91 158.50 122.80 80.24 29.73 3.45 0.00 0.00 0.00
0.00 0.00 0.00 0.00 0.00 0.00 0.00 0.00 23.57 67.88 119.91 165.91 204.73 224.94 231.64 227.25 150.77 116.81 76.33 28.28 3.28 0.00 0.00 0.00
0.00 0.00 0.00 0.00 0.00 0.00 0.00 0.00 45.33 130.53 230.60 319.06 393.71 432.58 445.46 437.02 289.94 224.64 146.79 54.38 6.31 0.00 0.00 0.00
0.00 0.00 0.00 0.00 0.00 0.00 0.00 0.00 44.58 128.35 226.75 313.74 387.15 425.37 438.03 429.74 285.10 220.89 144.34 53.47 6.21 0.00 0.00 0.00
0.00 0.00 0.00 0.00 0.00 0.00 0.00 0.00 54.42 144.90 247.10 338.27 421.09 459.23 473.96 452.64 321.81 251.02 164.24 68.46 6.91 0.00 0.00 0.00
0.00 0.00 0.00 0.00 0.00 0.00 0.00 0.00 0.87 1.87 2.61 3.45 4.04 3.94 3.92 3.70 3.34 2.53 1.60 0.55 0.00 0.00 0.00 0.00
0.00 0.00 0.00 0.00 0.00 0.00 0.00 0.00 4.39 9.47 13.24 17.46 20.47 19.96 19.86 18.77 16.94 12.81 8.11 2.78 0.00 0.00 0.00 0.00
0.00 0.00 0.00 0.00 0.00 0.00 0.00 0.00 22.41 48.32 67.59 89.16 104.50 101.90 101.38 95.81 86.50 65.39 41.40 14.18 0.00 0.00 0.00 0.00
0.00 0.00 0.00 0.00 0.00 0.00 0.00 0.00 1.69 4.87 8.61 11.91 14.70 16.15 16.63 16.32 10.82 8.39 5.48 2.03 0.24 0.00 0.00 0.00
0.00 0.00 0.00 0.00 0.00 0.00 0.00 0.00 41.94 111.11 188.81 259.26 320.04 351.78 362.61 347.51 273.13 211.19 137.20 52.61 4.10 0.00 0.00 0.00
0.00 0.00 0.00 0.00 0.00 0.00 0.00 0.00 4.03 10.06 16.67 22.78 28.05 31.13 31.28 29.35 24.52 18.50 12.38 4.29 0.00 0.00 0.00 0.00
0.00 0.00 0.00 0.00 0.00 0.00 0.00 0.00 25.19 59.30 95.90 129.88 157.36 171.53 176.98 166.85 138.17 107.74 69.18 26.49 0.05 0.00 0.00 0.00
0.00 0.00 0.00 0.00 0.00 0.00 0.00 0.00 0.70 1.85 3.15 4.32 5.33 5.86 6.04 5.79 4.55 3.52 2.29 0.88 0.07 0.00 0.00 0.00
0.00 0.00 0.00 0.00 0.00 0.00 0.00 0.00 31.46 83.34 141.61 194.44 240.03 263.83 271.95 260.64 204.85 158.39 102.90 39.46 3.07 0.00 0.00 0.00
0.00 0.00 0.00 0.00 0.00 0.00 0.00 0.00 40.37 106.95 181.73 249.54 308.04 338.59 349.01 334.48 262.89 203.27 132.06 50.64 3.94 0.00 0.00 0.00
0.00 0.00 0.00 0.00 0.00 0.00 0.00 0.00 71.77 191.09 325.86 446.10 555.31 605.61 625.03 596.91 424.38 331.04 216.60 90.29 9.11 0.00 0.00 0.00
0.00 0.00 0.00 0.00 0.00 0.00 0.00 0.00 2.21 5.04 7.85 10.58 12.88 11.83 11.91 11.15 9.20 6.92 4.35 1.47 0.00 0.00 0.00 0.00
0.00 0.00 0.00 0.00 0.00 0.00 0.00 0.00 2.79 6.33 9.89 13.34 16.23 15.02 15.10 14.10 11.12 8.37 5.24 1.86 0.00 0.00 0.00 0.00
0.00 0.00 0.00 0.00 0.00 0.00 0.00 0.00 16.62 41.52 68.75 93.98 115.69 128.42 129.02 121.06 101.13 76.30 51.05 17.69 0.00 0.00 0.00 0.00
0.00 0.00 0.00 0.00 0.00 0.00 0.00 0.00 28.80 81.19 201.28 273.93 340.74 439.38 455.69 434.56 322.05 254.44 170.58 99.91 18.36 0.00 0.00 0.00
0.00 0.00 0.00 0.00 0.00 0.00 0.00 0.00 0.75 1.62 2.49 3.35 4.04 4.04 4.07 3.77 2.91 2.19 1.39 0.43 0.00 0.00 0.00 0.00
0.00 0.00 0.00 0.00 0.00 0.00 0.00 0.00 11.30 28.51 47.20 64.25 78.49 86.73 88.45 84.63 69.64 53.49 34.14 13.99 0.69 0.00 0.00 0.00
0.00 0.00 0.00 0.00 0.00 0.00 0.00 0.00 2.60 8.42 15.21 21.42 26.64 28.85 29.49 27.92 19.33 15.06 10.20 3.97 0.65 0.00 0.00 0.00
0.00 0.00 0.00 0.00 0.00 0.00 0.00 0.00 1.93 3.90 5.82 7.51 8.92 9.63 9.83 9.25 7.92 5.88 3.85 1.00 0.00 0.00 0.00 0.00
0.00 0.00 0.00 0.00 0.00 0.00 0.00 0.00 0.97 1.95 2.91 3.75 4.46 4.82 4.91 4.63 3.96 2.94 1.93 0.50 0.00 0.00 0.00 0.00
0.00 0.00 0.00 0.00 0.00 0.00 0.00 0.00 2.11 4.27 6.37 8.21 9.75 10.54 10.75 10.12 8.66 6.44 4.21 1.10 0.00 0.00 0.00 0.00
0.00 0.00 0.00 0.00 0.00 0.00 0.00 0.00 2.49 5.05 7.75 10.02 11.82 12.72 12.77 12.18 10.45 7.84 5.12 1.33 0.00 0.00 0.00 0.00
0.00 0.00 0.00 0.00 0.00 0.00 0.00 0.00 3.79 7.70 11.81 15.27 18.01 19.38 19.45 18.56 15.93 11.94 7.79 2.03 0.00 0.00 0.00 0.00
0.00 0.00 0.00 0.00 0.00 0.00 0.00 0.00 3.24 6.68 10.19 13.39 15.87 17.25 17.43 16.44 14.23 10.71 6.99 1.90 0.00 0.00 0.00 0.00
0.00 0.00 0.00 0.00 0.00 0.00 0.00 0.00 2.24 5.00 7.93 10.58 12.86 14.13 14.47 13.90 11.83 8.91 5.68 1.79 0.00 0.00 0.00 0.00
0.00 0.00 0.00 0.00 0.00 0.00 0.00 0.00 5.79 12.90 20.50 27.33 33.22 36.51 37.38 35.92 30.57 23.02 14.68 4.61 0.00 0.00 0.00 0.00
0.00 0.00 0.00 0.00 0.00 0.00 0.00 0.00 1.47 3.35 5.30 7.20 8.75 9.48 9.57 9.00 7.85 6.01 3.84 1.25 0.00 0.00 0.00 0.00
0.00 0.00 0.00 0.00 0.00 0.00 0.00 0.00 3.56 7.46 11.34 15.15 17.95 16.82 17.01 15.59 12.86 9.53 6.08 1.60 0.00 0.00 0.00 0.00
0.00 0.00 0.00 0.00 0.00 0.00 0.00 0.00 5.74 11.98 18.76 24.72 29.77 32.55 32.61 30.43 25.54 19.22 12.27 3.19 0.00 0.00 0.00 0.00
0.00 0.00 0.00 0.00 0.00 0.00 0.00 0.00 0.95 1.85 2.69 3.37 3.88 3.08 3.07 2.86 2.22 1.62 1.05 0.50 0.00 0.00 0.00 0.00
0.00 0.00 0.00 0.00 0.00 0.00 0.00 0.00 5.18 10.55 14.04 18.15 21.58 15.28 15.11 14.08 18.54 13.52 8.67 2.65 0.00 0.00 0.00 0.00
0.00 0.00 0.00 0.00 0.00 0.00 0.00 0.00 3.54 7.06 10.48 13.36 15.43 10.06 9.97 9.44 10.61 7.87 5.06 1.72 0.00 0.00 0.00 0.00
0.00 0.00 0.00 0.00 0.00 0.00 0.00 0.00 4.88 9.75 14.46 18.44 21.30 13.88 13.76 13.03 14.65 10.86 6.98 2.37 0.00 0.00 0.00 0.00
0.00 0.00 0.00 0.00 0.00 0.00 0.00 0.00 3.33 6.64 9.85 12.56 14.51 9.46 9.37 8.87 9.98 7.40 4.75 1.61 0.00 0.00 0.00 0.00
0.00 0.00 0.00 0.00 0.00 0.00 0.00 0.00 2.76 5.63 7.49 9.68 11.51 8.15 8.06 7.51 9.89 7.21 4.63 1.41 0.00 0.00 0.00 0.00
0.00 0.00 0.00 0.00 0.00 0.00 0.00 0.00 2.69 5.30 6.88 8.89 10.32 7.95 7.84 7.28 7.65 5.64 3.63 1.24 0.00 0.00 0.00 0.00
0.00 0.00 0.00 0.00 0.00 0.00 0.00 0.00 2.48 5.36 7.49 9.88 11.58 11.29 11.24 10.62 9.59 7.25 4.59 1.57 0.00 0.00 0.00 0.00
0.00 0.00 0.00 0.00 0.00 0.00 0.00 0.00 20.65 50.07 83.38 111.23 132.66 147.71 148.90 140.65 113.15 85.84 52.89 16.58 0.00 0.00 0.00 0.00
0.00 0.00 0.00 0.00 0.00 0.00 0.00 0.00 3.51 7.86 12.43 16.62 20.11 18.98 19.28 18.17 14.80 11.01 6.94 2.42 0.00 0.00 0.00 0.00
0.00 0.00 0.00 0.00 0.00 0.00 0.00 0.00 5.49 11.85 16.87 22.60 26.91 25.05 25.02 23.44 19.13 14.10 9.05 3.77 0.00 0.00 0.00 0.00
0.00 0.00 0.00 0.00 0.00 0.00 0.00 0.00 2.51 5.43 7.73 10.36 12.33 11.48 11.47 10.74 8.77 6.46 4.15 1.73 0.00 0.00 0.00 0.00
0.00 0.00 0.00 0.00 0.00 0.00 0.00 0.00 4.33 9.68 15.47 20.58 24.88 24.00 24.49 23.04 18.64 13.92 8.82 2.91 0.00 0.00 0.00 0.00
0.00 0.00 0.00 0.00 0.00 0.00 0.00 0.00 1.82 3.93 6.05 8.14 9.81 9.80 9.89 9.17 7.06 5.31 3.38 1.05 0.00 0.00 0.00 0.00
0.00 0.00 0.00 0.00 0.00 0.00 0.00 0.00 17.21 42.98 71.18 97.31 119.78 132.96 133.59 125.34 104.71 79.00 52.85 18.32 0.00 0.00 0.00 0.00
0.00 0.00 0.00 0.00 0.00 0.00 0.00 0.00 6.02 14.18 22.93 31.06 37.63 41.02 42.32 39.90 33.04 25.76 16.54 6.34 0.01 0.00 0.00 0.00
0.00 0.00 0.00 0.00 0.00 0.00 0.00 0.00 1.35 3.21 5.20 6.98 8.47 9.02 9.30 8.90 7.56 5.77 3.76 1.39 0.00 0.00 0.00 0.00
0.00 0.00 0.00 0.00 0.00 0.00 0.00 0.00 1.72 4.09 6.61 9.03 11.09 12.36 12.34 11.57 10.05 7.57 4.90 1.60 0.00 0.00 0.00 0.00
0.00 0.00 0.00 0.00 0.00 0.00 0.00 0.00 2.75 6.55 10.58 14.45 17.75 19.78 19.75 18.52 16.07 12.12 7.85 2.57 0.00 0.00 0.00 0.00
0.00 0.00 0.00 0.00 0.00 0.00 0.00 0.00 46.09 132.71 234.44 324.38 400.27 439.79 452.88 444.31 294.77 228.38 149.24 55.29 6.42 0.00 0.00 0.00
