0.00 0.00 0.00 0.00 0.00 0.00 0.00 0.05 1.03 1.99 3.14 4.13 4.83 5.25 5.43 5.25 4.32 3.56 2.56 1.54 0.68 0.00 0.00 0.00
0.00 0.00 0.00 0.00 0.00 0.00 0.00 1.96 13.78 25.16 38.90 50.47 58.51 73.66 74.80 71.06 60.65 47.85 32.32 12.11 3.18 0.00 0.00 0.00
0.00 0.00 0.00 0.00 0.00 0.00 0.00 1.06 23.61 45.48 71.70 94.41 110.46 120.14 124.17 119.99 98.83 81.52 58.43 35.28 15.44 0.00 0.00 0.00
0.00 0.00 0.00 0.00 0.00 0.00 0.00 3.78 83.91 161.62 254.81 335.51 392.57 426.95 441.29 426.42 351.22 289.70 207.66 125.37 54.88 0.00 0.00 0.00
0.00 0.00 0.00 0.00 0.00 0.00 0.00 0.55 2.00 3.37 5.01 6.30 7.17 7.28 7.30 6.87 6.07 4.72 3.09 1.54 0.32 0.00 0.00 0.00
0.00 0.00 0.00 0.00 0.00 0.00 0.00 0.00 168.86 341.05 539.96 715.42 840.76 936.43 969.12 958.13 896.81 740.98 541.17 315.73 140.77 0.00 0.00 0.00
0.00 0.00 0.00 0.00 0.00 0.00 0.00 0.69 2.56 4.34 6.41 8.09 9.28 9.01 9.01 8.63 6.15 4.95 3.41 1.73 0.58 0.00 0.00 0.00
0.00 0.00 0.00 0.00 0.00 0.00 0.00 0.12 0.72 1.29 2.24 2.93 3.41 4.99 5.02 4.74 3.93 3.16 2.13 0.86 0.24 0.00 0.00 0.00
0.00 0.00 0.00 0.00 0.00 0.00 0.00 0.20 1.15 2.07 3.59 4.70 5.45 7.98 8.03 7.58 6.29 5.05 3.41 1.37 0.38 0.00 0.00 0.00
0.00 0.00 0.00 0.00 0.00 0.00 0.00 0.20 1.15 2.07 3.59 4.70 5.45 7.98 8.03 7.58 6.29 5.05 3.41 1.37 0.38 0.00 0.00 0.00
0.00 0.00 0.00 0.00 0.00 0.00 0.00 0.66 4.38 7.95 12.19 16.26 18.95 16.55 16.74 15.90 13.30 10.53 7.19 3.73 1.22 0.00 0.00 0.00
0.00 0.00 0.00 0.00 0.00 0.00 0.00 0.29 1.92 3.49 5.84 7.73 9.01 7.58 7.72 7.34 6.06 4.80 3.25 1.87 0.61 0.00 0.00 0.00
0.00 0.00 0.00 0.00 0.00 0.00 0.00 0.37 2.47 4.49 7.51 9.93 11.58 9.74 9.92 9.44 7.80 6.17 4.18 2.41 0.78 0.00 0.00 0.00
0.00 0.00 0.00 0.00 0.00 0.00 0.00 0.25 1.64 2.99 5.01 6.62 7.72 6.49 6.62 6.29 5.20 4.12 2.79 1.61 0.52 0.00 0.00 0.00
0.00 0.00 0.00 0.00 0.00 0.00 0.00 0.25 1.64 2.99 5.01 6.62 7.72 6.49 6.62 6.29 5.20 4.12 2.79 1.61 0.52 0.00 0.00 0.00
0.00 0.00 0.00 0.00 0.00 0.00 0.00 0.18 12.69 24.84 43.88 57.20 66.74 74.67 76.03 72.66 52.97 41.22 28.46 20.56 6.26 0.00 0.00 0.00
0.00 0.00 0.00 0.00 0.00 0.00 0.00 2.14 12.51 22.45 37.22 49.17 57.83 57.47 57.05 53.39 43.64 34.64 23.74 9.79 3.16 0.00 0.00 0.00
0.00 0.00 0.00 0.00 0.00 0.00 0.00 2.09 12.25 21.97 33.03 43.17 50.78 41.03 40.81 38.00 36.36 29.03 19.81 9.04 3.09 0.00 0.00 0.00
0.00 0.00 0.00 0.00 0.00 0.00 0.00 0.00 49.81 100.60 159.27 211.02 247.99 276.21 285.86 282.61 264.53 218.56 159.63 93.13 41.52 0.00 0.00 0.00
0.00 0.00 0.00 0.00 0.00 0.00 0.00 0.00 47.38 95.69 151.50 200.73 235.90 262.74 271.91 268.83 251.62 207.90 151.84 88.59 39.50 0.00 0.00 0.00
0.00 0.00 0.00 0.00 0.00 0.00 0.00 0.00 91.11 184.02 291.35 386.02 453.65 505.27 522.91 516.98 483.89 399.81 292.00 170.36 75.95 0.00 0.00 0.00
0.00 0.00 0.00 0.00 0.00 0.00 0.00 0.00 89.59 180.95 286.49 379.58 446.09 496.85 514.19 508.36 475.83 393.14 287.13 167.52 74.69 0.00 0.00 0.00
0.00 0.00 0.00 0.00 0.00 0.00 0.00 6.21 109.21 209.23 328.36 436.37 516.47 561.08 579.00 562.55 515.68 424.38 307.72 177.85 80.54 0.00 0.00 0.00
0.00 0.00 0.00 0.00 0.00 0.00 0.00 0.12 0.72 1.29 2.24 2.93 3.41 4.99 5.02 4.74 3.93 3.16 2.13 0.86 0.24 0.00 0.00 0.00
0.00 0.00 0.00 0.00 0.00 0.00 0.00 0.62 3.64 6.56 11.36 14.87 17.26 25.27 25.41 24.00 19.91 16.00 10.79 4.35 1.21 0.00 0.00 0.00
0.00 0.00 0.00 0.00 0.00 0.00 0.00 3.16 18.60 33.47 58.02 75.91 88.12 129.02 129.74 122.53 101.65 81.67 55.09 22.20 6.19 0.00 0.00 0.00
0.00 0.00 0.00 0.00 0.00 0.00 0.00 0.00 3.40 6.87 10.88 14.41 16.94 18.86 19.52 19.30 18.07 14.93 10.90 6.36 2.84 0.00 0.00 0.00
0.00 0.00 0.00 0.00 0.00 0.00 0.00 3.72 82.60 159.10 250.84 330.28 386.45 420.30 434.42 419.77 345.75 285.19 204.43 123.42 54.02 0.00 0.00 0.00
0.00 0.00 0.00 0.00 0.00 0.00 0.00 0.28 6.03 11.58 17.22 23.65 28.55 23.89 24.03 22.98 21.62 17.48 12.11 7.52 2.83 0.00 0.00 0.00
0.00 0.00 0.00 0.00 0.00 0.00 0.00 7.58 46.34 83.63 130.35 169.88 198.07 209.62 213.04 201.28 184.20 151.43 108.47 59.30 24.86 0.00 0.00 0.00
0.00 0.00 0.00 0.00 0.00 0.00 0.00 0.06 1.38 2.65 4.18 5.50 6.44 7.00 7.24 7.00 5.76 4.75 3.41 2.06 0.90 0.00 0.00 0.00
0.00 0.00 0.00 0.00 0.00 0.00 0.00 2.79 61.95 119.32 188.13 247.71 289.84 315.22 325.81 314.83 259.31 213.89 153.32 92.56 40.51 0.00 0.00 0.00
0.00 0.00 0.00 0.00 0.00 0.00 0.00 3.58 79.50 153.13 241.43 317.89 371.96 404.54 418.13 404.03 332.78 274.49 196.76 118.79 51.99 0.00 0.00 0.00
0.00 0.00 0.00 0.00 0.00 0.00 0.00 8.18 144.02 275.92 433.02 575.46 681.10 739.92 763.55 741.87 680.05 559.65 405.81 234.54 106.22 0.00 0.00 0.00
0.00 0.00 0.00 0.00 0.00 0.00 0.00 0.30 2.44 4.51 8.89 11.71 13.85 12.71 12.82 11.98 10.33 8.25 5.63 3.08 1.01 0.00 0.00 0.00
0.00 0.00 0.00 0.00 0.00 0.00 0.00 0.42 3.29 6.05 11.42 15.07 17.64 14.99 15.14 14.25 12.51 9.96 6.83 4.00 1.30 0.00 0.00 0.00
0.00 0.00 0.00 0.00 0.00 0.00 0.00 1.14 24.87 47.75 71.02 97.56 117.76 98.56 99.14 94.78 89.17 72.11 49.94 31.04 11.69 0.00 0.00 0.00
0.00 0.00 0.00 0.00 0.00 0.00 0.00 7.02 103.68 198.32 311.69 421.88 509.22 561.73 574.32 549.11 502.55 416.18 301.15 183.97 91.97 0.00 0.00 0.00
0.00 0.00 0.00 0.00 0.00 0.00 0.00 0.20 1.06 1.89 3.05 4.02 4.71 4.26 4.24 3.93 3.82 3.03 2.07 0.79 0.25 0.00 0.00 0.00
0.00 0.00 0.00 0.00 0.00 0.00 0.00 2.11 22.03 41.32 64.08 84.81 98.71 106.03 108.20 103.52 95.49 78.80 56.06 31.73 13.68 0.00 0.00 0.00
0.00 0.00 0.00 0.00 0.00 0.00 0.00 0.00 5.47 11.73 18.82 25.58 30.43 33.24 34.05 32.94 30.25 25.03 18.29 10.92 5.03 0.00 0.00 0.00
0.00 0.00 0.00 0.00 0.00 0.00 0.00 0.82 2.88 4.83 7.29 9.26 10.49 10.36 10.23 9.76 6.96 5.51 3.84 1.94 0.63 0.00 0.00 0.00
0.00 0.00 0.00 0.00 0.00 0.00 0.00 0.41 1.44 2.41 3.64 4.63 5.25 5.18 5.12 4.88 3.48 2.76 1.92 0.97 0.32 0.00 0.00 0.00
0.00 0.00 0.00 0.00 0.00 0.00 0.00 0.90 3.15 5.28 7.97 10.12 11.48 11.33 11.19 10.67 7.62 6.03 4.20 2.12 0.69 0.00 0.00 0.00
0.00 0.00 0.00 0.00 0.00 0.00 0.00 1.01 3.64 6.14 9.46 12.03 13.73 13.15 12.94 12.34 9.12 7.32 5.04 2.47 0.80 0.00 0.00 0.00
0.00 0.00 0.00 0.00 0.00 0.00 0.00 1.54 5.55 9.35 14.41 18.32 20.93 20.04 19.72 18.81 13.89 11.15 7.68 3.77 1.22 0.00 0.00 0.00
0.00 0.00 0.00 0.00 0.00 0.00 0.00 1.36 5.13 8.70 13.13 16.44 18.93 18.20 18.26 17.34 12.19 9.66 6.76 3.49 1.18 0.00 0.00 0.00
0.00 0.00 0.00 0.00 0.00 0.00 0.00 0.84 3.91 6.86 10.43 13.73 16.00 16.92 16.93 16.19 14.65 11.80 8.34 4.60 1.87 0.00 0.00 0.00
0.00 0.00 0.00 0.00 0.00 0.00 0.00 2.18 10.11 17.71 26.93 35.47 41.34 43.72 43.74 41.83 37.84 30.49 21.55 11.89 4.82 0.00 0.00 0.00
0.00 0.00 0.00 0.00 0.00 0.00 0.00 0.48 2.62 4.67 7.22 9.41 10.97 11.58 11.51 10.87 9.83 7.91 5.61 3.10 1.25 0.00 0.00 0.00
0.00 0.00 0.00 0.00 0.00 0.00 0.00 0.88 4.05 7.07 11.58 15.08 17.40 18.79 18.71 17.50 14.61 11.75 8.06 3.61 1.08 0.00 0.00 0.00
0.00 0.00 0.00 0.00 0.00 0.00 0.00 1.78 7.49 12.94 21.73 27.94 32.21 32.99 33.38 31.29 24.18 19.05 12.97 8.06 2.57 0.00 0.00 0.00
0.00 0.00 0.00 0.00 0.00 0.00 0.00 0.22 0.78 1.32 2.05 2.56 2.86 3.38 3.34 3.10 2.66 2.09 1.42 0.66 0.15 0.00 0.00 0.00
0.00 0.00 0.00 0.00 0.00 0.00 0.00 0.98 4.21 7.29 11.93 15.23 17.25 15.87 15.67 14.77 15.95 12.79 8.70 4.42 1.09 0.00 0.00 0.00
0.00 0.00 0.00 0.00 0.00 0.00 0.00 0.70 2.75 4.70 8.10 10.20 11.46 13.44 13.15 12.62 11.86 9.44 6.40 2.97 0.69 0.00 0.00 0.00
0.00 0.00 0.00 0.00 0.00 0.00 0.00 0.97 3.79 6.48 11.17 14.08 15.81 18.55 18.14 17.41 16.37 13.03 8.83 4.10 0.95 0.00 0.00 0.00
0.00 0.00 0.00 0.00 0.00 0.00 0.00 0.66 2.58 4.41 7.61 9.59 10.77 12.63 12.36 11.86 11.15 8.88 6.01 2.79 0.65 0.00 0.00 0.00
0.00 0.00 0.00 0.00 0.00 0.00 0.00 0.52 2.24 3.89 6.36 8.12 9.20 8.47 8.36 7.88 8.50 6.82 4.64 2.36 0.58 0.00 0.00 0.00
0.00 0.00 0.00 0.00 0.00 0.00 0.00 0.47 1.76 2.99 5.05 6.35 7.18 6.67 6.71 6.39 6.86 5.37 3.53 1.75 0.37 0.00 0.00 0.00
0.00 0.00 0.00 0.00 0.00 0.00 0.00 0.35 2.06 3.71 6.43 8.41 9.77 14.30 14.38 13.58 11.27 9.05 6.11 2.46 0.69 0.00 0.00 0.00
0.00 0.00 0.00 0.00 0.00 0.00 0.00 0.23 16.52 32.33 57.12 74.45 86.87 97.19 98.96 94.58 68.94 53.65 37.05 26.76 8.15 0.00 0.00 0.00
0.00 0.00 0.00 0.00 0.00 0.00 0.00 0.74 4.96 9.01 13.81 18.42 21.47 18.75 18.97 18.02 15.08 11.93 8.15 4.22 1.38 0.00 0.00 0.00
0.00 0.00 0.00 0.00 0.00 0.00 0.00 1.01 5.51 9.84 18.47 24.20 28.39 22.42 22.30 20.94 23.59 18.43 12.53 5.31 1.63 0.00 0.00 0.00
0.00 0.00 0.00 0.00 0.00 0.00 0.00 0.46 2.53 4.51 8.47 11.09 13.01 10.27 10.22 9.60 10.81 8.45 5.74 2.43 0.75 0.00 0.00 0.00
0.00 0.00 0.00 0.00 0.00 0.00 0.00 0.96 6.30 11.42 16.91 22.52 26.30 23.89 24.10 22.83 18.34 14.55 9.92 4.76 1.56 0.00 0.00 0.00
0.00 0.00 0.00 0.00 0.00 0.00 0.00 0.49 2.58 4.59 7.41 9.77 11.44 10.34 10.30 9.55 9.27 7.35 5.04 1.93 0.61 0.00 0.00 0.00
0.00 0.00 0.00 0.00 0.00 0.00 0.00 1.18 25.75 49.44 73.53 101.01 121.93 102.04 102.64 98.13 92.32 74.65 51.70 32.14 12.10 0.00 0.00 0.00
0.00 0.00 0.00 0.00 0.00 0.00 0.00 1.81 11.08 20.00 31.17 40.62 47.36 50.13 50.94 48.13 44.05 36.21 25.94 14.18 5.94 0.00 0.00 0.00
0.00 0.00 0.00 0.00 0.00 0.00 0.00 0.38 2.50 4.54 7.04 9.16 10.71 11.38 11.49 10.84 9.73 7.88 5.64 3.22 1.34 0.00 0.00 0.00
0.00 0.00 0.00 0.00 0.00 0.00 0.00 0.44 3.21 5.87 8.83 11.50 13.33 13.16 13.20 12.61 10.99 9.04 6.50 3.67 1.49 0.00 0.00 0.00
0.00 0.00 0.00 0.00 0.00 0.00 0.00 0.70 5.13 9.40 14.12 18.40 21.33 21.06 21.11 20.17 17.59 14.47 10.40 5.88 2.38 0.00 0.00 0.00
0.00 0.00 0.00 0.00 0.00 0.00 0.00 0.00 92.63 187.08 296.20 392.45 461.21 513.69 531.62 525.59 491.96 406.47 296.87 173.20 77.22 0.00 0.00 0.00
