0.00 0.00 0.00 0.00 0.00 0.00 0.00 0.13 1.06 1.96 3.04 4.03 4.83 5.29 5.39 5.08 4.47 3.57 2.42 0.85 0.29 0.00 0.00 0.00
0.00 0.00 0.00 0.00 0.00 0.00 0.00 2.21 10.46 18.30 17.70 23.55 28.11 31.21 31.38 29.39 58.04 44.74 29.14 12.10 1.40 0.00 0.00 0.00
0.00 0.00 0.00 0.00 0.00 0.00 0.00 2.89 24.33 44.87 69.58 92.08 110.34 120.97 123.14 116.13 102.28 81.71 55.37 19.33 6.70 0.00 0.00 0.00
0.00 0.00 0.00 0.00 0.00 0.00 0.00 10.27 86.46 159.45 247.27 327.26 392.13 429.92 437.62 412.73 363.51 290.37 196.77 68.69 23.81 0.00 0.00 0.00
0.00 0.00 0.00 0.00 0.00 0.00 0.00 1.20 3.67 6.06 6.86 8.79 10.04 7.72 7.72 7.05 6.05 4.56 2.87 0.77 0.02 0.00 0.00 0.00
0.00 0.00 0.00 0.00 0.00 0.00 0.00 8.58 188.66 361.37 573.49 762.38 912.59 1002.88 1010.97 947.56 801.78 625.76 434.70 234.71 84.49 0.00 0.00 0.00
0.00 0.00 0.00 0.00 0.00 0.00 0.00 0.48 1.54 2.55 2.39 3.04 3.56 3.58 3.69 3.48 4.55 3.52 2.28 1.48 0.31 0.00 0.00 0.00
0.00 0.00 0.00 0.00 0.00 0.00 0.00 0.13 0.55 0.94 1.10 1.46 1.74 2.52 2.53 2.41 3.64 2.84 1.86 0.80 0.11 0.00 0.00 0.00
0.00 0.00 0.00 0.00 0.00 0.00 0.00 0.20 0.87 1.51 1.76 2.34 2.78 4.03 4.04 3.86 5.83 4.54 2.97 1.29 0.18 0.00 0.00 0.00
0.00 0.00 0.00 0.00 0.00 0.00 0.00 0.20 0.87 1.51 1.76 2.34 2.78 4.03 4.04 3.86 5.83 4.54 2.97 1.29 0.18 0.00 0.00 0.00
0.00 0.00 0.00 0.00 0.00 0.00 0.00 0.58 2.69 4.71 6.86 9.38 11.49 16.13 16.81 16.07 16.75 13.12 8.63 3.85 0.77 0.00 0.00 0.00
0.00 0.00 0.00 0.00 0.00 0.00 0.00 0.25 1.17 2.05 3.48 4.76 5.79 8.38 8.67 8.24 8.07 6.30 4.12 1.79 0.35 0.00 0.00 0.00
0.00 0.00 0.00 0.00 0.00 0.00 0.00 0.32 1.51 2.63 4.47 6.12 7.45 10.77 11.15 10.60 10.38 8.11 5.30 2.30 0.45 0.00 0.00 0.00
0.00 0.00 0.00 0.00 0.00 0.00 0.00 0.22 1.00 1.75 2.98 4.08 4.97 7.18 7.43 7.07 6.92 5.40 3.53 1.53 0.30 0.00 0.00 0.00
0.00 0.00 0.00 0.00 0.00 0.00 0.00 0.22 1.00 1.75 2.98 4.08 4.97 7.18 7.43 7.07 6.92 5.40 3.53 1.53 0.30 0.00 0.00 0.00
0.00 0.00 0.00 0.00 0.00 0.00 0.00 2.20 20.55 37.97 56.22 73.63 86.65 99.08 101.02 97.30 79.45 61.43 39.38 15.64 2.73 0.00 0.00 0.00
0.00 0.00 0.00 0.00 0.00 0.00 0.00 1.75 7.55 13.07 16.13 21.55 26.32 40.34 41.19 39.95 46.02 35.93 23.73 11.44 2.23 0.00 0.00 0.00
0.00 0.00 0.00 0.00 0.00 0.00 0.00 1.80 7.82 13.55 19.50 25.68 31.21 32.15 33.06 31.92 34.33 26.96 17.71 8.91 1.97 0.00 0.00 0.00
0.00 0.00 0.00 0.00 0.00 0.00 0.00 2.53 55.65 106.59 169.16 224.87 269.18 295.81 298.20 279.50 236.50 184.58 128.22 69.23 24.92 0.00 0.00 0.00
0.00 0.00 0.00 0.00 0.00 0.00 0.00 2.41 52.93 101.39 160.91 213.90 256.05 281.38 283.65 265.86 224.96 175.57 121.97 65.85 23.71 0.00 0.00 0.00
0.00 0.00 0.00 0.00 0.00 0.00 0.00 4.63 101.80 194.98 309.43 411.36 492.40 541.12 545.49 511.28 432.61 337.64 234.55 126.64 45.59 0.00 0.00 0.00
0.00 0.00 0.00 0.00 0.00 0.00 0.00 4.55 100.10 191.73 304.28 404.50 484.20 532.11 536.40 502.75 425.40 332.01 230.64 124.53 44.83 0.00 0.00 0.00
0.00 0.00 0.00 0.00 0.00 0.00 0.00 14.77 116.85 215.14 325.89 432.57 515.56 564.23 574.66 542.77 478.22 381.44 259.88 118.16 43.15 0.00 0.00 0.00
0.00 0.00 0.00 0.00 0.00 0.00 0.00 0.13 0.55 0.94 1.10 1.46 1.74 2.52 2.53 2.41 3.64 2.84 1.86 0.80 0.11 0.00 0.00 0.00
0.00 0.00 0.00 0.00 0.00 0.00 0.00 0.65 2.77 4.79 5.56 7.41 8.80 12.76 12.80 12.21 18.45 14.39 9.42 4.07 0.56 0.00 0.00 0.00
0.00 0.00 0.00 0.00 0.00 0.00 0.00 3.30 14.14 24.44 28.40 37.82 44.93 65.12 65.36 62.32 94.20 73.47 48.08 20.79 2.84 0.00 0.00 0.00
0.00 0.00 0.00 0.00 0.00 0.00 0.00 0.17 3.80 7.28 11.55 15.36 18.38 20.20 20.36 19.09 16.15 12.61 8.76 4.73 1.70 0.00 0.00 0.00
0.00 0.00 0.00 0.00 0.00 0.00 0.00 10.11 85.12 156.96 243.42 322.16 386.01 423.22 430.80 406.30 357.84 285.85 193.71 67.62 23.44 0.00 0.00 0.00
0.00 0.00 0.00 0.00 0.00 0.00 0.00 0.56 4.48 8.24 13.91 20.09 25.60 29.50 31.17 29.95 26.47 21.03 14.42 6.69 1.81 0.00 0.00 0.00
0.00 0.00 0.00 0.00 0.00 0.00 0.00 10.58 48.49 84.62 125.30 162.76 190.26 199.78 202.36 191.88 156.92 125.92 86.54 43.34 13.99 0.00 0.00 0.00
0.00 0.00 0.00 0.00 0.00 0.00 0.00 0.17 1.42 2.62 4.06 5.37 6.43 7.05 7.18 6.77 5.96 4.76 3.23 1.13 0.39 0.00 0.00 0.00
0.00 0.00 0.00 0.00 0.00 0.00 0.00 7.58 63.84 117.72 182.56 241.62 289.51 317.42 323.10 304.72 268.38 214.39 145.28 50.72 17.58 0.00 0.00 0.00
0.00 0.00 0.00 0.00 0.00 0.00 0.00 9.73 81.92 151.08 234.29 310.07 371.54 407.35 414.65 391.06 344.42 275.13 186.44 65.08 22.56 0.00 0.00 0.00
0.00 0.00 0.00 0.00 0.00 0.00 0.00 19.48 154.09 283.71 429.76 570.45 679.89 744.08 757.83 715.77 630.65 503.03 342.72 155.83 56.90 0.00 0.00 0.00
0.00 0.00 0.00 0.00 0.00 0.00 0.00 0.37 1.95 3.45 6.34 8.75 10.79 13.40 13.62 13.14 12.84 10.04 6.73 2.89 0.58 0.00 0.00 0.00
0.00 0.00 0.00 0.00 0.00 0.00 0.00 0.44 2.27 4.01 7.81 10.72 13.41 16.71 17.18 16.51 16.19 12.54 8.30 3.56 0.72 0.00 0.00 0.00
0.00 0.00 0.00 0.00 0.00 0.00 0.00 2.32 18.48 33.98 57.39 82.89 105.61 121.68 128.57 123.55 109.19 86.76 59.46 27.61 7.45 0.00 0.00 0.00
0.00 0.00 0.00 0.00 0.00 0.00 0.00 12.98 100.68 186.00 316.33 420.21 500.19 563.31 574.44 554.13 461.24 370.58 265.06 127.31 54.01 0.00 0.00 0.00
0.00 0.00 0.00 0.00 0.00 0.00 0.00 0.12 0.50 0.85 1.16 1.59 1.93 2.67 2.73 2.60 3.17 2.47 1.63 0.87 0.16 0.00 0.00 0.00
0.00 0.00 0.00 0.00 0.00 0.00 0.00 3.65 22.67 40.89 61.46 81.02 96.09 104.72 106.01 99.59 87.32 70.05 49.07 24.77 8.36 0.00 0.00 0.00
0.00 0.00 0.00 0.00 0.00 0.00 0.00 0.00 6.45 12.99 20.92 28.36 33.69 37.08 37.00 34.07 28.86 22.91 16.24 9.36 3.56 0.00 0.00 0.00
0.00 0.00 0.00 0.00 0.00 0.00 0.00 0.67 2.06 3.38 3.31 4.33 5.03 3.90 3.96 3.79 4.04 3.13 2.05 1.53 0.30 0.00 0.00 0.00
0.00 0.00 0.00 0.00 0.00 0.00 0.00 0.34 1.03 1.69 1.65 2.17 2.52 1.95 1.98 1.90 2.02 1.56 1.03 0.77 0.15 0.00 0.00 0.00
0.00 0.00 0.00 0.00 0.00 0.00 0.00 0.74 2.25 3.69 3.62 4.74 5.50 4.27 4.34 4.15 4.42 3.42 2.24 1.68 0.33 0.00 0.00 0.00
0.00 0.00 0.00 0.00 0.00 0.00 0.00 0.86 2.69 4.41 4.07 5.35 6.20 4.69 4.79 4.64 5.57 4.27 2.84 2.29 0.44 0.00 0.00 0.00
0.00 0.00 0.00 0.00 0.00 0.00 0.00 1.31 4.09 6.72 6.21 8.14 9.45 7.14 7.30 7.07 8.49 6.50 4.33 3.49 0.67 0.00 0.00 0.00
0.00 0.00 0.00 0.00 0.00 0.00 0.00 0.90 2.91 4.84 4.80 6.12 7.14 8.32 8.42 7.98 9.51 7.39 4.90 3.35 0.70 0.00 0.00 0.00
0.00 0.00 0.00 0.00 0.00 0.00 0.00 0.55 2.12 3.62 8.51 10.98 12.78 12.63 12.58 11.78 10.59 8.34 5.72 2.23 0.68 0.00 0.00 0.00
0.00 0.00 0.00 0.00 0.00 0.00 0.00 1.43 5.47 9.35 22.00 28.36 33.02 32.63 32.49 30.43 27.35 21.53 14.77 5.77 1.75 0.00 0.00 0.00
0.00 0.00 0.00 0.00 0.00 0.00 0.00 0.53 2.24 3.87 6.46 8.40 9.79 10.46 10.60 9.89 8.36 6.60 4.53 2.26 0.68 0.00 0.00 0.00
0.00 0.00 0.00 0.00 0.00 0.00 0.00 0.73 2.69 4.54 7.60 10.04 11.91 9.06 9.37 8.91 13.01 10.00 6.61 3.59 0.58 0.00 0.00 0.00
0.00 0.00 0.00 0.00 0.00 0.00 0.00 1.13 3.94 6.60 10.88 14.46 17.61 15.88 16.08 15.33 15.44 11.86 7.70 5.81 1.08 0.00 0.00 0.00
0.00 0.00 0.00 0.00 0.00 0.00 0.00 0.39 1.19 1.94 2.14 2.72 3.10 2.73 2.74 2.60 2.40 1.82 1.18 0.44 0.02 0.00 0.00 0.00
0.00 0.00 0.00 0.00 0.00 0.00 0.00 0.92 3.20 5.34 6.84 8.89 10.31 10.15 10.17 9.64 12.50 9.60 6.23 2.68 0.24 0.00 0.00 0.00
0.00 0.00 0.00 0.00 0.00 0.00 0.00 0.81 2.64 4.37 5.86 7.58 8.69 7.35 7.36 6.91 7.70 5.92 3.80 2.06 0.14 0.00 0.00 0.00
0.00 0.00 0.00 0.00 0.00 0.00 0.00 1.12 3.64 6.03 8.09 10.46 11.99 10.14 10.16 9.54 10.62 8.16 5.24 2.84 0.19 0.00 0.00 0.00
0.00 0.00 0.00 0.00 0.00 0.00 0.00 0.76 2.48 4.11 5.51 7.13 8.17 6.91 6.92 6.50 7.23 5.56 3.57 1.93 0.13 0.00 0.00 0.00
0.00 0.00 0.00 0.00 0.00 0.00 0.00 0.49 1.71 2.85 3.65 4.74 5.50 5.41 5.43 5.14 6.67 5.12 3.32 1.43 0.13 0.00 0.00 0.00
0.00 0.00 0.00 0.00 0.00 0.00 0.00 0.83 2.58 4.29 5.28 6.74 7.77 6.91 6.91 6.34 5.17 3.88 2.44 0.80 0.03 0.00 0.00 0.00
0.00 0.00 0.00 0.00 0.00 0.00 0.00 0.37 1.57 2.71 3.15 4.19 4.98 7.22 7.24 6.91 10.44 8.14 5.33 2.30 0.31 0.00 0.00 0.00
0.00 0.00 0.00 0.00 0.00 0.00 0.00 2.86 26.75 49.42 73.17 95.84 112.78 128.96 131.48 126.65 103.41 79.96 51.26 20.35 3.56 0.00 0.00 0.00
0.00 0.00 0.00 0.00 0.00 0.00 0.00 0.65 3.05 5.34 7.78 10.63 13.02 18.28 19.05 18.21 18.99 14.87 9.78 4.36 0.88 0.00 0.00 0.00
0.00 0.00 0.00 0.00 0.00 0.00 0.00 0.85 3.51 6.03 9.00 12.42 14.85 22.51 22.59 21.46 24.84 19.20 12.62 5.79 1.00 0.00 0.00 0.00
0.00 0.00 0.00 0.00 0.00 0.00 0.00 0.39 1.61 2.76 4.12 5.69 6.81 10.32 10.35 9.84 11.38 8.80 5.78 2.66 0.46 0.00 0.00 0.00
0.00 0.00 0.00 0.00 0.00 0.00 0.00 0.81 3.76 6.57 9.05 12.32 15.14 21.19 22.08 21.14 22.94 17.97 11.86 5.38 1.09 0.00 0.00 0.00
0.00 0.00 0.00 0.00 0.00 0.00 0.00 0.30 1.21 2.08 2.81 3.86 4.68 6.47 6.64 6.30 7.69 5.99 3.96 2.11 0.39 0.00 0.00 0.00
0.00 0.00 0.00 0.00 0.00 0.00 0.00 2.40 19.14 35.18 59.42 85.82 109.35 125.99 133.11 127.92 113.05 89.83 61.57 28.59 7.71 0.00 0.00 0.00
0.00 0.00 0.00 0.00 0.00 0.00 0.00 2.53 11.60 20.24 29.96 38.92 45.50 47.77 48.39 45.89 37.53 30.11 20.69 10.36 3.34 0.00 0.00 0.00
0.00 0.00 0.00 0.00 0.00 0.00 0.00 0.53 2.55 4.47 6.70 8.72 10.19 10.94 11.17 10.47 8.87 7.04 4.83 2.36 0.76 0.00 0.00 0.00
0.00 0.00 0.00 0.00 0.00 0.00 0.00 0.61 3.08 5.42 7.98 10.53 12.59 13.81 13.82 12.95 11.32 8.89 6.08 2.86 0.87 0.00 0.00 0.00
0.00 0.00 0.00 0.00 0.00 0.00 0.00 0.98 4.92 8.67 12.77 16.85 20.14 22.09 22.11 20.71 18.11 14.22 9.73 4.58 1.40 0.00 0.00 0.00
0.00 0.00 0.00 0.00 0.00 0.00 0.00 4.71 103.49 198.23 314.59 418.21 500.61 550.14 554.58 519.80 439.82 343.27 238.46 128.75 46.35 0.00 0.00 0.00
