0.00 0.00 0.00 0.00 0.00 0.00 0.00 0.00 0.73 1.66 2.73 3.67 4.34 4.72 4.76 4.60 3.30 2.70 1.88 0.87 0.26 0.00 0.00 0.00
0.00 0.00 0.00 0.00 0.00 0.00 0.00 0.00 12.26 24.83 36.15 46.16 53.93 48.95 48.59 45.33 49.92 38.37 25.55 10.94 0.61 0.00 0.00 0.00
0.00 0.00 0.00 0.00 0.00 0.00 0.00 0.00 16.78 38.04 62.54 83.96 99.20 107.96 108.74 105.15 75.50 61.82 43.03 19.87 5.96 0.00 0.00 0.00
0.00 0.00 0.00 0.00 0.00 0.00 0.00 0.00 59.65 135.19 222.26 298.39 352.54 383.67 386.46 373.71 268.31 219.71 152.92 70.62 21.18 0.00 0.00 0.00
0.00 0.00 0.00 0.00 0.00 0.00 0.00 0.28 2.44 4.48 6.65 8.39 9.50 10.40 10.13 9.31 6.78 5.22 3.31 0.90 0.00 0.00 0.00 0.00
0.00 0.00 0.00 0.00 0.00 0.00 0.00 0.00 109.82 266.07 442.74 599.62 725.37 557.73 581.37 581.82 454.67 370.46 254.59 141.30 44.92 0.00 0.00 0.00
0.00 0.00 0.00 0.00 0.00 0.00 0.00 0.10 1.46 2.76 5.03 6.55 7.62 6.63 6.57 6.17 4.61 3.54 2.30 0.96 0.12 0.00 0.00 0.00
0.00 0.00 0.00 0.00 0.00 0.00 0.00 0.00 0.54 1.08 1.57 2.05 2.39 3.65 3.54 3.36 3.05 2.36 1.56 0.70 0.05 0.00 0.00 0.00
0.00 0.00 0.00 0.00 0.00 0.00 0.00 0.00 0.86 1.73 2.51 3.28 3.83 5.84 5.67 5.38 4.88 3.78 2.50 1.12 0.08 0.00 0.00 0.00
0.00 0.00 0.00 0.00 0.00 0.00 0.00 0.00 0.86 1.73 2.51 3.28 3.83 5.84 5.67 5.38 4.88 3.78 2.50 1.12 0.08 0.00 0.00 0.00
0.00 0.00 0.00 0.00 0.00 0.00 0.00 0.00 2.20 4.50 7.15 9.58 11.20 12.81 12.81 12.10 12.32 9.63 6.14 3.07 0.42 0.00 0.00 0.00
0.00 0.00 0.00 0.00 0.00 0.00 0.00 0.00 1.00 2.04 3.26 4.38 5.11 5.57 5.56 5.22 6.01 4.72 3.00 1.47 0.20 0.00 0.00 0.00
0.00 0.00 0.00 0.00 0.00 0.00 0.00 0.00 1.28 2.63 4.19 5.63 6.57 7.16 7.15 6.71 7.73 6.06 3.86 1.89 0.25 0.00 0.00 0.00
0.00 0.00 0.00 0.00 0.00 0.00 0.00 0.00 0.86 1.75 2.80 3.76 4.38 4.77 4.77 4.47 5.15 4.04 2.57 1.26 0.17 0.00 0.00 0.00
0.00 0.00 0.00 0.00 0.00 0.00 0.00 0.00 0.86 1.75 2.80 3.76 4.38 4.77 4.77 4.47 5.15 4.04 2.57 1.26 0.17 0.00 0.00 0.00
0.00 0.00 0.00 0.00 0.00 0.00 0.00 0.00 15.41 34.15 56.79 75.50 88.29 87.97 87.66 82.53 64.44 49.83 32.88 13.10 1.72 0.00 0.00 0.00
0.00 0.00 0.00 0.00 0.00 0.00 0.00 0.00 5.97 12.05 19.02 25.58 29.97 43.42 43.37 40.29 35.87 28.01 18.14 8.50 1.10 0.00 0.00 0.00
0.00 0.00 0.00 0.00 0.00 0.00 0.00 0.00 5.46 11.05 17.88 24.05 27.85 34.85 34.73 32.65 25.64 20.14 13.05 5.23 0.81 0.00 0.00 0.00
0.00 0.00 0.00 0.00 0.00 0.00 0.00 0.00 32.39 78.48 130.59 176.87 213.96 164.51 171.48 171.62 134.11 109.27 75.10 41.68 13.25 0.00 0.00 0.00
0.00 0.00 0.00 0.00 0.00 0.00 0.00 0.00 30.81 74.65 124.22 168.24 203.52 156.49 163.12 163.24 127.57 103.94 71.43 39.65 12.60 0.00 0.00 0.00
0.00 0.00 0.00 0.00 0.00 0.00 0.00 0.00 59.26 143.56 238.89 323.53 391.38 300.94 313.69 313.93 245.33 199.89 137.37 76.24 24.24 0.00 0.00 0.00
0.00 0.00 0.00 0.00 0.00 0.00 0.00 0.00 58.27 141.17 234.91 318.14 384.86 295.92 308.46 308.70 241.24 196.55 135.08 74.97 23.83 0.00 0.00 0.00
0.00 0.00 0.00 0.00 0.00 0.00 0.00 0.00 76.48 173.02 282.62 385.15 466.14 506.15 521.08 500.27 421.29 334.08 230.88 104.93 33.36 0.00 0.00 0.00
0.00 0.00 0.00 0.00 0.00 0.00 0.00 0.00 0.54 1.08 1.57 2.05 2.39 3.65 3.54 3.36 3.05 2.36 1.56 0.70 0.05 0.00 0.00 0.00
0.00 0.00 0.00 0.00 0.00 0.00 0.00 0.00 2.73 5.46 7.94 10.39 12.12 18.51 17.96 17.03 15.44 11.97 7.91 3.56 0.25 0.00 0.00 0.00
0.00 0.00 0.00 0.00 0.00 0.00 0.00 0.00 13.96 27.89 40.51 53.02 61.90 94.49 91.69 86.94 78.82 61.09 40.39 18.17 1.30 0.00 0.00 0.00
0.00 0.00 0.00 0.00 0.00 0.00 0.00 0.00 2.21 5.36 8.92 12.08 14.61 11.23 11.71 11.72 9.16 7.46 5.13 2.85 0.90 0.00 0.00 0.00
0.00 0.00 0.00 0.00 0.00 0.00 0.00 0.00 58.72 133.09 218.80 293.74 347.05 377.69 380.44 367.89 264.13 216.28 150.54 69.52 20.85 0.00 0.00 0.00
0.00 0.00 0.00 0.00 0.00 0.00 0.00 0.00 4.37 9.71 16.08 22.06 26.39 24.01 23.86 22.52 15.30 12.14 8.12 3.55 0.78 0.00 0.00 0.00
0.00 0.00 0.00 0.00 0.00 0.00 0.00 0.00 32.73 67.72 110.95 150.65 178.80 183.05 184.71 175.21 130.64 104.78 72.07 29.89 7.77 0.00 0.00 0.00
0.00 0.00 0.00 0.00 0.00 0.00 0.00 0.00 0.98 2.22 3.65 4.90 5.78 6.29 6.34 6.13 4.40 3.60 2.51 1.16 0.35 0.00 0.00 0.00
0.00 0.00 0.00 0.00 0.00 0.00 0.00 0.00 44.04 99.82 164.10 220.31 260.28 283.27 285.33 275.91 198.10 162.21 112.90 52.14 15.64 0.00 0.00 0.00
0.00 0.00 0.00 0.00 0.00 0.00 0.00 0.00 56.52 128.10 210.59 282.73 334.03 363.53 366.17 354.09 254.23 208.17 144.89 66.91 20.07 0.00 0.00 0.00
0.00 0.00 0.00 0.00 0.00 0.00 0.00 0.00 100.85 228.17 372.71 507.91 614.73 667.49 687.17 659.72 555.58 440.57 304.47 138.37 44.00 0.00 0.00 0.00
0.00 0.00 0.00 0.00 0.00 0.00 0.00 0.00 1.72 3.59 5.82 7.85 9.17 8.85 8.84 8.25 8.37 6.33 4.23 2.31 0.33 0.00 0.00 0.00
0.00 0.00 0.00 0.00 0.00 0.00 0.00 0.00 2.05 4.26 6.72 9.05 10.58 10.93 10.93 10.21 9.93 7.55 4.97 2.83 0.40 0.00 0.00 0.00
0.00 0.00 0.00 0.00 0.00 0.00 0.00 0.00 18.02 40.06 66.32 91.01 108.88 99.02 98.42 92.88 63.13 50.09 33.49 14.66 3.21 0.00 0.00 0.00
0.00 0.00 0.00 0.00 0.00 0.00 0.00 0.00 73.17 168.47 272.61 376.49 459.33 450.69 457.77 430.13 335.98 270.98 189.37 87.83 33.25 0.00 0.00 0.00
0.00 0.00 0.00 0.00 0.00 0.00 0.00 0.00 0.51 1.02 1.31 1.75 2.03 2.63 2.64 2.48 2.47 1.87 1.24 0.60 0.07 0.00 0.00 0.00
0.00 0.00 0.00 0.00 0.00 0.00 0.00 0.00 15.45 33.72 54.58 73.93 89.13 94.95 96.22 92.18 79.01 62.61 43.57 16.73 4.75 0.00 0.00 0.00
0.00 0.00 0.00 0.00 0.00 0.00 0.00 0.00 3.60 9.51 16.35 22.78 27.45 20.82 21.37 20.85 21.31 16.71 11.89 5.63 1.94 0.00 0.00 0.00
0.00 0.00 0.00 0.00 0.00 0.00 0.00 0.17 1.84 3.43 5.78 7.55 8.73 6.74 6.73 6.33 5.43 4.21 2.70 1.31 0.14 0.00 0.00 0.00
0.00 0.00 0.00 0.00 0.00 0.00 0.00 0.09 0.92 1.71 2.89 3.77 4.36 3.37 3.36 3.17 2.72 2.10 1.35 0.65 0.07 0.00 0.00 0.00
0.00 0.00 0.00 0.00 0.00 0.00 0.00 0.19 2.02 3.75 6.32 8.26 9.55 7.38 7.36 6.93 5.94 4.60 2.95 1.43 0.16 0.00 0.00 0.00
0.00 0.00 0.00 0.00 0.00 0.00 0.00 0.17 2.04 3.83 6.18 8.03 9.40 8.56 8.41 7.95 6.35 4.86 3.12 1.25 0.13 0.00 0.00 0.00
0.00 0.00 0.00 0.00 0.00 0.00 0.00 0.26 3.12 5.83 9.42 12.23 14.32 13.04 12.82 12.11 9.68 7.41 4.75 1.91 0.20 0.00 0.00 0.00
0.00 0.00 0.00 0.00 0.00 0.00 0.00 0.19 2.98 5.63 9.66 12.47 14.56 12.64 12.45 11.77 8.54 6.60 4.33 2.17 0.28 0.00 0.00 0.00
0.00 0.00 0.00 0.00 0.00 0.00 0.00 0.00 2.88 5.73 9.00 12.22 14.45 14.82 15.00 14.33 10.66 8.38 5.62 2.32 0.54 0.00 0.00 0.00
0.00 0.00 0.00 0.00 0.00 0.00 0.00 0.00 7.45 14.79 23.24 31.56 37.32 38.29 38.74 37.02 27.55 21.66 14.51 6.00 1.40 0.00 0.00 0.00
0.00 0.00 0.00 0.00 0.00 0.00 0.00 0.00 1.88 3.82 5.97 8.12 9.66 8.34 8.32 7.82 6.05 4.75 3.25 1.48 0.35 0.00 0.00 0.00
0.00 0.00 0.00 0.00 0.00 0.00 0.00 0.04 2.42 4.70 6.22 8.21 9.49 9.74 9.73 8.96 9.85 7.51 4.80 2.43 0.21 0.00 0.00 0.00
0.00 0.00 0.00 0.00 0.00 0.00 0.00 0.18 5.09 9.77 14.10 18.69 21.73 17.34 17.56 16.49 17.04 13.06 8.39 3.18 0.35 0.00 0.00 0.00
0.00 0.00 0.00 0.00 0.00 0.00 0.00 0.08 0.72 1.33 2.10 2.65 2.99 2.64 2.54 2.37 2.34 1.80 1.14 0.42 0.00 0.00 0.00 0.00
0.00 0.00 0.00 0.00 0.00 0.00 0.00 0.18 3.54 6.73 10.39 13.17 14.81 18.22 17.54 16.40 18.03 13.82 8.93 2.23 0.02 0.00 0.00 0.00
0.00 0.00 0.00 0.00 0.00 0.00 0.00 0.23 2.76 5.17 8.25 10.41 11.64 13.77 13.09 12.41 8.45 6.47 4.20 1.11 0.00 0.00 0.00 0.00
0.00 0.00 0.00 0.00 0.00 0.00 0.00 0.32 3.81 7.13 11.38 14.36 16.06 19.00 18.06 17.13 11.66 8.92 5.80 1.53 0.00 0.00 0.00 0.00
0.00 0.00 0.00 0.00 0.00 0.00 0.00 0.22 2.60 4.86 7.75 9.78 10.94 12.94 12.30 11.67 7.94 6.08 3.95 1.04 0.00 0.00 0.00 0.00
0.00 0.00 0.00 0.00 0.00 0.00 0.00 0.10 1.89 3.59 5.54 7.03 7.90 9.72 9.35 8.75 9.62 7.37 4.76 1.19 0.01 0.00 0.00 0.00
0.00 0.00 0.00 0.00 0.00 0.00 0.00 0.24 2.28 4.21 6.34 7.98 9.02 9.36 9.22 8.59 6.22 4.80 3.03 0.85 0.00 0.00 0.00 0.00
0.00 0.00 0.00 0.00 0.00 0.00 0.00 0.00 1.55 3.09 4.49 5.88 6.86 10.47 10.16 9.63 8.73 6.77 4.48 2.01 0.14 0.00 0.00 0.00
0.00 0.00 0.00 0.00 0.00 0.00 0.00 0.00 20.06 44.45 73.91 98.27 114.91 114.50 114.10 107.43 83.88 64.85 42.79 17.05 2.23 0.00 0.00 0.00
0.00 0.00 0.00 0.00 0.00 0.00 0.00 0.00 2.49 5.10 8.10 10.86 12.69 14.52 14.52 13.72 13.96 10.91 6.96 3.48 0.48 0.00 0.00 0.00
0.00 0.00 0.00 0.00 0.00 0.00 0.00 0.00 3.40 6.77 9.38 12.55 14.80 14.99 14.98 13.90 14.15 10.76 6.98 3.02 0.32 0.00 0.00 0.00
0.00 0.00 0.00 0.00 0.00 0.00 0.00 0.00 1.56 3.10 4.30 5.75 6.78 6.87 6.86 6.37 6.48 4.93 3.20 1.38 0.14 0.00 0.00 0.00
0.00 0.00 0.00 0.00 0.00 0.00 0.00 0.00 3.10 6.33 10.06 13.45 15.75 19.09 19.07 18.00 16.70 13.03 8.34 4.25 0.59 0.00 0.00 0.00
0.00 0.00 0.00 0.00 0.00 0.00 0.00 0.00 1.25 2.49 3.18 4.26 4.94 6.39 6.42 6.02 6.00 4.54 3.01 1.47 0.17 0.00 0.00 0.00
0.00 0.00 0.00 0.00 0.00 0.00 0.00 0.00 18.66 41.47 68.66 94.23 112.73 102.52 101.90 96.17 65.36 51.86 34.67 15.18 3.32 0.00 0.00 0.00
0.00 0.00 0.00 0.00 0.00 0.00 0.00 0.00 7.83 16.19 26.53 36.02 42.76 43.77 44.17 41.90 31.24 25.06 17.23 7.15 1.86 0.00 0.00 0.00
0.00 0.00 0.00 0.00 0.00 0.00 0.00 0.00 1.77 3.71 5.93 8.00 9.70 7.94 7.88 7.47 6.21 4.96 3.41 1.66 0.43 0.00 0.00 0.00
0.00 0.00 0.00 0.00 0.00 0.00 0.00 0.00 2.26 4.74 7.68 10.22 11.90 9.91 10.05 9.68 6.41 5.13 3.51 1.39 0.34 0.00 0.00 0.00
0.00 0.00 0.00 0.00 0.00 0.00 0.00 0.00 3.61 7.58 12.29 16.36 19.05 15.85 16.08 15.49 10.26 8.21 5.62 2.23 0.54 0.00 0.00 0.00
0.00 0.00 0.00 0.00 0.00 0.00 0.00 0.00 60.24 145.95 242.87 328.93 397.91 305.95 318.92 319.16 249.42 203.22 139.66 77.51 24.64 0.00 0.00 0.00
