0.00 0.00 0.00 0.00 0.00 0.00 0.00 0.00 0.00 0.40 1.06 1.64 2.25 2.43 2.56 2.47 3.06 2.27 1.45 0.45 0.00 0.00 0.00 0.00
0.00 0.00 0.00 0.00 0.00 0.00 0.00 0.00 0.00 11.74 14.20 21.97 28.05 17.04 17.70 17.05 16.36 12.19 7.30 1.82 0.00 0.00 0.00 0.00
0.00 0.00 0.00 0.00 0.00 0.00 0.00 0.00 0.00 9.15 24.21 37.60 51.45 55.60 58.49 56.46 70.03 51.86 33.09 10.18 0.00 0.00 0.00 0.00
0.00 0.00 0.00 0.00 0.00 0.00 0.00 0.00 0.00 32.51 86.04 133.63 182.84 197.60 207.87 200.67 248.87 184.30 117.60 36.20 0.00 0.00 0.00 0.00
0.00 0.00 0.00 0.00 0.00 0.00 0.00 0.00 0.00 0.99 1.97 2.95 3.73 3.93 3.90 3.71 2.66 1.91 1.06 0.08 0.00 0.00 0.00 0.00
0.00 0.00 0.00 0.00 0.00 0.00 0.00 0.00 0.00 39.88 93.26 147.09 202.23 283.27 304.96 295.41 417.16 306.48 196.72 86.68 0.00 0.00 0.00 0.00
0.00 0.00 0.00 0.00 0.00 0.00 0.00 0.00 0.00 0.77 1.97 3.07 4.04 4.52 4.55 4.39 4.44 3.08 1.77 0.20 0.00 0.00 0.00 0.00
0.00 0.00 0.00 0.00 0.00 0.00 0.00 0.00 0.00 0.33 0.61 0.96 1.29 1.19 1.22 1.20 1.06 0.78 0.46 0.09 0.00 0.00 0.00 0.00
0.00 0.00 0.00 0.00 0.00 0.00 0.00 0.00 0.00 0.53 0.98 1.53 2.06 1.91 1.96 1.92 1.70 1.25 0.74 0.15 0.00 0.00 0.00 0.00
0.00 0.00 0.00 0.00 0.00 0.00 0.00 0.00 0.00 0.53 0.98 1.53 2.06 1.91 1.96 1.92 1.70 1.25 0.74 0.15 0.00 0.00 0.00 0.00
0.00 0.00 0.00 0.00 0.00 0.00 0.00 0.00 0.00 1.13 2.46 3.81 5.25 6.48 6.70 6.57 6.29 4.56 2.75 0.54 0.00 0.00 0.00 0.00
0.00 0.00 0.00 0.00 0.00 0.00 0.00 0.00 0.00 0.54 1.16 1.83 2.51 3.02 3.12 3.05 2.84 2.07 1.25 0.25 0.00 0.00 0.00 0.00
0.00 0.00 0.00 0.00 0.00 0.00 0.00 0.00 0.00 0.69 1.49 2.36 3.23 3.89 4.01 3.93 3.65 2.67 1.61 0.33 0.00 0.00 0.00 0.00
0.00 0.00 0.00 0.00 0.00 0.00 0.00 0.00 0.00 0.46 0.99 1.57 2.15 2.59 2.68 2.62 2.43 1.78 1.07 0.22 0.00 0.00 0.00 0.00
0.00 0.00 0.00 0.00 0.00 0.00 0.00 0.00 0.00 0.46 0.99 1.57 2.15 2.59 2.68 2.62 2.43 1.78 1.07 0.22 0.00 0.00 0.00 0.00
0.00 0.00 0.00 0.00 0.00 0.00 0.00 0.00 0.00 11.93 24.52 38.50 50.37 52.12 55.24 53.69 46.63 34.34 21.51 5.28 0.00 0.00 0.00 0.00
0.00 0.00 0.00 0.00 0.00 0.00 0.00 0.00 0.00 3.71 7.58 11.92 16.59 20.15 20.49 20.12 19.54 14.20 8.51 1.54 0.00 0.00 0.00 0.00
0.00 0.00 0.00 0.00 0.00 0.00 0.00 0.00 0.00 3.17 6.29 9.88 13.22 14.52 14.96 14.54 14.37 10.44 6.28 1.72 0.00 0.00 0.00 0.00
0.00 0.00 0.00 0.00 0.00 0.00 0.00 0.00 0.00 11.76 27.51 43.39 59.65 83.55 89.95 87.13 123.05 90.40 58.03 25.57 0.00 0.00 0.00 0.00
0.00 0.00 0.00 0.00 0.00 0.00 0.00 0.00 0.00 11.19 26.17 41.27 56.74 79.48 85.56 82.88 117.05 85.99 55.19 24.32 0.00 0.00 0.00 0.00
0.00 0.00 0.00 0.00 0.00 0.00 0.00 0.00 0.00 21.52 50.32 79.36 109.12 152.84 164.55 159.39 225.09 165.37 106.14 46.77 0.00 0.00 0.00 0.00
0.00 0.00 0.00 0.00 0.00 0.00 0.00 0.00 0.00 21.16 49.48 78.04 107.30 150.30 161.81 156.74 221.34 162.61 104.37 45.99 0.00 0.00 0.00 0.00
0.00 0.00 0.00 0.00 0.00 0.00 0.00 0.00 0.00 48.95 138.03 216.10 295.66 402.29 418.54 405.89 397.69 293.50 187.62 37.93 0.00 0.00 0.00 0.00
0.00 0.00 0.00 0.00 0.00 0.00 0.00 0.00 0.00 0.33 0.61 0.96 1.29 1.19 1.22 1.20 1.06 0.78 0.46 0.09 0.00 0.00 0.00 0.00
0.00 0.00 0.00 0.00 0.00 0.00 0.00 0.00 0.00 1.68 3.09 4.85 6.53 6.03 6.20 6.08 5.39 3.95 2.35 0.46 0.00 0.00 0.00 0.00
0.00 0.00 0.00 0.00 0.00 0.00 0.00 0.00 0.00 8.57 15.78 24.75 33.33 30.81 31.64 31.05 27.50 20.18 11.99 2.37 0.00 0.00 0.00 0.00
0.00 0.00 0.00 0.00 0.00 0.00 0.00 0.00 0.00 0.80 1.88 2.96 4.07 5.71 6.14 5.95 8.40 6.17 3.96 1.75 0.00 0.00 0.00 0.00
0.00 0.00 0.00 0.00 0.00 0.00 0.00 0.00 0.00 32.00 84.70 131.55 179.99 194.52 204.63 197.54 244.99 181.43 115.76 35.63 0.00 0.00 0.00 0.00
0.00 0.00 0.00 0.00 0.00 0.00 0.00 0.00 0.00 1.05 2.26 3.49 4.80 5.71 6.14 5.94 5.47 4.19 2.64 0.78 0.00 0.00 0.00 0.00
0.00 0.00 0.00 0.00 0.00 0.00 0.00 0.00 0.00 18.07 47.90 73.12 96.52 119.85 122.42 117.88 104.12 76.57 47.07 14.71 0.00 0.00 0.00 0.00
0.00 0.00 0.00 0.00 0.00 0.00 0.00 0.00 0.00 0.53 1.41 2.19 3.00 3.24 3.41 3.29 4.08 3.02 1.93 0.59 0.00 0.00 0.00 0.00
0.00 0.00 0.00 0.00 0.00 0.00 0.00 0.00 0.00 24.00 63.53 98.66 134.99 145.89 153.47 148.16 183.74 136.07 86.82 26.72 0.00 0.00 0.00 0.00
0.00 0.00 0.00 0.00 0.00 0.00 0.00 0.00 0.00 30.80 81.52 126.61 173.24 187.23 196.95 190.14 235.80 174.62 111.42 34.30 0.00 0.00 0.00 0.00
0.00 0.00 0.00 0.00 0.00 0.00 0.00 0.00 0.00 64.56 182.02 284.98 389.91 530.53 551.95 535.26 524.46 387.06 247.43 50.02 0.00 0.00 0.00 0.00
0.00 0.00 0.00 0.00 0.00 0.00 0.00 0.00 0.00 0.84 1.65 2.64 3.66 4.20 4.44 4.32 4.12 3.02 1.84 0.39 0.00 0.00 0.00 0.00
0.00 0.00 0.00 0.00 0.00 0.00 0.00 0.00 0.00 1.04 2.17 3.51 4.84 5.55 5.88 5.72 5.29 3.87 2.36 0.48 0.00 0.00 0.00 0.00
0.00 0.00 0.00 0.00 0.00 0.00 0.00 0.00 0.00 4.33 9.34 14.39 19.80 23.56 25.33 24.51 22.55 17.28 10.88 3.20 0.00 0.00 0.00 0.00
0.00 0.00 0.00 0.00 0.00 0.00 0.00 0.00 0.00 33.46 126.35 205.71 288.31 285.13 305.31 294.30 295.08 222.64 143.82 42.24 0.00 0.00 0.00 0.00
0.00 0.00 0.00 0.00 0.00 0.00 0.00 0.00 0.00 0.31 0.62 0.98 1.35 1.65 1.68 1.61 1.54 1.13 0.67 0.13 0.00 0.00 0.00 0.00
0.00 0.00 0.00 0.00 0.00 0.00 0.00 0.00 0.00 10.04 23.72 36.53 50.10 60.92 63.39 60.92 62.98 46.04 28.99 9.59 0.00 0.00 0.00 0.00
0.00 0.00 0.00 0.00 0.00 0.00 0.00 0.00 0.00 0.94 3.82 6.15 8.69 10.57 11.37 10.80 15.00 11.14 7.06 3.08 0.00 0.00 0.00 0.00
0.00 0.00 0.00 0.00 0.00 0.00 0.00 0.00 0.00 0.83 2.37 3.61 4.69 5.03 5.16 4.89 5.44 3.81 2.16 0.23 0.00 0.00 0.00 0.00
0.00 0.00 0.00 0.00 0.00 0.00 0.00 0.00 0.00 0.42 1.19 1.80 2.35 2.52 2.58 2.44 2.72 1.91 1.08 0.11 0.00 0.00 0.00 0.00
0.00 0.00 0.00 0.00 0.00 0.00 0.00 0.00 0.00 0.91 2.60 3.94 5.13 5.50 5.64 5.35 5.95 4.17 2.37 0.25 0.00 0.00 0.00 0.00
0.00 0.00 0.00 0.00 0.00 0.00 0.00 0.00 0.00 1.18 2.57 3.93 5.16 6.04 6.16 5.91 5.73 4.01 2.29 0.34 0.00 0.00 0.00 0.00
0.00 0.00 0.00 0.00 0.00 0.00 0.00 0.00 0.00 1.81 3.91 5.98 7.86 9.20 9.39 9.01 8.73 6.12 3.49 0.52 0.00 0.00 0.00 0.00
0.00 0.00 0.00 0.00 0.00 0.00 0.00 0.00 0.00 1.64 3.65 5.64 7.44 8.42 8.48 8.23 7.47 5.14 2.96 0.44 0.00 0.00 0.00 0.00
0.00 0.00 0.00 0.00 0.00 0.00 0.00 0.00 0.00 1.75 4.55 6.92 9.16 11.23 11.35 10.73 9.49 6.81 4.09 0.88 0.00 0.00 0.00 0.00
0.00 0.00 0.00 0.00 0.00 0.00 0.00 0.00 0.00 4.53 11.76 17.86 23.65 29.00 29.32 27.73 24.51 17.60 10.56 2.27 0.00 0.00 0.00 0.00
0.00 0.00 0.00 0.00 0.00 0.00 0.00 0.00 0.00 0.73 1.88 2.89 3.86 5.19 5.27 5.03 4.18 3.07 1.86 0.70 0.00 0.00 0.00 0.00
0.00 0.00 0.00 0.00 0.00 0.00 0.00 0.00 0.00 1.48 2.73 4.34 5.73 7.58 7.88 7.64 7.02 5.05 2.95 0.57 0.00 0.00 0.00 0.00
0.00 0.00 0.00 0.00 0.00 0.00 0.00 0.00 0.00 2.34 4.42 6.92 9.13 11.76 12.00 11.62 16.68 11.94 6.94 0.80 0.00 0.00 0.00 0.00
0.00 0.00 0.00 0.00 0.00 0.00 0.00 0.00 0.00 0.44 0.75 1.10 1.38 1.31 1.31 1.26 1.00 0.72 0.40 0.03 0.00 0.00 0.00 0.00
0.00 0.00 0.00 0.00 0.00 0.00 0.00 0.00 0.00 1.84 4.49 6.97 8.91 8.18 8.22 8.04 5.72 4.07 2.34 0.22 0.00 0.00 0.00 0.00
0.00 0.00 0.00 0.00 0.00 0.00 0.00 0.00 0.00 1.37 2.87 4.42 5.53 4.87 4.96 4.79 3.59 2.54 1.44 0.15 0.00 0.00 0.00 0.00
0.00 0.00 0.00 0.00 0.00 0.00 0.00 0.00 0.00 1.89 3.97 6.10 7.63 6.72 6.84 6.61 4.95 3.50 1.98 0.20 0.00 0.00 0.00 0.00
0.00 0.00 0.00 0.00 0.00 0.00 0.00 0.00 0.00 1.29 2.70 4.16 5.20 4.58 4.66 4.50 3.37 2.39 1.35 0.14 0.00 0.00 0.00 0.00
0.00 0.00 0.00 0.00 0.00 0.00 0.00 0.00 0.00 0.98 2.40 3.72 4.75 4.36 4.38 4.29 3.05 2.17 1.25 0.12 0.00 0.00 0.00 0.00
0.00 0.00 0.00 0.00 0.00 0.00 0.00 0.00 0.00 0.91 1.78 2.71 3.32 3.25 3.28 3.09 2.36 1.70 0.95 0.08 0.00 0.00 0.00 0.00
0.00 0.00 0.00 0.00 0.00 0.00 0.00 0.00 0.00 0.95 1.75 2.74 3.69 3.41 3.51 3.44 3.05 2.24 1.33 0.26 0.00 0.00 0.00 0.00
0.00 0.00 0.00 0.00 0.00 0.00 0.00 0.00 0.00 15.53 31.91 50.10 65.56 67.84 71.91 69.88 60.69 44.69 28.00 6.88 0.00 0.00 0.00 0.00
0.00 0.00 0.00 0.00 0.00 0.00 0.00 0.00 0.00 1.28 2.78 4.32 5.95 7.34 7.59 7.45 7.12 5.17 3.12 0.61 0.00 0.00 0.00 0.00
0.00 0.00 0.00 0.00 0.00 0.00 0.00 0.00 0.00 2.17 4.44 7.19 9.73 12.01 12.21 12.17 10.71 7.69 4.57 0.76 0.00 0.00 0.00 0.00
0.00 0.00 0.00 0.00 0.00 0.00 0.00 0.00 0.00 1.00 2.03 3.30 4.46 5.51 5.59 5.58 4.91 3.53 2.09 0.35 0.00 0.00 0.00 0.00
0.00 0.00 0.00 0.00 0.00 0.00 0.00 0.00 0.00 1.60 3.46 5.33 7.39 9.20 9.49 9.24 9.05 6.59 3.98 0.75 0.00 0.00 0.00 0.00
0.00 0.00 0.00 0.00 0.00 0.00 0.00 0.00 0.00 0.76 1.51 2.38 3.28 4.01 4.08 3.91 3.74 2.74 1.63 0.32 0.00 0.00 0.00 0.00
0.00 0.00 0.00 0.00 0.00 0.00 0.00 0.00 0.00 4.48 9.67 14.90 20.50 24.39 26.22 25.37 23.35 17.89 11.27 3.32 0.00 0.00 0.00 0.00
0.00 0.00 0.00 0.00 0.00 0.00 0.00 0.00 0.00 4.32 11.45 17.49 23.08 28.66 29.27 28.19 24.90 18.31 11.26 3.52 0.00 0.00 0.00 0.00
0.00 0.00 0.00 0.00 0.00 0.00 0.00 0.00 0.00 0.91 1.89 2.90 3.87 4.74 4.88 4.73 5.10 3.71 2.29 0.62 0.00 0.00 0.00 0.00
0.00 0.00 0.00 0.00 0.00 0.00 0.00 0.00 0.00 1.13 2.12 3.27 4.29 5.10 5.26 5.04 5.41 4.02 2.48 0.69 0.00 0.00 0.00 0.00
0.00 0.00 0.00 0.00 0.00 0.00 0.00 0.00 0.00 1.82 3.39 5.23 6.86 8.17 8.42 8.06 8.66 6.42 3.97 1.11 0.00 0.00 0.00 0.00
0.00 0.00 0.00 0.00 0.00 0.00 0.00 0.00 0.00 21.88 51.16 80.69 110.93 155.39 167.29 162.05 228.84 168.12 107.91 47.55 0.00 0.00 0.00 0.00
