0.00 0.00 0.00 0.00 0.00 0.00 0.00 0.00 0.78 1.70 2.73 3.63 4.27 4.72 4.75 4.59 4.19 3.45 2.43 1.18 0.41 0.00 0.00 0.00
0.00 0.00 0.00 0.00 0.00 0.00 0.00 0.00 17.26 34.00 52.49 66.86 78.07 92.28 91.75 85.83 69.92 54.22 36.63 13.63 1.74 0.00 0.00 0.00
0.00 0.00 0.00 0.00 0.00 0.00 0.00 0.00 17.85 38.81 62.37 83.11 97.72 107.89 108.59 105.03 95.89 78.96 55.55 27.06 9.43 0.00 0.00 0.00
0.00 0.00 0.00 0.00 0.00 0.00 0.00 0.00 63.44 137.91 221.65 295.36 347.30 383.45 385.91 373.28 340.80 280.60 197.40 96.17 33.51 0.00 0.00 0.00
0.00 0.00 0.00 0.00 0.00 0.00 0.00 0.55 3.44 6.15 8.40 10.60 12.02 10.83 10.58 9.77 8.83 6.84 4.39 1.91 0.07 0.00 0.00 0.00
0.00 0.00 0.00 0.00 0.00 0.00 0.00 0.00 121.58 280.77 472.67 634.90 763.75 844.26 876.30 873.81 811.74 665.57 462.41 234.93 85.17 0.00 0.00 0.00
0.00 0.00 0.00 0.00 0.00 0.00 0.00 0.26 2.05 3.75 5.87 7.59 8.78 9.42 9.29 8.72 7.68 5.93 3.92 1.58 0.32 0.00 0.00 0.00
0.00 0.00 0.00 0.00 0.00 0.00 0.00 0.02 1.03 2.00 2.77 3.61 4.20 4.79 4.67 4.45 4.44 3.47 2.33 0.93 0.13 0.00 0.00 0.00
0.00 0.00 0.00 0.00 0.00 0.00 0.00 0.03 1.66 3.20 4.42 5.77 6.73 7.66 7.47 7.12 7.11 5.56 3.73 1.50 0.21 0.00 0.00 0.00
0.00 0.00 0.00 0.00 0.00 0.00 0.00 0.03 1.66 3.20 4.42 5.77 6.73 7.66 7.47 7.12 7.11 5.56 3.73 1.50 0.21 0.00 0.00 0.00
0.00 0.00 0.00 0.00 0.00 0.00 0.00 0.00 3.88 7.66 11.78 15.70 18.26 20.26 20.29 19.21 16.28 12.83 8.31 3.82 0.78 0.00 0.00 0.00
0.00 0.00 0.00 0.00 0.00 0.00 0.00 0.00 1.81 3.57 5.26 7.03 8.15 9.25 9.25 8.70 7.63 6.04 3.90 1.82 0.36 0.00 0.00 0.00
0.00 0.00 0.00 0.00 0.00 0.00 0.00 0.00 2.33 4.59 6.76 9.03 10.48 11.89 11.89 11.19 9.81 7.77 5.02 2.34 0.47 0.00 0.00 0.00
0.00 0.00 0.00 0.00 0.00 0.00 0.00 0.00 1.55 3.06 4.51 6.02 6.99 7.93 7.93 7.46 6.54 5.18 3.34 1.56 0.31 0.00 0.00 0.00
0.00 0.00 0.00 0.00 0.00 0.00 0.00 0.00 1.55 3.06 4.51 6.02 6.99 7.93 7.93 7.46 6.54 5.18 3.34 1.56 0.31 0.00 0.00 0.00
0.00 0.00 0.00 0.00 0.00 0.00 0.00 0.00 19.21 41.11 66.57 88.17 102.92 116.45 116.13 109.55 100.09 77.88 52.00 21.12 4.02 0.00 0.00 0.00
0.00 0.00 0.00 0.00 0.00 0.00 0.00 0.08 11.95 23.28 35.43 47.30 55.12 57.22 57.31 53.43 47.37 37.31 24.53 10.81 2.12 0.00 0.00 0.00
0.00 0.00 0.00 0.00 0.00 0.00 0.00 0.02 10.26 20.01 31.59 42.13 48.49 52.22 52.10 49.06 43.34 34.34 22.59 8.83 1.94 0.00 0.00 0.00
0.00 0.00 0.00 0.00 0.00 0.00 0.00 0.00 35.86 82.82 139.42 187.27 225.28 249.03 258.48 257.74 239.43 196.32 136.40 69.30 25.12 0.00 0.00 0.00
0.00 0.00 0.00 0.00 0.00 0.00 0.00 0.00 34.11 78.78 132.62 178.14 214.29 236.88 245.87 245.17 227.75 186.74 129.74 65.92 23.90 0.00 0.00 0.00
0.00 0.00 0.00 0.00 0.00 0.00 0.00 0.00 65.60 151.49 255.04 342.57 412.09 455.53 472.82 471.48 437.99 359.12 249.50 126.76 45.96 0.00 0.00 0.00
0.00 0.00 0.00 0.00 0.00 0.00 0.00 0.00 64.51 148.97 250.79 336.86 405.23 447.94 464.94 463.62 430.69 353.14 245.34 124.65 45.19 0.00 0.00 0.00
0.00 0.00 0.00 0.00 0.00 0.00 0.00 0.00 80.87 175.26 280.93 379.96 457.68 506.86 521.33 500.58 462.85 369.01 257.72 129.35 47.28 0.00 0.00 0.00
0.00 0.00 0.00 0.00 0.00 0.00 0.00 0.02 1.03 2.00 2.77 3.61 4.20 4.79 4.67 4.45 4.44 3.47 2.33 0.93 0.13 0.00 0.00 0.00
0.00 0.00 0.00 0.00 0.00 0.00 0.00 0.09 5.24 10.14 14.01 18.27 21.30 24.25 23.64 22.54 22.51 17.59 11.80 4.74 0.68 0.00 0.00 0.00
0.00 0.00 0.00 0.00 0.00 0.00 0.00 0.44 26.77 51.76 71.54 93.28 108.74 123.81 120.69 115.09 114.93 89.81 60.24 24.18 3.47 0.00 0.00 0.00
0.00 0.00 0.00 0.00 0.00 0.00 0.00 0.00 2.45 5.66 9.52 12.79 15.38 17.01 17.65 17.60 16.35 13.41 9.31 4.73 1.72 0.00 0.00 0.00
0.00 0.00 0.00 0.00 0.00 0.00 0.00 0.00 62.45 135.76 218.19 290.76 341.89 377.47 379.90 367.47 335.49 276.23 194.33 94.68 32.99 0.00 0.00 0.00
0.00 0.00 0.00 0.00 0.00 0.00 0.00 0.00 5.21 11.12 18.18 24.82 29.62 32.63 32.40 30.59 27.78 22.17 14.99 6.81 1.86 0.00 0.00 0.00
0.00 0.00 0.00 0.00 0.00 0.00 0.00 0.00 34.68 69.36 112.52 151.64 179.13 193.22 194.62 184.51 164.12 132.29 91.98 45.23 14.26 0.00 0.00 0.00
0.00 0.00 0.00 0.00 0.00 0.00 0.00 0.00 1.04 2.26 3.64 4.85 5.70 6.29 6.33 6.12 5.59 4.60 3.24 1.58 0.55 0.00 0.00 0.00
0.00 0.00 0.00 0.00 0.00 0.00 0.00 0.00 46.84 101.82 163.64 218.07 256.42 283.11 284.92 275.60 251.62 207.17 145.75 71.01 24.74 0.00 0.00 0.00
0.00 0.00 0.00 0.00 0.00 0.00 0.00 0.00 60.11 130.67 210.01 279.85 329.07 363.32 365.65 353.69 322.91 265.87 187.04 91.12 31.75 0.00 0.00 0.00
0.00 0.00 0.00 0.00 0.00 0.00 0.00 0.00 106.65 231.13 370.47 501.07 603.57 668.42 687.50 660.14 610.39 486.63 339.86 170.58 62.35 0.00 0.00 0.00
0.00 0.00 0.00 0.00 0.00 0.00 0.00 0.00 2.67 5.38 8.75 11.72 13.64 14.81 14.80 13.85 12.46 9.50 6.45 2.89 0.60 0.00 0.00 0.00
0.00 0.00 0.00 0.00 0.00 0.00 0.00 0.00 3.41 6.82 10.87 14.55 16.95 18.17 18.19 17.04 15.34 11.76 7.86 3.58 0.74 0.00 0.00 0.00
0.00 0.00 0.00 0.00 0.00 0.00 0.00 0.00 21.51 45.85 74.98 102.38 122.16 134.58 133.66 126.19 114.58 91.45 61.84 28.07 7.66 0.00 0.00 0.00
0.00 0.00 0.00 0.00 0.00 0.00 0.00 0.00 78.57 171.60 265.64 363.82 441.58 466.25 473.88 446.11 392.86 318.73 225.22 142.72 60.04 0.00 0.00 0.00
0.00 0.00 0.00 0.00 0.00 0.00 0.00 0.03 0.96 1.84 2.75 3.65 4.21 4.00 4.02 3.78 3.47 2.65 1.79 0.82 0.15 0.00 0.00 0.00
0.00 0.00 0.00 0.00 0.00 0.00 0.00 0.00 16.38 34.39 54.60 73.43 88.12 95.92 97.14 93.11 83.24 66.34 46.68 23.01 7.70 0.00 0.00 0.00
0.00 0.00 0.00 0.00 0.00 0.00 0.00 0.00 3.85 9.59 16.48 22.81 27.40 30.09 30.81 30.01 23.70 18.70 13.46 7.54 2.90 0.00 0.00 0.00
0.00 0.00 0.00 0.00 0.00 0.00 0.00 0.36 2.45 4.42 6.70 8.67 9.96 10.57 10.51 9.88 8.61 6.73 4.38 1.75 0.32 0.00 0.00 0.00
0.00 0.00 0.00 0.00 0.00 0.00 0.00 0.18 1.23 2.21 3.35 4.34 4.98 5.29 5.26 4.94 4.31 3.36 2.19 0.87 0.16 0.00 0.00 0.00
0.00 0.00 0.00 0.00 0.00 0.00 0.00 0.40 2.68 4.84 7.32 9.48 10.90 11.56 11.50 10.81 9.42 7.36 4.79 1.91 0.35 0.00 0.00 0.00
0.00 0.00 0.00 0.00 0.00 0.00 0.00 0.44 3.20 5.79 8.88 11.44 13.31 14.22 13.96 13.17 11.63 8.98 5.85 2.31 0.42 0.00 0.00 0.00
0.00 0.00 0.00 0.00 0.00 0.00 0.00 0.67 4.87 8.83 13.53 17.43 20.27 21.67 21.27 20.07 17.72 13.68 8.91 3.52 0.64 0.00 0.00 0.00
0.00 0.00 0.00 0.00 0.00 0.00 0.00 0.50 4.19 7.67 11.95 15.30 17.79 18.97 18.61 17.56 15.58 12.15 8.10 3.31 0.66 0.00 0.00 0.00
0.00 0.00 0.00 0.00 0.00 0.00 0.00 0.12 3.04 5.86 9.18 12.38 14.57 15.52 15.68 14.98 13.34 10.55 7.15 3.39 0.99 0.00 0.00 0.00
0.00 0.00 0.00 0.00 0.00 0.00 0.00 0.30 7.87 15.14 23.72 31.99 37.64 40.10 40.51 38.70 34.46 27.25 18.48 8.76 2.56 0.00 0.00 0.00
0.00 0.00 0.00 0.00 0.00 0.00 0.00 0.00 2.01 3.94 6.13 8.27 9.80 10.46 10.39 9.74 8.59 6.78 4.71 2.28 0.67 0.00 0.00 0.00
0.00 0.00 0.00 0.00 0.00 0.00 0.00 0.32 4.48 8.42 11.86 15.54 17.87 14.97 14.98 13.83 14.18 10.92 7.10 3.36 0.54 0.00 0.00 0.00
0.00 0.00 0.00 0.00 0.00 0.00 0.00 0.69 7.51 13.96 21.78 28.60 33.02 34.75 35.12 32.95 26.76 20.73 13.54 5.51 1.00 0.00 0.00 0.00
0.00 0.00 0.00 0.00 0.00 0.00 0.00 0.18 1.10 1.96 2.64 3.34 3.76 3.25 3.14 2.93 2.72 2.11 1.36 0.59 0.03 0.00 0.00 0.00
0.00 0.00 0.00 0.00 0.00 0.00 0.00 0.60 5.92 10.94 16.66 21.07 23.66 24.36 23.55 22.15 19.80 15.29 10.02 4.19 0.39 0.00 0.00 0.00
0.00 0.00 0.00 0.00 0.00 0.00 0.00 0.52 3.97 7.21 10.92 13.75 15.37 14.48 13.82 13.18 12.64 9.73 6.40 2.69 0.19 0.00 0.00 0.00
0.00 0.00 0.00 0.00 0.00 0.00 0.00 0.71 5.48 9.96 15.07 18.98 21.22 19.98 19.08 18.19 17.44 13.42 8.83 3.71 0.26 0.00 0.00 0.00
0.00 0.00 0.00 0.00 0.00 0.00 0.00 0.48 3.73 6.78 10.27 12.93 14.45 13.61 12.99 12.39 11.88 9.14 6.02 2.53 0.18 0.00 0.00 0.00
0.00 0.00 0.00 0.00 0.00 0.00 0.00 0.32 3.16 5.83 8.88 11.24 12.62 12.99 12.56 11.81 10.56 8.15 5.35 2.24 0.21 0.00 0.00 0.00
0.00 0.00 0.00 0.00 0.00 0.00 0.00 0.44 2.99 5.38 7.51 9.44 10.69 9.79 9.68 9.05 8.80 6.83 4.38 1.65 0.07 0.00 0.00 0.00
0.00 0.00 0.00 0.00 0.00 0.00 0.00 0.05 2.97 5.74 7.93 10.34 12.05 13.72 13.38 12.76 12.74 9.95 6.68 2.68 0.38 0.00 0.00 0.00
0.00 0.00 0.00 0.00 0.00 0.00 0.00 0.00 25.00 53.50 86.65 114.76 133.96 151.57 151.16 142.59 130.28 101.36 67.69 27.49 5.24 0.00 0.00 0.00
0.00 0.00 0.00 0.00 0.00 0.00 0.00 0.00 4.39 8.68 13.35 17.79 20.70 22.96 22.99 21.78 18.45 14.54 9.41 4.33 0.88 0.00 0.00 0.00
0.00 0.00 0.00 0.00 0.00 0.00 0.00 0.16 6.52 12.54 16.33 21.72 25.49 24.35 24.38 22.69 26.07 20.01 13.19 5.81 1.01 0.00 0.00 0.00
0.00 0.00 0.00 0.00 0.00 0.00 0.00 0.08 2.99 5.75 7.49 9.95 11.68 11.16 11.17 10.40 11.95 9.17 6.05 2.66 0.46 0.00 0.00 0.00
0.00 0.00 0.00 0.00 0.00 0.00 0.00 0.00 5.47 10.78 16.85 22.40 26.10 28.50 28.52 27.00 22.90 18.02 11.72 5.33 1.09 0.00 0.00 0.00
0.00 0.00 0.00 0.00 0.00 0.00 0.00 0.07 2.33 4.48 6.69 8.87 10.22 9.71 9.77 9.19 8.42 6.44 4.35 2.00 0.37 0.00 0.00 0.00
0.00 0.00 0.00 0.00 0.00 0.00 0.00 0.00 22.27 47.47 77.63 106.00 126.48 139.34 138.39 130.65 118.63 94.68 64.03 29.07 7.93 0.00 0.00 0.00
0.00 0.00 0.00 0.00 0.00 0.00 0.00 0.00 8.29 16.59 26.91 36.26 42.83 46.21 46.54 44.12 39.25 31.63 22.00 10.82 3.41 0.00 0.00 0.00
0.00 0.00 0.00 0.00 0.00 0.00 0.00 0.00 1.89 3.81 6.01 8.04 9.70 10.49 10.38 9.80 8.76 7.03 4.90 2.38 0.74 0.00 0.00 0.00
0.00 0.00 0.00 0.00 0.00 0.00 0.00 0.00 2.42 4.90 7.82 10.33 11.96 12.76 12.90 12.39 10.95 8.82 6.11 2.93 0.88 0.00 0.00 0.00
0.00 0.00 0.00 0.00 0.00 0.00 0.00 0.00 3.87 7.84 12.51 16.52 19.13 20.42 20.64 19.82 17.52 14.11 9.77 4.68 1.40 0.00 0.00 0.00
0.00 0.00 0.00 0.00 0.00 0.00 0.00 0.00 66.69 154.02 259.29 348.28 418.96 463.13 480.71 479.34 445.29 365.11 253.66 128.88 46.72 0.00 0.00 0.00
