0.00 0.00 0.00 0.00 0.00 0.00 0.00 0.00 0.24 1.07 2.08 2.92 3.61 3.93 4.02 3.85 2.70 1.97 1.23 0.20 0.00 0.00 0.00 0.00
0.00 0.00 0.00 0.00 0.00 0.00 0.00 0.00 8.14 21.57 34.59 47.25 54.72 61.28 59.91 54.74 48.07 33.65 19.21 1.38 0.00 0.00 0.00 0.00
0.00 0.00 0.00 0.00 0.00 0.00 0.00 0.00 5.57 24.36 47.53 66.72 82.58 89.77 91.95 88.12 61.67 45.02 28.05 4.62 0.00 0.00 0.00 0.00
0.00 0.00 0.00 0.00 0.00 0.00 0.00 0.00 19.79 86.57 168.92 237.13 293.47 319.03 326.77 313.17 219.18 160.01 99.67 16.43 0.00 0.00 0.00 0.00
0.00 0.00 0.00 0.00 0.00 0.00 0.00 0.00 1.67 3.82 3.97 5.27 6.03 5.37 5.13 4.51 6.81 4.62 2.44 0.00 0.00 0.00 0.00 0.00
0.00 0.00 0.00 0.00 0.00 0.00 0.00 0.00 31.79 164.03 358.40 505.26 630.42 753.60 784.76 757.92 631.26 462.66 293.47 48.66 0.00 0.00 0.00 0.00
0.00 0.00 0.00 0.00 0.00 0.00 0.00 0.00 0.91 2.41 3.96 5.40 6.37 5.87 5.92 5.47 4.36 2.97 1.66 0.04 0.00 0.00 0.00 0.00
0.00 0.00 0.00 0.00 0.00 0.00 0.00 0.00 0.35 0.94 1.40 1.90 2.15 2.55 2.50 2.31 2.61 1.82 1.04 0.09 0.00 0.00 0.00 0.00
0.00 0.00 0.00 0.00 0.00 0.00 0.00 0.00 0.57 1.50 2.24 3.04 3.44 4.08 4.00 3.69 4.18 2.92 1.66 0.15 0.00 0.00 0.00 0.00
0.00 0.00 0.00 0.00 0.00 0.00 0.00 0.00 0.57 1.50 2.24 3.04 3.44 4.08 4.00 3.69 4.18 2.92 1.66 0.15 0.00 0.00 0.00 0.00
0.00 0.00 0.00 0.00 0.00 0.00 0.00 0.00 1.70 4.89 8.54 11.99 14.08 15.63 15.44 14.60 11.39 8.06 4.70 0.49 0.00 0.00 0.00 0.00
0.00 0.00 0.00 0.00 0.00 0.00 0.00 0.00 0.79 2.27 3.97 5.59 6.49 7.43 7.35 7.00 5.48 3.86 2.25 0.24 0.00 0.00 0.00 0.00
0.00 0.00 0.00 0.00 0.00 0.00 0.00 0.00 1.02 2.92 5.10 7.19 8.34 9.55 9.46 9.01 7.04 4.96 2.89 0.31 0.00 0.00 0.00 0.00
0.00 0.00 0.00 0.00 0.00 0.00 0.00 0.00 0.68 1.95 3.40 4.79 5.56 6.37 6.30 6.00 4.69 3.31 1.93 0.21 0.00 0.00 0.00 0.00
0.00 0.00 0.00 0.00 0.00 0.00 0.00 0.00 0.68 1.95 3.40 4.79 5.56 6.37 6.30 6.00 4.69 3.31 1.93 0.21 0.00 0.00 0.00 0.00
0.00 0.00 0.00 0.00 0.00 0.00 0.00 0.00 9.20 28.07 47.73 67.61 79.55 82.40 82.51 77.05 52.91 37.51 22.40 3.14 0.00 0.00 0.00 0.00
0.00 0.00 0.00 0.00 0.00 0.00 0.00 0.00 5.31 14.92 25.70 35.76 41.52 46.69 46.67 43.55 34.86 24.77 14.33 1.25 0.00 0.00 0.00 0.00
0.00 0.00 0.00 0.00 0.00 0.00 0.00 0.00 4.23 12.28 20.75 28.70 34.42 36.57 36.67 34.66 23.64 16.81 9.78 1.28 0.00 0.00 0.00 0.00
0.00 0.00 0.00 0.00 0.00 0.00 0.00 0.00 9.38 48.38 105.72 149.03 185.95 222.29 231.48 223.56 186.20 136.47 86.56 14.35 0.00 0.00 0.00 0.00
0.00 0.00 0.00 0.00 0.00 0.00 0.00 0.00 8.92 46.02 100.56 141.76 176.88 211.44 220.19 212.66 177.12 129.81 82.34 13.65 0.00 0.00 0.00 0.00
0.00 0.00 0.00 0.00 0.00 0.00 0.00 0.00 17.15 88.51 193.38 272.62 340.15 406.62 423.43 408.95 340.61 249.64 158.35 26.25 0.00 0.00 0.00 0.00
0.00 0.00 0.00 0.00 0.00 0.00 0.00 0.00 16.87 87.03 190.16 268.08 334.48 399.84 416.38 402.14 334.93 245.48 155.71 25.82 0.00 0.00 0.00 0.00
0.00 0.00 0.00 0.00 0.00 0.00 0.00 0.00 24.77 114.89 222.85 309.02 387.67 425.79 439.07 416.64 337.36 245.97 153.84 22.44 0.00 0.00 0.00 0.00
0.00 0.00 0.00 0.00 0.00 0.00 0.00 0.00 0.35 0.94 1.40 1.90 2.15 2.55 2.50 2.31 2.61 1.82 1.04 0.09 0.00 0.00 0.00 0.00
0.00 0.00 0.00 0.00 0.00 0.00 0.00 0.00 1.80 4.76 7.11 9.63 10.89 12.91 12.66 11.69 13.24 9.25 5.25 0.48 0.00 0.00 0.00 0.00
0.00 0.00 0.00 0.00 0.00 0.00 0.00 0.00 9.17 24.30 36.29 49.14 55.60 65.92 64.65 59.70 67.58 47.20 26.82 2.43 0.00 0.00 0.00 0.00
0.00 0.00 0.00 0.00 0.00 0.00 0.00 0.00 0.64 3.30 7.22 10.18 12.70 15.18 15.81 15.27 12.72 9.32 5.91 0.98 0.00 0.00 0.00 0.00
0.00 0.00 0.00 0.00 0.00 0.00 0.00 0.00 19.48 85.22 166.28 233.43 288.90 314.06 321.68 308.28 215.76 157.51 98.12 16.18 0.00 0.00 0.00 0.00
0.00 0.00 0.00 0.00 0.00 0.00 0.00 0.00 1.88 6.57 12.11 17.63 22.27 24.65 26.05 25.38 19.40 14.39 8.75 1.56 0.00 0.00 0.00 0.00
0.00 0.00 0.00 0.00 0.00 0.00 0.00 0.00 13.11 46.26 88.13 122.18 145.35 162.13 168.26 157.04 124.50 87.47 52.61 5.68 0.00 0.00 0.00 0.00
0.00 0.00 0.00 0.00 0.00 0.00 0.00 0.00 0.32 1.42 2.77 3.89 4.81 5.23 5.36 5.14 3.60 2.63 1.64 0.27 0.00 0.00 0.00 0.00
0.00 0.00 0.00 0.00 0.00 0.00 0.00 0.00 14.61 63.92 124.71 175.08 216.67 235.55 241.26 231.21 161.82 118.14 73.59 12.13 0.00 0.00 0.00 0.00
0.00 0.00 0.00 0.00 0.00 0.00 0.00 0.00 18.75 82.03 160.05 224.68 278.06 302.28 309.62 296.72 207.67 151.61 94.44 15.57 0.00 0.00 0.00 0.00
0.00 0.00 0.00 0.00 0.00 0.00 0.00 0.00 32.66 151.51 293.89 407.51 511.25 561.52 579.03 549.44 444.90 324.38 202.88 29.60 0.00 0.00 0.00 0.00
0.00 0.00 0.00 0.00 0.00 0.00 0.00 0.00 1.19 3.50 6.20 8.72 10.27 11.98 11.82 10.93 8.55 6.13 3.60 0.50 0.00 0.00 0.00 0.00
0.00 0.00 0.00 0.00 0.00 0.00 0.00 0.00 1.51 4.41 7.79 10.88 12.91 14.81 14.56 13.78 10.97 7.86 4.61 0.58 0.00 0.00 0.00 0.00
0.00 0.00 0.00 0.00 0.00 0.00 0.00 0.00 7.76 27.10 49.95 72.73 91.87 101.67 107.47 104.68 80.03 59.37 36.08 6.43 0.00 0.00 0.00 0.00
0.00 0.00 0.00 0.00 0.00 0.00 0.00 0.00 14.05 92.58 175.89 248.22 309.57 302.39 313.62 296.19 364.97 269.62 171.63 29.14 0.00 0.00 0.00 0.00
0.00 0.00 0.00 0.00 0.00 0.00 0.00 0.00 0.42 1.16 2.04 2.73 3.19 3.63 3.59 3.32 2.71 1.91 1.09 0.09 0.00 0.00 0.00 0.00
0.00 0.00 0.00 0.00 0.00 0.00 0.00 0.00 5.32 21.24 42.39 59.27 72.56 81.71 84.31 79.14 57.60 41.66 25.60 3.81 0.00 0.00 0.00 0.00
0.00 0.00 0.00 0.00 0.00 0.00 0.00 0.00 0.75 5.22 14.49 20.80 25.37 29.38 30.49 29.02 24.64 18.21 11.81 2.20 0.00 0.00 0.00 0.00
0.00 0.00 0.00 0.00 0.00 0.00 0.00 0.00 1.11 2.84 4.78 6.54 7.79 6.80 6.68 6.21 4.52 3.10 1.71 0.04 0.00 0.00 0.00 0.00
0.00 0.00 0.00 0.00 0.00 0.00 0.00 0.00 0.55 1.42 2.39 3.27 3.90 3.40 3.34 3.10 2.26 1.55 0.86 0.02 0.00 0.00 0.00 0.00
0.00 0.00 0.00 0.00 0.00 0.00 0.00 0.00 1.21 3.11 5.22 7.15 8.52 7.44 7.30 6.79 4.95 3.39 1.87 0.05 0.00 0.00 0.00 0.00
0.00 0.00 0.00 0.00 0.00 0.00 0.00 0.00 1.34 3.44 5.42 7.32 8.68 9.17 9.10 8.44 6.56 4.47 2.48 0.08 0.00 0.00 0.00 0.00
0.00 0.00 0.00 0.00 0.00 0.00 0.00 0.00 2.04 5.24 8.26 11.15 13.23 13.97 13.87 12.87 10.00 6.82 3.78 0.12 0.00 0.00 0.00 0.00
0.00 0.00 0.00 0.00 0.00 0.00 0.00 0.00 1.82 4.83 7.18 9.67 11.53 12.71 12.84 11.87 8.94 6.20 3.47 0.11 0.00 0.00 0.00 0.00
0.00 0.00 0.00 0.00 0.00 0.00 0.00 0.00 1.14 3.63 7.19 9.79 11.58 12.68 12.93 12.07 9.80 6.91 4.07 0.28 0.00 0.00 0.00 0.00
0.00 0.00 0.00 0.00 0.00 0.00 0.00 0.00 2.94 9.38 18.57 25.30 29.91 32.77 33.40 31.17 25.32 17.84 10.51 0.72 0.00 0.00 0.00 0.00
0.00 0.00 0.00 0.00 0.00 0.00 0.00 0.00 0.71 2.31 4.48 6.08 7.31 8.37 8.60 7.92 5.83 4.04 2.40 0.24 0.00 0.00 0.00 0.00
0.00 0.00 0.00 0.00 0.00 0.00 0.00 0.00 1.69 4.43 6.60 8.94 10.25 11.97 11.98 10.98 10.77 7.47 4.21 0.35 0.00 0.00 0.00 0.00
0.00 0.00 0.00 0.00 0.00 0.00 0.00 0.00 3.27 8.64 12.67 17.11 20.16 21.08 21.62 20.00 16.00 10.91 6.14 0.24 0.00 0.00 0.00 0.00
0.00 0.00 0.00 0.00 0.00 0.00 0.00 0.00 0.54 1.24 1.58 2.10 2.35 1.93 1.89 1.70 2.29 1.58 0.84 0.00 0.00 0.00 0.00 0.00
0.00 0.00 0.00 0.00 0.00 0.00 0.00 0.00 3.17 7.74 8.66 11.58 13.17 13.37 12.88 11.66 13.46 9.35 5.12 0.26 0.00 0.00 0.00 0.00
0.00 0.00 0.00 0.00 0.00 0.00 0.00 0.00 1.36 3.24 4.68 6.20 6.92 8.13 7.94 7.11 9.22 6.22 3.35 0.07 0.00 0.00 0.00 0.00
0.00 0.00 0.00 0.00 0.00 0.00 0.00 0.00 1.87 4.47 6.46 8.56 9.56 11.23 10.96 9.81 12.72 8.59 4.63 0.09 0.00 0.00 0.00 0.00
0.00 0.00 0.00 0.00 0.00 0.00 0.00 0.00 1.28 3.04 4.40 5.83 6.51 7.65 7.47 6.68 8.66 5.85 3.15 0.06 0.00 0.00 0.00 0.00
0.00 0.00 0.00 0.00 0.00 0.00 0.00 0.00 1.69 4.13 4.62 6.18 7.02 7.13 6.87 6.22 7.18 4.99 2.73 0.14 0.00 0.00 0.00 0.00
0.00 0.00 0.00 0.00 0.00 0.00 0.00 0.00 1.22 2.85 3.14 4.20 4.78 5.06 4.91 4.37 5.95 3.99 2.12 0.00 0.00 0.00 0.00 0.00
0.00 0.00 0.00 0.00 0.00 0.00 0.00 0.00 1.02 2.69 4.02 5.45 6.16 7.31 7.16 6.62 7.49 5.23 2.97 0.27 0.00 0.00 0.00 0.00
0.00 0.00 0.00 0.00 0.00 0.00 0.00 0.00 11.97 36.53 62.12 88.00 103.54 107.25 107.39 100.29 68.87 48.82 29.15 4.09 0.00 0.00 0.00 0.00
0.00 0.00 0.00 0.00 0.00 0.00 0.00 0.00 1.93 5.54 9.68 13.59 15.96 17.71 17.50 16.54 12.91 9.14 5.33 0.55 0.00 0.00 0.00 0.00
0.00 0.00 0.00 0.00 0.00 0.00 0.00 0.00 2.68 7.28 12.12 16.39 19.05 22.32 22.35 20.94 19.78 14.05 8.04 0.54 0.00 0.00 0.00 0.00
0.00 0.00 0.00 0.00 0.00 0.00 0.00 0.00 1.23 3.34 5.55 7.51 8.73 10.23 10.24 9.60 9.07 6.44 3.68 0.25 0.00 0.00 0.00 0.00
0.00 0.00 0.00 0.00 0.00 0.00 0.00 0.00 2.39 6.87 11.96 16.74 19.67 21.92 21.71 20.43 16.12 11.52 6.72 0.63 0.00 0.00 0.00 0.00
0.00 0.00 0.00 0.00 0.00 0.00 0.00 0.00 1.03 2.83 4.95 6.64 7.76 8.81 8.72 8.06 6.59 4.64 2.66 0.22 0.00 0.00 0.00 0.00
0.00 0.00 0.00 0.00 0.00 0.00 0.00 0.00 8.04 28.06 51.72 75.30 95.12 105.26 111.27 108.38 82.86 61.47 37.35 6.65 0.00 0.00 0.00 0.00
0.00 0.00 0.00 0.00 0.00 0.00 0.00 0.00 3.14 11.06 21.08 29.22 34.76 38.77 40.24 37.55 29.77 20.92 12.58 1.36 0.00 0.00 0.00 0.00
0.00 0.00 0.00 0.00 0.00 0.00 0.00 0.00 0.58 2.07 4.15 5.79 6.95 8.38 8.56 7.96 6.18 4.45 2.68 0.30 0.00 0.00 0.00 0.00
0.00 0.00 0.00 0.00 0.00 0.00 0.00 0.00 0.51 1.76 3.83 5.30 6.43 9.71 9.85 9.16 8.11 5.86 3.52 0.33 0.00 0.00 0.00 0.00
0.00 0.00 0.00 0.00 0.00 0.00 0.00 0.00 0.81 2.82 6.13 8.47 10.29 15.53 15.75 14.65 12.98 9.37 5.63 0.53 0.00 0.00 0.00 0.00
0.00 0.00 0.00 0.00 0.00 0.00 0.00 0.00 17.44 89.98 196.61 277.17 345.82 413.40 430.49 415.77 346.29 253.80 160.98 26.69 0.00 0.00 0.00 0.00
