0.00 0.00 0.00 0.00 0.00 0.00 0.00 0.24 1.10 1.92 2.86 3.76 4.54 5.07 5.21 4.90 4.30 3.49 2.53 1.55 0.71 0.00 0.00 0.00
0.00 0.00 0.00 0.00 0.00 0.00 0.00 4.95 18.28 30.94 44.02 57.05 66.67 54.14 54.27 50.67 49.09 38.82 25.95 15.73 4.45 0.00 0.00 0.00
0.00 0.00 0.00 0.00 0.00 0.00 0.00 5.40 25.10 44.02 65.45 86.07 103.81 115.82 119.08 112.02 98.22 79.90 57.82 35.54 16.29 0.00 0.00 0.00
0.00 0.00 0.00 0.00 0.00 0.00 0.00 19.19 89.21 156.44 232.61 305.89 368.95 411.63 423.19 398.10 349.06 283.94 205.50 126.32 57.90 0.00 0.00 0.00
0.00 0.00 0.00 0.00 0.00 0.00 0.00 1.33 3.53 5.88 7.71 9.76 11.11 12.31 12.27 11.09 8.31 6.53 4.38 2.87 0.68 0.00 0.00 0.00
0.00 0.00 0.00 0.00 0.00 0.00 0.00 29.13 191.49 347.19 525.13 694.72 835.27 907.75 928.84 881.50 810.03 659.18 468.07 272.55 126.70 0.00 0.00 0.00
0.00 0.00 0.00 0.00 0.00 0.00 0.00 0.97 2.57 4.26 6.08 7.80 8.97 9.47 9.54 8.90 7.70 6.16 4.26 2.18 0.80 0.00 0.00 0.00
0.00 0.00 0.00 0.00 0.00 0.00 0.00 0.39 1.32 2.19 2.87 3.67 4.23 4.62 4.73 4.47 4.10 3.20 2.18 1.05 0.31 0.00 0.00 0.00
0.00 0.00 0.00 0.00 0.00 0.00 0.00 0.62 2.11 3.51 4.59 5.88 6.76 7.39 7.58 7.15 6.55 5.12 3.48 1.67 0.50 0.00 0.00 0.00
0.00 0.00 0.00 0.00 0.00 0.00 0.00 0.62 2.11 3.51 4.59 5.88 6.76 7.39 7.58 7.15 6.55 5.12 3.48 1.67 0.50 0.00 0.00 0.00
0.00 0.00 0.00 0.00 0.00 0.00 0.00 1.24 4.41 7.41 11.15 15.04 17.89 20.13 20.19 19.20 17.71 14.37 10.04 5.26 1.83 0.00 0.00 0.00
0.00 0.00 0.00 0.00 0.00 0.00 0.00 0.59 2.10 3.53 5.19 7.00 8.32 9.46 9.59 9.06 8.15 6.56 4.56 2.42 0.83 0.00 0.00 0.00
0.00 0.00 0.00 0.00 0.00 0.00 0.00 0.76 2.71 4.54 6.68 9.00 10.70 12.16 12.33 11.65 10.47 8.43 5.86 3.11 1.07 0.00 0.00 0.00
0.00 0.00 0.00 0.00 0.00 0.00 0.00 0.51 1.80 3.03 4.45 6.00 7.13 8.11 8.22 7.76 6.98 5.62 3.91 2.07 0.71 0.00 0.00 0.00
0.00 0.00 0.00 0.00 0.00 0.00 0.00 0.51 1.80 3.03 4.45 6.00 7.13 8.11 8.22 7.76 6.98 5.62 3.91 2.07 0.71 0.00 0.00 0.00
0.00 0.00 0.00 0.00 0.00 0.00 0.00 1.51 8.73 15.78 20.89 27.45 31.48 83.65 84.56 80.07 77.06 60.52 41.06 27.67 8.81 0.00 0.00 0.00
0.00 0.00 0.00 0.00 0.00 0.00 0.00 4.23 14.18 23.60 34.97 46.35 55.32 61.43 62.23 58.56 51.32 41.45 29.40 15.27 5.25 0.00 0.00 0.00
0.00 0.00 0.00 0.00 0.00 0.00 0.00 3.83 12.79 21.26 30.80 39.34 46.30 51.45 52.15 49.86 45.28 36.14 25.13 13.38 4.87 0.00 0.00 0.00
0.00 0.00 0.00 0.00 0.00 0.00 0.00 8.59 56.48 102.41 154.90 204.92 246.38 267.75 273.98 260.01 238.93 194.44 138.06 80.39 37.37 0.00 0.00 0.00
0.00 0.00 0.00 0.00 0.00 0.00 0.00 8.17 53.73 97.41 147.34 194.92 234.36 254.69 260.61 247.33 227.28 184.95 131.33 76.47 35.55 0.00 0.00 0.00
0.00 0.00 0.00 0.00 0.00 0.00 0.00 15.72 103.32 187.33 283.34 374.85 450.69 489.80 501.17 475.63 437.07 355.67 252.55 147.06 68.36 0.00 0.00 0.00
0.00 0.00 0.00 0.00 0.00 0.00 0.00 15.46 101.60 184.21 278.62 368.60 443.18 481.63 492.82 467.70 429.78 349.75 248.35 144.61 67.22 0.00 0.00 0.00
0.00 0.00 0.00 0.00 0.00 0.00 0.00 27.01 119.45 208.11 302.08 398.68 481.51 520.84 531.19 520.65 472.73 382.32 278.04 169.75 80.42 0.00 0.00 0.00
0.00 0.00 0.00 0.00 0.00 0.00 0.00 0.39 1.32 2.19 2.87 3.67 4.23 4.62 4.73 4.47 4.10 3.20 2.18 1.05 0.31 0.00 0.00 0.00
0.00 0.00 0.00 0.00 0.00 0.00 0.00 1.97 6.68 11.12 14.54 18.61 21.42 23.41 23.99 22.63 20.75 16.20 11.03 5.30 1.60 0.00 0.00 0.00
0.00 0.00 0.00 0.00 0.00 0.00 0.00 10.04 34.08 56.77 74.25 95.00 109.34 119.50 122.47 115.52 105.94 82.69 56.29 27.03 8.14 0.00 0.00 0.00
0.00 0.00 0.00 0.00 0.00 0.00 0.00 0.59 3.86 6.99 10.58 13.99 16.83 18.29 18.71 17.76 16.32 13.28 9.43 5.49 2.55 0.00 0.00 0.00
0.00 0.00 0.00 0.00 0.00 0.00 0.00 18.89 87.82 154.00 228.98 301.12 363.20 405.21 416.59 391.90 343.62 279.52 202.30 124.35 56.99 0.00 0.00 0.00
0.00 0.00 0.00 0.00 0.00 0.00 0.00 1.17 5.62 9.88 14.90 20.70 26.21 30.40 31.28 30.31 27.80 22.47 15.76 9.19 3.62 0.00 0.00 0.00
0.00 0.00 0.00 0.00 0.00 0.00 0.00 14.65 48.67 81.09 119.22 152.31 177.60 196.83 205.41 195.08 170.30 139.32 100.23 60.30 26.69 0.00 0.00 0.00
0.00 0.00 0.00 0.00 0.00 0.00 0.00 0.31 1.46 2.57 3.82 5.02 6.05 6.75 6.94 6.53 5.73 4.66 3.37 2.07 0.95 0.00 0.00 0.00
0.00 0.00 0.00 0.00 0.00 0.00 0.00 14.17 65.87 115.50 171.74 225.84 272.40 303.91 312.45 293.92 257.72 209.64 151.72 93.26 42.74 0.00 0.00 0.00
0.00 0.00 0.00 0.00 0.00 0.00 0.00 18.18 84.53 148.22 220.40 289.83 349.58 390.02 400.97 377.20 330.74 269.03 194.71 119.69 54.86 0.00 0.00 0.00
0.00 0.00 0.00 0.00 0.00 0.00 0.00 35.61 157.52 274.45 398.36 525.76 634.99 686.86 700.51 686.61 623.42 504.19 366.66 223.86 106.05 0.00 0.00 0.00
0.00 0.00 0.00 0.00 0.00 0.00 0.00 0.84 3.21 5.46 7.96 10.53 12.54 14.55 14.70 13.99 13.38 10.55 7.37 4.27 1.48 0.00 0.00 0.00
0.00 0.00 0.00 0.00 0.00 0.00 0.00 1.08 4.09 6.94 10.04 13.19 15.81 18.20 18.47 17.66 16.32 12.81 9.08 5.21 1.80 0.00 0.00 0.00
0.00 0.00 0.00 0.00 0.00 0.00 0.00 4.81 23.18 40.76 61.47 85.37 108.12 125.40 129.02 125.02 114.66 92.69 65.00 37.92 14.93 0.00 0.00 0.00
0.00 0.00 0.00 0.00 0.00 0.00 0.00 29.90 123.65 213.85 321.63 416.10 493.94 528.85 540.27 507.11 458.82 373.22 275.32 169.61 88.29 5.64 0.00 0.00
0.00 0.00 0.00 0.00 0.00 0.00 0.00 0.36 1.17 1.93 2.90 3.79 4.45 4.90 4.93 4.67 3.63 2.92 2.06 1.14 0.38 0.00 0.00 0.00
0.00 0.00 0.00 0.00 0.00 0.00 0.00 5.96 23.70 40.70 59.62 76.75 91.18 100.07 101.00 95.15 84.68 69.01 50.91 31.92 14.46 0.00 0.00 0.00
0.00 0.00 0.00 0.00 0.00 0.00 0.00 0.48 6.73 12.80 19.16 25.51 30.58 33.01 33.44 30.69 27.81 22.27 16.02 9.58 4.56 0.00 0.00 0.00
0.00 0.00 0.00 0.00 0.00 0.00 0.00 1.19 3.07 5.07 7.07 9.00 10.34 11.03 11.01 10.34 9.15 7.23 4.95 2.38 0.85 0.00 0.00 0.00
0.00 0.00 0.00 0.00 0.00 0.00 0.00 0.60 1.54 2.54 3.54 4.50 5.17 5.52 5.50 5.17 4.57 3.61 2.48 1.19 0.42 0.00 0.00 0.00
0.00 0.00 0.00 0.00 0.00 0.00 0.00 1.31 3.36 5.55 7.73 9.84 11.31 12.06 12.04 11.31 10.01 7.90 5.42 2.60 0.93 0.00 0.00 0.00
0.00 0.00 0.00 0.00 0.00 0.00 0.00 1.54 4.04 6.66 9.35 11.74 13.54 14.50 14.53 13.62 11.57 9.09 6.32 3.04 1.07 0.00 0.00 0.00
0.00 0.00 0.00 0.00 0.00 0.00 0.00 2.34 6.16 10.16 14.25 17.89 20.63 22.10 22.13 20.75 17.63 13.85 9.63 4.64 1.63 0.00 0.00 0.00
0.00 0.00 0.00 0.00 0.00 0.00 0.00 1.94 5.21 8.59 12.26 15.86 18.05 19.23 19.26 18.06 15.36 12.35 8.46 4.55 1.66 0.00 0.00 0.00
0.00 0.00 0.00 0.00 0.00 0.00 0.00 1.42 4.18 6.79 9.69 12.15 14.03 14.32 14.90 14.53 13.69 10.93 7.76 4.71 2.02 0.00 0.00 0.00
0.00 0.00 0.00 0.00 0.00 0.00 0.00 3.67 10.80 17.55 25.02 31.39 36.24 37.00 38.49 37.54 35.36 28.23 20.04 12.16 5.23 0.00 0.00 0.00
0.00 0.00 0.00 0.00 0.00 0.00 0.00 0.86 2.72 4.50 6.51 8.32 9.71 10.60 10.81 10.39 9.36 7.57 5.32 3.18 1.36 0.00 0.00 0.00
0.00 0.00 0.00 0.00 0.00 0.00 0.00 1.79 5.36 8.78 12.66 16.85 19.63 20.85 21.23 19.75 15.76 12.58 8.81 5.05 1.64 0.00 0.00 0.00
0.00 0.00 0.00 0.00 0.00 0.00 0.00 3.40 9.68 15.79 22.04 28.37 33.75 35.86 36.57 34.36 27.27 21.63 14.81 8.35 2.87 0.00 0.00 0.00
0.00 0.00 0.00 0.00 0.00 0.00 0.00 0.52 1.36 2.18 2.93 3.70 4.15 4.12 4.06 3.79 3.22 2.53 1.68 1.07 0.27 0.00 0.00 0.00
0.00 0.00 0.00 0.00 0.00 0.00 0.00 2.57 7.49 12.30 12.47 15.57 17.59 17.89 18.08 16.78 18.21 14.04 9.29 5.47 1.49 0.00 0.00 0.00
0.00 0.00 0.00 0.00 0.00 0.00 0.00 1.89 5.23 8.56 9.49 11.96 13.18 12.35 12.09 11.39 11.84 9.17 6.15 3.93 1.02 0.00 0.00 0.00
0.00 0.00 0.00 0.00 0.00 0.00 0.00 2.60 7.21 11.82 13.09 16.50 18.18 17.04 16.68 15.71 16.34 12.65 8.49 5.42 1.41 0.00 0.00 0.00
0.00 0.00 0.00 0.00 0.00 0.00 0.00 1.77 4.91 8.05 8.92 11.24 12.39 11.61 11.36 10.70 11.13 8.62 5.78 3.69 0.96 0.00 0.00 0.00
0.00 0.00 0.00 0.00 0.00 0.00 0.00 1.37 3.99 6.56 6.65 8.30 9.38 9.54 9.64 8.95 9.71 7.49 4.95 2.92 0.80 0.00 0.00 0.00
0.00 0.00 0.00 0.00 0.00 0.00 0.00 1.32 3.56 5.86 6.84 8.58 9.66 9.71 9.73 9.00 8.02 6.31 4.34 2.53 0.61 0.00 0.00 0.00
0.00 0.00 0.00 0.00 0.00 0.00 0.00 1.11 3.78 6.29 8.23 10.53 12.12 13.24 13.57 12.80 11.74 9.16 6.24 3.00 0.90 0.00 0.00 0.00
0.00 0.00 0.00 0.00 0.00 0.00 0.00 1.97 11.36 20.54 27.19 35.73 40.98 108.88 110.06 104.22 100.29 78.78 53.45 36.02 11.47 0.00 0.00 0.00
0.00 0.00 0.00 0.00 0.00 0.00 0.00 1.41 5.00 8.40 12.64 17.04 20.27 22.81 22.88 21.76 20.07 16.29 11.38 5.97 2.07 0.00 0.00 0.00
0.00 0.00 0.00 0.00 0.00 0.00 0.00 2.42 7.88 13.01 18.78 24.81 29.71 30.82 31.50 29.51 22.88 18.34 12.83 7.31 2.40 0.00 0.00 0.00
0.00 0.00 0.00 0.00 0.00 0.00 0.00 1.11 3.61 5.96 8.61 11.37 13.62 14.13 14.44 13.53 10.49 8.41 5.88 3.35 1.10 0.00 0.00 0.00
0.00 0.00 0.00 0.00 0.00 0.00 0.00 1.77 6.24 10.48 15.80 21.21 25.28 28.30 28.21 26.81 24.67 19.94 14.11 7.37 2.57 0.00 0.00 0.00
0.00 0.00 0.00 0.00 0.00 0.00 0.00 0.89 2.84 4.68 7.03 9.21 10.81 11.89 11.97 11.35 8.81 7.09 5.01 2.77 0.93 0.00 0.00 0.00
0.00 0.00 0.00 0.00 0.00 0.00 0.00 4.98 24.00 42.20 63.65 88.39 111.94 129.83 133.58 129.45 118.71 95.96 67.30 39.26 15.46 0.00 0.00 0.00
0.00 0.00 0.00 0.00 0.00 0.00 0.00 3.50 11.64 19.39 28.51 36.42 42.47 47.07 49.12 46.65 40.72 33.31 23.97 14.42 6.38 0.00 0.00 0.00
0.00 0.00 0.00 0.00 0.00 0.00 0.00 0.75 2.60 4.36 6.49 8.28 9.75 10.53 10.69 10.17 9.16 7.44 5.29 3.31 1.45 0.00 0.00 0.00
0.00 0.00 0.00 0.00 0.00 0.00 0.00 0.89 3.17 5.35 7.82 10.01 11.73 12.97 13.36 12.97 11.86 9.40 6.70 4.13 1.76 0.00 0.00 0.00
0.00 0.00 0.00 0.00 0.00 0.00 0.00 1.42 5.07 8.57 12.51 16.01 18.77 20.75 21.37 20.76 18.97 15.04 10.72 6.61 2.82 0.00 0.00 0.00
0.00 0.00 0.00 0.00 0.00 0.00 0.00 15.98 105.04 190.45 288.07 381.10 458.20 497.96 509.53 483.56 444.35 361.60 256.76 149.51 69.50 0.00 0.00 0.00
