0.00 0.00 0.00 0.00 0.00 0.00 0.00 0.00 0.00 0.16 1.18 1.96 2.61 2.95 3.06 2.77 2.22 1.55 0.69 0.00 0.00 0.00 0.00 0.00
0.00 0.00 0.00 0.00 0.00 0.00 0.00 0.00 0.00 8.62 25.59 38.68 48.67 54.78 57.02 51.12 39.47 26.59 10.61 0.00 0.00 0.00 0.00 0.00
0.00 0.00 0.00 0.00 0.00 0.00 0.00 0.00 0.00 3.60 27.09 44.74 59.57 67.43 69.95 63.29 50.75 35.45 15.69 0.00 0.00 0.00 0.00 0.00
0.00 0.00 0.00 0.00 0.00 0.00 0.00 0.00 0.00 12.78 96.29 159.00 211.71 239.65 248.60 224.94 180.35 125.99 55.75 0.00 0.00 0.00 0.00 0.00
0.00 0.00 0.00 0.00 0.00 0.00 0.00 0.00 0.00 1.63 4.42 6.54 8.02 8.80 8.78 7.62 5.88 3.72 1.07 0.00 0.00 0.00 0.00 0.00
0.00 0.00 0.00 0.00 0.00 0.00 0.00 0.00 0.00 25.79 212.77 355.07 474.08 544.98 574.42 531.97 432.38 303.43 145.06 0.00 0.00 0.00 0.00 0.00
0.00 0.00 0.00 0.00 0.00 0.00 0.00 0.00 0.00 0.63 2.36 3.58 4.57 5.16 5.15 4.58 3.47 2.20 0.63 0.00 0.00 0.00 0.00 0.00
0.00 0.00 0.00 0.00 0.00 0.00 0.00 0.00 0.00 0.49 1.48 2.24 2.81 3.13 3.21 2.87 2.25 1.51 0.57 0.00 0.00 0.00 0.00 0.00
0.00 0.00 0.00 0.00 0.00 0.00 0.00 0.00 0.00 0.78 2.37 3.58 4.49 5.01 5.13 4.60 3.60 2.41 0.92 0.00 0.00 0.00 0.00 0.00
0.00 0.00 0.00 0.00 0.00 0.00 0.00 0.00 0.00 0.78 2.37 3.58 4.49 5.01 5.13 4.60 3.60 2.41 0.92 0.00 0.00 0.00 0.00 0.00
0.00 0.00 0.00 0.00 0.00 0.00 0.00 0.00 0.00 1.51 5.34 8.08 10.49 11.89 12.03 10.78 8.69 5.85 2.29 0.00 0.00 0.00 0.00 0.00
0.00 0.00 0.00 0.00 0.00 0.00 0.00 0.00 0.00 0.73 2.54 3.83 4.96 5.62 5.71 5.11 4.04 2.72 1.07 0.00 0.00 0.00 0.00 0.00
0.00 0.00 0.00 0.00 0.00 0.00 0.00 0.00 0.00 0.94 3.26 4.92 6.37 7.23 7.34 6.58 5.19 3.50 1.37 0.00 0.00 0.00 0.00 0.00
0.00 0.00 0.00 0.00 0.00 0.00 0.00 0.00 0.00 0.63 2.18 3.28 4.25 4.82 4.89 4.38 3.46 2.33 0.91 0.00 0.00 0.00 0.00 0.00
0.00 0.00 0.00 0.00 0.00 0.00 0.00 0.00 0.00 0.63 2.18 3.28 4.25 4.82 4.89 4.38 3.46 2.33 0.91 0.00 0.00 0.00 0.00 0.00
0.00 0.00 0.00 0.00 0.00 0.00 0.00 0.00 0.00 9.39 30.04 46.61 60.54 69.96 74.13 67.02 52.48 35.09 16.16 0.00 0.00 0.00 0.00 0.00
0.00 0.00 0.00 0.00 0.00 0.00 0.00 0.00 0.00 4.56 15.92 24.04 31.60 36.55 36.66 32.31 25.49 17.00 6.41 0.00 0.00 0.00 0.00 0.00
0.00 0.00 0.00 0.00 0.00 0.00 0.00 0.00 0.00 3.52 13.08 19.95 25.35 29.17 29.86 26.18 20.99 14.02 5.28 0.00 0.00 0.00 0.00 0.00
0.00 0.00 0.00 0.00 0.00 0.00 0.00 0.00 0.00 7.61 62.76 104.73 139.84 160.75 169.43 156.91 127.54 89.50 42.79 0.00 0.00 0.00 0.00 0.00
0.00 0.00 0.00 0.00 0.00 0.00 0.00 0.00 0.00 7.24 59.70 99.62 133.02 152.91 161.17 149.26 121.32 85.13 40.70 0.00 0.00 0.00 0.00 0.00
0.00 0.00 0.00 0.00 0.00 0.00 0.00 0.00 0.00 13.92 114.80 191.59 255.80 294.05 309.94 287.04 233.30 163.72 78.27 0.00 0.00 0.00 0.00 0.00
0.00 0.00 0.00 0.00 0.00 0.00 0.00 0.00 0.00 13.68 112.89 188.39 251.53 289.15 304.77 282.25 229.41 160.99 76.97 0.00 0.00 0.00 0.00 0.00
0.00 0.00 0.00 0.00 0.00 0.00 0.00 0.00 0.00 12.37 118.34 199.92 269.64 303.20 318.40 287.21 233.83 162.39 70.59 0.00 0.00 0.00 0.00 0.00
0.00 0.00 0.00 0.00 0.00 0.00 0.00 0.00 0.00 0.49 1.48 2.24 2.81 3.13 3.21 2.87 2.25 1.51 0.57 0.00 0.00 0.00 0.00 0.00
0.00 0.00 0.00 0.00 0.00 0.00 0.00 0.00 0.00 2.46 7.51 11.34 14.23 15.85 16.25 14.55 11.41 7.63 2.91 0.00 0.00 0.00 0.00 0.00
0.00 0.00 0.00 0.00 0.00 0.00 0.00 0.00 0.00 12.57 38.32 57.88 72.65 80.94 82.97 74.30 58.23 38.96 14.85 0.00 0.00 0.00 0.00 0.00
0.00 0.00 0.00 0.00 0.00 0.00 0.00 0.00 0.00 0.52 4.29 7.15 9.55 10.98 11.57 10.72 8.71 6.11 2.92 0.00 0.00 0.00 0.00 0.00
0.00 0.00 0.00 0.00 0.00 0.00 0.00 0.00 0.00 12.58 94.79 156.52 208.41 235.91 244.73 221.44 177.54 124.03 54.88 0.00 0.00 0.00 0.00 0.00
0.00 0.00 0.00 0.00 0.00 0.00 0.00 0.00 0.00 1.90 8.15 12.77 16.51 19.00 19.91 17.98 14.85 10.34 4.60 0.00 0.00 0.00 0.00 0.00
0.00 0.00 0.00 0.00 0.00 0.00 0.00 0.00 0.00 7.74 46.89 76.00 100.05 112.88 114.66 103.36 79.87 53.67 20.21 0.00 0.00 0.00 0.00 0.00
0.00 0.00 0.00 0.00 0.00 0.00 0.00 0.00 0.00 0.21 1.58 2.61 3.47 3.93 4.08 3.69 2.96 2.07 0.91 0.00 0.00 0.00 0.00 0.00
0.00 0.00 0.00 0.00 0.00 0.00 0.00 0.00 0.00 9.44 71.09 117.39 156.30 176.93 183.54 166.08 133.16 93.02 41.16 0.00 0.00 0.00 0.00 0.00
0.00 0.00 0.00 0.00 0.00 0.00 0.00 0.00 0.00 12.11 91.23 150.65 200.59 227.07 235.55 213.13 170.88 119.38 52.82 0.00 0.00 0.00 0.00 0.00
0.00 0.00 0.00 0.00 0.00 0.00 0.00 0.00 0.00 16.31 156.06 263.65 355.59 399.85 419.89 378.76 308.37 214.15 93.09 0.00 0.00 0.00 0.00 0.00
0.00 0.00 0.00 0.00 0.00 0.00 0.00 0.00 0.00 1.14 3.99 6.03 7.78 8.85 9.15 8.32 6.52 4.43 1.81 0.00 0.00 0.00 0.00 0.00
0.00 0.00 0.00 0.00 0.00 0.00 0.00 0.00 0.00 1.42 4.94 7.45 9.62 10.98 11.41 10.31 8.11 5.51 2.23 0.00 0.00 0.00 0.00 0.00
0.00 0.00 0.00 0.00 0.00 0.00 0.00 0.00 0.00 7.84 33.61 52.66 68.11 78.36 82.13 74.18 61.25 42.65 18.98 0.00 0.00 0.00 0.00 0.00
0.00 0.00 0.00 0.00 0.00 0.00 0.00 0.00 0.00 0.00 91.55 169.13 234.84 270.71 280.73 253.14 155.59 108.19 46.17 0.00 0.00 0.00 0.00 0.00
0.00 0.00 0.00 0.00 0.00 0.00 0.00 0.00 0.00 0.37 1.25 1.87 2.42 2.76 2.81 2.48 1.92 1.27 0.46 0.00 0.00 0.00 0.00 0.00
0.00 0.00 0.00 0.00 0.00 0.00 0.00 0.00 0.00 3.17 22.90 37.67 50.55 57.87 59.59 53.54 42.00 28.84 12.02 0.00 0.00 0.00 0.00 0.00
0.00 0.00 0.00 0.00 0.00 0.00 0.00 0.00 0.00 0.75 7.55 12.98 17.81 21.24 22.57 21.20 17.28 11.97 6.10 0.00 0.00 0.00 0.00 0.00
0.00 0.00 0.00 0.00 0.00 0.00 0.00 0.00 0.00 0.78 2.80 4.22 5.31 5.95 6.01 5.20 4.06 2.55 0.68 0.00 0.00 0.00 0.00 0.00
0.00 0.00 0.00 0.00 0.00 0.00 0.00 0.00 0.00 0.39 1.40 2.11 2.66 2.98 3.00 2.60 2.03 1.27 0.34 0.00 0.00 0.00 0.00 0.00
0.00 0.00 0.00 0.00 0.00 0.00 0.00 0.00 0.00 0.85 3.06 4.62 5.81 6.51 6.57 5.68 4.44 2.78 0.75 0.00 0.00 0.00 0.00 0.00
0.00 0.00 0.00 0.00 0.00 0.00 0.00 0.00 0.00 1.02 3.65 5.50 6.95 7.78 7.89 6.91 5.36 3.38 0.95 0.00 0.00 0.00 0.00 0.00
0.00 0.00 0.00 0.00 0.00 0.00 0.00 0.00 0.00 1.56 5.56 8.38 10.59 11.86 12.02 10.54 8.17 5.16 1.44 0.00 0.00 0.00 0.00 0.00
0.00 0.00 0.00 0.00 0.00 0.00 0.00 0.00 0.00 1.27 4.79 7.27 9.29 10.63 10.61 9.50 7.15 4.55 1.33 0.00 0.00 0.00 0.00 0.00
0.00 0.00 0.00 0.00 0.00 0.00 0.00 0.00 0.00 0.69 3.71 5.94 7.75 8.98 8.99 7.98 6.13 4.02 1.35 0.00 0.00 0.00 0.00 0.00
0.00 0.00 0.00 0.00 0.00 0.00 0.00 0.00 0.00 1.78 9.58 15.34 20.01 23.19 23.22 20.63 15.84 10.38 3.48 0.00 0.00 0.00 0.00 0.00
0.00 0.00 0.00 0.00 0.00 0.00 0.00 0.00 0.00 0.46 2.50 3.99 5.33 6.14 6.25 5.47 4.32 2.88 1.05 0.00 0.00 0.00 0.00 0.00
0.00 0.00 0.00 0.00 0.00 0.00 0.00 0.00 0.00 1.73 5.63 8.37 10.57 11.83 12.21 10.58 8.30 5.42 1.85 0.00 0.00 0.00 0.00 0.00
0.00 0.00 0.00 0.00 0.00 0.00 0.00 0.00 0.00 2.60 9.03 13.57 17.23 19.43 19.61 17.47 13.49 8.71 2.79 0.00 0.00 0.00 0.00 0.00
0.00 0.00 0.00 0.00 0.00 0.00 0.00 0.00 0.00 0.50 1.38 2.02 2.45 2.61 2.67 2.34 1.73 1.09 0.31 0.00 0.00 0.00 0.00 0.00
0.00 0.00 0.00 0.00 0.00 0.00 0.00 0.00 0.00 2.68 7.64 11.43 13.97 15.31 15.74 14.05 10.67 6.92 2.29 0.00 0.00 0.00 0.00 0.00
0.00 0.00 0.00 0.00 0.00 0.00 0.00 0.00 0.00 1.80 5.04 7.58 9.35 10.16 10.33 9.17 6.76 4.33 1.34 0.00 0.00 0.00 0.00 0.00
0.00 0.00 0.00 0.00 0.00 0.00 0.00 0.00 0.00 2.48 6.96 10.46 12.91 14.03 14.26 12.66 9.33 5.98 1.85 0.00 0.00 0.00 0.00 0.00
0.00 0.00 0.00 0.00 0.00 0.00 0.00 0.00 0.00 1.69 4.74 7.13 8.79 9.55 9.71 8.62 6.35 4.07 1.26 0.00 0.00 0.00 0.00 0.00
0.00 0.00 0.00 0.00 0.00 0.00 0.00 0.00 0.00 1.43 4.08 6.09 7.45 8.17 8.40 7.50 5.69 3.69 1.22 0.00 0.00 0.00 0.00 0.00
0.00 0.00 0.00 0.00 0.00 0.00 0.00 0.00 0.00 1.41 3.87 5.70 7.11 7.94 7.94 6.93 5.30 3.37 1.00 0.00 0.00 0.00 0.00 0.00
0.00 0.00 0.00 0.00 0.00 0.00 0.00 0.00 0.00 1.39 4.25 6.41 8.05 8.97 9.19 8.23 6.45 4.32 1.65 0.00 0.00 0.00 0.00 0.00
0.00 0.00 0.00 0.00 0.00 0.00 0.00 0.00 0.00 12.23 39.10 60.67 78.79 91.06 96.49 87.23 68.30 45.68 21.03 0.00 0.00 0.00 0.00 0.00
0.00 0.00 0.00 0.00 0.00 0.00 0.00 0.00 0.00 1.71 6.05 9.16 11.89 13.47 13.64 12.22 9.85 6.62 2.59 0.00 0.00 0.00 0.00 0.00
0.00 0.00 0.00 0.00 0.00 0.00 0.00 0.00 0.00 2.79 9.13 13.61 17.70 19.80 19.82 17.58 13.81 9.19 3.40 0.00 0.00 0.00 0.00 0.00
0.00 0.00 0.00 0.00 0.00 0.00 0.00 0.00 0.00 1.28 4.18 6.24 8.11 9.08 9.08 8.06 6.33 4.21 1.56 0.00 0.00 0.00 0.00 0.00
0.00 0.00 0.00 0.00 0.00 0.00 0.00 0.00 0.00 2.12 7.48 11.34 14.67 16.67 16.90 15.00 12.17 8.18 3.18 0.00 0.00 0.00 0.00 0.00
0.00 0.00 0.00 0.00 0.00 0.00 0.00 0.00 0.00 0.89 3.03 4.55 5.88 6.71 6.82 6.02 4.67 3.09 1.13 0.00 0.00 0.00 0.00 0.00
0.00 0.00 0.00 0.00 0.00 0.00 0.00 0.00 0.00 8.11 34.79 54.52 70.52 81.13 85.03 76.81 63.41 44.15 19.65 0.00 0.00 0.00 0.00 0.00
0.00 0.00 0.00 0.00 0.00 0.00 0.00 0.00 0.00 1.85 11.21 18.17 23.92 26.99 27.42 24.72 19.10 12.83 4.83 0.00 0.00 0.00 0.00 0.00
0.00 0.00 0.00 0.00 0.00 0.00 0.00 0.00 0.00 0.40 2.52 4.07 5.41 6.14 6.13 5.58 4.36 2.95 1.14 0.00 0.00 0.00 0.00 0.00
0.00 0.00 0.00 0.00 0.00 0.00 0.00 0.00 0.00 0.57 3.05 4.89 6.38 7.53 7.67 6.94 5.45 3.70 1.46 0.00 0.00 0.00 0.00 0.00
0.00 0.00 0.00 0.00 0.00 0.00 0.00 0.00 0.00 0.91 4.88 7.82 10.21 12.05 12.27 11.11 8.72 5.92 2.34 0.00 0.00 0.00 0.00 0.00
0.00 0.00 0.00 0.00 0.00 0.00 0.00 0.00 0.00 14.15 116.72 194.78 260.06 298.96 315.11 291.82 237.19 166.45 79.58 0.00 0.00 0.00 0.00 0.00
